20 2048 0
20 6147 0
20 2059 0
20 6160 0
20 6162 0
20 6163 0
20 20 0
20 2069 0
20 117 0
20 6165 0
20 4300 0
20 4314 0
20 2280 0
20 287 0
20 2338 0
20 4543 0
20 12813 0
20 561 0
20 2712 0
20 2718 0
20 8867 0
20 719 0
20 729 0
20 750 1
20 6164 0
20 840 0
20 861 0
20 864 0
20 865 0
20 1259 1
20 1261 0
20 5419 0
20 5432 0
20 11831 1
20 5469 0
20 5474 1
20 1384 0
20 3446 0
20 3475 0
20 1620 0
20 1687 0
20 1714 0
20 3782 0
20 1741 0
20 5855 0
20 3849 0
20 20251 0
20 5981 0
20 1927 0
20 3986 0
20 16275 0
60 537 0
60 561 0
60 13061 0
60 60 0
60 8034 0
60 2718 0
60 8389 0
60 2722 0
60 8867 0
60 694 0
60 2280 0
60 1260 0
60 1779 0
60 15932 0
60 2338 0
60 4916 0
60 5432 0
60 843 1
60 2384 0
60 16444 0
60 861 0
60 1927 0
60 7064 0
60 18332 0
60 6067 0
60 13284 1
65 1197 0
65 4624 0
65 6165 0
65 13061 0
65 6067 0
65 16308 0
65 1620 0
65 15893 0
65 1653 0
65 2703 0
65 2712 0
65 2722 0
65 694 0
65 1741 0
65 7384 0
65 2338 0
65 843 1
65 2384 0
65 8065 0
65 1259 1
65 1927 0
65 3986 0
65 7064 0
65 5787 0
65 13284 1
117 6153 0
117 2069 0
117 537 0
117 13061 0
117 5664 1
117 561 0
117 1653 0
117 705 0
117 1160 0
117 5774 0
117 2709 0
117 1687 0
117 1479 0
117 8881 0
117 700 0
117 117 0
117 1741 0
117 3283 0
117 5852 0
117 5855 0
117 1259 1
117 5432 0
117 1350 0
117 8467 0
117 861 0
117 3934 0
117 4956 0
117 3986 0
117 8065 0
117 5469 0
117 7077 0
117 7084 0
117 16308 0
117 6078 0
117 2500 0
117 2501 0
117 16354 0
117 4551 0
117 3561 0
141 5658 1
141 5659 0
141 5664 1
141 5180 0
141 8300 0
141 1653 0
141 141 0
141 7836 0
141 1197 0
141 11294 0
141 7877 0
141 3354 0
141 3355 0
141 2338 0
141 301 0
141 7821 0
141 7077 0
141 11235 0
141 3561 0
168 4100 0
168 6162 0
168 6163 0
168 6165 0
168 168 0
168 169 0
168 4295 1
168 4300 0
168 2280 0
168 287 0
168 301 0
168 2382 0
168 4463 0
168 4534 0
168 4543 0
168 2582 0
168 561 0
168 562 1
168 4664 0
168 2709 0
168 2712 0
168 669 0
168 2718 0
168 2722 0
168 1479 0
168 700 0
168 861 0
168 2938 0
168 7064 0
168 7077 0
168 7084 0
168 2989 0
168 842 0
168 6035 0
168 1160 0
168 5278 0
168 1197 0
168 1221 0
168 1223 0
168 1249 0
168 1259 1
168 3353 0
168 3354 0
168 3355 0
168 3358 1
168 5469 0
168 1384 0
168 3446 0
168 1620 0
168 7821 0
168 5774 0
168 1687 0
168 1741 0
168 1779 0
168 14072 0
168 18181 0
168 5981 0
168 3934 0
168 16275 0
168 16354 0
169 6165 0
169 2582 0
169 561 0
169 562 1
169 4664 0
169 1620 0
169 1687 0
169 2718 0
169 2722 0
169 169 0
169 700 0
169 1741 0
169 1259 1
169 18181 0
169 287 0
169 301 0
169 2382 0
169 3446 0
169 3469 0
169 2989 0
169 6080 0
287 287 0
287 8662 1
287 8881 0
287 700 0
287 705 0
287 719 0
287 864 0
287 1180 0
287 1217 0
287 1218 0
287 1221 0
287 1256 0
287 1259 1
287 1260 0
287 1620 0
287 1897 0
287 1930 0
287 8518 0
287 2059 0
287 2338 0
287 2382 0
287 2712 0
287 2718 0
287 2989 0
287 11236 0
287 3148 0
287 3211 1
287 11469 0
287 3354 0
287 3446 0
287 3849 0
287 3934 0
287 4100 0
287 4609 0
287 4916 0
287 13284 1
287 5747 1
287 5755 0
287 5857 0
287 14072 0
287 5953 0
287 6078 0
287 6111 0
287 2384 0
287 6160 0
287 6163 0
287 6165 0
287 6739 0
287 15893 0
287 7836 0
287 8034 0
301 16444 0
301 6164 0
301 2069 0
301 5664 1
301 5469 0
301 561 0
301 4664 0
301 7077 0
301 1620 0
301 16354 0
301 1160 0
301 2703 0
301 1687 0
301 7836 0
301 669 0
301 2722 0
301 8867 0
301 1197 0
301 700 0
301 20158 0
301 705 0
301 1741 0
301 719 0
301 5855 0
301 1259 1
301 1779 0
301 537 0
301 18181 0
301 3354 0
301 3355 0
301 301 0
301 5278 0
301 4916 0
301 1350 0
301 2382 0
301 2384 0
301 5432 0
301 865 0
301 3446 0
301 1927 0
301 4463 0
301 5981 0
301 7084 0
301 2718 0
301 4534 0
301 6078 0
301 2500 0
301 6153 0
301 6111 0
301 4551 0
301 495 0
316 6739 0
316 5753 0
316 7821 0
316 2703 0
316 705 0
316 719 0
316 14587 1
316 3353 0
316 316 0
316 13284 1
316 5981 0
316 3446 0
316 1927 0
316 4524 0
316 4534 0
316 6080 0
316 11236 0
495 6147 0
495 4524 0
495 5469 0
495 8034 0
495 6739 0
495 6741 0
495 1653 0
495 1687 0
495 2712 0
495 1180 0
495 669 0
495 1741 0
495 1259 1
495 8467 0
495 561 0
495 5432 0
495 840 0
495 843 1
495 2382 0
495 861 0
495 864 0
495 865 0
495 7077 0
495 7084 0
495 2500 0
495 2501 0
495 495 0
537 2048 0
537 6153 0
537 2132 1
537 8467 0
537 537 0
537 4664 0
537 6739 0
537 2703 0
537 2709 0
537 2712 0
537 669 0
537 4803 0
537 4916 0
537 13284 1
537 1160 0
537 1197 0
537 1260 0
537 5422 0
537 3561 0
537 1653 0
537 1687 0
537 16074 0
537 5852 0
537 5855 0
537 5981 0
556 7064 0
556 669 0
556 13061 0
556 16308 0
556 861 0
556 13284 1
556 16107 0
556 694 0
556 5747 1
556 15893 0
561 6153 0
561 2069 0
561 2132 1
561 6165 0
561 4300 0
561 16444 0
561 4463 0
561 2500 0
561 2501 0
561 4551 0
561 561 0
561 2712 0
561 2718 0
561 700 0
561 4956 0
561 864 0
561 8029 0
561 3046 0
561 861 0
561 865 0
561 1160 0
561 3217 0
561 5278 0
561 1217 0
561 1221 0
561 1249 0
561 1259 1
561 3353 0
561 3354 0
561 3355 0
561 5432 0
561 1479 0
561 1687 0
561 1741 0
561 5852 0
561 5855 0
561 1779 0
561 5953 0
561 5981 0
561 1927 0
561 6080 0
562 3968 1
562 4100 1
562 2703 1
562 2704 1
562 7064 1
562 6162 1
562 6163 1
562 6164 1
562 2709 1
562 2712 1
562 2718 1
562 2722 1
562 8867 1
562 4524 1
562 562 2
562 4534 1
562 4805 1
562 4551 1
562 4700 1
562 5981 1
562 6111 1
562 6160 1
562 2280 1
562 2668 1
562 5230 1
562 16275 1
562 14072 1
562 6165 1
638 6147 0
638 843 1
638 1256 0
638 1259 1
638 638 0
669 6162 0
669 6165 0
669 8467 0
669 4664 0
669 6739 0
669 6741 0
669 2709 0
669 669 0
669 2718 0
669 8867 0
669 4803 0
669 729 0
669 750 1
669 4916 0
669 7064 0
669 13284 1
669 3148 0
669 1221 0
669 1223 0
669 5432 0
669 1384 0
669 3561 0
669 15893 0
669 5659 0
669 1620 0
669 1653 0
669 3763 0
669 1741 0
669 1863 0
669 5981 0
669 1927 0
669 6078 0
694 13061 0
694 10849 1
694 1653 0
694 6778 0
694 1714 0
694 2384 0
694 5466 0
694 4463 0
694 1927 0
694 7064 0
694 20251 0
694 16308 0
694 13284 1
694 1020 0
700 4609 0
700 2059 0
700 6162 0
700 3174 0
700 6163 0
700 1653 0
700 1180 0
700 1197 0
700 700 0
700 705 0
700 1259 1
700 4916 0
700 5432 0
700 840 0
700 842 0
700 843 1
700 2384 0
700 861 0
700 8034 0
700 3446 0
700 3475 0
705 4609 0
705 2059 0
705 5981 0
705 4664 0
705 6739 0
705 3174 0
705 2709 0
705 1180 0
705 1197 0
705 20158 0
705 705 0
705 5855 0
705 1259 1
705 5422 0
705 5432 0
705 843 1
705 5469 0
705 2938 0
705 6080 0
705 4551 0
719 4524 0
719 2059 0
719 6156 0
719 5469 0
719 1620 0
719 14949 0
719 4715 0
719 2668 0
719 5753 0
719 2709 0
719 2718 0
719 1221 0
719 1223 0
719 1741 0
719 719 0
719 1259 1
719 8064 0
719 8467 0
719 3353 0
719 5419 0
719 4664 0
719 4956 0
719 4463 0
719 2938 0
719 1927 0
719 1930 0
719 3986 0
719 2989 0
719 4551 0
719 13284 1
719 6630 0
719 3561 0
726 8065 0
726 4371 0
726 1687 0
726 3353 0
726 3354 0
726 5662 0
726 5664 1
726 7836 0
726 2500 0
726 2501 0
726 3934 0
726 11236 0
726 1259 1
726 1779 0
726 3446 0
729 6147 0
729 6153 0
729 2059 0
729 6156 0
729 6160 0
729 6165 0
729 5469 0
729 4664 0
729 1620 0
729 3174 0
729 2668 0
729 6162 0
729 4719 0
729 2704 0
729 2709 0
729 2712 0
729 8867 0
729 1197 0
729 4295 1
729 4300 0
729 18181 0
729 729 0
729 5755 0
729 2280 0
729 1259 1
729 6163 0
729 3354 0
729 3358 1
729 2338 0
729 5419 0
729 842 0
729 5466 0
729 915 0
729 3934 0
729 3986 0
729 16107 0
729 7064 0
729 6164 0
729 5981 0
729 20251 0
729 3475 0
729 2989 0
729 4534 0
729 14072 0
750 1197 1
750 2382 1
750 861 1
750 864 1
750 865 1
750 8034 1
840 6147 0
840 2059 0
840 4664 0
840 8309 0
840 1160 0
840 4300 0
840 1259 1
840 8445 0
840 3353 0
840 3354 0
840 20251 0
840 2338 0
840 840 0
840 843 1
840 3934 0
840 3986 0
840 13249 0
842 16452 0
842 4100 0
842 5981 0
842 3653 1
842 5753 0
842 5755 0
842 7821 0
842 1653 0
842 4803 0
842 4805 0
842 4300 0
842 5855 0
842 2338 0
842 842 0
842 843 1
842 5469 0
842 3934 0
842 1927 0
842 7064 0
842 4534 0
842 13284 1
843 4609 1
843 6153 1
843 2059 1
843 6156 1
843 12813 1
843 17851 1
843 5981 1
843 4664 1
843 1620 1
843 4707 1
843 3174 1
843 4715 1
843 4720 1
843 8309 1
843 6778 1
843 1216 1
843 1217 1
843 1160 1
843 7821 1
843 2703 1
843 2704 1
843 2709 1
843 1687 1
843 2712 1
843 2500 1
843 5787 1
843 1180 1
843 2718 1
843 8389 1
843 3763 1
843 16158 1
843 1218 1
843 1221 1
843 1223 1
843 11469 1
843 3283 1
843 7384 1
843 4314 1
843 5857 1
843 1256 1
843 1259 2
843 1260 1
843 1261 1
843 8445 1
843 3849 1
843 3354 1
843 4893 1
843 3358 2
843 4916 1
843 8518 1
843 1863 1
843 843 2
843 2382 1
843 1882 1
843 5469 1
843 5180 1
843 4463 1
843 3475 1
843 3446 1
843 2938 1
843 16107 1
843 1930 1
843 20631 1
843 7064 1
843 915 1
843 2989 1
843 6067 1
843 5278 1
843 6583 1
843 8636 1
843 4543 1
843 6080 1
843 13249 1
843 2501 1
843 14072 1
843 13284 2
843 3046 1
861 2048 0
861 4100 0
861 6153 0
861 6162 0
861 6163 0
861 2069 0
861 2132 1
861 6164 0
861 6165 0
861 4371 0
861 2384 0
861 4463 0
861 4551 0
861 14072 0
861 4609 0
861 6741 0
861 2709 0
861 2712 0
861 2718 0
861 2722 0
861 8867 0
861 8881 0
861 4956 0
861 861 0
861 865 0
861 13284 1
861 3046 0
861 1020 0
861 15893 0
861 1160 0
861 5278 0
861 1221 0
861 3283 0
861 1259 1
861 3353 0
861 3354 0
861 5432 0
861 5466 0
861 5469 0
861 1384 0
861 3446 0
861 7064 0
861 1479 0
861 7084 0
861 1653 0
861 1687 0
861 3782 0
861 1741 0
861 5855 0
861 1779 0
861 5953 0
861 8029 0
861 8034 0
861 1927 0
861 3986 0
861 3999 0
861 6067 0
861 6078 0
864 4609 0
864 4100 0
864 2059 0
864 11831 1
864 1620 0
864 7836 0
864 2718 0
864 2722 0
864 1216 0
864 1217 0
864 1218 0
864 1221 0
864 1741 0
864 3283 0
864 1259 1
864 5855 0
864 4956 0
864 5469 0
864 864 0
864 4463 0
864 3469 0
864 3986 0
864 16275 0
864 6080 0
865 4609 0
865 4100 0
865 4624 0
865 5469 0
865 1653 0
865 5753 0
865 2718 0
865 1221 0
865 1741 0
865 3283 0
865 1259 1
865 4371 0
865 5855 0
865 865 0
865 4463 0
865 3986 0
865 1779 0
865 16354 0
915 6147 0
915 4624 0
915 2703 0
915 2704 0
915 2709 0
915 2712 0
915 2718 0
915 2722 0
915 5659 0
915 1221 0
915 3283 0
915 4314 0
915 8064 0
915 6080 0
915 7496 0
915 5981 0
915 6583 0
915 915 0
915 16107 0
915 1930 0
915 5787 0
915 4524 0
915 4534 0
915 14072 0
915 13284 1
915 1020 0
1020 1927 0
1020 7064 0
1020 3986 0
1020 2712 0
1020 3353 0
1020 2338 0
1020 8881 0
1020 8445 0
1020 16308 0
1020 6739 0
1020 1620 0
1020 13284 1
1020 5855 0
1020 1259 1
1020 15893 0
1160 6164 0
1160 2069 0
1160 5469 0
1160 4371 0
1160 4534 0
1160 2500 0
1160 2501 0
1160 4551 0
1160 7077 0
1160 7084 0
1160 13249 0
1160 1160 0
1160 13484 0
1160 1221 0
1160 1223 0
1160 1249 0
1160 1259 1
1160 3353 0
1160 3354 0
1160 3355 0
1160 1384 0
1160 3446 0
1160 5659 0
1160 1653 0
1160 1687 0
1160 1741 0
1160 5855 0
1160 5432 0
1160 1882 0
1160 3999 0
1160 1350 0
1180 4624 0
1180 1180 0
1180 1197 0
1180 5855 0
1180 1259 1
1180 3355 0
1180 2500 0
1197 2059 0
1197 6162 0
1197 2582 0
1197 5466 0
1197 13061 0
1197 1620 0
1197 3174 0
1197 1653 0
1197 5753 0
1197 14949 0
1197 1687 0
1197 4551 0
1197 1197 0
1197 8881 0
1197 1714 0
1197 1221 0
1197 1223 0
1197 1741 0
1197 5855 0
1197 4371 0
1197 3354 0
1197 3358 1
1197 2338 0
1197 5432 0
1197 1882 0
1197 8029 0
1197 1927 0
1197 7064 0
1197 7084 0
1197 2989 0
1197 16308 0
1197 2500 0
1197 7077 0
1197 2132 1
1216 6147 0
1216 6162 0
1216 6164 0
1216 6165 0
1216 1620 0
1216 1653 0
1216 5753 0
1216 2069 0
1216 1218 0
1216 2718 0
1216 8867 0
1216 8881 0
1216 1217 0
1216 5855 0
1216 1259 1
1216 20251 0
1216 5432 0
1216 4956 0
1216 3446 0
1216 3986 0
1216 4524 0
1216 6078 0
1216 6630 0
1217 6147 0
1217 1545 0
1217 6165 0
1217 4707 0
1217 1218 0
1217 8867 0
1217 5855 0
1217 1259 1
1217 4371 0
1217 3353 0
1217 3354 0
1217 3355 0
1217 3446 0
1217 6630 0
1218 6147 0
1218 1545 0
1218 6164 0
1218 6583 0
1218 1653 0
1218 8867 0
1218 1218 0
1218 5855 0
1218 1259 1
1218 1260 0
1218 8034 0
1218 4463 0
1218 3446 0
1218 3986 0
1218 6630 0
1218 6631 0
1221 6147 0
1221 4100 0
1221 6153 0
1221 6160 0
1221 2069 0
1221 8881 0
1221 3446 0
1221 4300 0
1221 2280 0
1221 4371 0
1221 8518 0
1221 6520 0
1221 2500 0
1221 2501 0
1221 4664 0
1221 2718 0
1221 2722 0
1221 13024 0
1221 4916 0
1221 7077 0
1221 2989 0
1221 4624 0
1221 1221 0
1221 1223 0
1221 1256 0
1221 1259 1
1221 5432 0
1221 5466 0
1221 5469 0
1221 3469 0
1221 3999 0
1221 1545 0
1221 5664 1
1221 1620 0
1221 8467 0
1221 1653 0
1221 16354 0
1221 1741 0
1221 5852 0
1221 5855 0
1221 5981 0
1221 8065 0
1221 3986 0
1221 1350 0
1221 16308 0
1221 6078 0
1223 6147 0
1223 4100 0
1223 8064 0
1223 5422 0
1223 5664 1
1223 4664 0
1223 4624 0
1223 16354 0
1223 2718 0
1223 2722 0
1223 1741 0
1223 5753 0
1223 5852 0
1223 5855 0
1223 1259 1
1223 4916 0
1223 5432 0
1223 5981 0
1223 4956 0
1223 3986 0
1223 6520 0
1223 2989 0
1223 2500 0
1223 2501 0
1223 11236 0
1249 4100 0
1249 5664 1
1249 1620 0
1249 1653 0
1249 2703 0
1249 1687 0
1249 7836 0
1249 5855 0
1249 1249 0
1249 1256 0
1249 1259 1
1249 5422 0
1249 5432 0
1249 5953 0
1249 8065 0
1249 1897 0
1249 3446 0
1249 3986 0
1249 7077 0
1249 7084 0
1249 2500 0
1249 2501 0
1249 1479 0
1249 2523 0
1256 4609 0
1256 2069 0
1256 16308 0
1256 5180 0
1256 16452 0
1256 1620 0
1256 4707 0
1256 15893 0
1256 2709 0
1256 20631 0
1256 5787 0
1256 8881 0
1256 3763 0
1256 4314 0
1256 1256 0
1256 1259 1
1256 1260 0
1256 13061 0
1256 4893 0
1256 5419 0
1256 5466 0
1256 6630 0
1256 2938 0
1256 3986 0
1256 6067 0
1256 13284 1
1256 3046 0
1259 2048 1
1259 6147 1
1259 2059 1
1259 6165 1
1259 16452 1
1259 20631 1
1259 10412 1
1259 8389 1
1259 4300 1
1259 4314 1
1259 8467 1
1259 2382 1
1259 6520 1
1259 4524 1
1259 4534 1
1259 6583 1
1259 8636 1
1259 4543 1
1259 2500 1
1259 6630 1
1259 6631 1
1259 4609 1
1259 12813 1
1259 2582 1
1259 4664 1
1259 6741 1
1259 4707 1
1259 4715 1
1259 4719 1
1259 4720 1
1259 6778 1
1259 2704 1
1259 2712 1
1259 2722 1
1259 8881 1
1259 8309 1
1259 4803 1
1259 13024 1
1259 13061 1
1259 4893 1
1259 2938 1
1259 7064 1
1259 7084 1
1259 11236 1
1259 3046 1
1259 3934 1
1259 5180 1
1259 8034 1
1259 3217 1
1259 13484 1
1259 11469 1
1259 3283 1
1259 7384 1
1259 1260 1
1259 1261 1
1259 3353 1
1259 3354 1
1259 3355 1
1259 3358 2
1259 5419 1
1259 5422 1
1259 5432 1
1259 1337 1
1259 1350 1
1259 7496 1
1259 5469 1
1259 1384 1
1259 3467 1
1259 3475 1
1259 3561 1
1259 6739 1
1259 1545 1
1259 15893 1
1259 5659 1
1259 5662 1
1259 5664 2
1259 1620 1
1259 7774 1
1259 4371 1
1259 1653 1
1259 5753 1
1259 5755 1
1259 7821 1
1259 1687 1
1259 5787 1
1259 7836 1
1259 17851 1
1259 3763 1
1259 7877 1
1259 3782 1
1259 16074 1
1259 1741 1
1259 5852 1
1259 5857 1
1259 16107 1
1259 1779 1
1259 18181 1
1259 20251 1
1259 16158 1
1259 1863 1
1259 1882 1
1259 8029 1
1259 8061 1
1259 8064 1
1259 1930 1
1259 3986 1
1259 3999 1
1259 6067 1
1259 16308 1
1259 6078 1
1259 6080 1
1259 6111 1
1259 16354 1
1259 2523 1
1260 16107 0
1260 4609 0
1260 6147 0
1260 13061 0
1260 2059 0
1260 6156 0
1260 3986 0
1260 6163 0
1260 4893 0
1260 5422 0
1260 1863 0
1260 2382 0
1260 6739 0
1260 1620 0
1260 5469 0
1260 3046 0
1260 4534 0
1260 1260 0
1260 4720 0
1260 8467 0
1260 8061 0
1261 4609 0
1261 16107 0
1261 2059 0
1261 2338 0
1261 1261 0
1261 8061 0
1337 16085 1
1350 6147 0
1350 5664 1
1350 6739 0
1350 5747 1
1350 5852 0
1350 5755 0
1350 4371 0
1350 3355 0
1350 5855 0
1350 1350 0
1350 5466 0
1350 5981 0
1350 2501 0
1350 3446 0
1350 7077 0
1350 2500 0
1350 1479 0
1350 6630 0
1384 2048 0
1384 6147 0
1384 6163 0
1384 8881 0
1384 16444 0
1384 8389 0
1384 2280 0
1384 8467 0
1384 2338 0
1384 2382 0
1384 4534 0
1384 2500 0
1384 2501 0
1384 4624 0
1384 13061 0
1384 6739 0
1384 6741 0
1384 2709 0
1384 2712 0
1384 2718 0
1384 2722 0
1384 4916 0
1384 4956 0
1384 2938 0
1384 7077 0
1384 11236 0
1384 3217 0
1384 4295 1
1384 3354 0
1384 5432 0
1384 1384 0
1384 3446 0
1384 3561 0
1384 1687 0
1384 3782 0
1384 1741 0
1384 5855 0
1384 1779 0
1384 3986 0
1384 18332 0
1384 16308 0
1384 6078 0
1479 6165 0
1479 16444 0
1479 2709 0
1479 8867 0
1479 5855 0
1479 1779 0
1479 8662 1
1479 20251 0
1479 5432 0
1479 2382 0
1479 3986 0
1479 7077 0
1479 2500 0
1479 2501 0
1479 1479 0
1479 11233 1
1479 16354 0
1545 1545 0
1545 4624 0
1545 6147 0
1545 3353 0
1545 3354 0
1545 3355 0
1545 3358 1
1545 16354 0
1545 6630 0
1620 6147 0
1620 4100 0
1620 6156 0
1620 6160 0
1620 6162 0
1620 2069 0
1620 6153 0
1620 6165 0
1620 4300 0
1620 2280 0
1620 4371 0
1620 2338 0
1620 4524 0
1620 4534 0
1620 4543 0
1620 4715 0
1620 2703 0
1620 2704 0
1620 2709 0
1620 2712 0
1620 2718 0
1620 2722 0
1620 8867 0
1620 14072 0
1620 4956 0
1620 2989 0
1620 3046 0
1620 8029 0
1620 3174 0
1620 5419 0
1620 5432 0
1620 5469 0
1620 6583 0
1620 3475 0
1620 4551 0
1620 1620 0
1620 4719 0
1620 1714 0
1620 1741 0
1620 5855 0
1620 18181 0
1620 20251 0
1620 5953 0
1620 1863 0
1620 7821 0
1620 13284 1
1620 5981 0
1620 8064 0
1620 1930 0
1620 3986 0
1620 18332 0
1620 5787 0
1620 6080 0
1653 16444 0
1653 8518 0
1653 8636 0
1653 8881 0
1653 1653 0
1653 1714 0
1653 1779 0
1653 18181 0
1653 1897 0
1653 2338 0
1653 2382 0
1653 2501 0
1653 2704 0
1653 2722 0
1653 20937 1
1653 3148 0
1653 3211 1
1653 3353 0
1653 3561 0
1653 20251 0
1653 3968 0
1653 3986 0
1653 20631 0
1653 4534 0
1653 4664 0
1653 4805 0
1653 13061 0
1653 4916 0
1653 4956 0
1653 5180 0
1653 5230 0
1653 5278 0
1653 13484 0
1653 5658 1
1653 5664 1
1653 5753 0
1653 5787 0
1653 5855 0
1653 6078 0
1653 6080 0
1653 6147 0
1653 6156 0
1653 6160 0
1653 6163 0
1653 6164 0
1653 16085 1
1653 6520 0
1653 6739 0
1653 6741 0
1653 14949 0
1653 7836 0
1653 7877 0
1653 8034 0
1653 8061 0
1653 8064 0
1653 16275 0
1653 16308 0
1653 16354 0
1687 2048 0
1687 2069 0
1687 4300 0
1687 4371 0
1687 2338 0
1687 4534 0
1687 2500 0
1687 2582 0
1687 2709 0
1687 13024 0
1687 7084 0
1687 13249 0
1687 5981 0
1687 3174 0
1687 5278 0
1687 8064 0
1687 3353 0
1687 3354 0
1687 3355 0
1687 3358 1
1687 5432 0
1687 5469 0
1687 3446 0
1687 3999 0
1687 7077 0
1687 5659 0
1687 5664 1
1687 5753 0
1687 1687 0
1687 1741 0
1687 5855 0
1687 5857 0
1687 3934 0
1687 8061 0
1687 6078 0
1687 16354 0
1714 6147 0
1714 2059 0
1714 15893 0
1714 5747 1
1714 2704 0
1714 2709 0
1714 2712 0
1714 1714 0
1714 14072 0
1714 2338 0
1714 13284 1
1714 5981 0
1714 3446 0
1714 1927 0
1714 3986 0
1714 7064 0
1741 2048 0
1741 6147 0
1741 4100 0
1741 6153 0
1741 2069 0
1741 8881 0
1741 16444 0
1741 6164 0
1741 4295 1
1741 4300 0
1741 2280 0
1741 2338 0
1741 8518 0
1741 2384 0
1741 4463 0
1741 6520 0
1741 4524 0
1741 2500 0
1741 2501 0
1741 4551 0
1741 4664 0
1741 6739 0
1741 2712 0
1741 2718 0
1741 2722 0
1741 8867 0
1741 2989 0
1741 3046 0
1741 8029 0
1741 3174 0
1741 3217 0
1741 5278 0
1741 3353 0
1741 3354 0
1741 3355 0
1741 5419 0
1741 5432 0
1741 5466 0
1741 5469 0
1741 3446 0
1741 3467 0
1741 6741 0
1741 11236 0
1741 7077 0
1741 7836 0
1741 20158 0
1741 3782 0
1741 1741 0
1741 5852 0
1741 5855 0
1741 1779 0
1741 5953 0
1741 8034 0
1741 8065 0
1741 1927 0
1741 7496 0
1741 2382 0
1741 6111 0
1741 16354 0
1779 2048 0
1779 6147 0
1779 7077 0
1779 2703 0
1779 2704 0
1779 1779 0
1779 16444 0
1779 4371 0
1779 5855 0
1779 8034 0
1779 5180 0
1779 7084 0
1779 2500 0
1779 2501 0
1779 2523 0
1779 16354 0
1779 13284 1
1779 6741 0
1863 6160 0
1863 2718 0
1863 2989 0
1863 1863 0
1863 4300 0
1863 13284 1
1863 3046 0
1863 8467 0
1882 2718 0
1882 2338 0
1882 5419 0
1882 4300 0
1882 1882 0
1882 5469 0
1882 5755 0
1897 3358 1
1897 6078 0
1897 5753 0
1897 1897 0
1897 5747 1
1927 4100 0
1927 2059 0
1927 6163 0
1927 6165 0
1927 4300 0
1927 2338 0
1927 2384 0
1927 4463 0
1927 4524 0
1927 4534 0
1927 4609 0
1927 6739 0
1927 2718 0
1927 2722 0
1927 4803 0
1927 13061 0
1927 4956 0
1927 7064 0
1927 13284 1
1927 3046 0
1927 11294 0
1927 3283 0
1927 3354 0
1927 5466 0
1927 5469 0
1927 15893 0
1927 5747 1
1927 5787 0
1927 5855 0
1927 11236 0
1927 8065 0
1927 1930 0
1927 3986 0
1927 16308 0
1927 6078 0
1930 2059 0
1930 13061 0
1930 4314 0
1930 5981 0
1930 16308 0
1930 13284 1
2048 2048 0
2048 6165 0
2048 16444 0
2048 16308 0
2048 2338 0
2048 2382 0
2048 6739 0
2048 6741 0
2048 2709 0
2048 2712 0
2048 2718 0
2048 8867 0
2048 8881 0
2048 4956 0
2048 3283 0
2048 5664 1
2048 3782 0
2048 14072 0
2048 5981 0
2048 3986 0
2048 6067 0
2048 2722 0
2059 2059 0
2059 6156 0
2059 5469 0
2059 4300 0
2059 4314 0
2059 4524 0
2059 4715 0
2059 2668 0
2059 2718 0
2059 13061 0
2059 2989 0
2059 3046 0
2059 5419 0
2059 5432 0
2059 3469 0
2059 15893 0
2059 7821 0
2059 3849 0
2059 20251 0
2059 8064 0
2069 6153 0
2069 4624 0
2069 2069 0
2069 5664 1
2069 4956 0
2069 13061 0
2069 16308 0
2069 8881 0
2069 6165 0
2069 3217 0
2069 2709 0
2069 8389 0
2069 3283 0
2069 5855 0
2069 16354 0
2069 8467 0
2069 3354 0
2069 3358 1
2069 2338 0
2069 3934 0
2069 3446 0
2069 8064 0
2069 8065 0
2069 3986 0
2069 7084 0
2069 11236 0
2069 3046 0
2069 3561 0
2132 8065 1
2132 4624 1
2132 7836 1
2132 11294 1
2132 7077 1
2132 4524 1
2132 5432 1
2132 8299 1
2132 8300 1
2132 3446 1
2280 16452 0
2280 6163 0
2280 6165 0
2280 3174 0
2280 7821 0
2280 3217 0
2280 2709 0
2280 7836 0
2280 3782 0
2280 7384 0
2280 5855 0
2280 2280 0
2280 16275 0
2280 5981 0
2280 6035 0
2280 3446 0
2280 8065 0
2280 3986 0
2280 2989 0
2280 6067 0
2280 8867 0
2280 14587 1
2338 4100 0
2338 6160 0
2338 6162 0
2338 6163 0
2338 4295 1
2338 4300 0
2338 2338 0
2338 2384 0
2338 4463 0
2338 3475 0
2338 16107 0
2338 6739 0
2338 4707 0
2338 2668 0
2338 6778 0
2338 2704 0
2338 2709 0
2338 2712 0
2338 2718 0
2338 2722 0
2338 8867 0
2338 8881 0
2338 14072 0
2338 6164 0
2338 6165 0
2338 2989 0
2338 13284 1
2338 5981 0
2338 3174 0
2338 11469 0
2338 3283 0
2338 3354 0
2338 5419 0
2338 5432 0
2338 5466 0
2338 5469 0
2338 7064 0
2338 3653 1
2338 20251 0
2338 7821 0
2338 5787 0
2338 5857 0
2338 3986 0
2338 3999 0
2382 6147 0
2382 2382 0
2382 4463 0
2382 4524 0
2382 4534 0
2382 4551 0
2382 6630 0
2382 6631 0
2382 4609 0
2382 4664 0
2382 2718 0
2382 8881 0
2382 2938 0
2382 5230 0
2382 3446 0
2382 7836 0
2382 3354 0
2382 5852 0
2382 5855 0
2382 5953 0
2382 3934 0
2382 8064 0
2382 6078 0
2384 4295 1
2384 5855 0
2384 5469 0
2384 3446 0
2384 7064 0
2384 6067 0
2384 16308 0
2384 13284 1
2500 8662 1
2500 16444 0
2500 4295 1
2500 4371 0
2500 13024 0
2500 4463 0
2500 4524 0
2500 2501 0
2500 2523 0
2500 18181 0
2500 2703 0
2500 2709 0
2500 2712 0
2500 2718 0
2500 2722 0
2500 4805 0
2500 4916 0
2500 7077 0
2500 3353 0
2500 3354 0
2500 3355 0
2500 3358 1
2500 5422 0
2500 2500 0
2500 3446 0
2500 3467 0
2500 5658 1
2500 5852 0
2500 5855 0
2500 5432 0
2500 5981 0
2500 3934 0
2500 8065 0
2500 3999 0
2500 6078 0
2500 6111 0
2501 4371 0
2501 16444 0
2501 4624 0
2501 2709 0
2501 2712 0
2501 2718 0
2501 2501 0
2501 2722 0
2501 13061 0
2501 4916 0
2501 7077 0
2501 2989 0
2501 3353 0
2501 3358 1
2501 5422 0
2501 5432 0
2501 3467 0
2501 3561 0
2501 5658 1
2501 8467 0
2501 5852 0
2501 5855 0
2501 18181 0
2501 3986 0
2501 6035 0
2501 16308 0
2501 6078 0
2501 6111 0
2501 16354 0
2523 16354 0
2523 7836 0
2523 5664 1
2523 5432 0
2523 16444 0
2523 2523 0
2582 6147 0
2582 6165 0
2582 2582 0
2582 2722 0
2582 5852 0
2582 5855 0
2582 4371 0
2582 3354 0
2582 3358 1
2582 8064 0
2582 7084 0
2582 6078 0
2582 6631 0
2668 3174 0
2668 2668 0
2668 4295 1
2668 4300 0
2668 5855 0
2668 16107 0
2668 20251 0
2668 5419 0
2668 5469 0
2668 3561 0
2703 6160 0
2703 6162 0
2703 6163 0
2703 6165 0
2703 16444 0
2703 4534 0
2703 4624 0
2703 4664 0
2703 6739 0
2703 6741 0
2703 2703 0
2703 2709 0
2703 2712 0
2703 2718 0
2703 2722 0
2703 8867 0
2703 8881 0
2703 4805 0
2703 4916 0
2703 11236 0
2703 3174 0
2703 15893 0
2703 7774 0
2703 5855 0
2703 5953 0
2703 8034 0
2703 8065 0
2703 3986 0
2703 18332 0
2703 6078 0
2704 6160 0
2704 6163 0
2704 6165 0
2704 6739 0
2704 6741 0
2704 2718 0
2704 2722 0
2704 8867 0
2704 8881 0
2704 5855 0
2704 4916 0
2704 18332 0
2704 11236 0
2709 6160 0
2709 6165 0
2709 8389 0
2709 8467 0
2709 4624 0
2709 4664 0
2709 6739 0
2709 6741 0
2709 2709 0
2709 2712 0
2709 2718 0
2709 2722 0
2709 8881 0
2709 13061 0
2709 4916 0
2709 4956 0
2709 7064 0
2709 11236 0
2709 3174 0
2709 3217 0
2709 5432 0
2709 5466 0
2709 3561 0
2709 16308 0
2709 16354 0
2709 5855 0
2709 5953 0
2709 5981 0
2709 8064 0
2709 8065 0
2709 3986 0
2709 18332 0
2709 6067 0
2709 6078 0
2712 6162 0
2712 6163 0
2712 6165 0
2712 16452 0
2712 6164 0
2712 4463 0
2712 4624 0
2712 4664 0
2712 6739 0
2712 6741 0
2712 2712 0
2712 2718 0
2712 2722 0
2712 8867 0
2712 8881 0
2712 4916 0
2712 4956 0
2712 11236 0
2712 3217 0
2712 3354 0
2712 5432 0
2712 3446 0
2712 3467 0
2712 7077 0
2712 5852 0
2712 5855 0
2712 14072 0
2712 5953 0
2712 5981 0
2712 8034 0
2712 8064 0
2712 3986 0
2712 18332 0
2712 6067 0
2712 6078 0
2718 6147 0
2718 4100 0
2718 6156 0
2718 6160 0
2718 6162 0
2718 6165 0
2718 10412 0
2718 8467 0
2718 4524 0
2718 4534 0
2718 4543 0
2718 4624 0
2718 4664 0
2718 6739 0
2718 6741 0
2718 2718 0
2718 2722 0
2718 8881 0
2718 2938 0
2718 5230 0
2718 3217 0
2718 5278 0
2718 8389 0
2718 5432 0
2718 5469 0
2718 3446 0
2718 3475 0
2718 5753 0
2718 5755 0
2718 5787 0
2718 5855 0
2718 14072 0
2718 5953 0
2718 8064 0
2718 8065 0
2718 3986 0
2718 18332 0
2718 6078 0
2718 16354 0
2722 6147 0
2722 6160 0
2722 6162 0
2722 6165 0
2722 8467 0
2722 4524 0
2722 4624 0
2722 13061 0
2722 4664 0
2722 6739 0
2722 6741 0
2722 2722 0
2722 7064 0
2722 3217 0
2722 5432 0
2722 5469 0
2722 3446 0
2722 3475 0
2722 3561 0
2722 15893 0
2722 16308 0
2722 5855 0
2722 14072 0
2722 5953 0
2722 5981 0
2722 8064 0
2722 8065 0
2722 3986 0
2722 18332 0
2722 16354 0
2938 6147 0
2938 4100 0
2938 8881 0
2938 6739 0
2938 6741 0
2938 3782 0
2938 3283 0
2938 8467 0
2938 5422 0
2938 3934 0
2938 2938 0
2938 18332 0
2938 3561 0
2989 6160 0
2989 6162 0
2989 6163 0
2989 6164 0
2989 6165 0
2989 4715 0
2989 4295 1
2989 4300 0
2989 3354 0
2989 5981 0
2989 3986 0
2989 2989 0
2989 4534 0
2989 4551 0
2989 16354 0
3046 4609 0
3046 6153 0
3046 13061 0
3046 5664 1
3046 4664 0
3046 16308 0
3046 4707 0
3046 4715 0
3046 4719 0
3046 8881 0
3046 11469 0
3046 4314 0
3046 4893 0
3046 5469 0
3046 3986 0
3046 13284 1
3046 6630 0
3148 5774 0
3148 4624 0
3148 4371 0
3148 4295 1
3148 3148 0
3148 13284 1
3174 6160 0
3174 6162 0
3174 6163 0
3174 6164 0
3174 6165 0
3174 3174 0
3174 8867 0
3174 4314 0
3174 14587 1
3174 13061 0
3174 5432 0
3174 5953 0
3174 16308 0
3174 4534 0
3207 3211 2
3207 3353 1
3207 18332 1
3207 5419 1
3207 15932 1
3207 4719 1
3207 6035 1
3208 3211 1
3208 3986 0
3208 18332 0
3208 5747 1
3208 5981 0
3208 16107 0
3208 4719 0
3211 13061 1
3211 18332 1
3211 15932 1
3211 5953 1
3211 5747 2
3217 6147 0
3217 6067 0
3217 6741 0
3217 8065 0
3217 8881 0
3217 3782 0
3217 6078 0
3217 16308 0
3217 4916 0
3217 13284 1
3217 3986 0
3283 16308 0
3283 5180 0
3283 7774 0
3283 8467 0
3283 6165 0
3283 8867 0
3283 4803 0
3283 3782 0
3283 3283 0
3283 5852 0
3283 5855 0
3283 13061 0
3283 4371 0
3283 3354 0
3283 4956 0
3283 8061 0
3283 8029 0
3283 3986 0
3283 18332 0
3283 3999 0
3283 4534 0
3283 3561 0
3353 4100 0
3353 16452 0
3353 4295 1
3353 4371 0
3353 8518 0
3353 6583 0
3353 4551 0
3353 6630 0
3353 8881 0
3353 13024 0
3353 7084 0
3353 11236 0
3353 3353 0
3353 3354 0
3353 3355 0
3353 3358 1
3353 5432 0
3353 5466 0
3353 5753 0
3353 16074 0
3353 5855 0
3353 16107 0
3353 3849 0
3353 8029 0
3353 16275 0
3354 16452 0
3354 4295 1
3354 4371 0
3354 16107 0
3354 6583 0
3354 6630 0
3354 6631 0
3354 6741 0
3354 13024 0
3354 4956 0
3354 7084 0
3354 11236 0
3354 8029 0
3354 3354 0
3354 3355 0
3354 3358 1
3354 5466 0
3354 3467 0
3354 3469 0
3354 5753 0
3354 5755 0
3354 7836 0
3354 5855 0
3354 3849 0
3354 5432 0
3354 5981 0
3354 3934 0
3354 8034 0
3354 8065 0
3354 16275 0
3355 6147 0
3355 4100 0
3355 8881 0
3355 15932 0
3355 16452 0
3355 5753 0
3355 5755 0
3355 16107 0
3355 5774 0
3355 4551 0
3355 3358 1
3355 3968 0
3355 11236 0
3355 3355 0
3355 13024 0
3355 5432 0
3355 5466 0
3355 5278 0
3355 6583 0
3355 13484 0
3358 5664 2
3358 16452 1
3358 14949 1
3358 5753 1
3358 5755 1
3358 5278 1
3358 8881 1
3358 5855 1
3358 13024 1
3358 16107 1
3358 3358 2
3358 8064 1
3358 8065 1
3358 16275 1
3358 7077 1
3358 7084 1
3358 16354 1
3358 11236 1
3358 6630 1
3358 6631 1
3446 6147 0
3446 4371 0
3446 4463 0
3446 4624 0
3446 6741 0
3446 8867 0
3446 8881 0
3446 4803 0
3446 4916 0
3446 7084 0
3446 11236 0
3446 13484 0
3446 5469 0
3446 3446 0
3446 3782 0
3446 5855 0
3446 5981 0
3446 3934 0
3446 6080 0
3446 6111 0
3467 7064 0
3467 3467 0
3467 5664 1
3467 4956 0
3467 5855 0
3469 8300 0
3469 8518 0
3469 7064 0
3469 11294 0
3469 5180 0
3469 15893 0
3469 3653 1
3469 5747 1
3475 6165 0
3475 18332 0
3475 20251 0
3475 5419 0
3475 5981 0
3475 4534 0
3475 4300 0
3475 5469 0
3475 4719 0
3475 3475 0
3561 8881 0
3561 6165 0
3561 8445 0
3561 4524 0
3561 4534 0
3561 6739 0
3561 6778 0
3561 4916 0
3561 4956 0
3561 7384 0
3561 3782 0
3561 5855 0
3561 14072 0
3561 20251 0
3561 13284 1
3561 5981 0
3561 3986 0
3561 16275 0
3625 3625 2
3653 4803 1
3653 7774 1
3763 20631 0
3782 6147 0
3782 6163 0
3782 8467 0
3782 6739 0
3782 6741 0
3782 8881 0
3782 4803 0
3782 4805 0
3782 11233 1
3782 4956 0
3782 5230 0
3782 5855 0
3782 5981 0
3782 3986 0
3782 18332 0
3782 6078 0
3849 3849 0
3849 9534 0
3849 4295 1
3934 4609 0
3934 5753 0
3934 4295 1
3934 4300 0
3934 13024 0
3934 4916 0
3934 5981 0
3934 3934 0
3934 16275 0
3934 7084 0
3934 13249 0
3968 3968 0
3968 4295 1
3986 8518 0
3986 8636 0
3986 8867 0
3986 8881 0
3986 18181 0
3986 10412 0
3986 14072 0
3986 3986 0
3986 4295 1
3986 4300 0
3986 4371 0
3986 4463 0
3986 4534 0
3986 4551 0
3986 4624 0
3986 4715 0
3986 4805 0
3986 4956 0
3986 13284 1
3986 5419 0
3986 5466 0
3986 5469 0
3986 5787 0
3986 5953 0
3986 5981 0
3986 6035 0
3986 6067 0
3986 6080 0
3986 6147 0
3986 6153 0
3986 6160 0
3986 6162 0
3986 6163 0
3986 6164 0
3986 6165 0
3986 6520 0
3986 6583 0
3986 6739 0
3986 6741 0
3986 7064 0
3986 7496 0
3986 15893 0
3986 7821 0
3986 8064 0
3986 16275 0
3999 6147 0
3999 10412 0
3999 8467 0
3999 8029 0
3999 18332 0
3999 3999 0
3999 16308 0
3999 11233 1
4100 4100 0
4100 6163 0
4100 6165 0
4100 5753 0
4100 5755 0
4100 20251 0
4100 16085 1
4100 11236 0
4295 18181 1
4295 5774 1
4295 6164 1
4295 20251 1
4295 7496 1
4295 20158 1
4295 13249 1
4295 4664 1
4295 8867 1
4295 4700 1
4295 5230 1
4295 4300 1
4300 4609 0
4300 6163 0
4300 5469 0
4300 4664 0
4300 5981 0
4300 6739 0
4300 20251 0
4300 5953 0
4300 5753 0
4300 5755 0
4300 6080 0
4300 4300 0
4300 18181 0
4300 5419 0
4300 7077 0
4300 7821 0
4300 16354 0
4314 4524 0
4314 6067 0
4314 15932 0
4314 4805 0
4314 4314 0
4314 5469 0
4371 4624 0
4371 5658 1
4371 5664 1
4371 6741 0
4371 5753 0
4371 16354 0
4371 4803 0
4371 5755 0
4371 15932 0
4371 16444 0
4371 4371 0
4371 5432 0
4371 8034 0
4371 8064 0
4371 5981 0
4371 4551 0
4371 5855 0
4371 7077 0
4371 6630 0
4463 6147 0
4463 6164 0
4463 5852 0
4463 4463 0
4463 4524 0
4463 4551 0
4463 6630 0
4463 4664 0
4463 6739 0
4463 6741 0
4463 7064 0
4463 7077 0
4463 13284 1
4463 5278 0
4463 5855 0
4463 5857 0
4463 16107 0
4463 8029 0
4463 8064 0
4463 8065 0
4463 16308 0
4524 6147 0
4524 6165 0
4524 8389 0
4524 8467 0
4524 4524 0
4524 8636 0
4524 4609 0
4524 6739 0
4524 4805 0
4524 7064 0
4524 5230 0
4524 5466 0
4524 5469 0
4524 15893 0
4524 6080 0
4524 5855 0
4524 5953 0
4524 16275 0
4534 6163 0
4534 6165 0
4534 8467 0
4534 4543 0
4534 4609 0
4534 4534 0
4534 7064 0
4534 13061 0
4534 5432 0
4534 7496 0
4534 5469 0
4534 5852 0
4534 5855 0
4534 8064 0
4534 6067 0
4534 6080 0
4543 8065 0
4543 6165 0
4543 8867 0
4543 8881 0
4543 4543 0
4543 5469 0
4543 5855 0
4551 4719 0
4551 4551 0
4551 7064 0
4551 8064 0
4551 5432 0
4551 15932 0
4551 5658 1
4551 7836 0
4551 5852 0
4551 5855 0
4551 8029 0
4609 4609 0
4609 5664 1
4609 5981 0
4609 5753 0
4609 6778 0
4609 5432 0
4624 4624 0
4624 20251 0
4624 8867 0
4624 5664 1
4624 5981 0
4624 14072 0
4624 18332 0
4624 6153 0
4624 6741 0
4664 6156 0
4664 7084 0
4664 4664 0
4664 5180 0
4664 4707 0
4664 5855 0
4664 5466 0
4664 5981 0
4664 6035 0
4664 7496 0
4664 13249 0
4664 13284 1
4700 4700 0
4707 6160 0
4707 6162 0
4707 6163 0
4707 6164 0
4707 6165 0
4707 5787 0
4707 6078 0
4707 5981 0
4715 4715 0
4715 5755 0
4719 4719 0
4719 4720 0
4720 4720 0
4803 6147 0
4803 13484 0
4803 7774 0
4803 16308 0
4803 16444 0
4803 6741 0
4803 8467 0
4803 7836 0
4803 10412 0
4803 4803 0
4803 5852 0
4803 5855 0
4803 13061 0
4803 4916 0
4803 8029 0
4803 6080 0
4805 7064 0
4805 16354 0
4805 4805 0
4805 11469 0
4805 13284 1
4805 7774 0
4893 4893 0
4916 6147 0
4916 6153 0
4916 16444 0
4916 4916 0
4916 4956 0
4916 7064 0
4916 13284 1
4916 5852 0
4916 5855 0
4916 5981 0
4956 6153 0
4956 8518 0
4956 8662 1
4956 13061 0
4956 6741 0
4956 4956 0
4956 7064 0
4956 13284 1
4956 5466 0
4956 18332 0
4956 5852 0
4956 5855 0
4956 5981 0
4956 20251 0
5180 5981 0
5180 5180 0
5180 8518 0
5180 5469 0
5230 6165 0
5230 5230 0
5230 8389 0
5230 5981 0
5230 16275 0
5230 6080 0
5230 8867 0
5278 6739 0
5278 6741 0
5278 6160 0
5278 13484 0
5278 8881 0
5278 8467 0
5278 5432 0
5278 8034 0
5278 5278 0
5278 6078 0
5419 20251 0
5419 5419 0
5419 5469 0
5422 6147 0
5422 6153 0
5422 6165 0
5422 10412 0
5422 8518 0
5422 6520 0
5422 6583 0
5422 13249 0
5422 5422 0
5422 7077 0
5422 5658 1
5422 5953 0
5432 8467 0
5432 7077 0
5432 5432 0
5432 5469 0
5432 15932 0
5432 5747 1
5432 5753 0
5432 7836 0
5432 5855 0
5432 5755 0
5432 14072 0
5432 5981 0
5432 6078 0
5466 6163 0
5466 6165 0
5466 15932 0
5466 6741 0
5466 13284 1
5466 15893 0
5466 5747 1
5466 5753 0
5466 8881 0
5466 8467 0
5466 5953 0
5466 7064 0
5466 18332 0
5466 11236 0
5466 6739 0
5469 6156 0
5469 6162 0
5469 6163 0
5469 6160 0
5469 8881 0
5469 13061 0
5469 6164 0
5469 7064 0
5469 7077 0
5469 7084 0
5469 5981 0
5469 5469 0
5469 5659 0
5469 5755 0
5469 5855 0
5469 20251 0
5469 7821 0
5469 6067 0
5469 6080 0
5658 8065 1
5658 5658 2
5658 16795 1
5658 7077 1
5658 9534 1
5658 11235 1
5658 14949 1
5659 16354 0
5659 5659 0
5659 6163 0
5659 7084 0
5659 6165 0
5659 6160 0
5659 14587 1
5659 6162 0
5662 5664 1
5662 7877 0
5664 8299 1
5664 6153 1
5664 16795 1
5664 7877 1
5664 10412 1
5664 9534 1
5664 13484 1
5664 13024 1
5664 11235 1
5664 8300 1
5664 8445 1
5664 11294 1
5664 6035 1
5664 8061 1
5747 6162 1
5747 11294 1
5747 16444 1
5747 5747 2
5747 5753 1
5747 5755 1
5747 5774 1
5747 20158 1
5747 18332 1
5753 6165 0
5753 18181 0
5753 5753 0
5753 14949 0
5753 5755 0
5753 14587 1
5753 20251 0
5753 8636 0
5753 6035 0
5753 11236 0
5753 6630 0
5755 20251 0
5755 5755 0
5755 5981 0
5755 7064 0
5755 11236 0
5774 5774 0
5787 6147 0
5787 16452 0
5787 7774 0
5787 5787 0
5787 11469 0
5787 13061 0
5787 16308 0
5787 11233 1
5852 6147 0
5852 6153 0
5852 6162 0
5852 13061 0
5852 8881 0
5852 5855 0
5852 16308 0
5852 6078 0
5852 8662 1
5855 6147 0
5855 6162 0
5855 6163 0
5855 18181 0
5855 6165 0
5855 8389 0
5855 8881 0
5855 6630 0
5855 13061 0
5855 14072 0
5855 7084 0
5855 11236 0
5855 8034 0
5855 13484 0
5855 11831 1
5855 7064 0
5855 7077 0
5855 5855 0
5855 5857 0
5855 5953 0
5855 16308 0
5855 13284 1
5855 5981 0
5855 8061 0
5855 8065 0
5855 6078 0
5855 16354 0
5857 6156 0
5857 6160 0
5857 6162 0
5857 6163 0
5857 6164 0
5857 6165 0
5857 16452 0
5857 8867 0
5857 7384 0
5857 18181 0
5857 8467 0
5857 6035 0
5857 20251 0
5953 6147 0
5953 6164 0
5953 6165 0
5953 13061 0
5953 11469 0
5953 5953 0
5953 7064 0
5953 18332 0
5953 14072 0
5953 13284 1
5953 6630 0
5981 8467 0
5981 8881 0
5981 11236 0
5981 13061 0
5981 13284 1
5981 13484 0
5981 13249 0
5981 5981 0
5981 6035 0
5981 6067 0
5981 6078 0
5981 6160 0
5981 6163 0
5981 6165 0
5981 6583 0
5981 6630 0
5981 6739 0
5981 6741 0
5981 14949 0
5981 20251 0
5981 7077 0
5981 8064 0
5981 7774 0
5981 7877 0
5981 16074 0
5981 16275 0
5981 16308 0
6035 6164 0
6035 13484 0
6035 6035 0
6067 6147 0
6067 6162 0
6067 6163 0
6067 6164 0
6067 6165 0
6067 8867 0
6067 14072 0
6067 6067 0
6067 13284 1
6078 6153 0
6078 16452 0
6078 14587 1
6078 8881 0
6078 7077 0
6078 7084 0
6078 8034 0
6078 6078 0
6078 6080 0
6078 16354 0
6080 6165 0
6080 16308 0
6080 7774 0
6080 6080 0
6080 7496 0
6080 7064 0
6080 18332 0
6111 7064 0
6111 6111 0
6147 6147 0
6147 6163 0
6147 6165 0
6147 8389 0
6147 6162 0
6147 6164 0
6147 10412 0
6147 6520 0
6147 8467 0
6147 8518 0
6147 6583 0
6147 8662 1
6147 6630 0
6147 14949 0
6147 14072 0
6147 13061 0
6147 13249 0
6147 11236 0
6147 8029 0
6147 8064 0
6147 7774 0
6147 7077 0
6147 16107 0
6147 8065 0
6147 16275 0
6147 16308 0
6153 6153 0
6153 13061 0
6153 6739 0
6153 16444 0
6153 8064 0
6153 8065 0
6153 16308 0
6153 11236 0
6156 6156 0
6156 15893 0
6156 7496 0
6156 13284 1
6160 6162 0
6160 6163 0
6160 6165 0
6160 16452 0
6160 6160 0
6160 6164 0
6160 6739 0
6160 8867 0
6160 13284 1
6160 7496 0
6160 7836 0
6160 8065 0
6160 16275 0
6162 6162 0
6162 6163 0
6162 6165 0
6162 16452 0
6162 6164 0
6162 16308 0
6162 6583 0
6162 6739 0
6162 6741 0
6162 8867 0
6162 13061 0
6162 13284 1
6162 7836 0
6162 16107 0
6162 8065 0
6162 18332 0
6163 6163 0
6163 6165 0
6163 16452 0
6163 6164 0
6163 8389 0
6163 14072 0
6163 6739 0
6163 6741 0
6163 8867 0
6163 8881 0
6163 13061 0
6163 13284 1
6163 8029 0
6163 15932 0
6163 7836 0
6163 16107 0
6163 8065 0
6163 16275 0
6163 18332 0
6164 6165 0
6164 16452 0
6164 18518 1
6164 6164 0
6164 6739 0
6164 6741 0
6164 8867 0
6164 13061 0
6164 13284 1
6164 7836 0
6164 8065 0
6164 16275 0
6165 8881 0
6165 16452 0
6165 6165 0
6165 8467 0
6165 6583 0
6165 6739 0
6165 6741 0
6165 14072 0
6165 13284 1
6165 7496 0
6165 7064 0
6165 15893 0
6165 16308 0
6165 7774 0
6165 8065 0
6165 16275 0
6165 18332 0
6165 7836 0
6165 8867 0
6520 8518 0
6520 11233 1
6520 6630 0
6583 6739 0
6583 13061 0
6583 8064 0
6583 8065 0
6583 11236 0
6630 6631 0
6630 11236 0
6630 6630 0
6630 15893 0
6631 8309 0
6739 8467 0
6739 16107 0
6739 6739 0
6739 6741 0
6739 8867 0
6739 8881 0
6739 8034 0
6739 8029 0
6739 14072 0
6739 16074 0
6739 16085 1
6741 14072 0
6741 6741 0
6741 8881 0
6741 13484 0
6741 8467 0
6741 16074 0
6741 10040 1
6741 8034 0
6741 18332 0
6778 16107 0
6778 8467 0
7064 16308 0
7064 8867 0
7064 13061 0
7064 8467 0
7064 13284 1
7077 18181 0
7077 8065 0
7077 7836 0
7077 8867 0
7077 8061 0
7077 7077 0
7077 7084 0
7084 15893 0
7084 7084 0
7084 16354 0
7384 8467 0
7384 7774 0
7496 8867 0
7496 7496 0
7821 8467 0
7821 11236 0
7836 8065 0
7836 7836 0
7836 8867 0
7836 16354 0
7877 14949 0
7877 8299 0
7877 7877 0
7877 13024 0
7877 9534 0
7877 11235 0
7877 16275 0
7877 17851 0
8029 8467 0
8029 8029 0
8029 16308 0
8029 11233 1
8034 8034 0
8034 8881 0
8034 18332 0
8061 8061 0
8064 15893 0
8064 8467 0
8064 8064 0
8065 18181 0
8065 8867 0
8065 14072 0
8065 8065 0
8299 14949 0
8299 8299 0
8299 8300 0
8299 11294 0
8300 11294 0
8300 20251 0
8309 13249 0
8309 15893 0
8389 16444 0
8445 8662 1
8445 8467 0
8445 8445 0
8467 16444 0
8467 8881 0
8467 8467 0
8467 16074 0
8467 14072 0
8467 20251 0
8467 13284 1
8467 16308 0
8518 16085 1
8636 13061 0
8867 8867 0
8867 11236 0
8867 13061 0
8867 16308 0
8867 16275 0
8867 18332 0
8867 13284 1
8881 8881 0
8881 13249 0
8881 14072 0
8881 15893 0
8881 16074 0
8881 16085 1
8881 18332 0
9534 14949 0
9534 9534 0
11233 16074 1
11235 11294 0
11236 14587 1
11236 11236 0
11236 14072 0
11294 11294 0
11294 20251 0
11831 11831 2
12813 17851 0
13024 13484 0
13061 13249 0
13061 13284 1
13061 13061 0
13061 16308 0
13061 14072 0
13061 16275 0
13249 13249 0
13249 20251 0
13284 15893 1
13284 16444 1
13284 16308 1
13484 13484 0
14072 18332 0
14072 16308 0
14072 16354 0
14949 14949 0
14949 16275 0
15893 15893 0
16107 16107 0
16275 16275 0
16308 16308 0
16354 16444 0
16354 16354 0
16444 16444 0
16452 16452 0
18181 18181 0
20158 20158 0
20251 20251 0
20631 20631 0
