4353 4353 0
4353 16271 1
4353 4312 1
5893 18788 1
5893 5679 0
5893 15920 0
5893 11348 0
5893 8549 0
5893 5855 0
5893 760 0
5893 8547 0
5893 8548 0
5893 15261 1
5893 4579 0
5254 287 0
5254 15261 1
5254 1099 0
5254 11348 0
5254 5254 0
5254 16271 1
19207 17343 0
19207 16271 1
19207 15261 1
19207 287 0
16271 1572 1
16271 4147 1
16271 5744 1
16271 16074 1
16271 7716 1
16271 5855 1
16271 8505 1
16271 1361 1
16271 4475 1
16271 9086 1
11284 4119 1
11284 13099 1
11284 3382 0
11284 1653 0
7573 4119 1
7573 10445 0
7573 12744 0
7573 4579 0
7573 7573 0
7573 6131 1
4119 4119 2
4119 4124 1
4119 4147 1
4119 5733 1
4119 10445 1
4119 5858 1
4119 3354 1
4119 5422 1
4119 21366 1
4119 3008 1
3354 4312 1
3354 287 0
3354 3354 0
3354 5679 0
3354 5855 0
3354 5858 0
4124 1908 1
4124 1653 0
15261 1572 1
15261 17343 1
15261 5679 1
15261 15920 1
15261 3382 1
15261 11066 1
15261 16074 1
15261 11233 1
15261 1099 1
15261 10418 1
15261 1361 1
15261 11348 1
15261 18788 2
15261 8547 1
15261 8548 1
15261 8549 1
15261 760 1
15261 14548 1
11294 4312 1
11294 4579 0
11294 11294 0
11294 6131 1
287 287 0
287 8547 0
287 518 1
287 1099 0
287 1572 0
287 10445 0
287 11066 0
287 13099 1
1572 17343 0
1158 518 1
1158 1158 0
1158 5855 0
1158 1908 1
1158 1914 0
1158 4525 0
13099 7716 1
13099 1099 1
13099 5744 1
13099 1653 1
13099 21366 1
13099 14548 1
13099 11066 1
13099 4475 1
13099 9086 1
13099 3008 1
13099 12744 1
4525 4312 1
4525 6131 1
5422 5422 0
5422 5858 0
5422 1908 1
5679 18788 1
5679 15920 0
5679 1653 0
5679 5855 0
5679 8547 0
5679 760 0
5679 8548 0
5679 8549 0
15920 18788 1
15920 8547 0
15920 5855 0
15920 8549 0
15920 760 0
15920 8548 0
10418 11233 0
10418 18788 1
3382 14548 0
3382 18788 1
3382 4475 0
3382 11066 0
3382 21366 0
3382 9086 0
3382 3008 0
3382 7716 0
3382 5744 0
8505 6131 1
17343 14548 0
17343 11233 0
17343 18788 1
3008 1653 0
3008 3008 0
518 4579 1
518 518 2
518 12744 1
518 1653 1
12744 12744 0
12744 1653 0
8548 11348 0
8548 8547 0
8548 5855 0
8548 8549 0
8548 760 0
8548 18788 1
16074 7716 0
16074 11233 0
1099 1099 0
10445 10445 0
10445 6131 1
8547 18788 1
8547 11348 0
8547 5855 0
8547 760 0
8547 8549 0
4312 4312 2
4312 4579 1
4312 1908 2
4312 1914 1
5855 8549 0
5855 760 0
5855 5744 0
5855 1653 0
5855 5855 0
5855 5858 0
5855 1908 1
5855 6131 1
11233 18788 1
5858 5858 0
5858 6131 1
18788 11348 1
18788 8549 1
18788 760 1
5733 5733 0
5733 1908 1
5733 1914 0
8549 760 0
5744 5744 0
1908 1653 1
1908 1914 1
1653 1653 0
1653 11348 0
1653 21366 0
760 11348 0
1914 1914 0
