2048 2048 0
2048 20 0
2048 6165 0
2048 4145 0
2048 53 0
2048 4110 0
2048 174 1
2048 16308 0
2048 2338 0
2048 4547 0
2048 2594 0
2048 6739 0
2048 2718 0
2048 8867 0
2048 8881 0
2048 8977 0
2048 4956 0
2048 861 0
2048 4958 0
2048 5026 0
2048 7109 0
2048 5072 0
2048 4957 0
2048 13512 0
2048 3283 1
2048 1259 0
2048 19879 0
2048 1687 0
2048 3782 0
2048 1741 0
2048 3802 0
2048 8503 0
2048 5981 0
2048 5994 0
2048 3986 0
2048 1943 0
2048 6068 0
2048 2722 0
6147 6147 0
6147 6148 0
6147 6163 0
6147 20 0
6147 6165 0
6147 6162 0
6147 8467 0
6147 2340 0
6147 4403 1
6147 4442 1
6147 4463 0
6147 6560 0
6147 4524 0
6147 4525 0
6147 8662 0
6147 8702 0
6147 2582 0
6147 2594 0
6147 6774 0
6147 2718 0
6147 2722 0
6147 4803 0
6147 4855 0
6147 13061 0
6147 2938 0
6147 2976 0
6147 7109 0
6147 1170 0
6147 1221 0
6147 19879 0
6147 1259 0
6147 3446 0
6147 7077 0
6147 1620 0
6147 1653 0
6147 3729 0
6147 1718 0
6147 3782 0
6147 1741 0
6147 5852 0
6147 7917 0
6147 3884 0
6147 8024 0
6147 5994 0
6147 1919 0
6147 3986 0
6147 1943 0
6147 16308 0
6148 2059 0
6148 3986 0
6148 4145 0
6148 4957 0
6148 561 0
6148 4403 1
6148 1221 0
6148 4956 0
6148 861 0
6148 4958 0
6148 5994 0
6148 8082 1
6148 4547 0
6148 117 0
6153 6153 0
6153 4624 0
6153 2069 0
6153 13061 0
6153 2594 0
6153 13356 0
6153 4957 0
6153 561 0
6153 4145 0
6153 6739 0
6153 1620 0
6153 117 0
6153 3729 0
6153 4547 0
6153 1221 0
6153 1741 0
6153 3802 0
6153 301 0
6153 2327 0
6153 805 0
6153 5852 0
6153 4403 1
6153 4442 1
6153 4956 0
6153 861 0
6153 4958 0
6153 5994 0
6153 3986 0
6153 6560 0
6153 1943 0
6153 5026 0
6153 16308 0
6153 3533 0
8202 20 0
8202 8202 0
8202 168 0
8202 169 1
8202 174 1
8202 8977 0
8202 861 0
8202 4550 0
8202 4551 0
2059 2059 0
2059 20 0
2059 22 0
2059 2072 0
2059 5469 0
2059 4185 0
2059 16530 0
2059 4300 1
2059 4339 0
2059 287 0
2059 2340 0
2059 18764 0
2059 4524 0
2059 4546 0
2059 4704 0
2059 2668 0
2059 2718 0
2059 719 1
2059 4818 0
2059 13061 0
2059 827 0
2059 864 0
2059 2989 0
2059 1022 0
2059 1170 0
2059 1210 0
2059 1259 0
2059 5419 0
2059 1339 0
2059 3469 0
2059 3514 0
2059 5835 0
2059 7917 0
2059 1807 0
2059 4403 1
2059 21129 0
2059 1927 0
2059 1929 0
2059 1943 0
4110 4110 0
4110 6162 0
4110 20 0
4110 2069 0
4110 4145 0
4110 53 0
4110 174 1
4110 4339 0
4110 287 0
4110 4550 0
4110 4624 0
4110 2594 0
4110 4780 0
4110 4803 0
4110 4855 0
4110 2844 0
4110 864 0
4110 7109 0
4110 7224 0
4110 3283 1
4110 4646 0
4110 1259 0
4110 4649 0
4110 3469 0
4110 19879 0
4110 1620 0
4110 1653 0
4110 1687 0
4110 3782 0
4110 2718 0
4110 5981 0
4110 6068 0
4110 6069 0
4110 2722 0
9133 3729 1
9133 6165 1
9133 11294 1
9133 18346 1
9133 4145 1
9133 4663 1
9133 6080 1
9133 2772 1
9133 3178 1
9133 16494 1
9133 18299 1
6160 6162 0
6160 6163 0
6160 20 0
6160 6165 0
6160 6160 0
6160 2327 0
6160 287 0
6160 2338 0
6160 4442 1
6160 4546 0
6160 4547 0
6160 4555 0
6160 6666 0
6160 6739 0
6160 2718 0
6160 2722 0
6160 8867 0
6160 2967 0
6160 2989 0
6160 7275 1
6160 1221 0
6160 5469 0
6160 3464 0
6160 3632 0
6160 1620 0
6160 1653 0
6160 3729 0
6160 7948 0
6160 5924 0
6160 5981 0
6160 3986 0
6160 1943 0
6160 6068 0
3089 2338 0
3089 3089 0
3089 174 1
3089 719 1
3089 4534 0
6162 6162 0
6162 6163 0
6162 20 0
6162 6165 0
6162 4129 0
6162 168 0
6162 174 1
6162 16308 0
6162 2338 0
6162 2340 0
6162 4520 0
6162 19879 0
6162 6666 0
6162 2594 0
6162 6739 0
6162 2718 0
6162 2722 0
6162 8867 0
6162 13061 0
6162 861 0
6162 2989 0
6162 7275 1
6162 5469 0
6162 7526 0
6162 3464 0
6162 3632 0
6162 1620 0
6162 3729 0
6162 5852 0
6162 7917 0
6162 7948 0
6162 5924 0
6162 3986 0
6162 1943 0
6162 6068 0
6163 6163 0
6163 20 0
6163 6165 0
6163 4145 0
6163 168 0
6163 174 1
6163 4300 1
6163 2327 0
6163 287 0
6163 2338 0
6163 3464 0
6163 8503 0
6163 4442 1
6163 4534 0
6163 4546 0
6163 4547 0
6163 6604 0
6163 6666 0
6163 6739 0
6163 8867 0
6163 8879 0
6163 8881 0
6163 13061 0
6163 2989 0
6163 1022 0
6163 861 0
6163 7224 0
6163 3178 0
6163 7275 1
6163 1170 0
6163 1919 0
6163 5469 0
6163 3632 0
6163 1653 0
6163 3782 0
6163 7948 0
6163 5924 0
6163 3884 0
6163 8024 0
6163 5981 0
6163 1927 0
6163 3986 0
6163 1943 0
6163 6068 0
20 20 0
20 2069 0
20 22 0
20 4145 0
20 4185 0
20 117 0
20 6165 0
20 2072 0
20 16530 0
20 4300 1
20 6378 0
20 4339 0
20 287 0
20 2338 0
20 2340 0
20 4403 1
20 6560 0
20 4546 0
20 4547 0
20 4649 0
20 561 0
20 4694 0
20 21129 0
20 2718 0
20 8867 0
20 719 1
20 4818 0
20 4822 0
20 827 0
20 861 0
20 863 0
20 864 0
20 869 0
20 3178 0
20 1170 0
20 1171 0
20 1259 0
20 5419 0
20 5469 0
20 7526 0
20 3446 0
20 1456 0
20 3514 0
20 1576 0
20 1620 0
20 3704 0
20 1687 0
20 1718 0
20 3782 0
20 1741 0
20 5981 0
20 1927 0
20 1929 0
20 3986 0
2069 6666 0
2069 4624 0
2069 2069 0
2069 2594 0
2069 4956 0
2069 4957 0
2069 561 0
2069 13061 0
2069 4958 0
2069 16308 0
2069 1620 0
2069 8881 0
2069 117 0
2069 6774 0
2069 6165 0
2069 4547 0
2069 1687 0
2069 1221 0
2069 1741 0
2069 3283 1
2069 3802 0
2069 13356 0
2069 8467 0
2069 3354 0
2069 2338 0
2069 805 0
2069 4145 0
2069 301 0
2069 4818 0
2069 4442 1
2069 861 0
2069 3729 0
2069 3446 0
2069 3986 0
2069 1943 0
2069 2499 0
2069 4555 0
2069 3561 0
2069 1022 0
22 1170 0
22 22 0
22 4185 0
22 2338 0
22 1718 0
22 4300 1
22 719 1
22 1620 0
22 5469 0
22 2668 0
22 3986 0
22 4339 0
22 3446 0
2072 4300 1
2072 174 1
2072 1170 0
2072 6165 0
2072 2338 0
4636 3469 1
4636 4624 1
4636 4636 2
4636 8879 1
4636 4254 1
4636 2850 1
4636 4646 1
4636 3782 1
4636 13512 1
4636 4855 1
4636 13200 1
4636 6378 1
4636 4649 1
3930 2718 0
3930 287 0
3930 2722 0
3930 168 0
3930 169 1
3930 4525 0
3930 4526 0
3930 1456 0
3930 53 0
3930 4534 0
3930 1339 0
3930 4520 0
3930 1741 0
3930 719 1
3930 3930 0
3930 4524 0
3930 7077 0
3930 864 0
3930 1653 0
3930 4521 0
11294 3469 0
11294 18513 1
11294 4521 0
11294 13667 0
11294 11294 0
11294 3178 0
11294 1927 0
11294 18299 0
11294 18346 0
18181 18181 0
18181 3986 0
18181 7077 0
18181 168 0
18181 169 1
18181 301 0
18181 3382 0
18181 6068 0
18181 4546 0
18181 2500 0
18181 4300 1
18181 2772 0
18181 5753 0
18181 1259 0
18181 1653 0
18181 1620 0
4129 6165 0
4129 16308 0
4129 1603 0
4129 1653 0
4129 2718 0
4129 2722 0
4129 8881 0
4129 4296 0
4129 4300 1
4129 3283 1
4129 287 0
4129 827 0
4129 7224 0
4129 861 0
4129 3729 0
4129 3986 0
4129 1943 0
4129 5026 0
4129 19879 0
2594 53 0
2594 6165 0
2594 168 0
2594 174 1
2594 8467 0
2594 287 0
2594 2338 0
2594 4524 0
2594 4525 0
2594 4526 0
2594 4547 0
2594 4624 0
2594 13061 0
2594 2594 0
2594 561 0
2594 6739 0
2594 2718 0
2594 2722 0
2594 8867 0
2594 8881 0
2594 8977 0
2594 4956 0
2594 861 0
2594 4958 0
2594 869 0
2594 5026 0
2594 1022 0
2594 4957 0
2594 1221 0
2594 3283 1
2594 1259 0
2594 19879 0
2594 3533 0
2594 3561 0
2594 16308 0
2594 1653 0
2594 3782 0
2594 1741 0
2594 3802 0
2594 5994 0
2594 1927 0
2594 3986 0
2594 1943 0
2594 6068 0
2594 6069 0
6180 6180 0
6180 1687 0
6180 8879 0
6180 4524 0
6180 301 0
6180 2718 0
6180 827 0
6180 4550 0
6180 4551 0
6180 1741 0
6180 3283 1
6180 5476 0
6180 4442 1
6180 5994 0
5158 169 1
5158 4300 1
1576 1576 0
1576 1620 0
1576 4185 0
1576 4704 0
1576 5835 0
1576 4300 1
1576 2338 0
1576 1741 0
1576 719 1
1576 1259 0
1576 7917 0
1576 3354 0
1576 5419 0
1576 5469 0
1576 5527 0
1576 3986 0
1576 2967 0
1576 4534 0
4649 4624 0
4649 4646 0
4649 4649 0
4649 1620 0
4649 5476 0
4649 174 1
4649 2772 0
4649 746 0
4649 287 0
4649 4956 0
4649 5981 0
4649 3729 0
4649 3446 0
4649 13200 0
4649 3986 0
4649 19879 0
4649 6068 0
4649 7109 0
13356 168 0
13356 6378 0
13356 3283 1
13356 3446 0
13356 1927 0
13356 8082 1
13356 4547 0
13356 2500 0
13356 4551 0
13356 8662 0
13356 19879 0
13356 8185 0
1581 168 0
1581 169 1
1581 719 1
1581 4185 0
1581 287 0
5469 53 0
5469 4183 0
5469 4185 0
5469 117 0
5469 16530 0
5469 168 0
5469 4300 1
5469 4339 0
5469 2340 0
5469 301 0
5469 4403 1
5469 4524 0
5469 4525 0
5469 4526 0
5469 4534 0
5469 4546 0
5469 1927 0
5469 2338 0
5469 4694 0
5469 1807 0
5469 4704 0
5469 2668 0
5469 2718 0
5469 2722 0
5469 8881 0
5469 719 1
5469 4818 0
5469 746 0
5469 13061 0
5469 827 0
5469 861 0
5469 863 0
5469 864 0
5469 869 0
5469 2967 0
5469 5026 0
5469 7077 0
5469 5072 0
5469 1022 0
5469 5981 0
5469 7275 1
5469 1170 0
5469 1210 0
5469 1221 0
5469 13512 0
5469 1259 0
5469 5419 0
5469 1339 0
5469 5469 0
5469 3446 0
5469 5527 0
5469 1456 0
5469 3514 0
5469 3632 0
5469 1620 0
5469 3704 0
5469 1687 0
5469 1718 0
5469 5835 0
5469 1741 0
5469 7917 0
5469 21129 0
5469 8024 0
5469 1919 0
5469 3986 0
5469 1943 0
5469 6080 0
3632 6165 0
3632 2718 0
3632 2338 0
3632 8867 0
3632 168 0
3632 169 1
3632 3632 0
3632 4300 1
3632 4463 0
3632 4339 0
561 4145 0
561 117 0
561 6165 0
561 168 0
561 169 1
561 4300 1
561 6378 0
561 301 0
561 8503 0
561 5522 0
561 4463 0
561 4469 1
561 6560 0
561 4521 0
561 4547 0
561 2500 0
561 4550 0
561 4551 0
561 561 0
561 14915 0
561 2718 0
561 4822 0
561 746 0
561 827 0
561 4956 0
561 4957 0
561 4958 0
561 863 0
561 864 0
561 869 0
561 861 0
561 1221 0
561 1259 0
561 3353 0
561 3354 0
561 19879 0
561 3514 0
561 3729 0
561 1687 0
561 1741 0
561 5852 0
561 7949 0
561 1807 0
561 3884 0
561 5981 0
561 5994 0
561 1927 0
561 6068 0
561 6080 0
17460 8467 0
17460 3354 0
17460 301 0
17460 3283 1
17460 4442 1
17460 1259 0
53 6165 0
53 53 0
53 117 0
53 168 0
53 287 0
53 2338 0
53 301 0
53 8503 0
53 4463 0
53 2500 0
53 6604 0
53 19879 0
53 4624 0
53 2718 0
53 2722 0
53 8867 0
53 4780 0
53 8881 0
53 719 1
53 4956 0
53 4957 0
53 4958 0
53 1022 0
53 861 0
53 13200 0
53 1170 0
53 3283 1
53 3354 0
53 10125 0
53 3446 0
53 1456 0
53 3533 0
53 6739 0
53 1653 0
53 3729 0
53 1687 0
53 1718 0
53 1741 0
53 3802 0
53 5948 0
53 5981 0
53 1927 0
53 1943 0
53 6068 0
53 6069 0
53 6080 0
4663 4663 0
4663 1620 0
4663 719 1
4663 827 0
7224 4145 0
7224 7224 0
7224 6739 0
7224 8879 0
7224 719 1
7224 3283 1
7224 287 0
7224 861 0
7224 3446 0
7224 1943 0
7224 6068 0
18227 16476 1
18227 4694 0
18227 8283 1
18227 8467 0
18227 4371 0
18227 10184 0
18227 3561 0
6666 6666 0
6666 7077 0
6666 1620 0
6666 6165 0
6666 8082 1
6666 4550 0
6666 169 1
6666 4551 0
6666 4780 0
6666 2338 0
6666 8503 0
6666 1687 0
6666 4534 0
6666 4547 0
6666 2500 0
6666 4555 0
6666 8185 0
6666 19879 0
6069 5981 0
6069 8283 1
6069 16494 0
6069 2718 0
6069 2722 0
6069 4779 0
6069 719 1
6069 3802 0
6069 8467 0
6069 861 0
6069 3986 0
6069 19879 0
6069 6069 0
6069 4550 0
6069 4551 0
6069 3533 0
6069 3561 0
6069 1022 0
4525 6165 0
4525 2722 0
4525 4469 1
4525 1221 0
4525 1741 0
4525 3277 1
4525 4339 0
4525 4254 0
4525 3884 0
4525 4463 0
4525 1927 0
4525 3986 0
4525 4524 0
4525 4526 0
4525 2718 0
14915 1943 0
14915 16308 0
14915 2338 0
14915 174 1
14915 4403 1
18513 7949 1
18513 18764 1
18513 16335 1
18513 13667 1
18513 17273 1
18513 18299 1
6739 6165 0
6739 4145 0
6739 8702 0
6739 4300 1
6739 6378 0
6739 8467 0
6739 2338 0
6739 4403 1
6739 8503 0
6739 21129 0
6739 4463 0
6739 6560 0
6739 4524 0
6739 4547 0
6739 19879 0
6739 6739 0
6739 2718 0
6739 2722 0
6739 8867 0
6739 8879 0
6739 8881 0
6739 8977 0
6739 4957 0
6739 4958 0
6739 863 0
6739 2938 0
6739 2976 0
6739 7109 0
6739 1022 0
6739 3178 0
6739 4646 0
6739 1259 0
6739 3561 0
6739 1653 0
6739 287 0
6739 3782 0
6739 1741 0
6739 3802 0
6739 3884 0
6739 8016 0
6739 5981 0
6739 1927 0
6739 1929 0
6739 3986 0
6739 6068 0
6739 8185 0
1620 4145 0
1620 4183 0
1620 4185 0
1620 6165 0
1620 16530 0
1620 168 0
1620 169 1
1620 4296 0
1620 4300 1
1620 4371 0
1620 287 0
1620 2338 0
1620 2340 0
1620 18764 0
1620 4442 1
1620 7917 0
1620 4520 0
1620 4524 0
1620 4534 0
1620 4546 0
1620 2499 0
1620 4550 0
1620 4555 0
1620 4646 0
1620 4694 0
1620 4704 0
1620 4547 0
1620 2718 0
1620 2722 0
1620 8867 0
1620 8879 0
1620 719 1
1620 4818 0
1620 2860 0
1620 827 0
1620 4956 0
1620 4957 0
1620 4958 0
1620 864 0
1620 2989 0
1620 7275 1
1620 1170 0
1620 1171 0
1620 1210 0
1620 1221 0
1620 1259 0
1620 5419 0
1620 7526 0
1620 4339 0
1620 4551 0
1620 1620 0
1620 3704 0
1620 1718 0
1620 5835 0
1620 1741 0
1620 5072 0
1620 15131 0
1620 301 0
1620 5981 0
1620 3986 0
1620 1943 0
1620 6080 0
1620 10184 0
4694 4694 0
4694 4185 0
4694 8283 1
4694 1170 0
4694 168 0
4694 169 1
4694 1221 0
4694 1741 0
4694 719 1
4694 1259 0
4694 15131 0
4694 2338 0
4694 3382 0
4694 827 0
4694 861 0
4694 863 0
4694 864 0
4694 869 0
4694 3986 0
4694 2967 0
4694 2989 0
4694 4534 0
4694 4546 0
4694 4550 0
4694 18764 0
4183 1170 0
4183 1171 0
4183 2338 0
4183 4664 0
4183 4300 1
4183 719 1
4183 4818 0
4183 4183 0
4183 4185 0
4183 4704 0
4183 3986 0
4183 4339 0
4185 4664 0
4185 4185 0
4185 4704 0
4185 3178 0
4185 3704 0
4185 1170 0
4185 2718 0
4185 4300 1
4185 719 1
4185 4818 0
4185 4339 0
4185 2338 0
4185 2340 0
4185 3986 0
8283 8977 1
8283 4779 1
8283 3533 1
8283 1653 1
8283 17273 1
8283 1022 1
16476 168 1
16476 1653 1
16476 3704 1
4704 1653 0
4704 5835 0
4704 1170 0
4704 1171 0
4704 1718 0
4704 1210 0
4704 4300 1
4704 719 1
4704 1259 0
4704 7917 0
4704 4339 0
4704 2338 0
4704 5419 0
4704 3464 0
4704 3986 0
4704 2967 0
4704 2989 0
4704 4534 0
4704 4551 0
4704 4704 0
4624 4624 0
4624 13200 0
4624 2718 0
4624 8867 0
4624 174 1
4624 1221 0
4624 3802 0
4624 4646 0
4624 6378 0
4624 4371 0
4624 5981 0
4624 3729 0
4624 3446 0
4624 3986 0
4624 6560 0
4624 6068 0
4624 2722 0
4624 4575 0
2967 3178 0
2967 2668 0
2967 1170 0
2967 1171 0
2967 1210 0
2967 4300 1
2967 719 1
2967 4818 0
2967 4339 0
2967 3353 0
2967 2338 0
2967 2340 0
2967 3382 0
2967 3986 0
2967 2967 0
2967 4520 0
2967 4521 0
2967 2989 0
2967 4534 0
2967 4546 0
2967 7109 0
2967 4550 0
2967 4551 0
3178 4521 0
3178 7275 1
3178 13667 0
3178 8016 0
3178 1943 0
7275 3986 1
7275 5527 1
7275 2338 1
7275 8867 1
7275 168 1
7275 8110 1
7275 5981 1
7275 4664 1
7275 9663 1
7275 2499 1
7275 11212 1
7275 8016 1
7275 8662 1
7275 7526 1
7275 7275 2
7275 5994 1
7275 6165 1
2668 2668 0
2668 4298 0
2668 4300 1
2668 719 1
2668 4818 0
2668 2338 0
2668 5419 0
2668 3561 0
2668 2976 0
2668 4546 0
2668 4555 0
16494 719 1
16494 15131 0
4371 2582 0
4371 5753 0
4371 3729 0
4371 1687 0
4371 7109 0
4371 4803 0
4371 1221 0
4371 3283 1
4371 4822 0
4371 6378 0
4371 1259 0
4371 4339 0
4371 4371 0
4371 3353 0
4371 3354 0
4371 3884 0
4371 8503 0
4371 827 0
4371 7500 0
4371 4442 1
4371 861 0
4371 5994 0
4371 3446 0
4371 1919 0
4371 3986 0
4371 5981 0
4371 2499 0
4371 2500 0
4371 4551 0
4371 4550 0
4371 5072 0
4371 7077 0
4371 19879 0
1653 117 0
1653 8881 0
1653 8977 0
1653 827 0
1653 861 0
1653 869 0
1653 1171 0
1653 1210 0
1653 1221 0
1653 1259 0
1653 1339 0
1653 1653 0
1653 1943 0
1653 2338 0
1653 2340 0
1653 2722 0
1653 3353 0
1653 19879 0
1653 3561 0
1653 3729 0
1653 3802 0
1653 3986 0
1653 4520 0
1653 4534 0
1653 4547 0
1653 4664 0
1653 13061 0
1653 4956 0
1653 4957 0
1653 4958 0
1653 13512 0
1653 17273 0
1653 5753 0
1653 5835 0
1653 6068 0
1653 6080 0
1653 6560 0
1653 6774 0
1653 15131 0
1653 7944 0
1653 16308 0
1653 16335 0
6774 13667 0
6774 3986 0
6774 8467 0
6774 168 0
6774 174 1
6774 4442 1
6774 3561 0
3704 1687 0
3704 2338 0
3704 5419 0
3704 1718 0
3704 5835 0
3704 1741 0
3704 4442 1
3704 1259 0
5753 6165 0
5753 5753 0
5753 1687 0
5753 4300 1
5753 719 1
5753 1259 0
5753 3353 0
5753 3354 0
5753 7500 0
5753 8016 0
5753 863 0
5753 2718 0
5753 7109 0
6165 8881 0
6165 168 0
6165 169 1
6165 4296 0
6165 4298 0
6165 6165 0
6165 4646 0
6165 8467 0
6165 2327 0
6165 287 0
6165 2338 0
6165 4520 0
6165 4524 0
6165 4526 0
6165 4534 0
6165 4546 0
6165 4547 0
6165 4555 0
6165 19879 0
6165 2582 0
6165 2718 0
6165 2722 0
6165 8879 0
6165 861 0
6165 13200 0
6165 2989 0
6165 7109 0
6165 1022 0
6165 13512 0
6165 3283 1
6165 1259 0
6165 3464 0
6165 3561 0
6165 16308 0
6165 3802 0
6165 7948 0
6165 5924 0
6165 5981 0
6165 1919 0
6165 1927 0
6165 3986 0
6165 1943 0
6165 6068 0
6165 6080 0
6165 8867 0
6165 8185 0
2582 2582 0
2582 16530 0
2582 1687 0
2582 2722 0
2582 168 0
2582 169 1
2582 5852 0
2582 1259 0
2582 3354 0
2582 3884 0
2582 4442 1
2582 20876 0
2582 6560 0
2582 4550 0
2582 4555 0
2582 5072 0
2582 8185 0
21129 1170 0
21129 2338 0
21129 4300 1
21129 4442 1
21129 4339 0
3729 287 0
3729 4403 1
3729 8503 0
3729 4463 0
3729 4547 0
3729 2500 0
3729 4550 0
3729 4551 0
3729 4555 0
3729 2718 0
3729 2722 0
3729 8867 0
3729 8879 0
3729 8881 0
3729 4803 0
3729 4822 0
3729 15131 0
3729 827 0
3729 863 0
3729 864 0
3729 869 0
3729 2976 0
3729 7077 0
3729 7109 0
3729 15509 0
3729 1221 0
3729 3283 1
3729 3353 0
3729 3354 0
3729 3729 0
3729 1687 0
3729 1741 0
3729 3802 0
3729 5852 0
3729 5981 0
3729 1927 0
3729 1943 0
3729 8185 0
16530 16530 0
16530 4300 1
16530 3283 1
16530 2338 0
16530 5419 0
16530 5981 0
16530 5994 0
16530 8110 0
16530 9663 0
1171 4664 0
1171 1170 0
1171 1171 0
1171 1718 0
1171 4300 1
1171 3283 1
1171 6378 0
1171 7917 0
1171 8467 0
1171 2338 0
1171 5419 0
1171 3986 0
1171 3561 0
18068 2338 0
18068 4300 1
18068 719 1
15509 16308 0
15509 4803 0
15509 2338 0
15509 3283 1
15509 4957 0
15509 4463 0
15509 4469 1
15509 6068 0
1687 4145 0
1687 5476 0
1687 117 0
1687 168 0
1687 169 1
1687 4300 1
1687 4822 0
1687 2338 0
1687 301 0
1687 3464 0
1687 8503 0
1687 4442 1
1687 6560 0
1687 4520 0
1687 4521 0
1687 4534 0
1687 4547 0
1687 2500 0
1687 4550 0
1687 4555 0
1687 746 0
1687 4855 0
1687 8977 0
1687 827 0
1687 861 0
1687 869 0
1687 5026 0
1687 5072 0
1687 1022 0
1687 5981 0
1687 1259 0
1687 3353 0
1687 3354 0
1687 3446 0
1687 5527 0
1687 19879 0
1687 7077 0
1687 1687 0
1687 1741 0
1687 3884 0
1687 5994 0
1687 1919 0
2718 168 0
2718 169 1
2718 8467 0
2718 2327 0
2718 287 0
2718 2338 0
2718 301 0
2718 8503 0
2718 4520 0
2718 4521 0
2718 4524 0
2718 4534 0
2718 4546 0
2718 4547 0
2718 2500 0
2718 4550 0
2718 6604 0
2718 19879 0
2718 4646 0
2718 4664 0
2718 2718 0
2718 2722 0
2718 8881 0
2718 719 1
2718 827 0
2718 861 0
2718 863 0
2718 864 0
2718 869 0
2718 2938 0
2718 2976 0
2718 1221 0
2718 3446 0
2718 3464 0
2718 1943 0
2718 5026 0
2718 3533 0
2718 1718 0
2718 5835 0
2718 1741 0
2718 3802 0
2718 1807 0
2718 3884 0
2718 1927 0
2718 3986 0
2718 6068 0
2722 168 0
2722 169 1
2722 8467 0
2722 2327 0
2722 2338 0
2722 301 0
2722 4442 1
2722 4520 0
2722 4524 0
2722 4546 0
2722 4547 0
2722 2500 0
2722 6604 0
2722 19879 0
2722 13061 0
2722 4664 0
2722 2499 0
2722 2722 0
2722 8879 0
2722 8977 0
2722 861 0
2722 863 0
2722 864 0
2722 869 0
2722 5026 0
2722 1170 0
2722 1221 0
2722 4646 0
2722 1259 0
2722 3446 0
2722 3533 0
2722 3561 0
2722 16308 0
2722 1741 0
2722 3802 0
2722 3884 0
2722 5981 0
2722 1927 0
2722 3986 0
2722 1943 0
2722 6068 0
8867 4296 0
8867 4298 0
8867 2327 0
8867 2338 0
8867 301 0
8867 6560 0
8867 4546 0
8867 4547 0
8867 8867 0
8867 8879 0
8867 861 0
8867 5026 0
8867 7077 0
8867 1022 0
8867 13061 0
8867 1170 0
8867 3283 1
8867 1919 0
8867 3446 0
8867 3464 0
8867 19879 0
8867 16308 0
8867 1741 0
8867 3802 0
8867 7948 0
8867 5924 0
8867 3884 0
8867 3986 0
8867 1943 0
8867 6068 0
8867 8185 0
168 168 0
168 169 1
168 4296 0
168 4300 1
168 4339 0
168 287 0
168 2340 0
168 301 0
168 4463 0
168 4534 0
168 4546 0
168 4547 0
168 4555 0
168 4664 0
168 2499 0
168 4780 0
168 746 0
168 861 0
168 2938 0
168 2976 0
168 7077 0
168 2989 0
168 1022 0
168 1210 0
168 1221 0
168 1259 0
168 3353 0
168 3354 0
168 3446 0
168 3464 0
168 19879 0
168 1741 0
168 7917 0
168 7948 0
168 1807 0
168 5924 0
168 5981 0
168 1919 0
168 1929 0
168 6068 0
169 4664 1
169 4547 1
169 169 2
169 4780 1
169 1210 1
169 4296 1
169 4298 1
169 1741 1
169 5924 1
169 746 1
169 1259 1
169 7917 1
169 4855 1
169 7948 1
169 1807 1
169 274 1
169 2327 1
169 287 1
169 2340 1
169 301 1
169 3382 1
169 10125 1
169 3446 1
169 1919 1
169 3464 1
169 1929 1
169 20876 1
169 3469 1
169 2976 1
169 2989 1
169 6080 1
169 4546 1
169 2499 1
4779 861 0
4779 719 1
4779 13061 0
4779 8467 0
4779 15131 0
4779 287 0
4779 4956 0
4779 4957 0
4779 4958 0
4779 3561 0
4779 3986 0
4779 1943 0
4780 5981 0
4780 4780 0
4780 5835 0
4780 4300 1
4780 719 1
4780 5852 0
4780 4339 0
4780 861 0
4780 18299 0
4780 1927 0
4780 1943 0
4780 4534 0
4780 1022 0
174 174 2
174 8879 1
174 4803 1
174 2338 1
174 13061 1
174 2860 1
174 274 1
174 2844 1
174 287 1
174 2850 1
174 3884 1
174 18764 1
174 5948 1
174 8024 1
174 7526 1
174 1943 1
174 5026 1
174 16308 1
174 6560 1
174 10184 1
8879 4145 0
8879 5835 0
8879 1741 0
8879 5852 0
8879 2938 0
8879 13061 0
8879 861 0
8879 4463 0
8879 3986 0
8879 1943 0
8879 16308 0
8879 4547 0
8881 8881 0
8881 117 0
8881 6378 0
8881 4339 0
8881 8467 0
8881 2338 0
8881 4403 1
8881 4442 1
8881 4547 0
8881 746 0
8881 8977 0
8881 861 0
8881 863 0
8881 2938 0
8881 2976 0
8881 1022 0
8881 1221 0
8881 1259 0
8881 3353 0
8881 5476 0
8881 3446 0
8881 19879 0
8881 3561 0
8881 287 0
8881 3782 0
8881 1741 0
8881 3802 0
8881 5852 0
8881 3884 0
8881 8016 0
8881 5981 0
8881 5994 0
8881 3986 0
8881 6068 0
8881 8185 0
1718 5981 0
1718 1718 0
1718 4300 1
1718 1741 0
1718 719 1
1718 4818 0
1718 1259 0
1718 4339 0
1718 8467 0
1718 2338 0
1718 5419 0
1718 827 0
1718 7526 0
1718 1170 0
1718 10125 0
1718 4524 0
1718 2989 0
1718 4534 0
1718 1022 0
1210 1210 0
1210 719 1
1210 4818 0
1210 4822 0
1210 2338 0
1210 1339 0
1210 4524 0
1210 6068 0
117 19879 0
117 8082 1
117 13061 0
117 4957 0
117 117 0
117 1741 0
117 3283 1
117 3802 0
117 5852 0
117 746 0
117 1259 0
117 4145 0
117 3884 0
117 4403 1
117 827 0
117 8467 0
117 8024 0
117 861 0
117 4956 0
117 5994 0
117 3986 0
117 1919 0
117 1943 0
117 4958 0
117 7077 0
117 4520 0
117 16308 0
117 4547 0
117 2500 0
117 4550 0
117 5072 0
117 4551 0
117 3561 0
117 8185 0
4803 16308 0
4803 8467 0
4803 4803 0
4803 3782 0
4803 3283 1
4803 5852 0
4803 4646 0
4803 1259 0
4803 4339 0
4803 13061 0
4803 827 0
4803 5994 0
4803 3446 0
4803 1927 0
4803 6068 0
4803 6080 0
4803 4547 0
4803 8702 0
4803 1022 0
1221 3446 0
1221 4300 1
1221 4547 0
1221 2500 0
1221 4550 0
1221 4575 0
1221 4664 0
1221 719 1
1221 4855 0
1221 2837 0
1221 827 0
1221 861 0
1221 863 0
1221 864 0
1221 869 0
1221 7077 0
1221 2989 0
1221 7109 0
1221 13512 0
1221 1221 0
1221 1259 0
1221 3469 0
1221 19879 0
1221 3533 0
1221 1603 0
1221 8467 0
1221 287 0
1221 1741 0
1221 3802 0
1221 5852 0
1221 8024 0
1221 5981 0
1221 3986 0
1221 1943 0
1221 16308 0
3782 2938 0
3782 8467 0
3782 8977 0
3782 4957 0
3782 4958 0
3782 4956 0
3782 861 0
3782 3283 1
3782 1259 0
3782 3446 0
3782 19879 0
3782 5026 0
3782 3561 0
3782 1741 0
3782 3802 0
3782 3884 0
3782 8024 0
3782 5981 0
3782 5994 0
3782 3986 0
3782 1943 0
13512 3283 1
13512 8977 0
13512 13512 0
13512 13667 0
13512 8024 0
13512 4463 0
13512 3446 0
13512 6080 0
13512 4555 0
13512 8185 0
11212 7948 0
11212 4403 1
11212 8662 0
4298 1170 0
4298 4664 0
4298 4298 0
4298 4300 1
5835 5981 0
5835 5835 0
5835 4300 1
5835 2338 0
5835 719 1
5835 5419 0
5835 5994 0
5835 4463 0
5835 6080 0
5835 4547 0
5835 4550 0
5835 4555 0
5835 1022 0
4300 4664 1
4300 1603 1
4300 5981 1
4300 6080 1
4300 1170 1
4300 4300 2
4300 1741 1
4300 4818 1
4300 4822 1
4300 18764 1
4300 2340 1
4300 7917 1
4300 4339 1
4300 1807 1
4300 5072 1
4300 3802 1
4300 2338 1
4300 805 1
4300 5419 1
4300 3464 1
4300 3382 1
4300 1339 1
4300 5948 1
4300 13667 1
4300 5476 1
4300 1259 1
4300 1927 1
4300 1929 1
4300 3986 1
4300 7077 1
4300 19879 1
4300 2989 1
4300 1456 1
4300 2499 1
4300 7109 1
4300 10125 1
4300 4555 1
4300 3533 1
4300 5522 1
4300 16335 1
4300 4296 1
3277 4550 1
3277 4520 1
3277 4521 1
3277 4551 1
3277 4524 1
3277 4526 1
3277 15131 1
1741 2338 0
1741 301 0
1741 8503 0
1741 4463 0
1741 4524 0
1741 4526 0
1741 4546 0
1741 4547 0
1741 2500 0
1741 4550 0
1741 4551 0
1741 4555 0
1741 4664 0
1741 6604 0
1741 719 1
1741 4822 0
1741 827 0
1741 861 0
1741 863 0
1741 864 0
1741 869 0
1741 2989 0
1741 5072 0
1741 1022 0
1741 4646 0
1741 1259 0
1741 3353 0
1741 3354 0
1741 5419 0
1741 3446 0
1741 19879 0
1741 3514 0
1741 7077 0
1741 1741 0
1741 3802 0
1741 5852 0
1741 5924 0
1741 3884 0
1741 8024 0
1741 5994 0
1741 1919 0
1741 1927 0
1741 10125 0
1741 6068 0
1741 6560 0
1741 8185 0
4818 719 1
4818 4818 0
4818 4339 0
4818 287 0
4818 2338 0
4818 3986 0
4818 2499 0
3283 19879 1
3283 7944 1
3283 16308 1
3283 1603 1
3283 8467 1
3283 1170 1
3283 3283 2
3283 4822 1
3283 3802 1
3283 5852 1
3283 6378 1
3283 1259 1
3283 13061 1
3283 7949 1
3283 3354 1
3283 2338 1
3283 8503 1
3283 827 1
3283 8024 1
3283 4956 1
3283 861 1
3283 863 1
3283 864 1
3283 5994 1
3283 2938 1
3283 18299 1
3283 1927 1
3283 13200 1
3283 3986 1
3283 1943 1
3283 2976 1
3283 5026 1
3283 18346 1
3283 6068 1
3283 4534 1
3283 3514 1
3283 4546 1
3283 4547 1
3283 6604 1
3283 3533 1
3283 5522 1
3283 8016 1
3283 3561 1
3283 869 1
3283 8185 1
3283 8702 1
2772 719 1
2772 8016 0
4822 6378 0
4822 4550 0
4822 2338 0
4822 4822 0
4822 3802 0
4822 746 0
4822 7077 0
4822 5852 0
4822 301 0
4822 8503 0
4822 827 0
4822 4442 1
4822 861 0
4822 863 0
4822 864 0
4822 869 0
4822 5994 0
4822 4463 0
4822 3446 0
4822 1919 0
4822 3986 0
4822 4524 0
4822 4546 0
4822 2500 0
4822 4555 0
4822 19879 0
4526 4254 0
4526 4469 1
4526 4339 0
4526 3884 0
4526 4463 0
4526 4524 0
5924 3986 0
5924 3353 0
5924 3354 0
5924 2338 0
5924 4520 0
5924 4550 0
5924 4551 0
5924 719 1
5924 5981 0
5924 1919 0
3802 6378 0
3802 2327 0
3802 2338 0
3802 4546 0
3802 13061 0
3802 1456 0
3802 827 0
3802 4956 0
3802 4957 0
3802 4958 0
3802 869 0
3802 3561 0
3802 5026 0
3802 861 0
3802 3446 0
3802 19879 0
3802 3533 0
3802 3802 0
3802 5981 0
3802 3986 0
3802 1943 0
3802 16308 0
719 4524 1
719 6068 1
719 7109 1
719 719 2
719 1259 1
719 4339 1
719 8467 1
719 2837 1
719 2327 1
719 3353 1
719 15131 1
719 2844 1
719 287 1
719 2340 1
719 805 1
719 5419 1
719 2860 1
719 301 1
719 3382 1
719 1339 1
719 4664 1
719 4956 1
719 4957 1
719 4958 1
719 8110 1
719 4463 1
719 2938 1
719 1927 1
719 4442 2
719 3986 1
719 2976 1
719 2989 1
719 1456 1
719 4254 1
719 9663 1
719 4550 1
719 4551 1
719 10184 1
719 4575 1
719 3561 1
719 1022 1
5852 13061 0
5852 4145 0
5852 1259 0
5852 4403 1
5852 827 0
5852 4956 0
5852 4957 0
5852 4958 0
5852 5994 0
5852 4463 0
5852 1943 0
5852 19879 0
5852 16308 0
5852 4534 0
5852 4546 0
5852 4547 0
5852 2500 0
5852 4550 0
5852 4551 0
5852 8662 0
4646 13061 0
4646 8467 0
4646 805 0
4646 4442 1
4646 5981 0
4646 3446 0
4646 13200 0
4646 3986 0
4646 19879 0
4646 3561 0
6378 4957 0
6378 4664 0
6378 17273 0
6378 9663 0
6378 6378 0
6378 3354 0
6378 301 0
6378 8503 0
6378 8016 0
6378 4442 1
6378 4956 0
6378 861 0
6378 3446 0
6378 3986 0
6378 5026 0
6378 4958 0
6378 5981 0
6378 6604 0
1259 8467 0
1259 287 0
1259 301 0
1259 4442 1
1259 4524 0
1259 4534 0
1259 2499 0
1259 2500 0
1259 4555 0
1259 4664 0
1259 746 0
1259 13061 0
1259 861 0
1259 864 0
1259 2938 0
1259 5072 0
1259 3353 0
1259 3354 0
1259 5419 0
1259 7500 0
1259 3561 0
1259 1807 0
1259 3884 0
1259 1919 0
1259 3986 0
1259 16308 0
1259 6080 0
7917 7917 0
7917 1170 0
7917 3986 0
7917 2338 0
7917 4339 0
7917 4550 0
7917 4551 0
7917 4296 0
7917 18764 0
7917 7526 0
4339 7944 0
4339 2338 0
4339 1807 0
4339 8467 0
4339 3986 0
4339 1927 0
4339 1929 0
4339 13200 0
4339 5981 0
4339 4524 0
4339 1456 0
4339 4534 0
4339 5419 0
4339 18764 0
4339 19879 0
4855 301 0
4855 4521 0
4855 4555 0
4855 4855 0
4855 861 0
4855 1022 0
4855 2338 0
4855 3884 0
4855 1927 0
4855 10125 0
13061 8503 0
13061 4520 0
13061 4534 0
13061 4547 0
13061 6604 0
13061 827 0
13061 4956 0
13061 2976 0
13061 1022 0
13061 13061 0
13061 19879 0
13061 3514 0
13061 16308 0
13061 5981 0
13061 1927 0
13061 6068 0
13061 8185 0
7944 7944 0
7944 4469 1
7944 4463 0
3884 5072 0
3884 7077 0
3884 3884 0
3884 301 0
3884 8503 0
3884 10125 0
3884 4442 1
3884 869 0
3884 4547 0
3884 5527 0
3884 4524 0
3884 6068 0
3884 4534 0
3884 2499 0
3884 2500 0
3884 7500 0
3884 6560 0
3884 1022 0
7948 4403 1
7948 746 0
7948 3986 0
7949 7949 0
7949 16308 0
1807 4145 0
1807 1170 0
1807 1807 0
1807 2338 0
1807 827 0
1807 4956 0
1807 4958 0
1807 4957 0
1807 19879 0
8977 8467 0
8977 861 0
8977 8977 0
8977 4442 1
8977 4956 0
8977 4957 0
8977 4958 0
8977 3986 0
8977 16308 0
274 274 0
274 287 0
274 2860 0
274 5948 0
274 13200 0
274 1943 0
274 2844 0
274 6068 0
274 5072 0
8467 2327 0
8467 4524 0
8467 4534 0
8467 13667 0
8467 2938 0
8467 2976 0
8467 5026 0
8467 7109 0
8467 19879 0
8467 8467 0
8467 8016 0
8467 5981 0
8467 5994 0
8467 16308 0
8467 1022 0
2837 1943 0
2837 4442 1
2837 5072 0
2327 2327 0
2327 8016 0
2327 4547 0
2327 3561 0
3353 4442 1
3353 6560 0
3353 2500 0
3353 4550 0
3353 4551 0
3353 4555 0
3353 861 0
3353 863 0
3353 869 0
3353 13200 0
3353 7109 0
3353 5072 0
3353 3353 0
3353 3354 0
3353 7500 0
3353 8016 0
3354 287 0
3354 2338 0
3354 301 0
3354 4442 1
3354 6560 0
3354 2500 0
3354 4550 0
3354 4555 0
3354 4956 0
3354 861 0
3354 863 0
3354 869 0
3354 13200 0
3354 2989 0
3354 7109 0
3354 1170 0
3354 3354 0
3354 7500 0
3354 5476 0
3354 3469 0
3354 8016 0
3354 5981 0
3354 1919 0
3354 1927 0
15131 15131 0
15131 8110 0
15131 8503 0
15131 19879 0
2844 1943 0
2844 5948 0
287 287 0
287 8662 0
287 8702 0
287 827 0
287 863 0
287 864 0
287 1456 0
287 1603 0
287 8503 0
287 18346 0
287 10184 0
287 2338 0
287 2340 0
287 2989 0
287 3446 0
287 3464 0
287 19879 0
287 4442 1
287 4555 0
287 4575 0
287 4957 0
287 13200 0
287 5948 0
287 5994 0
2338 4296 0
2338 2338 0
2338 4403 1
2338 18764 0
2338 4463 0
2338 2499 0
2338 4550 0
2338 6604 0
2338 4575 0
2338 2989 0
2338 5072 0
2338 1022 0
2338 5981 0
2338 1170 0
2338 5419 0
2338 1339 0
2338 4547 0
2338 5522 0
2338 19879 0
2338 1456 0
2338 1603 0
2338 2340 0
2338 8024 0
2338 5994 0
2338 1927 0
2338 1929 0
2338 10125 0
2338 3986 0
2338 1943 0
2338 6068 0
2340 2340 0
2340 4551 0
2340 2989 0
2340 4550 0
2340 16335 0
805 805 0
805 8016 0
4145 4145 0
4145 4403 1
4145 8503 0
4145 4547 0
4145 2500 0
4145 8662 0
4145 3533 0
4145 746 0
4145 827 0
4145 4956 0
4145 4957 0
4145 4958 0
4145 863 0
4145 864 0
4145 861 0
4145 3446 0
4145 5026 0
4145 5981 0
4145 3986 0
4145 1943 0
4145 16308 0
5419 1170 0
5419 5419 0
5419 18764 0
5419 3986 0
5419 4550 0
301 4664 0
301 7077 0
301 301 0
301 8503 0
301 827 0
301 869 0
301 5994 0
301 3446 0
301 1919 0
301 1927 0
301 4463 0
301 6560 0
301 5981 0
301 6068 0
301 4534 0
301 4547 0
301 2500 0
301 4550 0
301 4555 0
301 6604 0
301 4551 0
4403 4956 1
4403 4957 1
4403 746 1
4403 861 1
4403 827 1
4403 4958 1
4403 863 1
4403 3986 1
4403 8662 1
3382 7109 0
8503 18299 0
8503 8503 0
8503 827 0
8503 4442 1
8503 5994 0
8503 3446 0
8503 3469 0
8503 7077 0
8503 4547 0
8503 2500 0
827 4463 0
827 8702 0
827 746 0
827 827 0
827 4956 0
827 4957 0
827 4958 0
827 7109 0
827 861 0
827 5522 0
827 19879 0
827 1456 0
827 3514 0
827 16308 0
827 1603 0
827 5981 0
827 5994 0
827 1919 0
827 1927 0
827 3986 0
827 1943 0
827 6068 0
5948 5948 0
7500 4442 1
7500 5981 0
7500 4463 0
7500 4469 1
7500 1022 0
3469 18764 0
3469 864 0
3469 18299 0
8016 8016 0
8016 5981 0
8016 3986 0
8016 1943 0
8016 7077 0
8016 19879 0
4664 4664 0
4664 5994 0
4664 4296 0
4664 5981 0
4664 4463 0
4664 6560 0
4664 4546 0
8024 861 0
8024 16308 0
8024 3986 0
4442 4534 1
4442 5072 1
4442 4442 2
4442 5981 1
4442 864 1
4442 5476 1
4442 869 1
4442 5994 1
4442 3446 1
4442 1919 1
4442 5527 1
4442 7077 1
4442 4520 1
4442 4521 1
4442 6560 1
4442 2500 1
4442 4550 1
4442 4555 1
4442 6604 1
4442 4575 1
4956 4547 0
4956 8662 0
4956 746 0
4956 4956 0
4956 4957 0
4956 4958 0
4956 863 0
4956 864 0
4956 1022 0
4956 861 0
4956 5522 0
4956 19879 0
4956 3561 0
4956 5981 0
4956 1927 0
4956 10125 0
4956 3986 0
4956 1943 0
4956 8185 0
861 4463 0
861 4547 0
861 4550 0
861 4551 0
861 6604 0
861 746 0
861 861 0
861 1022 0
861 4957 0
861 4958 0
861 3446 0
861 5522 0
861 19879 0
861 1456 0
861 3514 0
861 1603 0
861 5994 0
861 1919 0
861 1927 0
861 1929 0
861 3986 0
861 6068 0
861 8185 0
4958 4547 0
4958 746 0
4958 4957 0
4958 4958 0
4958 1022 0
4958 5522 0
4958 19879 0
4958 3561 0
4958 5981 0
4958 1927 0
4958 10125 0
4958 8185 0
863 864 0
863 4463 0
863 746 0
863 3986 0
863 1456 0
863 6068 0
864 746 0
864 864 0
864 4463 0
864 3986 0
864 1456 0
864 6080 0
864 2499 0
864 4550 0
13667 13667 0
13667 18299 0
13667 18346 0
13667 4575 0
5476 5476 0
5476 5994 0
5476 1927 0
5476 1943 0
5476 7077 0
5476 19879 0
5476 4550 0
5476 4551 0
5476 16335 0
869 869 0
869 4463 0
869 3446 0
869 1456 0
869 8185 0
869 7109 0
7526 4521 0
7526 18764 0
5994 4521 0
5994 4547 0
5994 2500 0
5994 5072 0
5994 1022 0
5994 3446 0
5994 1456 0
5994 5994 0
5994 1929 0
5994 8185 0
1170 4296 0
1170 4463 0
1170 4524 0
1170 4555 0
1170 2989 0
1170 5522 0
1170 5981 0
1170 1927 0
1170 1929 0
1170 3986 0
4547 4957 0
4547 16308 0
4547 3986 0
4547 4463 0
4547 2938 0
4547 1943 0
4547 6068 0
4547 4547 0
4547 4555 0
4547 7077 0
4463 4463 0
4463 4469 1
4463 4524 0
4463 2500 0
4463 4550 0
4463 4551 0
4463 7077 0
4463 1022 0
4463 3446 0
4463 3514 0
4463 1927 0
4463 3986 0
4463 1943 0
4463 16308 0
4463 8185 0
4469 4524 1
4469 3514 1
4469 8702 1
4469 4469 2
3446 2500 0
3446 3446 0
3446 19879 0
3446 5981 0
3446 1919 0
3446 6068 0
3446 6080 0
3446 8185 0
2938 2938 0
2938 1943 0
2938 3561 0
2938 8185 0
18299 4521 0
18299 18299 0
18299 18346 0
1339 1339 0
746 4957 0
746 746 0
1919 1919 0
4957 4524 0
4957 1022 0
4957 5522 0
4957 19879 0
4957 3561 0
4957 5981 0
4957 1927 0
4957 10125 0
4957 8082 1
4957 1943 0
4957 8185 0
1927 4524 0
1927 4534 0
1927 6604 0
1927 1022 0
1927 19879 0
1927 3986 0
1927 1943 0
1927 16308 0
3464 3464 0
3464 4521 0
1929 16308 0
1929 1603 0
1929 1929 0
1929 1943 0
1929 19879 0
1943 2500 0
1943 19879 0
1943 1022 0
1943 1603 0
1943 5981 0
1943 1943 0
1943 6068 0
1943 6080 0
1943 8185 0
20876 8528 1
10125 10125 0
10125 3986 0
13200 5981 0
13200 13200 0
13200 3986 0
8082 2500 1
8082 8185 1
1603 1603 0
1603 3986 0
1603 4534 0
1603 7109 0
1603 19879 0
5527 6560 0
5527 4546 0
5527 5527 0
5527 8185 0
3986 8702 0
3986 1022 0
3986 1456 0
3986 2989 0
3986 19879 0
3986 3561 0
3986 3986 0
3986 4254 0
3986 4296 0
3986 4520 0
3986 4534 0
3986 4550 0
3986 4551 0
3986 5981 0
3986 6068 0
3986 6080 0
3986 7109 0
3986 8185 0
2976 5981 0
2976 2976 0
2976 4546 0
2976 7109 0
2976 4555 0
5026 19879 0
5026 4534 0
5026 4546 0
5026 3561 0
7077 5981 0
7077 7077 0
7077 2500 0
7077 5072 0
7077 8185 0
5981 18764 0
5981 2500 0
5981 2989 0
5981 19879 0
5981 3514 0
5981 3561 0
5981 5981 0
5981 6068 0
5981 6560 0
5981 7109 0
5981 16308 0
5981 8185 0
19879 4534 0
19879 4546 0
19879 2500 0
19879 2989 0
19879 7109 0
19879 8702 0
19879 1022 0
19879 19879 0
19879 3514 0
19879 3533 0
19879 3561 0
19879 16308 0
19879 6068 0
19879 8185 0
4520 2989 0
4520 4520 0
4520 4521 0
4520 6068 0
4520 8702 0
4521 4521 0
4521 2989 0
18346 18346 0
4524 4254 0
4524 6560 0
4524 4524 0
4524 2500 0
4524 5072 0
4524 1022 0
4524 3561 0
4524 6080 0
2989 4296 0
2989 2989 0
2989 4534 0
2989 4546 0
2989 4550 0
2989 4551 0
2989 4555 0
1456 1456 0
1456 4534 0
1456 4575 0
1456 1022 0
16308 1022 0
16308 3514 0
16308 16308 0
16308 6068 0
16308 6080 0
16308 8185 0
4254 4534 0
4254 4546 0
4534 4546 0
4534 4534 0
4534 3561 0
4534 6080 0
3514 3514 0
9663 1022 0
6080 6080 0
6080 4555 0
6560 6560 0
6560 4546 0
6560 4550 0
6560 4555 0
6560 5072 0
4546 4546 0
4546 7109 0
4546 4550 0
4546 4551 0
2499 16335 0
2499 6068 0
2499 2499 0
2499 7109 0
2499 4551 0
2500 8662 0
2500 4555 0
2500 2500 0
2500 8185 0
7109 7109 0
7109 4550 0
7109 4551 0
7109 3561 0
4550 4550 0
4550 4551 0
4550 4555 0
4550 8702 0
4550 5072 0
4550 6068 0
4551 4555 0
4551 8702 0
4551 4551 0
4551 5072 0
4551 6068 0
10184 10184 0
10184 6068 0
4555 5072 0
4555 4555 0
6604 1022 0
3533 4296 0
3533 3533 0
5522 5522 0
16335 16335 0
5072 5072 0
6068 1022 0
6068 6068 0
4575 4575 0
8185 8185 0
4296 4296 0
1022 1022 0
