4100 4100 0
4100 4102 0
4100 6163 0
4100 6165 0
4100 8747 0
4100 562 1
4100 6728 0
4100 1620 0
4100 2718 0
4100 20251 0
4100 168 0
4100 1718 0
4100 4795 1
4100 1741 0
4100 3801 0
4100 4339 0
4100 3869 0
4100 2338 0
4100 3461 0
4100 4550 0
4100 4560 0
4100 473 0
4100 3036 0
19879 6162 0
19879 6165 0
19879 61 1
19879 4256 0
19879 168 0
19879 4300 0
19879 4339 0
19879 4340 0
19879 2338 0
19879 338 0
19879 4534 0
19879 4535 0
19879 4537 0
19879 4539 0
19879 2606 0
19879 2709 0
19879 2712 0
19879 669 0
19879 2718 0
19879 2722 0
19879 8881 0
19879 9009 0
19879 4963 0
19879 5054 0
19879 7109 0
19879 3035 0
19879 5247 0
19879 3225 0
19879 3426 0
19879 19879 0
19879 1591 0
19879 1653 0
19879 3782 0
19879 1741 0
19879 1928 1
19879 3986 0
19879 6065 0
19879 6068 0
19879 8867 0
19879 2724 0
4102 4102 0
4102 2059 0
4102 6162 0
4102 6163 0
4102 20 0
4102 6165 0
4102 562 1
4102 6728 0
4102 6160 0
4102 1653 0
4102 6164 0
4102 2709 0
4102 3225 0
4102 4795 1
4102 3801 0
4102 2280 0
4102 20251 0
4102 3869 0
4102 2338 0
4102 5469 0
4102 8058 0
4102 5521 0
4102 3986 0
4102 4550 0
4102 4551 0
2059 2059 0
2059 20 0
2059 5469 0
2059 4185 0
2059 16530 0
2059 4300 0
2059 4339 0
2059 4340 0
2059 16663 0
2059 2340 0
2059 2342 0
2059 4524 0
2059 4539 0
2059 509 0
2059 4537 0
2059 4704 1
2059 2668 0
2059 2718 0
2059 4795 1
2059 719 0
2059 729 0
2059 5056 0
2059 3036 0
2059 5247 0
2059 1170 0
2059 3225 0
2059 4301 0
2059 1259 0
2059 5419 1
2059 5420 1
2059 5521 0
2059 7662 0
2059 5835 0
2059 3801 0
2059 20251 0
2059 8058 0
2059 3745 0
17422 1928 1
17422 338 0
17422 4704 1
17422 1259 0
17422 3986 0
6160 6162 0
6160 6163 0
6160 20 0
6160 6165 0
6160 6160 0
6160 6164 0
6160 4256 0
6160 4301 0
6160 2338 0
6160 303 0
6160 338 0
6160 4555 0
6160 4560 0
6160 4561 0
6160 473 0
6160 509 0
6160 562 1
6160 2709 0
6160 2718 0
6160 2722 0
6160 8867 0
6160 4795 1
6160 729 0
6160 2967 0
6160 7079 0
6160 13284 0
6160 5469 0
6160 3426 0
6160 3464 0
6160 3526 0
6160 7741 0
6160 6755 0
6160 1620 0
6160 1653 0
6160 1667 0
6160 3986 0
6160 16275 0
6160 6065 0
6160 6068 0
6162 6162 0
6162 6163 0
6162 20 0
6162 6165 0
6162 6164 0
6162 4256 0
6162 168 0
6162 2338 0
6162 2340 0
6162 303 0
6162 338 0
6162 4560 0
6162 473 0
6162 509 0
6162 562 1
6162 2712 0
6162 669 0
6162 2718 0
6162 2722 0
6162 8867 0
6162 4795 1
6162 4808 0
6162 729 0
6162 9009 0
6162 4963 0
6162 7079 0
6162 13284 0
6162 5469 0
6162 3426 0
6162 3461 0
6162 3464 0
6162 3526 0
6162 7662 0
6162 6755 0
6162 1620 0
6162 1667 0
6162 3986 0
6162 6065 0
6162 6068 0
6163 6163 0
6163 20 0
6163 6165 0
6163 6164 0
6163 168 0
6163 4300 0
6163 2280 0
6163 2338 0
6163 303 0
6163 3464 0
6163 338 0
6163 4534 0
6163 4535 0
6163 473 0
6163 509 0
6163 562 1
6163 2712 0
6163 8867 0
6163 2724 0
6163 8881 0
6163 4795 1
6163 729 0
6163 9173 0
6163 13284 0
6163 1170 0
6163 5469 0
6163 3426 0
6163 3461 0
6163 3526 0
6163 1591 0
6163 6755 0
6163 1653 0
6163 3745 0
6163 3782 0
6163 3986 0
6163 16275 0
6163 8089 0
6163 6068 0
6164 20 0
6164 6165 0
6164 6755 0
6164 6164 0
6164 4295 0
6164 2338 0
6164 303 0
6164 338 0
6164 473 0
6164 509 0
6164 2712 0
6164 8867 0
6164 4795 1
6164 729 0
6164 13284 0
6164 562 1
6164 5469 0
6164 3426 0
6164 3464 0
6164 3526 0
6164 7079 0
6164 7662 0
6164 1591 0
6164 1653 0
6164 1741 0
6164 3986 0
6164 16275 0
6164 6068 0
6165 20 0
6165 8881 0
6165 4256 0
6165 168 0
6165 169 0
6165 2280 0
6165 6165 0
6165 2338 0
6165 303 0
6165 18784 0
6165 4524 0
6165 4525 0
6165 4526 0
6165 4534 0
6165 4537 0
6165 4555 0
6165 4560 0
6165 473 0
6165 509 0
6165 2606 0
6165 562 1
6165 2709 0
6165 2712 0
6165 669 0
6165 2718 0
6165 2722 0
6165 4795 1
6165 729 0
6165 7109 0
6165 9173 0
6165 13284 0
6165 5230 0
6165 5247 0
6165 1259 0
6165 5420 1
6165 3426 0
6165 3464 0
6165 7064 0
6165 3475 0
6165 3526 0
6165 7662 0
6165 1591 0
6165 6755 0
6165 1620 0
6165 3745 0
6165 8053 0
6165 3986 0
6165 16275 0
6165 6065 0
6165 6068 0
6165 8867 0
6165 2724 0
2071 3986 0
2071 3475 0
2071 2967 0
2071 8747 0
2071 2338 0
2071 5419 1
2071 4550 0
2071 4551 0
2071 4300 0
2071 1620 0
2071 4185 0
2071 5469 0
2071 4704 1
2071 1171 0
2071 10044 0
2071 1170 0
2071 4339 0
2071 4340 0
2071 5247 0
1563 1862 1
1563 11687 1
7741 1591 0
7741 6068 0
7741 4704 1
7741 1667 0
7741 2712 0
7741 669 0
7741 2718 0
7741 1653 0
7741 2340 0
7741 1862 1
7741 2709 0
7741 3745 0
1576 20 0
1576 1576 0
1576 1620 0
1576 4185 0
1576 4704 1
1576 6755 0
1576 5247 0
1576 3225 0
1576 3745 0
1576 5835 0
1576 4300 0
1576 2338 0
1576 1741 0
1576 729 0
1576 719 0
1576 1259 0
1576 5419 1
1576 5469 0
1576 3986 0
1576 2967 0
1576 4534 0
1576 3035 0
1576 3036 0
1576 509 0
8747 729 0
8747 3986 0
8747 5469 0
8747 2967 0
8747 2338 0
8747 2342 0
8747 5419 1
8747 16663 0
8747 4550 0
8747 8270 0
8747 1620 0
8747 3801 0
8747 4704 1
8747 1170 0
2606 61 1
2606 4256 0
2606 2280 0
2606 4339 0
2606 2338 0
2606 338 0
2606 4664 0
2606 2709 0
2606 2722 0
2606 8881 0
2606 4963 0
2606 5054 0
2606 3426 0
2606 1591 0
2606 4704 1
2606 1653 0
2606 1667 0
2606 3745 0
2606 3782 0
2606 3986 0
2606 6065 0
562 3968 2
562 3461 1
562 7064 1
562 2709 1
562 8089 1
562 2712 1
562 2718 1
562 2722 1
562 8867 1
562 4550 1
562 7079 1
562 168 1
562 169 1
562 4524 1
562 4525 1
562 4526 1
562 303 1
562 9009 1
562 562 2
562 4534 1
562 4537 1
562 4795 2
562 18784 1
562 4805 1
562 4551 1
562 9166 1
562 4560 1
562 4561 1
562 473 1
562 4700 1
562 2280 1
562 6633 1
562 2668 1
562 5230 1
562 16275 1
562 8053 1
1591 61 1
1591 4256 0
1591 4301 0
1591 2280 0
1591 4339 0
1591 2338 0
1591 338 0
1591 4534 0
1591 4535 0
1591 4537 0
1591 4539 0
1591 2712 0
1591 2718 0
1591 2722 0
1591 8867 0
1591 2724 0
1591 8881 0
1591 4795 1
1591 729 0
1591 4963 0
1591 5054 0
1591 5056 0
1591 3148 1
1591 5237 0
1591 1170 0
1591 3426 0
1591 1591 0
1591 1620 0
1591 1653 0
1591 1667 0
1591 3782 0
1591 3968 1
1591 3986 0
1591 8089 0
1591 6065 0
4664 4664 0
4664 6755 0
4664 4185 0
4664 1653 0
4664 1171 0
4664 2709 0
4664 2712 0
4664 3225 0
4664 669 0
4664 2718 0
4664 2722 0
4664 2724 0
4664 168 0
4664 169 0
4664 4295 0
4664 4299 0
4664 4300 0
4664 1741 0
4664 719 0
4664 729 0
4664 4301 0
4664 1259 0
4664 1862 1
4664 8053 0
4664 1928 1
4664 13284 0
8253 3968 1
8253 4805 0
8253 3148 1
18784 1620 0
18784 5247 0
18784 4795 1
18784 5835 0
18784 303 0
18784 3426 0
18784 3461 0
1718 20 0
1718 6728 0
1718 1620 0
1718 4704 1
1718 6755 0
1718 5247 0
1718 4301 0
1718 1171 0
1718 2718 0
1718 1718 0
1718 1719 0
1718 4300 0
1718 1741 0
1718 719 0
1718 729 0
1718 1259 0
1718 4339 0
1718 4340 0
1718 3869 0
1718 2338 0
1718 5419 1
1718 5469 0
1718 1170 0
1718 5521 0
1718 4524 0
1718 4534 0
1718 3035 0
1718 3036 0
16454 6728 1
6728 8270 0
6728 1620 0
6728 4185 0
6728 1719 0
6728 3801 0
6728 9173 0
6728 729 0
6728 5419 1
6728 8058 0
6728 6570 1
6728 6728 0
6728 3526 0
6728 7662 0
6728 509 0
3148 669 1
3148 4256 1
3148 2724 1
3148 4764 1
3148 4295 1
3148 303 1
3148 12726 1
3148 4795 2
3148 5054 1
3148 4800 1
3148 4299 1
3148 6469 1
3148 4550 1
3148 4808 1
3148 3148 2
3148 4301 1
3148 16663 1
3148 19808 1
3148 13284 1
3148 496 1
3148 3441 1
3148 1653 1
8270 8270 0
8270 4704 1
8270 2668 0
8270 20080 0
8270 4795 1
8270 5237 0
8270 729 0
8270 4340 0
8270 20251 0
8270 2338 0
8270 5469 0
8270 3441 0
8270 1653 0
1620 20 0
1620 4185 0
1620 16530 0
1620 168 0
1620 169 0
1620 4300 0
1620 4301 0
1620 2280 0
1620 4340 0
1620 2338 0
1620 2340 0
1620 2342 0
1620 338 0
1620 4524 0
1620 4534 0
1620 4535 0
1620 4537 0
1620 4539 0
1620 4550 0
1620 4555 0
1620 4560 0
1620 4561 0
1620 4704 1
1620 6755 0
1620 2709 0
1620 2712 0
1620 669 0
1620 2718 0
1620 2722 0
1620 8867 0
1620 4795 1
1620 4808 0
1620 719 0
1620 729 0
1620 4963 0
1620 3035 0
1620 3036 0
1620 9009 0
1620 5247 0
1620 1170 0
1620 1171 0
1620 1259 0
1620 5419 1
1620 5420 1
1620 5469 0
1620 5521 0
1620 3475 0
1620 4339 0
1620 4551 0
1620 7662 0
1620 1620 0
1620 21148 0
1620 1667 0
1620 1719 0
1620 12577 0
1620 5835 0
1620 1741 0
1620 3801 0
1620 20251 0
1620 13284 0
1620 3986 0
1620 2724 0
1620 10229 0
4185 20 0
4185 4185 0
4185 4704 1
4185 5247 0
4185 1170 0
4185 2718 0
4185 4795 1
4185 4295 0
4185 4300 0
4185 4301 0
4185 719 0
4185 3801 0
4185 4339 0
4185 729 0
4185 20251 0
4185 2338 0
4185 2340 0
4185 303 0
4185 5469 0
4185 5521 0
4185 3986 0
4185 3035 0
4185 3036 0
4700 4800 0
4700 6469 0
4700 3526 0
4700 4295 0
4700 12726 0
4700 4795 1
4700 4700 0
4555 4795 1
4555 2668 0
4555 5237 0
4555 1170 0
4555 2712 0
4555 3225 0
4555 168 0
4555 5835 0
4555 4300 0
4555 1741 0
4555 729 0
4555 2280 0
4555 1259 0
4555 5247 0
4555 3461 0
4555 1928 1
4555 7662 0
4555 4550 0
4555 4551 0
4555 4555 0
4555 4560 0
4555 4561 0
4555 473 0
4555 496 0
4704 6755 1
4704 1653 1
4704 5835 1
4704 1170 1
4704 1171 1
4704 3225 1
4704 1719 1
4704 4299 1
4704 4300 1
4704 4301 1
4704 719 1
4704 729 1
4704 4560 1
4704 1259 1
4704 4339 1
4704 4340 1
4704 5247 1
4704 10523 1
4704 2338 1
4704 2342 1
4704 5419 2
4704 5469 1
4704 5521 1
4704 3475 1
4704 3464 1
4704 3986 1
4704 2967 1
4704 6065 1
4704 4534 1
4704 4535 1
4704 4539 1
4704 3254 1
4704 4551 1
4704 4704 2
4704 3035 1
4704 3036 1
4704 7662 1
4704 509 1
3464 2718 0
3464 8867 0
3464 168 0
3464 169 0
3464 4795 1
3464 4300 0
3464 2280 0
3464 338 0
3464 8053 0
3464 3464 0
3464 16275 0
3464 4560 0
3464 3036 0
6755 6755 0
6755 1667 0
6755 1170 0
6755 1171 0
6755 2718 0
6755 8867 0
6755 8881 0
6755 4795 1
6755 4295 0
6755 4300 0
6755 4301 0
6755 220 0
6755 2338 0
6755 3461 0
6755 6068 0
2668 2668 0
2668 5237 0
2668 2716 0
2668 4795 1
2668 4800 0
2668 4295 0
2668 4808 0
2668 4299 0
2668 4300 0
2668 719 0
2668 729 0
2668 20251 0
2668 2338 0
2668 2342 0
2668 5419 1
2668 5420 1
2668 303 0
2668 6469 0
2668 5469 0
2668 2967 0
2668 4764 0
2668 12726 0
2668 3526 0
2668 4560 0
2668 6633 0
2668 496 0
5230 4524 0
5230 5230 0
5230 1653 0
5230 2718 0
5230 4795 1
5230 3782 0
5230 4295 0
5230 9009 0
5230 16275 0
5230 4525 0
5230 4526 0
5230 6068 0
5230 4550 0
5230 8867 0
20080 20080 0
20080 5237 0
20080 2709 0
20080 2712 0
20080 3745 0
20080 2724 0
20080 4795 1
20080 9173 0
20080 16663 0
20080 5419 1
20080 5420 1
20080 7064 0
20080 4550 0
20080 13284 0
1653 220 0
1653 669 0
1653 8881 0
1653 1171 0
1653 1259 0
1653 1653 0
1653 2338 0
1653 2340 0
1653 2722 0
1653 20251 0
1653 3968 1
1653 3986 0
1653 19808 0
1653 4256 0
1653 4534 0
1653 4537 0
1653 4560 0
1653 4805 0
1653 4963 0
1653 5068 0
1653 5835 0
1653 6065 0
1653 6068 0
1653 16275 0
20 20 0
20 16530 0
20 4300 0
20 4301 0
20 220 0
20 2280 0
20 4339 0
20 10523 0
20 2338 0
20 2340 0
20 2342 0
20 509 0
20 2712 0
20 2718 0
20 8867 0
20 2724 0
20 719 0
20 729 0
20 3035 0
20 3036 0
20 5247 0
20 1170 0
20 1171 0
20 1259 0
20 5419 1
20 5420 1
20 5469 0
20 3475 0
20 7662 0
20 1667 0
20 1719 0
20 3782 0
20 1741 0
20 3801 0
20 20251 0
20 8058 0
20 3986 0
20 16275 0
5247 3036 0
5247 8881 0
5247 1170 0
5247 2709 0
5247 2712 0
5247 3225 0
5247 2718 0
5247 3745 0
5247 2722 0
5247 4550 0
5247 7064 0
5247 1719 0
5247 4300 0
5247 1741 0
5247 4301 0
5247 729 0
5247 4339 0
5247 4340 0
5247 10523 0
5247 2338 0
5247 2342 0
5247 5419 1
5247 5420 1
5247 5469 0
5247 3986 0
5247 1171 0
5247 3475 0
5247 2967 0
5247 8089 0
5247 4534 0
5247 509 0
1667 61 1
1667 1667 0
1667 3745 0
1667 2722 0
1667 2724 0
1667 4795 1
1667 1741 0
1667 1259 0
1667 303 0
1667 9009 0
1667 5469 0
1667 19808 0
1667 3426 0
1667 3986 0
1667 4524 0
1667 6065 0
1667 8867 0
1667 3036 0
16530 5469 0
16530 16530 0
16530 4300 0
16530 729 0
16530 20251 0
16530 2338 0
16530 5419 1
16530 5420 1
16530 19808 0
16530 3968 1
16530 6065 0
16530 7662 0
1171 1170 0
1171 1171 0
1171 1719 0
1171 4300 0
1171 4301 0
1171 729 0
1171 2338 0
1171 2342 0
1171 5419 1
1171 5420 1
1171 3426 0
1171 8058 0
1171 3986 0
1171 2967 0
1171 7662 0
1171 509 0
2709 168 0
2709 4301 0
2709 2280 0
2709 2338 0
2709 338 0
2709 2709 0
2709 2712 0
2709 669 0
2709 2718 0
2709 2722 0
2709 8881 0
2709 4795 1
2709 4808 0
2709 719 0
2709 729 0
2709 7064 0
2709 1170 0
2709 3426 0
2709 3461 0
2709 7662 0
2709 3745 0
2709 5835 0
2709 3801 0
2709 3986 0
2709 6068 0
2709 2724 0
2712 4256 0
2712 168 0
2712 4301 0
2712 2338 0
2712 338 0
2712 4560 0
2712 509 0
2712 2712 0
2712 2718 0
2712 2722 0
2712 8867 0
2712 2724 0
2712 8881 0
2712 4795 1
2712 729 0
2712 3036 0
2712 1170 0
2712 3225 0
2712 1259 0
2712 3426 0
2712 3461 0
2712 5835 0
2712 1741 0
2712 8058 0
2712 3986 0
2712 6065 0
2712 6068 0
3225 20251 0
3225 3225 0
3225 2718 0
3225 4256 0
3225 2722 0
3225 8867 0
3225 4795 1
3225 4295 0
3225 4300 0
3225 1741 0
3225 729 0
3225 4561 0
3225 4339 0
3225 4340 0
3225 5419 1
3225 8058 0
3225 5521 0
3225 4524 0
3225 7109 0
3225 4550 0
3225 4551 0
3225 2724 0
3225 4534 0
3225 7662 0
2716 2338 0
2716 3526 0
2716 6570 1
2716 5419 1
2716 4800 0
2716 669 0
669 168 0
669 338 0
669 669 0
669 2718 0
669 8867 0
669 4795 1
669 729 0
669 2967 0
669 7064 0
669 7109 0
669 3036 0
669 13284 0
669 3426 0
669 3461 0
669 16663 0
669 3745 0
669 5835 0
669 1741 0
2718 4256 0
2718 168 0
2718 169 0
2718 2338 0
2718 303 0
2718 5521 0
2718 4524 0
2718 4525 0
2718 4534 0
2718 4535 0
2718 4537 0
2718 4539 0
2718 4550 0
2718 496 0
2718 509 0
2718 2718 0
2718 2722 0
2718 2724 0
2718 8881 0
2718 4795 1
2718 719 0
2718 9009 0
2718 4963 0
2718 3035 0
2718 3036 0
2718 5469 0
2718 3426 0
2718 3461 0
2718 3475 0
2718 7079 0
2718 3745 0
2718 1719 0
2718 5835 0
2718 1741 0
2718 3986 0
2718 6065 0
2718 6068 0
4256 2722 0
4256 2724 0
4256 4795 1
4256 4963 0
4256 2967 0
4256 1741 0
4256 3986 0
4256 6065 0
4256 6068 0
3745 61 1
3745 4301 0
3745 2338 0
3745 338 0
3745 4534 0
3745 4535 0
3745 4537 0
3745 4539 0
3745 2722 0
3745 8867 0
3745 7064 0
3745 9173 0
3745 13284 0
3745 3426 0
3745 729 0
3745 3745 0
3745 5835 0
3745 1741 0
3745 1928 1
3745 3986 0
3745 6065 0
2722 168 0
2722 169 0
2722 2338 0
2722 338 0
2722 5521 0
2722 4524 0
2722 4525 0
2722 4537 0
2722 4539 0
2722 2722 0
2722 4795 1
2722 9009 0
2722 4963 0
2722 7064 0
2722 3036 0
2722 1170 0
2722 1259 0
2722 5469 0
2722 3426 0
2722 3461 0
2722 3475 0
2722 1741 0
2722 3986 0
2722 6065 0
2722 6068 0
2722 2724 0
10523 5420 1
10523 10523 0
10523 2338 0
10523 5419 1
10523 9009 0
10523 5068 0
10523 509 0
2724 4340 0
2724 2338 0
2724 4524 0
2724 509 0
2724 2724 0
2724 8881 0
2724 4795 1
2724 3426 0
2724 1741 0
2724 3986 0
2724 6065 0
2724 6068 0
4550 2338 0
4550 338 0
4550 4537 0
4550 4550 0
4550 4551 0
4550 4560 0
4550 4561 0
4550 496 0
4550 4795 1
4550 719 0
4550 7064 0
4550 7079 0
4550 7109 0
4550 3036 0
4550 5419 1
4550 3426 0
4550 3441 0
4550 3461 0
4550 2967 0
4550 5835 0
4550 1741 0
4550 2340 0
4550 10044 0
4550 3986 0
4550 6068 0
168 168 0
168 169 0
168 4295 0
168 4300 0
168 2280 0
168 4339 0
168 2340 0
168 338 0
168 4534 0
168 4535 0
168 473 0
168 4795 1
168 9009 0
168 7064 0
168 5237 0
168 1259 0
168 5469 0
168 5521 0
168 1719 0
168 1741 0
168 3869 0
168 16275 0
168 6068 0
169 169 0
169 4795 1
169 1741 0
169 1259 0
169 2340 0
169 9009 0
169 338 0
169 473 0
8881 8881 0
8881 4339 0
8881 2338 0
8881 4535 0
8881 4561 0
8881 4795 1
8881 4963 0
8881 1259 0
8881 5420 1
8881 5469 0
8881 5521 0
8881 3782 0
8881 1741 0
8881 3986 0
8881 8089 0
8881 6068 0
8881 10229 0
3254 3475 0
3254 447 1
3254 1259 0
1719 1170 0
1719 1719 0
1719 4295 0
1719 4300 0
1719 4301 0
1719 3801 0
1719 4339 0
1719 2338 0
1719 5419 1
1719 5469 0
1719 3475 0
1719 3036 0
4795 4525 1
4795 5056 1
4795 8867 1
4795 4795 2
4795 4800 1
4795 4805 1
4795 9166 1
4795 2280 1
4795 4339 1
4795 20251 1
4795 2340 1
4795 303 1
4795 9009 1
4795 338 1
4795 5469 1
4795 8053 1
4795 6633 1
4795 3968 2
4795 3461 1
4795 16275 1
4795 2967 1
4795 8089 1
4795 6469 1
4795 7079 1
4795 4524 1
4795 4526 1
4795 6068 1
4795 4534 1
4795 4535 1
4795 4537 1
4795 4539 1
4795 4551 1
4795 5068 1
4795 4560 1
4795 4561 1
4795 9173 1
4795 473 1
4795 3035 1
4795 3036 1
4795 496 1
5237 5237 0
5237 4300 0
5237 729 0
5237 20251 0
5237 12577 0
5237 5419 1
5237 5420 1
4800 13227 1
4800 3869 0
4800 5056 0
4800 4805 0
4800 3526 0
4800 4551 0
4800 338 0
4299 3968 1
4299 2338 0
4299 8867 0
4299 4535 0
4299 4299 0
4299 509 0
4805 16663 0
4805 7064 0
4805 3986 0
4805 4805 0
4805 2342 0
4805 4524 0
4805 4525 0
4805 4526 0
4805 3782 0
4805 4808 0
4805 12726 0
4805 3526 0
4805 13284 0
4805 220 0
3782 61 1
3782 2280 0
3782 338 0
3782 9009 0
3782 4963 0
3782 5054 0
3782 1259 0
3782 3426 0
3782 3461 0
3782 1741 0
3782 1928 1
3782 3986 0
3782 6065 0
4295 3968 1
4295 1170 0
4295 20251 0
4295 7109 0
4295 2338 0
4295 5835 0
4295 1741 0
4295 8867 0
4295 729 0
4295 4301 0
4295 5521 0
4295 3986 0
4295 4300 0
4808 3968 1
4808 3986 0
4808 5056 0
5835 5835 0
5835 4300 0
5835 2338 0
5835 719 0
5835 729 0
5835 20251 0
5835 5419 1
5835 5469 0
5835 5521 0
5835 4535 0
5835 3035 0
5835 3036 0
4300 5469 0
4300 20251 0
4300 1170 0
4300 4300 0
4300 1741 0
4300 4301 0
4300 2340 0
4300 4339 0
4300 4340 0
4300 729 0
4300 2338 0
4300 2342 0
4300 5419 1
4300 5420 1
4300 303 0
4300 8058 0
4300 1259 0
4300 1928 1
4300 3475 0
4300 2967 0
4300 3986 0
4300 5056 0
4300 7109 0
4300 3035 0
4300 3036 0
4300 3801 0
4300 7662 0
4300 509 0
1741 2280 0
1741 2338 0
1741 4524 0
1741 4525 0
1741 4526 0
1741 4551 0
1741 8867 0
1741 719 0
1741 4963 0
1741 4301 0
1741 1259 0
1741 5419 1
1741 5420 1
1741 5469 0
1741 3461 0
1741 7662 0
1741 1741 0
1741 8053 0
1741 1928 1
1741 8089 0
1741 6469 0
1741 6068 0
4301 1170 0
4301 8867 0
4301 729 0
4301 2338 0
4301 5419 1
4301 8058 0
4301 3986 0
4301 7064 0
4301 6065 0
4301 6068 0
4301 7109 0
4301 509 0
729 10611 0
729 5469 0
729 61 1
729 1170 0
729 8867 0
729 729 0
729 2280 0
729 1259 0
729 4339 0
729 3801 0
729 2338 0
729 2342 0
729 5419 1
729 3986 0
729 8058 0
729 2967 0
729 7064 0
729 20251 0
729 3475 0
729 4534 0
729 12577 0
729 7662 0
729 509 0
719 4524 0
719 5469 0
719 6068 0
719 16663 0
719 7109 0
719 719 0
719 1259 0
719 4339 0
719 2340 0
719 5419 1
719 3986 0
719 2967 0
719 4551 0
719 13284 0
220 2338 0
220 5419 1
220 5420 1
220 220 0
4764 3968 1
4764 2338 0
2280 4963 0
2280 1170 0
2280 2280 0
2280 303 0
2280 16275 0
2280 3426 0
2280 3986 0
2280 8867 0
2280 473 0
2280 7662 0
2280 509 0
1259 4524 0
1259 4534 0
1259 7064 0
1259 5419 1
1259 5469 0
1259 3426 0
1259 3475 0
1259 20251 0
1259 3869 0
1259 3986 0
4339 5469 0
4339 2338 0
4339 4340 0
4339 3801 0
4339 5420 1
4339 3986 0
4339 8058 0
4339 1928 1
4339 3475 0
4339 2967 0
4339 4524 0
4339 4525 0
4339 4526 0
4339 4534 0
4339 5419 1
4339 5056 0
4339 3035 0
4339 3036 0
4339 509 0
4340 4340 0
4340 20251 0
4340 2338 0
4340 5420 1
4340 5469 0
4340 3986 0
4340 4534 0
4340 3035 0
4340 3036 0
16663 3869 0
16663 9009 0
16663 1928 1
16663 9173 0
16663 13284 0
20251 1170 0
20251 20251 0
20251 9173 0
20251 12577 0
20251 2338 0
20251 5419 1
20251 10044 0
20251 5469 0
20251 3475 0
20251 7662 0
3869 3869 0
3869 5419 1
3869 4524 0
3869 4525 0
3869 4526 0
3869 13227 1
12577 12577 0
12577 5419 1
12577 5420 1
2338 61 1
2338 3801 0
2338 2338 0
2338 2342 0
2338 3475 0
2338 473 0
2338 509 0
2338 8867 0
2338 4963 0
2338 2967 0
2338 13227 1
2338 5054 0
2338 5056 0
2338 9173 0
2338 3035 0
2338 3036 0
2338 13284 0
2338 1170 0
2338 10611 0
2338 5419 1
2338 5420 1
2338 5469 0
2338 3426 0
2338 3461 0
2338 7064 0
2338 3526 0
2338 7662 0
2338 2340 0
2338 8058 0
2338 6065 0
2338 1928 1
2338 3986 0
2338 6068 0
2340 3968 1
2340 2967 0
2340 2340 0
2340 4551 0
2340 8053 0
2340 4560 0
2340 3036 0
2340 5469 0
2340 509 0
2340 8058 0
2342 3986 0
2342 5420 1
2342 3801 0
2342 5469 0
2342 1170 0
2342 7662 0
5419 1170 1
5419 3801 1
5419 5419 2
5419 10044 1
5419 5469 1
5419 4963 1
5419 10611 1
5419 8058 1
5419 3986 1
5419 3475 1
5419 8089 1
5419 5056 1
5419 7662 1
5419 10229 1
5419 509 1
5420 1170 1
5420 10611 1
5420 10044 1
5420 10229 1
5420 3801 1
5420 5469 1
5420 3986 1
5420 8058 1
303 8867 0
303 303 0
303 9009 0
303 5469 0
303 3968 1
303 3517 0
303 5056 0
303 4560 0
303 4561 0
303 473 0
9009 5469 0
9009 7109 0
9009 9009 0
9009 4963 0
9009 3441 0
9009 8053 0
9009 3461 0
9009 3986 0
9009 6068 0
10044 1928 1
10044 3035 0
10044 7109 0
6469 3968 1
1862 7109 1
1862 1869 1
1869 4524 0
1869 4525 0
1869 4526 0
1869 4534 0
1869 1869 0
1869 11687 1
338 5469 0
338 61 1
338 338 0
338 4535 0
338 4551 0
338 4560 0
338 8867 0
338 4963 0
338 2967 0
338 13284 0
338 19808 0
338 3461 0
338 5521 0
338 3526 0
338 6068 0
5469 4524 0
5469 4525 0
5469 4526 0
5469 4534 0
5469 4537 0
5469 4539 0
5469 509 0
5469 2967 0
5469 7064 0
5469 5056 0
5469 3036 0
5469 1170 0
5469 5469 0
5469 5521 0
5469 3475 0
5469 3526 0
5469 7662 0
5469 8058 0
5469 1928 1
5469 3986 0
19808 4539 0
19808 7109 0
19808 9166 0
19808 1928 1
19808 8089 0
3426 61 1
3426 4551 0
3426 8867 0
3426 5054 0
3426 3426 0
3426 3461 0
3426 7064 0
3426 1928 1
3426 3986 0
3426 6065 0
3426 6068 0
3426 10229 0
4963 61 1
4963 5054 0
4963 3461 0
4963 3986 0
4963 6065 0
1170 4524 0
1170 509 0
1170 8867 0
1170 2967 0
1170 5056 0
1170 3475 0
1170 7662 0
1170 3801 0
1170 8058 0
1170 1928 1
1170 3986 0
61 3517 1
61 5054 1
3441 10611 0
3441 12726 0
3441 971 1
3441 3441 0
8053 473 0
8053 16275 0
8058 3801 0
8058 8058 0
3968 3968 2
3968 12726 1
3968 3526 1
3968 21148 1
3968 496 1
3461 8867 0
3461 3461 0
3461 1928 1
3461 3986 0
3461 4551 0
3461 4560 0
1928 21148 1
1928 3801 1
1928 1928 2
1928 7064 1
1928 6065 1
1928 6068 1
1928 3517 1
1928 7109 1
1928 5068 1
1928 9173 1
1928 13284 1
5521 5521 0
5521 3986 0
5521 6570 1
5521 6068 0
5521 4537 0
5521 4551 0
5521 3035 0
5521 3036 0
3986 447 1
3986 509 0
3986 8867 0
3986 10229 0
3986 2967 0
3986 3035 0
3986 3517 0
3986 3526 0
3986 3986 0
3986 4525 0
3986 4534 0
3986 4551 0
3986 13284 0
3986 6068 0
3986 7064 0
3986 7109 0
3986 16275 0
3986 8089 0
16275 8867 0
16275 16275 0
16275 4524 0
2967 2967 0
2967 4534 0
2967 4535 0
2967 4537 0
2967 4539 0
2967 7109 0
2967 4551 0
2967 3035 0
2967 3036 0
7064 8867 0
7064 4524 0
7064 6065 0
7064 6068 0
7064 4534 0
7064 4537 0
7064 4551 0
7064 4560 0
7064 4561 0
7064 9173 0
7064 13284 0
8089 3475 0
8089 8089 0
8089 4524 0
21148 21148 0
21148 7109 0
6570 6570 2
13227 3526 1
4524 4524 0
4524 4525 0
4524 4526 0
4524 473 0
4524 496 0
4525 4526 0
4525 473 0
4526 473 0
6065 3526 0
6065 6065 0
6065 6068 0
6068 4560 0
6068 473 0
6068 8867 0
6068 4551 0
6068 5068 0
6068 3036 0
6068 6068 0
12726 12726 0
12726 5056 0
4535 3475 0
4535 4534 0
4535 4535 0
4537 3475 0
4537 4534 0
4537 4537 0
4537 4551 0
4537 473 0
4539 3475 0
4539 4539 0
3517 7109 0
5056 3526 0
5056 3801 0
5056 496 0
7109 7109 0
7109 4551 0
7109 496 0
3526 8867 0
3526 509 0
4551 3801 0
4551 4560 0
4551 4561 0
4551 496 0
4551 4551 0
4551 3036 0
9166 9166 0
4560 7079 0
4560 4560 0
4560 4561 0
4560 6633 0
4561 7079 0
4561 4561 0
8867 473 0
8867 509 0
8867 8867 0
8867 13284 0
9173 3801 0
9173 13284 0
473 496 0
3035 4534 0
3035 3035 0
3036 3801 0
3036 3036 0
3036 509 0
3475 4534 0
3475 3475 0
4534 496 0
4534 4534 0
6633 7079 0
6633 6633 0
3801 7662 0
7079 7079 0
496 496 0
10229 10229 0
509 509 0
