1920 3353 0
1920 3354 0
1920 4145 0
1920 168 0
1920 7084 0
1920 561 0
1920 4553 0
1920 5855 0
1920 1903 1
1920 4479 1
4484 834 1
4484 4484 0
4484 4479 1
133 3986 1
133 8988 1
133 5981 1
133 3426 1
133 3939 1
1158 561 0
1158 1158 0
1158 168 0
1158 5855 0
1158 4409 0
1158 2956 1
1158 2973 1
1158 2500 0
5641 5641 0
5641 561 0
5641 1721 1
5641 1722 1
5641 1725 0
5641 5855 0
5641 4409 0
5641 3426 0
5641 2410 0
5641 2414 0
5641 2415 0
5641 2417 0
5641 5616 0
5641 2500 0
3427 4794 0
3427 4409 0
3427 3426 0
3427 4479 1
3427 834 1
3427 3986 0
3427 4553 0
3427 4051 0
3427 5885 0
2956 2956 2
2956 2714 1
2956 2973 2
2956 287 1
2956 4553 1
2956 3939 1
2956 2149 2
3986 33 0
3986 8356 0
3986 827 0
3986 863 0
3986 1722 1
3986 1726 0
3986 2174 0
3986 2714 0
3986 3426 0
3986 3986 0
3986 4145 0
3986 4409 0
3986 4479 1
3986 5885 0
3986 5981 0
15509 2714 0
15509 1903 1
15509 7893 0
15509 4479 1
3353 168 0
3353 4479 1
3353 2500 0
3353 561 0
3353 863 0
3353 7084 0
3353 3353 0
3353 3354 0
3353 1725 0
3353 5855 0
3353 1903 1
3354 168 0
3354 287 0
3354 4479 1
3354 2500 0
3354 561 0
3354 863 0
3354 7084 0
3354 4329 1
3354 3354 0
3354 5855 0
3354 5981 0
3354 1903 1
2415 9221 0
2415 561 0
2415 4409 0
2415 1727 1
2415 1722 1
2415 866 0
2415 2410 0
2415 2414 0
2415 1725 0
2415 2417 0
2415 756 0
8988 561 0
8988 4479 1
8988 8988 0
2714 2714 0
2714 168 0
2714 827 0
2714 3426 0
2714 1727 1
2714 5855 0
2714 5981 0
9221 866 0
9221 2414 0
9221 2417 0
9221 756 0
9221 1722 1
9221 1725 0
9221 1727 1
33 33 0
33 1721 1
33 1722 1
33 8954 0
33 7893 0
8356 3081 1
8356 6580 1
8356 5855 0
3078 3078 0
3078 3081 1
3078 6580 1
4145 4145 0
4145 2149 1
4145 4409 0
4145 2500 0
4145 561 0
4145 6738 0
4145 827 0
4145 834 1
4145 863 0
4145 15672 0
4145 1726 0
4145 1727 1
4145 1728 1
4145 7893 0
4145 5855 0
4145 5885 0
4145 5981 0
168 168 0
168 4479 1
168 287 0
168 561 0
168 8954 0
168 7084 0
168 5885 0
168 5981 0
168 1903 1
7084 1725 0
7084 1728 1
7084 5855 0
7084 4329 1
7084 4409 0
7084 9064 0
7084 7084 0
7084 5616 0
827 287 0
827 4409 0
827 4479 1
827 4553 0
827 561 0
827 827 0
827 834 1
827 866 0
827 1722 1
827 7893 0
827 5855 0
827 5981 0
2973 2973 2
561 1722 1
561 2417 0
561 4409 0
561 2410 0
561 2414 0
561 2500 0
561 561 0
561 756 0
561 8954 0
561 834 1
561 863 0
561 866 0
561 9064 0
561 5616 0
561 1725 0
561 1728 1
561 5855 0
561 5981 0
561 4051 0
6580 3081 2
15672 1722 1
15672 1727 1
15672 15672 0
4409 4794 0
4409 4409 0
4409 2410 0
4409 2414 0
4409 2417 0
4409 6738 0
4409 756 0
4409 866 0
4409 3426 0
4409 5616 0
4409 1721 1
4409 1722 1
4409 1725 0
4409 1726 0
4409 1727 1
4409 1728 1
4409 7893 0
4409 5981 0
4409 6141 0
1722 1722 2
1722 1725 1
1722 1727 2
1722 1728 2
1722 5855 1
1722 866 1
1722 4794 1
1722 2410 1
1722 2414 1
1722 2417 1
1722 756 1
1722 8954 1
287 287 0
287 863 0
287 866 0
287 9064 0
287 1721 1
287 2410 0
287 3426 0
287 4553 0
287 5885 0
287 7893 0
1725 4794 0
1725 2414 0
1725 1727 1
1725 1728 1
1725 5855 0
1725 756 0
1725 866 0
1725 2410 0
1725 2417 0
1726 6738 0
1726 2414 0
1726 1721 1
1726 4794 0
1726 1726 0
1726 1728 1
1726 6141 0
1727 1728 2
1727 4553 1
1727 866 1
1727 2414 1
1727 5616 1
1727 2417 1
1727 756 1
1728 2500 1
1728 6738 1
1728 7893 1
1728 5981 1
1728 5855 1
1728 8507 1
1728 9064 1
1728 2410 1
1728 6141 1
834 5981 1
834 4051 1
834 863 1
834 3426 1
834 19426 1
834 8507 1
8003 5981 0
8003 2149 1
8003 4479 1
2500 4329 1
2500 4479 1
2500 2500 0
2500 5855 0
2500 5981 0
2500 1903 1
4553 5855 0
4553 4479 1
4553 4553 0
19426 4479 1
6738 4479 1
6738 6738 0
6738 9064 0
6738 3426 0
6738 5855 0
6738 5981 0
4051 3426 0
4051 1903 1
4051 4051 0
7893 7893 0
7893 8507 0
7893 4479 1
7893 5855 0
7893 5981 0
1721 4794 1
1721 2414 1
1721 5616 1
1721 8954 1
1721 6141 1
5981 8507 0
5981 2414 0
5981 3426 0
5981 4479 1
5981 5855 0
5981 5885 0
5981 5981 0
5855 2417 0
5855 4329 1
5855 2414 0
5855 4479 1
5855 756 0
5855 863 0
5855 866 0
5855 9064 0
5855 5616 0
5855 5855 0
5855 1903 1
863 3426 0
863 866 0
863 4479 1
866 3426 0
866 756 0
866 866 0
866 2410 0
866 2414 0
866 2417 0
2149 2174 1
4794 4794 0
4794 3426 0
9064 9064 0
9064 4479 1
4329 4329 2
2410 2410 0
2410 2414 0
2410 2417 0
2410 756 0
2410 6141 0
3426 2174 0
3426 2414 0
3426 4479 1
3426 3426 0
2414 2414 0
2414 756 0
2414 2417 0
2414 6141 0
1903 5885 1
5616 5616 0
2417 756 0
5885 4479 1
5885 5885 0
8954 8954 0
2174 4479 1
