1 1 0
1 53 0
1 9828 0
1 4787 0
1 287 0
1 2800 1
1 284 0
1 9009 0
1 16863 1
1 7491 0
1 7582 0
1 15952 0
11 1680 0
11 3986 0
11 8467 0
11 2718 0
11 2722 0
11 7721 1
11 13355 0
11 6099 0
11 5982 0
11 5521 1
11 3561 0
53 53 0
53 65 0
53 2115 0
53 8391 0
53 287 0
53 4465 0
53 16762 0
53 385 1
53 4536 0
53 2500 0
53 19879 0
53 2594 0
53 2596 0
53 2597 0
53 2598 0
53 2599 0
53 2606 0
53 2703 0
53 2712 0
53 2718 0
53 2722 0
53 4780 0
53 8881 0
53 4801 0
53 9009 0
53 4956 0
53 5005 0
53 5052 0
53 5243 0
53 1170 0
53 5365 0
53 5367 0
53 3354 0
53 5469 0
53 1388 0
53 5487 0
53 6739 0
53 7721 1
53 1591 0
53 1653 0
53 3719 1
53 1680 0
53 1687 0
53 16031 0
53 3802 0
53 5855 0
53 5981 0
53 8064 0
53 1927 0
53 3978 0
53 6068 0
65 1197 0
65 7721 1
65 13355 0
65 67 0
65 1620 0
65 9828 0
65 1653 0
65 2703 0
65 2712 0
65 2722 0
65 3426 0
65 1259 0
65 1927 0
65 5521 1
65 3986 0
65 6068 0
65 3043 0
67 7721 1
67 13355 0
67 9828 0
67 2718 0
67 2722 0
67 5469 0
67 3426 0
67 3986 0
67 67 0
67 1957 0
67 6068 0
67 4005 1
67 5118 0
268 7726 0
268 5986 0
268 1620 0
268 4780 0
268 700 0
268 704 0
268 705 0
268 5832 0
268 7401 1
268 5882 0
268 5883 0
268 5885 0
268 268 0
268 270 0
268 8467 0
268 15128 1
268 3886 0
268 6968 0
268 15413 0
268 5981 0
268 5982 0
268 5988 0
268 1388 0
268 2936 0
268 2937 0
268 17311 0
268 8611 0
270 2594 0
270 2598 0
270 7726 0
270 561 0
270 700 0
270 1653 0
270 5258 0
270 4780 0
270 704 0
270 705 0
270 16079 0
270 7401 1
270 5882 0
270 5885 0
270 270 0
270 15128 1
270 5981 0
270 5986 0
270 5988 0
270 5994 0
270 5494 0
270 19837 0
270 2976 0
270 2983 0
270 5052 0
270 18254 0
270 5082 0
284 284 0
284 9009 0
284 16863 1
284 5432 0
284 287 0
284 7491 0
284 1221 0
284 3536 0
284 7582 0
284 15952 0
284 9828 0
284 2800 1
284 1653 0
287 287 0
287 8588 0
287 15128 1
287 8881 0
287 8882 0
287 700 0
287 705 0
287 9009 0
287 1034 0
287 1221 0
287 1259 0
287 1620 0
287 9828 0
287 1894 0
287 10179 0
287 2059 0
287 2062 1
287 2115 0
287 2594 0
287 2712 0
287 2718 0
287 2782 0
287 2793 0
287 2800 1
287 2805 0
287 2808 0
287 3012 0
287 3043 0
287 18292 0
287 3354 0
287 3411 0
287 3426 0
287 3431 0
287 19837 0
287 19879 0
287 1957 0
287 3719 1
287 4006 1
287 4361 1
287 20814 1
287 4465 0
287 4536 0
287 4610 0
287 4885 0
287 5052 0
287 13355 0
287 5243 0
287 5254 0
287 5392 0
287 5487 0
287 5494 0
287 5850 0
287 5885 0
287 5994 0
287 6099 0
287 6739 0
287 7312 0
287 7582 0
287 15952 0
287 7836 0
287 16079 0
287 8051 1
287 8176 0
385 8064 1
385 385 2
385 1160 1
385 5521 2
385 1170 1
385 5523 1
385 3353 1
385 3354 1
385 7836 1
385 2718 1
385 1957 1
385 4859 1
385 7077 1
385 5855 1
385 5365 1
385 8515 1
385 2500 1
385 5193 1
385 1883 1
385 3043 1
385 1765 1
385 1894 1
385 5994 1
385 892 1
390 4361 1
390 19628 0
390 5397 0
390 1687 0
390 8351 1
390 2500 0
390 1653 0
418 2594 0
418 2596 0
418 1591 0
418 6739 0
418 1620 0
418 2139 1
418 5243 0
418 2718 0
418 16031 0
418 2722 0
418 7721 1
418 1807 0
418 3426 0
418 4465 0
418 3986 0
418 2976 0
495 6147 0
495 5469 0
495 6739 0
495 1653 0
495 1687 0
495 2712 0
495 2794 1
495 1259 0
495 4859 0
495 8467 0
495 561 0
495 5432 0
495 3426 0
495 3427 0
495 3431 0
495 4465 0
495 13037 1
495 5523 0
495 7077 0
495 2500 0
495 4550 0
495 495 0
561 1722 0
561 8391 0
561 18728 0
561 4465 0
561 2500 0
561 4550 0
561 2594 0
561 2596 0
561 2598 0
561 2599 0
561 561 0
561 2712 0
561 2718 0
561 6828 0
561 7283 0
561 700 0
561 2793 0
561 746 0
561 4859 0
561 4956 0
561 892 0
561 3035 0
561 3043 0
561 7147 0
561 5243 0
561 1160 0
561 19628 0
561 1221 0
561 1259 0
561 5365 0
561 5367 0
561 3353 0
561 3354 0
561 3355 0
561 5432 0
561 1388 0
561 5521 1
561 5523 0
561 19879 0
561 1680 0
561 1687 0
561 5855 0
561 1807 0
561 18254 0
561 5981 0
561 5982 0
561 5986 0
561 5988 0
561 1894 0
561 5994 0
561 6005 0
561 1927 0
561 3978 0
561 6068 0
561 8865 0
561 6138 1
591 5193 1
591 5487 1
591 1680 1
700 4610 0
700 2059 0
700 2606 0
700 1653 0
700 4780 0
700 1197 0
700 700 0
700 704 0
700 705 0
700 5850 0
700 6267 0
700 1259 0
700 5883 0
700 5432 0
700 5521 1
700 4566 1
700 6992 1
704 4610 0
704 4780 0
704 5521 1
704 7726 0
704 6068 0
704 5432 0
704 704 0
704 705 0
704 4566 1
705 4610 0
705 2059 0
705 5981 0
705 6739 0
705 7013 0
705 6828 0
705 1197 0
705 705 0
705 5832 0
705 3802 0
705 5855 0
705 1259 0
705 4343 0
705 5882 0
705 5885 0
705 5400 0
705 5432 0
705 6992 1
705 6968 0
705 5469 0
705 5986 0
705 6005 0
705 892 0
705 3978 0
705 2981 0
705 5052 0
705 4550 0
705 4566 1
746 1160 0
746 1687 0
746 8881 0
746 4787 0
746 5850 0
746 5855 0
746 746 0
746 1259 0
746 13037 1
746 5432 0
746 4956 0
746 5469 0
746 5494 0
746 4566 1
892 5152 0
892 1620 0
892 1653 0
892 1160 0
892 1687 0
892 1197 0
892 5834 1
892 5850 0
892 5855 0
892 5365 0
892 5367 0
892 4859 0
892 3354 0
892 3355 0
892 5432 0
892 892 0
892 5523 0
892 2500 0
892 4550 0
892 3043 0
892 8185 0
1026 1026 0
1026 5521 1
1026 5523 0
1026 5148 1
1026 5152 0
1026 5155 1
1026 3035 0
1027 1027 0
1027 1030 0
1027 5523 0
1027 5155 1
1027 5148 1
1028 5152 0
1028 5155 1
1028 1028 0
1028 2953 1
1028 5148 1
1030 1030 0
1030 5148 1
1030 5152 0
1030 5155 1
1030 3035 0
1030 5521 1
1030 5523 0
1034 5152 0
1034 5155 1
1034 5148 1
1160 5469 0
1160 8373 0
1160 4371 0
1160 8588 0
1160 4536 0
1160 2500 0
1160 4550 0
1160 6828 0
1160 4787 0
1160 4859 0
1160 15128 1
1160 7077 0
1160 2983 0
1160 2987 1
1160 3043 0
1160 19628 0
1160 7283 0
1160 1160 0
1160 1221 0
1160 1259 0
1160 5365 0
1160 5367 0
1160 3353 0
1160 3354 0
1160 3355 0
1160 1388 0
1160 13687 0
1160 5521 1
1160 5523 0
1160 1957 0
1160 2981 0
1160 1653 0
1160 1687 0
1160 5855 0
1160 1765 0
1160 5432 0
1160 5986 0
1160 1894 0
1160 5994 0
1160 8185 0
1170 6147 0
1170 2059 0
1170 4185 0
1170 2712 0
1170 2722 0
1170 5243 0
1170 3354 0
1170 5432 0
1170 5469 0
1170 1388 0
1170 1591 0
1170 1620 0
1170 5855 0
1170 1807 0
1170 5981 0
1170 1927 0
1170 3986 0
1170 4361 1
1197 2059 0
1197 1591 0
1197 1620 0
1197 1653 0
1197 1687 0
1197 1197 0
1197 8881 0
1197 1221 0
1197 5855 0
1197 1765 0
1197 4859 0
1197 4371 0
1197 3354 0
1197 3886 0
1197 5432 0
1197 3919 0
1197 1927 0
1197 5521 1
1197 1957 0
1197 2976 0
1197 2500 0
1197 4550 0
1197 4566 1
1197 7077 0
1197 3043 0
1197 3050 0
1197 5523 0
1221 6147 0
1221 8881 0
1221 3426 0
1221 4371 0
1221 5850 0
1221 2500 0
1221 4550 0
1221 4579 0
1221 4610 0
1221 2594 0
1221 2596 0
1221 2598 0
1221 2605 0
1221 6809 0
1221 2718 0
1221 2722 0
1221 6828 0
1221 2793 0
1221 4859 0
1221 9009 0
1221 5005 0
1221 7077 0
1221 3043 0
1221 13355 0
1221 13491 0
1221 1221 0
1221 1259 0
1221 5392 0
1221 5432 0
1221 5469 0
1221 3427 0
1221 5494 0
1221 5521 1
1221 19879 0
1221 1957 0
1221 7721 1
1221 1620 0
1221 8467 0
1221 1653 0
1221 3802 0
1221 5855 0
1221 3886 0
1221 5981 0
1221 5982 0
1221 5988 0
1221 8041 0
1221 3978 0
1221 3986 0
1225 2953 1
1225 5148 1
1225 5152 0
1225 5155 1
1225 1225 0
1259 6147 0
1259 2059 0
1259 8467 0
1259 13037 1
1259 2450 0
1259 2500 0
1259 4579 0
1259 4610 0
1259 2594 0
1259 2596 0
1259 2712 0
1259 2722 0
1259 8881 0
1259 7147 0
1259 5258 0
1259 5365 0
1259 5398 0
1259 3353 0
1259 3354 0
1259 3355 0
1259 5432 0
1259 5469 0
1259 3426 0
1259 1388 0
1259 3561 0
1259 6739 0
1259 7721 1
1259 1620 0
1259 4371 0
1259 1653 0
1259 1687 0
1259 7836 0
1259 5882 0
1259 1807 0
1259 1808 0
1259 5982 0
1259 5986 0
1259 1894 0
1259 8064 0
1259 3986 0
1388 6147 0
1388 16388 0
1388 8881 0
1388 1388 0
1388 2937 0
1388 8467 0
1388 5850 0
1388 16762 0
1388 8611 0
1388 4566 1
1388 2594 0
1388 2596 0
1388 2598 0
1388 2605 0
1388 2606 0
1388 6739 0
1388 16490 0
1388 8865 0
1388 2722 0
1388 13037 1
1388 4859 0
1388 4956 0
1388 4971 0
1388 2936 0
1388 4985 0
1388 4989 0
1388 5005 0
1388 15853 0
1388 3012 0
1388 3043 0
1388 5392 0
1388 5393 0
1388 5394 0
1388 5395 0
1388 5396 0
1388 5397 0
1388 5398 0
1388 3426 0
1388 19879 0
1388 3561 0
1388 15882 0
1388 1591 0
1388 1653 0
1388 16031 0
1388 7858 0
1388 3802 0
1388 1765 0
1388 18728 0
1388 5885 0
1388 5981 0
1388 5994 0
1388 6805 0
1388 3978 0
1388 3986 0
1388 18378 0
1388 16349 0
1591 16388 0
1591 6828 0
1591 2115 0
1591 16490 0
1591 6267 0
1591 6269 0
1591 8391 0
1591 8467 0
1591 5850 0
1591 16762 0
1591 8611 0
1591 4536 0
1591 2594 0
1591 2598 0
1591 2605 0
1591 2606 0
1591 6739 0
1591 2703 0
1591 2712 0
1591 2718 0
1591 8865 0
1591 2722 0
1591 4780 0
1591 8881 0
1591 4787 0
1591 13037 1
1591 4956 0
1591 4971 0
1591 2936 0
1591 4985 0
1591 4989 0
1591 5005 0
1591 15853 0
1591 3050 0
1591 7243 0
1591 5243 0
1591 2937 0
1591 5393 0
1591 5398 0
1591 3353 0
1591 3355 0
1591 3426 0
1591 5494 0
1591 5981 0
1591 19879 0
1591 7005 0
1591 3561 0
1591 15882 0
1591 7721 1
1591 11821 0
1591 1591 0
1591 1620 0
1591 1653 0
1591 1687 0
1591 16031 0
1591 7858 0
1591 3802 0
1591 5855 0
1591 18728 0
1591 8041 0
1591 18292 0
1591 3978 0
1591 3986 0
1591 18378 0
1591 6099 0
1591 16349 0
1620 6147 0
1620 7858 0
1620 2115 0
1620 4185 0
1620 4343 0
1620 4361 1
1620 4371 0
1620 5523 0
1620 4536 0
1620 4550 0
1620 4566 1
1620 16863 1
1620 2703 0
1620 2712 0
1620 2718 0
1620 2722 0
1620 4956 0
1620 5052 0
1620 3035 0
1620 5118 0
1620 9009 0
1620 1894 0
1620 5243 0
1620 5394 0
1620 5398 0
1620 5399 0
1620 5402 0
1620 5432 0
1620 7491 0
1620 5469 0
1620 19837 0
1620 5521 1
1620 15952 0
1620 1620 0
1620 15808 1
1620 5855 0
1620 1765 0
1620 5882 0
1620 5981 0
1620 18292 0
1620 8064 0
1620 3986 0
1620 1957 0
1653 16388 0
1653 16490 0
1653 8391 0
1653 8611 0
1653 8881 0
1653 8373 0
1653 1653 0
1653 1765 0
1653 18378 0
1653 2062 1
1653 5882 0
1653 2594 0
1653 2596 0
1653 2598 0
1653 2605 0
1653 2606 0
1653 2722 0
1653 16863 1
1653 2936 0
1653 2937 0
1653 3353 0
1653 19879 0
1653 3561 0
1653 3802 0
1653 3986 0
1653 8865 0
1653 4465 0
1653 4536 0
1653 4566 1
1653 4610 0
1653 21156 1
1653 4801 0
1653 4956 0
1653 4971 0
1653 4985 0
1653 4989 0
1653 5082 0
1653 13355 0
1653 15882 0
1653 5243 0
1653 5367 0
1653 18728 0
1653 5400 0
1653 5402 0
1653 5494 0
1653 5523 0
1653 5832 0
1653 5850 0
1653 5855 0
1653 5966 0
1653 5988 0
1653 6068 0
1653 6147 0
1653 6739 0
1653 6805 0
1653 7005 0
1653 7583 0
1653 7721 1
1653 7836 0
1653 16031 0
1653 7858 0
1653 8018 0
1653 8041 0
1653 8064 0
1653 16349 0
1653 8176 0
1680 2115 0
1680 8391 0
1680 2059 0
1680 2500 0
1680 2594 0
1680 2596 0
1680 2599 0
1680 6739 0
1680 1807 0
1680 2712 0
1680 2718 0
1680 2722 0
1680 8881 0
1680 4801 0
1680 5243 0
1680 5005 0
1680 5469 0
1680 3426 0
1680 19879 0
1680 15882 0
1680 7721 1
1680 16031 0
1680 3802 0
1680 3919 0
1680 3978 0
1680 3986 0
1680 4026 0
1687 2115 0
1687 3426 0
1687 6267 0
1687 13687 0
1687 4361 1
1687 4371 0
1687 4536 0
1687 2500 0
1687 4550 0
1687 2606 0
1687 4787 0
1687 4801 0
1687 4859 0
1687 2936 0
1687 2937 0
1687 2981 0
1687 2987 1
1687 3043 0
1687 5981 0
1687 19628 0
1687 5365 0
1687 5367 0
1687 8064 0
1687 3353 0
1687 3354 0
1687 3355 0
1687 5432 0
1687 5469 0
1687 3427 0
1687 5521 1
1687 5523 0
1687 19879 0
1687 7077 0
1687 2983 0
1687 1687 0
1687 5855 0
1687 1765 0
1687 5882 0
1687 3886 0
1687 5986 0
1687 1894 0
1687 5994 0
1687 3978 0
1687 1957 0
1722 6147 0
1722 3986 0
1722 7721 1
1722 1722 0
1722 5855 0
1722 13037 1
1722 6269 0
1765 4787 0
1765 2115 0
1765 4361 1
1765 4536 0
1765 4550 0
1765 2594 0
1765 2597 0
1765 2599 0
1765 2606 0
1765 6739 0
1765 8881 0
1765 9009 0
1765 4956 0
1765 2936 0
1765 2937 0
1765 7077 0
1765 2983 0
1765 5052 0
1765 9156 0
1765 3043 0
1765 13355 0
1765 5367 0
1765 5393 0
1765 5397 0
1765 5401 0
1765 3355 0
1765 5469 0
1765 3426 0
1765 5494 0
1765 19879 0
1765 16031 0
1765 7858 0
1765 5855 0
1765 1765 0
1765 5882 0
1765 5883 0
1765 8041 0
1765 6005 0
1765 3978 0
1765 3986 0
1807 2059 0
1807 3719 1
1807 2718 0
1807 2800 1
1807 5365 0
1807 5367 0
1807 1807 0
1807 1808 0
1807 4956 0
1807 5469 0
1807 19879 0
1807 8166 0
1808 2703 0
1808 2712 0
1808 2718 0
1808 19879 0
1808 5521 1
1808 5855 0
1808 4566 1
1808 4956 0
1883 5523 0
1883 2712 0
1883 2718 0
1883 2605 0
1883 9009 0
1883 2722 0
1883 1883 0
1883 5521 1
1883 5487 0
1894 4610 0
1894 6267 0
1894 5855 0
1894 2793 0
1894 2795 1
1894 5885 0
1894 3354 0
1894 3355 0
1894 5432 0
1894 3353 0
1894 5981 0
1894 3426 0
1894 1894 0
1894 3431 0
1894 5523 0
1894 3012 0
1894 4550 0
1927 2059 0
1927 4343 0
1927 4465 0
1927 16762 0
1927 4610 0
1927 2594 0
1927 2599 0
1927 6739 0
1927 14978 0
1927 2718 0
1927 2722 0
1927 4780 0
1927 4859 0
1927 4956 0
1927 2936 0
1927 13355 0
1927 5193 0
1927 3043 0
1927 3354 0
1927 5469 0
1927 3426 0
1927 5521 1
1927 19879 0
1927 7721 1
1927 16079 0
1927 5855 0
1927 5882 0
1927 3986 0
1927 4043 0
1927 8176 0
1950 8064 0
1950 11265 1
1950 2139 1
1957 8881 0
1957 5986 0
1957 2703 0
1957 7858 0
1957 3802 0
1957 5367 0
1957 4859 0
1957 4371 0
1957 3353 0
1957 3354 0
1957 3355 0
1957 5994 0
1957 8515 0
1957 5521 1
1957 6005 0
1957 1957 0
1957 4550 0
1957 4043 0
1957 3043 0
2057 5152 0
2057 5155 1
2057 5148 1
2059 2059 0
2059 5469 0
2059 4185 0
2059 8391 0
2059 8400 1
2059 4536 0
2059 2718 0
2059 4971 0
2059 5432 0
2059 5521 1
2059 5523 0
2059 5885 0
2059 5967 0
2059 8064 0
2059 8176 0
2115 2594 0
2115 2596 0
2115 2599 0
2115 8882 0
2115 2115 0
2115 6739 0
2115 2139 1
2115 8881 0
2115 5885 0
2115 9828 0
2115 5243 0
2115 5258 0
2115 2712 0
2115 2718 0
2115 2722 0
2115 4801 0
2115 8391 0
2115 5855 0
2115 19837 0
2115 3802 0
2115 4956 0
2115 3426 0
2115 3978 0
2115 5005 0
2115 3986 0
2115 5469 0
2115 2983 0
2115 16031 0
2115 7721 1
2115 4550 0
2115 3050 0
2115 19879 0
2139 7721 2
2139 18136 1
2139 4465 1
2139 8882 1
2139 5432 1
2139 2139 2
2450 6739 0
2450 16031 0
2450 8881 0
2450 5850 0
2450 4859 0
2450 3802 0
2450 3426 0
2450 16762 0
2450 3978 0
2450 3986 0
2450 4007 1
2450 4566 1
2450 19879 0
2500 6267 0
2500 4371 0
2500 4465 0
2500 2598 0
2500 2599 0
2500 2703 0
2500 2712 0
2500 6809 0
2500 2718 0
2500 2722 0
2500 4801 0
2500 4859 0
2500 4874 0
2500 7077 0
2500 3043 0
2500 5365 0
2500 5367 0
2500 3353 0
2500 3354 0
2500 3355 0
2500 2500 0
2500 3411 0
2500 5521 1
2500 5523 0
2500 19879 0
2500 15882 0
2500 16079 0
2500 5855 0
2500 3886 0
2500 5432 0
2500 5981 0
2500 5994 0
2500 8185 0
2594 6147 0
2594 16388 0
2594 8391 0
2594 8467 0
2594 5850 0
2594 18728 0
2594 8611 0
2594 4568 0
2594 2594 0
2594 2596 0
2594 2597 0
2594 2598 0
2594 2599 0
2594 2605 0
2594 2606 0
2594 6739 0
2594 2703 0
2594 2718 0
2594 8865 0
2594 2722 0
2594 8881 0
2594 4801 0
2594 2797 1
2594 2800 1
2594 4956 0
2594 4971 0
2594 2936 0
2594 4985 0
2594 4989 0
2594 5005 0
2594 5052 0
2594 10426 0
2594 5243 0
2594 2937 0
2594 7005 0
2594 5394 0
2594 5395 0
2594 5396 0
2594 5398 0
2594 5399 0
2594 5400 0
2594 5401 0
2594 5402 0
2594 3426 0
2594 5487 0
2594 5494 0
2594 19879 0
2594 3561 0
2594 15853 0
2594 15882 0
2594 3719 1
2594 16031 0
2594 7858 0
2594 3802 0
2594 5855 0
2594 3886 0
2594 8041 0
2594 5994 0
2594 18292 0
2594 6805 0
2594 3978 0
2594 2712 0
2594 3986 0
2594 6068 0
2594 18378 0
2594 8166 0
2594 8176 0
2596 16388 0
2596 2596 0
2596 2597 0
2596 2598 0
2596 2599 0
2596 2605 0
2596 2606 0
2596 5981 0
2596 6739 0
2596 8467 0
2596 8041 0
2596 5243 0
2596 2712 0
2596 2718 0
2596 16031 0
2596 2722 0
2596 8881 0
2596 4801 0
2596 8391 0
2596 3802 0
2596 5855 0
2596 2797 1
2596 2800 1
2596 7721 1
2596 5392 0
2596 5394 0
2596 5395 0
2596 5396 0
2596 5398 0
2596 5399 0
2596 5400 0
2596 5401 0
2596 5402 0
2596 5850 0
2596 18728 0
2596 4956 0
2596 3426 0
2596 4465 0
2596 2937 0
2596 4989 0
2596 3978 0
2596 5005 0
2596 3986 0
2596 19879 0
2596 5052 0
2596 7858 0
2597 2599 0
2597 2606 0
2597 5254 0
2597 7312 0
2597 16031 0
2597 8881 0
2597 2797 1
2597 2800 1
2597 8467 0
2597 3886 0
2597 4956 0
2597 3426 0
2597 3978 0
2597 3986 0
2597 3561 0
2597 6739 0
2598 6147 0
2598 16388 0
2598 16490 0
2598 2937 0
2598 8467 0
2598 8611 0
2598 4566 1
2598 2598 0
2598 2599 0
2598 2605 0
2598 2606 0
2598 6739 0
2598 8865 0
2598 2722 0
2598 8881 0
2598 13037 1
2598 2798 1
2598 4971 0
2598 2936 0
2598 4985 0
2598 4989 0
2598 5365 0
2598 5367 0
2598 5394 0
2598 5395 0
2598 5396 0
2598 5398 0
2598 5399 0
2598 5400 0
2598 5401 0
2598 5402 0
2598 5005 0
2598 3426 0
2598 5487 0
2598 19879 0
2598 3561 0
2598 15882 0
2598 7726 0
2598 5850 0
2598 16031 0
2598 7858 0
2598 3802 0
2598 18728 0
2598 5885 0
2598 5981 0
2598 5994 0
2598 6005 0
2598 3978 0
2598 3986 0
2598 18378 0
2598 16349 0
2599 19879 0
2599 15882 0
2599 2599 0
2599 2712 0
2599 2605 0
2599 2606 0
2599 6739 0
2599 5243 0
2599 3012 0
2599 2718 0
2599 2722 0
2599 4801 0
2599 8391 0
2599 3802 0
2599 2797 1
2599 2800 1
2599 18728 0
2599 8467 0
2599 5397 0
2599 5005 0
2599 4956 0
2599 3426 0
2599 8041 0
2599 5994 0
2599 3978 0
2599 3986 0
2599 16031 0
2599 8881 0
2599 16349 0
2599 3561 0
2605 16388 0
2605 15882 0
2605 2605 0
2605 2606 0
2605 6739 0
2605 16490 0
2605 8041 0
2605 2722 0
2605 8881 0
2605 7858 0
2605 4985 0
2605 3802 0
2605 5855 0
2605 8611 0
2605 2797 1
2605 2800 1
2605 18728 0
2605 4343 0
2605 5885 0
2605 5850 0
2605 4956 0
2605 3426 0
2605 4971 0
2605 2936 0
2605 2937 0
2605 4989 0
2605 3986 0
2605 5981 0
2605 19879 0
2605 16031 0
2605 7721 1
2605 18378 0
2605 16349 0
2605 3561 0
2605 8865 0
2606 16388 0
2606 16490 0
2606 4371 0
2606 5850 0
2606 8611 0
2606 6739 0
2606 8865 0
2606 2722 0
2606 8881 0
2606 2793 0
2606 13037 1
2606 2800 1
2606 4859 0
2606 4956 0
2606 4971 0
2606 2936 0
2606 4985 0
2606 4989 0
2606 5005 0
2606 3012 0
2606 2937 0
2606 5392 0
2606 5393 0
2606 5394 0
2606 5395 0
2606 5396 0
2606 5398 0
2606 5399 0
2606 5400 0
2606 5401 0
2606 5402 0
2606 3426 0
2606 19879 0
2606 7005 0
2606 3561 0
2606 15853 0
2606 15882 0
2606 7721 1
2606 11821 0
2606 16031 0
2606 13491 0
2606 7858 0
2606 18378 0
2606 3802 0
2606 5855 0
2606 18728 0
2606 3886 0
2606 5981 0
2606 8041 0
2606 5994 0
2606 6805 0
2606 3978 0
2606 3986 0
2606 16349 0
2606 8176 0
2703 6269 0
2703 4566 1
2703 6739 0
2703 2703 0
2703 2712 0
2703 6809 0
2703 2718 0
2703 2722 0
2703 8881 0
2703 4787 0
2703 4859 0
2703 6968 0
2703 2936 0
2703 2981 0
2703 3012 0
2703 5243 0
2703 3426 0
2703 19837 0
2703 7721 1
2703 7726 0
2703 16031 0
2703 16079 0
2703 5855 0
2703 5882 0
2703 5885 0
2703 3886 0
2703 3978 0
2703 3986 0
2703 6068 0
2712 8391 0
2712 16079 0
2712 19837 0
2712 18728 0
2712 4465 0
2712 6739 0
2712 2712 0
2712 2718 0
2712 2722 0
2712 8881 0
2712 4787 0
2712 4801 0
2712 13037 1
2712 4859 0
2712 6968 0
2712 4956 0
2712 2936 0
2712 5005 0
2712 2976 0
2712 5052 0
2712 3043 0
2712 7283 0
2712 5243 0
2712 5393 0
2712 5394 0
2712 5398 0
2712 5399 0
2712 5400 0
2712 3354 0
2712 5432 0
2712 3426 0
2712 19879 0
2712 7077 0
2712 7721 1
2712 7726 0
2712 16031 0
2712 3802 0
2712 5855 0
2712 5882 0
2712 5885 0
2712 3886 0
2712 5981 0
2712 8064 0
2712 3978 0
2712 3986 0
2712 6068 0
2712 8865 0
2718 6147 0
2718 16388 0
2718 4185 0
2718 5832 0
2718 8391 0
2718 19837 0
2718 8467 0
2718 5521 1
2718 5523 0
2718 8588 0
2718 4536 0
2718 4550 0
2718 4566 1
2718 19879 0
2718 6739 0
2718 2718 0
2718 2722 0
2718 8881 0
2718 4801 0
2718 2798 1
2718 4859 0
2718 9009 0
2718 6968 0
2718 2937 0
2718 5005 0
2718 2976 0
2718 2981 0
2718 2983 0
2718 9156 0
2718 3035 0
2718 3043 0
2718 5243 0
2718 5401 0
2718 5432 0
2718 5469 0
2718 3426 0
2718 3427 0
2718 7721 1
2718 7726 0
2718 16079 0
2718 3802 0
2718 5855 0
2718 5882 0
2718 5967 0
2718 5982 0
2718 8064 0
2718 3978 0
2718 3986 0
2718 15359 1
2718 6068 0
2718 16031 0
2722 6147 0
2722 16388 0
2722 16490 0
2722 8391 0
2722 19837 0
2722 8467 0
2722 5521 1
2722 5523 0
2722 8611 0
2722 19879 0
2722 6739 0
2722 2722 0
2722 4801 0
2722 2798 1
2722 4859 0
2722 9009 0
2722 6968 0
2722 4971 0
2722 2936 0
2722 4985 0
2722 4989 0
2722 5005 0
2722 3043 0
2722 5243 0
2722 2937 0
2722 5398 0
2722 5432 0
2722 5469 0
2722 3426 0
2722 3431 0
2722 3561 0
2722 15882 0
2722 7721 1
2722 7726 0
2722 16031 0
2722 7858 0
2722 16079 0
2722 3802 0
2722 5855 0
2722 18728 0
2722 5882 0
2722 5981 0
2722 5982 0
2722 8064 0
2722 3978 0
2722 3986 0
2722 6068 0
2722 8865 0
2722 18378 0
2722 16349 0
2782 5254 0
2782 3986 0
2782 5523 0
2782 20814 1
2782 5981 0
2782 2782 0
2782 5521 1
2793 16490 0
2793 8467 0
2793 16762 0
2793 4566 1
2793 8865 0
2793 2797 1
2793 4971 0
2793 3012 0
2793 13491 0
2793 5432 0
2793 9609 0
2793 15853 0
2793 15882 0
2793 4371 0
2793 5855 0
2793 6005 0
2793 18378 0
2795 8515 1
2795 4550 1
2795 7283 1
2797 9609 1
2797 3978 1
2797 5005 1
2797 11501 1
2797 5392 1
2797 5393 1
2797 5394 1
2797 5395 1
2797 5396 1
2797 5397 1
2797 5398 1
2797 5399 1
2797 5400 1
2797 5401 1
2797 5402 1
2797 18728 1
2797 7721 2
2797 7858 1
2797 7005 1
2797 2981 1
2797 4579 1
2797 2798 2
2797 2800 2
2797 8041 1
2797 2936 1
2797 2937 1
2797 5243 1
2797 6805 1
2798 9609 1
2798 3978 1
2798 5005 1
2798 11501 1
2798 5392 1
2798 5393 1
2798 5394 1
2798 5395 1
2798 5396 1
2798 5397 1
2798 5398 1
2798 5399 1
2798 5400 1
2798 5401 1
2798 5402 1
2798 18728 1
2798 7721 2
2798 10398 1
2798 10426 1
2798 2808 1
2798 8611 1
2798 3802 1
2798 7005 1
2798 16863 2
2798 4453 1
2798 3561 1
2798 2800 2
2798 2805 1
2798 2936 1
2798 2810 1
2800 4610 1
2800 16388 1
2800 5398 1
2800 3978 1
2800 5392 1
2800 5393 1
2800 5394 1
2800 5395 1
2800 5396 1
2800 4787 1
2800 5399 1
2800 5400 1
2800 5401 1
2800 5402 1
2800 7582 1
2800 7721 2
2800 7005 1
2800 8881 1
2800 2803 1
2800 10398 1
2800 6968 1
2800 10426 1
2800 16863 2
2800 7491 1
2800 17311 1
2800 6805 1
2800 9009 1
2800 15952 1
2800 3802 1
2800 7726 1
2800 5882 1
2800 14224 2
2800 9828 1
2800 3561 1
2800 19837 1
2800 2800 2
2800 18728 1
2800 2805 1
2800 5494 1
2800 8041 1
2800 2808 1
2800 2937 1
2800 2810 1
2800 5883 1
2800 5885 1
2800 5397 1
2803 7721 1
2803 2805 0
2805 7721 1
2805 2810 0
2805 8861 1
2808 7721 1
2810 2987 1
2810 7721 1
2936 16388 0
2936 3427 0
2936 16490 0
2936 13037 1
2936 8611 0
2936 4566 1
2936 6739 0
2936 6805 0
2936 8865 0
2936 8881 0
2936 2937 0
2936 4859 0
2936 4874 0
2936 4956 0
2936 4971 0
2936 4989 0
2936 5005 0
2936 13355 0
2936 5254 0
2936 13491 0
2936 4985 0
2936 5393 0
2936 5394 0
2936 5398 0
2936 5399 0
2936 5400 0
2936 3426 0
2936 3431 0
2936 19879 0
2936 7005 0
2936 3561 0
2936 15853 0
2936 15882 0
2936 5850 0
2936 16031 0
2936 7858 0
2936 3802 0
2936 18728 0
2936 8041 0
2936 3978 0
2936 3986 0
2936 18378 0
2936 16349 0
2937 16388 0
2937 16490 0
2937 4361 1
2937 8467 0
2937 4465 0
2937 8611 0
2937 4566 1
2937 6739 0
2937 8865 0
2937 8881 0
2937 4956 0
2937 4971 0
2937 4989 0
2937 5005 0
2937 15882 0
2937 4985 0
2937 5392 0
2937 5397 0
2937 3426 0
2937 19879 0
2937 3561 0
2937 15853 0
2937 11821 0
2937 5850 0
2937 16031 0
2937 7858 0
2937 3802 0
2937 18728 0
2937 8041 0
2937 3978 0
2937 3986 0
2937 18378 0
2937 16349 0
2953 2953 2
2976 6147 0
2976 15413 0
2976 16079 0
2976 6739 0
2976 5052 0
2976 8881 0
2976 5832 0
2976 5885 0
2976 8467 0
2976 9009 0
2976 9609 0
2976 5981 0
2976 7013 0
2976 6005 0
2976 5521 1
2976 5523 0
2976 2976 0
2976 2987 1
2976 4536 0
2981 3978 0
2981 5523 0
2981 5152 0
2981 19879 0
2981 7721 1
2981 5521 1
2981 8185 0
2981 6005 0
2981 8373 0
2981 5981 0
2981 5883 0
2981 5365 0
2981 13687 0
2981 4859 0
2983 6147 0
2983 5152 0
2983 5883 0
2983 7721 1
2983 7726 0
2983 13037 1
2983 5882 0
2983 4859 0
2983 5885 0
2983 3353 0
2983 3355 0
2983 13687 0
2983 19837 0
2983 9609 0
2983 14224 1
2983 17311 0
2983 7077 0
2983 2983 0
2983 2987 1
2983 5082 0
2987 19837 1
2987 3353 1
2987 3354 1
2987 3355 1
2987 17311 1
2987 7721 2
2987 2987 2
2987 7726 1
2987 7283 1
2987 5152 1
2987 5832 1
2987 5855 1
2987 7013 1
2987 13687 1
2987 8185 1
2987 5885 1
3012 10179 0
3012 13355 0
3012 11821 0
3012 16490 0
3012 5254 0
3012 6739 0
3012 16031 0
3012 8865 0
3012 4801 0
3012 8391 0
3012 5994 0
3012 3986 0
3012 4007 1
3012 4566 1
3012 15853 0
3012 18378 0
3035 5967 0
3035 4185 0
3035 8391 0
3035 5850 0
3035 4371 0
3035 5521 1
3035 3986 0
3035 5523 0
3035 19879 0
3035 15297 0
3035 4566 1
3035 3035 0
3043 7858 0
3043 8391 0
3043 4371 0
3043 8515 0
3043 16762 0
3043 4550 0
3043 6828 0
3043 8881 0
3043 4859 0
3043 7077 0
3043 5052 0
3043 3043 0
3043 5152 0
3043 5193 0
3043 7243 0
3043 5243 0
3043 5367 0
3043 3353 0
3043 3354 0
3043 3355 0
3043 5521 1
3043 5523 0
3043 5850 0
3043 5882 0
3043 5432 0
3043 5981 0
3043 5994 0
3043 6005 0
3050 16388 0
3050 13355 0
3050 7726 0
3050 7243 0
3050 6739 0
3050 16031 0
3050 6828 0
3050 8881 0
3050 16762 0
3050 15178 1
3050 5982 0
3050 3426 0
3050 5494 0
3050 4985 0
3050 5521 1
3050 3986 0
3050 4550 0
3050 3050 0
3353 4371 0
3353 4550 0
3353 8881 0
3353 4801 0
3353 5052 0
3353 5365 0
3353 5367 0
3353 5392 0
3353 3353 0
3353 3354 0
3353 3355 0
3353 5432 0
3353 5850 0
3353 5855 0
3354 6267 0
3354 4371 0
3354 18728 0
3354 4550 0
3354 4859 0
3354 4956 0
3354 15413 0
3354 7243 0
3354 5365 0
3354 5367 0
3354 5392 0
3354 3354 0
3354 3355 0
3354 3411 0
3354 7836 0
3354 5855 0
3354 5432 0
3354 5981 0
3354 3978 0
3355 6147 0
3355 8881 0
3355 7721 1
3355 9828 0
3355 13037 1
3355 5367 0
3355 4859 0
3355 5392 0
3355 6828 0
3355 3355 0
3355 5432 0
3355 5994 0
3355 6005 0
3355 5052 0
3355 5365 0
3355 7243 0
3355 4550 0
3411 5254 0
3411 5521 1
3411 8467 0
3411 6809 0
3411 7077 0
3411 6828 0
3411 5432 0
3411 7243 0
3411 3426 0
3411 3561 0
3411 6894 1
3411 6005 0
3426 6147 0
3426 8391 0
3426 4985 0
3426 19837 0
3426 4343 0
3426 18728 0
3426 4550 0
3426 4566 1
3426 4956 0
3426 4971 0
3426 4989 0
3426 5052 0
3426 5148 1
3426 5243 0
3426 5258 0
3426 5259 0
3426 7401 1
3426 5394 0
3426 5399 0
3426 5400 0
3426 3426 0
3426 3427 0
3426 3431 0
3426 5981 0
3426 19879 0
3426 7005 0
3426 7726 0
3426 19628 0
3426 16079 0
3426 3802 0
3426 3919 0
3426 5986 0
3426 5988 0
3426 6269 0
3426 18292 0
3426 8064 0
3426 3986 0
3426 6068 0
3426 16031 0
3426 8176 0
3427 5148 1
3427 6739 0
3427 8881 0
3427 3886 0
3427 4956 0
3427 3431 0
3427 5521 1
3427 3986 0
3427 5885 0
3431 5148 1
3431 4956 0
3431 6739 0
3431 5885 0
3431 4874 0
3431 5394 0
3431 8467 0
3431 3886 0
3431 8881 0
3431 5981 0
3431 3431 0
3431 8064 0
3431 3986 0
3431 9125 1
3431 5052 0
3536 5148 1
3536 5155 1
3536 3536 0
3561 16388 0
3561 8881 0
3561 7858 0
3561 19879 0
3561 5523 0
3561 8611 0
3561 4566 1
3561 6739 0
3561 16490 0
3561 9009 0
3561 4956 0
3561 4971 0
3561 4985 0
3561 4989 0
3561 5118 0
3561 13355 0
3561 7312 0
3561 5367 0
3561 5392 0
3561 5394 0
3561 5395 0
3561 5396 0
3561 5397 0
3561 9125 1
3561 16349 0
3561 15882 0
3561 5393 0
3561 16031 0
3561 18136 0
3561 3802 0
3561 5855 0
3561 18728 0
3561 5967 0
3561 5981 0
3561 3986 0
3561 4026 0
3561 18378 0
3561 8865 0
3719 3719 2
3719 5258 1
3719 6809 1
3719 7721 2
3719 6828 1
3719 6267 1
3719 7243 1
3719 4859 1
3719 5994 1
3719 6005 1
3719 5243 1
3720 3720 2
3720 4874 1
3720 7243 1
3802 16388 0
3802 16490 0
3802 8391 0
3802 8611 0
3802 6739 0
3802 8865 0
3802 8881 0
3802 4801 0
3802 4859 0
3802 4956 0
3802 4971 0
3802 4985 0
3802 4989 0
3802 5005 0
3802 13355 0
3802 5243 0
3802 5432 0
3802 5487 0
3802 5494 0
3802 19879 0
3802 15853 0
3802 15882 0
3802 16031 0
3802 7858 0
3802 3802 0
3802 5855 0
3802 18728 0
3802 5981 0
3802 5850 0
3802 3978 0
3802 3986 0
3802 18378 0
3802 16349 0
3886 6147 0
3886 5981 0
3886 5052 0
3886 5243 0
3886 7836 0
3886 5855 0
3886 4859 0
3886 7726 0
3886 3886 0
3886 5469 0
3886 5986 0
3886 5988 0
3886 5994 0
3886 6005 0
3886 19837 0
3886 5521 1
3886 17311 0
3886 7077 0
3886 6068 0
3886 4566 1
3919 6068 0
3919 4787 0
3919 13037 1
3919 3919 0
3919 5494 0
3919 8176 0
3919 15359 1
3978 6147 0
3978 16388 0
3978 8391 0
3978 8611 0
3978 4550 0
3978 6739 0
3978 8865 0
3978 8881 0
3978 4801 0
3978 4971 0
3978 4989 0
3978 5005 0
3978 5052 0
3978 5082 0
3978 15882 0
3978 5243 0
3978 4985 0
3978 11501 0
3978 5394 0
3978 5395 0
3978 5398 0
3978 5399 0
3978 5400 0
3978 5401 0
3978 5487 0
3978 19879 0
3978 15853 0
3978 5850 0
3978 5402 0
3978 16031 0
3978 7858 0
3978 5855 0
3978 18728 0
3978 5885 0
3978 5981 0
3978 3978 0
3978 3986 0
3978 18378 0
3978 8176 0
3986 16388 0
3986 16490 0
3986 8391 0
3986 8881 0
3986 8882 0
3986 9009 0
3986 18292 0
3986 18378 0
3986 18728 0
3986 10933 0
3986 19837 0
3986 19879 0
3986 3986 0
3986 4007 1
3986 4026 0
3986 4185 0
3986 4371 0
3986 4550 0
3986 4566 1
3986 4801 0
3986 13037 1
3986 4859 0
3986 4956 0
3986 4971 0
3986 5082 0
3986 5118 0
3986 15882 0
3986 5243 0
3986 5254 0
3986 5365 0
3986 5367 0
3986 5392 0
3986 5393 0
3986 5469 0
3986 5487 0
3986 5494 0
3986 5521 1
3986 5523 0
3986 5850 0
3986 5885 0
3986 5966 0
3986 5981 0
3986 5982 0
3986 6068 0
3986 6099 0
3986 6147 0
3986 6739 0
3986 7005 0
3986 13491 0
3986 15413 0
3986 7491 0
3986 16031 0
3986 7858 0
3986 8041 0
3986 8064 0
3986 16349 0
3986 8166 0
3986 8176 0
3986 8185 0
4005 4874 1
4005 10933 1
4007 13491 1
4007 15882 1
4007 18378 1
4007 16490 1
4007 5850 1
4007 15853 1
4007 7005 1
4007 17311 1
4026 8064 0
4026 4361 1
4026 5259 0
4026 14978 0
4026 7721 1
4026 4874 0
4026 8467 0
4043 5258 0
4043 5259 0
4043 5521 1
4043 5523 0
4043 8881 0
4043 5981 0
4043 8400 1
4043 4859 0
4185 4185 0
4185 14978 0
4185 4874 0
4185 5967 0
4185 5469 0
4185 5521 1
4185 5523 0
4185 4566 1
4343 7721 1
4343 13355 0
4343 6739 0
4343 8391 0
4343 5432 0
4343 5521 1
4343 6068 0
4361 19000 1
4361 6267 1
4361 14978 1
4361 7312 1
4361 5367 1
4361 4371 1
4361 4885 1
4361 18254 1
4361 5469 1
4361 10091 1
4361 4536 1
4371 5258 0
4371 7243 0
4371 5259 0
4371 6828 0
4371 10426 0
4371 4859 0
4371 4874 0
4371 4371 0
4371 7726 0
4371 6267 0
4371 5432 0
4371 5994 0
4371 6005 0
4371 8064 0
4371 8588 0
4371 5521 1
4371 5523 0
4371 5981 0
4371 5365 0
4371 15297 0
4371 4550 0
4371 5855 0
4371 7077 0
4371 19879 0
4453 6894 1
4465 19879 0
4465 11821 0
4465 5243 0
4465 5259 0
4465 6828 0
4465 8881 0
4465 5855 0
4465 5883 0
4465 5885 0
4465 13355 0
4465 5399 0
4465 4956 0
4465 4971 0
4465 8064 0
4465 4550 0
4465 4566 1
4465 6068 0
4465 8185 0
4536 8391 0
4536 8881 0
4536 5855 0
4536 5432 0
4536 5469 0
4536 5521 1
4536 19879 0
4536 6068 0
4536 4536 0
4536 4550 0
4536 5523 0
4550 4550 0
4550 4566 1
4550 6805 0
4550 8882 0
4550 4859 0
4550 5432 0
4550 5523 0
4550 7836 0
4550 5855 0
4550 8064 0
4550 6068 0
4566 7721 2
4566 11821 1
4566 15882 1
4566 11876 1
4566 16490 1
4566 16031 1
4566 4780 1
4566 8882 1
4566 13491 1
4566 16079 1
4566 5850 1
4566 5855 1
4566 5882 1
4566 5885 1
4566 5967 1
4566 7005 1
4566 4971 1
4566 5494 1
4566 16762 1
4566 5521 2
4566 5523 1
4566 17311 1
4566 19879 1
4566 10179 1
4566 18378 1
4566 4566 2
4566 4568 1
4566 16349 1
4566 15853 1
4566 6739 1
4566 8865 1
4568 7013 0
4568 14224 1
4568 4568 0
4568 5855 0
4579 6267 0
4579 20793 1
4579 9009 0
4579 10091 0
4579 5487 0
4579 5994 0
4579 6005 0
4610 4610 0
4610 7582 0
4610 16863 1
4610 15952 0
4610 5981 0
4610 9828 0
4610 5885 0
4780 8882 0
4780 5981 0
4780 4780 0
4780 5885 0
4780 5521 1
4780 5523 0
4787 16863 1
4787 15952 0
4787 9828 0
4787 4787 0
4787 5832 0
4787 5855 0
4787 5882 0
4787 5883 0
4787 5885 0
4787 9009 0
4787 5981 0
4787 5982 0
4787 18292 0
4787 7582 0
4787 6068 0
4787 5052 0
4787 6099 0
4801 6147 0
4801 5243 0
4801 4801 0
4801 8391 0
4801 7721 1
4801 5367 0
4801 8467 0
4801 5967 0
4801 5994 0
4801 5005 0
4801 13037 1
4801 19879 0
4859 6147 0
4859 8373 0
4859 6828 0
4859 4859 0
4859 7077 0
4859 5052 0
4859 5148 1
4859 5152 0
4859 5243 0
4859 5392 0
4859 5400 0
4859 5432 0
4859 19837 0
4859 5521 1
4859 5523 0
4859 19879 0
4859 7726 0
4859 9828 0
4859 7858 0
4859 5855 0
4859 5981 0
4859 5986 0
4859 5988 0
4874 19837 0
4874 5855 0
4874 14978 0
4874 6828 0
4874 6267 0
4874 4874 0
4874 7243 0
4874 5258 0
4874 7401 1
4874 5393 0
4874 5396 0
4874 7726 0
4874 5986 0
4874 7836 0
4874 18741 0
4874 18254 0
4874 5981 0
4874 5988 0
4874 5994 0
4874 10091 0
4874 8064 0
4885 7721 1
4885 4885 0
4956 16388 0
4956 6269 0
4956 4956 0
4956 7147 0
4956 7005 0
4956 5243 0
4956 5365 0
4956 5395 0
4956 19879 0
4956 5850 0
4956 9125 1
4956 7858 0
4956 5855 0
4956 18728 0
4956 5981 0
4956 8041 0
4956 21156 1
4956 8185 0
4971 16388 0
4971 16490 0
4971 8391 0
4971 8467 0
4971 8611 0
4971 6739 0
4971 8865 0
4971 8881 0
4971 13037 1
4971 4971 0
4971 4989 0
4971 5052 0
4971 5118 0
4971 13355 0
4971 13491 0
4971 4985 0
4971 5396 0
4971 5432 0
4971 5005 0
4971 5469 0
4971 19879 0
4971 15853 0
4971 15882 0
4971 11821 0
4971 5850 0
4971 16031 0
4971 7858 0
4971 18378 0
4971 18728 0
4971 16349 0
4971 8176 0
4985 16388 0
4985 6147 0
4985 7721 1
4985 16490 0
4985 6739 0
4985 16031 0
4985 6828 0
4985 7858 0
4985 15853 0
4985 11821 0
4985 5855 0
4985 19879 0
4985 8611 0
4985 13037 1
4985 5885 0
4985 18728 0
4985 5850 0
4985 15882 0
4985 8881 0
4985 5005 0
4985 4989 0
4985 5052 0
4985 18378 0
4985 7243 0
4985 6068 0
4985 16349 0
4985 8865 0
4989 16388 0
4989 8881 0
4989 7721 1
4989 16490 0
4989 5258 0
4989 16031 0
4989 7858 0
4989 8391 0
4989 16762 0
4989 8611 0
4989 18728 0
4989 5850 0
4989 15882 0
4989 5005 0
4989 4989 0
4989 13037 1
4989 5052 0
4989 18378 0
4989 16349 0
4989 19879 0
4989 15853 0
4989 8865 0
5005 19879 0
5005 13355 0
5005 5988 0
5005 5243 0
5005 16388 0
5005 16031 0
5005 8865 0
5005 7858 0
5005 15853 0
5005 8391 0
5005 13037 1
5005 18728 0
5005 5850 0
5005 15882 0
5005 5005 0
5005 5052 0
5005 18378 0
5005 8611 0
5005 8881 0
5005 16349 0
5005 6739 0
5052 15882 0
5052 7726 0
5052 5469 0
5052 6068 0
5052 5981 0
5052 6269 0
5052 14224 1
5052 8881 0
5052 18292 0
5052 16079 0
5052 5855 0
5052 19837 0
5052 7721 1
5052 5882 0
5052 5885 0
5052 8064 0
5052 11821 0
5052 6968 0
5052 9609 0
5052 5052 0
5052 19879 0
5082 5243 0
5082 6894 1
5082 15808 1
5082 5082 0
5082 16349 0
5118 16031 0
5118 18728 0
5118 7721 1
5118 6739 0
5118 7005 0
5118 16365 1
5118 8467 0
5148 5521 2
5148 12291 1
5148 5148 2
5148 5152 1
5148 13362 1
5148 5432 1
5152 13362 0
5152 5152 0
5155 13362 1
5155 12291 1
5243 6147 0
5243 16388 0
5243 8391 0
5243 6739 0
5243 8881 0
5243 10933 0
5243 6968 0
5243 19879 0
5243 7726 0
5243 16031 0
5243 16079 0
5243 5855 0
5243 5882 0
5243 5885 0
5243 19837 0
5243 5966 0
5243 8064 0
5243 6068 0
5254 6739 0
5254 15178 1
5254 5254 0
5254 5521 1
5254 5523 0
5254 7726 0
5254 16031 0
5254 5967 0
5254 8064 0
5258 7243 0
5258 5258 0
5258 5259 0
5258 6828 0
5258 8881 0
5258 7401 1
5258 5986 0
5258 5988 0
5258 5994 0
5258 5523 0
5258 19879 0
5259 5259 0
5259 15128 1
5259 7077 0
5259 6828 0
5259 7243 0
5259 5986 0
5259 5967 0
5259 5988 0
5259 5994 0
5259 5523 0
5259 7401 1
5259 5882 0
5365 16388 0
5365 19879 0
5365 13355 0
5365 7726 0
5365 6739 0
5365 8881 0
5365 19628 0
5365 5365 0
5365 5367 0
5365 5432 0
5365 5855 0
5365 5521 1
5365 5523 0
5365 16031 0
5365 7077 0
5365 8185 0
5367 16388 0
5367 13355 0
5367 7726 0
5367 6739 0
5367 14978 0
5367 5855 0
5367 5367 0
5367 8467 0
5367 5432 0
5367 15178 1
5367 8064 0
5367 6068 0
5367 16031 0
5367 7077 0
5367 8185 0
5392 6147 0
5392 16388 0
5392 8881 0
5392 13355 0
5392 6739 0
5392 8041 0
5392 5401 0
5392 16031 0
5392 7858 0
5392 5850 0
5392 5393 0
5392 5394 0
5392 5395 0
5392 5396 0
5392 5397 0
5392 5398 0
5392 5399 0
5392 18728 0
5392 5487 0
5392 5400 0
5393 6147 0
5393 16388 0
5393 8881 0
5393 6739 0
5393 16031 0
5393 7858 0
5393 5393 0
5393 5394 0
5393 5395 0
5393 5396 0
5393 5397 0
5393 5398 0
5393 5399 0
5393 5400 0
5393 5401 0
5393 5402 0
5393 18728 0
5393 5981 0
5393 5487 0
5394 6147 0
5394 11501 0
5394 6739 0
5394 16388 0
5394 5494 0
5394 5850 0
5394 5395 0
5394 5396 0
5394 5397 0
5394 5398 0
5394 5399 0
5394 5400 0
5394 5401 0
5394 5402 0
5394 18728 0
5394 7726 0
5395 11501 0
5395 8881 0
5395 6739 0
5395 16388 0
5395 5395 0
5395 5396 0
5395 5397 0
5395 5398 0
5395 5399 0
5395 5400 0
5395 5401 0
5395 5402 0
5395 5487 0
5395 16031 0
5395 18728 0
5396 6147 0
5396 16388 0
5396 6739 0
5396 5397 0
5396 7312 0
5396 5398 0
5396 5399 0
5396 5400 0
5396 5401 0
5396 5402 0
5396 5494 0
5396 7726 0
5396 18728 0
5397 16388 0
5397 15413 0
5397 6739 0
5397 8467 0
5397 16031 0
5397 7858 0
5397 5397 0
5397 5401 0
5397 18728 0
5397 8041 0
5397 5487 0
5397 8881 0
5398 16388 0
5398 11501 0
5398 8185 0
5398 6739 0
5398 16031 0
5398 8881 0
5398 5850 0
5398 18728 0
5398 5399 0
5398 5400 0
5398 5401 0
5398 5402 0
5398 5487 0
5398 19879 0
5399 16388 0
5399 11501 0
5399 6739 0
5399 16031 0
5399 8881 0
5399 18728 0
5399 5399 0
5399 5400 0
5399 5401 0
5399 5402 0
5399 19879 0
5400 16388 0
5400 11501 0
5400 6739 0
5400 16031 0
5400 8881 0
5400 5855 0
5400 18728 0
5400 5401 0
5400 5402 0
5401 16388 0
5401 11501 0
5401 6739 0
5401 16031 0
5401 8881 0
5401 18728 0
5401 5401 0
5401 5402 0
5402 16388 0
5402 11501 0
5402 6739 0
5402 16031 0
5402 8881 0
5402 18728 0
5402 19879 0
5432 6267 0
5432 8467 0
5432 7077 0
5432 5432 0
5432 5469 0
5432 5521 1
5432 5523 0
5432 7836 0
5432 5855 0
5432 5981 0
5432 6005 0
5469 8391 0
5469 5523 0
5469 8881 0
5469 9009 0
5469 17311 0
5469 7077 0
5469 5981 0
5469 19628 0
5469 5469 0
5469 5487 0
5469 19837 0
5469 5521 1
5469 5855 0
5469 5883 0
5469 5885 0
5469 14224 1
5469 8176 0
5487 16490 0
5487 8467 0
5487 5850 0
5487 18728 0
5487 16863 1
5487 6739 0
5487 6805 0
5487 7005 0
5487 5487 0
5487 16031 0
5487 7858 0
5494 13355 0
5494 7726 0
5494 6739 0
5494 16031 0
5494 8881 0
5494 5885 0
5494 18728 0
5494 9009 0
5494 5981 0
5494 5494 0
5494 19879 0
5494 15853 0
5521 6147 1
5521 6828 1
5521 7721 2
5521 7077 1
5521 7013 1
5521 11876 1
5521 7283 1
5521 10933 1
5521 19628 1
5521 7836 1
5521 16031 1
5521 15413 1
5521 8391 1
5521 8881 1
5521 8373 1
5521 5967 1
5521 6968 1
5521 5994 1
5521 18292 1
5521 5521 2
5521 5523 1
5521 17311 1
5521 6068 1
5521 6099 1
5521 7147 1
5521 8185 1
5523 7077 0
5523 8467 0
5523 7283 0
5523 8881 0
5523 8391 0
5523 5885 0
5523 5523 0
5523 18378 0
5523 8185 0
5809 9609 0
5809 20814 1
5809 14224 1
5809 17311 0
5832 7726 0
5832 15413 0
5832 5832 0
5832 5855 0
5832 5885 0
5832 8467 0
5832 6992 1
5832 5981 0
5832 5986 0
5832 7013 0
5832 19837 0
5832 8588 0
5832 5882 0
5834 5981 1
5850 16388 0
5850 13355 0
5850 8373 0
5850 6739 0
5850 5994 0
5850 16031 0
5850 8865 0
5850 6005 0
5850 19879 0
5850 5850 0
5850 8881 0
5850 15853 0
5850 6068 0
5850 5855 0
5850 8611 0
5850 18378 0
5855 6147 0
5855 16490 0
5855 6267 0
5855 8351 1
5855 18728 0
5855 8881 0
5855 8611 0
5855 7243 0
5855 19879 0
5855 6828 0
5855 13037 1
5855 15128 1
5855 15297 0
5855 18378 0
5855 7147 0
5855 13355 0
5855 8051 1
5855 11501 0
5855 7077 0
5855 5855 0
5855 5966 0
5855 5981 0
5855 5994 0
5855 6005 0
5855 8176 0
5855 6068 0
5855 8865 0
5855 8185 0
5882 8881 0
5882 6267 0
5882 9009 0
5882 6968 0
5882 7013 0
5882 17311 0
5882 6992 1
5882 15413 0
5882 7243 0
5882 19837 0
5882 7726 0
5882 16079 0
5882 5882 0
5882 5883 0
5882 5885 0
5882 18254 0
5882 5981 0
5882 5986 0
5882 10091 0
5882 6005 0
5883 7726 0
5883 7243 0
5883 5883 0
5883 9009 0
5883 6968 0
5883 5981 0
5883 5994 0
5883 19837 0
5883 9609 0
5883 14224 1
5883 17311 0
5885 6269 0
5885 18728 0
5885 18741 0
5885 8588 0
5885 9009 0
5885 6968 0
5885 17311 0
5885 19879 0
5885 9828 0
5885 16079 0
5885 5885 0
5885 5981 0
5885 5986 0
5885 5988 0
5885 8041 0
5885 5994 0
5885 6068 0
5885 8176 0
5885 8185 0
5966 16388 0
5966 7721 1
5966 13037 1
5966 6269 0
5967 8881 0
5967 8391 0
5967 7401 1
5967 8467 0
5967 5967 0
5967 8185 0
5981 8467 0
5981 16762 0
5981 8588 0
5981 8881 0
5981 18292 0
5981 19837 0
5981 19879 0
5981 18741 0
5981 5981 0
5981 5982 0
5981 5986 0
5981 5988 0
5981 6005 0
5981 14224 1
5981 6068 0
5981 6267 0
5981 6739 0
5981 6968 0
5981 7005 0
5981 7077 0
5981 15297 0
5981 7147 0
5981 15413 0
5981 8064 0
5981 15882 0
5981 7726 0
5981 16031 0
5981 7858 0
5981 16079 0
5981 8018 0
5981 8176 0
5981 8185 0
5982 7721 1
5982 5988 0
5982 6269 0
5982 8881 0
5982 7401 1
5982 18728 0
5982 5982 0
5982 5986 0
5982 5994 0
5982 8588 0
5982 6739 0
5983 7401 1
5983 7721 1
5986 15413 0
5986 6739 0
5986 6269 0
5986 14224 1
5986 5986 0
5986 8064 0
5986 8588 0
5986 13037 1
5986 16031 0
5986 15297 0
5986 8185 0
5988 7721 1
5988 15413 0
5988 6269 0
5988 14224 1
5988 5988 0
5988 8064 0
5988 8588 0
5988 15297 0
5988 7147 0
5988 8185 0
5994 6147 0
5994 6267 0
5994 8467 0
5994 16762 0
5994 6809 0
5994 6828 0
5994 8881 0
5994 7283 0
5994 9009 0
5994 7243 0
5994 7726 0
5994 7836 0
5994 7858 0
5994 16079 0
5994 5994 0
5994 6005 0
5994 8185 0
6005 15882 0
6005 7243 0
6005 6267 0
6005 21156 1
6005 6828 0
6005 11501 0
6005 18728 0
6005 7013 0
6005 6005 0
6005 16762 0
6005 19879 0
6005 6068 0
6005 8185 0
6068 8881 0
6068 6269 0
6068 6739 0
6068 15128 1
6068 9009 0
6068 13355 0
6068 15413 0
6068 7583 0
6068 19879 0
6068 15853 0
6068 7721 1
6068 7726 0
6068 8064 0
6068 6068 0
6099 13355 0
6099 7721 1
6099 6099 0
6099 6269 0
6138 8467 1
6138 19628 1
6147 6147 0
6147 10426 0
6147 19837 0
6147 8467 0
6147 8611 0
6147 8882 0
6147 6968 0
6147 7005 0
6147 7013 0
6147 13355 0
6147 7312 0
6147 19879 0
6147 8064 0
6147 7583 0
6147 16349 0
6147 7077 0
6147 18741 0
6147 16079 0
6147 18728 0
6147 18292 0
6147 21156 1
6267 7243 0
6267 6267 0
6267 16079 0
6267 8064 0
6267 15853 0
6267 7077 0
6267 7836 0
6269 15413 0
6269 6269 0
6269 7401 1
6269 7721 1
6269 8588 0
6269 14224 1
6269 9156 0
6739 16388 0
6739 7243 0
6739 8391 0
6739 8467 0
6739 8611 0
6739 19879 0
6739 6739 0
6739 6828 0
6739 8881 0
6739 6992 1
6739 7005 0
6739 13491 0
6739 8051 1
6739 11501 0
6739 15853 0
6739 15882 0
6739 7858 0
6739 7013 0
6739 18728 0
6739 8176 0
6739 8041 0
6739 18292 0
6739 6805 0
6739 16031 0
6739 18378 0
6739 16349 0
6739 8865 0
6739 8185 0
6805 11821 0
6805 16031 0
6805 8881 0
6805 19879 0
6809 7721 1
6809 6809 0
6809 21156 1
6809 19879 0
6828 16388 0
6828 7243 0
6828 6828 0
6828 19000 0
6894 13355 1
6968 6968 0
6968 7013 0
6992 6992 2
6992 7013 1
7005 13355 0
7005 8041 0
7005 16031 0
7005 8881 0
7005 7726 0
7005 18292 0
7005 19879 0
7005 8176 0
7013 7312 0
7013 7013 0
7013 7583 0
7013 17311 0
7077 16388 0
7077 15882 0
7077 7243 0
7077 7836 0
7077 16079 0
7077 7077 0
7077 8185 0
7147 13355 0
7147 19837 0
7147 8051 1
7147 17311 0
7147 7147 0
7243 16388 0
7243 7243 0
7243 10933 0
7243 20814 1
7283 7283 0
7312 14224 1
7312 9009 0
7312 7583 0
7312 17311 0
7312 20814 1
7401 13037 2
7401 7721 2
7401 15297 1
7401 18254 1
7401 8166 1
7401 7401 2
7401 8588 1
7491 13355 0
7491 7582 0
7491 9009 0
7491 15952 0
7491 16863 1
7491 9828 0
7582 7582 0
7582 9009 0
7582 16863 1
7582 15952 0
7582 9828 0
7583 16079 0
7583 20814 1
7583 14224 1
7583 7583 0
7583 17311 0
7721 8373 1
7721 8391 1
7721 13037 2
7721 18741 1
7721 18292 1
7721 8064 1
7721 14224 2
7721 16031 1
7721 9156 1
7721 16863 2
7721 8176 1
7726 18728 0
7726 20814 1
7726 8611 0
7726 9009 0
7726 17311 0
7726 19837 0
7726 9609 0
7726 19879 0
7726 7726 0
7726 14224 1
7726 8176 0
7726 8185 0
7836 7836 0
7858 16388 0
7858 15882 0
7858 16490 0
7858 8041 0
7858 16031 0
7858 8881 0
7858 7858 0
7858 8611 0
7858 13037 1
7858 18728 0
7858 19879 0
7858 18378 0
7858 16349 0
7858 8865 0
8018 14224 1
8018 20814 1
8041 16031 0
8041 8881 0
8064 10087 0
8064 8467 0
8064 8064 0
8064 8176 0
8166 8467 0
8166 8400 1
8166 8166 0
8176 13355 0
8176 11821 0
8176 16031 0
8176 8881 0
8176 18728 0
8176 20814 1
8176 19879 0
8176 8176 0
8185 16388 0
8185 8881 0
8185 19879 0
8185 16031 0
8185 8185 0
8351 8351 2
8351 16079 1
8373 8373 0
8391 11821 0
8391 16031 0
8391 8881 0
8391 10426 0
8391 8391 0
8391 13355 0
8391 18728 0
8391 19879 0
8400 10087 1
8467 8611 0
8467 8881 0
8467 9009 0
8467 9125 1
8467 11265 1
8467 13355 0
8467 15882 0
8467 19879 0
8467 9828 0
8467 8467 0
8467 16031 0
8467 8865 0
8515 8515 0
8588 15413 0
8588 16079 0
8588 18741 0
8588 14224 1
8588 8588 0
8611 16388 0
8611 8881 0
8611 16762 0
8611 16490 0
8611 16031 0
8611 18728 0
8611 13037 1
8611 15882 0
8611 15853 0
8611 8865 0
8611 18378 0
8611 16349 0
8611 19879 0
8865 16388 0
8865 8881 0
8865 13355 0
8865 16490 0
8865 13491 0
8865 18378 0
8865 18728 0
8865 11821 0
8865 15882 0
8865 13037 1
8865 16031 0
8865 16349 0
8865 19879 0
8865 15853 0
8881 16388 0
8881 8881 0
8881 16490 0
8881 18728 0
8881 13491 0
8881 19879 0
8881 15853 0
8881 15882 0
8881 16031 0
8881 18378 0
8882 18136 0
9009 19879 0
9009 9828 0
9009 16079 0
9009 9009 0
9009 19837 0
9009 16863 1
9125 10087 1
9156 19879 0
9156 9156 0
9156 13037 1
9609 9609 0
9609 14224 1
9609 17311 0
9609 19837 0
9828 9828 0
9828 17311 0
9828 16863 1
9828 15952 0
10087 10087 0
10091 14978 0
10091 19962 1
10179 20814 1
10179 16349 0
10179 14224 1
10179 18741 0
10179 15882 0
10933 10933 0
11265 14978 1
11501 11501 0
11501 16031 0
11501 16388 0
11821 19879 0
11821 16490 0
11821 13037 1
11821 18378 0
11821 15853 0
12291 12291 0
13037 16388 1
13037 15882 1
13037 13355 1
13037 16762 1
13037 13037 2
13037 18728 1
13037 13687 1
13037 16349 1
13037 19879 1
13218 14224 1
13218 20814 1
13355 16490 0
13355 18728 0
13355 15882 0
13355 19879 0
13355 13491 0
13355 18378 0
13355 16349 0
13491 16031 0
13491 18378 0
13491 19879 0
14224 15413 1
14224 18741 1
14224 15297 1
14224 17311 1
14224 14224 2
14224 19837 1
14978 14978 0
14978 18741 0
14978 18254 0
15297 17311 0
15297 15297 0
15297 20814 1
15413 15413 0
15853 16388 0
15853 16490 0
15853 16031 0
15853 19879 0
15853 18728 0
15853 15882 0
15853 18378 0
15853 15853 0
15882 16388 0
15882 16490 0
15882 16031 0
15882 19879 0
15882 18728 0
15882 18378 0
15882 16349 0
15952 16863 1
16031 16388 0
16031 16490 0
16031 18728 0
16031 19879 0
16031 16031 0
16031 18292 0
16031 18378 0
16079 16079 0
16079 19879 0
16349 16388 0
16349 16490 0
16349 18728 0
16349 16349 0
16349 19879 0
16349 18378 0
16365 16365 2
16365 19000 1
16388 16490 0
16388 19879 0
16388 18728 0
16388 18378 0
16490 18728 0
16490 18378 0
16490 19879 0
17311 20814 1
17311 17311 0
17311 19837 0
18136 20814 1
18254 18254 0
18292 18728 0
18378 19879 0
18378 18728 0
18728 19879 0
18728 18728 0
18741 20814 1
18741 18741 0
19837 19837 0
19879 19879 0
20814 20814 2
