1026 1026 2
1026 6156 1
1026 5521 1
1026 5523 1
1026 3035 1
1026 1632 1
2058 2059 0
2058 729 1
2058 291 1
2058 6728 0
2058 6100 0
2058 3801 0
2058 5469 0
2059 2059 0
2059 6156 0
2059 5469 0
2059 4185 0
2059 6166 0
2059 4300 0
2059 4339 0
2059 290 1
2059 291 1
2059 579 0
2059 4704 0
2059 705 0
2059 729 1
2059 771 0
2059 3022 0
2059 3036 0
2059 1170 0
2059 3225 0
2059 1197 0
2059 1210 0
2059 1254 1
2059 1259 0
2059 3336 0
2059 5432 0
2059 3469 0
2059 5521 0
2059 5523 0
2059 5586 0
2059 1680 0
2059 5828 0
2059 5835 0
2059 3801 0
2059 5885 0
2059 1943 0
2059 6062 0
2059 6100 0
6156 6156 0
6156 1620 0
6156 4185 0
6156 1210 0
6156 729 1
6156 5885 0
6156 3336 0
6156 290 1
6156 291 1
6156 5469 0
6156 5523 0
6156 1943 0
6156 3036 0
527 6080 0
527 527 0
527 290 1
527 291 1
527 5835 0
527 3628 0
527 6068 0
527 8467 0
527 698 0
527 705 0
527 707 1
527 325 0
527 4555 0
527 7013 0
527 316 0
527 3561 0
527 7035 0
20227 5803 1
20227 6068 0
20227 7243 0
20227 5835 0
20227 6401 0
20227 20227 0
20227 8467 0
20227 290 1
20227 8067 0
20227 3986 0
20227 1943 0
6166 771 0
6166 1170 0
6166 6062 0
6166 6166 0
6166 3225 0
6166 2338 0
6166 1576 0
6166 1197 0
6166 1210 0
6166 4300 0
6166 1620 0
6166 729 1
6166 18270 1
6166 4339 0
6166 2708 0
601 1943 1
601 10407 1
601 5432 1
4640 2709 0
4640 2712 0
4640 729 1
4640 5885 0
4640 1170 0
4640 3469 0
4640 3986 0
4640 6068 0
4640 2535 1
4272 2709 1
4272 1943 1
4272 289 1
4272 4272 2
4272 6068 1
4272 3537 1
4272 10407 1
4272 1573 1
4272 5497 1
4272 4604 2
1573 1573 0
1573 5885 0
1573 6401 0
1573 8467 0
1573 2338 0
1573 2535 1
1573 3986 0
1573 9172 0
1573 3561 0
1574 291 1
1574 2791 1
1576 1576 0
1576 1620 0
1576 4185 0
1576 4704 0
1576 3225 0
1576 5835 0
1576 4300 0
1576 2338 0
1576 729 1
1576 1259 0
1576 5885 0
1576 771 0
1576 5895 0
1576 3336 0
1576 3354 0
1576 290 1
1576 5469 0
1576 3986 0
1576 5526 0
1576 6062 0
1576 4534 0
1576 5586 0
1576 3035 0
1576 3036 0
5675 8467 1
5675 5675 2
5675 7243 1
5675 3469 1
5675 9172 1
5675 4579 1
5675 1765 1
3628 3628 0
3628 6080 0
3628 5835 0
3628 1680 0
3628 2708 0
3628 705 0
3628 707 1
3628 1765 0
3628 1259 0
3628 5885 0
3628 290 1
3628 291 1
3628 325 0
3628 7013 0
3628 316 0
3628 7035 0
3628 2709 0
3628 1943 0
3628 5791 0
3628 4555 0
3628 2535 1
51 5469 0
51 51 0
51 18270 1
51 579 0
51 1620 0
51 1197 0
51 729 1
51 4859 0
51 5895 0
51 2338 0
51 5463 0
51 3986 0
51 6062 0
51 4534 0
51 5883 0
1591 129 0
1591 4339 0
1591 8467 0
1591 2338 0
1591 4534 0
1591 2712 0
1591 729 1
1591 7243 0
1591 1170 0
1591 1197 0
1591 5497 0
1591 3561 0
1591 1591 0
1591 1620 0
1591 290 1
1591 3986 0
1591 1943 0
14905 11438 1
14905 2535 1
8202 8202 0
8202 729 1
8202 291 1
1600 290 1
1600 291 1
1600 5895 0
1600 1259 0
1632 2338 0
1632 4704 0
1632 4300 0
1632 1620 0
1632 729 1
1632 1632 0
1632 1259 0
1632 3986 0
579 579 0
579 5803 1
579 2338 0
579 729 1
579 1765 0
579 4339 0
579 4859 0
579 3336 0
579 290 1
579 291 1
579 5463 0
579 7037 0
579 5525 0
579 6062 0
579 4534 0
579 2494 0
579 3022 0
579 5586 0
579 6100 0
579 3035 0
6728 1620 0
6728 4185 0
6728 1718 0
6728 3801 0
6728 5895 0
6728 729 1
6728 291 1
6728 3469 0
6728 6728 0
6728 6100 0
7243 7243 0
7243 5883 0
7243 8469 0
7243 3354 0
7243 6005 0
7243 5524 1
7243 4555 0
18511 3469 0
18511 291 1
18511 18511 0
18511 729 1
18511 5469 0
18511 4579 0
1620 4185 0
1620 4300 0
1620 2338 0
1620 5523 0
1620 4534 0
1620 2494 0
1620 4555 0
1620 290 1
1620 4704 0
1620 2708 0
1620 2709 0
1620 2712 0
1620 669 0
1620 672 0
1620 673 0
1620 698 0
1620 729 1
1620 6986 0
1620 7035 0
1620 892 0
1620 3022 0
1620 9172 0
1620 3035 0
1620 3036 0
1620 5241 0
1620 1170 0
1620 1197 0
1620 1210 0
1620 1259 0
1620 3336 0
1620 5432 0
1620 5469 0
1620 7526 0
1620 5521 0
1620 3475 0
1620 5525 0
1620 5526 0
1620 4339 0
1620 5586 0
1620 1620 0
1620 5803 1
1620 1718 0
1620 12577 0
1620 5835 0
1620 3801 0
1620 1765 0
1620 18270 1
1620 1889 0
1620 3986 0
1620 1943 0
1620 6062 0
1620 6080 0
1620 6100 0
4185 4185 0
4185 4704 0
4185 1170 0
4185 4295 0
4185 4300 0
4185 3801 0
4185 4339 0
4185 5895 0
4185 729 1
4185 2338 0
4185 5469 0
4185 18270 1
4185 5521 0
4185 3986 0
4185 5523 0
4185 5525 0
4185 5526 0
4185 6062 0
4185 3035 0
4185 3036 0
698 3458 1
698 698 0
698 705 0
698 707 1
698 892 0
4704 5835 0
4704 1170 0
4704 3225 0
4704 1197 0
4704 1718 0
4704 1210 0
4704 4300 0
4704 729 1
4704 1254 1
4704 1259 0
4704 4339 0
4704 2338 0
4704 5469 0
4704 5521 0
4704 3475 0
4704 3986 0
4704 5525 0
4704 5526 0
4704 4534 0
4704 4704 0
4704 3035 0
4704 3036 0
4704 5523 0
9828 9828 0
9828 5803 1
9828 4859 0
9828 5885 0
9828 8467 0
9828 290 1
5241 291 1
5241 325 0
5241 729 1
5241 5241 0
129 5469 0
129 129 0
129 2709 0
129 669 0
129 672 0
129 673 0
129 1197 0
129 1210 0
129 2338 0
129 325 0
129 5524 1
129 6068 0
129 4534 0
129 2535 1
129 5523 0
3718 1765 1
3718 3718 2
3718 8467 1
3718 3561 1
3718 1680 1
1680 2338 0
1680 2712 0
1680 3225 0
1680 11438 1
1680 5469 0
1680 3986 0
1680 1943 0
1680 5791 0
1680 6080 0
18577 290 1
18577 2535 1
18577 3986 0
1170 4295 0
1170 4300 0
1170 2338 0
1170 291 1
1170 4555 0
1170 2535 1
1170 2709 0
1170 2712 0
1170 729 1
1170 3354 0
1170 5432 0
1170 5469 0
1170 3475 0
1170 5524 1
1170 5525 0
1170 5526 0
1170 1718 0
1170 3801 0
1170 3986 0
1170 6062 0
2708 8467 0
2708 8469 0
2708 729 1
2708 2709 0
2708 2712 0
2708 669 0
2708 4859 0
2708 3354 0
2708 5432 0
2708 3475 0
2708 3561 0
2708 5803 1
2708 1718 0
2708 5885 0
2708 3986 0
2708 6068 0
2708 6080 0
2709 6401 0
2709 8467 0
2709 2338 0
2709 2535 1
2709 5885 0
2709 2709 0
2709 2712 0
2709 669 0
2709 705 0
2709 729 1
2709 4859 0
2709 6986 0
2709 2923 0
2709 5390 0
2709 5432 0
2709 5497 0
2709 3561 0
2709 289 0
2709 5835 0
2709 3801 0
2709 3986 0
2709 1943 0
2709 6068 0
2712 2338 0
2712 4555 0
2712 2712 0
2712 693 0
2712 4822 0
2712 729 1
2712 4859 0
2712 6986 0
2712 3036 0
2712 3225 0
2712 1259 0
2712 5390 0
2712 3354 0
2712 5432 0
2712 5803 1
2712 5835 0
2712 5885 0
2712 3986 0
2712 1943 0
2712 6068 0
3225 6080 0
3225 3225 0
3225 1197 0
3225 1210 0
3225 4295 0
3225 4300 0
3225 729 1
3225 1254 1
3225 4339 0
3225 6401 0
3225 771 0
3225 3336 0
3225 3354 0
3225 290 1
3225 291 1
3225 18270 1
3225 5586 0
3225 5521 0
3225 5523 0
3225 5525 0
3225 6062 0
3225 2494 0
3225 4555 0
3225 3022 0
3225 6100 0
3225 4534 0
669 8467 0
669 290 1
669 2535 1
669 669 0
669 729 1
669 4859 0
669 3036 0
669 5432 0
669 5586 0
669 3561 0
669 5835 0
669 1765 0
669 5885 0
669 8048 0
5791 6068 0
5791 5791 0
5791 2535 1
5791 8067 0
5791 3986 0
5791 5524 1
5791 1943 0
5791 6080 0
5791 4555 0
5791 9172 0
672 672 0
672 5828 0
672 5835 0
672 4859 0
672 5885 0
672 290 1
672 4579 0
672 2535 1
673 5835 0
673 2338 0
673 5885 0
673 8467 0
673 290 1
673 2535 1
673 3561 0
5803 3354 1
5803 5803 2
5803 5586 1
5803 5469 1
5803 5883 1
5803 5885 1
1197 1197 0
1197 705 0
1197 4822 0
1197 1765 0
1197 4859 0
1197 729 1
1197 3354 0
1197 2338 0
1197 5432 0
1197 892 0
1197 5521 0
1197 5524 1
1197 4555 0
1197 5523 0
11438 2535 2
11438 8467 1
11438 3561 1
11438 5835 1
1200 5828 0
1200 2535 1
1200 1200 0
1200 19427 0
1200 729 1
693 729 1
693 8467 0
693 2535 1
693 3986 0
693 1943 0
693 5885 0
1718 1718 0
1718 4300 0
1718 729 1
1718 1259 0
1718 5586 0
1718 4339 0
1718 8467 0
1718 2338 0
1718 5469 0
1718 18270 1
1718 1889 0
1718 7526 0
1718 5521 0
1718 5523 0
1718 6062 0
1718 4534 0
1718 3022 0
1718 3035 0
1718 3036 0
14009 14009 0
14009 2338 0
14009 729 1
14009 12577 0
14009 290 1
14009 6005 0
14009 3469 0
14009 6068 0
1210 1210 0
1210 4822 0
1210 729 1
1210 771 0
1210 3336 0
1210 2338 0
1210 5469 0
1210 18270 1
1210 1889 0
1210 8067 0
1210 6068 0
1210 2494 0
705 7013 0
705 8048 0
705 705 0
705 707 1
705 5828 0
705 5835 0
705 4822 0
705 1259 0
705 5885 0
705 3336 0
705 290 1
705 291 1
705 5432 0
705 6986 0
705 5469 0
705 316 0
705 6005 0
705 7035 0
705 892 0
705 7037 0
705 325 0
705 7073 0
705 2981 0
705 6080 0
705 4555 0
707 6080 1
707 5835 1
707 7073 1
707 290 2
707 291 2
707 707 2
707 325 1
707 6986 1
707 4555 1
707 4822 1
707 7013 1
707 316 1
707 8048 1
707 7035 1
707 7037 1
5828 5828 0
5828 5835 0
5828 4859 0
5828 3336 0
5828 290 1
5828 5432 0
5828 7013 0
5828 6986 0
5828 4604 1
4295 3354 0
4295 2338 0
4295 291 1
4295 5835 0
4295 729 1
4295 5521 0
4295 3986 0
4295 4300 0
5835 6005 0
5835 5835 0
5835 4300 0
5835 2338 0
5835 729 1
5835 5883 0
5835 5885 0
5835 290 1
5835 291 1
5835 316 0
5835 325 0
5835 1350 0
5835 6986 0
5835 5469 0
5835 7013 0
5835 5521 0
5835 7035 0
5835 6080 0
5835 4555 0
5835 5586 0
5835 3035 0
5835 3036 0
4300 5469 0
4300 6080 0
4300 4300 0
4300 4822 0
4300 1254 1
4300 4339 0
4300 729 1
4300 2338 0
4300 291 1
4300 1259 0
4300 3475 0
4300 3986 0
4300 6062 0
4300 2494 0
4300 4555 0
4300 5586 0
4300 6100 0
4300 3035 0
4300 3036 0
4300 3801 0
4300 5523 0
290 4822 1
290 1259 1
290 4339 1
290 5883 1
290 6401 1
290 5390 1
290 290 2
290 291 2
290 316 1
290 5432 1
290 325 1
290 1350 1
290 6986 1
290 5469 1
290 7013 1
290 8048 1
290 6005 1
290 7035 1
290 8067 1
290 3475 1
290 7073 1
290 4534 1
290 6080 1
290 4555 1
4822 2338 0
4822 4822 0
4822 892 0
4822 6401 0
4822 5432 0
4822 3986 0
4822 5523 0
4822 4555 0
729 10611 1
729 5469 1
729 729 2
729 1259 1
729 4339 1
729 1783 1
729 6401 1
729 771 1
729 3336 1
729 3801 1
729 3354 1
729 289 1
729 2338 1
729 18270 2
729 5463 1
729 1889 1
729 5988 1
729 7526 1
729 3986 1
729 7035 1
729 7037 1
729 5525 1
729 5526 1
729 2981 1
729 3475 1
729 6062 1
729 4534 1
729 2494 1
729 4555 1
729 3022 1
729 5586 1
729 6100 1
729 12577 1
729 5523 1
729 5885 1
1765 6401 0
1765 8469 0
1765 325 0
1765 10611 0
1765 4534 0
1765 5469 0
1765 1765 0
1765 5883 0
1765 6005 0
1765 3986 0
1765 1943 0
1254 1254 2
1254 3336 1
1254 3036 1
1254 5525 1
1254 5526 1
1259 8467 0
1259 4534 0
1259 4555 0
1259 4579 0
1259 3354 0
1259 5432 0
1259 1350 0
1259 5469 0
1259 3475 0
1259 3561 0
1259 3986 0
1259 6080 0
4339 6062 0
4339 5469 0
4339 2338 0
4339 5586 0
4339 6100 0
4339 3336 0
4339 3801 0
4339 316 0
4339 8467 0
4339 3986 0
4339 3475 0
4339 4534 0
4339 2494 0
4339 3022 0
4339 3035 0
4339 3036 0
14580 2921 2
14580 2923 1
14580 2924 1
14580 14580 2
1783 3561 0
1783 4604 1
6100 7233 0
6100 3022 0
6100 3801 0
6100 4859 0
6100 3336 0
6100 12577 0
6100 2338 0
6100 5469 0
6100 18270 1
6100 1889 0
6100 2494 0
6100 6100 0
4859 4534 0
4859 4604 1
4859 4859 0
4859 892 0
4859 3354 0
4859 5432 0
4859 3458 1
4859 3469 0
4859 5521 0
4859 5523 0
4859 2981 0
4859 5988 0
4859 3986 0
5885 6401 0
5885 3036 0
5885 5469 0
5885 3469 0
5885 5523 0
5885 5586 0
5885 5885 0
5885 5988 0
5885 3986 0
5885 6068 0
5885 6080 0
5885 8185 0
6401 6068 0
6401 6401 0
6401 3986 0
6401 1943 0
771 771 0
771 5525 0
771 5526 0
771 2338 0
771 18270 1
5895 5895 0
5895 291 1
5895 316 0
5895 5469 0
5895 3561 0
5895 2494 0
5895 2543 1
3336 8185 0
3336 3336 0
3336 2338 0
3336 291 1
3336 3986 0
3336 5523 0
3336 5525 0
3336 5469 0
3336 5586 0
3336 3036 0
5390 3986 0
5390 2535 1
8467 5523 0
8467 4534 0
8467 19427 0
8467 5432 0
8467 8467 0
8467 8067 0
8469 291 1
8469 3986 0
8469 2535 1
3801 2338 0
3801 291 1
3801 5432 0
3801 5586 0
3801 3036 0
3354 2338 0
3354 4604 1
3354 4555 0
3354 892 0
3354 7073 0
3354 3354 0
3354 3469 0
3354 5432 0
289 1943 0
289 3986 0
289 2338 0
289 3036 0
2338 2338 0
2338 3475 0
2338 3022 0
2338 3035 0
2338 3036 0
2338 18270 1
2338 10611 0
2338 5432 0
2338 5469 0
2338 5586 0
2338 291 1
2338 8067 0
2338 3986 0
2338 1943 0
2338 6062 0
2338 6068 0
291 7233 1
291 12577 1
291 291 2
291 316 1
291 325 1
291 1350 1
291 5463 1
291 5469 1
291 1889 1
291 7013 1
291 7526 1
291 10611 1
291 6005 1
291 7035 1
291 8067 1
291 1943 1
291 7073 1
291 2981 1
291 2494 1
291 6080 1
291 4555 1
291 3022 1
291 3537 1
291 19427 1
4579 18270 1
4579 6005 0
5432 4534 0
5432 4555 0
5432 2915 1
5432 892 0
5432 5432 0
5432 5469 0
5432 5521 0
5432 5523 0
5432 5586 0
5432 6005 0
5432 1943 0
316 6062 0
316 316 0
316 325 0
316 7013 0
316 7035 0
316 4534 0
316 6080 0
316 4555 0
316 2535 1
325 7035 0
325 325 0
325 5469 0
325 7013 0
325 3986 0
325 6062 0
325 4534 0
325 6080 0
325 4555 0
1350 5883 0
1350 1350 0
1350 7013 0
1350 6005 0
1350 892 0
1350 7073 0
1350 5523 0
6986 5883 0
6986 6986 0
6986 7013 0
6986 7035 0
6986 7037 0
6986 7073 0
19427 2494 0
19427 2915 1
19427 3561 0
5463 6080 0
5463 18270 1
5469 5523 0
5469 4534 0
5469 2494 0
5469 2535 1
5469 3022 0
5469 3036 0
5469 5469 0
5469 5521 0
5469 3475 0
5469 5525 0
5469 5526 0
5469 5586 0
5469 5883 0
5469 1889 0
5469 3986 0
5469 1943 0
5469 6080 0
18270 3986 1
18270 6062 1
18270 6068 1
18270 18270 2
1889 5523 0
1889 5586 0
1889 1889 0
2915 2915 2
2915 5523 1
2915 892 1
5988 5988 0
5988 2535 1
5988 8185 0
7013 7013 0
7013 8048 0
7013 6005 0
7013 7035 0
7013 7037 0
7013 5521 0
7013 7073 0
7013 6080 0
7013 4555 0
7526 10611 0
7526 5586 0
2921 2921 2
2921 2923 1
2921 2924 1
2923 2924 0
2923 5524 1
2924 2924 0
2924 5524 1
2924 3036 0
12577 12577 0
8048 8048 0
8048 6005 0
6005 6005 0
6005 2981 0
6005 6068 0
6005 8185 0
5497 3986 0
5497 2535 1
7035 7073 0
7035 6080 0
7035 4555 0
7035 7037 0
892 3458 1
892 892 0
892 5523 0
892 5525 0
892 4555 0
892 8185 0
7037 7073 0
7037 7037 0
3458 7233 1
3458 9172 1
8067 6068 0
8067 8067 0
8067 1943 0
8067 3561 0
3469 2543 1
5521 5521 0
5521 3986 0
5521 5523 0
5521 5525 0
5521 5526 0
5521 2981 0
5521 6068 0
5521 5586 0
5521 3035 0
5521 3036 0
5521 2535 1
5521 8185 0
3986 3035 0
3986 3561 0
3986 3986 0
3986 4534 0
3986 5523 0
3986 5526 0
3986 6068 0
3986 6080 0
3986 8185 0
5523 4555 0
5523 3035 0
5523 3036 0
5523 5523 0
5523 5526 0
5523 3475 0
5523 5525 0
5523 2981 0
5523 2494 0
5523 5586 0
5523 3561 0
5523 8185 0
5524 5524 2
5524 2981 1
5524 3035 1
5524 3036 1
5524 8185 1
5525 5525 0
5525 5526 0
5525 1943 0
5525 2981 0
5525 5586 0
5525 3035 0
5525 3036 0
5526 5526 0
5526 2494 0
5526 3035 0
5526 3036 0
1943 1943 0
1943 6068 0
1943 6080 0
1943 8185 0
7073 7073 0
7073 4534 0
7073 5883 0
2981 8185 0
2981 5883 0
3475 6062 0
3475 4534 0
3475 3475 0
6062 3036 0
6062 2494 0
6062 5586 0
6068 2535 1
6068 3036 0
6068 6068 0
4534 4534 0
4534 5586 0
4534 3561 0
4534 3035 0
4534 6080 0
2494 2494 0
6080 6080 0
6080 4555 0
6080 5586 0
6080 9172 0
6080 2535 1
4555 4555 0
3022 3022 0
5586 5883 0
5586 5586 0
5586 3035 0
3035 3035 0
3036 3036 0
6623 6623 2
5883 5883 0
2535 8185 1
2535 2535 2
2535 2555 1
2543 2555 1
8185 8185 0
2555 2555 0
4604 4604 2
