1 1 0
1 15945 0
1 5712 0
1 287 0
1 6883 1
1 284 1
1 18332 0
1 4553 0
16388 16444 0
16388 8267 0
16388 1388 0
16388 6543 0
16388 6586 1
16388 16872 0
16388 6669 0
16388 4647 0
16388 6739 0
16388 2718 0
16388 2722 0
16388 13061 0
16388 4916 0
16388 6977 0
16388 4956 0
16388 4957 0
16388 4958 0
16388 4971 0
16388 3561 0
16388 5018 0
16388 861 0
16388 3141 0
16388 5207 0
16388 7298 1
16388 13512 0
16388 8742 0
16388 3446 0
16388 1653 0
16388 8477 0
16388 7893 0
16388 8065 0
16388 3986 0
16388 18332 0
16388 16308 0
16388 17064 0
4951 7298 1
4951 8875 0
4951 8377 0
4951 6586 1
7181 7298 1
7181 10009 0
7181 8477 0
7181 6586 1
7181 9894 0
7181 5981 0
7181 3561 0
8719 8719 0
8719 4647 0
8719 7298 1
8719 3431 0
8719 8565 0
8719 6586 1
3601 3601 0
3601 13355 0
3601 13356 0
3601 861 0
3601 13061 0
3601 6752 0
3601 4786 1
3601 1741 0
3601 5855 0
3601 265 0
3601 561 0
3601 4956 0
3601 4957 0
3601 4958 0
3601 2405 0
3601 389 0
3601 3986 0
3601 6586 1
3601 3043 0
3601 16872 0
537 8391 0
537 4321 1
537 8467 0
537 389 0
537 8629 0
537 537 0
537 6739 0
537 6752 0
537 4916 0
537 6977 0
537 934 0
537 1436 1
537 3561 0
537 5724 0
537 1653 0
537 1687 0
537 5855 0
537 1765 0
537 5981 0
537 3997 0
4641 4641 0
4641 4647 0
4641 6739 0
4641 7298 1
4641 659 0
4641 13491 0
4641 4786 1
4641 13355 0
4641 8467 0
4641 4916 0
4641 4925 0
4641 5981 0
4641 3986 0
4641 18332 0
4641 6586 1
4641 8654 0
8742 5723 0
8742 5207 0
8742 13491 0
8742 1221 0
8742 13355 0
8742 287 0
8742 5855 0
8742 4957 0
8742 1388 0
8742 6977 0
8742 1436 1
8742 16308 0
8742 10677 0
8742 5111 1
4647 4647 0
4647 1620 0
4647 659 0
4647 13355 0
4647 4786 1
4647 7893 0
4647 6883 1
4647 13061 0
4647 8467 0
4647 8477 0
4647 861 0
4647 3426 0
4647 3431 0
4647 3446 0
4647 8065 0
4647 3986 0
4647 5018 0
4647 16308 0
4647 3561 0
4647 6739 0
5724 4957 0
5724 561 0
5724 3141 0
5724 5723 0
5724 5724 0
5724 7298 1
5724 1687 0
5724 2718 0
5724 1653 0
5724 1223 0
5724 4956 0
5724 861 0
5724 4958 0
5724 3431 0
5724 389 0
5724 1436 1
5724 3997 0
13355 8267 0
13355 8391 0
13355 8467 0
13355 287 0
13355 4828 0
13355 4409 0
13355 2405 0
13355 2451 0
13355 389 0
13355 8629 0
13355 2501 0
13355 8681 0
13355 659 0
13355 17064 0
13355 4786 1
13355 4825 0
13355 6919 0
13355 4925 0
13355 4971 0
13355 5018 0
13355 3141 0
13355 5207 0
13355 3217 0
13355 1221 0
13355 1223 0
13355 7380 0
13355 3561 0
13355 18003 1
13355 1653 0
13355 16015 0
13355 13491 0
13355 8477 0
13355 7893 0
13355 5855 0
13355 1765 0
13355 16200 0
13355 16201 0
13355 8092 0
13355 3997 0
13356 1604 0
13356 7298 1
13356 4786 1
13356 7380 0
13356 4825 0
13356 4828 0
13356 4859 0
13356 8477 0
13356 16201 0
13356 2405 0
13356 8565 0
13356 3446 0
13356 8092 0
13356 16030 0
13356 6586 1
13356 2500 0
13356 2501 0
13356 8654 0
13356 934 0
5981 8467 0
5981 8654 0
5981 8699 1
5981 561 0
5981 17064 0
5981 8875 0
5981 934 0
5981 1221 0
5981 1223 0
5981 1388 0
5981 1620 0
5981 18046 0
5981 1687 0
5981 8477 0
5981 1895 0
5981 2280 0
5981 3141 0
5981 2500 0
5981 2722 0
5981 3043 0
5981 3354 0
5981 3426 0
5981 3431 0
5981 3446 0
5981 3561 0
5981 3934 0
5981 3986 0
5981 4409 0
5981 4786 1
5981 4825 0
5981 4859 0
5981 13061 0
5981 4916 0
5981 4956 0
5981 4957 0
5981 4958 0
5981 5207 0
5981 5855 0
5981 5981 0
5981 6739 0
5981 6760 0
5981 6883 1
5981 6920 0
5981 6932 0
5981 7893 0
5981 16201 0
5981 16308 0
561 8391 0
561 4349 0
561 16444 0
561 4409 0
561 2405 0
561 389 0
561 6586 1
561 2500 0
561 2501 0
561 561 0
561 563 0
561 6752 0
561 2718 0
561 4786 1
561 4825 0
561 4828 0
561 6883 1
561 4859 0
561 6932 0
561 4956 0
561 4957 0
561 4958 0
561 863 0
561 868 0
561 6977 0
561 3043 0
561 861 0
561 7298 1
561 3217 0
561 1221 0
561 7380 0
561 3354 0
561 1388 0
561 18003 1
561 5723 0
561 1687 0
561 16030 0
561 1741 0
561 5855 0
561 16200 0
561 3997 0
563 861 0
563 563 0
563 7298 1
563 16015 0
563 4786 1
563 12999 0
563 5855 0
563 4349 0
563 3354 0
563 4956 0
563 4957 0
563 2501 0
563 389 0
563 2500 0
3934 6920 0
3934 3141 0
3934 6752 0
3934 1687 0
3934 3354 0
3934 287 0
3934 4825 0
3934 4859 0
3934 7298 1
3934 4916 0
3934 4409 0
3934 16201 0
3934 3934 0
3934 868 0
3934 3446 0
3934 389 0
3934 6586 1
3934 2500 0
3934 8654 0
3934 5603 1
1079 8467 1
1079 3354 1
1079 3561 1
14393 16015 0
14393 11027 0
14393 16030 0
14393 4786 1
14393 16201 0
14393 6586 1
14393 8681 0
14393 1653 0
14393 4349 0
16444 4859 0
16444 6752 0
16444 15945 0
16444 3431 0
16444 7284 0
16444 1653 0
16444 7298 1
16444 8391 0
16444 1741 0
16444 4825 0
16444 4828 0
16444 4321 1
16444 4916 0
16444 6977 0
16444 8467 0
16444 1765 0
16444 868 0
16444 16444 0
16444 1388 0
16444 1436 1
16444 3997 0
16444 8629 0
16444 2500 0
16444 2501 0
8629 7298 1
8629 3354 0
8629 287 0
8629 4786 1
8629 4409 0
8629 6586 1
8629 6977 0
8288 7298 1
8288 18824 0
8288 16015 0
8288 11027 0
8288 10009 0
8288 3997 0
8288 16030 0
8288 934 0
8288 4786 1
8288 10677 0
8288 6586 1
8288 18613 0
8288 6977 0
8288 2500 0
8288 2501 0
8288 16967 0
8288 16201 0
8288 12024 0
8288 7380 0
8288 4825 0
8288 5723 0
8288 4828 0
8288 10334 0
8288 6752 0
8288 9894 0
8288 8681 0
8288 7154 0
8288 7284 0
8288 1912 0
8288 9044 0
1604 13061 0
1604 1604 0
1604 6739 0
1604 1620 0
1604 7893 0
1604 6977 0
1604 861 0
1604 3426 0
1604 3986 0
1604 1903 0
1604 3446 0
1604 8065 0
1604 1436 1
1604 16308 0
1604 17064 0
1604 18332 0
1604 5111 1
3141 13061 0
3141 5723 0
3141 16308 0
3141 3141 0
3141 1620 0
3141 5476 0
3141 6760 0
3141 1653 0
3141 7298 1
3141 3217 0
3141 2718 0
3141 2722 0
3141 4786 1
3141 8391 0
3141 5855 0
3141 6919 0
3141 265 0
3141 8467 0
3141 3354 0
3141 6977 0
3141 861 0
3141 3426 0
3141 3986 0
3141 8065 0
3141 5018 0
3141 934 0
3141 4337 1
3141 3997 0
3141 18332 0
3141 7893 0
3141 6739 0
15430 2272 0
15430 2280 0
15430 4337 1
15430 5111 1
16967 7298 1
16967 8681 0
16967 4786 1
16967 11027 0
16967 16201 0
16967 6586 1
16967 16015 0
16967 16030 0
15945 1653 0
15945 7298 1
15945 1687 0
15945 1221 0
15945 8391 0
15945 4828 0
15945 5855 0
15945 4337 1
15945 287 0
15945 4956 0
15945 8565 0
15945 1436 1
15945 6586 1
15945 8267 0
8267 16308 0
8267 6739 0
8267 5207 0
8267 8681 0
8267 8467 0
8267 1653 0
8267 16030 0
8267 17064 0
8267 4786 1
8267 1221 0
8267 1223 0
8267 1741 0
8267 1765 0
8267 8477 0
8267 16201 0
8267 861 0
8267 1388 0
8267 6543 0
8267 3986 0
8267 3997 0
8267 6586 1
8267 7298 1
8267 3561 0
6669 1620 0
6669 6586 1
6669 7298 1
6669 4786 1
6669 7380 0
6669 4825 0
6669 4828 0
6669 265 0
6669 3426 0
6669 3431 0
6669 6543 0
6669 18613 0
6669 2500 0
6669 4553 0
5712 5712 0
5712 1741 0
5712 1765 0
5712 284 1
5712 287 0
5712 861 0
5712 3426 0
5712 2405 0
5712 5111 1
6739 8875 0
6739 8391 0
6739 17064 0
6739 8467 0
6739 2405 0
6739 6543 0
6739 6586 1
6739 8654 0
6739 6739 0
6739 6760 0
6739 659 0
6739 2718 0
6739 2722 0
6739 12999 0
6739 8347 0
6739 4925 0
6739 2881 0
6739 4957 0
6739 4958 0
6739 863 0
6739 4971 0
6739 5018 0
6739 13491 0
6739 7298 1
6739 7380 0
6739 3431 0
6739 1388 0
6739 3561 0
6739 1653 0
6739 8477 0
6739 8377 0
6739 287 0
6739 1741 0
6739 1765 0
6739 3986 0
1620 2280 0
1620 4349 0
1620 287 0
1620 8565 0
1620 6586 1
1620 2718 0
1620 2722 0
1620 6920 0
1620 4956 0
1620 4957 0
1620 4958 0
1620 8377 0
1620 7298 1
1620 1221 0
1620 1620 0
1620 1741 0
1620 5855 0
1620 1765 0
1620 16201 0
1620 3986 0
1620 18332 0
5207 13061 0
5207 861 0
5207 6752 0
5207 5207 0
5207 8681 0
5207 8467 0
5207 1653 0
5207 7298 1
5207 17064 0
5207 4786 1
5207 1221 0
5207 13512 0
5207 1741 0
5207 7893 0
5207 2280 0
5207 4859 0
5207 6977 0
5207 4956 0
5207 4957 0
5207 4958 0
5207 3426 0
5207 3446 0
5207 8065 0
5207 3986 0
5207 16308 0
5207 2500 0
5207 2501 0
5207 3561 0
5476 868 0
5476 7298 1
5476 1687 0
5476 3354 0
5476 5476 0
5476 1895 0
5476 15837 1
2650 3354 0
2650 284 1
2650 6883 1
2650 1653 0
5723 4786 1
5723 8377 0
5723 5723 0
5723 3431 0
5723 7298 1
5723 1687 0
5723 2718 0
5723 2722 0
5723 704 0
5723 1223 0
5723 4349 0
5723 4916 0
5723 3426 0
5723 389 0
5723 3997 0
6748 7298 1
6748 16201 0
6748 2718 0
6748 8467 0
6748 6586 1
6748 6752 0
6748 3561 0
6748 1653 0
6748 9044 0
10334 7298 1
10334 8681 0
10334 4786 1
10334 16015 0
10334 6586 1
6752 13061 0
6752 861 0
6752 16308 0
6752 6752 0
6752 7284 0
6752 7298 1
6752 1903 0
6752 4786 1
6752 7380 0
6752 7893 0
6752 4825 0
6752 4828 0
6752 5855 0
6752 5877 0
6752 4916 0
6752 4925 0
6752 4956 0
6752 4957 0
6752 4958 0
6752 4971 0
6752 8565 0
6752 1912 0
6752 18613 0
6752 6977 0
6752 3986 0
6752 8092 0
6752 934 0
6752 7154 0
6752 6586 1
6752 2500 0
6752 2501 0
6752 16872 0
6752 8681 0
6752 18753 0
6752 9044 0
6760 7298 1
6760 8875 0
6760 7893 0
6760 2280 0
6760 8467 0
6760 5855 0
6760 6543 0
6760 3997 0
6760 16308 0
6760 6586 1
3431 13061 0
3431 4956 0
3431 861 0
3431 659 0
3431 2722 0
3431 4786 1
3431 7893 0
3431 4825 0
3431 2272 0
3431 4349 0
3431 8467 0
3431 287 0
3431 4916 0
3431 4409 0
3431 3426 0
3431 3431 0
3431 8065 0
3431 3986 0
3431 18332 0
3431 16308 0
3431 6586 1
11027 7298 1
11027 18824 0
11027 16015 0
11027 11027 0
11027 10009 0
11027 16030 0
11027 9894 0
11027 4786 1
11027 6586 1
11027 16201 0
11027 1765 0
11027 8681 0
11027 7154 0
11027 4349 0
7284 7284 0
7284 1653 0
7284 7298 1
7284 1687 0
7284 2501 0
7284 4786 1
7284 18613 0
7284 3446 0
7284 1741 0
7284 7380 0
7284 4825 0
7284 4828 0
7284 5855 0
7284 8477 0
7284 4916 0
7284 6977 0
7284 9044 0
7284 861 0
7284 3986 0
7284 934 0
7284 6586 1
7284 2500 0
7284 3043 0
7284 8681 0
7284 7154 0
7284 5111 1
1653 8391 0
1653 284 1
1653 8477 0
1653 389 0
1653 8699 1
1653 9044 0
1653 861 0
1653 972 0
1653 1221 0
1653 1388 0
1653 1653 0
1653 1765 0
1653 18046 0
1653 18613 0
1653 2501 0
1653 2722 0
1653 3561 0
1653 3986 0
1653 4409 0
1653 4553 0
1653 4825 0
1653 13061 0
1653 4916 0
1653 4956 0
1653 4957 0
1653 4971 0
1653 5018 0
1653 4958 0
1653 13512 0
1653 5855 0
1653 5877 0
1653 16030 0
1653 6543 0
1653 6977 0
1653 7380 0
1653 7893 0
1653 16308 0
6777 287 0
6777 6586 1
6777 1221 0
6777 5111 1
18046 7298 1
18046 2718 0
18046 2722 0
18046 6586 1
18046 8654 0
7298 16727 1
7298 861 1
7298 3446 1
7298 16015 1
7298 16030 1
7298 18601 1
7298 8875 1
7298 4786 2
7298 18613 1
7298 10677 1
7298 19828 1
7298 701 1
7298 16066 1
7298 1221 1
7298 1223 1
7298 1741 1
7298 7380 1
7298 7893 1
7298 4825 1
7298 4828 1
7298 12525 1
7298 12999 1
7298 5877 1
7298 4349 1
7298 13061 1
7298 265 1
7298 6932 1
7298 10009 1
7298 4916 1
7298 4409 1
7298 6977 1
7298 16200 1
7298 16201 1
7298 7499 1
7298 9044 1
7298 4956 1
7298 4957 1
7298 4958 1
7298 863 1
7298 868 1
7298 2405 1
7298 8040 1
7298 1903 1
7298 16872 1
7298 8565 1
7298 1912 1
7298 8065 1
7298 389 1
7298 18753 1
7298 18824 1
7298 3986 1
7298 18332 1
7298 3997 1
7298 934 1
7298 16308 1
7298 18871 1
7298 6586 2
7298 2500 1
7298 2501 1
7298 12024 1
7298 8614 1
7298 8680 1
7298 8681 1
7298 7154 1
7298 18003 2
16015 16727 0
16015 16015 0
16015 3986 0
16015 10009 0
16015 16308 0
16015 16030 0
16015 287 0
16015 9894 0
16015 18601 0
16015 4786 1
16015 4916 0
16015 6586 1
16015 6977 0
16015 16201 0
16015 861 0
16015 8681 0
16015 12024 0
3217 6919 0
3217 2718 0
3217 2722 0
3217 8065 0
3217 8391 0
3217 1741 0
3217 1765 0
3217 2280 0
3217 7893 0
3217 16308 0
3217 8477 0
3217 4916 0
3217 6883 1
3217 3426 0
3217 4971 0
3217 1388 0
3217 3986 0
3217 5018 0
3217 1436 1
659 13061 0
659 10677 0
659 659 0
659 4786 1
659 8377 0
659 13512 0
659 7893 0
659 5855 0
659 6883 1
659 4859 0
659 861 0
659 3426 0
659 8065 0
659 3986 0
659 18332 0
659 16308 0
659 8654 0
1687 3426 0
1687 2272 0
1687 2405 0
1687 389 0
1687 2451 0
1687 6586 1
1687 2500 0
1687 8875 0
1687 6883 1
1687 4859 0
1687 861 0
1687 868 0
1687 972 0
1687 3043 0
1687 3354 0
1687 3446 0
1687 2983 0
1687 1687 0
1687 1741 0
1687 1756 0
1687 5855 0
1687 1765 0
1687 4409 0
8347 8875 0
8347 4786 1
8347 7893 0
8347 4321 1
8347 1765 0
8347 3426 0
8347 6543 0
8347 3986 0
8347 8347 0
8347 18003 1
16030 3986 0
16030 10009 0
16030 16030 0
16030 9894 0
16030 4786 1
16030 6586 1
16030 18753 0
16030 16201 0
16030 16727 0
16030 4956 0
16030 4957 0
16030 4958 0
16030 8681 0
16030 4971 0
16030 18601 0
2722 8391 0
2722 265 0
2722 8467 0
2722 8477 0
2722 2500 0
2722 2501 0
2722 4553 0
2722 2881 0
2722 13061 0
2722 2718 0
2722 2722 0
2722 4786 1
2722 4825 0
2722 4828 0
2722 6883 1
2722 4859 0
2722 6919 0
2722 6977 0
2722 861 0
2722 863 0
2722 4971 0
2722 5018 0
2722 972 0
2722 3043 0
2722 1221 0
2722 1223 0
2722 3426 0
2722 1388 0
2722 3446 0
2722 3561 0
2722 16308 0
2722 1741 0
2722 7893 0
2722 5855 0
2722 8065 0
2722 3986 0
2722 18332 0
2722 3997 0
9894 4786 1
9894 6586 1
9894 16201 0
9894 8681 0
9894 8565 0
17064 4957 0
17064 4786 1
17064 13512 0
17064 1741 0
17064 7893 0
17064 6883 1
17064 1765 0
17064 8477 0
17064 4916 0
17064 6977 0
17064 4956 0
17064 4958 0
17064 3426 0
17064 8065 0
17064 6543 0
17064 3986 0
17064 16308 0
18601 8681 0
18601 4786 1
18601 16201 0
18601 6586 1
8875 704 0
8875 18332 0
8875 2718 0
8875 8875 0
8875 8377 0
8875 5855 0
8875 6883 1
8875 1765 0
8875 2280 0
8875 8477 0
8875 4409 0
8875 861 0
8875 863 0
8875 4957 0
8875 3986 0
8875 5018 0
8875 4553 0
8875 5111 1
4786 6919 1
4786 8477 1
4786 1895 1
4786 2718 1
4786 20679 1
4786 18613 1
4786 8377 1
4786 8565 1
4786 704 1
4786 7380 1
4786 4828 1
4786 1765 1
4786 18871 1
4786 12024 1
4786 6920 1
4786 265 1
4786 4825 1
4786 10009 1
4786 18824 1
4786 4916 1
4786 6977 1
4786 16200 1
4786 8092 1
4786 7499 1
4786 9044 1
4786 16727 1
4786 4956 1
4786 4957 1
4786 4958 1
4786 3426 1
4786 2405 1
4786 4971 1
4786 1388 1
4786 19828 1
4786 3986 1
4786 2451 1
4786 5018 1
4786 3997 1
4786 934 1
4786 16201 1
4786 6586 2
4786 2500 1
4786 2501 1
4786 18003 2
4786 8654 1
4786 8681 1
4786 7154 1
13491 1221 0
13491 1741 0
13491 4916 0
13491 6977 0
13491 4971 0
13491 3986 0
13491 1436 1
13491 16308 0
13491 5111 1
18613 7154 0
18613 18613 0
18613 7380 0
18613 4825 0
18613 4828 0
18613 2272 0
18613 1765 0
18613 3043 0
18613 9044 0
18613 934 0
18613 6586 1
18613 2500 0
18613 2501 0
18613 8681 0
8377 2718 0
8377 5855 0
8377 7893 0
8377 265 0
8377 16308 0
8377 861 0
8377 4916 0
8377 4956 0
8377 4957 0
8377 4958 0
8377 3426 0
8377 8065 0
8377 3986 0
8377 5111 1
701 8092 0
701 287 0
701 6586 1
701 701 0
701 861 0
701 2405 0
701 8565 0
704 704 0
704 5111 1
16066 2718 0
16066 6586 1
16066 5855 0
16066 8681 0
1221 3426 0
1221 3446 0
1221 2280 0
1221 284 1
1221 4409 0
1221 2405 0
1221 2500 0
1221 2501 0
1221 16872 0
1221 2718 0
1221 4825 0
1221 4859 0
1221 6920 0
1221 4916 0
1221 861 0
1221 863 0
1221 934 0
1221 972 0
1221 3043 0
1221 5111 1
1221 13512 0
1221 1221 0
1221 1223 0
1221 1436 1
1221 8467 0
1221 287 0
1221 1741 0
1221 7893 0
1221 5855 0
1221 8065 0
1221 3986 0
1221 16308 0
8391 6919 0
8391 16308 0
8391 18332 0
8391 2718 0
8391 8391 0
8391 1741 0
8391 6883 1
8391 2280 0
8391 8477 0
8391 4916 0
8391 2881 0
8391 861 0
8391 3426 0
8391 4971 0
8391 6977 0
8391 3986 0
8391 5018 0
8391 4553 0
8391 5111 1
8391 3043 0
8391 7893 0
13512 1223 0
13512 5855 0
13512 6883 1
13512 13512 0
13512 4409 0
13512 1388 0
13512 3446 0
13512 389 0
13512 6543 0
13512 1436 1
6860 6860 0
6860 3534 1
6860 5603 1
6860 4349 0
14540 6883 1
14540 15837 1
1741 2272 0
1741 2280 0
1741 284 1
1741 4828 0
1741 4409 0
1741 6586 1
1741 2500 0
1741 2501 0
1741 4553 0
1741 2718 0
1741 4825 0
1741 4859 0
1741 861 0
1741 863 0
1741 4971 0
1741 5018 0
1741 934 0
1741 972 0
1741 3043 0
1741 7154 0
1741 868 0
1741 1223 0
1741 7380 0
1741 3354 0
1741 1388 0
1741 3446 0
1741 1436 1
1741 8477 0
1741 1741 0
1741 5855 0
1741 1765 0
1741 8065 0
1741 3997 0
7380 7380 0
7380 4825 0
7380 4828 0
7380 5855 0
7380 4916 0
7380 7154 0
7380 9044 0
7380 4409 0
7380 861 0
7380 8065 0
7380 3986 0
7380 934 0
7380 16308 0
7380 6586 1
7380 2500 0
7380 2501 0
7380 16872 0
7380 8681 0
7893 7893 0
7893 287 0
7893 4409 0
7893 6543 0
7893 6586 1
7893 2501 0
7893 8654 0
7893 4825 0
7893 13061 0
7893 4956 0
7893 4971 0
7893 5018 0
7893 1388 0
7893 1436 1
7893 16308 0
7893 8477 0
7893 5855 0
7893 1765 0
7893 8065 0
7893 3997 0
4825 16308 0
4825 2718 0
4825 4828 0
4825 4916 0
4825 5855 0
4825 6977 0
4825 9044 0
4825 8065 0
4825 3986 0
4825 18332 0
4825 934 0
4825 7154 0
4825 6586 1
4825 2500 0
4825 2501 0
4825 8681 0
1756 3043 0
1756 3534 1
1756 6883 1
1756 287 0
2718 8467 0
2718 287 0
2718 20679 0
2718 8614 0
2718 2500 0
2718 8699 1
2718 2718 0
2718 2501 0
2718 4828 0
2718 4859 0
2718 6919 0
2718 6932 0
2718 2881 0
2718 861 0
2718 863 0
2718 5018 0
2718 2983 0
2718 972 0
2718 3043 0
2718 1223 0
2718 3426 0
2718 3446 0
2718 5855 0
2718 8065 0
2718 3986 0
2718 18332 0
2718 3997 0
5855 2280 0
5855 4349 0
5855 4828 0
5855 18753 0
5855 2405 0
5855 389 0
5855 2500 0
5855 2501 0
5855 4553 0
5855 13061 0
5855 8654 0
5855 6883 1
5855 4859 0
5855 4916 0
5855 4925 0
5855 2881 0
5855 4956 0
5855 861 0
5855 863 0
5855 868 0
5855 5018 0
5855 934 0
5855 972 0
5855 5111 1
5855 4957 0
5855 1223 0
5855 3354 0
5855 3446 0
5855 3561 0
5855 5855 0
5855 1765 0
5855 16694 0
5855 16308 0
5855 1903 0
5855 8065 0
2272 4321 1
2272 4337 1
2272 8699 1
2272 861 0
2272 3986 0
4321 13061 1
4321 13709 1
4321 3426 1
6883 861 1
6883 972 1
6883 6883 2
6883 2280 1
6883 4859 1
6883 6932 1
6883 3354 1
6883 8477 1
6883 16694 1
6883 2881 1
6883 1388 1
6883 3446 1
6883 389 1
6883 2451 1
6883 8654 1
1765 4409 0
1765 16727 0
1765 389 0
1765 2451 0
1765 2501 0
1765 13061 0
1765 4916 0
1765 4925 0
1765 4956 0
1765 4957 0
1765 4958 0
1765 2983 0
1765 3043 0
1765 3426 0
1765 1388 0
1765 18003 1
1765 1765 0
1765 3986 0
1765 16308 0
2280 2280 0
2280 3426 0
2280 4971 0
2280 3446 0
2280 8065 0
2280 3986 0
2280 2451 0
2280 1436 1
12525 8040 0
12525 6586 1
12999 4957 0
12999 6586 1
12999 287 0
12999 4925 0
4337 13709 1
4337 287 1
4337 16694 1
4337 6799 1
5877 287 0
5877 4916 0
5877 6586 1
5877 2501 0
12024 8681 0
12024 16201 0
12024 6586 1
4859 4349 0
4859 389 0
4859 2500 0
4859 2501 0
4859 8654 0
4859 4859 0
4859 4916 0
4859 2881 0
4859 863 0
4859 2983 0
4859 972 0
4859 3043 0
4859 5111 1
4859 1223 0
4859 3354 0
4859 4409 0
4859 1388 0
4859 3446 0
4859 16200 0
4859 3986 0
4349 16200 0
4349 6977 0
4349 4349 0
4349 287 0
4349 2881 0
4349 3426 0
4349 3446 0
4349 3986 0
4349 18332 0
4349 6586 1
4349 4553 0
4349 8681 0
13061 8477 0
13061 4828 0
13061 4409 0
13061 8565 0
13061 6586 1
13061 2501 0
13061 8654 0
13061 9044 0
13061 4956 0
13061 934 0
13061 6919 0
13061 13061 0
13061 3426 0
13061 1388 0
13061 5018 0
13061 16308 0
13061 18003 1
13061 8092 0
13061 3997 0
6919 6920 0
6919 4916 0
6919 4925 0
6919 16200 0
6919 3426 0
6919 3986 0
6919 5018 0
6919 5111 1
6920 18332 0
6920 1223 0
6920 6920 0
6920 287 0
6920 4916 0
6920 4925 0
6920 3426 0
6920 4971 0
6920 8065 0
6920 3986 0
6920 1436 1
265 2405 0
265 265 0
265 4409 0
265 3426 0
265 6586 1
265 2500 0
265 2501 0
8467 4409 0
8467 2501 0
8467 6977 0
8467 4971 0
8467 11159 0
8467 934 0
8467 7499 0
8467 1388 0
8467 1436 1
8467 8467 0
8467 3997 0
8467 16308 0
6932 6932 0
6932 4916 0
6932 6586 1
10009 16201 0
10009 8681 0
3354 287 0
3354 2500 0
3354 4956 0
3354 861 0
3354 863 0
3354 868 0
3354 972 0
3354 3043 0
3354 3354 0
3354 3534 1
3354 1895 0
3354 1903 0
3354 8065 0
284 284 2
284 287 1
284 4553 1
284 1903 1
8477 287 0
8477 16727 0
8477 6543 0
8477 4916 0
8477 6977 0
8477 4956 0
8477 4957 0
8477 4958 0
8477 4971 0
8477 5018 0
8477 861 0
8477 3426 0
8477 1388 0
8477 1436 1
8477 3561 0
8477 3986 0
8477 18332 0
8477 16308 0
287 287 0
287 8614 0
287 8654 0
287 863 0
287 3043 0
287 3426 0
287 3446 0
287 4553 0
287 4916 0
287 4957 0
287 5603 1
287 7499 0
4828 7154 0
4828 4925 0
4828 6977 0
4828 8065 0
4828 934 0
4828 6586 1
4828 2500 0
4828 2501 0
4828 8681 0
4828 9044 0
4916 1388 0
4916 3446 0
4916 2451 0
4916 6586 1
4916 2500 0
4916 2501 0
4916 4553 0
4916 4916 0
4916 4925 0
4916 6977 0
4916 4956 0
4916 4971 0
4916 934 0
4916 1223 0
4916 1436 1
4916 3561 0
4916 8092 0
4916 3997 0
8654 861 0
8654 8065 0
8654 16308 0
8654 3426 0
8654 3986 0
8654 18332 0
8654 2500 0
4409 4409 0
4409 389 0
4409 6586 1
4409 6977 0
4409 4956 0
4409 861 0
4409 868 0
4409 2983 0
4409 7154 0
4409 10677 0
4409 3426 0
4409 1388 0
4409 19828 0
4409 3561 0
4409 3986 0
4409 16308 0
4925 18332 0
4925 4925 0
4925 3426 0
4925 3986 0
4925 1436 1
4925 3997 0
4925 8092 0
4925 6586 1
6977 6586 1
6977 2500 0
6977 2501 0
6977 6977 0
6977 5018 0
6977 1388 0
6977 1436 1
6977 5603 1
6977 18003 1
6977 16201 0
6977 3997 0
16200 3986 0
16200 18332 0
16200 6586 1
16200 972 0
16201 18753 0
16201 16727 0
16201 3986 0
16201 4958 0
16201 6586 1
16201 16201 0
16201 4956 0
16201 4957 0
16201 3043 0
16201 8681 0
16201 1903 0
16201 1912 0
8092 10677 0
8092 3986 0
8092 1903 0
8092 18332 0
8092 4957 0
8092 4958 0
8092 6586 1
8092 18753 0
8092 2500 0
8092 8565 0
8092 4956 0
8092 861 0
8092 1912 0
7499 3986 0
7499 3561 0
3043 2500 0
3043 2881 0
3043 861 0
3043 863 0
3043 934 0
3043 3043 0
3043 9295 1
3043 1223 0
3043 1388 0
3043 3446 0
3043 3534 1
9044 934 0
9044 6586 1
9044 2500 0
9044 2501 0
9044 1912 0
9044 16872 0
9044 8681 0
9044 7154 0
16727 6586 1
16727 8681 0
6799 4553 0
6799 5111 1
4956 20679 0
4956 8565 0
4956 389 0
4956 6586 1
4956 1388 0
4956 4956 0
4956 4957 0
4956 4958 0
4956 863 0
4956 1223 0
4956 861 0
4956 3426 0
4956 18332 0
4956 3997 0
4956 3561 0
4956 18003 1
4956 3986 0
861 2451 0
861 6586 1
861 861 0
861 5018 0
861 4957 0
861 4958 0
861 3426 0
861 1388 0
861 3446 0
861 3986 0
861 3997 0
4958 20679 0
4958 18753 0
4958 8565 0
4958 6586 1
4958 1388 0
4958 4957 0
4958 4958 0
4958 1223 0
4958 3426 0
4958 3997 0
4958 3561 0
4958 18003 1
863 3426 0
863 1388 0
863 3986 0
863 2451 0
863 6586 1
3426 16308 0
3426 389 0
3426 4971 0
3426 5018 0
3426 934 0
3426 4957 0
3426 3426 0
3426 1388 0
3426 8065 0
3426 3986 0
868 18003 1
868 6586 1
868 868 0
2405 3986 0
2405 389 0
2405 10677 0
2405 6586 1
2405 16872 0
1895 1895 0
1895 8699 1
8040 18824 0
8040 6586 1
4971 2451 0
4971 2501 0
4971 4553 0
4971 4971 0
4971 5018 0
4971 934 0
4971 1388 0
4971 3561 0
4971 18003 1
4971 3986 0
1388 1388 0
1388 2451 0
1388 6543 0
1388 16872 0
1388 4957 0
1388 5018 0
1388 7154 0
1388 3446 0
1388 3561 0
1388 8065 0
1388 3986 0
1388 18332 0
1388 16308 0
1903 6586 1
1903 2501 0
1903 2500 0
1903 3561 0
16872 1912 0
16872 3986 0
16872 3997 0
16872 6586 1
16872 2500 0
16872 2501 0
19828 6586 1
19828 8681 0
8565 3986 0
8565 2983 0
8565 6586 1
8565 18753 0
8565 2500 0
8565 18871 0
8565 18332 0
8565 4957 0
8565 1912 0
3446 2500 0
3446 3446 0
3446 389 0
8681 18753 0
8681 18824 0
8681 3986 0
8681 3997 0
8681 934 0
8681 6586 1
8681 2500 0
8681 2501 0
8681 16308 0
8681 7154 0
1912 6586 1
1912 2501 0
1223 4957 0
1223 3986 0
1223 2500 0
1223 2501 0
1223 5111 1
8065 6586 1
8065 2500 0
8065 5018 0
8065 8065 0
8065 3997 0
389 4957 0
389 389 0
389 6586 1
389 2500 0
4957 20679 0
4957 18753 0
4957 6586 1
4957 3997 0
4957 3561 0
4957 18003 1
2881 2881 0
2881 2983 0
2881 972 0
2881 8699 1
6543 6543 0
6543 16308 0
6543 6586 1
6543 3561 0
6543 18003 1
3986 972 0
3986 20679 0
3986 1436 1
3986 2501 0
3986 3561 0
3986 3986 0
3986 3997 0
3986 5018 0
3986 6586 1
2451 18332 0
11159 9295 1
11159 3561 0
11159 5111 1
5018 16308 0
5018 5018 0
5018 1436 1
5018 3561 0
5018 18332 0
1436 1436 2
1436 16308 1
1436 10677 1
1436 4553 1
1436 3561 1
3997 16308 0
3997 6586 1
3997 3561 0
8614 16308 0
8614 6586 1
2983 2983 0
2983 6586 1
2983 972 0
2983 8699 1
18332 6586 1
18332 5603 1
16308 6586 1
16308 2501 0
16308 16308 0
16308 18003 1
10677 6586 1
10677 4553 0
18871 18871 0
6586 20679 1
6586 18753 1
6586 934 1
6586 6586 2
6586 2500 1
6586 2501 1
6586 8680 1
6586 7154 1
6586 18003 2
2500 2501 0
2500 934 0
2500 7154 0
2500 2500 0
2501 2501 0
2501 934 0
2501 7154 0
2501 3561 0
4553 4553 0
4553 18003 1
972 972 0
972 8699 1
934 5111 1
934 934 0
934 7154 0
934 3561 0
7154 7154 0
5111 5111 2
8699 8699 2
