133 3986 0
133 3236 1
133 3426 0
133 5864 1
133 8467 0
364 7682 0
364 6165 0
364 2115 0
364 5723 0
364 8860 0
364 5791 0
364 3236 1
364 5864 1
364 14072 0
364 364 0
364 3036 0
861 2115 0
861 6165 0
861 4245 0
861 14072 0
861 8867 0
861 8921 0
861 861 0
861 911 0
861 976 0
861 1159 0
861 3232 0
861 3236 1
861 5432 0
861 3426 0
861 7682 0
861 1680 0
861 5791 0
861 5864 1
861 8006 0
861 3986 0
905 905 2
911 6165 0
911 2115 0
911 3426 0
911 1620 0
911 5723 0
911 1159 0
911 18060 0
911 1680 0
911 5791 0
911 3232 0
911 8867 0
911 3236 1
911 5864 1
911 8006 0
911 3986 0
911 1943 0
911 6065 0
911 2997 0
911 4553 0
911 14072 0
911 3919 0
976 13061 0
976 3986 0
976 3236 1
976 18060 0
976 4559 0
976 5723 0
976 4325 1
976 3561 0
1159 2115 0
1159 1159 0
1159 1680 0
1159 3232 0
1159 5289 1
1159 5864 1
1159 1943 0
1159 3236 1
1159 8860 0
1159 4559 0
1423 5432 1
1433 1433 2
1620 2115 0
1620 6165 0
1620 2276 0
1620 5523 0
1620 8860 0
1620 8867 0
1620 14072 0
1620 3024 1
1620 3036 0
1620 5432 0
1620 1620 0
1620 1765 0
1620 5864 1
1620 3986 0
1620 1943 0
1680 2115 0
1680 6165 0
1680 4245 0
1680 4250 0
1680 4559 0
1680 16905 0
1680 2596 0
1680 2715 0
1680 8867 0
1680 13061 0
1680 2997 0
1680 9145 0
1680 3024 1
1680 3232 0
1680 3236 1
1680 3267 0
1680 3426 0
1680 5864 1
1680 14072 0
1680 8006 0
1680 3919 0
1680 3986 0
1680 1943 0
1680 6065 0
1680 5791 0
1765 6165 0
1765 2115 0
1765 4245 0
1765 16444 0
1765 8860 0
1765 13061 0
1765 4916 0
1765 2997 0
1765 3236 1
1765 3426 0
1765 1765 0
1765 5864 1
1765 3986 0
1765 1943 0
1765 6065 0
1943 6165 0
1943 4245 0
1943 2115 0
1943 2596 0
1943 8860 0
1943 8867 0
1943 2997 0
1943 3232 0
1943 3236 1
1943 5432 0
1943 3426 0
1943 7682 0
1943 5639 1
1943 5791 0
1943 14072 0
1943 1943 0
2115 6165 0
2115 13061 0
2115 2596 0
2115 2115 0
2115 14072 0
2115 18060 0
2115 4245 0
2115 2715 0
2115 5791 0
2115 8867 0
2115 4559 0
2115 5864 1
2115 5723 0
2115 8860 0
2115 3267 0
2115 3426 0
2115 3986 0
2115 6065 0
2115 2997 0
2115 5289 1
2276 8467 0
2276 3236 1
2276 3232 0
2276 8006 0
2276 3919 0
2276 5864 1
2276 3561 0
2276 3570 0
2596 2596 0
2596 8467 0
2596 4245 0
2596 8867 0
2596 3236 1
2596 3267 0
2596 3426 0
2596 3986 0
2596 6065 0
2596 2997 0
2596 4553 0
2596 3024 1
2715 4741 1
2715 4250 0
2715 2715 0
2715 5289 1
2715 8006 0
2715 5432 0
2997 6165 0
2997 8860 0
2997 3232 0
2997 3236 1
2997 5289 1
2997 3426 0
2997 7682 0
2997 2997 0
2997 6065 0
3024 8860 1
3024 5791 1
3024 4275 1
3024 6839 1
3024 9145 1
3024 8006 1
3024 8467 1
3024 3919 1
3024 3024 2
3024 3561 1
3024 6000 1
3024 14072 1
3036 5289 1
3036 3243 1
3036 3036 0
3036 5523 0
3232 6165 0
3232 13061 0
3232 16905 0
3232 3426 0
3232 5723 0
3232 18060 0
3232 4245 0
3232 4250 0
3232 5791 0
3232 3232 0
3232 8867 0
3232 3236 1
3232 3267 0
3232 8921 0
3232 5864 1
3232 14072 0
3232 5417 0
3232 4916 0
3232 8006 0
3232 3919 0
3232 3986 0
3232 6065 0
3232 9145 0
3232 4559 0
3232 3549 0
3232 3570 0
3236 6165 1
3236 16905 1
3236 3426 1
3236 5723 1
3236 18060 1
3236 4245 1
3236 4250 1
3236 8867 1
3236 3236 2
3236 3267 1
3236 8921 1
3236 5864 2
3236 5417 1
3236 4916 1
3236 8006 1
3236 3919 1
3236 16444 1
3236 6000 1
3236 3986 1
3236 6065 1
3236 9145 1
3236 5791 1
3236 4553 1
3236 4559 1
3236 14072 1
3236 3549 1
3236 3570 1
3243 5523 1
3243 3243 2
3267 5864 1
3426 6165 0
3426 4245 0
3426 14072 0
3426 8860 0
3426 8867 0
3426 8921 0
3426 13061 0
3426 3426 0
3426 5723 0
3426 9145 0
3426 5791 0
3426 5864 1
3426 3919 0
3426 3986 0
3426 6065 0
3549 3549 0
3549 5864 1
3561 6165 0
3561 4325 1
3561 5523 0
3561 6839 0
3561 4916 0
3561 14072 0
3561 8006 0
3561 3986 0
3570 5864 1
3714 3714 2
3714 3986 1
3714 4069 1
3761 13061 1
3919 6165 0
3919 5723 0
3919 8860 0
3919 8921 0
3919 8006 0
3919 3919 0
3919 6000 0
3919 5791 0
3986 8867 0
3986 14072 0
3986 3986 0
3986 8860 0
3986 4069 0
3986 4245 0
3986 4250 0
3986 5417 0
3986 5523 0
3986 5791 0
3986 5864 1
3986 6165 0
3986 7682 0
3986 8006 0
4069 7682 0
4069 4245 0
4069 8006 0
4069 5864 1
4245 6165 0
4245 8860 0
4245 5791 0
4245 8867 0
4245 5864 1
4245 4559 0
4250 7682 0
4250 18060 0
4250 5417 0
4250 5791 0
4250 16905 0
4250 5723 0
4250 5864 1
4275 7682 0
4275 5864 1
4325 7682 1
4325 5523 1
4325 4553 1
4325 4559 1
4325 4325 2
4325 8467 1
4553 6165 0
4553 5864 1
4553 4916 0
4553 4553 0
4553 4559 0
4559 7682 0
4559 6165 0
4559 8860 0
4916 16444 0
4916 5864 1
4916 4916 0
4916 5723 0
4916 6000 0
5289 6065 1
5417 16905 0
5417 5417 0
5417 5864 1
5432 6415 1
5432 8467 0
5432 5432 0
5432 5523 0
5432 5864 1
5432 14072 0
5523 8467 0
5523 5523 0
5723 7682 0
5723 5723 0
5723 5864 1
5723 18060 0
5723 5791 0
5791 6165 0
5791 8860 0
5791 5791 0
5791 5864 1
5791 14072 0
5791 8006 0
5864 7682 1
5864 16905 1
5864 6165 1
5864 16444 1
5864 18060 1
5864 8860 1
5864 8867 1
5864 6839 1
5864 8921 1
5864 5864 2
5864 13061 1
6000 6165 0
6000 8867 0
6065 6165 0
6065 8860 0
6065 7682 0
6065 14072 0
6065 6065 0
6165 6165 0
6165 8467 0
6165 6839 0
6165 14072 0
6165 8867 0
6839 8467 0
6839 8867 0
7682 7682 0
7682 16905 0
7682 8006 0
8006 8921 0
8006 8467 0
8467 16444 0
8467 9145 0
8467 8467 0
8467 14072 0
8860 18060 0
8860 13061 0
8867 8867 0
8867 13061 0
9145 16905 0
9145 9145 0
13061 13061 0
13061 14072 0
16444 16444 0
18060 18060 0
