3072 7496 1
3072 4534 1
3072 4536 1
3072 7482 1
3072 915 1
3072 5469 1
6849 2588 1
6849 4679 1
6849 6849 0
3467 3467 2
3467 3354 1
3467 1741 1
3467 5855 1
3467 1259 1
21518 287 1
3986 999 1
3986 1259 0
3986 18337 1
3986 2253 0
3986 3232 0
3986 3561 0
3986 3986 0
3986 4250 0
3986 4520 0
3986 4534 0
3986 13402 1
3986 5469 0
3986 5787 0
3986 7496 0
915 2239 1
915 7482 0
915 7496 0
915 915 0
915 5787 0
915 4520 0
915 4534 0
915 4536 0
1815 3232 1
1815 4250 1
4250 287 0
4250 3232 0
4250 7507 1
5787 5787 0
5787 8646 1
5787 1259 0
5787 7507 1
1308 4520 1
3354 287 0
3354 2588 1
3354 1259 0
3354 3354 0
3354 7482 0
3354 5476 0
3354 1741 0
3354 5855 0
3354 5432 0
287 287 0
287 8646 1
287 1070 1
287 1259 0
287 18337 1
287 4536 0
287 13482 0
18337 13482 1
5159 5159 2
4520 2588 1
4520 5855 0
4520 4520 0
2588 2588 2
2588 5469 1
2588 1741 1
2588 5855 1
2588 1259 1
2588 5432 1
2588 5476 1
13482 7507 1
12971 1012 1
1070 3561 1
157 157 2
4534 4534 0
4534 710 1
4534 1259 0
4534 5432 0
4534 7482 0
4534 7496 0
4534 5469 0
4534 3561 0
4534 5855 0
5432 4536 0
5432 4679 1
5432 1259 0
5432 5432 0
5432 5469 0
5432 5476 0
5432 1741 0
5432 5855 0
7482 4679 1
2239 7496 1
2239 2253 1
3232 3232 0
3232 7507 1
710 710 2
710 4536 1
4679 7496 1
4679 2253 1
4679 5476 1
4679 1012 1
7496 1741 0
7496 7496 0
7496 1259 0
2253 1741 0
1741 1259 0
1741 5469 0
1741 1741 0
1741 5855 0
4536 5855 0
4536 5469 0
4536 4536 0
7507 3561 1
5469 1259 0
5469 5469 0
5469 5855 0
5855 3561 0
5855 5855 0
5476 5476 0
999 999 2
3561 1259 0
