53 53 0
53 2338 0
53 6741 0
53 2708 0
53 2712 0
53 2718 0
53 8875 0
53 8881 0
53 719 0
53 1367 1
53 5469 0
53 3533 0
53 1653 0
53 1687 0
53 16031 0
53 1742 1
53 5855 0
53 5981 0
53 6068 0
152 3470 1
152 152 2
152 4510 1
152 1570 1
152 155 1
152 5855 1
152 3134 2
152 2338 1
152 3533 1
152 1367 2
152 1765 1
152 1270 1
152 1023 1
155 1367 1
459 4523 1
459 459 2
459 1653 1
644 669 1
644 16031 1
644 672 1
644 673 1
644 4524 1
644 8881 1
644 6068 1
644 10184 1
644 5469 1
644 4459 1
644 6741 1
669 6741 0
669 2708 0
669 669 0
669 2718 0
669 5432 0
669 1653 0
669 1742 1
669 1765 0
669 5981 0
672 6741 0
672 672 0
672 1742 1
673 1653 0
673 2338 0
673 1742 1
719 4524 0
719 5469 0
719 6068 0
719 4677 1
719 2193 1
719 2718 0
719 719 0
719 4477 0
719 3986 0
719 4550 0
719 4551 0
719 10184 0
1023 1584 1
1270 3134 1
1367 1765 1
1570 1584 1
1570 3134 1
1584 3043 1
1584 3533 1
1584 1584 2
1584 16850 1
1584 8875 1
1653 8881 0
1653 1653 0
1653 1765 0
1653 2338 0
1653 3986 0
1653 4534 0
1653 4677 1
1653 5855 0
1653 6068 0
1653 6164 0
1653 14393 1
1653 6741 0
1653 6846 0
1653 16031 0
1687 2338 0
1687 4477 0
1687 4534 0
1687 4550 0
1687 4677 1
1687 8875 0
1687 3043 0
1687 5981 0
1687 5432 0
1687 5469 0
1687 7698 0
1687 1687 0
1687 1742 1
1687 5855 0
1687 1765 0
1742 7698 1
1742 6164 1
1742 4644 1
1742 5469 1
1742 2712 1
1742 16031 1
1742 1742 2
1742 5432 1
1742 5981 1
1742 2718 1
1742 4550 1
1765 8875 0
1765 4534 0
1765 4550 0
1765 4551 0
1765 6741 0
1765 8881 0
1765 3043 0
1765 5469 0
1765 7698 0
1765 16031 0
1765 5855 0
1765 1765 0
1765 3986 0
2193 2193 2
2193 2338 1
2193 5469 1
2193 4534 1
2193 5432 1
2193 4550 1
2193 4551 1
2193 16850 1
2193 3043 1
2338 8356 1
2338 2338 0
2338 4550 0
2338 2712 0
2338 2718 0
2338 8881 0
2338 6164 0
2338 5981 0
2338 5432 0
2338 5469 0
2338 7698 0
2338 3986 0
2338 6068 0
2437 4523 1
2708 4510 0
2708 4677 1
2708 6741 0
2708 2712 0
2708 2718 0
2708 8881 0
2708 3071 1
2708 5432 0
2708 3533 0
2708 7698 0
2708 16031 0
2708 5855 0
2708 5981 0
2708 3986 0
2708 6068 0
2712 6164 0
2712 6741 0
2712 2712 0
2712 2718 0
2712 8875 0
2712 8881 0
2712 3043 0
2712 3071 1
2712 4644 0
2712 5432 0
2712 3533 0
2712 16031 0
2712 5855 0
2712 5981 0
2712 3986 0
2712 6068 0
2718 4524 0
2718 4534 0
2718 4550 0
2718 6741 0
2718 2718 0
2718 8875 0
2718 8881 0
2718 3043 0
2718 3071 1
2718 5432 0
2718 5469 0
2718 3533 0
2718 5855 0
2718 3986 0
2718 6068 0
2718 16031 0
2747 2747 2
3043 4550 0
3043 4551 0
3043 8881 0
3043 3043 0
3043 7698 0
3043 5432 0
3043 5981 0
3071 6164 1
3071 4524 1
3071 6741 1
3071 3986 1
3071 3071 2
3073 3073 2
3073 3081 1
3073 4524 1
3073 6846 1
3081 8356 1
3081 4534 0
3134 3470 1
3134 4510 1
3134 8875 1
3134 3134 2
3134 4477 1
3470 3470 0
3533 3533 0
3986 8356 1
3986 8875 0
3986 8881 0
3986 3986 0
3986 4477 0
3986 4510 0
3986 4534 0
3986 4550 0
3986 4551 0
3986 4644 0
3986 5469 0
3986 5981 0
3986 6068 0
3986 6164 0
3986 6741 0
3986 6846 0
3986 16031 0
4041 17869 1
4041 5981 1
4042 17869 1
4459 14393 1
4466 4524 1
4466 4534 1
4477 14393 1
4477 6741 0
4477 5855 0
4477 5469 0
4477 6068 0
4477 4550 0
4477 4551 0
4523 4523 0
4524 4524 0
4524 4644 0
4524 5469 0
4524 5855 0
4534 4534 0
4534 5432 0
4534 5469 0
4534 5855 0
4550 4550 0
4550 4551 0
4550 8875 0
4550 5432 0
4550 5855 0
4550 6068 0
4551 4677 1
4551 4551 0
4551 5432 0
4551 5855 0
4551 6068 0
4644 4644 0
4644 4677 1
4644 5855 0
4644 5432 0
4644 5981 0
4677 6068 1
4677 6846 1
4677 4677 2
4677 10184 1
4677 6741 1
4677 8881 1
4677 5855 1
5432 7698 0
5432 5432 0
5432 5469 0
5432 5855 0
5432 5981 0
5469 8881 0
5469 6164 0
5469 5981 0
5469 5469 0
5469 5855 0
5855 8356 1
5855 8875 0
5855 8881 0
5855 7698 0
5855 5855 0
5855 5981 0
5855 6068 0
5981 16850 0
5981 8875 0
5981 8881 0
5981 5981 0
5981 6068 0
5981 6741 0
5981 16031 0
6068 6164 0
6068 8881 0
6068 6741 0
6068 6068 0
6068 10184 0
6164 6164 0
6164 6741 0
6741 6741 0
6741 8875 0
6741 8881 0
6741 16031 0
6846 6846 0
7698 7698 0
7698 14393 1
8875 8875 0
8875 8881 0
8881 8881 0
8881 16031 0
10184 10184 0
16031 16031 0
16850 16850 0
