53 6165 0
53 53 0
53 8391 0
53 2338 0
53 8548 0
53 4463 0
53 8654 0
53 4624 0
53 2599 0
53 8768 0
53 659 1
53 2712 0
53 4780 0
53 760 0
53 4972 0
53 5029 0
53 935 0
53 5043 0
53 2997 0
53 1022 0
53 861 0
53 1383 0
53 6739 0
53 1591 0
53 1653 0
53 7851 0
53 5855 0
53 5893 0
53 5981 0
53 6065 1
187 4624 0
187 6165 0
187 6739 0
187 187 0
187 861 0
187 3426 0
187 6032 1
187 6065 1
187 2997 0
288 6032 1
288 288 0
288 6065 1
288 2997 0
288 6792 0
659 6147 1
659 6060 1
659 6165 1
659 4647 1
659 1591 1
659 8768 1
659 6739 1
659 1629 1
659 3431 1
659 6792 1
659 659 2
659 2712 1
659 1712 1
659 8377 1
659 2755 1
659 5835 1
659 5836 1
659 16079 1
659 5855 1
659 6883 1
659 5882 1
659 4859 1
659 5893 1
659 2338 1
659 7982 1
659 6968 1
659 1349 1
659 6986 1
659 861 1
659 3426 1
659 8548 1
659 1383 1
659 4463 1
659 18801 1
659 4477 1
659 5016 1
659 5029 1
659 2997 1
659 8654 1
659 760 1
659 8676 1
659 5620 1
659 1022 1
690 6165 0
690 6065 1
690 2997 0
690 5828 1
690 4463 0
705 5981 0
705 6739 0
705 6792 0
705 705 0
705 5828 1
705 5835 0
705 5855 0
705 5882 0
705 6986 0
705 6968 0
705 6032 1
760 4624 0
760 6165 0
760 6739 0
760 5855 0
760 5893 0
760 861 0
760 5981 0
760 3426 0
760 8548 0
760 4477 0
760 6065 1
760 2997 0
760 8654 0
760 1022 0
861 1712 0
861 3431 0
861 6165 0
861 8377 0
861 18728 0
861 4647 0
861 8548 0
861 4463 0
861 4477 0
861 2483 1
861 8654 0
861 2599 0
861 6792 0
861 2712 0
861 4780 0
861 2755 0
861 6883 0
861 4864 0
861 861 0
861 4972 0
861 2937 0
861 5016 0
861 5029 0
861 935 0
861 5043 0
861 1022 0
861 8391 0
861 3426 0
861 1383 0
861 1591 0
861 1653 0
861 7851 0
861 3782 0
861 5855 0
861 5893 0
861 7982 0
861 5999 0
861 6060 0
935 5981 0
935 14386 1
935 1653 0
935 935 0
935 6065 1
935 2997 0
1022 6165 0
1022 2338 0
1022 4463 0
1022 6739 0
1022 6792 0
1022 2712 0
1022 4780 0
1022 4859 0
1022 7982 0
1022 6968 0
1022 5029 0
1022 2997 0
1022 1022 0
1022 3426 0
1022 5620 0
1022 5835 0
1022 5836 0
1022 16079 0
1022 5855 0
1022 5882 0
1022 5893 0
1022 6065 1
1349 5981 0
1349 1591 0
1349 6739 0
1349 1629 0
1349 1712 0
1349 2755 0
1349 2338 0
1349 3426 0
1349 6065 1
1349 2997 0
1349 5620 0
1383 6147 0
1383 6165 0
1383 8391 0
1383 2338 0
1383 18728 0
1383 2599 0
1383 6739 0
1383 6792 0
1383 2712 0
1383 4780 0
1383 4859 0
1383 4972 0
1383 2937 0
1383 5016 0
1383 5029 0
1383 5043 0
1383 2997 0
1383 3426 0
1383 1653 0
1383 7851 0
1383 3782 0
1383 5855 0
1383 1765 0
1383 6065 1
1425 3782 1
1425 2937 1
1591 6165 0
1591 8391 0
1591 2338 0
1591 4624 0
1591 4647 0
1591 8768 0
1591 6739 0
1591 6792 0
1591 2712 0
1591 2714 0
1591 4780 0
1591 6883 0
1591 4864 0
1591 4972 0
1591 5016 0
1591 5029 0
1591 5043 0
1591 2937 0
1591 3426 0
1591 5981 0
1591 9117 0
1591 1591 0
1591 2997 0
1591 1653 0
1591 7851 0
1591 1712 0
1591 3782 0
1591 5855 0
1591 18728 0
1591 6060 0
1591 6065 1
1629 6147 0
1629 1653 0
1629 2714 0
1629 1765 0
1629 4864 0
1629 6065 1
1629 2997 0
1653 8391 0
1653 1653 0
1653 1712 0
1653 1765 0
1653 2338 0
1653 5882 0
1653 2650 1
1653 2937 0
1653 4864 0
1653 4972 0
1653 5016 0
1653 5029 0
1653 18728 0
1653 5828 1
1653 5835 0
1653 5855 0
1653 5999 0
1653 6065 1
1653 6147 0
1653 6739 0
1653 7851 0
1712 6147 0
1712 6165 0
1712 4647 0
1712 2997 0
1712 8768 0
1712 7851 0
1712 1712 0
1712 2755 0
1712 4859 0
1712 18728 0
1712 4864 0
1712 4972 0
1712 2937 0
1712 5016 0
1712 6065 1
1712 5043 0
1712 5029 0
1712 6739 0
1712 5620 0
1765 6165 0
1765 2599 0
1765 6739 0
1765 19906 1
1765 4864 0
1765 2937 0
1765 2997 0
1765 3426 0
1765 3782 0
1765 5855 0
1765 1765 0
1765 5882 0
1765 6065 1
2338 2338 0
2338 8548 0
2338 4463 0
2338 2599 0
2338 8768 0
2338 6739 0
2338 2650 1
2338 2712 0
2338 2714 0
2338 8654 0
2338 6883 0
2338 6165 0
2338 2937 0
2338 5016 0
2338 5029 0
2338 2997 0
2338 5981 0
2338 18728 0
2338 3426 0
2338 5043 0
2338 7851 0
2338 8377 0
2338 5835 0
2338 5893 0
2338 6065 1
2479 6065 1
2479 2483 1
2479 2997 0
2480 10407 0
2480 2480 0
2480 6065 1
2480 2483 1
2480 2997 0
2480 2488 0
2483 4864 1
2483 10407 1
2483 7851 1
2483 2483 2
2483 2488 1
2483 2490 1
2483 2650 2
2483 3426 1
2483 18728 1
2488 3426 0
2488 6065 1
2488 2997 0
2488 2488 0
2490 6792 0
2490 2599 0
2490 6065 1
2490 2997 0
2490 2490 0
2599 6165 0
2599 2599 0
2599 2712 0
2599 6739 0
2599 2714 0
2599 5828 1
2599 8391 0
2599 5835 0
2599 18728 0
2599 3426 0
2599 4972 0
2599 5029 0
2599 6065 1
2599 5043 0
2599 2997 0
2650 9117 1
2650 10407 1
2650 6883 1
2650 4972 1
2712 7851 0
2712 6165 0
2712 8391 0
2712 16079 0
2712 18728 0
2712 4647 0
2712 4463 0
2712 4624 0
2712 6739 0
2712 6792 0
2712 2712 0
2712 2714 0
2712 4859 0
2712 6968 0
2712 6986 0
2712 4972 0
2712 5029 0
2712 5043 0
2712 2997 0
2712 3426 0
2712 5620 0
2712 5835 0
2712 5836 0
2712 5855 0
2712 5882 0
2712 5893 0
2712 5981 0
2712 6065 1
2714 2714 0
2714 6147 0
2714 6165 0
2714 4624 0
2714 6739 0
2714 2997 0
2714 3426 0
2714 5620 0
2714 5828 1
2714 5855 0
2714 5981 0
2714 5999 0
2714 6065 1
2755 6165 0
2755 5981 0
2755 6739 0
2755 6792 0
2755 6065 1
2755 2997 0
2755 5620 0
2937 6739 0
2937 4864 0
2937 4972 0
2937 5016 0
2937 5029 0
2937 5043 0
2937 2997 0
2937 3426 0
2937 7851 0
2937 3782 0
2937 18728 0
2937 6065 1
2997 6147 0
2997 6165 0
2997 8377 0
2997 7851 0
2997 18728 0
2997 8548 0
2997 4463 0
2997 4477 0
2997 8654 0
2997 4624 0
2997 4780 0
2997 4864 0
2997 4972 0
2997 5016 0
2997 5029 0
2997 5043 0
2997 4647 0
2997 3426 0
2997 3431 0
2997 2997 0
2997 3782 0
2997 5893 0
2997 5981 0
2997 6060 0
2997 6065 1
3426 6147 0
3426 8377 0
3426 6165 0
3426 8391 0
3426 18728 0
3426 4647 0
3426 8548 0
3426 8654 0
3426 7982 0
3426 4972 0
3426 5016 0
3426 5029 0
3426 5043 0
3426 3426 0
3426 3431 0
3426 5981 0
3426 5620 0
3426 3782 0
3426 16079 0
3426 5893 0
3426 6065 1
3431 4647 0
3431 6739 0
3431 6792 0
3431 8548 0
3431 5893 0
3431 5981 0
3431 3431 0
3431 6065 1
3782 6147 0
3782 18728 0
3782 6739 0
3782 4859 0
3782 4972 0
3782 5029 0
3782 5043 0
3782 7851 0
3782 5855 0
3782 7982 0
3782 5981 0
3782 6065 1
4463 6147 0
4463 4463 0
4463 4477 0
4463 8768 0
4463 6739 0
4463 5835 0
4463 5855 0
4463 6065 1
4477 4780 0
4477 6792 0
4477 4859 0
4477 5893 0
4477 18728 0
4477 5855 0
4477 8548 0
4477 6065 1
4477 8654 0
4477 6739 0
4624 4624 0
4624 4647 0
4624 5893 0
4624 6792 0
4624 5981 0
4624 8548 0
4624 6065 1
4624 19906 1
4624 8654 0
4647 4647 0
4647 6165 0
4647 5835 0
4647 6883 0
4647 4972 0
4647 9117 0
4647 5016 0
4647 6065 1
4647 6739 0
4780 5981 0
4780 4780 0
4780 5828 1
4780 5835 0
4780 6065 1
4859 6147 0
4859 8548 0
4859 8654 0
4859 8768 0
4859 6792 0
4859 6883 0
4859 4859 0
4859 7982 0
4859 5016 0
4859 5620 0
4859 5828 1
4859 5855 0
4859 5981 0
4859 6065 1
4864 6147 0
4864 6165 0
4864 8768 0
4864 6739 0
4864 7851 0
4864 4864 0
4864 18728 0
4864 4972 0
4864 5016 0
4864 5029 0
4864 6065 1
4972 8391 0
4972 8768 0
4972 6739 0
4972 6792 0
4972 4972 0
4972 5016 0
4972 9117 0
4972 5029 0
4972 5043 0
4972 7851 0
4972 5855 0
4972 18728 0
4972 6065 1
5016 6147 0
5016 6165 0
5016 8391 0
5016 8768 0
5016 6739 0
5016 6792 0
5016 6968 0
5016 9117 0
5016 5029 0
5016 5043 0
5016 5620 0
5016 7851 0
5016 5835 0
5016 5836 0
5016 5855 0
5016 18728 0
5016 5882 0
5016 6065 1
5029 6147 0
5029 8391 0
5029 8768 0
5029 6739 0
5029 5043 0
5029 7851 0
5029 5855 0
5029 18728 0
5029 6065 1
5043 6147 0
5043 8768 0
5043 7851 0
5043 5828 1
5043 8391 0
5043 5836 0
5043 5855 0
5043 18728 0
5043 6065 1
5043 6739 0
5620 6147 0
5620 8768 0
5620 6792 0
5620 5828 1
5620 5835 0
5620 16079 0
5620 5882 0
5620 6986 0
5620 5981 0
5620 5620 0
5828 6792 1
5828 8391 1
5828 5828 2
5828 5835 1
5828 5836 1
5828 16079 1
5828 5882 1
5828 7982 1
5828 6968 1
5828 5981 1
5828 5999 1
5828 9117 1
5828 6986 1
5835 5981 0
5835 6792 0
5835 5836 0
5835 8391 0
5835 5835 0
5835 5882 0
5835 6968 0
5835 6986 0
5836 6147 0
5836 5836 0
5836 5882 0
5836 6968 0
5836 6986 0
5836 5981 0
5855 6147 0
5855 6165 0
5855 8377 0
5855 18728 0
5855 8548 0
5855 6523 1
5855 8654 0
5855 6883 0
5855 5999 0
5855 5855 0
5855 5893 0
5855 5981 0
5882 8768 0
5882 6792 0
5882 6968 0
5882 6986 0
5882 16079 0
5882 5882 0
5882 7982 0
5882 5981 0
5882 5999 0
5893 6739 0
5893 6165 0
5893 8548 0
5893 5981 0
5893 6060 0
5893 6065 1
5893 8654 0
5981 8548 0
5981 8654 0
5981 8768 0
5981 5981 0
5981 5999 0
5981 6065 1
5981 6165 0
5981 6739 0
5981 6792 0
5981 6883 0
5981 6968 0
5981 6986 0
5981 16079 0
5999 6986 0
5999 5999 0
5999 6065 1
6032 6032 2
6032 6739 1
6060 6165 0
6060 6739 0
6060 6792 0
6060 8548 0
6060 6065 1
6065 6147 1
6065 6165 1
6065 8377 1
6065 18728 1
6065 8548 1
6065 18801 1
6065 8654 1
6065 8768 1
6065 8391 1
6065 7851 1
6065 6065 2
6147 6147 0
6147 6165 0
6147 8377 0
6147 8548 0
6147 8768 0
6147 7982 0
6147 6986 0
6147 6968 0
6147 6792 0
6147 9117 0
6147 16079 0
6147 18728 0
6165 6165 0
6165 8548 0
6165 8654 0
6165 6739 0
6165 6792 0
6165 8768 0
6165 7851 0
6165 16079 0
6523 6883 1
6739 8391 0
6739 8654 0
6739 8768 0
6739 6739 0
6739 8548 0
6739 9117 0
6739 7851 0
6739 8377 0
6739 18728 0
6739 7982 0
6792 8391 0
6792 6792 0
6792 7982 0
6792 6986 0
6792 9117 0
6792 16079 0
6883 8391 0
6883 6883 0
6883 8654 0
6968 6968 0
6968 6986 0
6986 16079 0
6986 6986 0
7851 7851 0
7851 18728 0
8391 8391 0
8391 18728 0
8391 9117 0
8548 8654 0
8676 14386 1
8768 8768 0
8768 16079 0
8768 18728 0
14386 14386 2
16079 16079 0
18728 18728 0
