117 19879 0
117 2069 0
117 2601 0
117 1653 0
117 2708 0
117 700 1
117 117 0
117 5855 0
117 6267 0
117 1765 0
117 1259 0
117 1270 0
117 4859 0
117 5432 0
117 891 0
117 1943 0
117 2466 0
117 7084 0
117 4550 0
117 16354 1
117 4551 0
117 496 0
152 152 2
152 154 2
152 5855 1
152 3134 1
152 1765 1
152 1270 1
154 11283 1
154 4550 1
154 4551 1
154 338 1
154 1620 1
154 3930 1
154 17006 1
154 6267 1
168 2115 0
168 168 0
168 287 0
168 301 0
168 338 0
168 4491 0
168 4555 0
168 2708 0
168 2718 0
168 700 1
168 2937 0
168 7084 0
168 5016 0
168 1221 0
168 1259 0
168 3397 0
168 5538 0
168 19879 0
168 1546 0
168 1620 0
168 14072 0
168 3930 0
168 5981 0
168 3978 0
168 16354 1
174 4649 0
174 7741 0
174 1180 0
174 5659 0
174 174 0
174 287 0
174 5412 1
174 4423 1
174 1943 0
174 2510 0
174 16349 0
287 8477 0
287 287 0
287 17072 1
287 700 1
287 1180 0
287 1221 0
287 1259 0
287 1620 0
287 2115 0
287 2708 0
287 2718 0
287 3134 0
287 3397 0
287 19879 0
287 3930 0
287 4555 0
287 4609 0
287 4649 0
287 5759 0
287 14072 0
287 6654 0
287 6697 0
287 2724 0
301 2069 0
301 11283 0
301 2115 0
301 1620 0
301 6267 0
301 16354 1
301 7812 0
301 700 1
301 4822 0
301 5855 0
301 1259 0
301 4859 0
301 301 0
301 5432 0
301 891 0
301 892 0
301 5981 0
301 10152 0
301 7084 0
301 2718 0
301 4550 0
301 4555 0
301 4551 0
338 2069 0
338 2115 0
338 8409 0
338 338 0
338 2466 0
338 4550 0
338 4551 0
338 2599 0
338 2601 0
338 2604 0
338 2606 0
338 4966 0
338 5016 0
338 1221 0
338 2937 0
338 19879 0
338 1546 0
338 1591 0
338 1620 0
338 1674 0
338 5981 0
338 3978 0
338 10152 0
338 16354 1
496 4609 0
496 1180 0
496 2718 0
496 700 1
496 5855 0
496 2599 0
496 5412 1
496 4491 0
496 4550 0
496 4551 0
496 4555 0
496 496 0
700 4609 1
700 8218 1
700 6697 1
700 16426 1
700 2606 1
700 1653 1
700 5759 1
700 1674 1
700 1180 1
700 2724 1
700 2727 1
700 2229 1
700 700 2
700 4822 1
700 6267 1
700 1259 1
700 6622 1
700 5432 1
700 3397 1
700 5965 1
700 4491 1
700 5538 1
700 4555 1
700 1513 1
891 5659 0
891 4649 0
891 1653 0
891 2069 0
891 1173 1
891 2762 1
891 4822 0
891 6267 0
891 1765 0
891 1259 0
891 891 0
891 892 0
891 4550 0
891 4551 0
891 4555 0
892 7084 0
892 2604 0
892 1620 0
892 1653 0
892 1173 1
892 2762 1
892 4822 0
892 5855 0
892 4859 0
892 5432 0
892 892 0
892 4550 0
892 4551 0
892 4555 0
1173 1173 2
1173 1943 1
1173 5659 1
1173 2466 1
1173 16453 1
1173 4550 1
1173 4551 1
1173 2510 1
1173 6654 1
1180 4649 0
1180 2708 0
1180 1180 0
1180 5855 0
1180 1259 0
1180 5412 1
1180 6073 1
1221 2069 0
1221 4550 0
1221 2708 0
1221 2718 0
1221 2762 1
1221 4859 0
1221 4966 0
1221 5016 0
1221 1221 0
1221 1259 0
1221 5432 0
1221 19879 0
1221 1513 0
1221 1546 0
1221 1620 0
1221 1653 0
1221 16354 1
1221 5855 0
1221 5981 0
1221 3978 0
1221 1943 0
1221 3397 0
1259 4555 0
1259 4609 0
1259 2604 0
1259 7084 0
1259 5432 0
1259 1546 0
1259 5659 0
1259 1620 0
1259 1653 0
1259 16354 1
1270 5764 1
1270 3134 0
1513 1546 0
1513 8218 0
1513 15111 1
1513 2115 0
1513 1765 0
1513 4555 0
1513 1513 0
1546 1546 0
1546 15111 1
1546 1653 0
1546 5855 0
1546 16354 1
1591 2115 0
1591 6267 0
1591 8409 0
1591 16453 0
1591 6622 0
1591 2604 0
1591 2606 0
1591 2718 0
1591 2724 0
1591 2727 0
1591 5015 0
1591 5016 0
1591 4966 0
1591 2937 0
1591 5981 0
1591 19879 0
1591 10152 0
1591 1591 0
1591 7741 0
1591 1620 0
1591 1653 0
1591 7812 0
1591 11913 1
1591 8477 0
1591 5855 0
1591 14072 0
1591 3978 0
1591 1943 0
1591 16349 0
1591 16354 1
1620 2069 0
1620 2115 0
1620 2276 0
1620 4550 0
1620 4555 0
1620 6622 0
1620 6660 0
1620 2601 0
1620 2604 0
1620 2708 0
1620 2718 0
1620 2762 1
1620 14072 0
1620 4649 0
1620 5432 0
1620 3397 0
1620 4551 0
1620 1620 0
1620 1674 0
1620 5855 0
1620 1765 0
1620 5965 0
1620 5981 0
1620 1943 0
1620 2724 0
1653 16453 0
1653 8477 0
1653 1653 0
1653 1674 0
1653 1765 0
1653 1943 0
1653 2601 0
1653 2604 0
1653 2606 0
1653 2937 0
1653 3008 0
1653 19879 0
1653 3930 0
1653 4966 0
1653 5015 0
1653 5016 0
1653 5538 0
1653 5764 1
1653 5855 0
1653 6073 1
1653 7741 0
1653 7812 0
1653 16349 0
1653 16354 1
1674 1674 0
1674 4551 0
1674 1765 0
1674 7812 0
1674 8477 0
1674 19879 0
1674 4550 0
1674 16354 1
1765 2115 0
1765 4550 0
1765 4551 0
1765 6622 0
1765 2599 0
1765 2601 0
1765 2606 0
1765 2727 0
1765 2937 0
1765 5412 1
1765 3397 0
1765 19879 0
1765 16354 1
1765 5855 0
1765 1765 0
1765 5965 0
1765 3978 0
1765 1943 0
1943 2069 0
1943 16453 0
1943 2115 0
1943 8409 0
1943 6622 0
1943 19879 0
1943 2599 0
1943 2601 0
1943 2604 0
1943 2606 0
1943 2718 0
1943 2724 0
1943 2727 0
1943 4966 0
1943 2937 0
1943 5015 0
1943 5016 0
1943 3008 0
1943 5432 0
1943 5440 0
1943 5759 0
1943 5764 1
1943 8477 0
1943 14072 0
1943 5981 0
1943 3978 0
1943 1943 0
2069 2069 0
2069 2604 0
2069 2762 1
2069 5855 0
2069 16354 1
2069 5440 0
2069 2937 0
2069 7084 0
2069 4555 0
2093 17006 1
2093 2093 2
2093 2276 1
2115 4609 0
2115 6660 0
2115 2599 0
2115 2601 0
2115 7741 0
2115 2115 0
2115 14072 0
2115 2718 0
2115 2724 0
2115 2762 1
2115 5855 0
2115 5965 0
2115 16354 1
2115 5412 1
2115 3978 0
2115 4550 0
2115 19879 0
2229 5412 1
2276 2727 0
2276 5412 1
2466 2762 1
2466 5016 0
2466 2466 0
2466 19879 0
2466 7084 0
2510 5764 1
2510 6267 0
2599 6660 0
2599 19879 0
2599 7084 0
2599 2599 0
2599 2601 0
2599 2604 0
2599 2606 0
2599 2708 0
2599 2718 0
2599 2724 0
2599 2762 1
2599 8477 0
2599 3978 0
2599 6073 1
2599 14072 0
2599 16349 0
2599 6622 0
2601 8477 0
2601 4491 0
2601 6660 0
2601 2601 0
2601 2604 0
2601 2606 0
2601 2718 0
2601 2724 0
2601 2762 1
2601 2937 0
2601 19879 0
2601 11913 1
2601 5855 0
2601 5981 0
2601 3978 0
2604 8477 0
2604 4555 0
2604 2604 0
2604 2606 0
2604 2708 0
2604 4551 0
2604 2762 1
2604 2937 0
2604 7812 0
2604 5855 0
2604 5981 0
2604 3978 0
2604 16354 1
2606 16453 0
2606 8409 0
2606 14072 0
2606 2762 1
2606 4859 0
2606 4966 0
2606 5015 0
2606 5016 0
2606 7084 0
2606 2937 0
2606 19879 0
2606 7812 0
2606 8477 0
2606 5855 0
2606 5981 0
2606 3978 0
2606 10152 0
2606 16349 0
2708 4649 0
2708 17006 0
2708 2718 0
2708 2724 0
2708 2727 0
2708 4859 0
2708 5016 0
2708 5412 1
2708 5432 0
2708 3397 0
2708 19879 0
2708 7084 0
2708 5855 0
2708 14072 0
2708 5981 0
2708 6073 1
2708 16354 1
2718 8409 0
2718 4550 0
2718 19879 0
2718 6660 0
2718 2718 0
2718 2724 0
2718 4859 0
2718 2937 0
2718 4966 0
2718 5412 1
2718 5432 0
2718 5016 0
2718 7741 0
2718 5855 0
2718 14072 0
2718 3930 0
2718 3978 0
2718 6073 1
2718 16354 1
2718 2727 0
2724 8409 0
2724 6660 0
2724 2724 0
2724 2727 0
2724 5016 0
2724 3008 0
2724 19879 0
2724 7812 0
2724 14072 0
2724 5981 0
2724 3978 0
2724 10152 0
2724 16349 0
2724 16354 1
2727 14072 0
2727 5412 1
2727 5965 0
2762 6660 1
2762 16453 1
2762 7812 1
2762 2762 2
2762 2937 1
2762 4859 1
2762 8477 1
2762 5981 1
2762 4966 1
2762 3978 1
2762 5015 1
2762 5016 1
2762 19879 1
2937 16453 0
2937 8477 0
2937 6622 0
2937 17072 1
2937 4966 0
2937 5015 0
2937 5016 0
2937 19879 0
2937 7812 0
2937 3978 0
2937 6073 1
2937 16349 0
3008 6073 1
3008 5759 0
3008 5764 1
3008 3008 0
3008 6622 0
3134 5764 1
3134 3134 0
3397 4609 0
3397 8477 0
3397 3397 0
3397 5981 0
3397 4550 0
3397 4555 0
3397 16354 1
3930 4609 0
3930 16354 1
3930 5432 0
3930 3930 0
3978 16453 0
3978 8409 0
3978 8477 0
3978 4550 0
3978 6660 0
3978 4966 0
3978 5015 0
3978 5016 0
3978 19879 0
3978 7741 0
3978 7812 0
3978 5855 0
3978 5981 0
3978 3978 0
3978 10152 0
3978 16354 1
4491 5855 0
4491 5412 1
4491 4491 0
4550 4550 0
4550 4551 0
4550 4555 0
4550 4822 0
4550 4859 0
4550 5432 0
4550 5016 0
4550 5855 0
4551 4555 0
4551 4551 0
4551 5016 0
4551 5432 0
4551 5855 0
4555 4822 0
4555 5855 0
4555 5432 0
4555 5538 0
4555 4555 0
4555 16354 1
4609 4609 0
4609 5981 0
4609 5432 0
4609 13791 1
4649 4649 0
4649 5764 1
4649 8218 0
4649 5659 0
4649 5855 0
4649 5759 0
4649 5412 1
4649 5981 0
4649 19879 0
4822 5855 0
4822 6267 0
4822 5759 0
4822 4822 0
4822 5432 0
4822 7084 0
4822 16354 1
4822 19879 0
4859 8409 0
4859 4859 0
4859 4966 0
4859 5016 0
4859 7084 0
4859 11283 0
4859 5432 0
4859 19879 0
4859 5759 0
4859 5855 0
4859 14072 0
4859 5981 0
4859 16354 1
4966 16453 0
4966 8409 0
4966 8477 0
4966 5015 0
4966 5016 0
4966 19879 0
4966 7812 0
4966 5855 0
4966 10152 0
4966 16349 0
4966 16354 1
5015 16453 0
5015 8409 0
5015 8477 0
5015 5015 0
5015 5016 0
5015 19879 0
5015 7812 0
5015 5855 0
5015 5981 0
5015 10152 0
5015 16349 0
5015 16354 1
5016 16453 0
5016 8409 0
5016 8477 0
5016 19879 0
5016 7812 0
5016 5855 0
5016 10152 0
5016 16349 0
5016 16354 1
5412 14072 1
5412 5412 2
5412 5432 1
5412 5981 1
5412 5965 1
5432 6267 0
5432 5432 0
5432 5855 0
5432 14072 0
5432 5981 0
5432 6073 1
5440 5764 1
5440 6073 1
5440 5440 0
5440 5759 0
5473 16354 1
5473 13791 1
5538 5538 0
5538 5855 0
5538 16354 1
5659 16354 1
5659 5659 0
5659 7084 0
5759 6660 0
5759 5981 0
5759 5759 0
5759 5764 1
5764 6073 2
5764 7741 1
5855 8218 0
5855 6267 0
5855 8409 0
5855 19879 0
5855 14072 0
5855 7084 0
5855 11283 0
5855 10152 0
5855 5855 0
5855 5965 0
5855 5981 0
5855 16354 1
5965 8477 0
5965 19879 0
5981 8218 0
5981 8477 0
5981 10152 0
5981 19879 0
5981 11913 1
5981 5981 0
5981 6267 0
5981 6654 0
5981 7812 0
6073 6073 2
6267 6267 0
6622 16354 1
6654 7812 0
6654 11913 1
6654 8409 0
6654 19879 0
6654 7084 0
6660 19879 0
6660 16354 1
6697 16354 1
7084 11913 1
7084 7084 0
7084 16354 1
7741 14072 0
7741 16354 1
7812 16453 0
7812 8409 0
7812 8477 0
7812 19879 0
7812 16349 0
7812 16354 1
7812 10152 0
8218 8218 0
8218 19879 0
8218 16354 1
8409 16453 0
8409 8409 0
8409 8477 0
8409 19879 0
8409 11913 1
8409 10152 0
8409 16349 0
8409 16354 1
8477 16453 0
8477 19879 0
8477 10152 0
8477 16349 0
8477 16354 1
10152 16453 0
10152 11913 1
10152 10152 0
10152 14072 0
10152 16349 0
10152 16354 1
11283 11283 0
11283 16354 1
11913 16349 1
14072 16354 1
14072 16349 0
15111 15111 2
16349 16453 0
16349 16349 0
16349 19879 0
16349 16354 1
16354 19879 1
16354 16426 1
16354 16354 2
16426 16426 0
16453 19879 0
17006 17006 0
19879 19879 0
