3073 3073 0
3073 3078 1
3073 1927 1
3073 3081 0
16900 16388 0
16900 16389 0
16900 15888 0
16900 2594 0
16900 2601 0
16900 2606 0
16900 16444 0
16900 15954 0
16900 6739 0
16900 5212 0
16900 5218 0
16900 5220 0
16900 8039 0
16900 1388 0
16900 5400 0
16900 8886 0
16900 15988 0
16900 1728 1
16900 8933 0
16900 8934 0
16900 7438 0
16900 5392 0
16900 5393 0
16900 5396 0
16900 5398 0
16900 5399 0
16900 6936 0
16900 5402 0
16900 3378 0
16900 7475 0
16900 7999 1
16900 5974 0
16900 1383 0
16900 1384 0
16900 3986 0
16900 12954 0
16900 16308 0
16900 9165 0
16900 15867 0
16900 7678 0
16389 16388 0
16389 16389 0
16389 6165 0
16389 16444 0
16389 1388 0
16389 8421 0
16389 5400 0
16389 2594 0
16389 2601 0
16389 2606 0
16389 5218 0
16389 6739 0
16389 12954 0
16389 669 0
16389 8886 0
16389 8933 0
16389 8934 0
16389 4864 0
16389 6936 0
16389 4956 0
16389 2936 0
16389 9165 0
16389 5212 0
16389 5220 0
16389 861 0
16389 7438 0
16389 5392 0
16389 5393 0
16389 5396 0
16389 5398 0
16389 5399 0
16389 5402 0
16389 3378 0
16389 7475 0
16389 3426 0
16389 1383 0
16389 1384 0
16389 15867 0
16389 7678 0
16389 15888 0
16389 15954 0
16389 3729 0
16389 15988 0
16389 1741 0
16389 7893 0
16389 1779 1
16389 7999 1
16389 5974 0
16389 8039 0
16389 16241 0
16389 3978 0
16389 3986 0
16389 1943 0
16389 18332 0
16389 16308 0
3078 3078 2
3078 3081 1
3078 2555 1
3078 8101 2
3081 8101 1
6666 6666 0
6666 3594 1
6666 6165 0
6666 1197 0
6666 1728 1
6666 1779 1
6666 2338 0
6666 16100 0
6666 3426 0
6666 2458 0
6666 7084 0
6666 2500 0
6666 454 1
6666 7654 0
6666 6651 0
2059 2059 0
2059 20 0
2059 5469 0
2059 2270 0
2059 4339 0
2059 287 0
2059 2508 0
2059 2718 0
2059 827 0
2059 4925 0
2059 1197 0
2059 5523 0
2059 3594 1
2059 5816 0
2059 6792 0
2059 1927 1
2059 1943 0
15888 16388 0
15888 15888 0
15888 2594 0
15888 2599 0
15888 2601 0
15888 2606 0
15888 861 0
15888 1388 0
15888 12954 0
15888 8886 0
15888 15988 0
15888 7893 0
15888 1765 0
15888 1779 1
15888 16444 0
15888 5396 0
15888 5398 0
15888 5399 0
15888 5400 0
15888 5402 0
15888 3378 0
15888 7475 0
15888 7999 1
15888 5974 0
15888 4956 0
15888 1383 0
15888 1384 0
15888 5212 0
15888 2936 0
15888 3986 0
15888 1943 0
15888 16308 0
15888 7678 0
20 20 0
20 4145 0
20 6165 0
20 2270 0
20 6378 0
20 4339 0
20 287 0
20 2338 0
20 2508 0
20 561 0
20 5816 0
20 2718 0
20 827 0
20 861 0
20 5469 0
20 1384 0
20 1728 1
20 1741 0
20 7893 0
20 5855 0
20 1765 0
20 1927 1
20 3986 0
20 1957 0
6165 16388 0
6165 6165 0
6165 263 0
6165 287 0
6165 2338 0
6165 2458 0
6165 2571 0
6165 2594 0
6165 2599 0
6165 2606 0
6165 561 0
6165 6739 0
6165 6792 0
6165 669 0
6165 2718 0
6165 4864 0
6165 861 0
6165 13284 0
6165 5220 0
6165 7406 0
6165 5402 0
6165 5466 0
6165 3426 0
6165 1383 0
6165 1388 0
6165 9133 1
6165 16308 0
6165 5788 0
6165 7893 0
6165 5855 0
6165 1765 0
6165 16241 0
6165 1927 1
6165 3978 0
6165 3986 0
6165 1943 0
6165 18332 0
6165 12954 0
6165 6068 0
6165 4081 0
2070 7179 0
2070 3986 0
2070 3861 0
2070 18332 0
2070 3231 0
2070 2212 1
2070 2107 1
2070 2136 0
2070 4449 0
16388 4145 0
16388 16444 0
16388 1388 0
16388 6378 0
16388 2458 0
16388 6651 0
16388 2594 0
16388 2601 0
16388 2606 0
16388 6739 0
16388 2718 0
16388 8886 0
16388 8933 0
16388 8934 0
16388 4864 0
16388 6936 0
16388 4956 0
16388 2936 0
16388 9165 0
16388 861 0
16388 5212 0
16388 5218 0
16388 5220 0
16388 13424 0
16388 7438 0
16388 5392 0
16388 5393 0
16388 5396 0
16388 5398 0
16388 5399 0
16388 5400 0
16388 5402 0
16388 3378 0
16388 7475 0
16388 1383 0
16388 1384 0
16388 15867 0
16388 7678 0
16388 15954 0
16388 3729 0
16388 15988 0
16388 7893 0
16388 1779 1
16388 7999 1
16388 5974 0
16388 8039 0
16388 3978 0
16388 3986 0
16388 18332 0
16388 12954 0
16388 16308 0
11294 20889 0
11294 11038 0
11294 9133 1
11294 11294 0
11294 1927 1
11294 7654 0
11294 5747 0
11294 3862 0
2594 8421 0
2594 263 0
2594 287 0
2594 2338 0
2594 2458 0
2594 6614 0
2594 6651 0
2594 2594 0
2594 2599 0
2594 2601 0
2594 2606 0
2594 561 0
2594 6739 0
2594 2718 0
2594 8886 0
2594 8933 0
2594 8934 0
2594 4864 0
2594 4956 0
2594 861 0
2594 2936 0
2594 9165 0
2594 5212 0
2594 5218 0
2594 5220 0
2594 13424 0
2594 5396 0
2594 5398 0
2594 5399 0
2594 5400 0
2594 5402 0
2594 3378 0
2594 7475 0
2594 3426 0
2594 1383 0
2594 1384 0
2594 1388 0
2594 7678 0
2594 16308 0
2594 15954 0
2594 15988 0
2594 1741 0
2594 7893 0
2594 5855 0
2594 1765 0
2594 7999 1
2594 5974 0
2594 16241 0
2594 1927 1
2594 3978 0
2594 3986 0
2594 1943 0
2594 18332 0
2594 12954 0
2594 6068 0
2594 4081 0
2599 7084 0
2599 2599 0
2599 2601 0
2599 2606 0
2599 561 0
2599 16308 0
2599 6739 0
2599 2715 0
2599 2718 0
2599 1741 0
2599 1765 0
2599 7893 0
2599 2338 0
2599 7999 1
2599 4956 0
2599 861 0
2599 3426 0
2599 1383 0
2599 1384 0
2599 16241 0
2599 3729 0
2599 1927 1
2599 3978 0
2599 3986 0
2599 1943 0
2599 2458 0
2599 2500 0
2599 2508 0
2599 9165 0
2599 4081 0
2601 1388 0
2601 8421 0
2601 6378 0
2601 2338 0
2601 2601 0
2601 2606 0
2601 6739 0
2601 2718 0
2601 8886 0
2601 4956 0
2601 2936 0
2601 7999 1
2601 9165 0
2601 861 0
2601 5212 0
2601 5392 0
2601 5396 0
2601 5398 0
2601 5399 0
2601 5400 0
2601 5402 0
2601 3378 0
2601 7475 0
2601 3426 0
2601 1383 0
2601 1384 0
2601 9626 0
2601 3594 1
2601 16308 0
2601 15988 0
2601 7893 0
2601 5855 0
2601 1765 0
2601 5974 0
2601 16241 0
2601 3978 0
2601 3986 0
2601 1943 0
2601 18332 0
2601 12954 0
2601 6068 0
2606 4339 0
2606 4371 0
2606 2338 0
2606 6651 0
2606 2881 0
2606 6739 0
2606 6792 0
2606 8886 0
2606 4859 0
2606 4864 0
2606 4956 0
2606 2936 0
2606 7084 0
2606 9165 0
2606 861 0
2606 5212 0
2606 5218 0
2606 5220 0
2606 13424 0
2606 7438 0
2606 5392 0
2606 5393 0
2606 5396 0
2606 5398 0
2606 5399 0
2606 5400 0
2606 5402 0
2606 3378 0
2606 7475 0
2606 3426 0
2606 1383 0
2606 1384 0
2606 1388 0
2606 15867 0
2606 7678 0
2606 3729 0
2606 15988 0
2606 1728 1
2606 7893 0
2606 5855 0
2606 1765 0
2606 7999 1
2606 5974 0
2606 16241 0
2606 3978 0
2606 3986 0
2606 951 0
2606 1943 0
2606 12954 0
2606 16308 0
5469 6860 0
5469 2270 0
5469 4339 0
5469 301 0
5469 5523 0
5469 1927 1
5469 2338 0
5469 2718 0
5469 827 0
5469 4925 0
5469 2881 0
5469 861 0
5469 7084 0
5469 2995 0
5469 3594 1
5469 3231 0
5469 5469 0
5469 1741 0
5469 5855 0
5469 1765 0
5469 3986 0
5469 1943 0
5469 6792 0
561 4145 0
561 60 0
561 6378 0
561 4349 0
561 16444 0
561 301 0
561 2458 0
561 2500 0
561 6651 0
561 561 0
561 2718 0
561 4859 0
561 11038 0
561 827 0
561 4956 0
561 861 0
561 5212 0
561 1224 0
561 1365 0
561 1388 0
561 5523 0
561 7654 0
561 15988 0
561 3729 0
561 1728 1
561 1741 0
561 5855 0
561 16100 0
561 1779 1
561 1927 1
561 3978 0
561 6068 0
2995 1927 1
2995 1943 0
2995 18332 0
2995 2338 0
2995 1065 1
2995 2995 0
11316 3382 1
6068 16444 0
6068 2212 1
6068 1741 0
6068 4343 0
6068 4349 0
6068 16308 0
6068 2338 0
6068 301 0
6068 6739 0
6068 2718 0
6068 11038 0
6068 827 0
6068 861 0
6068 5022 0
6068 3008 0
6068 1020 0
6068 1224 0
6068 7438 0
6068 3426 0
6068 7893 0
6068 5855 0
6068 1779 1
6068 16241 0
6068 3986 0
6068 1943 0
6068 18332 0
6068 12954 0
6068 6068 0
6068 4081 0
2107 2436 1
2107 7179 1
2107 3861 1
2107 3862 1
2107 20889 1
2107 3231 1
2107 2212 2
2107 21167 1
2107 2113 1
2107 2508 1
2107 2509 1
2107 340 1
2107 2136 1
2107 2270 1
2107 4449 1
2107 16100 1
2107 2789 1
60 60 0
60 6792 0
60 3729 0
60 2715 0
60 2718 0
60 7406 0
60 1779 1
60 5882 0
60 4859 0
60 2338 0
60 2881 0
60 1359 0
60 16444 0
60 861 0
60 3426 0
60 1927 1
60 1943 0
60 18332 0
60 4343 0
60 13284 0
60 5620 0
3594 2571 1
3594 2136 1
3594 1629 1
3594 2718 1
3594 1197 1
3594 1224 1
3594 1741 1
3594 5882 1
3594 5378 1
3594 6614 1
3594 1869 1
3594 1927 2
3594 3978 1
3594 3986 1
3594 5523 1
3594 2458 1
3594 5022 1
3594 1957 1
1086 649 1
2113 4449 0
2113 2212 1
2113 7179 0
2113 3861 0
2113 2136 0
2113 3231 0
7179 2212 1
7179 4449 0
7179 3861 0
7179 2136 0
7179 3231 0
15954 16444 0
15954 6739 0
15954 5212 0
15954 5218 0
15954 5220 0
15954 1383 0
15954 13424 0
15954 3729 0
15954 8886 0
15954 15988 0
15954 7893 0
15954 8933 0
15954 8934 0
15954 8039 0
15954 7438 0
15954 5392 0
15954 5393 0
15954 5396 0
15954 6936 0
15954 3378 0
15954 7475 0
15954 7999 1
15954 5974 0
15954 1384 0
15954 1388 0
15954 3986 0
15954 12954 0
15954 16308 0
15954 447 1
15954 9165 0
15954 15867 0
15954 7678 0
6739 4145 0
6739 1383 0
6739 8421 0
6739 6378 0
6739 4343 0
6739 2338 0
6739 2458 0
6739 6739 0
6739 669 0
6739 2718 0
6739 8886 0
6739 8933 0
6739 8934 0
6739 4864 0
6739 6936 0
6739 4925 0
6739 2881 0
6739 2936 0
6739 15988 0
6739 9165 0
6739 18514 0
6739 7678 0
6739 1020 0
6739 5974 0
6739 7011 1
6739 5212 0
6739 5220 0
6739 13424 0
6739 7438 0
6739 5392 0
6739 5396 0
6739 5398 0
6739 5400 0
6739 5402 0
6739 7475 0
6739 5466 0
6739 1384 0
6739 1388 0
6739 7654 0
6739 15867 0
6739 5393 0
6739 5399 0
6739 287 0
6739 1741 0
6739 1765 0
6739 1927 1
6739 3978 0
6739 3986 0
6739 12954 0
6739 4081 0
4181 1943 0
4181 1065 1
4181 4339 0
4181 5440 0
4181 4181 0
4181 2730 1
4182 1065 1
4182 5440 0
4182 4182 0
4182 2730 1
2136 9133 1
2136 3986 0
2136 3861 0
2136 18332 0
2136 2718 0
2136 3231 0
2136 2212 1
2136 4449 0
5212 5212 0
5212 5218 0
5212 5220 0
5212 8039 0
5212 13424 0
5212 5399 0
5212 6936 0
5212 8886 0
5212 1741 0
5212 7893 0
5212 5855 0
5212 1765 0
5212 8934 0
5212 15867 0
5212 1779 1
5212 5882 0
5212 7438 0
5212 16444 0
5212 5392 0
5212 5393 0
5212 5396 0
5212 5398 0
5212 5400 0
5212 5402 0
5212 287 0
5212 3378 0
5212 7475 0
5212 7999 1
5212 5974 0
5212 8421 0
5212 1383 0
5212 1384 0
5212 1388 0
5212 2936 0
5212 15988 0
5212 3986 0
5212 1943 0
5212 12954 0
5212 18332 0
5212 16308 0
5212 9165 0
5212 8933 0
5212 7678 0
1629 1197 0
1629 1765 0
1629 4864 0
1629 4956 0
1629 3978 0
1629 7563 1
1629 3986 0
1629 1943 0
1629 4081 0
5218 5220 0
5218 8039 0
5218 13424 0
5218 6936 0
5218 8886 0
5218 1741 0
5218 7893 0
5218 1765 0
5218 8934 0
5218 1779 1
5218 4859 0
5218 7438 0
5218 16444 0
5218 5392 0
5218 5393 0
5218 5396 0
5218 5398 0
5218 5399 0
5218 5400 0
5218 5402 0
5218 3378 0
5218 7475 0
5218 7999 1
5218 5974 0
5218 861 0
5218 8933 0
5218 1383 0
5218 1384 0
5218 1388 0
5218 2936 0
5218 3978 0
5218 15988 0
5218 3986 0
5218 12954 0
5218 16308 0
5218 9165 0
5218 15867 0
5218 7678 0
5220 5220 0
5220 8039 0
5220 13424 0
5220 8886 0
5220 15988 0
5220 1765 0
5220 8934 0
5220 7438 0
5220 5392 0
5220 5393 0
5220 5396 0
5220 6936 0
5220 3378 0
5220 7475 0
5220 7999 1
5220 5974 0
5220 8933 0
5220 1383 0
5220 1384 0
5220 1388 0
5220 2936 0
5220 1927 1
5220 3986 0
5220 12954 0
5220 16308 0
5220 9165 0
5220 15867 0
5220 7678 0
8039 9133 1
8039 8039 0
8039 8886 0
8039 8933 0
8039 8934 0
8039 7438 0
8039 5392 0
8039 5393 0
8039 5396 0
8039 6936 0
8039 7475 0
8039 7999 1
8039 5974 0
8039 4956 0
8039 15867 0
8039 1383 0
8039 1384 0
8039 1388 0
8039 15988 0
8039 12954 0
8039 16308 0
8039 9165 0
8039 7678 0
13424 1384 0
13424 6792 0
13424 1388 0
13424 8934 0
13424 1779 1
13424 7438 0
13424 16444 0
13424 5392 0
13424 5398 0
13424 5399 0
13424 5400 0
13424 287 0
13424 2338 0
13424 5974 0
13424 2936 0
13424 3978 0
13424 15988 0
13424 3986 0
13424 454 1
13424 6604 0
13424 9165 0
13424 5523 0
13424 7999 1
13424 13424 0
13424 7678 0
5747 523 1
5747 1065 1
5747 16444 0
5747 5747 0
5747 287 0
5747 5440 0
5747 1365 0
5747 5466 0
5747 1927 1
5747 1943 0
5747 18332 0
15988 16444 0
15988 1388 0
15988 263 0
15988 2338 0
15988 2718 0
15988 8886 0
15988 8933 0
15988 8934 0
15988 4864 0
15988 6936 0
15988 11038 0
15988 4956 0
15988 2936 0
15988 9165 0
15988 7438 0
15988 5392 0
15988 5393 0
15988 5396 0
15988 5398 0
15988 5399 0
15988 5400 0
15988 5402 0
15988 3378 0
15988 7475 0
15988 3426 0
15988 1383 0
15988 1384 0
15988 15867 0
15988 7678 0
15988 3729 0
15988 15988 0
15988 7893 0
15988 1779 1
15988 7999 1
15988 5974 0
15988 3978 0
15988 3986 0
15988 1943 0
15988 18332 0
15988 12954 0
15988 16308 0
7799 1822 1
5398 16444 0
5398 12954 0
5398 8886 0
5398 1741 0
5398 6378 0
5398 1779 1
5398 5392 0
5398 5393 0
5398 5396 0
5398 5399 0
5398 5400 0
5398 5402 0
5398 3378 0
5398 7475 0
5398 7999 1
5398 5974 0
5398 1384 0
5398 1388 0
5398 2936 0
5398 3978 0
5398 1943 0
5398 16308 0
5398 9165 0
5398 7678 0
6792 1383 0
6792 6378 0
6792 4349 0
6792 4859 0
6792 6792 0
6792 669 0
6792 2718 0
6792 2881 0
6792 861 0
6792 13284 0
6792 1359 0
6792 5620 0
6792 3729 0
6792 5882 0
6792 7999 1
6792 16241 0
6792 1927 1
649 649 0
649 2718 0
649 1065 1
649 4339 0
2700 2212 1
2700 447 1
2700 4449 0
2700 5882 0
3729 4349 0
3729 4371 0
3729 287 0
3729 2500 0
3729 669 0
3729 2718 0
3729 4859 0
3729 827 0
3729 7084 0
3729 9133 1
3729 5392 0
3729 7475 0
3729 1383 0
3729 3729 0
3729 5816 0
3729 1741 0
3729 5855 0
3729 3861 0
3729 1927 1
3729 3978 0
3729 1943 0
12954 5399 0
12954 6936 0
12954 8886 0
12954 1741 0
12954 7893 0
12954 8934 0
12954 4343 0
12954 7438 0
12954 5392 0
12954 5393 0
12954 5396 0
12954 5400 0
12954 5402 0
12954 16308 0
12954 287 0
12954 2338 0
12954 3378 0
12954 7475 0
12954 827 0
12954 7999 1
12954 5974 0
12954 5466 0
12954 861 0
12954 1383 0
12954 1384 0
12954 1388 0
12954 4925 0
12954 2936 0
12954 1927 1
12954 3978 0
12954 3986 0
12954 9165 0
12954 8933 0
12954 15867 0
12954 7678 0
2715 523 1
2715 2715 0
2715 1741 0
2715 7406 0
2715 5882 0
2715 301 0
2715 8101 1
5788 5788 0
5788 2212 1
5788 287 0
5788 5855 0
5788 1779 1
5788 827 0
5788 4956 0
5788 861 0
5788 1943 0
669 301 0
669 2458 0
669 454 1
669 6604 0
669 669 0
669 2718 0
669 4859 0
669 2881 0
669 13284 0
669 1224 0
669 5396 0
669 1359 0
669 3426 0
669 1383 0
669 1384 0
669 1741 0
669 1765 0
669 5882 0
669 1927 1
669 3978 0
2718 287 0
2718 2338 0
2718 301 0
2718 7563 1
2718 5523 0
2718 2458 0
2718 2500 0
2718 6604 0
2718 2718 0
2718 4859 0
2718 6614 0
2718 11038 0
2718 827 0
2718 2881 0
2718 861 0
2718 5022 0
2718 9165 0
2718 7406 0
2718 7475 0
2718 3426 0
2718 1383 0
2718 1384 0
2718 1943 0
2718 5620 0
2718 1741 0
2718 5855 0
2718 5882 0
2718 16241 0
2718 1927 1
2718 3978 0
2718 3986 0
2718 18332 0
2718 4081 0
3231 2212 1
3231 3862 0
3231 4449 0
3231 2508 0
3231 2509 0
3231 20889 0
3231 2270 0
3231 3861 0
2212 2436 1
2212 3861 1
2212 3862 1
2212 20889 1
2212 2458 1
2212 1957 1
2212 18332 1
2212 21167 1
2212 4925 1
2212 1224 1
2212 2508 1
2212 2509 1
2212 340 1
2212 2270 1
2212 4449 1
2212 16100 1
2212 4349 1
2730 5440 1
2730 1943 1
2730 18332 1
2730 4509 1
2730 1822 1
2730 287 1
2730 2338 1
2730 5816 1
2730 3008 1
2730 1869 1
2730 1874 1
2730 3426 1
2730 1513 1
2730 4339 1
2730 15867 1
1197 5466 0
1197 1197 0
1197 1224 0
1197 1741 0
1197 7406 0
1197 7893 0
1197 5855 0
1197 1765 0
1197 4859 0
1197 4371 0
1197 2338 0
1197 301 0
1197 2881 0
1197 5620 0
1197 1927 1
1197 5022 0
1197 1957 0
1197 7084 0
1197 16308 0
1197 2500 0
1197 5523 0
21167 4449 0
21167 3861 0
21167 3862 0
21167 20889 0
1822 1943 0
1822 1822 0
1822 287 0
1822 3008 0
1822 1513 0
8886 16444 0
8886 1388 0
8886 287 0
8886 8933 0
8886 8934 0
8886 6936 0
8886 4956 0
8886 2936 0
8886 9165 0
8886 7438 0
8886 5392 0
8886 5393 0
8886 5396 0
8886 5399 0
8886 5400 0
8886 5402 0
8886 3378 0
8886 7475 0
8886 1383 0
8886 1384 0
8886 15867 0
8886 7678 0
8886 7893 0
8886 5855 0
8886 1779 1
8886 7999 1
8886 5974 0
8886 16241 0
8886 3978 0
8886 3986 0
8886 18332 0
8886 16308 0
5816 7893 0
5816 6378 0
5816 11038 0
5816 2338 0
5816 827 0
5816 4925 0
5816 4956 0
5816 3986 0
5816 9626 0
5816 18332 0
5816 16308 0
5816 454 1
1728 7084 1
1728 2571 1
1728 6378 1
1728 4145 1
1728 951 1
1728 2500 1
1728 7893 1
1728 4956 1
1728 5855 1
1728 6651 1
1224 16308 0
1224 16444 0
1224 1224 0
1224 1741 0
1224 5855 0
1224 7406 0
1224 1779 1
1224 7893 0
1224 4864 0
1224 263 0
1224 4371 0
1224 827 0
1224 2881 0
1224 2500 0
1224 1869 0
1224 4956 0
1224 861 0
1224 3986 0
1224 1943 0
1224 5022 0
1224 2509 0
6604 1741 0
6604 6378 0
6604 2338 0
6604 1927 1
6604 301 0
6604 5466 0
6604 861 0
6604 454 1
6604 1359 0
6604 13284 0
6860 9133 1
6860 6860 0
6860 4349 0
6860 1779 1
1741 16444 0
1741 8421 0
1741 4343 0
1741 2338 0
1741 301 0
1741 340 0
1741 2458 0
1741 2500 0
1741 8933 0
1741 4859 0
1741 4864 0
1741 827 0
1741 861 0
1741 2936 0
1741 5022 0
1741 9165 0
1741 7406 0
1741 7475 0
1741 1359 0
1741 5466 0
1741 1383 0
1741 1384 0
1741 1388 0
1741 5523 0
1741 7678 0
1741 1741 0
1741 5855 0
1741 1765 0
1741 1779 1
1741 1927 1
1741 3978 0
1741 1957 0
1741 4081 0
9165 16444 0
9165 1388 0
9165 8933 0
9165 8934 0
9165 6936 0
9165 827 0
9165 2936 0
9165 7438 0
9165 5392 0
9165 5393 0
9165 5396 0
9165 5399 0
9165 5400 0
9165 5402 0
9165 7475 0
9165 3426 0
9165 1383 0
9165 1384 0
9165 15867 0
9165 7678 0
9165 7893 0
9165 1765 0
9165 1779 1
9165 7999 1
9165 5974 0
9165 3978 0
9165 3986 0
9165 16308 0
7893 4145 0
7893 1383 0
7893 4343 0
7893 7893 0
7893 287 0
7893 8933 0
7893 8934 0
7893 6936 0
7893 827 0
7893 4956 0
7893 2936 0
7893 13284 0
7893 7678 0
7893 5392 0
7893 5393 0
7893 5400 0
7893 7475 0
7893 8421 0
7893 1384 0
7893 1388 0
7893 7654 0
7893 15867 0
7893 16308 0
7893 5399 0
7893 5855 0
7893 1765 0
7893 5974 0
7893 1927 1
7893 3978 0
7893 4081 0
2270 3861 0
2270 5022 0
2270 18332 0
2270 4925 0
2270 2508 0
2270 2338 0
2270 2509 0
2270 4449 0
2270 2790 1
5855 4145 0
5855 6378 0
5855 4349 0
5855 263 0
5855 4371 0
5855 301 0
5855 5400 0
5855 2458 0
5855 2500 0
5855 454 1
5855 4859 0
5855 827 0
5855 4925 0
5855 2881 0
5855 4956 0
5855 861 0
5855 7084 0
5855 1020 0
5855 1359 0
5855 1383 0
5855 1384 0
5855 7678 0
5855 5855 0
5855 1765 0
5855 1779 1
5855 16308 0
5855 13284 0
5855 16241 0
5855 1927 1
5855 3978 0
16100 3861 0
16100 3862 0
16100 20889 0
16100 18332 0
16100 287 0
16100 951 0
16100 4449 0
1765 4145 0
1765 6378 0
1765 16444 0
1765 8934 0
1765 4864 0
1765 6936 0
1765 4925 0
1765 4956 0
1765 1513 0
1765 2936 0
1765 7438 0
1765 5393 0
1765 5466 0
1765 3426 0
1765 1383 0
1765 1384 0
1765 1388 0
1765 15867 0
1765 1765 0
1765 1779 1
1765 5882 0
1765 7999 1
1765 5974 0
1765 3978 0
1765 3986 0
1765 1943 0
1765 16308 0
1765 4081 0
8934 18741 0
8934 1779 1
8934 7438 0
8934 5392 0
8934 5393 0
8934 5396 0
8934 6936 0
8934 7475 0
8934 7999 1
8934 5974 0
8934 8933 0
8934 1383 0
8934 1384 0
8934 16444 0
8934 1388 0
8934 3986 0
8934 1943 0
8934 16308 0
8934 18514 0
8934 15867 0
8934 7678 0
6378 16444 0
6378 6378 0
6378 1779 1
6378 5882 0
6378 4859 0
6378 4371 0
6378 11038 0
6378 301 0
6378 18741 0
6378 4925 0
6378 1359 0
6378 4956 0
6378 861 0
6378 1388 0
6378 3986 0
15867 15867 0
15867 7438 0
15867 5392 0
15867 5393 0
15867 5396 0
15867 6936 0
15867 7475 0
15867 7999 1
15867 5974 0
15867 4956 0
15867 8933 0
15867 1383 0
15867 1384 0
15867 1388 0
15867 3978 0
15867 3986 0
15867 1943 0
15867 16308 0
15867 7678 0
7406 2571 0
7406 7406 0
7406 1779 1
7406 4859 0
7406 287 0
7406 4956 0
7406 1927 1
7406 5523 0
7406 1943 0
7406 5022 0
7406 1957 0
7406 6614 0
7406 6651 0
1779 5974 1
1779 15276 1
1779 1383 1
1779 6936 1
1779 1779 2
1779 4859 1
1779 4864 1
1779 5378 1
1779 16444 1
1779 5392 1
1779 5393 1
1779 4371 1
1779 5396 1
1779 5399 1
1779 5400 1
1779 5402 1
1779 11038 1
1779 301 1
1779 3378 1
1779 7475 1
1779 827 1
1779 1359 1
1779 861 1
1779 8421 1
1779 1384 1
1779 1388 1
1779 16241 1
1779 2936 1
1779 3978 1
1779 9626 1
1779 7084 1
1779 2500 1
1779 454 2
1779 8933 1
1779 4343 1
1779 6614 1
1779 13284 1
1779 7654 1
1779 18514 1
1779 4081 1
1779 5620 1
1779 6651 1
1779 7678 1
1065 5440 1
1065 523 2
1065 1943 1
1065 4509 1
1065 1065 2
1065 1874 1
1065 1365 1
1065 4859 1
5882 11038 0
5882 2881 0
5882 7654 0
5882 5620 0
5882 5882 0
5882 1927 1
4859 4145 0
4859 4349 0
4859 4371 0
4859 301 0
4859 16444 0
4859 2500 0
4859 4859 0
4859 2881 0
4859 2936 0
4859 7084 0
4859 5392 0
4859 5400 0
4859 7475 0
4859 1383 0
4859 1388 0
4859 5523 0
4859 5620 0
4859 16241 0
4859 1927 1
4859 3986 0
4859 1957 0
4349 4349 0
4349 287 0
4349 2881 0
4349 3426 0
4349 3986 0
4349 18332 0
4349 15276 0
4349 447 1
4864 16444 0
4864 1388 0
4864 4864 0
4864 3378 0
4864 7999 1
4864 861 0
4864 1384 0
4864 16241 0
4864 2936 0
4864 1943 0
4864 3986 0
5378 3986 0
263 4145 0
263 4343 0
263 263 0
263 2338 0
263 7999 1
263 5466 0
263 861 0
263 16241 0
263 1927 1
7084 301 0
7084 7999 1
7084 861 0
7084 2458 0
7084 7084 0
7084 6614 0
7084 6651 0
7438 16308 0
7438 1388 0
7438 7438 0
7438 5392 0
7438 5393 0
7438 5396 0
7438 6936 0
7438 7475 0
7438 7999 1
7438 5974 0
7438 861 0
7438 8421 0
7438 1383 0
7438 1384 0
7438 1927 1
7438 3986 0
7438 8933 0
7438 7678 0
5392 16444 0
5392 287 0
5392 8933 0
5392 5393 0
5392 5396 0
5392 5399 0
5392 3378 0
5392 7475 0
5392 7999 1
5392 5974 0
5392 861 0
5392 1383 0
5392 1384 0
5392 1388 0
5392 5400 0
5392 3986 0
5392 1943 0
5392 6936 0
5392 16308 0
5392 7678 0
5393 861 0
5393 6936 0
5393 16444 0
5393 5393 0
5393 5396 0
5393 5399 0
5393 5400 0
5393 5402 0
5393 7475 0
5393 7999 1
5393 5974 0
5393 8933 0
5393 1383 0
5393 1384 0
5393 1388 0
5393 2936 0
5393 3986 0
5393 1943 0
5393 16308 0
5393 7678 0
4371 4339 0
4371 16444 0
4371 4371 0
4371 827 0
4371 861 0
4371 3986 0
4371 5523 0
4371 2458 0
4371 1957 0
4371 2500 0
4371 454 1
5396 6936 0
5396 8933 0
5396 5399 0
5396 5400 0
5396 5402 0
5396 3378 0
5396 7475 0
5396 7999 1
5396 5974 0
5396 1383 0
5396 1384 0
5396 1388 0
5396 16308 0
5396 7678 0
3861 2436 0
3861 3862 0
3861 20889 0
3861 18332 0
3861 2508 0
3861 2509 0
3861 340 0
3861 4449 0
3862 20889 0
3862 4449 0
3862 3426 0
5399 16444 0
5399 8421 0
5399 5399 0
5399 5400 0
5399 5402 0
5399 2338 0
5399 3378 0
5399 7475 0
5399 7999 1
5399 5974 0
5399 861 0
5399 3426 0
5399 1384 0
5399 2936 0
5399 3978 0
5399 1943 0
5400 16444 0
5400 5402 0
5400 3378 0
5400 7475 0
5400 7999 1
5400 5974 0
5400 3426 0
5400 1384 0
5400 2936 0
5400 3978 0
5400 1943 0
5400 16308 0
5402 3378 0
5402 7475 0
5402 4925 0
5402 7999 1
5402 5974 0
5402 861 0
5402 1384 0
5402 3978 0
5402 1943 0
11038 11038 0
11038 7475 0
11038 1383 0
11038 16241 0
11038 1927 1
287 287 0
287 523 1
287 827 0
287 2338 0
287 3426 0
287 1957 0
287 13284 0
287 6936 0
287 7011 1
287 7654 0
287 7678 0
287 7999 1
287 16241 0
2338 4339 0
2338 2338 0
2338 2509 0
2338 5022 0
2338 13284 0
2338 1020 0
2338 1359 0
2338 5466 0
2338 3426 0
2338 1383 0
2338 1384 0
2338 1388 0
2338 4343 0
2338 1927 1
2338 3986 0
2338 1943 0
4145 4145 0
4145 2458 0
4145 2500 0
4145 2508 0
4145 827 0
4145 4956 0
4145 9133 1
4145 861 0
4145 1388 0
4145 3978 0
4145 3986 0
4145 1943 0
4145 18332 0
4145 16308 0
4145 4081 0
301 16444 0
301 301 0
301 827 0
301 5523 0
301 1927 1
301 2500 0
3378 16444 0
3378 1383 0
3378 6936 0
3378 3378 0
3378 7475 0
3378 7999 1
3378 5974 0
3378 5466 0
3378 3426 0
3378 1384 0
3378 2936 0
3378 3978 0
3378 6614 0
3378 1359 0
3378 7678 0
7475 16444 0
7475 8933 0
7475 7475 0
7475 7999 1
7475 5974 0
7475 4956 0
7475 1383 0
7475 1384 0
7475 1388 0
7475 3986 0
7475 1943 0
7475 6936 0
7475 16308 0
7475 2500 0
7475 7678 0
18741 18741 0
18741 7999 1
18741 7011 1
3382 447 1
3382 4925 0
3382 3008 0
827 4343 0
827 6651 0
827 827 0
827 4956 0
827 861 0
827 1383 0
827 16308 0
827 1927 1
827 3986 0
827 1943 0
827 18332 0
4925 18332 0
4925 4925 0
4925 4449 0
4925 3426 0
4925 1927 1
4925 3986 0
4925 2509 0
7999 16444 1
7999 1383 1
7999 1388 1
7999 7999 2
7999 5974 1
7999 5466 1
7999 8421 1
7999 1384 1
7999 5523 1
7999 6936 1
7999 16308 1
7999 4081 1
7999 8933 1
7999 1020 1
7999 7678 1
5440 1943 0
5440 5440 0
2881 2881 0
2881 5620 0
2881 1384 0
2881 16241 0
2881 1927 1
2881 7563 1
2881 1957 0
1869 1869 0
1359 8933 0
1359 5466 0
1359 16444 0
1359 861 0
1359 3986 0
1359 1927 1
1359 1943 0
1359 18332 0
1359 13284 0
1359 1020 0
340 4449 0
340 2436 0
340 2790 1
340 2508 0
340 2509 0
1365 1927 1
1365 1943 0
5974 16444 0
5974 1388 0
5974 8933 0
5974 6936 0
5974 2936 0
5974 1383 0
5974 1384 0
5974 7678 0
5974 3978 0
5974 3986 0
5974 1943 0
5974 16308 0
8421 16444 0
8421 4956 0
8421 3426 0
8421 2936 0
8421 1513 0
8421 3986 0
8421 1943 0
8421 16308 0
8421 7678 0
5466 861 0
5466 13284 0
5466 4956 0
5466 1927 1
5466 3986 0
5466 1943 0
5466 18332 0
4956 1383 0
4956 454 1
4956 1388 0
4956 8933 0
4956 4956 0
4956 2936 0
4956 3008 0
4956 13284 0
4956 861 0
4956 3426 0
4956 1384 0
4956 18332 0
4956 7678 0
4956 1927 1
4956 3986 0
4956 1943 0
861 4343 0
861 4449 0
861 6651 0
861 6936 0
861 861 0
861 2936 0
861 13284 0
861 1020 0
861 3426 0
861 1383 0
861 1384 0
861 1388 0
861 1927 1
861 3986 0
861 4081 0
2789 2436 0
2789 1957 0
2789 2508 0
2789 2509 0
2789 2790 1
4449 2436 0
4449 18332 0
4449 20889 0
4449 2508 0
4449 2509 0
4449 4449 0
3426 1383 0
3426 4343 0
3426 16308 0
3426 2458 0
3426 6651 0
3426 6614 0
3426 2936 0
3426 3426 0
3426 1384 0
3426 1388 0
3426 5620 0
3426 1927 1
3426 3986 0
3426 1943 0
3426 4081 0
2790 2436 1
1383 16444 0
1383 1388 0
1383 8933 0
1383 6936 0
1383 2936 0
1383 1384 0
1383 7678 0
1383 16241 0
1383 3978 0
1383 3986 0
1383 1943 0
1383 18332 0
1383 16308 0
1384 16444 0
1384 1388 0
1384 2500 0
1384 8933 0
1384 6936 0
1384 2936 0
1384 1384 0
1384 5620 0
1384 7678 0
1384 3978 0
1384 3986 0
1384 1943 0
1384 18332 0
1384 16308 0
16444 6936 0
16444 4343 0
16444 16444 0
16444 1388 0
16444 16241 0
16444 2936 0
16444 3978 0
16444 7563 1
16444 2500 0
16444 6614 0
16444 13284 0
16444 7654 0
16444 4081 0
16444 7678 0
1388 1388 0
1388 2458 0
1388 6651 0
1388 8933 0
1388 6936 0
1388 2936 0
1388 7678 0
1388 16241 0
1388 3978 0
1388 3986 0
1388 1943 0
1388 18332 0
1388 16308 0
16241 16241 0
16241 1927 1
16241 3978 0
2936 2458 0
2936 6651 0
2936 1927 1
2936 3978 0
2936 3986 0
2936 1943 0
2936 18332 0
2936 16308 0
2436 2508 0
2436 2509 0
2436 2436 0
2436 18332 0
1927 18514 1
1927 4339 1
1927 4343 1
1927 5022 1
1927 15276 1
1927 3008 1
1927 13284 1
1927 1020 1
1927 5620 1
1927 7678 1
1927 3986 1
1927 1943 1
1927 16308 1
3978 6936 0
3978 5022 0
3978 9626 0
3978 3978 0
3978 3986 0
3978 1943 0
3978 18332 0
3978 16308 0
7563 7563 2
7563 2555 1
3986 447 1
3986 8933 0
3986 1020 0
3986 3008 0
3986 3986 0
3986 4081 0
3986 4339 0
3986 5022 0
3986 13284 0
3986 5523 0
3986 6936 0
3986 15276 0
3986 7678 0
5523 5523 0
5523 2500 0
5523 5620 0
1943 4343 0
1943 4509 0
1943 2500 0
1943 8933 0
1943 6936 0
1943 3008 0
1943 1020 0
1943 7654 0
1943 1943 0
9626 2500 0
9626 454 1
18332 2508 0
18332 2509 0
18332 3008 0
18332 4081 0
2458 2458 0
2458 951 0
2458 2508 0
2458 4081 0
5022 5022 0
5022 1957 0
2571 2571 0
1957 5620 0
1957 1957 0
6936 8933 0
6936 16308 0
6936 7678 0
16308 4343 0
16308 8933 0
16308 13284 0
16308 1020 0
16308 7654 0
16308 7678 0
16308 16308 0
951 454 1
3008 3008 0
2500 454 1
2500 6614 0
2500 8933 0
2500 7654 0
2500 2500 0
454 7654 1
454 1513 1
454 6651 1
4343 13284 0
2508 2509 0
2509 2509 0
6614 6614 0
6614 7654 0
2555 2555 0
13284 1020 0
7654 6651 0
1513 1513 0
18514 18514 0
4081 4081 0
8933 8933 0
8933 5620 0
8933 7678 0
5620 5620 0
