6147 6147 0
6147 6163 0
6147 20 0
6147 6165 0
6147 8256 0
6147 6162 0
6147 10355 0
6147 17090 0
6147 15487 0
6147 2253 0
6147 2254 0
6147 7782 0
6147 18475 0
6147 18146 0
6147 2340 0
6147 4419 0
6147 8518 0
6147 4463 0
6147 2441 0
6147 8742 0
6147 8606 0
6147 7580 0
6147 4524 0
6147 4540 0
6147 4553 0
6147 4554 0
6147 6573 0
6147 2594 0
6147 19030 0
6147 2670 0
6147 2714 0
6147 2718 0
6147 2722 0
6147 8874 0
6147 14072 0
6147 729 0
6147 6906 0
6147 6915 0
6147 8968 0
6147 4899 0
6147 4916 0
6147 9012 0
6147 4925 0
6147 915 0
6147 5029 0
6147 5030 0
6147 5034 0
6147 5039 0
6147 5040 0
6147 5043 0
6147 5049 0
6147 18251 0
6147 13255 0
6147 7114 0
6147 7123 0
6147 11236 0
6147 509 0
6147 13355 0
6147 5204 0
6147 5212 0
6147 5217 0
6147 5243 0
6147 5247 0
6147 7300 0
6147 8732 1
6147 1217 0
6147 1218 0
6147 1221 0
6147 1223 0
6147 1224 0
6147 6792 0
6147 7373 0
6147 21368 0
6147 19879 0
6147 7407 0
6147 5366 0
6147 5392 0
6147 3352 0
6147 3301 0
6147 3426 0
6147 3446 0
6147 5539 0
6147 7414 0
6147 937 0
6147 1605 0
6147 15945 0
6147 1620 0
6147 1645 0
6147 1653 0
6147 8129 0
6147 3729 0
6147 1718 0
6147 3782 0
6147 3784 0
6147 16087 0
6147 1752 0
6147 5855 1
6147 18728 0
6147 1779 0
6147 3886 0
6147 5953 0
6147 12542 0
6147 5994 0
6147 3986 0
6147 8090 0
6147 8112 0
6147 16308 0
6147 6081 0
6147 8131 0
6147 2382 0
4100 4100 0
4100 4102 0
4100 6163 0
4100 6165 0
4100 4129 0
4100 549 0
4100 1620 0
4100 7317 0
4100 2718 0
4100 168 0
4100 1718 0
4100 1221 0
4100 1223 0
4100 2252 0
4100 2253 0
4100 4339 0
4100 4349 0
4100 3336 0
4100 3352 0
4100 287 1
4100 2338 0
4100 827 0
4100 8002 0
4100 861 0
4100 863 0
4100 864 0
4100 866 0
4100 869 0
4100 1927 0
4100 2458 0
4100 8129 0
4100 5539 0
4100 5543 0
4100 4536 0
4100 6081 0
4100 4550 0
4100 3036 1
4100 11236 0
4102 4102 0
4102 2059 0
4102 6162 0
4102 6163 0
4102 20 0
4102 6165 0
4102 2115 0
4102 1605 0
4102 6160 0
4102 1653 0
4102 3729 0
4102 2709 0
4102 1687 0
4102 3225 0
4102 676 1
4102 4305 0
4102 242 0
4102 3336 0
4102 267 0
4102 4806 0
4102 287 1
4102 2338 0
4102 4916 0
4102 2375 0
4102 5469 0
4102 1927 0
4102 3986 0
4102 6081 0
4102 4550 0
4102 4551 0
2059 2059 0
2059 20 0
2059 5469 0
2059 8291 0
2059 6166 0
2059 2253 0
2059 4339 0
2059 4340 0
2059 287 1
2059 2340 0
2059 2361 0
2059 16712 0
2059 4524 0
2059 4536 0
2059 509 0
2059 4681 0
2059 4704 0
2059 2718 0
2059 705 0
2059 719 0
2059 729 0
2059 6907 0
2059 827 0
2059 4925 0
2059 864 0
2059 2989 0
2059 3036 1
2059 3123 0
2059 5247 0
2059 3225 0
2059 1197 0
2059 3336 0
2059 5885 0
2059 3844 0
2059 6792 0
2059 1927 0
2059 3745 0
2059 8176 0
4110 4110 0
4110 6162 0
4110 20 0
4110 4145 0
4110 53 0
4110 2115 0
4110 8287 0
4110 174 0
4110 242 0
4110 4339 0
4110 4349 0
4110 287 1
4110 337 0
4110 413 0
4110 2472 0
4110 4550 0
4110 14072 0
4110 2594 0
4110 2606 0
4110 4655 0
4110 2703 0
4110 2706 0
4110 2708 0
4110 2709 0
4110 2712 0
4110 676 1
4110 2728 0
4110 705 0
4110 5243 0
4110 4885 0
4110 4925 0
4110 864 0
4110 4973 0
4110 5034 0
4110 5039 0
4110 5044 0
4110 5052 0
4110 15384 0
4110 7224 0
4110 5204 0
4110 5212 0
4110 7266 0
4110 7373 0
4110 4649 0
4110 5539 0
4110 19879 0
4110 5657 0
4110 1620 0
4110 5049 0
4110 1653 0
4110 1687 0
4110 6429 0
4110 3782 0
4110 2718 0
4110 5867 0
4110 5880 0
4110 1814 0
4110 6792 0
4110 7989 1
4110 18234 0
4110 7999 0
4110 5953 0
4110 5980 0
4110 5999 0
4110 6008 0
4110 6068 0
4110 6081 0
4110 2722 0
4110 2724 0
6159 6159 0
6159 11294 0
6159 561 0
6159 1653 0
6159 2678 0
6159 1158 0
6159 1159 0
6159 2703 0
6159 3729 0
6159 2708 0
6159 2709 0
6159 1687 0
6159 4822 0
6159 3802 0
6159 5855 1
6159 1779 0
6159 3844 0
6159 3352 0
6159 3354 0
6159 287 1
6159 4899 0
6159 2073 0
6159 4916 0
6159 4428 0
6159 337 0
6159 3934 0
6159 4450 0
6159 1894 0
6159 2418 0
6159 3446 0
6159 13200 0
6159 19879 0
6159 4547 0
6159 503 0
6160 6162 0
6160 6163 0
6160 20 0
6160 6165 0
6160 8256 0
6160 6225 0
6160 6160 0
6160 4242 0
6160 8409 0
6160 2327 0
6160 287 1
6160 2338 0
6160 337 0
6160 2458 0
6160 413 0
6160 4536 0
6160 4538 0
6160 4547 0
6160 4554 0
6160 4555 0
6160 4559 0
6160 509 0
6160 2703 0
6160 2709 0
6160 12954 0
6160 2718 0
6160 2722 0
6160 8867 0
6160 729 0
6160 6915 0
6160 2831 0
6160 4885 0
6160 2967 0
6160 2989 0
6160 955 1
6160 5052 0
6160 13284 0
6160 5243 0
6160 1159 0
6160 7317 0
6160 1221 0
6160 13582 0
6160 7496 0
6160 5469 0
6160 3426 0
6160 3447 0
6160 3464 0
6160 7580 0
6160 7633 0
6160 1620 0
6160 1653 0
6160 3729 0
6160 1689 0
6160 7893 0
6160 5857 0
6160 7948 0
6160 5980 0
6160 16241 0
6160 8069 0
6160 3986 0
6160 2714 0
6160 10152 0
6160 6068 0
6162 6162 0
6162 6163 0
6162 20 0
6162 6165 0
6162 4129 0
6162 8256 0
6162 2115 0
6162 168 0
6162 174 0
6162 16308 0
6162 2338 0
6162 2340 0
6162 337 0
6162 2458 0
6162 413 0
6162 416 0
6162 4520 0
6162 4538 0
6162 4540 0
6162 19879 0
6162 509 0
6162 2594 0
6162 2831 0
6162 2703 0
6162 2712 0
6162 2714 0
6162 669 0
6162 2718 0
6162 672 0
6162 2722 0
6162 8867 0
6162 676 1
6162 4554 0
6162 729 0
6162 6915 0
6162 4885 0
6162 9009 0
6162 861 0
6162 9055 0
6162 2989 0
6162 13284 0
6162 3141 0
6162 5212 0
6162 5217 0
6162 5243 0
6162 5254 0
6162 1197 0
6162 5469 0
6162 3426 0
6162 3447 0
6162 3464 0
6162 7580 0
6162 5543 0
6162 7633 0
6162 5615 0
6162 1620 0
6162 1645 0
6162 3729 0
6162 7893 0
6162 5855 1
6162 5857 0
6162 7948 0
6162 7986 0
6162 16241 0
6162 6002 0
6162 3986 0
6162 18332 0
6162 12954 0
6162 8112 0
6162 6068 0
6162 6081 0
6162 8874 0
6163 6163 0
6163 20 0
6163 6165 0
6163 4145 0
6163 8256 0
6163 2115 0
6163 6225 0
6163 4242 0
6163 168 0
6163 174 0
6163 8409 0
6163 2327 0
6163 287 1
6163 2338 0
6163 18728 0
6163 3464 0
6163 8503 0
6163 2381 0
6163 337 0
6163 2458 0
6163 413 0
6163 416 0
6163 4534 0
6163 4536 0
6163 4538 0
6163 4547 0
6163 4554 0
6163 14072 0
6163 509 0
6163 2569 0
6163 6737 0
6163 2678 0
6163 2703 0
6163 2712 0
6163 12954 0
6163 8867 0
6163 2724 0
6163 8881 0
6163 8886 0
6163 729 0
6163 6915 0
6163 2831 0
6163 9055 0
6163 4972 0
6163 4973 0
6163 4988 0
6163 4992 0
6163 937 0
6163 5034 0
6163 2989 0
6163 5039 0
6163 5052 0
6163 7114 0
6163 13284 0
6163 1009 0
6163 861 0
6163 7224 0
6163 5212 0
6163 5217 0
6163 5243 0
6163 1159 0
6163 3307 0
6163 7480 0
6163 1371 0
6163 5469 0
6163 3426 0
6163 3447 0
6163 7407 0
6163 7633 0
6163 1605 0
6163 1645 0
6163 1653 0
6163 1689 0
6163 3745 0
6163 3782 0
6163 7893 0
6163 5855 1
6163 5857 0
6163 1765 0
6163 5862 0
6163 7948 0
6163 5980 0
6163 16241 0
6163 1927 0
6163 3986 0
6163 8089 0
6163 18332 0
6163 8112 0
6163 6068 0
6163 6081 0
20 20 0
20 24 0
20 4145 0
20 8287 0
20 8291 0
20 117 0
20 6165 0
20 6166 0
20 4339 0
20 287 1
20 2338 0
20 2340 0
20 16712 0
20 389 0
20 4536 0
20 4547 0
20 8674 0
20 509 0
20 3844 0
20 4649 0
20 561 0
20 2708 0
20 2712 0
20 2718 0
20 8867 0
20 2724 0
20 1478 0
20 719 0
20 4822 0
20 729 0
20 6907 0
20 827 0
20 861 0
20 863 0
20 864 0
20 866 0
20 869 0
20 3036 1
20 3043 0
20 7209 0
20 3123 0
20 17520 0
20 5247 0
20 1158 0
20 3248 0
20 3308 0
20 3336 0
20 1371 0
20 5469 0
20 3446 0
20 3447 0
20 1576 0
20 4705 0
20 1620 0
20 1687 0
20 1718 0
20 1719 0
20 3782 0
20 7893 0
20 5850 0
20 5855 1
20 1765 0
20 5885 0
20 3886 0
20 5944 0
20 1927 0
20 3986 0
20 8112 0
6165 4129 0
6165 8881 0
6165 53 0
6165 2115 0
6165 168 0
6165 8409 0
6165 242 0
6165 6165 0
6165 2327 0
6165 287 1
6165 2338 0
6165 337 0
6165 4450 0
6165 8547 0
6165 364 0
6165 4465 0
6165 8256 0
6165 2458 0
6165 4520 0
6165 4524 0
6165 413 0
6165 4534 0
6165 4536 0
6165 4540 0
6165 4547 0
6165 4553 0
6165 4554 0
6165 4555 0
6165 8654 0
6165 4559 0
6165 19879 0
6165 509 0
6165 2594 0
6165 2606 0
6165 561 0
6165 6792 0
6165 2703 0
6165 2708 0
6165 2709 0
6165 2712 0
6165 2714 0
6165 669 0
6165 2718 0
6165 672 0
6165 2722 0
6165 676 1
6165 8874 0
6165 14072 0
6165 729 0
6165 6915 0
6165 2831 0
6165 4885 0
6165 861 0
6165 4992 0
6165 13200 0
6165 2989 0
6165 955 1
6165 5052 0
6165 9172 0
6165 13284 0
6165 1009 0
6165 3141 0
6165 5204 0
6165 5243 0
6165 5247 0
6165 5254 0
6165 1217 0
6165 13582 0
6165 7496 0
6165 1371 0
6165 3426 0
6165 5494 0
6165 3447 0
6165 3464 0
6165 7580 0
6165 5543 0
6165 7633 0
6165 16308 0
6165 1605 0
6165 1620 0
6165 1645 0
6165 5788 0
6165 3745 0
6165 7893 0
6165 3802 0
6165 5855 1
6165 5857 0
6165 1765 0
6165 5880 0
6165 7948 0
6165 1814 0
6165 5953 0
6165 5980 0
6165 16241 0
6165 6002 0
6165 1927 0
6165 3986 0
6165 18332 0
6165 12954 0
6165 10152 0
6165 8112 0
6165 6068 0
6165 6081 0
6165 8867 0
6165 2724 0
6166 8070 1
6166 6166 0
6166 3225 0
6166 2718 0
6166 2338 0
6166 1576 0
6166 1197 0
6166 1719 0
6166 287 1
6166 5247 0
6166 1620 0
6166 729 0
6166 4339 0
6166 2708 0
6166 5243 0
24 9055 0
24 870 0
24 7373 0
24 5855 1
24 287 1
2073 5771 1
2073 1687 0
2073 287 1
2073 5539 0
2073 561 0
2073 4443 0
2073 1894 0
16415 4992 0
16415 13355 0
16415 3986 0
16415 16308 0
16415 287 1
16415 8742 0
16415 3784 0
16415 4916 0
16415 7480 0
16415 16415 0
16415 18251 0
16415 337 0
16415 7893 0
16415 5855 1
16415 2793 0
4129 2577 0
4129 16308 0
4129 6225 0
4129 1653 0
4129 1159 0
4129 8860 0
4129 2718 0
4129 2722 0
4129 8881 0
4129 2254 0
4129 7893 0
4129 5855 1
4129 1765 0
4129 1268 0
4129 7414 0
4129 5885 0
4129 287 1
4129 9009 0
4129 18728 0
4129 7986 0
4129 827 0
4129 7224 0
4129 861 0
4129 3426 0
4129 3729 0
4129 3986 0
4129 18332 0
4129 19879 0
4129 7083 0
4129 8112 0
4129 3508 0
4129 6078 0
4129 4553 0
4129 7678 0
42 5254 0
42 3986 0
42 287 1
42 4534 0
42 2138 1
18475 2718 0
18475 287 1
18475 2722 0
18475 2724 0
18475 10152 0
18475 8287 0
18475 18475 0
18475 8881 0
18475 7480 0
18475 5855 1
18475 7231 1
18475 8409 0
18475 3426 0
18475 18728 0
18475 1653 0
4145 4145 0
4145 2115 0
4145 117 0
4145 267 0
4145 8503 0
4145 8545 0
4145 4450 0
4145 4465 0
4145 2458 0
4145 4547 0
4145 8661 0
4145 10751 0
4145 18989 0
4145 561 0
4145 6737 0
4145 18191 0
4145 8821 0
4145 676 1
4145 827 0
4145 4956 0
4145 4957 0
4145 863 0
4145 864 0
4145 4972 0
4145 4973 0
4145 4988 0
4145 4992 0
4145 2948 0
4145 13220 0
4145 937 0
4145 5034 0
4145 7083 0
4145 5039 0
4145 7114 0
4145 861 0
4145 7224 0
4145 870 0
4145 1159 0
4145 1371 0
4145 3446 0
4145 242 0
4145 8493 0
4145 3601 0
4145 1605 0
4145 1620 0
4145 1687 0
4145 1689 0
4145 7893 0
4145 5850 0
4145 5855 1
4145 1765 0
4145 5880 0
4145 5885 0
4145 7480 0
4145 5980 0
4145 3986 0
4145 18332 0
4145 8112 0
4145 16308 0
53 53 0
53 2115 0
53 117 0
53 168 0
53 242 0
53 6429 0
53 287 1
53 2338 0
53 301 0
53 8503 0
53 2384 0
53 337 0
53 8547 0
53 4463 0
53 4465 0
53 2458 0
53 413 0
53 8129 0
53 4536 0
53 4554 0
53 8654 0
53 19879 0
53 2594 0
53 2606 0
53 2703 0
53 2708 0
53 2712 0
53 2718 0
53 2722 0
53 8867 0
53 2724 0
53 8881 0
53 719 0
53 729 0
53 9009 0
53 4956 0
53 4957 0
53 9055 0
53 870 0
53 4972 0
53 5029 0
53 5030 0
53 5043 0
53 5044 0
53 5052 0
53 861 0
53 3141 0
53 5243 0
53 5247 0
53 13200 0
53 3225 0
53 1224 0
53 5331 1
53 5366 0
53 3336 0
53 3354 0
53 3393 0
53 5469 0
53 3446 0
53 11236 0
53 13284 0
53 1653 0
53 3729 0
53 1687 0
53 5788 0
53 3745 0
53 1718 0
53 3802 0
53 5855 1
53 5867 0
53 7986 0
53 5953 0
53 5980 0
53 6002 0
53 1927 0
53 6068 0
53 6078 0
53 6081 0
53 8131 0
8256 3354 0
8256 287 1
8256 4524 0
8256 4916 0
8256 6068 0
8256 1221 0
8256 1223 0
8256 6732 0
8256 8654 0
8256 5539 0
8256 1371 0
8256 5855 1
8256 8547 0
8256 16241 0
2115 2567 0
2115 2569 0
2115 2594 0
2115 4655 0
2115 4957 0
2115 16308 0
2115 10896 0
2115 2115 0
2115 3141 0
2115 4681 0
2115 14072 0
2115 6737 0
2115 1620 0
2115 19030 0
2115 8881 0
2115 5885 0
2115 5243 0
2115 5204 0
2115 1159 0
2115 4972 0
2115 1683 0
2115 1687 0
2115 2712 0
2115 3225 0
2115 5788 0
2115 2718 0
2115 2722 0
2115 8867 0
2115 2724 0
2115 168 0
2115 8874 0
2115 729 0
2115 4559 0
2115 5855 1
2115 1765 0
2115 242 0
2115 8860 0
2115 7893 0
2115 3802 0
2115 287 1
2115 2338 0
2115 13220 0
2115 301 0
2115 9523 0
2115 2375 0
2115 8503 0
2115 4428 0
2115 2382 0
2115 4956 0
2115 861 0
2115 3426 0
2115 870 0
2115 364 0
2115 3446 0
2115 3464 0
2115 3986 0
2115 5469 0
2115 18332 0
2115 413 0
2115 5029 0
2115 5030 0
2115 8112 0
2115 5043 0
2115 5044 0
2115 4540 0
2115 6081 0
2115 4550 0
2115 4554 0
2115 19879 0
2115 5289 0
6225 6225 0
6225 3784 0
6225 2327 0
6225 5850 0
6225 287 1
6225 18728 0
6225 8493 0
6225 4450 0
6225 8661 0
6225 6658 0
6225 2594 0
6225 2606 0
6225 4681 0
6225 6792 0
6225 651 0
6225 12954 0
6225 2718 0
6225 8881 0
6225 2793 0
6225 4972 0
6225 4973 0
6225 4988 0
6225 4992 0
6225 4998 0
6225 5029 0
6225 5034 0
6225 5039 0
6225 5040 0
6225 5043 0
6225 5108 0
6225 7204 0
6225 13355 0
6225 3142 0
6225 866 0
6225 5212 0
6225 5217 0
6225 7266 0
6225 9064 0
6225 1197 0
6225 1221 0
6225 1223 0
6225 5392 0
6225 7480 0
6225 5539 0
6225 19879 0
6225 7678 0
6225 267 0
6225 1605 0
6225 15945 0
6225 1653 0
6225 1718 0
6225 3782 0
6225 3802 0
6225 5855 1
6225 1765 0
6225 7999 0
6225 3986 0
2138 2441 1
2138 6032 1
2138 4242 1
2138 3508 1
2138 1478 1
2138 1480 1
2138 15581 1
2138 7135 1
2138 3041 1
2138 7379 1
2138 1653 1
8287 4649 0
8287 6068 0
8287 4681 0
8287 1620 0
8287 8287 0
8287 8547 0
8287 2703 0
8287 3729 0
8287 2706 0
8287 2708 0
8287 2709 0
8287 2714 0
8287 2718 0
8287 2722 0
8287 2724 0
8287 16326 0
8287 168 0
8287 16558 0
8287 1718 0
8287 5855 1
8287 5360 0
8287 5331 1
8287 5885 0
8287 8409 0
8287 3352 0
8287 3354 0
8287 6429 0
8287 287 1
8287 9009 0
8287 301 0
8287 9523 0
8287 2361 0
8287 337 0
8287 5980 0
8287 5469 0
8287 5999 0
8287 3464 0
8287 2712 0
8287 915 0
8287 8090 0
8287 5543 0
8287 3508 0
8287 6078 0
8287 7633 0
8287 2524 0
8287 8674 0
8287 11236 0
8287 6737 0
8287 2728 0
8287 509 0
8291 3336 0
8291 2338 0
8291 287 1
8291 955 1
8291 4681 0
8291 4305 0
8291 5469 0
8291 4705 0
8291 4339 0
105 287 1
105 416 0
105 1224 0
105 5855 1
105 105 0
16497 19879 0
16497 16497 0
16497 5855 1
16497 287 1
10355 8968 0
10355 15945 0
10355 287 1
10355 5855 1
117 19879 0
117 1552 0
117 2577 0
117 4957 0
117 561 0
117 4681 0
117 5204 0
117 7931 0
117 1653 0
117 2678 0
117 5243 0
117 5254 0
117 705 0
117 2706 0
117 2708 0
117 2709 0
117 1687 0
117 676 1
117 3248 0
117 8881 0
117 117 0
117 6792 0
117 3802 0
117 7986 0
117 5855 1
117 20125 0
117 1765 0
117 1267 0
117 7893 0
117 5850 0
117 827 0
117 4428 0
117 4443 0
117 861 0
117 3934 0
117 868 0
117 870 0
117 4956 0
117 5994 0
117 3986 0
117 3955 0
117 7552 0
117 389 0
117 5469 0
117 2458 0
117 413 0
117 4520 0
117 8112 0
117 16308 0
117 6078 0
117 7414 0
117 4547 0
117 4550 0
117 4559 0
117 7633 0
117 2524 0
117 3043 0
117 4551 0
117 5885 0
16506 8732 1
16506 287 1
16506 6068 0
16506 3041 0
16506 1894 0
16506 1653 0
2190 2190 2
2190 729 1
2190 6463 2
4242 2569 0
4242 5650 0
4242 416 0
4242 2210 1
4242 8867 0
4242 6761 0
4242 7999 0
4242 1605 0
4242 2375 0
4242 861 0
4242 863 0
4242 5885 0
154 2327 0
154 4550 0
154 4551 0
154 719 0
154 337 0
154 1620 0
154 8533 1
154 3036 1
154 5469 0
154 4339 0
2210 416 1
2210 2210 2
2210 19030 1
2210 18332 1
2210 1645 1
2210 687 1
2210 12979 1
710 710 2
710 1927 1
710 6068 1
710 4534 1
710 4536 1
710 4538 1
710 4540 1
710 17460 1
168 168 0
168 2253 0
168 4339 0
168 287 1
168 2340 0
168 301 0
168 2381 0
168 2382 0
168 337 0
168 4450 0
168 4463 0
168 4465 0
168 4477 0
168 4485 0
168 2461 0
168 2483 1
168 4534 0
168 4547 0
168 4555 0
168 4557 0
168 2594 0
168 561 0
168 6792 0
168 2708 0
168 2709 0
168 2712 0
168 2714 0
168 669 0
168 2718 0
168 2721 0
168 2722 0
168 2728 0
168 9009 0
168 861 0
168 870 0
168 937 0
168 2989 0
168 5243 0
168 1158 0
168 1197 0
168 1221 0
168 1223 0
168 5366 0
168 3354 0
168 5469 0
168 3446 0
168 3447 0
168 3464 0
168 19879 0
168 389 0
168 1620 0
168 1687 0
168 1719 0
168 1779 0
168 14072 0
168 5885 0
168 3844 0
168 7948 0
168 3934 0
168 6008 0
168 8069 0
168 6068 0
168 6081 0
171 17904 1
171 8131 1
171 6756 1
171 3301 1
171 2566 2
171 5574 1
171 171 2
171 2670 1
171 12911 1
171 16558 1
171 5526 1
171 13220 1
16558 2703 0
16558 20248 0
16558 2708 0
16558 2709 0
16558 2712 0
16558 12953 0
16558 3986 0
16558 287 1
16558 13220 0
16558 8131 0
16558 5574 0
16558 19808 0
16558 6756 0
16558 3301 0
16558 2706 0
16558 2670 0
16558 14072 0
13342 3986 0
13342 287 1
13342 955 1
13342 863 0
13342 4551 0
13342 2381 0
13342 2382 0
13342 1653 0
13342 5885 0
10424 2594 0
10424 12968 0
10424 5855 1
10424 287 1
10424 4972 0
10424 3986 0
10424 5539 0
10424 5043 0
10424 3041 0
10424 19879 0
2239 1027 1
2239 389 1
2239 915 1
2239 8606 1
2239 5928 1
2239 7496 1
2239 2743 1
2239 4925 1
2239 14278 1
2239 2248 1
2239 2253 1
2239 2254 1
2239 719 1
2239 3679 1
2239 1653 1
2239 4885 1
3446 4349 0
3446 4822 0
3446 267 0
3446 5850 0
3446 287 1
3446 301 0
3446 8503 0
3446 2361 0
3446 2375 0
3446 2382 0
3446 2384 0
3446 337 0
3446 4443 0
3446 8545 0
3446 4463 0
3446 2418 0
3446 4485 0
3446 2524 0
3446 4649 0
3446 2606 0
3446 4681 0
3446 6732 0
3446 6737 0
3446 2708 0
3446 2712 0
3446 2718 0
3446 2722 0
3446 8867 0
3446 2728 0
3446 685 0
3446 8881 0
3446 2793 0
3446 754 0
3446 6906 0
3446 2831 0
3446 4916 0
3446 861 0
3446 869 0
3446 9064 0
3446 4972 0
3446 5034 0
3446 5049 0
3446 5050 0
3446 5052 0
3446 3043 0
3446 11236 0
3446 7224 0
3446 5204 0
3446 870 0
3446 5243 0
3446 15487 0
3446 1217 0
3446 1218 0
3446 1221 0
3446 5360 0
3446 7414 0
3446 7480 0
3446 1371 0
3446 5469 0
3446 3446 0
3446 3447 0
3446 5539 0
3446 19879 0
3446 389 0
3446 5574 0
3446 1552 0
3446 1605 0
3446 1687 0
3446 1719 0
3446 3782 0
3446 3784 0
3446 3802 0
3446 5855 1
3446 5874 0
3446 5880 0
3446 3844 0
3446 18251 0
3446 5980 0
3446 3934 0
3446 5994 0
3446 5999 0
3446 16241 0
3446 6002 0
3446 6008 0
3446 6068 0
3446 6081 0
2248 7231 1
2248 15498 0
2248 2743 0
2248 2248 0
2248 2253 0
2248 2254 0
2248 5928 0
2248 4925 0
2248 7496 0
15487 389 0
15487 2718 0
15487 2724 0
15487 685 0
15487 287 1
15487 8654 0
15487 8547 0
15487 4956 0
15487 4957 0
15487 5855 1
15487 5999 0
15487 1653 0
15487 5880 0
2252 287 1
2252 4534 0
2252 4536 0
2252 4538 0
2252 4925 0
2252 2252 0
2252 3664 1
2252 4540 0
2252 1653 0
2253 4681 0
2253 3679 0
2253 1653 0
2253 642 1
2253 2254 0
2253 7414 0
2253 7986 0
2253 2361 0
2253 4925 0
2253 337 0
2253 3986 0
2253 3041 0
2254 861 0
2254 1620 0
2254 642 1
2254 1159 0
2254 3745 0
2254 5855 1
2254 5885 0
2254 7986 0
2254 9523 0
2254 2361 0
2254 2382 0
2254 1371 0
2254 870 0
2254 1927 0
2254 7083 0
2254 3041 0
4305 5657 0
4305 2606 0
4305 5855 1
4305 3729 0
4305 1687 0
4305 1689 0
4305 1718 0
4305 1221 0
4305 1223 0
4305 1224 0
4305 7414 0
4305 7209 0
4305 4349 0
4305 7893 0
4305 7948 0
4305 3354 0
4305 287 1
4305 18728 0
4305 3886 0
4305 4443 0
4305 827 0
4305 1371 0
4305 5980 0
4305 861 0
4305 4450 0
4305 869 0
4305 4477 0
4305 12954 0
4305 8176 0
4305 4524 0
4305 6078 0
4305 3043 0
4305 5885 0
4305 503 0
8409 8409 0
8409 2338 0
8409 18728 0
8409 8493 0
8409 337 0
8409 2606 0
8409 2678 0
8409 2718 0
8409 2722 0
8409 8867 0
8409 2724 0
8409 12968 0
8409 687 0
8409 8886 0
8409 8968 0
8409 9009 0
8409 863 0
8409 868 0
8409 4972 0
8409 4973 0
8409 4992 0
8409 2948 0
8409 4998 0
8409 7321 1
8409 5029 0
8409 5043 0
8409 3036 1
8409 11236 0
8409 1009 0
8409 15384 0
8409 13355 0
8409 5243 0
8409 5247 0
8409 1218 0
8409 5366 0
8409 5392 0
8409 7480 0
8409 19879 0
8409 15945 0
8409 1731 0
8409 7893 0
8409 3802 0
8409 5855 1
8409 1779 0
8409 7986 0
8409 3986 0
8409 18332 0
8409 10152 0
8409 6068 0
242 2577 0
242 4957 0
242 5043 0
242 6068 0
242 3141 0
242 3426 0
242 2594 0
242 2458 0
242 869 0
242 5243 0
242 5247 0
242 4972 0
242 1687 0
242 2712 0
242 3225 0
242 2718 0
242 3745 0
242 2722 0
242 8867 0
242 2724 0
242 3802 0
242 5855 1
242 1765 0
242 1267 0
242 5885 0
242 7893 0
242 287 1
242 2338 0
242 337 0
242 4956 0
242 861 0
242 866 0
242 6002 0
242 3729 0
242 1927 0
242 5527 0
242 3986 0
242 5469 0
242 413 0
242 5030 0
242 19879 0
242 5044 0
242 4534 0
242 4536 0
242 4538 0
242 4540 0
242 6078 0
242 6081 0
242 7633 0
242 9172 0
242 5029 0
242 13284 0
242 16308 0
4339 6915 0
4339 2606 0
4339 5469 0
4339 3123 0
4339 4681 0
4339 1620 0
4339 4704 0
4339 5247 0
4339 3225 0
4339 2730 0
4339 8881 0
4339 1718 0
4339 1719 0
4339 3264 1
4339 2338 0
4339 719 0
4339 729 0
4339 7633 0
4339 4340 0
4339 3336 0
4339 3393 0
4339 2384 0
4339 4972 0
4339 3986 0
4339 8070 1
4339 1927 0
4339 13200 0
4339 2967 0
4339 4524 0
4339 4534 0
4339 3036 1
4339 19879 0
4339 509 0
4340 1620 0
4340 4704 0
4340 5247 0
4340 3225 0
4340 1180 0
4340 2724 0
4340 1718 0
4340 4340 0
4340 3336 0
4340 2338 0
4340 5855 1
4340 2384 0
4340 5469 0
4340 1894 0
4340 3986 0
4340 19879 0
4340 2989 0
4340 4534 0
4340 3036 1
4349 561 0
4349 1620 0
4349 7782 0
4349 6761 0
4349 5243 0
4349 6792 0
4349 3729 0
4349 2708 0
4349 8881 0
4349 5855 1
4349 3300 0
4349 5874 0
4349 4349 0
4349 3844 0
4349 5857 0
4349 287 1
4349 9012 0
4349 3426 0
4349 9064 0
4349 5953 0
4349 3986 0
4349 18332 0
4349 5539 0
4349 19879 0
4349 2989 0
4349 6068 0
4349 6081 0
4349 1478 0
4349 4553 0
4349 7642 0
12542 2577 0
12542 5650 0
12542 561 0
12542 5727 0
12542 1158 0
12542 1159 0
12542 7321 1
12542 3784 0
12542 1765 0
12542 12542 0
12542 287 1
12542 301 0
12542 4414 0
12542 4419 0
12542 3986 0
12542 3043 0
13355 1371 0
13355 2418 0
13355 16087 0
13355 18728 0
13355 5850 0
13355 287 1
13355 8493 0
13355 4463 0
13355 4465 0
13355 389 0
13355 2458 0
13355 14072 0
13355 6737 0
13355 2706 0
13355 2708 0
13355 12954 0
13355 676 1
13355 1478 0
13355 685 0
13355 687 0
13355 8886 0
13355 4925 0
13355 4988 0
13355 5030 0
13355 5034 0
13355 5039 0
13355 5044 0
13355 5050 0
13355 5089 0
13355 15384 0
13355 17460 0
13355 3141 0
13355 7266 0
13355 1221 0
13355 1223 0
13355 8742 0
13355 5392 0
13355 3522 0
13355 3393 0
13355 4547 0
13355 5494 0
13355 5539 0
13355 19879 0
13355 7678 0
13355 3601 0
13355 1653 0
13355 7809 0
13355 3745 0
13355 3784 0
13355 7893 0
13355 3802 0
13355 5855 1
13355 1765 0
13355 18234 0
13355 18251 0
13355 3955 0
13355 1927 0
13355 8112 0
13355 6068 0
13355 8131 0
13355 8176 0
267 2569 0
267 2577 0
267 5204 0
267 2703 0
267 1687 0
267 1221 0
267 1223 0
267 5855 1
267 5885 0
267 267 0
267 287 1
267 18728 0
267 4925 0
267 1371 0
267 4956 0
267 4957 0
267 5994 0
267 3986 0
267 19879 0
267 10152 0
267 7114 0
267 2524 0
4375 13463 1
4375 685 1
4375 1653 1
4375 9337 1
6429 2594 0
6429 4649 0
6429 2708 0
6429 5855 1
6429 6429 0
6429 287 1
6429 2441 0
6429 3986 0
6429 7633 0
6429 5885 0
6429 10751 0
287 287 2
287 8493 1
287 16712 1
287 16729 1
287 8545 1
287 8547 1
287 364 1
287 8606 1
287 416 1
287 8654 1
287 8661 1
287 8732 2
287 549 1
287 8742 1
287 8796 1
287 651 1
287 15128 1
287 8860 1
287 676 2
287 8874 1
287 8881 1
287 8886 1
287 705 1
287 17090 1
287 719 1
287 754 1
287 8968 1
287 9001 1
287 9009 1
287 9012 1
287 827 1
287 863 1
287 864 1
287 866 1
287 870 1
287 9064 1
287 9105 1
287 937 1
287 1009 1
287 174 1
287 1100 1
287 17520 1
287 9337 1
287 1159 1
287 1180 1
287 1217 1
287 1218 1
287 1221 1
287 1251 1
287 1267 1
287 1268 1
287 1431 1
287 1478 1
287 1480 1
287 1511 1
287 1620 1
287 1645 1
287 1683 1
287 1689 1
287 1731 1
287 9943 1
287 1814 1
287 1822 1
287 18234 1
287 1864 1
287 8503 1
287 1894 1
287 1918 1
287 8518 1
287 2338 1
287 2340 1
287 2375 1
287 2381 1
287 2382 1
287 2420 1
287 2441 1
287 2461 1
287 2472 1
287 413 1
287 2488 1
287 2490 1
287 10751 1
287 2566 2
287 2569 1
287 2577 1
287 2594 1
287 19030 1
287 18191 1
287 2670 1
287 10896 1
287 2706 1
287 2708 1
287 2712 1
287 2718 1
287 2728 1
287 2730 1
287 2782 1
287 2793 1
287 2799 1
287 2831 1
287 2854 1
287 15498 1
287 2948 1
287 2956 2
287 2989 1
287 11182 1
287 18251 1
287 3043 1
287 11236 1
287 3142 1
287 3144 1
287 3248 1
287 3300 1
287 3308 1
287 3352 1
287 3354 1
287 15581 1
287 3426 1
287 1751 1
287 3447 1
287 3307 1
287 3464 1
287 19879 1
287 3729 1
287 20125 1
287 3745 1
287 20165 1
287 3893 1
287 3934 1
287 4059 1
287 4414 1
287 4419 1
287 4428 1
287 4450 1
287 4465 1
287 4485 1
287 4488 1
287 4536 1
287 4538 1
287 4540 1
287 4553 1
287 4554 1
287 4555 1
287 4556 1
287 4558 1
287 4559 1
287 12755 1
287 4649 1
287 4655 1
287 4681 1
287 4705 1
287 12911 1
287 12953 1
287 12954 1
287 12968 1
287 12979 1
287 4806 1
287 4885 1
287 4899 1
287 4916 1
287 4934 1
287 4957 1
287 4972 1
287 4973 1
287 21368 1
287 4988 1
287 4992 1
287 4998 1
287 13200 1
287 5029 1
287 5030 1
287 5034 1
287 5039 1
287 5043 1
287 5044 1
287 5049 1
287 5050 1
287 5052 1
287 13255 1
287 5089 1
287 13284 1
287 13346 1
287 9055 1
287 5204 1
287 5212 1
287 5217 1
287 13412 1
287 5243 1
287 5247 1
287 5254 1
287 13463 1
287 5360 1
287 5366 1
287 21376 1
287 13582 1
287 5392 1
287 5494 1
287 5526 1
287 5539 1
287 5543 1
287 5574 1
287 5613 1
287 5615 1
287 5625 1
287 5650 1
287 5788 1
287 15984 1
287 5850 1
287 5857 1
287 5862 1
287 5874 1
287 14072 1
287 9172 1
287 5885 1
287 5944 1
287 5953 1
287 5980 1
287 5994 1
287 6002 1
287 6008 1
287 6078 1
287 6081 1
287 14278 1
287 2384 1
287 17451 1
287 16087 1
287 6658 1
287 6732 1
287 6737 1
287 6906 1
287 7114 1
287 7123 1
287 7135 1
287 7149 1
287 7204 1
287 7209 1
287 7224 1
287 7266 1
287 7300 1
287 7317 1
287 7373 1
287 7379 1
287 7407 1
287 7452 1
287 7480 1
287 7521 1
287 7580 1
287 7678 1
287 15945 1
287 7782 1
287 7849 1
287 7893 1
287 7931 1
287 7999 1
287 8002 1
287 8034 1
287 16241 1
287 8051 1
287 8069 1
287 10904 1
287 8089 1
287 8090 1
287 8096 1
287 8129 1
287 16326 1
287 8143 1
287 2724 1
287 8176 1
2338 8547 0
2338 174 0
2338 2338 0
2338 2384 0
2338 4450 0
2338 4463 0
2338 4465 0
2338 413 0
2338 2472 0
2338 4550 0
2338 509 0
2338 2594 0
2338 4655 0
2338 4681 0
2338 4704 0
2338 8821 0
2338 2709 0
2338 2712 0
2338 2714 0
2338 2718 0
2338 2722 0
2338 8867 0
2338 2724 0
2338 1478 0
2338 2730 0
2338 8881 0
2338 14072 0
2338 4557 0
2338 8654 0
2338 4822 0
2338 729 0
2338 6907 0
2338 6915 0
2338 2901 0
2338 4973 0
2338 4988 0
2338 4992 0
2338 2967 0
2338 5029 0
2338 5034 0
2338 2989 0
2338 5039 0
2338 5044 0
2338 5049 0
2338 5050 0
2338 5052 0
2338 3036 1
2338 13284 0
2338 5108 0
2338 3123 0
2338 3142 0
2338 5243 0
2338 5247 0
2338 5254 0
2338 7317 0
2338 1197 0
2338 16712 0
2338 7414 0
2338 18728 0
2338 3336 0
2338 2606 0
2338 3354 0
2338 5469 0
2338 3426 0
2338 4547 0
2338 19879 0
2338 1576 0
2338 5043 0
2338 1605 0
2338 4705 0
2338 1620 0
2338 5727 0
2338 1653 0
2338 1687 0
2338 3745 0
2338 1718 0
2338 1719 0
2338 16087 0
2338 2340 0
2338 3802 0
2338 5857 0
2338 18234 0
2338 7480 0
2338 5980 0
2338 5994 0
2338 7633 0
2338 8070 1
2338 1927 0
2338 3986 0
2338 12954 0
2338 10152 0
2338 6068 0
2338 6081 0
2338 8131 0
2340 3844 0
2340 2831 0
2340 2967 0
2340 2340 0
2340 4551 0
2340 2989 0
2340 3123 0
2340 6915 0
2340 4550 0
2340 719 0
2340 1620 0
2340 3036 1
2340 5469 0
2340 509 0
2340 1653 0
18728 8881 0
18728 8493 0
18728 4477 0
18728 2458 0
18728 413 0
18728 6573 0
18728 2483 1
18728 4559 0
18728 8661 0
18728 2594 0
18728 2606 0
18728 561 0
18728 6737 0
18728 2709 0
18728 2712 0
18728 12954 0
18728 669 0
18728 2722 0
18728 676 1
18728 12968 0
18728 8886 0
18728 18234 0
18728 4956 0
18728 4957 0
18728 9055 0
18728 4972 0
18728 4973 0
18728 4992 0
18728 4998 0
18728 5029 0
18728 5039 0
18728 5043 0
18728 1009 0
18728 15384 0
18728 861 0
18728 5212 0
18728 5217 0
18728 7266 0
18728 7300 0
18728 5392 0
18728 3354 0
18728 7480 0
18728 3426 0
18728 5494 0
18728 19879 0
18728 3508 0
18728 7633 0
18728 7678 0
18728 1605 0
18728 1653 0
18728 3782 0
18728 7893 0
18728 3802 0
18728 5855 1
18728 18728 0
18728 5885 0
18728 7986 0
18728 7999 0
18728 16241 0
18728 3986 0
18728 18332 0
18728 10152 0
18728 16308 0
18728 8176 0
8493 6658 0
8493 8881 0
8493 2606 0
8493 1605 0
8493 1653 0
8493 5994 0
8493 3729 0
8493 1687 0
8493 2722 0
8493 3782 0
8493 3784 0
8493 2594 0
8493 7893 0
8493 3802 0
8493 5855 1
8493 7373 0
8493 6078 0
8493 8968 0
8493 2327 0
8493 5850 0
8493 301 0
8493 4916 0
8493 7480 0
8493 4972 0
8493 4973 0
8493 4988 0
8493 4992 0
8493 4998 0
8493 3986 0
8493 5029 0
8493 5034 0
8493 5039 0
8493 5040 0
8493 5043 0
8493 16308 0
8493 5539 0
8493 3043 0
8493 19879 0
8503 1552 0
8503 3144 0
8503 1158 0
8503 1159 0
8503 3729 0
8503 1687 0
8503 2718 0
8503 7452 0
8503 20165 0
8503 4822 0
8503 5855 1
8503 3307 0
8503 301 0
8503 561 0
8503 8503 0
8503 2361 0
8503 827 0
8503 3934 0
8503 1765 0
8503 8547 0
8503 5994 0
8503 4988 0
8503 389 0
8503 2458 0
8503 6078 0
8503 4547 0
2361 2567 0
2361 2569 0
2361 2594 0
2361 5469 0
2361 3142 0
2361 1620 0
2361 1653 0
2361 1158 0
2361 2703 0
2361 4547 0
2361 1687 0
2361 3225 0
2361 8860 0
2361 669 0
2361 672 0
2361 2721 0
2361 676 1
2361 1197 0
2361 4554 0
2361 5494 0
2361 1751 0
2361 1752 0
2361 3802 0
2361 2782 0
2361 5855 1
2361 5366 0
2361 301 0
2361 2606 0
2361 3354 0
2361 2361 0
2361 4428 0
2361 2382 0
2361 4443 0
2361 5980 0
2361 864 0
2361 5994 0
2361 6002 0
2361 5526 0
2361 8089 0
2361 17308 0
2361 4524 0
2361 2718 0
2361 3522 0
2361 4550 0
2361 4551 0
2361 4552 0
2361 4553 0
2361 4555 0
2361 4556 0
2361 4557 0
2361 4558 0
2361 4559 0
2361 2724 0
2361 8674 0
2361 3043 0
2361 5108 0
2361 5204 0
4414 4443 0
4414 561 0
4414 7321 1
4414 1221 0
4414 1223 0
4414 3802 0
4414 4419 0
4414 5469 0
4414 17904 0
6463 3307 1
6463 3308 1
6463 3248 1
6463 561 1
6463 3955 1
6463 174 1
6463 729 1
6463 5727 1
6463 6463 2
4419 7321 1
4419 5469 0
4419 561 0
4419 4419 0
8518 3986 0
8518 3802 0
8518 676 1
8518 8112 0
8518 8129 0
8518 8131 0
8518 1221 0
8518 4956 0
8518 13200 0
8518 1765 0
8518 1653 0
2375 2566 1
2375 2569 0
2375 2567 0
2375 16308 0
2375 1620 0
2375 6761 0
2375 1159 0
2375 2709 0
2375 2712 0
2375 676 1
2375 5289 0
2375 685 0
2375 719 0
2375 5331 1
2375 7893 0
2375 17451 0
2375 18227 0
2375 7480 0
2375 827 0
2375 4925 0
2375 2375 0
2375 7496 0
2375 861 0
2375 3426 0
2375 6002 0
2375 1927 0
2375 3986 0
2375 13220 0
2375 6081 0
2375 4559 0
2375 2724 0
2375 5625 0
16712 11182 0
16712 5855 1
16712 16712 0
16712 8661 0
16712 870 0
16712 5999 0
4428 2569 0
4428 2577 0
4428 861 0
4428 1158 0
4428 2712 0
4428 8860 0
4428 3264 1
4428 16087 0
4428 3300 0
4428 3336 0
4428 561 0
4428 301 0
4428 3893 0
4428 4428 0
4428 337 0
4428 5469 0
4428 866 0
4428 1918 0
4428 5526 0
4428 4524 0
4428 4547 0
4428 3043 0
2381 1158 0
2381 3729 0
2381 2718 0
2381 5855 1
2381 301 0
2381 2381 0
2381 4524 0
2381 4534 0
2381 4536 0
2381 4538 0
2381 4540 0
2381 4547 0
2381 3043 0
2382 301 0
2382 2441 0
2382 2382 0
2382 337 0
2382 4463 0
2382 4524 0
2382 4534 0
2382 4538 0
2382 4547 0
2382 4550 0
2382 4551 0
2382 4681 0
2382 4704 0
2382 6756 0
2382 2708 0
2382 2718 0
2382 8881 0
2382 17090 0
2382 2854 0
2382 870 0
2382 21368 0
2382 11182 0
2382 3043 0
2382 1158 0
2382 1224 0
2382 5360 0
2382 5392 0
2382 3352 0
2382 3393 0
2382 5539 0
2382 5543 0
2382 1552 0
2382 1653 0
2382 3729 0
2382 3354 0
2382 5855 1
2382 1765 0
2382 7931 0
2382 6792 0
2382 5953 0
2382 3934 0
2382 16241 0
2382 6078 0
2382 6081 0
2382 8143 0
2384 2594 0
2384 4649 0
2384 18989 0
2384 4681 0
2384 4705 0
2384 3745 0
2384 174 0
2384 7893 0
2384 5855 1
2384 861 0
2384 301 0
2384 337 0
2384 5469 0
2384 1927 0
2384 16308 0
2384 8131 0
2384 13284 0
337 3393 0
337 5040 0
337 2594 0
337 2606 0
337 1620 0
337 5243 0
337 4885 0
337 7300 0
337 2703 0
337 2709 0
337 2712 0
337 669 0
337 2718 0
337 672 0
337 676 1
337 3782 0
337 4551 0
337 1197 0
337 8886 0
337 1221 0
337 3802 0
337 6081 0
337 14072 0
337 5885 0
337 3844 0
337 8090 0
337 2831 0
337 8867 0
337 3886 0
337 5855 1
337 337 0
337 5469 0
337 3934 0
337 4450 0
337 7317 0
337 1927 0
337 3464 0
337 2458 0
337 413 0
337 12954 0
337 19879 0
337 10152 0
337 5980 0
337 5052 0
337 4550 0
337 3745 0
337 4554 0
337 4557 0
337 4558 0
337 8089 0
337 3043 0
337 13284 0
337 8176 0
337 5204 0
8533 1653 1
4439 3986 0
4439 2714 0
4439 8860 0
4439 2724 0
4439 19879 0
4439 18332 0
4439 7231 1
4439 4559 0
4439 5855 1
16729 2566 1
16729 1689 0
16729 18227 0
16729 6078 0
16729 7893 0
16729 1653 0
16729 5885 0
4443 561 0
4443 868 0
4443 10896 0
4443 3729 0
4443 1687 0
4443 7321 1
4443 8867 0
4443 1653 0
4443 5855 1
4443 7633 0
4443 1779 0
4443 7931 0
4443 7552 0
4443 301 0
4443 4443 0
4443 861 0
4443 3934 0
4443 19808 0
4443 866 0
4443 869 0
4443 389 0
4443 3986 0
4443 4550 0
4443 4551 0
8545 3844 0
8545 5855 1
4450 5657 0
4450 2594 0
4450 4649 0
4450 861 0
4450 15945 0
4450 6737 0
4450 8796 0
4450 1653 0
4450 3745 0
4450 8881 0
4450 7893 0
4450 4822 0
4450 1765 0
4450 3036 1
4450 9523 0
4450 4957 0
4450 4450 0
4450 5999 0
4450 3986 0
4450 2458 0
4450 416 0
4450 8112 0
4450 16308 0
4450 955 1
4450 5089 0
4450 3426 0
8547 3144 0
8547 5243 0
8547 7300 0
8547 4806 0
8547 7893 0
8547 5855 1
8547 861 0
8547 7986 0
8547 8654 0
8547 827 0
8547 5953 0
8547 864 0
8547 3426 0
8547 870 0
8547 4477 0
8547 4485 0
8547 3986 0
8547 18332 0
8547 8112 0
8547 6068 0
8547 6078 0
8547 8131 0
8547 1478 0
8547 4558 0
8547 8143 0
8547 7633 0
8547 11236 0
5331 8002 1
5331 3844 1
5331 2728 1
5331 18989 1
5331 2703 1
5331 9523 1
5331 2712 1
5331 8860 1
5331 2718 1
364 3142 0
364 3729 0
364 8860 0
364 687 0
364 14072 0
364 7480 0
364 364 0
364 18332 0
364 3036 1
4463 301 0
4463 2441 0
4463 4463 0
4463 4465 0
4463 4477 0
4463 4485 0
4463 4488 0
4463 2458 0
4463 416 0
4463 4524 0
4463 4536 0
4463 4547 0
4463 4550 0
4463 4551 0
4463 5212 0
4463 4681 0
4463 19030 0
4463 6756 0
4463 2708 0
4463 2712 0
4463 8886 0
4463 719 0
4463 4822 0
4463 827 0
4463 861 0
4463 863 0
4463 864 0
4463 866 0
4463 869 0
4463 13284 0
4463 1158 0
4463 7321 1
4463 1224 0
4463 1218 0
4463 7373 0
4463 5366 0
4463 13582 0
4463 561 0
4463 3447 0
4463 5539 0
4463 389 0
4463 5657 0
4463 3729 0
4463 3745 0
4463 7893 0
4463 5855 1
4463 5857 0
4463 18251 0
4463 3955 0
4463 1927 0
4463 3986 0
4463 8089 0
4463 8112 0
4463 16308 0
4465 19879 0
4465 4957 0
4465 15945 0
4465 1653 0
4465 5243 0
4465 6792 0
4465 2708 0
4465 2709 0
4465 2712 0
4465 3745 0
4465 8881 0
4465 1218 0
4465 1224 0
4465 5855 1
4465 5857 0
4465 5366 0
4465 5885 0
4465 561 0
4465 827 0
4465 4925 0
4465 4956 0
4465 861 0
4465 863 0
4465 7521 0
4465 2706 0
4465 16241 0
4465 3955 0
4465 3447 0
4465 5867 0
4465 389 0
4465 1927 0
4465 4488 0
4465 2441 0
4465 8089 0
4465 18332 0
4465 5539 0
4465 4524 0
4465 4550 0
4465 6068 0
4465 3036 1
4465 13284 0
4465 10751 0
2418 2594 0
2418 4957 0
2418 561 0
2418 6792 0
2418 3729 0
2418 12954 0
2418 669 0
2418 3248 0
2418 5855 1
2418 1765 0
2418 5885 0
2418 861 0
2418 3886 0
2418 4916 0
2418 5953 0
2418 4956 0
2418 5469 0
2418 5994 0
2418 3986 0
2418 16241 0
2418 2418 0
2418 4988 0
2418 8069 0
2418 18332 0
2418 4547 0
2418 4550 0
2418 4551 0
2418 3036 1
2418 5108 0
2420 1814 0
2420 5855 1
2420 1221 0
2420 1223 0
2420 4822 0
1308 4520 1
1308 8002 1
1308 18989 1
4477 561 0
4477 3141 0
4477 5526 0
4477 15945 0
4477 1620 0
4477 9064 0
4477 3729 0
4477 1687 0
4477 3225 0
4477 3745 0
4477 7373 0
4477 5494 0
4477 1224 0
4477 6792 0
4477 719 0
4477 7321 1
4477 754 0
4477 1918 0
4477 5855 1
4477 861 0
4477 3934 0
4477 4956 0
4477 4547 0
4477 4485 0
4477 4488 0
4477 3986 0
4477 915 0
4477 5469 0
4477 2967 0
4477 1605 0
4477 4957 0
4477 13220 0
4477 19879 0
4477 4520 0
4477 6068 0
4477 4536 0
4477 4550 0
4477 4551 0
4477 8654 0
4477 7633 0
4477 3036 1
4477 11236 0
4477 5204 0
4485 389 0
4485 2458 0
4485 3745 0
4485 1221 0
4485 7373 0
4485 8654 0
4485 719 0
4485 5204 0
4485 3036 1
4485 754 0
4488 1687 0
4488 4520 0
4488 561 0
4488 4536 0
4488 4550 0
4488 15945 0
4488 1620 0
4488 5855 1
4488 9064 0
4488 754 0
2441 2441 0
2441 3986 0
2441 2327 0
2441 5657 0
2441 7452 0
2441 4524 0
2441 8881 0
2441 1221 0
2441 4556 0
2441 9172 0
2441 7135 0
1431 1431 0
1431 8732 1
1431 7373 0
2458 6658 0
2458 19879 0
2458 14072 0
2458 5039 0
2458 2594 0
2458 561 0
2458 7224 0
2458 1605 0
2458 15945 0
2458 6737 0
2458 1620 0
2458 1653 0
2458 1159 0
2458 4972 0
2458 2703 0
2458 4547 0
2458 2709 0
2458 669 0
2458 2718 0
2458 672 0
2458 8867 0
2458 15384 0
2458 7114 0
2458 1221 0
2458 3802 0
2458 1268 0
2458 4973 0
2458 4916 0
2458 7480 0
2458 5855 1
2458 1371 0
2458 5980 0
2458 3426 0
2458 5494 0
2458 4988 0
2458 389 0
2458 2458 0
2458 17308 0
2458 2461 0
2458 4992 0
2458 5030 0
2458 5034 0
2458 5874 0
2458 5052 0
2458 5574 0
2458 4555 0
2458 5880 0
2458 7123 0
2458 676 1
2458 7642 0
2458 5543 0
2461 6658 0
2461 2709 0
2461 1687 0
2461 15384 0
2461 676 1
2461 19879 0
2461 4534 0
2461 827 0
2461 861 0
2461 3426 0
8606 4524 0
416 8867 0
416 8874 0
416 1645 0
2472 861 0
2472 3141 0
2472 3426 0
2472 1620 0
2472 1159 0
2472 18332 0
2472 3729 0
2472 5788 0
2472 2722 0
2472 1223 0
2472 7893 0
2472 5855 1
2472 2327 0
2472 7986 0
2472 5953 0
2472 19808 0
2472 870 0
2472 3986 0
2472 8112 0
2472 9172 0
4524 4524 0
4524 2594 0
4524 4705 0
4524 12953 0
4524 2714 0
4524 2718 0
4524 2722 0
4524 676 1
4524 4806 0
4524 719 0
4524 4822 0
4524 4925 0
4524 4957 0
4524 915 0
4524 5044 0
4524 1158 0
4524 1159 0
4524 3225 0
4524 7379 0
4524 5469 0
4524 3307 0
4524 5539 0
4524 5543 0
4524 1620 0
4524 1718 0
4524 5855 1
4524 5953 0
4524 16241 0
4524 1927 0
4524 8089 0
4524 6081 0
4524 2724 0
6573 2594 0
6573 2606 0
6573 9055 0
6573 5212 0
6573 5217 0
6573 7266 0
6573 7300 0
6573 8886 0
6573 3782 0
6573 5855 1
6573 1765 0
6573 8661 0
6573 5392 0
6573 7999 0
6573 12954 0
6573 5539 0
6573 6068 0
6573 955 1
6573 6081 0
6573 7678 0
413 8112 0
413 2594 0
413 2606 0
413 5044 0
413 3141 0
413 1620 0
413 3225 0
413 5243 0
413 2703 0
413 2709 0
413 2712 0
413 2718 0
413 3745 0
413 2722 0
413 8867 0
413 2724 0
413 1221 0
413 3802 0
413 5855 1
413 4649 0
413 7893 0
413 16308 0
413 7986 0
413 9523 0
413 18234 0
413 861 0
413 3426 0
413 4972 0
413 3986 0
413 18332 0
413 5030 0
413 5043 0
413 6081 0
413 4554 0
413 4559 0
413 5029 0
413 19879 0
2483 13200 1
2483 6807 1
2483 2854 1
2483 7986 1
2483 2483 2
2483 2488 1
2483 2490 1
2483 7999 1
2483 18146 1
2483 861 1
2483 9055 1
2483 19808 1
2483 3426 1
2483 7414 1
2483 21368 1
2483 9172 1
4534 301 0
4534 1765 0
4534 4554 0
4534 2567 0
4534 2577 0
4534 4534 0
4534 4705 0
4534 2703 0
4534 2714 0
4534 2718 0
4534 685 0
4534 729 0
4534 6906 0
4534 915 0
4534 2967 0
4534 2989 0
4534 3072 1
4534 3123 0
4534 870 0
4534 5247 0
4534 1159 0
4534 3225 0
4534 7414 0
4534 7496 0
4534 5469 0
4534 3307 0
4534 19879 0
4534 1576 0
4534 4704 0
4534 1620 0
4534 1653 0
4534 1687 0
4534 3745 0
4534 1718 0
4534 5850 0
4534 5855 1
4534 3886 0
4534 1927 0
4534 3986 0
4534 6081 0
4536 3072 1
4536 1576 0
4536 4705 0
4536 1620 0
4536 1653 0
4536 5247 0
4536 1159 0
4536 4547 0
4536 2708 0
4536 1687 0
4536 3225 0
4536 2714 0
4536 2718 0
4536 3745 0
4536 685 0
4536 8881 0
4536 5855 1
4536 1765 0
4536 3336 0
4536 2831 0
4536 7452 0
4536 4998 0
4536 2901 0
4536 5469 0
4536 6081 0
4536 3447 0
4536 4551 0
4536 915 0
4536 2967 0
4536 8089 0
4536 19879 0
4536 2989 0
4536 6068 0
4536 4536 0
4536 6078 0
4536 4550 0
4536 8674 0
4538 4705 0
4538 1620 0
4538 1159 0
4538 2708 0
4538 2714 0
4538 2718 0
4538 3745 0
4538 685 0
4538 1765 0
4538 13582 0
4538 6081 0
4538 915 0
4538 2967 0
4538 8089 0
4538 19879 0
4538 2989 0
4538 4538 0
4540 4705 0
4540 1620 0
4540 1653 0
4540 1159 0
4540 2714 0
4540 2718 0
4540 3745 0
4540 685 0
4540 705 0
4540 9009 0
4540 1765 0
4540 6081 0
4540 13582 0
4540 3886 0
4540 6792 0
4540 5469 0
4540 866 0
4540 5494 0
4540 915 0
4540 2967 0
4540 19879 0
4540 7083 0
4540 2989 0
4540 6078 0
4540 9172 0
4547 2567 0
4547 2569 0
4547 2594 0
4547 2606 0
4547 4957 0
4547 561 0
4547 16308 0
4547 7321 1
4547 1620 0
4547 5212 0
4547 7782 0
4547 1653 0
4547 5247 0
4547 6792 0
4547 3729 0
4547 2709 0
4547 1687 0
4547 2712 0
4547 2718 0
4547 2722 0
4547 8867 0
4547 8886 0
4547 1221 0
4547 1223 0
4547 7893 0
4547 5850 0
4547 7986 0
4547 5855 1
4547 11182 0
4547 7809 0
4547 3336 0
4547 2327 0
4547 301 0
4547 4956 0
4547 861 0
4547 3934 0
4547 3426 0
4547 5994 0
4547 3986 0
4547 9064 0
4547 389 0
4547 915 0
4547 18332 0
4547 7123 0
4547 5657 0
4547 937 0
4547 6068 0
4547 4547 0
4547 4555 0
4547 4557 0
4547 7633 0
4547 8881 0
4547 3043 0
4550 301 0
4550 4550 0
4550 4551 0
4550 4553 0
4550 4555 0
4550 2524 0
4550 503 0
4550 2567 0
4550 561 0
4550 2718 0
4550 8874 0
4550 705 0
4550 719 0
4550 4822 0
4550 4925 0
4550 4934 0
4550 861 0
4550 864 0
4550 870 0
4550 9064 0
4550 937 0
4550 2989 0
4550 3036 1
4550 3043 0
4550 5108 0
4550 5247 0
4550 1159 0
4550 3225 0
4550 1197 0
4550 3264 1
4550 1221 0
4550 1268 0
4550 3352 0
4550 3354 0
4550 3426 0
4550 2967 0
4550 5526 0
4550 1620 0
4550 3729 0
4550 1687 0
4550 7893 0
4550 1751 0
4550 1752 0
4550 5855 1
4550 1765 0
4550 5944 0
4550 3934 0
4550 1894 0
4550 8069 0
4550 3986 0
4550 6068 0
4551 301 0
4551 4553 0
4551 4555 0
4551 2524 0
4551 503 0
4551 561 0
4551 4704 0
4551 8874 0
4551 4551 0
4551 685 0
4551 705 0
4551 719 0
4551 2793 0
4551 861 0
4551 870 0
4551 9064 0
4551 2967 0
4551 2989 0
4551 3036 1
4551 3043 0
4551 1159 0
4551 3225 0
4551 1197 0
4551 3248 0
4551 3264 1
4551 3336 0
4551 3426 0
4551 5613 0
4551 1620 0
4551 3729 0
4551 1751 0
4551 1752 0
4551 5855 1
4551 1765 0
4551 5944 0
4551 8069 0
4551 3986 0
4551 6068 0
4552 3225 0
4552 2718 0
4552 2989 0
4552 3264 1
4552 4552 0
4552 4553 0
4552 1751 0
4552 5855 1
4552 870 0
4553 2594 0
4553 7209 0
4553 1653 0
4553 3225 0
4553 2722 0
4553 16038 0
4553 1197 0
4553 8881 0
4553 3264 1
4553 1751 0
4553 1752 0
4553 5880 0
4553 5247 0
4553 5855 1
4553 4916 0
4553 5944 0
4553 827 0
4553 870 0
4553 6002 0
4553 1927 0
4553 2956 1
4553 2724 0
4553 8089 0
4553 5539 0
4553 2989 0
4553 5108 0
4553 4553 0
4553 4554 0
4553 4555 0
4553 4556 0
4553 4557 0
4553 4558 0
4553 4559 0
4553 676 1
4553 509 0
4554 5243 0
4554 2708 0
4554 2709 0
4554 3225 0
4554 2718 0
4554 2722 0
4554 3264 1
4554 1751 0
4554 5855 1
4554 5880 0
4554 9009 0
4554 870 0
4554 3729 0
4554 3986 0
4554 2989 0
4554 4554 0
4554 7633 0
4555 1620 0
4555 1159 0
4555 3729 0
4555 1687 0
4555 2712 0
4555 3225 0
4555 1197 0
4555 3264 1
4555 705 0
4555 1223 0
4555 4822 0
4555 1751 0
4555 729 0
4555 5855 1
4555 5247 0
4555 8069 0
4555 3354 0
4555 301 0
4555 3393 0
4555 870 0
4555 2989 0
4555 4555 0
4555 4557 0
4555 8654 0
4555 3043 0
4556 1552 0
4556 7209 0
4556 1620 0
4556 1159 0
4556 3225 0
4556 1197 0
4556 3264 1
4556 7893 0
4556 1751 0
4556 5855 1
4556 1765 0
4556 870 0
4556 2989 0
4556 16308 0
4556 7633 0
4556 3043 0
4557 2989 0
4557 8881 0
4557 1620 0
4557 1159 0
4557 3729 0
4557 3225 0
4557 1197 0
4557 3264 1
4557 1218 0
4557 1221 0
4557 1223 0
4557 4822 0
4557 1751 0
4557 1752 0
4557 5855 1
4557 5247 0
4557 8069 0
4557 3354 0
4557 7989 1
4557 870 0
4557 4557 0
4557 4558 0
4557 3043 0
8654 8881 0
8654 6068 0
8654 3144 0
8654 5243 0
8654 7300 0
8654 7893 0
8654 729 0
8654 8143 0
8654 5855 1
8654 861 0
8654 16308 0
8654 7986 0
8654 5953 0
8654 3934 0
8654 864 0
8654 3426 0
8654 869 0
8654 3729 0
8654 16241 0
8654 3986 0
8654 18332 0
8654 8112 0
8654 6078 0
8654 8131 0
8654 11182 0
8654 4559 0
8654 11236 0
4559 2594 0
4559 1605 0
4559 870 0
4559 1159 0
4559 3225 0
4559 8860 0
4559 685 0
4559 3264 1
4559 1751 0
4559 3802 0
4559 5855 1
4559 18234 0
4559 2709 0
4559 8089 0
4559 8176 0
4559 5034 0
4559 2989 0
4559 6068 0
4559 5880 0
4559 5108 0
5880 14072 0
5880 17451 0
5880 2606 0
5880 3123 0
5880 16308 0
5880 3426 0
5880 1620 0
5880 1159 0
5880 6792 0
5880 18227 0
5880 3729 0
5880 2709 0
5880 676 1
5880 685 0
5880 8881 0
5880 1718 0
5880 1221 0
5880 5855 1
5880 3307 0
5880 4846 0
5880 1268 0
5880 7893 0
5880 3336 0
5880 9523 0
5880 861 0
5880 1223 0
5880 3986 0
5880 18332 0
5880 13220 0
5880 8112 0
5880 3144 0
5880 6068 0
5880 5880 0
5880 6096 0
12755 20248 0
12755 11294 0
12755 676 1
12755 12755 0
8661 2606 0
8661 8886 0
8661 5212 0
8661 5217 0
8661 7266 0
8661 2708 0
8661 1218 0
8661 7893 0
8661 5855 1
8661 5885 0
8661 5392 0
8661 7300 0
8661 7999 0
8661 3986 0
8661 12954 0
8661 8096 0
8661 16308 0
8661 7678 0
2524 8732 1
2524 5469 0
2524 561 0
2524 8034 0
2524 5247 0
2524 3729 0
2524 2708 0
2524 1687 0
2524 2712 0
2524 2718 0
2524 2721 0
2524 2722 0
2524 2728 0
2524 687 0
2524 8881 0
2524 1221 0
2524 4822 0
2524 5855 1
2524 5885 0
2524 3354 0
2524 301 0
2524 3934 0
2524 868 0
2524 1894 0
2524 5994 0
2524 389 0
2524 6807 0
2524 6068 0
2524 6078 0
2524 2524 0
2524 8674 0
2524 3043 0
2524 509 0
479 12954 0
479 2724 0
479 479 0
479 7989 1
479 8131 0
479 5855 1
479 6002 0
8674 7231 1
8674 1620 0
8674 2703 0
8674 2714 0
8674 8860 0
8674 2718 0
8674 2721 0
8674 2722 0
8674 676 1
8674 2728 0
8674 1719 0
8674 1221 0
8674 1223 0
8674 1765 0
8674 5862 0
8674 4846 0
8674 5885 0
8674 301 0
8674 4925 0
8674 1864 0
8674 3426 0
8674 915 0
8674 6068 0
8674 5052 0
8674 6078 0
8674 8674 0
8674 509 0
5543 8732 1
5543 2703 0
5543 6807 0
5543 2718 0
5543 672 0
5543 2721 0
5543 5855 1
5543 1267 0
5543 9009 0
5543 389 0
5543 5543 0
5543 4520 0
4520 2989 0
4520 4655 0
4520 3142 0
4520 1620 0
4520 2708 0
4520 2709 0
4520 1687 0
4520 2718 0
4520 2722 0
4520 1653 0
4520 1218 0
4520 5855 1
4520 9009 0
4520 3934 0
4520 3426 0
4520 3447 0
4520 3986 0
4520 915 0
4520 2967 0
4520 4520 0
4520 6068 0
4520 8176 0
503 642 1
503 1687 0
503 2718 0
503 5855 1
503 868 0
503 7552 0
503 8096 0
503 3043 0
503 503 0
509 1576 0
509 5469 0
509 3123 0
509 4704 0
509 5247 0
509 3729 0
509 2708 0
509 2712 0
509 2718 0
509 8867 0
509 2724 0
509 1221 0
509 1223 0
509 4822 0
509 729 0
509 5855 1
509 3336 0
509 2327 0
509 3036 1
509 1864 0
509 3986 0
509 915 0
509 2989 0
509 509 0
10751 7321 1
10751 2718 0
10751 3745 0
10751 9001 0
10751 7373 0
10751 1894 0
10751 10751 0
6658 15384 0
6658 5039 0
6658 2594 0
6658 2606 0
6658 1605 0
6658 2709 0
6658 676 1
6658 3782 0
6658 3784 0
6658 5850 0
6658 3802 0
6658 7480 0
6658 3426 0
6658 4972 0
6658 4973 0
6658 4988 0
6658 4992 0
6658 4998 0
6658 5029 0
6658 5034 0
6658 5040 0
6658 5043 0
6658 19879 0
2566 2594 1
2566 6032 1
2566 13255 1
2566 8089 1
2566 7642 1
2566 1765 1
2567 2569 0
2567 2577 0
2567 861 0
2567 2712 0
2567 7321 1
2567 1478 0
2567 1221 0
2567 1223 0
2567 1224 0
2567 4822 0
2567 1751 0
2567 5855 1
2567 1765 0
2567 301 0
2567 827 0
2567 3986 0
2567 8112 0
2569 5254 0
2569 1927 0
2569 301 0
2569 2577 0
2569 3986 0
2569 2712 0
2569 5204 0
2569 861 0
2569 5855 1
2569 5885 0
2569 1653 0
2577 2594 0
2577 1158 0
2577 1159 0
2577 2703 0
2577 2718 0
2577 1221 0
2577 1223 0
2577 7893 0
2577 3802 0
2577 5855 1
2577 18146 0
2577 1765 0
2577 7986 0
2577 3893 0
2577 827 0
2577 861 0
2577 5994 0
2577 5494 0
2577 2967 0
2577 19879 0
2577 16308 0
2577 7123 0
2577 3043 0
8732 5867 1
8732 3844 1
8732 3601 1
8732 3986 1
8732 915 1
8732 2709 1
8732 12954 1
8732 2724 1
8732 8796 1
8732 8874 1
8732 11182 1
8732 6792 1
8732 16308 1
8732 5143 1
8732 3802 1
8732 3041 1
8732 15122 1
8732 8051 1
8732 5885 1
2594 174 0
2594 5850 0
2594 2594 0
2594 2606 0
2594 561 0
2594 6737 0
2594 2678 0
2594 2703 0
2594 2706 0
2594 2709 0
2594 2714 0
2594 2718 0
2594 2722 0
2594 8867 0
2594 2724 0
2594 12968 0
2594 685 0
2594 8881 0
2594 8886 0
2594 9001 0
2594 4916 0
2594 4956 0
2594 861 0
2594 869 0
2594 4972 0
2594 4973 0
2594 4988 0
2594 4992 0
2594 4998 0
2594 5029 0
2594 5030 0
2594 5034 0
2594 5039 0
2594 5040 0
2594 5043 0
2594 5044 0
2594 5052 0
2594 13255 0
2594 11236 0
2594 15384 0
2594 4957 0
2594 3141 0
2594 5212 0
2594 5217 0
2594 7266 0
2594 5243 0
2594 7300 0
2594 3225 0
2594 1221 0
2594 1223 0
2594 7373 0
2594 1268 0
2594 13582 0
2594 7480 0
2594 1371 0
2594 3426 0
2594 5494 0
2594 5539 0
2594 19879 0
2594 7678 0
2594 16308 0
2594 1605 0
2594 1653 0
2594 3745 0
2594 3782 0
2594 3784 0
2594 7893 0
2594 3802 0
2594 5855 1
2594 1765 0
2594 14072 0
2594 3886 0
2594 7986 0
2594 7999 0
2594 5994 0
2594 16241 0
2594 3955 0
2594 1927 0
2594 2712 0
2594 3986 0
2594 18332 0
2594 12954 0
2594 6068 0
2594 6078 0
2594 6081 0
2594 8176 0
549 2718 0
549 1718 0
549 4681 0
549 719 0
549 1620 0
549 5469 0
549 5855 1
8742 2606 0
8742 5212 0
8742 12954 0
8742 20165 0
8742 1221 0
8742 1224 0
8742 5857 0
8742 2793 0
8742 5855 1
8742 4957 0
8742 16241 0
8742 16308 0
8742 6081 0
8742 1480 0
8742 7678 0
4649 4649 0
4649 4655 0
4649 1620 0
4649 2703 0
4649 2706 0
4649 2708 0
4649 2709 0
4649 2712 0
4649 1180 0
4649 174 0
4649 3784 0
4649 5855 1
4649 5862 0
4649 5885 0
4649 3844 0
4649 4925 0
4649 4956 0
4649 3729 0
4649 6002 0
4649 5980 0
4649 13200 0
4649 3986 0
4649 18332 0
4649 19879 0
4649 6068 0
4649 5052 0
18989 18989 0
18989 1197 0
18989 3426 0
2606 12979 0
2606 2327 0
2606 5850 0
2606 14072 0
2606 6732 0
2606 7266 0
2606 2678 0
2606 6792 0
2606 2709 0
2606 2714 0
2606 2722 0
2606 676 1
2606 12968 0
2606 8881 0
2606 8886 0
2606 2793 0
2606 4916 0
2606 4956 0
2606 4957 0
2606 9055 0
2606 866 0
2606 869 0
2606 4972 0
2606 4973 0
2606 4988 0
2606 4992 0
2606 4998 0
2606 5029 0
2606 5030 0
2606 5034 0
2606 5039 0
2606 5043 0
2606 5044 0
2606 5049 0
2606 5050 0
2606 11236 0
2606 3784 0
2606 15384 0
2606 861 0
2606 5212 0
2606 7300 0
2606 7373 0
2606 18251 0
2606 5392 0
2606 7480 0
2606 3426 0
2606 5539 0
2606 19879 0
2606 7633 0
2606 7678 0
2606 11182 0
2606 5040 0
2606 4704 0
2606 1605 0
2606 1653 0
2606 3729 0
2606 1687 0
2606 3745 0
2606 3782 0
2606 7893 0
2606 3802 0
2606 5855 1
2606 1765 0
2606 3844 0
2606 3886 0
2606 7986 0
2606 18234 0
2606 7999 0
2606 5953 0
2606 5994 0
2606 16241 0
2606 3955 0
2606 3986 0
2606 12954 0
2606 10152 0
2606 8112 0
2606 16308 0
2606 6078 0
2606 8176 0
4655 861 0
4655 2703 0
4655 2706 0
4655 2709 0
4655 6807 0
4655 2712 0
4655 7893 0
4655 5855 1
4655 5885 0
4655 17451 0
4655 2327 0
4655 3352 0
4655 3354 0
4655 13200 0
4655 3986 0
4655 915 0
4655 8112 0
561 301 0
561 389 0
561 561 0
561 2678 0
561 2712 0
561 2718 0
561 2724 0
561 2728 0
561 4822 0
561 2793 0
561 827 0
561 4956 0
561 4957 0
561 863 0
561 864 0
561 866 0
561 868 0
561 869 0
561 9064 0
561 4992 0
561 17904 0
561 3036 1
561 3043 0
561 861 0
561 3142 0
561 5212 0
561 5243 0
561 1158 0
561 3225 0
561 3248 0
561 1217 0
561 1221 0
561 1224 0
561 5366 0
561 3354 0
561 1371 0
561 7552 0
561 5539 0
561 19879 0
561 5615 0
561 937 0
561 1552 0
561 3601 0
561 3729 0
561 1687 0
561 1751 0
561 5855 1
561 5867 0
561 1779 0
561 7931 0
561 3893 0
561 5953 0
561 5980 0
561 1894 0
561 5994 0
561 5999 0
561 6002 0
561 1927 0
561 8089 0
561 8112 0
561 6068 0
4681 1576 0
4681 7209 0
4681 4704 0
4681 4681 0
4681 1620 0
4681 4705 0
4681 5247 0
4681 6081 0
4681 3225 0
4681 2718 0
4681 2722 0
4681 1718 0
4681 1719 0
4681 1653 0
4681 729 0
4681 5855 1
4681 3336 0
4681 2831 0
4681 2854 0
4681 5469 0
4681 864 0
4681 1927 0
4681 3986 0
4681 2967 0
4681 8096 0
4681 2989 0
4681 1478 0
4681 3036 1
6732 7809 0
6732 389 0
6732 2703 0
6732 2709 0
6732 2712 0
6732 2718 0
6732 4956 0
6732 1371 0
6732 5855 1
6732 19879 0
6737 2327 0
6737 3141 0
6737 2703 0
6737 2712 0
6737 669 0
6737 2718 0
6737 672 0
6737 2722 0
6737 8881 0
6737 754 0
6737 8968 0
6737 861 0
6737 863 0
6737 4972 0
6737 4973 0
6737 4988 0
6737 4992 0
6737 5034 0
6737 5039 0
6737 5049 0
6737 7114 0
6737 7224 0
6737 3142 0
6737 3144 0
6737 5212 0
6737 5243 0
6737 5392 0
6737 7480 0
6737 1371 0
6737 3426 0
6737 5494 0
6737 7633 0
6737 5043 0
6737 1605 0
6737 1620 0
6737 1653 0
6737 7809 0
6737 3784 0
6737 3802 0
6737 5855 1
6737 1765 0
6737 14072 0
6737 5953 0
6737 8034 0
6737 2709 0
6737 6807 0
6737 3986 0
6737 2721 0
19030 8867 0
19030 8874 0
19030 3144 0
19030 7633 0
19030 3426 0
19030 1645 0
19030 1653 0
19030 5243 0
8796 1689 0
8796 5539 0
8796 4957 0
8796 4916 0
8796 6068 0
8796 3679 0
8796 7893 0
8796 4956 0
8796 1653 0
8796 5885 0
2490 6792 0
2490 11294 0
2490 2490 0
2490 18146 0
4704 6915 0
4704 1576 0
4704 7209 0
4704 3123 0
4704 1620 0
4704 1653 0
4704 3225 0
4704 1197 0
4704 3248 0
4704 1718 0
4704 1719 0
4704 3264 1
4704 719 0
4704 729 0
4704 5247 0
4704 2831 0
4704 2901 0
4704 5469 0
4704 3464 0
4704 3986 0
4704 5526 0
4704 2967 0
4704 2989 0
4704 4704 0
4704 3036 1
4704 6907 0
4704 3565 1
4705 3986 0
4705 2967 0
4705 3225 0
4705 1718 0
4705 1620 0
4705 3036 1
4705 5247 0
6756 5657 0
6756 6756 0
6756 2670 0
6756 12911 0
6756 2708 0
6756 2709 0
6756 2712 0
6756 2718 0
6756 2722 0
6756 1221 0
6756 1224 0
6756 3301 0
6756 5862 0
6756 8968 0
6756 15162 1
6756 861 0
6756 16241 0
6756 3986 0
6756 13220 0
6756 8112 0
6756 8131 0
6756 5574 0
6756 11236 0
6756 17904 0
6761 7231 1
6761 6761 0
6761 2708 0
6761 8860 0
6761 1218 0
6761 7373 0
6761 5855 1
6761 4846 0
6761 5857 0
6761 7986 0
6761 9009 0
6761 861 0
6761 5994 0
6761 3986 0
6761 8096 0
6761 19808 0
6761 1478 0
2670 12953 0
2670 12911 0
2670 17308 0
2670 13220 0
2670 5574 0
2670 3301 0
12911 3986 0
12911 12953 0
12911 13346 0
12911 3508 0
12911 4916 0
12911 7678 0
8821 1100 0
8821 8821 0
8821 642 1
8821 7317 0
8821 5855 1
8821 1779 0
8821 4899 0
8821 4916 0
8821 868 0
8821 5029 0
8821 1480 0
2678 3142 0
2678 2678 0
2678 5243 0
2678 5254 0
2678 1687 0
2678 7321 1
2678 1223 0
2678 7893 0
2678 3802 0
2678 5855 1
2678 1765 0
2678 5885 0
2678 5392 0
2678 301 0
2678 9009 0
2678 861 0
2678 3426 0
2678 3986 0
2678 8112 0
2678 16308 0
2678 6078 0
2678 5089 0
2678 11236 0
2678 1009 0
642 5143 1
642 13346 1
642 5212 1
642 651 1
642 672 1
642 16038 1
642 2730 1
642 11294 1
642 17090 1
642 1224 1
642 3307 1
642 20248 1
642 1822 1
642 18227 1
642 3393 1
642 3934 1
642 4992 1
642 7083 1
642 5040 1
642 6096 1
6792 389 0
6792 14072 0
6792 6792 0
6792 2703 0
6792 2708 0
6792 6807 0
6792 2712 0
6792 669 0
6792 2718 0
6792 672 0
6792 2722 0
6792 2724 0
6792 685 0
6792 705 0
6792 8968 0
6792 2854 0
6792 9009 0
6792 861 0
6792 4972 0
6792 4988 0
6792 5030 0
6792 5034 0
6792 5039 0
6792 5052 0
6792 3036 1
6792 7135 0
6792 13284 0
6792 7231 1
6792 3142 0
6792 5204 0
6792 870 0
6792 5243 0
6792 3225 0
6792 3336 0
6792 7480 0
6792 1371 0
6792 5469 0
6792 5539 0
6792 7633 0
6792 3601 0
6792 1620 0
6792 3729 0
6792 3745 0
6792 5874 0
6792 5885 0
6792 3886 0
6792 7999 0
6792 5953 0
6792 5980 0
6792 16241 0
6792 2709 0
6792 1927 0
6792 6081 0
6792 2721 0
2703 301 0
2703 2703 0
2703 2706 0
2703 2709 0
2703 2712 0
2703 12954 0
2703 8860 0
2703 2718 0
2703 2721 0
2703 2722 0
2703 8867 0
2703 2724 0
2703 2728 0
2703 8881 0
2703 7633 0
2703 4899 0
2703 7986 0
2703 4916 0
2703 9055 0
2703 869 0
2703 870 0
2703 13200 0
2703 915 0
2703 11182 0
2703 11236 0
2703 5243 0
2703 5247 0
2703 7373 0
2703 3426 0
2703 3464 0
2703 5539 0
2703 5029 0
2703 1620 0
2703 3729 0
2703 3745 0
2703 5855 1
2703 1779 0
2703 5885 0
2703 3886 0
2703 5953 0
2703 8034 0
2703 3986 0
2703 8090 0
2703 18332 0
2703 8096 0
2703 6068 0
2703 6078 0
10896 7552 0
10896 10896 0
10896 7321 1
10896 19808 0
10896 8034 0
10896 868 0
10896 1765 0
10896 7931 0
2706 14072 0
2706 3426 0
2706 1620 0
2706 2709 0
2706 2712 0
2706 8860 0
2706 2718 0
2706 5855 1
2706 1765 0
2706 827 0
2706 9055 0
2706 870 0
2706 13200 0
2706 915 0
2706 8096 0
2706 5539 0
2706 7633 0
2706 869 0
2708 729 0
2708 2709 0
2708 2712 0
2708 2714 0
2708 8860 0
2708 669 0
2708 2718 0
2708 2722 0
2708 2724 0
2708 2728 0
2708 8881 0
2708 8968 0
2708 827 0
2708 861 0
2708 915 0
2708 3142 0
2708 5243 0
2708 5254 0
2708 1180 0
2708 1221 0
2708 3354 0
2708 3464 0
2708 19879 0
2708 7633 0
2708 1620 0
2708 2327 0
2708 1718 0
2708 3802 0
2708 5855 1
2708 5857 0
2708 14072 0
2708 5885 0
2708 3886 0
2708 5953 0
2708 1864 0
2708 6002 0
2708 8069 0
2708 3986 0
2708 8112 0
2708 6068 0
2708 6078 0
2709 5885 0
2709 2709 0
2709 2712 0
2709 2714 0
2709 8860 0
2709 669 0
2709 2718 0
2709 2722 0
2709 676 1
2709 2728 0
2709 8881 0
2709 705 0
2709 719 0
2709 729 0
2709 8968 0
2709 4899 0
2709 2854 0
2709 4916 0
2709 4956 0
2709 861 0
2709 9055 0
2709 869 0
2709 870 0
2709 13463 0
2709 13200 0
2709 915 0
2709 5039 0
2709 5049 0
2709 11236 0
2709 15384 0
2709 4957 0
2709 3141 0
2709 7266 0
2709 5247 0
2709 5254 0
2709 7373 0
2709 3301 0
2709 5392 0
2709 1371 0
2709 3426 0
2709 5494 0
2709 5539 0
2709 19879 0
2709 16308 0
2709 1620 0
2709 3679 0
2709 1687 0
2709 3745 0
2709 7893 0
2709 3802 0
2709 5855 1
2709 5928 0
2709 3886 0
2709 7986 0
2709 18227 0
2709 5953 0
2709 6002 0
2709 3986 0
2709 18332 0
2709 12954 0
2709 8112 0
2709 6068 0
2709 6078 0
2709 6096 0
2709 2724 0
6807 7809 0
6807 18332 0
6807 2718 0
6807 8881 0
6807 1221 0
6807 1224 0
6807 5855 1
6807 1765 0
6807 3886 0
6807 1371 0
6807 8034 0
6807 3986 0
6807 17308 0
6807 6068 0
2712 8886 0
2712 389 0
2712 2712 0
2712 2714 0
2712 8860 0
2712 2718 0
2712 2721 0
2712 2722 0
2712 8867 0
2712 2724 0
2712 2728 0
2712 8881 0
2712 17090 0
2712 4822 0
2712 729 0
2712 8968 0
2712 4899 0
2712 7986 0
2712 4916 0
2712 4956 0
2712 861 0
2712 863 0
2712 870 0
2712 4972 0
2712 13200 0
2712 915 0
2712 5029 0
2712 5030 0
2712 5043 0
2712 5044 0
2712 5052 0
2712 3036 1
2712 3043 0
2712 11236 0
2712 4957 0
2712 9055 0
2712 3141 0
2712 5212 0
2712 5243 0
2712 5247 0
2712 7317 0
2712 3225 0
2712 3354 0
2712 1371 0
2712 3426 0
2712 5539 0
2712 19879 0
2712 7633 0
2712 13220 0
2712 5657 0
2712 1605 0
2712 1620 0
2712 1731 0
2712 3802 0
2712 5855 1
2712 14072 0
2712 5885 0
2712 3886 0
2712 5953 0
2712 5980 0
2712 8034 0
2712 6002 0
2712 6008 0
2712 3986 0
2712 8090 0
2712 18332 0
2712 6068 0
2712 6078 0
2712 6081 0
12953 8131 0
12953 12953 0
12953 676 1
12953 4957 0
12953 1478 0
12953 5469 0
12953 3301 0
12953 5862 0
12953 5994 0
2714 2714 0
2714 19879 0
2714 8860 0
2714 2718 0
2714 2722 0
2714 8867 0
2714 676 1
2714 8881 0
2714 827 0
2714 4956 0
2714 4957 0
2714 2956 1
2714 13200 0
2714 915 0
2714 7083 0
2714 3041 0
2714 1159 0
2714 1180 0
2714 3426 0
2714 7633 0
2714 7678 0
2714 16308 0
2714 1620 0
2714 1645 0
2714 3729 0
2714 3784 0
2714 5855 1
2714 5867 0
2714 5874 0
2714 1779 0
2714 14072 0
2714 3886 0
2714 9523 0
2714 8034 0
2714 5994 0
2714 5999 0
2714 3986 0
2714 12954 0
2714 8112 0
2714 6068 0
2714 6081 0
8860 7231 1
8860 1620 0
8860 1653 0
8860 1159 0
8860 1689 0
8860 2718 0
8860 2721 0
8860 2722 0
8860 2728 0
8860 1221 0
8860 1223 0
8860 7893 0
8860 1765 0
8860 5885 0
8860 9009 0
8860 5953 0
8860 864 0
8860 3426 0
8860 869 0
8860 1683 0
8860 3986 0
8860 915 0
8860 8090 0
8860 6068 0
669 2327 0
669 301 0
669 19879 0
669 669 0
669 2718 0
669 8867 0
669 676 1
669 729 0
669 4916 0
669 13200 0
669 2967 0
669 5034 0
669 955 1
669 3036 1
669 13284 0
669 5204 0
669 1221 0
669 1223 0
669 1224 0
669 7373 0
669 7414 0
669 3426 0
669 5494 0
669 5657 0
669 1620 0
669 1653 0
669 3729 0
669 3745 0
669 1765 0
669 5874 0
669 5885 0
669 3886 0
669 7986 0
669 6002 0
669 1927 0
669 8112 0
669 6078 0
2718 2327 0
2718 301 0
2718 19879 0
2718 2718 0
2718 2722 0
2718 2724 0
2718 685 0
2718 8881 0
2718 719 0
2718 8968 0
2718 2831 0
2718 7986 0
2718 9009 0
2718 827 0
2718 4934 0
2718 861 0
2718 863 0
2718 864 0
2718 866 0
2718 869 0
2718 870 0
2718 4972 0
2718 4988 0
2718 915 0
2718 937 0
2718 5039 0
2718 5043 0
2718 5044 0
2718 3036 1
2718 3043 0
2718 9055 0
2718 7231 1
2718 3141 0
2718 5243 0
2718 5247 0
2718 1159 0
2718 3225 0
2718 1223 0
2718 1221 0
2718 7373 0
2718 3336 0
2718 9523 0
2718 5469 0
2718 3426 0
2718 3447 0
2718 3464 0
2718 5539 0
2718 3508 0
2718 7633 0
2718 5029 0
2718 5030 0
2718 1605 0
2718 1620 0
2718 3729 0
2718 3745 0
2718 1718 0
2718 1719 0
2718 3802 0
2718 5855 1
2718 5867 0
2718 14072 0
2718 5953 0
2718 1864 0
2718 5999 0
2718 16241 0
2718 6008 0
2718 1927 0
2718 3986 0
2718 18332 0
2718 1009 0
2718 8112 0
2718 6068 0
2718 6078 0
2718 6081 0
2718 8143 0
672 1620 0
672 672 0
672 1221 0
672 1223 0
672 5885 0
672 301 0
672 2327 0
672 3886 0
672 3426 0
672 6002 0
672 2967 0
672 5657 0
672 955 1
672 6078 0
2721 3729 0
2721 1687 0
2721 2721 0
2721 2722 0
2721 301 0
2721 1718 0
2721 7231 1
2721 9009 0
2721 1221 0
2721 1223 0
2721 1864 0
2721 14072 0
2721 8881 0
2721 5469 0
2721 5855 1
2722 2327 0
2722 301 0
2722 19879 0
2722 2722 0
2722 676 1
2722 8968 0
2722 7986 0
2722 9009 0
2722 861 0
2722 863 0
2722 864 0
2722 866 0
2722 869 0
2722 4972 0
2722 4973 0
2722 4988 0
2722 4998 0
2722 915 0
2722 5029 0
2722 5030 0
2722 5039 0
2722 5043 0
2722 5044 0
2722 5050 0
2722 3036 1
2722 3043 0
2722 7231 1
2722 3141 0
2722 3142 0
2722 5243 0
2722 5247 0
2722 3225 0
2722 3248 0
2722 1221 0
2722 1223 0
2722 7373 0
2722 9523 0
2722 5469 0
2722 3426 0
2722 5539 0
2722 7633 0
2722 937 0
2722 16308 0
2722 9055 0
2722 1605 0
2722 1620 0
2722 1653 0
2722 3729 0
2722 3745 0
2722 7893 0
2722 3802 0
2722 5855 1
2722 5867 0
2722 14072 0
2722 5953 0
2722 7480 0
2722 6002 0
2722 1927 0
2722 3986 0
2722 18332 0
2722 10152 0
2722 8112 0
2722 6068 0
2722 6081 0
2722 2724 0
8867 687 0
8867 2327 0
8867 301 0
8867 8867 0
8867 1822 0
8867 729 0
8867 6915 0
8867 4885 0
8867 861 0
8867 9055 0
8867 870 0
8867 955 1
8867 3043 0
8867 11236 0
8867 7209 0
8867 5212 0
8867 5217 0
8867 3447 0
8867 5243 0
8867 3225 0
8867 1217 0
8867 1218 0
8867 13582 0
8867 7496 0
8867 3426 0
8867 3464 0
8867 19879 0
8867 7633 0
8867 3565 1
8867 1552 0
8867 16308 0
8867 1605 0
8867 1620 0
8867 1645 0
8867 3729 0
8867 1689 0
8867 3745 0
8867 7893 0
8867 3802 0
8867 5857 0
8867 5862 0
8867 7948 0
8867 1814 0
8867 3986 0
8867 18332 0
8867 10152 0
8867 6068 0
8867 6081 0
8867 13284 0
676 15384 1
676 7204 1
676 8129 1
676 6068 1
676 5727 1
676 1605 1
676 1620 1
676 3679 1
676 1653 1
676 1159 1
676 1683 1
676 1689 1
676 676 2
676 5289 1
676 685 1
676 7893 1
676 18146 1
676 3300 1
676 3301 1
676 5862 1
676 4846 1
676 5874 1
676 5366 1
676 17451 1
676 2327 1
676 5928 1
676 301 1
676 18227 1
676 4916 1
676 4956 1
676 861 1
676 1765 1
676 3426 1
676 6002 1
676 5494 1
676 3307 1
676 3986 1
676 3225 1
676 13220 1
676 19879 1
676 8112 1
676 8131 1
676 6096 1
676 3043 1
676 5885 1
676 5625 1
5574 5526 0
5574 13220 0
5574 8131 0
5574 5494 0
5574 3301 0
5574 4972 0
5574 17904 0
2728 5855 1
2728 1765 0
2728 14072 0
2728 9009 0
2728 5953 0
2728 19808 0
2728 3986 0
2728 915 0
2728 8112 0
8874 3986 0
8874 6068 0
8874 1645 0
8874 14072 0
685 5727 0
685 3144 0
685 1620 0
685 3679 0
685 1653 0
685 1159 0
685 5289 0
685 1221 0
685 1223 0
685 1765 0
685 3307 0
685 4846 0
685 17451 0
685 5928 0
685 18227 0
685 4916 0
685 827 0
685 4956 0
685 4957 0
685 3986 0
685 915 0
685 3142 0
685 18332 0
685 11182 0
685 8112 0
685 6068 0
685 5885 0
685 7893 0
687 1605 0
687 3248 0
687 5855 1
687 14072 0
687 17451 0
687 729 0
687 3886 0
687 7496 0
687 3426 0
687 1894 0
687 3986 0
687 6081 0
687 7633 0
8881 8881 0
8881 3784 0
8881 5494 0
8881 5850 0
8881 4558 0
8881 2724 0
8881 14072 0
8881 861 0
8881 863 0
8881 4972 0
8881 4973 0
8881 4988 0
8881 4992 0
8881 4998 0
8881 17308 0
8881 5029 0
8881 5030 0
8881 937 0
8881 5034 0
8881 5039 0
8881 5040 0
8881 5043 0
8881 5044 0
8881 5049 0
8881 5052 0
8881 5089 0
8881 3043 0
8881 8968 0
8881 3141 0
8881 3142 0
8881 5212 0
8881 5217 0
8881 5243 0
8881 5247 0
8881 7300 0
8881 1159 0
8881 1197 0
8881 1221 0
8881 3301 0
8881 5366 0
8881 5392 0
8881 7480 0
8881 1371 0
8881 5469 0
8881 3307 0
8881 19879 0
8881 3508 0
8881 7414 0
8881 7678 0
8881 1605 0
8881 1653 0
8881 7809 0
8881 6081 0
8881 3729 0
8881 3782 0
8881 3802 0
8881 5855 1
8881 1765 0
8881 5862 0
8881 5980 0
8881 8034 0
8881 5994 0
8881 16241 0
8881 6008 0
8881 3986 0
8881 8089 0
8881 18332 0
8881 12954 0
8881 6068 0
8881 6078 0
8881 8176 0
12979 19879 0
12979 12979 0
12979 1718 0
12979 15945 0
8886 3782 0
8886 12954 0
8886 2724 0
8886 12968 0
8886 15122 0
8886 4916 0
8886 4956 0
8886 4957 0
8886 4972 0
8886 4992 0
8886 5029 0
8886 5043 0
8886 11236 0
8886 15384 0
8886 5212 0
8886 5217 0
8886 7266 0
8886 7300 0
8886 1221 0
8886 5392 0
8886 7480 0
8886 17308 0
8886 7633 0
8886 7678 0
8886 5650 0
8886 5657 0
8886 3354 0
8886 7893 0
8886 5855 1
8886 1779 0
8886 7999 0
8886 16241 0
8886 3986 0
8886 18332 0
8886 10152 0
8886 16308 0
2743 729 0
2743 3036 1
2743 3336 0
705 10904 0
705 1180 0
705 1197 0
705 705 0
705 4822 0
705 3802 0
705 5855 1
705 5885 0
705 3336 0
705 301 0
705 5980 0
705 5469 0
705 6032 0
705 5052 0
705 6081 0
17090 4806 0
17090 8112 0
4806 5980 0
4806 5052 0
4806 5855 1
4806 13284 0
719 5143 0
719 1576 0
719 5469 0
719 6068 0
719 1620 0
719 1718 0
719 1221 0
719 1223 0
719 719 0
719 7379 0
719 11182 0
719 5885 0
719 2327 0
719 301 0
719 9523 0
719 4956 0
719 4957 0
719 7224 0
719 1927 0
719 3986 0
719 2967 0
719 2989 0
719 3307 0
719 13284 0
4558 5247 0
4558 1159 0
4558 3729 0
4558 3225 0
4558 3264 1
4558 1751 0
4558 5855 1
4558 864 0
4558 870 0
4558 8069 0
4558 2989 0
4558 4558 0
4558 3043 0
4822 1552 0
4822 3934 0
4822 5855 1
4822 3447 0
4822 9064 0
4822 1159 0
4822 3729 0
4822 1687 0
4822 1197 0
4822 4822 0
4822 3802 0
4822 7373 0
4822 4899 0
4822 301 0
4822 827 0
4822 861 0
4822 863 0
4822 864 0
4822 866 0
4822 869 0
4822 870 0
4822 5994 0
4822 5366 0
4822 2956 1
4822 3986 0
4822 937 0
4822 3043 0
4822 19879 0
4822 17904 0
729 1576 0
729 5469 0
729 1620 0
729 5243 0
729 5247 0
729 6081 0
729 3225 0
729 3745 0
729 1197 0
729 1718 0
729 729 0
729 3336 0
729 2831 0
729 3354 0
729 3123 0
729 7224 0
729 915 0
729 3934 0
729 3986 0
729 5526 0
729 2967 0
729 2989 0
729 5044 0
729 14072 0
729 5885 0
2782 5254 0
2782 2956 1
2782 13200 0
2782 3986 0
2782 301 0
2782 2782 0
2793 301 0
2793 9012 0
2793 827 0
2793 7266 0
2793 1221 0
2793 1223 0
2793 1224 0
2793 15984 0
2793 5855 1
2793 7999 0
2793 18251 0
2793 3934 0
2793 1894 0
2793 16241 0
2793 3955 0
2793 8112 0
4846 18227 0
4846 3729 0
4846 7893 0
4846 3802 0
4846 9001 0
4846 9523 0
4846 4916 0
4846 9055 0
4846 915 0
4846 6068 0
4846 3036 1
4846 3041 0
2799 955 1
754 861 0
754 5855 1
754 864 0
6906 2989 0
6906 1620 0
6906 3934 0
6906 5855 1
6907 6915 0
6907 389 0
6907 5953 0
6907 3464 0
6907 2831 0
6907 2967 0
6907 3225 0
6907 2989 0
6907 3123 0
6907 1718 0
6907 6078 0
6907 6907 0
6907 1620 0
6907 3036 1
6907 5855 1
6907 8034 0
6907 3565 1
6915 2831 0
6915 2967 0
6915 3986 0
6915 1576 0
6915 7209 0
6915 3565 1
6915 2989 0
6915 827 0
6915 1864 0
6915 1620 0
6915 3036 1
6915 16241 0
6915 1653 0
6915 5247 0
8968 17460 0
8968 15945 0
8968 1687 0
8968 1218 0
8968 1223 0
8968 5855 1
8968 5366 0
8968 5885 0
8968 4899 0
8968 4916 0
8968 18234 0
8968 5944 0
8968 1371 0
8968 3986 0
8968 3447 0
8968 2948 0
8968 3522 0
8968 5613 0
8968 5615 0
2831 2989 0
2831 7209 0
2831 1620 0
2831 5247 0
2831 1718 0
2831 5855 1
2831 3844 0
2831 2831 0
2831 4972 0
2831 3464 0
2831 2956 1
2831 3986 0
2831 5469 0
2831 2967 0
2831 18332 0
2831 3036 1
15122 18227 0
15122 7893 0
15122 5855 1
15122 7521 0
4885 11294 0
4885 5108 0
4885 4885 0
15128 6068 0
15128 5855 1
4899 1552 0
4899 1221 0
4899 1223 0
4899 5855 1
4899 4899 0
4899 4916 0
4899 1371 0
4899 3934 0
1158 1197 0
1158 17460 0
1158 1894 0
1158 1158 0
1158 1159 0
1158 1687 0
1158 1221 0
1158 16087 0
1158 5855 1
1158 5874 0
1158 3893 0
1158 5994 0
1158 389 0
1158 2956 1
1158 915 0
1158 6081 0
1158 8143 0
1158 3043 0
2854 5788 0
2854 13463 0
2854 1765 0
9001 5855 1
9001 7931 0
9001 9001 0
9001 16326 0
9009 19879 0
9009 5657 0
9009 5469 0
9009 7231 1
9009 1620 0
9009 7300 0
9009 18332 0
9009 1221 0
9009 3782 0
9009 1223 0
9009 7373 0
9009 9943 0
9009 1765 0
9009 5885 0
9009 2327 0
9009 301 0
9009 9009 0
9009 827 0
9009 861 0
9009 863 0
9009 864 0
9009 866 0
9009 869 0
9009 5994 0
9009 5494 0
9009 4988 0
9009 3986 0
9009 5539 0
9009 6068 0
4916 16087 0
4916 5850 0
4916 301 0
4916 4916 0
4916 9012 0
4916 827 0
4916 4925 0
4916 4956 0
4916 4992 0
4916 5040 0
4916 5044 0
4916 5050 0
4916 13255 0
4916 7123 0
4916 13284 0
4916 7678 0
4916 15384 0
4916 5212 0
4916 7266 0
4916 1221 0
4916 1223 0
4916 1224 0
4916 3301 0
4916 5392 0
4916 1371 0
4916 5494 0
4916 3522 0
4916 5030 0
4916 1605 0
4916 1653 0
4916 1731 0
4916 3802 0
4916 5855 1
4916 1765 0
4916 5867 0
4916 7999 0
4916 18251 0
4916 3934 0
4916 6002 0
4916 3955 0
4916 6068 0
4916 6081 0
4916 8176 0
9012 1218 0
9012 5030 0
9012 301 0
9012 827 0
9012 6081 0
9012 5855 1
9012 3426 0
9012 3043 0
9012 1779 0
15162 7809 1
15162 7948 1
15162 7986 1
15162 1371 1
827 3447 0
827 5850 0
827 301 0
827 7633 0
827 827 0
827 4934 0
827 4956 0
827 4957 0
827 866 0
827 870 0
827 937 0
827 3043 0
827 861 0
827 1221 0
827 1223 0
827 1224 0
827 7373 0
827 3336 0
827 5469 0
827 19879 0
827 1478 0
827 1552 0
827 16308 0
827 1620 0
827 1653 0
827 3729 0
827 5788 0
827 1718 0
827 7893 0
827 1752 0
827 3802 0
827 5855 1
827 1779 0
827 3893 0
827 5994 0
827 6008 0
827 1927 0
827 1687 0
827 3986 0
827 18332 0
827 12954 0
827 8112 0
827 6068 0
827 6081 0
4925 12954 0
4925 17904 0
4925 18332 0
4925 1689 0
4925 5855 1
4925 1765 0
4925 3336 0
4925 4925 0
4925 3393 0
4925 5469 0
4925 3426 0
4925 3955 0
4925 1927 0
4925 3986 0
4925 8096 0
4925 7379 0
4925 5049 0
4925 6081 0
4925 10152 0
3893 1159 0
3893 1552 0
3893 1687 0
3893 5254 0
3893 1221 0
3893 3043 0
3893 16087 0
3893 5212 0
3893 861 0
3893 5855 1
3893 5613 0
3893 3141 0
4934 3352 0
4934 6068 0
4934 4934 0
4934 5855 1
4934 866 0
301 1552 0
301 6002 0
301 5469 0
301 5657 0
301 1620 0
301 7931 0
301 17460 0
301 1159 0
301 1687 0
301 1197 0
301 1751 0
301 5855 1
301 1779 0
301 3352 0
301 3354 0
301 301 0
301 2901 0
301 866 0
301 869 0
301 1894 0
301 5994 0
301 1927 0
301 8089 0
301 10152 0
301 6068 0
301 6078 0
301 3522 0
301 3043 0
4956 389 0
4956 15984 0
4956 4956 0
4956 4957 0
4956 863 0
4956 864 0
4956 866 0
4956 870 0
4956 5029 0
4956 7123 0
4956 13284 0
4956 5243 0
4956 1223 0
4956 1224 0
4956 21376 0
4956 861 0
4956 3354 0
4956 1371 0
4956 19808 0
4956 3426 0
4956 19879 0
4956 18332 0
4956 13220 0
4956 17904 0
4956 7678 0
4956 3601 0
4956 5850 0
4956 15945 0
4956 1620 0
4956 1653 0
4956 5788 0
4956 3745 0
4956 13255 0
4956 3782 0
4956 7893 0
4956 3802 0
4956 5855 1
4956 1765 0
4956 7986 0
4956 1927 0
4956 3986 0
4956 6081 0
4956 8131 0
861 3784 0
861 5494 0
861 5850 0
861 14072 0
861 12954 0
861 861 0
861 866 0
861 870 0
861 4972 0
861 4988 0
861 4992 0
861 5029 0
861 5030 0
861 937 0
861 5034 0
861 7083 0
861 5039 0
861 5040 0
861 5043 0
861 5044 0
861 5052 0
861 5089 0
861 3043 0
861 13284 0
861 4957 0
861 7224 0
861 3141 0
861 3142 0
861 5204 0
861 1159 0
861 4973 0
861 1221 0
861 1224 0
861 3336 0
861 5392 0
861 3354 0
861 5469 0
861 3426 0
861 19879 0
861 3508 0
861 10152 0
861 1552 0
861 3601 0
861 1605 0
861 1653 0
861 8129 0
861 1687 0
861 1689 0
861 5788 0
861 3745 0
861 1731 0
861 3782 0
861 3802 0
861 5855 1
861 5867 0
861 5874 0
861 1779 0
861 5944 0
861 5953 0
861 7480 0
861 8034 0
861 5994 0
861 5999 0
861 6008 0
861 1927 0
861 3986 0
861 6068 0
861 6078 0
861 6081 0
861 2724 0
9055 5039 0
9055 8112 0
9055 1371 0
9055 5043 0
9055 5243 0
9055 7809 0
9055 7300 0
9055 5254 0
9055 3745 0
9055 12968 0
9055 15384 0
9055 3782 0
9055 7893 0
9055 7480 0
9055 5953 0
9055 5980 0
9055 4972 0
9055 4973 0
9055 4988 0
9055 4992 0
9055 5029 0
9055 5030 0
9055 5034 0
9055 5040 0
9055 5044 0
9055 5049 0
9055 14072 0
864 1620 0
864 3729 0
864 1719 0
864 1217 0
864 1218 0
864 1221 0
864 1224 0
864 5850 0
864 3844 0
864 5855 1
864 5469 0
864 863 0
864 864 0
864 866 0
864 870 0
864 16241 0
864 6008 0
864 389 0
864 3986 0
864 6081 0
864 3043 0
864 5204 0
866 1552 0
866 5650 0
866 4957 0
866 3426 0
866 1687 0
866 7321 1
866 6081 0
866 1221 0
866 1224 0
866 5855 1
866 3352 0
866 3934 0
866 863 0
866 866 0
866 868 0
866 869 0
866 5469 0
866 3043 0
868 1552 0
868 5650 0
868 3729 0
868 1687 0
868 7321 1
868 5850 0
868 5855 1
868 5366 0
868 3352 0
868 3354 0
868 3934 0
868 19808 0
868 869 0
868 10152 0
868 868 0
868 7931 0
868 7552 0
869 3601 0
869 5650 0
869 7231 1
869 3142 0
869 15945 0
869 7931 0
869 1653 0
869 3729 0
869 1687 0
869 2724 0
869 1221 0
869 1224 0
869 3802 0
869 6081 0
869 3352 0
869 3354 0
869 5855 1
869 8002 0
869 5469 0
869 3934 0
869 869 0
869 7552 0
869 389 0
869 7321 1
869 3522 0
869 3043 0
869 7678 0
869 2901 0
870 1552 0
870 3601 0
870 5657 0
870 5049 0
870 5243 0
870 5204 0
870 1687 0
870 5788 0
870 1197 0
870 1221 0
870 1224 0
870 3802 0
870 5855 1
870 1267 0
870 14072 0
870 7948 0
870 3354 0
870 5850 0
870 1371 0
870 863 0
870 870 0
870 3447 0
870 3464 0
870 19879 0
870 937 0
870 5980 0
870 5039 0
870 6068 0
870 5052 0
870 6081 0
870 5029 0
870 5089 0
870 3043 0
870 5108 0
9064 1552 0
9064 3601 0
9064 3142 0
9064 1653 0
9064 5855 1
9064 5944 0
9064 9064 0
9064 3447 0
9064 389 0
9064 6068 0
9064 6078 0
4972 2724 0
4972 4972 0
4972 4973 0
4972 4988 0
4972 4992 0
4972 4998 0
4972 5029 0
4972 5030 0
4972 5034 0
4972 5039 0
4972 5040 0
4972 5043 0
4972 5044 0
4972 5049 0
4972 5050 0
4972 5052 0
4972 7114 0
4972 15384 0
4972 7224 0
4972 3141 0
4972 5243 0
4972 3225 0
4972 7480 0
4972 1371 0
4972 3426 0
4972 5539 0
4972 19879 0
4972 1605 0
4972 5850 0
4972 1653 0
4972 3729 0
4972 3782 0
4972 3784 0
4972 7893 0
4972 3802 0
4972 5855 1
4972 7986 0
4972 7999 0
4972 10152 0
4972 16308 0
4972 6078 0
4972 6081 0
4972 12968 0
4973 5039 0
4973 1371 0
4973 1605 0
4973 15945 0
4973 1653 0
4973 3248 0
4973 3782 0
4973 3784 0
4973 7893 0
4973 3802 0
4973 5855 1
4973 1765 0
4973 8112 0
4973 16308 0
4973 5850 0
4973 6078 0
4973 7986 0
4973 7480 0
4973 7224 0
4973 3426 0
4973 4988 0
4973 4992 0
4973 4998 0
4973 5029 0
4973 5030 0
4973 5034 0
4973 5040 0
4973 5043 0
4973 5044 0
4973 5049 0
4973 5050 0
4973 5052 0
4973 6081 0
4973 7114 0
4973 5539 0
4973 19879 0
21368 7999 0
21368 18146 0
4988 5039 0
4988 1605 0
4988 3426 0
4988 6078 0
4988 3782 0
4988 3784 0
4988 3802 0
4988 5855 1
4988 19879 0
4988 5850 0
4988 3886 0
4988 7986 0
4988 7480 0
4988 7224 0
4988 1371 0
4988 4992 0
4988 4998 0
4988 5030 0
4988 5034 0
4988 5040 0
4988 5043 0
4988 5044 0
4988 5049 0
4988 5050 0
4988 5052 0
4988 7114 0
4988 5539 0
4988 6068 0
4988 5029 0
21376 3986 0
21376 7321 1
21376 4957 0
21376 1653 0
2948 1687 0
2948 3352 0
2948 5855 1
2948 11236 0
2948 5366 0
4998 1605 0
4998 3426 0
4998 19879 0
4998 1653 0
4998 3782 0
4998 3784 0
4998 3802 0
4998 5855 1
4998 6078 0
4998 5850 0
4998 7986 0
4998 7480 0
4998 18234 0
4998 4992 0
4998 5029 0
4998 5030 0
4998 5034 0
4998 5039 0
4998 5040 0
4998 5043 0
4998 5044 0
4998 5049 0
4998 5050 0
4998 5052 0
4998 7123 0
2956 1159 1
2956 2956 2
2956 2967 1
2956 1180 1
2956 11294 1
2956 5657 1
2956 3522 1
2956 3308 1
2956 1267 1
2956 1268 1
5613 3986 0
5613 3522 0
5613 5855 1
5613 13412 0
5613 5613 0
5613 5615 0
5613 5366 0
13200 1605 0
13200 1268 0
13200 3354 0
13200 6002 0
13200 13200 0
13200 3986 0
13200 8112 0
13200 5204 0
9105 5855 1
915 3072 1
915 6068 0
915 3141 0
915 5052 0
915 2724 0
915 3248 0
915 1221 0
915 5867 0
915 3844 0
915 7496 0
915 5980 0
915 5994 0
915 6002 0
915 915 0
915 14072 0
915 13284 0
7321 7552 1
7321 1552 1
7321 5650 1
7321 2327 1
7321 15575 1
7321 17904 1
7321 10152 1
7321 17460 1
7321 1731 1
7321 1221 1
7321 1223 1
7321 1224 1
7321 1752 1
7321 19808 1
7321 5392 1
7321 7931 1
21401 3986 1
21401 21401 2
17308 3141 0
17308 5212 0
17308 7809 0
17308 5855 1
17308 7989 1
17308 1371 0
17308 8034 0
17308 4957 0
17308 1687 0
13220 1605 0
13220 13220 0
13220 1751 0
13220 3301 0
13220 1268 0
13220 7496 0
13220 1927 0
13220 3986 0
13220 8131 0
13220 17904 0
5029 3782 0
5029 2724 0
5029 12968 0
5029 4957 0
5029 4992 0
5029 5030 0
5029 5034 0
5029 7083 0
5029 5039 0
5029 5040 0
5029 5043 0
5029 5044 0
5029 5049 0
5029 5050 0
5029 5052 0
5029 11236 0
5029 15384 0
5029 3141 0
5029 5243 0
5029 3225 0
5029 7480 0
5029 1371 0
5029 3426 0
5029 19879 0
5029 3802 0
5029 16308 0
5029 1605 0
5029 1653 0
5029 3784 0
5029 7893 0
5029 5850 0
5029 5855 1
5029 5885 0
5029 7986 0
5029 5953 0
5029 1927 0
5029 3986 0
5029 18332 0
5029 10152 0
5029 8112 0
5029 6068 0
5029 6078 0
5029 6081 0
5030 5039 0
5030 8112 0
5030 3141 0
5030 6078 0
5030 5243 0
5030 7300 0
5030 18332 0
5030 3225 0
5030 2724 0
5030 16241 0
5030 3802 0
5030 5855 1
5030 1765 0
5030 5885 0
5030 7893 0
5030 7986 0
5030 7480 0
5030 18234 0
5030 5953 0
5030 3426 0
5030 4992 0
5030 5034 0
5030 5040 0
5030 5043 0
5030 5044 0
5030 5049 0
5030 5050 0
5030 5052 0
5030 6081 0
5030 5539 0
5030 11236 0
5030 19879 0
937 3601 0
937 1221 0
937 1224 0
937 5855 1
937 1371 0
937 5980 0
937 3447 0
937 389 0
937 6068 0
5034 5039 0
5034 8112 0
5034 1605 0
5034 6078 0
5034 7083 0
5034 3782 0
5034 3784 0
5034 7893 0
5034 3802 0
5034 5855 1
5034 5850 0
5034 7986 0
5034 7480 0
5034 18234 0
5034 5953 0
5034 7224 0
5034 1371 0
5034 3426 0
5034 4992 0
5034 5040 0
5034 5043 0
5034 5044 0
5034 5049 0
5034 5050 0
5034 5052 0
5034 7114 0
5034 5539 0
5034 11236 0
5034 19879 0
5034 5615 0
5034 7678 0
2987 1687 0
2987 2967 0
2987 3354 0
2987 2987 0
2987 7231 1
2987 5855 1
2987 5885 0
2989 7209 0
2989 1620 0
2989 5247 0
2989 1197 0
2989 1718 0
2989 1221 0
2989 1223 0
2989 1224 0
2989 3844 0
2989 3354 0
2989 1864 0
2989 3986 0
2989 2967 0
2989 19879 0
2989 2989 0
2989 3036 1
2989 5108 0
11182 13463 0
11182 6068 0
11182 7633 0
11182 13284 0
11182 1653 0
5039 8112 0
5039 1605 0
5039 3426 0
5039 6078 0
5039 3782 0
5039 3784 0
5039 7373 0
5039 7379 0
5039 3802 0
5039 5855 1
5039 5850 0
5039 7986 0
5039 7999 0
5039 5953 0
5039 7224 0
5039 1371 0
5039 4992 0
5039 7480 0
5039 5040 0
5039 5043 0
5039 5044 0
5039 5049 0
5039 5050 0
5039 5052 0
5039 7114 0
5039 5539 0
5039 11236 0
5039 19879 0
5040 1605 0
5040 6078 0
5040 3782 0
5040 3784 0
5040 3802 0
5040 5855 1
5040 5850 0
5040 7986 0
5040 7480 0
5040 5953 0
5040 3426 0
5040 4992 0
5040 8112 0
5040 5043 0
5040 5044 0
5040 5049 0
5040 5050 0
5040 5052 0
5040 11236 0
5040 19879 0
5043 15384 0
5043 8112 0
5043 1605 0
5043 3426 0
5043 5052 0
5043 5243 0
5043 3225 0
5043 2724 0
5043 12968 0
5043 1221 0
5043 3782 0
5043 3784 0
5043 3802 0
5043 7986 0
5043 5855 1
5043 7893 0
5043 5850 0
5043 7480 0
5043 5953 0
5043 4992 0
5043 3141 0
5043 5044 0
5043 5049 0
5043 5050 0
5043 6081 0
5043 11236 0
5043 19879 0
5043 10152 0
5044 19879 0
5044 8112 0
5044 1605 0
5044 5243 0
5044 5247 0
5044 7300 0
5044 6081 0
5044 3225 0
5044 2724 0
5044 3802 0
5044 5855 1
5044 1765 0
5044 6078 0
5044 7986 0
5044 7480 0
5044 18234 0
5044 3426 0
5044 12954 0
5044 4992 0
5044 3141 0
5044 5044 0
5044 5049 0
5044 5050 0
5044 5052 0
5044 5539 0
5044 11236 0
5049 8112 0
5049 6068 0
5049 3426 0
5049 3782 0
5049 7373 0
5049 7893 0
5049 5855 1
5049 18146 0
5049 1765 0
5049 7986 0
5049 7480 0
5049 18234 0
5049 5953 0
5049 4992 0
5049 3986 0
5049 5050 0
5049 5052 0
5049 11236 0
5049 19879 0
5050 3426 0
5050 1687 0
5050 3782 0
5050 7379 0
5050 7893 0
5050 3802 0
5050 5855 1
5050 7986 0
5050 7480 0
5050 18234 0
5050 4992 0
5050 5052 0
955 1221 1
955 3782 1
955 1224 1
955 7317 1
955 3141 1
5052 5469 0
5052 6068 0
5052 1718 0
5052 15945 0
5052 1620 0
5052 7317 0
5052 6008 0
5052 7986 0
5052 5855 1
5052 1765 0
5052 5885 0
5052 3844 0
5052 3352 0
5052 3886 0
5052 11236 0
5052 3426 0
5052 3447 0
5052 3729 0
5052 4992 0
5052 5052 0
5052 7480 0
5052 3043 0
5052 19879 0
13255 3986 0
13255 3354 0
13255 18332 0
13255 4957 0
13255 3426 0
13255 1653 0
7114 7224 0
7114 1605 0
7114 5855 1
7114 5857 0
7114 7480 0
7114 1371 0
7114 4992 0
7114 3986 0
7123 3986 0
7123 4957 0
7123 5855 1
7123 1221 0
7123 1224 0
7123 15945 0
7123 1645 0
9172 1620 0
9172 1653 0
9172 7379 0
9172 3844 0
3036 1027 1
3036 1576 1
3036 7209 1
3036 3123 1
3036 3141 1
3036 1620 1
3036 5247 1
3036 5289 1
3036 1718 1
3036 1719 1
3036 3784 1
3036 15575 1
3036 5885 1
3036 3336 1
3036 5928 1
3036 3036 2
3036 3886 1
3036 1864 1
3036 2901 1
3036 5469 1
3036 3464 1
3036 5527 1
3036 5526 1
3036 2967 1
3036 1779 1
3036 6068 1
3036 6078 1
3036 3565 2
3036 8176 1
3041 5243 0
3041 20125 0
3041 174 0
3041 1218 0
2488 3426 0
2488 2488 0
13284 4957 0
13284 15945 0
13284 1620 0
13284 5254 0
13284 3745 0
13284 7893 0
13284 5855 1
13284 7407 0
13284 1779 0
13284 3336 0
13284 7986 0
13284 5953 0
13284 1927 0
13284 3986 0
13284 16308 0
13284 8129 0
13284 8131 0
7149 5469 0
7149 5855 1
1009 3844 0
1009 12954 0
1009 3141 0
1009 3142 0
1009 5855 1
1009 1009 0
5108 5254 0
5108 3225 0
5108 1197 0
5108 3264 1
5108 1751 0
5108 5855 1
5108 5108 0
2901 4059 0
2901 1576 0
2901 7209 0
2901 1718 0
2901 1719 0
2901 3264 1
2901 2901 0
2901 1251 0
2901 5247 0
3072 7496 1
3072 8143 1
3072 5469 1
1027 1027 0
174 5727 0
174 1180 0
174 174 0
174 3308 0
174 7986 0
174 1371 0
174 19808 0
174 389 0
174 5788 0
174 7083 0
174 16308 0
5143 1689 0
5143 12954 0
5143 8051 0
5143 1653 0
15384 7317 0
15384 12968 0
15384 5855 1
15384 7480 0
15384 16241 0
15384 4992 0
15384 3986 0
15384 19879 0
15384 10152 0
11294 2724 0
11294 11294 0
11294 1927 0
11294 7633 0
11294 3679 0
11294 1731 0
11294 20248 0
11294 14278 0
13346 13346 0
7204 3844 0
7204 3729 0
7204 1687 0
7204 5204 0
7204 7204 0
7204 5855 1
7209 3464 0
7209 2967 0
7209 3225 0
7209 3886 0
7209 6078 0
7209 1218 0
7209 1620 0
7209 1653 0
7209 5885 0
17451 3225 0
17451 7379 0
17451 1268 0
17451 18332 0
17451 6068 0
17451 2724 0
17451 8176 0
4957 389 0
4957 15984 0
4957 5243 0
4957 1223 0
4957 1371 0
4957 19808 0
4957 3426 0
4957 19879 0
4957 17904 0
4957 7678 0
4957 3601 0
4957 5850 0
4957 1620 0
4957 1653 0
4957 3782 0
4957 3802 0
4957 5855 1
4957 1765 0
4957 5862 0
4957 7986 0
4957 1927 0
4957 8112 0
4957 8129 0
4957 3745 0
3123 8070 1
3123 3336 0
3123 5469 0
3123 3225 0
3123 1576 0
3123 5526 0
3123 1752 0
3123 3123 0
17460 3354 0
17460 3141 0
17460 5855 1
17460 16241 0
7224 7224 0
7224 1605 0
7224 7893 0
7224 5855 1
7224 1765 0
7224 5885 0
7224 3844 0
7224 7480 0
7224 1371 0
7224 8034 0
7224 4992 0
7224 8096 0
7224 6068 0
7224 6078 0
7224 11236 0
863 3426 0
863 3729 0
863 5788 0
863 17520 0
863 1221 0
863 1224 0
863 5855 1
863 3336 0
863 3354 0
863 5850 0
863 5469 0
863 6008 0
863 3986 0
863 10152 0
863 6068 0
863 6081 0
863 3043 0
7231 15498 1
7231 1221 1
7231 1620 1
7231 7782 1
7231 14072 1
3141 16308 0
3141 3141 0
3141 3142 0
3141 3144 0
3141 1620 0
3141 3225 0
3141 1653 0
3141 5243 0
3141 2724 0
3141 17904 0
3141 3248 0
3141 1718 0
3141 3802 0
3141 5855 1
3141 19879 0
3141 7931 0
3141 2327 0
3141 3354 0
3141 3934 0
3141 3426 0
3141 5994 0
3141 3986 0
3141 3729 0
3141 8112 0
3141 6081 0
3141 20125 0
3141 18332 0
3141 11236 0
3141 5885 0
3141 7893 0
3142 3142 0
3142 3144 0
3142 3729 0
3142 1687 0
3142 1689 0
3142 16241 0
3142 7893 0
3142 5855 1
3142 1765 0
3142 3986 0
3142 8112 0
3142 16308 0
3142 3043 0
3142 3426 0
3144 1653 0
3144 3729 0
3144 1221 0
3144 5855 1
1100 5615 0
1100 1552 0
1100 5855 1
1100 7452 0
5204 5204 0
5204 3729 0
5204 1687 0
5204 1653 0
5204 1221 0
5204 3784 0
5204 1751 0
5204 5855 1
5204 5885 0
5204 3426 0
5204 3986 0
5204 19879 0
5204 8112 0
5204 6078 0
5204 3522 0
5212 5657 0
5212 19879 0
5212 15945 0
5212 7266 0
5212 5212 0
5212 5217 0
5212 1653 0
5212 7300 0
5212 5254 0
5212 2724 0
5212 3782 0
5212 7893 0
5212 5850 0
5212 5855 1
5212 1765 0
5212 1779 0
5212 5392 0
5212 2327 0
5212 7986 0
5212 7999 0
5212 5994 0
5212 3955 0
5212 3986 0
5212 12954 0
5212 18332 0
5212 8112 0
5212 16308 0
5212 11236 0
5212 7678 0
5217 7266 0
5217 1653 0
5217 7300 0
5217 7893 0
5217 5855 1
5217 1765 0
5217 5392 0
5217 7986 0
5217 7999 0
5217 3955 0
5217 3986 0
5217 12954 0
5217 16308 0
5217 7678 0
7266 3601 0
7266 7266 0
7266 7300 0
7266 3782 0
7266 7893 0
7266 5855 1
7266 5392 0
7266 7986 0
7266 7999 0
7266 3934 0
7266 5994 0
7266 3986 0
7266 12954 0
7266 16308 0
7266 7678 0
13412 5615 0
13412 5855 1
13412 13412 0
13412 1765 0
17520 8112 0
17520 16308 0
17520 7893 0
17520 3308 0
17520 3565 1
5243 2724 0
5243 3043 0
5243 11236 0
5243 5247 0
5243 1159 0
5243 7317 0
5243 3225 0
5243 7373 0
5243 3426 0
5243 5539 0
5243 19879 0
5243 1605 0
5243 1620 0
5243 1645 0
5243 1653 0
5243 3729 0
5243 3802 0
5243 5855 1
5243 5885 0
5243 3886 0
5243 7986 0
5243 5944 0
5243 5953 0
5243 3986 0
5243 18332 0
5243 8112 0
5243 6068 0
5243 6081 0
5247 19879 0
5247 1576 0
5247 1718 0
5247 14072 0
5247 1620 0
5247 3225 0
5247 3745 0
5247 1197 0
5247 3248 0
5247 1719 0
5247 3307 0
5247 3336 0
5247 1371 0
5247 5469 0
5247 3986 0
5247 5526 0
5247 2967 0
5247 8089 0
5247 1478 0
5247 5089 0
5247 3565 1
7300 6068 0
7300 7300 0
7300 3264 1
7300 5392 0
7300 16308 0
7300 7999 0
7300 3986 0
7300 12954 0
7300 7678 0
5254 5254 0
5254 1159 0
5254 7317 0
5254 1224 0
5254 15575 0
5254 7414 0
5254 3664 1
5254 3782 0
5254 7893 0
5254 5867 0
5254 14072 0
5254 18191 0
5254 5944 0
5254 18251 0
5254 16241 0
5254 3986 0
5254 8112 0
5254 16308 0
1159 1197 0
1159 1605 0
1159 1159 0
1159 1687 0
1159 5289 0
1159 1221 0
1159 1223 0
1159 7379 0
1159 1751 0
1159 6081 0
1159 3354 0
1159 5994 0
1159 389 0
1159 2724 0
1159 3043 0
7317 3844 0
7317 2967 0
7317 5994 0
7317 3352 0
7317 3354 0
7317 7452 0
7317 19808 0
7317 1620 0
7317 3782 0
7317 16087 0
7317 5980 0
7317 3986 0
7317 10152 0
13463 13463 0
13463 3745 0
13463 5855 1
13463 6068 0
3225 1576 0
3225 6081 0
3225 3225 0
3225 1197 0
3225 1224 0
3225 3336 0
3225 3354 0
3225 3802 0
3225 3886 0
3225 3934 0
3225 6002 0
3225 8070 1
3225 19879 0
3225 2724 0
3225 8176 0
1180 1689 0
1180 1180 0
1180 1197 0
1180 5855 1
1180 3393 0
1180 7633 0
5289 9523 0
5289 6078 0
5289 5994 0
1197 1605 0
1197 1620 0
1197 1653 0
1197 1687 0
1197 2724 0
1197 1197 0
1197 3264 1
1197 1221 0
1197 1223 0
1197 1224 0
1197 7893 0
1197 1751 0
1197 5855 1
1197 1765 0
1197 7809 0
1197 3354 0
1197 3886 0
1197 3955 0
1197 389 0
1197 1927 0
1197 16308 0
1197 3043 0
3248 1620 0
3248 3248 0
3248 1221 0
3248 1223 0
3248 3784 0
3248 15945 0
3248 6081 0
3955 19879 0
3955 1653 0
3955 1221 0
3955 1223 0
3955 5850 0
3955 7893 0
3955 3802 0
3955 5855 1
3955 3986 0
3955 16308 0
3264 1576 1
3264 18332 1
3264 9523 1
3264 7633 1
3264 4059 1
3264 1251 1
1217 1218 0
1217 5855 1
1217 3844 0
1217 3354 0
1217 389 0
1218 1653 0
1218 16241 0
1218 1218 0
1218 1224 0
1218 5855 1
1218 8034 0
1218 3986 0
1221 3426 0
1221 5850 0
1221 12954 0
1221 3043 0
1221 1221 0
1221 1223 0
1221 1224 0
1221 3336 0
1221 5392 0
1221 5469 0
1221 5494 0
1221 5539 0
1221 19879 0
1221 5657 0
1221 15945 0
1221 1620 0
1221 1645 0
1221 1653 0
1221 3729 0
1221 1731 0
1221 3784 0
1221 7893 0
1221 3802 0
1221 5855 1
1221 3886 0
1221 18234 0
1221 3986 0
1221 16308 0
1221 6078 0
1221 3745 0
1223 5657 0
1223 8112 0
1223 1645 0
1223 3729 0
1223 1731 0
1223 1224 0
1223 3802 0
1223 5855 1
1223 5850 0
1223 3886 0
1223 19808 0
1223 3986 0
1223 5494 0
1223 3522 0
1223 3043 0
1223 11236 0
1224 19879 0
1224 16308 0
1224 15945 0
1224 7521 0
1224 1645 0
1224 1224 0
1224 1751 0
1224 5855 1
1224 5857 0
1224 1779 0
1224 7893 0
1224 3336 0
1224 3886 0
1224 5994 0
1224 5494 0
1224 3986 0
1224 6068 0
1224 3784 0
7373 7948 0
7373 14072 0
7373 1687 0
7373 8069 0
7373 2724 0
7373 7373 0
7373 7893 0
7373 5855 1
7373 5944 0
7373 18251 0
7373 1371 0
7373 5980 0
7373 5994 0
7373 5539 0
7373 6081 0
7379 6068 0
7379 1620 0
7379 18332 0
7379 7379 0
7379 3426 0
7379 16241 0
7379 3986 0
15575 3986 0
15575 5526 0
15575 1751 0
15575 5615 0
15581 7633 0
1251 1687 0
3300 3300 0
3300 3307 0
3300 3308 0
3301 8096 0
3301 17904 0
3301 6078 0
3301 6002 0
3301 1653 0
3307 1620 0
3307 5392 0
3307 5469 0
3307 3307 0
3307 8089 0
3307 18332 0
3308 3308 0
7407 5771 1
7407 1620 0
7407 3934 0
7407 5885 0
5360 5855 1
1267 18332 0
1267 1267 0
1267 1268 0
1268 18332 0
1268 8112 0
5366 3729 0
5366 1687 0
5366 1752 0
5366 5855 1
5366 5366 0
5366 8069 0
5366 5469 0
5366 389 0
5366 3522 0
5366 3043 0
5366 5615 0
4992 1605 0
4992 12968 0
4992 5494 0
4992 3782 0
4992 3784 0
4992 3802 0
4992 5855 1
4992 1765 0
4992 5850 0
4992 7986 0
4992 7480 0
4992 5953 0
4992 1371 0
4992 3426 0
4992 11236 0
4992 19879 0
4992 10152 0
3336 1576 0
3336 1620 0
3336 1653 0
3336 3745 0
3336 9943 0
3336 5855 1
3336 3336 0
3336 7986 0
3336 5980 0
3336 3986 0
3336 5469 0
13582 5855 1
13582 5857 0
13582 19879 0
5392 15945 0
5392 3729 0
5392 7893 0
5392 5850 0
5392 1779 0
5392 3352 0
5392 3354 0
5392 7986 0
5392 7999 0
5392 3986 0
5392 12954 0
5392 16308 0
5392 6078 0
5392 7678 0
3352 1687 0
3352 5855 1
3352 1765 0
3352 7931 0
3352 3844 0
3352 3352 0
3352 3354 0
3352 10152 0
3352 11236 0
3354 3043 0
3354 11236 0
3354 3354 0
3354 3447 0
3354 7633 0
3354 1576 0
3354 5727 0
3354 6081 0
3354 3729 0
3354 1687 0
3354 1689 0
3354 1751 0
3354 5855 1
3354 5867 0
3354 7931 0
3354 3844 0
3354 1822 0
3354 3934 0
3354 8034 0
3354 1894 0
3354 1927 0
3354 8089 0
7452 5539 0
7452 6078 0
7452 5855 1
7452 1687 0
9523 1620 0
7480 2724 0
7480 12968 0
7480 11236 0
7480 7480 0
7480 7496 0
7480 1371 0
7480 3426 0
7480 5539 0
7480 19879 0
7480 1605 0
7480 5850 0
7480 1620 0
7480 1653 0
7480 3782 0
7480 3784 0
7480 7893 0
7480 3802 0
7480 5855 1
7480 14072 0
7480 3886 0
7480 7986 0
7480 5953 0
7480 18332 0
7480 10152 0
7480 8112 0
7480 6068 0
3393 3986 0
3393 7986 0
3393 16241 0
3393 7893 0
3393 5855 1
3393 19808 0
3393 19879 0
3393 3043 0
3393 11236 0
7496 7496 0
7496 3986 0
1371 2327 0
1371 7083 0
1371 1371 0
1371 5539 0
1371 1552 0
1371 1605 0
1371 7809 0
1371 3729 0
1371 1687 0
1371 7893 0
1371 5855 1
1371 1765 0
1371 5885 0
1371 8034 0
1371 6008 0
1371 3986 0
1371 8089 0
1371 8112 0
1371 16308 0
5469 1927 0
5469 1478 0
5469 2967 0
5469 5469 0
5469 5526 0
5469 5527 0
5469 1576 0
5469 1620 0
5469 1683 0
5469 1687 0
5469 1718 0
5469 1719 0
5469 1751 0
5469 1752 0
5469 5855 1
5469 1765 0
5469 5885 0
5469 3844 0
5469 3886 0
5469 5980 0
5469 7633 0
5469 3986 0
5469 8176 0
19808 7552 0
19808 5650 0
19808 1653 0
19808 1689 0
19808 5857 0
19808 1765 0
19808 7931 0
19808 8089 0
19808 8112 0
7521 5788 0
7521 5855 1
3426 16308 0
3426 389 0
3426 14072 0
3426 2730 0
3426 5089 0
3426 3426 0
3426 5539 0
3426 19879 0
3426 3508 0
3426 5650 0
3426 1605 0
3426 6081 0
3426 1687 0
3426 3745 0
3426 3782 0
3426 3784 0
3426 3802 0
3426 1765 0
3426 5867 0
3426 18191 0
3426 18234 0
3426 5980 0
3426 1894 0
3426 1927 0
3426 3986 0
3426 8112 0
3426 6068 0
3426 2724 0
3426 8176 0
5494 15945 0
5494 1653 0
5494 3745 0
5494 1765 0
5494 5885 0
5494 3802 0
5494 5494 0
5494 3986 0
5494 19879 0
5494 8112 0
5494 6078 0
5494 11236 0
3447 389 0
3447 5980 0
3447 1552 0
3447 1687 0
3447 5855 1
3447 3447 0
7552 5855 1
7552 7931 0
7552 3986 0
3464 5885 0
3464 3844 0
3464 3464 0
3464 1687 0
3464 3522 0
2967 1576 0
2967 3886 0
2967 3986 0
2967 5526 0
2967 2967 0
5526 5526 0
5526 1687 0
5526 17904 0
5526 1576 0
5526 1620 0
5526 1751 0
5526 1752 0
5526 3986 0
5527 1687 0
5527 1576 0
5527 1751 0
5527 5855 1
5527 3043 0
5527 5527 0
7580 5657 0
7580 8112 0
7580 5855 1
7580 16241 0
7580 5885 0
5539 19879 0
5539 1605 0
5539 5953 0
5539 7782 0
5539 6078 0
5539 8129 0
5539 2724 0
5539 3802 0
5539 5855 1
5539 14072 0
5539 3886 0
5539 5980 0
5539 5994 0
5539 8069 0
5539 5615 0
5539 5539 0
5539 5999 0
19879 3784 0
19879 5850 0
19879 18251 0
19879 19879 0
19879 16308 0
19879 1605 0
19879 1653 0
19879 1687 0
19879 3782 0
19879 7893 0
19879 3802 0
19879 5855 1
19879 1765 0
19879 5885 0
19879 7986 0
19879 18234 0
19879 5980 0
19879 1927 0
19879 3986 0
19879 18332 0
19879 8112 0
19879 6068 0
19879 6081 0
19879 2724 0
19879 8176 0
389 1552 0
389 3601 0
389 1653 0
389 7809 0
389 1687 0
389 5850 0
389 5855 1
389 5874 0
389 5885 0
389 3934 0
389 1765 0
389 389 0
389 8112 0
389 6068 0
389 6078 0
3508 8069 0
3508 1689 0
3508 18146 0
3508 3508 0
3508 6078 0
3508 7893 0
3508 5855 1
3508 5885 0
3522 5850 0
3522 5855 1
3522 1765 0
3522 3802 0
3522 3522 0
3522 5615 0
7414 16308 0
7414 3729 0
7414 3745 0
7414 5855 1
7414 5867 0
7414 5885 0
7414 3844 0
7414 5994 0
7414 1927 0
7414 7633 0
7414 11236 0
1478 1620 0
1478 3784 0
1478 3986 0
1478 18332 0
1478 7633 0
7633 5089 0
7633 7633 0
7633 3565 1
7633 20125 0
7633 3784 0
7633 3802 0
7633 5857 0
7633 1765 0
7633 5874 0
7633 5994 0
7633 5999 0
7633 16241 0
7633 8069 0
7633 8090 0
7633 8096 0
7633 6081 0
7642 5855 1
1511 1552 0
1511 5994 0
1511 5855 1
1511 1653 0
3565 5771 2
5615 3601 0
5615 3729 0
5615 5855 1
5615 1822 0
5615 1918 0
17904 8096 0
17904 8112 0
17904 8131 0
17904 17904 0
17904 1765 0
5625 18227 0
5625 5625 0
7678 7893 0
7678 5850 0
7678 5855 1
7678 1779 0
7678 7999 0
7678 1927 0
7678 3986 0
7678 12954 0
7678 16308 0
7678 3043 0
7083 3782 0
7083 5855 1
7083 5874 0
7083 18191 0
7083 8090 0
7083 7083 0
7083 6081 0
1552 1552 0
1552 1687 0
1552 5855 1
1552 1894 0
1552 6078 0
3601 3601 0
3601 3729 0
3601 5788 0
3601 5855 1
3601 5874 0
3601 3986 0
3601 3043 0
5650 3886 0
5657 5657 0
5657 1687 0
5657 5855 1
5657 5994 0
5657 1927 0
5657 3986 0
1576 1576 0
1576 1620 0
1576 3745 0
1576 5885 0
1576 3986 0
6068 16308 0
6068 2724 0
6068 11236 0
6068 8112 0
6068 1653 0
6068 7893 0
6068 5850 0
6068 5855 1
6068 5862 0
6068 1779 0
6068 5885 0
6068 3886 0
6068 5944 0
6068 5980 0
6068 16241 0
6068 3986 0
6068 18332 0
6068 12954 0
6068 6068 0
6068 6081 0
5727 3729 0
5727 5727 0
1605 8112 0
1605 1605 0
1605 1687 0
1605 3782 0
1605 3784 0
1605 3802 0
1605 5855 1
1605 2327 0
1605 5850 0
1605 3986 0
1605 2724 0
1605 3043 0
1605 11236 0
5850 16308 0
5850 1653 0
5850 5994 0
5850 3729 0
5850 3782 0
5850 3784 0
5850 7893 0
5850 3802 0
5850 5850 0
5850 3986 0
5850 5855 1
5850 3043 0
15945 1653 0
15945 1687 0
15945 1731 0
15945 5855 1
15945 5867 0
15945 6032 0
15945 12954 0
15945 5089 0
15945 8176 0
3664 8069 1
1620 14072 0
1620 1894 0
1620 18191 0
1620 1620 0
1620 1689 0
1620 1718 0
1620 1719 0
1620 5855 1
1620 1765 0
1620 5867 0
1620 3844 0
1620 5953 0
1620 8002 0
1620 1864 0
1620 5980 0
1620 6008 0
1620 8070 1
1620 6032 0
1620 3986 0
1620 18332 0
1620 8112 0
1620 8131 0
1620 2724 0
3679 1927 0
3679 3679 0
7782 3986 0
1645 3986 0
1645 8112 0
1645 14072 0
9943 5855 1
9943 5857 0
15984 5855 1
1653 1653 0
1653 1731 0
1653 1751 0
1653 18146 0
1653 1765 0
1653 1779 0
1653 1814 0
1653 18234 0
1653 3729 0
1653 20125 0
1653 3784 0
1653 3802 0
1653 3986 0
1653 12954 0
1653 5855 1
1653 5867 0
1653 5999 0
1653 6078 0
1653 14278 0
1653 7893 0
1653 7986 0
1653 8002 0
1653 8034 0
1653 16241 0
1653 8070 1
1653 16308 0
1653 8131 0
1653 8176 0
7809 7809 0
7809 3802 0
7809 5855 1
7809 8034 0
7809 3986 0
6081 12954 0
6081 2724 0
6081 3043 0
6081 11236 0
6081 3802 0
6081 5855 1
6081 7986 0
6081 18234 0
6081 3986 0
6081 18332 0
6081 6081 0
2327 3745 0
2327 3802 0
2327 5855 1
2327 2327 0
2327 3886 0
2327 8034 0
2327 8089 0
2327 12954 0
3729 2724 0
3729 3043 0
3729 10152 0
3729 3729 0
3729 1687 0
3729 3784 0
3729 3802 0
3729 5855 1
3729 5953 0
3729 5980 0
3729 1894 0
3729 8051 0
3729 1927 0
3729 8090 0
3729 8112 0
3729 6078 0
1687 3043 0
1687 5771 1
1687 1687 0
1687 3784 0
1687 1751 0
1687 1752 0
1687 5855 1
1687 5857 0
1687 1765 0
1687 3886 0
1687 3934 0
1687 1894 0
1687 5994 0
1687 6078 0
1689 3745 0
1689 5874 0
1689 3986 0
5788 5788 0
5788 5855 1
5788 18146 0
5788 1779 0
20125 20125 0
20125 5855 1
3745 5994 0
3745 3745 0
3745 3784 0
3745 3802 0
3745 5855 1
3745 5867 0
3745 7986 0
3745 6002 0
3745 1927 0
3745 3986 0
3745 8112 0
3745 8129 0
3745 8131 0
16326 7999 0
16326 5855 1
16038 5855 1
7849 7849 0
7849 5855 1
1718 1718 0
1718 1719 0
1718 5980 0
1718 8070 1
1719 1719 0
1719 3844 0
1719 8070 1
1731 10152 0
1731 3934 0
1731 5855 1
1731 5885 0
1731 1779 0
20165 5855 1
3782 3784 0
3782 12954 0
3782 3043 0
3782 3802 0
3782 5855 1
3782 1765 0
3782 7986 0
3782 7999 0
3782 5994 0
3782 3986 0
3782 18332 0
3782 10152 0
3782 6078 0
3784 3784 0
3784 7893 0
3784 5855 1
3784 5885 0
3784 8112 0
3784 3802 0
3784 3986 0
7893 7893 0
7893 3802 0
7893 14072 0
7893 16308 0
7893 5855 1
7893 1765 0
7893 5867 0
7893 18251 0
7893 8034 0
7893 6002 0
7893 6008 0
7893 1927 0
7893 12954 0
7893 8131 0
7893 2724 0
1751 1751 0
1751 1752 0
1751 3802 0
1751 5855 1
1751 18234 0
1751 5994 0
1751 3043 0
1752 1752 0
1752 5855 1
1752 3043 0
1752 1765 0
3802 2724 0
3802 3802 0
3802 5855 1
3802 1779 0
3802 7986 0
3802 11236 0
3802 3986 0
3802 8112 0
3802 16308 0
3802 6078 0
5855 12968 1
5855 14072 1
5855 7986 1
5855 5089 1
5855 11236 1
5855 8034 1
5855 5999 1
5855 8051 1
5855 10152 1
5855 18191 1
5855 5855 2
5855 5857 1
5855 1765 1
5855 5867 1
5855 5874 1
5855 1779 1
5855 7948 1
5855 1814 1
5855 20248 1
5855 3886 1
5855 5944 1
5855 18234 1
5855 5953 1
5855 18251 1
5855 16308 1
5855 5980 1
5855 1894 1
5855 5994 1
5855 16241 1
5855 6002 1
5855 6008 1
5855 1918 1
5855 1927 1
5855 10904 1
5855 8089 1
5855 8090 1
5855 8096 1
5855 8176 1
5855 8112 1
5855 6078 1
5857 3844 0
18146 18146 0
18146 18234 0
18146 7999 0
18146 3986 0
1765 3043 0
1765 8096 0
1765 1765 0
1765 1779 0
1765 7999 0
1765 3986 0
1765 16308 0
5862 8096 0
5862 12968 0
5862 8129 0
5862 8131 0
5862 5862 0
5867 5867 0
5867 7986 0
5867 3986 0
5867 16308 0
5867 3043 0
5874 5874 0
5874 6078 0
1779 5980 0
1779 1779 0
1779 8034 0
1779 16241 0
1779 8112 0
14072 11236 0
14072 5953 0
14072 5944 0
14072 7986 0
14072 5885 0
14072 3886 0
14072 18332 0
14072 3986 0
14072 10152 0
14072 16308 0
14072 2724 0
14072 8176 0
5885 1894 0
5885 5885 0
5885 11236 0
5885 5980 0
5885 5994 0
5885 5999 0
5885 6008 0
5885 3986 0
5885 8089 0
5885 8096 0
5885 8131 0
5885 8176 0
3844 8034 0
3844 3844 0
3844 1864 0
3844 5980 0
3844 3986 0
3844 8143 0
3844 3043 0
7948 16241 0
7948 3986 0
7948 10152 0
1822 1822 0
1822 2730 0
5928 5928 0
16087 1894 0
16087 8070 1
7986 12954 0
7986 2724 0
7986 8129 0
7986 18234 0
7986 1927 0
7986 10152 0
18227 18332 0
7989 5999 1
7989 8112 1
7989 7989 2
7989 3986 1
5944 3986 0
5944 5944 0
18234 18234 0
18234 3986 0
18234 8112 0
7999 7999 0
7999 12954 0
7999 16308 0
5953 2724 0
5953 5953 0
5953 5980 0
5953 3986 0
5953 18332 0
5953 8129 0
8002 3986 0
8002 8002 0
8002 11236 0
5089 5089 0
1864 1864 0
18251 3986 0
18251 16308 0
3043 3043 0
3043 5980 0
3043 5994 0
3043 1927 0
3043 8089 0
3043 12968 0
11236 2724 0
11236 11236 0
11236 5980 0
11236 1927 0
11236 10152 0
5980 3886 0
5980 5999 0
5980 6002 0
5980 6008 0
5980 3986 0
5980 18332 0
5980 8112 0
3934 3934 0
3934 8089 0
8034 8034 0
8034 16241 0
8034 18332 0
8034 6078 0
1894 1894 0
5994 3886 0
5994 5994 0
5994 6008 0
5994 8089 0
5994 8096 0
5999 5999 0
5999 6078 0
5999 8131 0
16241 3886 0
16241 16241 0
16241 8069 0
16241 1927 0
16241 8112 0
6002 6002 0
6002 3986 0
6002 8129 0
6008 3986 0
6008 8089 0
6008 6078 0
8069 8069 0
8069 6078 0
8070 8070 2
8070 1927 1
1927 12954 0
1927 3986 0
1927 16308 0
1927 6078 0
1927 8129 0
1927 8131 0
1927 8176 0
6032 6032 0
3986 10152 0
3986 2724 0
3986 3986 0
3986 12954 0
3986 12968 0
3986 8089 0
3986 8090 0
3986 8096 0
3986 8112 0
3986 8129 0
3986 8131 0
3986 8176 0
8089 8089 0
18332 2724 0
18332 2730 0
18332 10152 0
18332 8112 0
12954 2724 0
12954 16308 0
10152 2724 0
10152 12968 0
10152 10152 0
8112 2724 0
8112 8112 0
16308 2724 0
16308 16308 0
16308 8131 0
6078 6078 0
8129 8131 0
6096 6096 0
2724 2724 0
3886 3886 0
8176 8176 0
