14978 11294 0
14978 6251 1
14978 14978 0
14978 4305 0
14978 8071 1
14978 18299 0
14978 4874 0
14978 11434 0
491 491 2
7301 13512 0
7301 10286 0
7301 1653 0
7301 7301 0
7301 21149 0
7301 13431 0
7301 5404 1
7301 5932 1
7301 3986 0
8071 4874 1
8071 7051 1
8071 3986 1
8071 11294 1
8071 8071 2
8071 5810 1
8071 3189 1
8071 13512 1
8071 18299 1
8071 3182 1
8071 3441 1
8071 1653 1
8071 11434 1
3336 1620 0
3336 1653 0
3336 2718 0
3336 3803 1
3336 5855 0
3336 4339 0
3336 3336 0
3336 1816 0
3336 2338 0
3336 1885 1
3336 3986 0
3336 5523 0
7147 3110 1
7147 13355 1
7147 8779 1
7147 5988 1
7147 12487 1
7147 13431 1
7147 5855 1
7147 1256 1
7147 4143 1
7147 334 1
7147 5999 1
7147 6002 1
7147 5521 1
7147 5981 1
7147 8636 1
7147 8145 1
7147 7147 2
4874 4305 0
4874 2338 0
4874 5855 0
4874 4874 0
4874 7317 0
4874 21495 1
4874 3110 0
4874 13655 0
4874 5981 0
4874 5988 0
4874 5999 0
7051 11294 0
7051 11434 0
7051 7051 0
7051 13512 0
7051 6251 1
7051 3182 0
20817 5412 1
20817 6251 1
20817 5999 0
20817 1653 0
7055 1883 1
7055 1885 1
5521 1620 0
5521 7317 0
5521 2718 0
5521 2722 0
5521 1883 1
5521 5521 0
5521 3986 0
5521 5523 0
3986 8636 0
3986 8779 0
3986 9009 0
3986 1256 0
3986 1620 0
3986 1653 0
3986 10286 0
3986 2280 0
3986 2338 0
3986 14072 0
3986 2708 0
3986 2712 0
3986 2718 0
3986 2722 0
3986 3986 0
3986 8860 0
3986 4143 0
3986 4339 0
3986 5404 1
3986 5523 0
3986 5981 0
3986 6002 0
3986 7317 0
5523 2130 0
5523 1620 0
5523 1653 0
5523 2718 0
5523 1816 0
5523 1883 1
5523 1885 1
5523 5523 0
5523 2722 0
7060 1883 1
7060 1885 1
7317 6251 1
7317 287 0
7317 2338 0
7317 2712 0
7317 1885 1
7317 3182 0
7317 3189 0
7317 1620 0
7317 5981 0
1816 1620 0
1816 2718 0
1816 1816 0
1816 2338 0
1816 1885 1
1816 1883 1
1816 8636 0
8687 13355 1
8687 4305 1
8687 2130 1
5404 5404 2
5404 5080 1
5404 5855 1
5404 2280 1
21149 3110 0
21149 3803 1
21149 5932 1
11294 6251 1
11294 11294 0
11294 3182 0
11294 3189 0
11294 11434 0
11294 13655 0
11294 5810 0
11294 18299 0
287 287 0
287 8860 0
287 9009 0
287 1256 0
287 1620 0
287 1885 1
287 2338 0
287 2708 0
287 2712 0
287 2718 0
287 3110 0
287 4305 0
287 13355 0
287 14072 0
287 5932 1
287 6002 0
1256 13355 0
1256 1620 0
1256 1256 0
1256 5932 1
1697 2718 0
1697 1697 0
1697 1885 1
1697 1883 1
2338 4339 0
2338 2338 0
2338 2712 0
2338 2718 0
2338 2722 0
2338 14072 0
2338 5981 0
2338 3182 0
2338 3189 0
2338 1620 0
2338 1653 0
2338 1883 1
2338 1885 1
3803 10286 1
3803 1620 1
3803 5080 1
3803 3803 2
3803 5855 1
3803 13431 1
5412 2708 1
5412 2712 1
5412 2718 1
5412 4305 1
5412 14072 1
5412 5412 2
5412 5981 1
5412 6000 1
5412 6002 1
5412 5997 1
5412 8860 1
3110 3110 0
3110 10286 0
3110 6251 1
3110 4305 0
3110 9009 0
8860 7231 1
8860 1620 0
8860 1653 0
8860 2708 0
8860 2712 0
8860 2718 0
8860 2722 0
8860 9009 0
2712 2708 0
2712 2712 0
2712 2718 0
2712 2722 0
2712 5080 0
2712 13512 0
2712 1620 0
2712 5855 0
2712 14072 0
2712 1883 1
2712 5981 0
2712 6002 0
13355 4143 0
13355 14072 0
13355 2708 0
13355 1653 0
13355 5855 0
5932 5932 2
5932 4143 1
5932 8145 1
5932 3441 1
5932 1653 1
5932 18299 1
1653 334 0
1653 8636 0
1653 1653 0
1653 2722 0
1653 13431 0
1653 13512 0
1653 5855 0
1653 5988 0
1653 5997 0
1653 5999 0
10286 6251 1
10286 13431 0
10286 5855 0
4143 13431 0
4143 8145 0
9009 7231 1
9009 8779 0
9009 1620 0
9009 2718 0
9009 2722 0
9009 9009 0
9009 1883 1
9009 3441 0
5810 11434 0
5810 6251 1
5810 3441 0
5810 18299 0
2718 334 0
2718 2708 0
2718 2718 0
2718 2722 0
2718 7231 1
2718 8779 0
2718 1620 0
2718 5855 0
2718 14072 0
2718 1883 1
2718 5999 0
2722 2708 0
2722 2722 0
2722 7231 1
2722 1620 0
2722 5855 0
2722 14072 0
2722 1883 1
2722 5981 0
2722 6002 0
14716 1883 1
14716 14716 0
14716 1885 1
8636 7231 1
7231 8779 1
7231 334 1
7231 1620 1
7231 14072 1
5981 8779 0
5981 1620 0
5981 2130 0
5981 2280 0
5981 2708 0
5981 4339 0
5981 5080 0
5981 5855 0
5981 5981 0
5981 5988 0
5981 5997 0
5981 5999 0
5981 6000 0
5981 6002 0
12487 5988 0
12487 6251 1
13512 6251 1
13512 3182 0
13512 2708 0
13512 5855 0
13512 13512 0
8779 2708 0
1868 1868 0
1868 1883 1
1868 1885 1
1868 14072 0
1869 1869 0
1869 1883 1
1869 1885 1
334 334 0
1872 1883 1
1872 1885 1
4305 5855 0
4305 3182 0
4305 3441 0
4305 18299 0
2130 6251 1
2130 2708 0
2130 11434 0
2130 18299 0
1875 1883 1
1875 1885 1
1620 2280 0
1620 2708 0
1620 14072 0
1620 3189 0
1620 4339 0
1620 1620 0
1620 5855 0
1870 1883 1
1870 1885 1
13655 18299 0
13655 1885 1
13655 6251 1
13655 3182 0
13655 3441 0
13655 13431 0
6489 1883 1
6489 1885 1
1883 2708 1
1883 1873 1
1883 1874 1
1883 1883 2
1883 1885 2
1883 12412 1
1883 4339 1
1874 1885 1
1885 1873 1
1885 1885 2
1885 4339 1
1885 12412 1
5855 2280 0
5855 2708 0
5855 13431 0
5855 14072 0
5855 5999 0
5855 5855 0
5855 6002 0
5988 6251 1
5988 5988 0
5988 6002 0
2280 6251 1
2280 2280 0
2280 6000 0
6251 6251 2
6251 3182 1
6251 3189 1
6251 11434 1
6251 5997 1
6251 5999 1
6251 6000 1
5997 2708 0
5997 5997 0
5997 6002 0
3182 3189 0
3182 18299 0
5999 5999 0
5999 6000 0
3441 11434 0
3441 3441 0
6002 2708 0
6002 6002 0
3189 11434 0
13431 13431 0
14072 2708 0
18299 18299 0
11434 11434 0
