16384 16384 2
16384 2338 1
16384 3986 1
16384 20251 1
5634 6162 0
5634 544 0
5634 3205 1
5634 2731 1
5634 19321 1
5634 5537 0
5634 2382 0
5634 7165 0
6147 6147 0
6147 6163 0
6147 6165 0
6147 6162 0
6147 135 0
6147 138 0
6147 8376 0
6147 8377 0
6147 16607 0
6147 263 1
6147 338 0
6147 4442 0
6147 4463 0
6147 6560 0
6147 4524 0
6147 4525 0
6147 4530 1
6147 4553 0
6147 2594 0
6147 14954 0
6147 4745 0
6147 2705 0
6147 2714 0
6147 2718 0
6147 2722 0
6147 4803 0
6147 729 0
6147 6913 0
6147 6918 0
6147 21378 0
6147 18582 0
6147 915 0
6147 5016 0
6147 5040 0
6147 5049 0
6147 972 0
6147 988 0
6147 11236 0
6147 13355 0
6147 11784 0
6147 5243 0
6147 1221 0
6147 1223 0
6147 1224 0
6147 6792 0
6147 19879 0
6147 19689 0
6147 1259 0
6147 3352 0
6147 3355 0
6147 5422 0
6147 1335 0
6147 1350 0
6147 3426 0
6147 3462 0
6147 5537 0
6147 8440 0
6147 5620 1
6147 1620 0
6147 1653 0
6147 8375 0
6147 1688 0
6147 1714 0
6147 17379 0
6147 1741 0
6147 5855 0
6147 3884 0
6147 5949 0
6147 5953 0
6147 5954 0
6147 5994 0
6147 8065 0
6147 3986 0
6147 8112 0
6147 8128 0
6147 2382 0
4100 4100 0
4100 6163 0
4100 6165 0
4100 547 1
4100 70 0
4100 1620 0
4100 5753 0
4100 5755 1
4100 7317 0
4100 2718 0
4100 20251 0
4100 3762 0
4100 1221 0
4100 1223 0
4100 1741 0
4100 3352 0
4100 3353 0
4100 3355 0
4100 287 0
4100 2338 0
4100 8002 0
4100 861 0
4100 863 0
4100 1927 0
4100 7571 0
4100 11236 0
11781 3745 1
11781 263 1
11781 2718 0
15880 6163 0
15880 3352 0
15880 284 1
15880 2338 0
15880 4521 0
15880 1714 0
15880 5978 0
15880 5981 0
15880 5729 1
15880 1022 0
5865 53 0
5865 65 0
5865 67 0
5865 8287 0
5865 1653 0
5865 5753 0
5865 6792 0
5865 3745 1
5865 8867 0
5865 694 0
5865 5855 0
5865 3814 1
5865 5865 0
5865 5866 0
5865 5868 0
5865 2338 0
5865 9009 0
5865 5432 0
5865 1359 0
5865 5466 0
5865 861 0
5865 1927 0
5865 5016 0
5865 3986 0
5865 7064 0
5865 9173 0
5865 3043 0
5865 1620 0
6156 6156 0
6156 4664 1
6156 4681 0
6156 1620 0
6156 1653 0
6156 2718 0
6156 3745 1
6156 719 0
6156 729 0
6156 5885 0
6156 3844 0
6156 1359 0
6156 863 0
6156 7616 0
6156 13284 0
861 6162 0
861 6163 0
861 16431 0
861 53 0
861 60 0
861 6165 0
861 8377 0
861 6378 0
861 4343 0
861 263 1
861 6918 0
861 4463 0
861 4477 0
861 67 0
861 413 0
861 4530 1
861 6604 0
861 2594 0
861 556 0
861 2606 0
861 6792 0
861 2709 0
861 2712 0
861 2718 0
861 2722 0
861 8867 0
861 8881 0
861 700 0
861 701 0
861 9009 0
861 5945 0
861 861 0
861 891 0
861 911 0
861 5016 0
861 7083 0
861 5040 0
861 5051 0
861 5052 0
861 9173 0
861 5085 0
861 3043 0
861 13284 0
861 3046 0
861 1022 0
861 4957 0
861 1160 0
861 1221 0
861 1224 0
861 1259 0
861 15612 0
861 3353 0
861 3354 0
861 5432 0
861 3397 0
861 1359 0
861 5464 0
861 5466 0
861 8547 0
861 3426 0
861 13710 0
861 7064 0
861 19879 0
861 242 0
861 3599 0
861 1653 0
861 5788 0
861 3745 1
861 3746 0
861 3757 0
861 3762 0
861 5815 0
861 3772 0
861 1741 0
861 3802 0
861 5855 0
861 5866 0
861 5868 0
861 16125 0
861 5952 0
861 5953 0
861 5954 0
861 5994 0
861 1927 0
861 1928 0
861 3986 0
861 16329 0
17935 263 1
17935 5788 0
17935 7083 0
17935 4664 1
17935 5953 0
17935 13880 0
17935 6977 0
6162 6162 0
6162 6163 0
6162 6165 0
6162 16431 0
6162 8377 0
6162 6359 0
6162 263 1
6162 2338 0
6162 338 0
6162 413 0
6162 19879 0
6162 2594 0
6162 2701 0
6162 2703 0
6162 2712 0
6162 2714 0
6162 669 0
6162 2718 0
6162 2722 0
6162 8867 0
6162 700 0
6162 729 0
6162 9009 0
6162 9055 0
6162 21378 0
6162 5016 0
6162 13284 0
6162 3108 0
6162 5243 0
6162 1197 0
6162 3426 0
6162 5496 0
6162 3462 0
6162 5620 1
6162 15952 0
6162 1620 0
6162 5747 0
6162 3746 0
6162 5855 0
6162 5952 0
6162 14157 0
6162 8065 0
6162 3986 0
6162 8112 0
6162 7165 0
6163 6163 0
6163 6165 0
6163 16431 0
6163 8376 0
6163 4300 0
6163 6359 0
6163 8440 0
6163 263 1
6163 287 0
6163 2338 0
6163 338 0
6163 4442 0
6163 413 0
6163 4534 0
6163 4544 0
6163 4546 0
6163 6604 0
6163 14954 0
6163 2703 0
6163 2712 0
6163 8867 0
6163 8881 0
6163 700 0
6163 729 0
6163 9055 0
6163 7009 0
6163 21378 0
6163 911 0
6163 5016 0
6163 5052 0
6163 9173 0
6163 13284 0
6163 7165 0
6163 1022 0
6163 3108 0
6163 5243 0
6163 3230 0
6163 5466 0
6163 1371 0
6163 3426 0
6163 3429 0
6163 5496 0
6163 3462 0
6163 7571 0
6163 1653 0
6163 3745 1
6163 3746 0
6163 3772 0
6163 5855 0
6163 16125 0
6163 3884 0
6163 5949 0
6163 5978 0
6163 5981 0
6163 8065 0
6163 1927 0
6163 3986 0
6163 8089 0
6163 8112 0
6165 8881 0
6165 53 0
6165 65 0
6165 4296 0
6165 6359 0
6165 242 0
6165 6165 0
6165 263 1
6165 287 0
6165 2338 0
6165 8547 0
6165 4524 0
6165 4525 0
6165 4526 0
6165 413 0
6165 4534 0
6165 4546 0
6165 4553 0
6165 19879 0
6165 2594 0
6165 2606 0
6165 6792 0
6165 2703 0
6165 2705 0
6165 2709 0
6165 2712 0
6165 2714 0
6165 669 0
6165 2718 0
6165 2722 0
6165 729 0
6165 21378 0
6165 911 0
6165 5016 0
6165 5052 0
6165 3009 0
6165 9172 0
6165 9173 0
6165 17379 0
6165 13284 0
6165 1022 0
6165 3108 0
6165 5243 0
6165 3230 0
6165 3246 0
6165 1259 0
6165 5422 0
6165 3397 0
6165 5464 0
6165 5466 0
6165 1371 0
6165 3426 0
6165 5496 0
6165 3462 0
6165 7064 0
6165 8163 0
6165 15952 0
6165 1620 0
6165 5753 0
6165 5788 0
6165 3745 1
6165 3802 0
6165 5855 0
6165 16125 0
6165 5949 0
6165 5953 0
6165 5978 0
6165 5981 0
6165 8065 0
6165 1927 0
6165 3986 0
6165 8112 0
6165 8867 0
6165 7165 0
17943 17943 0
17943 3352 0
17943 669 0
17943 547 1
17943 1223 0
17943 1741 0
17943 1620 0
17943 4183 0
17943 1653 0
17943 5753 0
17943 5755 1
7705 7705 0
7705 4642 0
7705 7010 0
7705 5885 0
7705 1160 0
7705 7317 0
7705 21148 0
7705 3745 1
7705 5755 1
7705 5753 0
7705 6378 0
7705 1259 0
7705 8940 0
7705 8941 0
7705 729 0
7705 8016 0
7705 5994 0
7705 972 0
7705 11236 0
7705 5620 1
539 1679 0
539 539 0
539 546 1
539 547 1
539 548 0
539 7592 1
539 70 0
539 13927 0
539 5747 0
4442 4534 0
4442 1620 0
4442 5729 1
4442 5243 0
4442 1160 0
4442 2722 0
4442 8881 0
4442 719 0
4442 6378 0
4442 1259 0
4442 3844 0
4442 3353 0
4442 3354 0
4442 287 0
4442 3884 0
4442 5432 0
4442 4442 0
4442 5981 0
4442 5994 0
4442 891 0
4442 8089 0
4442 4521 0
4442 6560 0
4442 455 1
4442 6604 0
4442 3043 0
11294 6251 0
11294 4521 0
11294 544 0
11294 10890 0
11294 15112 1
11294 823 1
11294 3009 0
11294 11294 0
11294 14978 0
11294 1927 0
11294 5747 0
11294 20251 0
11294 19427 0
11294 18299 0
543 6560 0
543 546 1
543 547 1
543 548 0
544 1679 0
544 6560 0
544 3352 0
544 3354 0
544 544 0
544 546 1
544 547 1
544 548 0
544 70 0
544 65 0
544 19427 0
544 18299 0
8112 16431 0
8112 6378 0
8112 8547 0
8112 4463 0
8112 65 0
8112 413 0
8112 4530 1
8112 4642 0
8112 2606 0
8112 2701 0
8112 2709 0
8112 2714 0
8112 669 0
8112 2718 0
8112 2722 0
8112 693 0
8112 5243 0
8112 4957 0
8112 9055 0
8112 5016 0
8112 5040 0
8112 5049 0
8112 1022 0
8112 3108 0
8112 13355 0
8112 1223 0
8112 1259 0
8112 3353 0
8112 1371 0
8112 3426 0
8112 6035 0
8112 13710 0
8112 19879 0
8112 1620 0
8112 3745 1
8112 8377 0
8112 3802 0
8112 5855 0
8112 5952 0
8112 5954 0
8112 8016 0
8112 5981 0
8112 3986 0
8112 8112 0
4642 4642 0
4642 2703 0
4642 2709 0
4642 2712 0
4642 5855 0
4642 5885 0
4642 13355 0
4642 301 0
4642 5949 0
4642 5981 0
4642 5994 0
4642 1688 0
4642 3986 0
4642 8089 0
4642 16125 0
4642 455 1
4642 5620 1
1371 2594 0
1371 4664 1
1371 6792 0
1371 2709 0
1371 2712 0
1371 8881 0
1371 6977 0
1371 4957 0
1371 9055 0
1371 5016 0
1371 17308 0
1371 7083 0
1371 7165 0
1371 13355 0
1371 1259 0
1371 1371 0
1371 3429 0
1371 3462 0
1371 263 1
1371 5855 0
1371 5866 0
1371 5885 0
1371 5981 0
1371 8065 0
1371 3986 0
1371 8089 0
3108 3108 0
3108 6792 0
3108 8867 0
3108 8881 0
3108 4803 0
3108 6359 0
3108 13355 0
3108 263 1
3108 3353 0
3108 2382 0
3108 21378 0
3108 3986 0
3108 915 0
3108 21149 0
3108 455 1
20518 1221 1
20518 1223 1
20518 1224 1
20518 18582 1
20518 6359 1
20518 2712 1
39 263 1
39 284 1
5866 53 0
5866 65 0
5866 67 0
5866 3745 1
5866 694 0
5866 3814 1
5866 5866 0
5866 5868 0
5866 2338 0
5866 5432 0
5866 4957 0
5866 1927 0
5866 7064 0
5866 9173 0
5866 5085 0
5866 3043 0
13355 65 0
13355 67 0
13355 138 0
13355 8376 0
13355 6378 0
13355 4343 0
13355 16431 0
13355 287 0
13355 4463 0
13355 455 1
13355 556 0
13355 2701 0
13355 8883 0
13355 4803 0
13355 7064 0
13355 1022 0
13355 1221 0
13355 1223 0
13355 1256 0
13355 5464 0
13355 5466 0
13355 5467 0
13355 3429 0
13355 7616 0
13355 13710 0
13355 19879 0
13355 3599 0
13355 1653 0
13355 3745 1
13355 3746 0
13355 3757 0
13355 3802 0
13355 5855 0
13355 5954 0
13355 1927 0
13355 1928 0
556 263 1
556 7064 0
556 669 0
556 3745 1
556 4681 0
556 3884 0
556 5537 0
556 4553 0
556 1359 0
556 3163 0
556 13284 0
556 3426 0
556 3043 0
556 694 0
556 5747 0
5815 1927 0
5815 3986 0
5815 7064 0
5815 3745 1
5815 4521 0
5815 3757 0
5815 694 0
5815 1359 0
5815 9173 0
5815 13284 0
5815 3814 1
2606 53 0
2606 61 0
2606 6359 0
2606 2338 0
2606 338 0
2606 413 0
2606 6918 0
2606 2594 0
2606 4664 1
2606 6792 0
2606 2709 0
2606 2714 0
2606 2722 0
2606 8881 0
2606 8883 0
2606 700 0
2606 6977 0
2606 4957 0
2606 9055 0
2606 5016 0
2606 5049 0
2606 5051 0
2606 11236 0
2606 7165 0
2606 3163 0
2606 3426 0
2606 3429 0
2606 19879 0
2606 7616 0
2606 11784 0
2606 5040 0
2606 1653 0
2606 3745 1
2606 3802 0
2606 5855 0
2606 3844 0
2606 5953 0
2606 5954 0
2606 5978 0
2606 5981 0
2606 5994 0
2606 3986 0
16431 263 1
16431 3745 1
16431 5422 0
16431 694 0
16431 1350 0
16431 3426 0
16431 3043 0
16431 891 0
16431 6378 0
16431 14954 0
11784 6913 0
11784 263 1
11784 11784 0
11784 2709 0
11784 413 0
11784 4664 1
11784 3802 0
11784 5753 0
11784 5243 0
53 5467 0
53 53 0
53 60 0
53 693 0
53 65 0
53 2243 0
53 4301 0
53 6359 0
53 242 0
53 250 0
53 287 0
53 2338 0
53 301 0
53 338 0
53 8547 0
53 4463 0
53 8597 0
53 413 0
53 6604 0
53 19879 0
53 498 0
53 2594 0
53 2703 0
53 2712 0
53 2718 0
53 2722 0
53 8867 0
53 8881 0
53 719 0
53 729 0
53 6918 0
53 9009 0
53 4957 0
53 9055 0
53 911 0
53 7064 0
53 5052 0
53 3009 0
53 9173 0
53 988 0
53 1022 0
53 5243 0
53 3205 1
53 1224 0
53 19689 0
53 3354 0
53 1335 0
53 3397 0
53 5464 0
53 15818 0
53 11236 0
53 13284 0
53 1653 0
53 5788 0
53 3745 1
53 3746 0
53 1714 0
53 1741 0
53 3802 0
53 5855 0
53 5949 0
53 5953 0
53 14157 0
53 5978 0
53 5981 0
53 1927 0
21057 3352 0
21057 546 1
21057 547 1
21057 548 0
13368 3352 0
13368 2338 0
13368 547 1
13368 70 0
13368 4957 0
13368 5753 0
13368 5755 1
9055 8377 0
9055 14954 0
9055 5243 0
9055 2703 0
9055 2705 0
9055 2709 0
9055 2712 0
9055 2718 0
9055 3745 1
9055 2722 0
9055 8867 0
9055 8375 0
9055 8376 0
9055 6359 0
9055 263 1
9055 287 0
9055 5953 0
9055 14157 0
9055 8163 0
9055 13710 0
9055 8065 0
9055 5016 0
9055 5040 0
9055 4530 1
9055 5049 0
60 60 0
60 7010 0
60 6977 0
60 6792 0
60 2718 0
60 3745 1
60 2722 0
60 8867 0
60 3757 0
60 694 0
60 5835 0
60 5885 0
60 284 1
60 2338 0
60 3884 0
60 9009 0
60 5432 0
60 1359 0
60 3426 0
60 3462 0
60 1927 0
60 911 0
60 7064 0
60 4553 0
60 4343 0
60 972 0
60 13284 0
60 5620 1
61 2594 0
61 67 0
61 3745 1
61 729 0
61 3802 0
61 3814 1
61 6359 0
61 2338 0
61 5954 0
61 338 0
61 3426 0
61 8597 0
61 5040 0
61 3043 0
61 19879 0
1087 5788 1
1087 18582 1
1087 250 1
18103 4664 1
18103 263 1
65 1197 0
65 67 0
65 1620 0
65 9828 0
65 1653 0
65 3205 1
65 2703 0
65 7317 0
65 2712 0
65 2714 0
65 3745 1
65 2722 0
65 694 0
65 3757 0
65 1741 0
65 3814 1
65 5868 0
65 240 0
65 263 1
65 21378 0
65 2338 0
65 1359 0
65 3426 0
65 8065 0
65 1259 0
65 3462 0
65 1927 0
65 3986 0
65 7064 0
65 5051 0
65 3009 0
65 6604 0
65 9173 0
65 3043 0
65 13284 0
1741 8881 0
1741 67 0
1741 8287 0
1741 2242 0
1741 2243 0
1741 4300 0
1741 6359 0
1741 242 0
1741 4343 0
1741 284 1
1741 2338 0
1741 301 0
1741 4463 0
1741 4477 0
1741 4524 0
1741 4525 0
1741 4526 0
1741 4546 0
1741 4553 0
1741 2594 0
1741 4664 1
1741 6779 0
1741 2712 0
1741 2714 0
1741 669 0
1741 2718 0
1741 2722 0
1741 8867 0
1741 455 1
1741 6604 0
1741 719 0
1741 863 0
1741 891 0
1741 911 0
1741 5016 0
1741 16125 0
1741 972 0
1741 988 0
1741 3043 0
1741 3046 0
1741 1022 0
1741 3150 0
1741 5243 0
1741 1160 0
1741 1197 0
1741 1221 0
1741 1223 0
1741 1224 0
1741 4301 0
1741 1259 0
1741 3353 0
1741 3354 0
1741 3355 0
1741 5432 0
1741 1359 0
1741 5464 0
1741 5466 0
1741 3467 0
1741 13710 0
1741 19879 0
1741 3599 0
1741 11236 0
1741 15818 0
1741 1620 0
1741 3745 1
1741 3757 0
1741 3762 0
1741 1741 0
1741 3802 0
1741 5855 0
1741 5885 0
1741 3884 0
1741 5953 0
1741 2705 0
1741 5994 0
1741 8065 0
1741 1927 0
1741 1928 0
1741 8089 0
1741 1957 0
1741 2721 0
1741 2382 0
1741 16354 0
1741 6560 0
67 4681 0
67 9828 0
67 2714 0
67 2718 0
67 3745 1
67 2722 0
67 694 0
67 6359 0
67 729 0
67 1256 0
67 5868 0
67 263 1
67 2338 0
67 5945 0
67 1359 0
67 3426 0
67 3429 0
67 891 0
67 21378 0
67 3986 0
67 67 0
67 7064 0
67 1957 0
67 5051 0
67 6604 0
67 9173 0
70 546 1
70 548 0
70 70 0
70 16055 0
70 5753 0
70 5755 1
70 1160 0
70 138 0
70 1679 0
70 17976 0
70 3352 0
70 3357 0
70 3358 0
70 2877 0
70 8016 0
70 5978 0
70 7517 0
70 6559 0
70 7083 0
70 5052 0
70 15818 0
70 11236 0
3429 5978 0
3429 8065 0
3429 2594 0
3429 5981 0
3429 5243 0
3429 2703 0
3429 2705 0
3429 2712 0
3429 2718 0
3429 3745 1
3429 2722 0
3429 3757 0
3429 3246 0
3429 8375 0
3429 8376 0
3429 8918 0
3429 3802 0
3429 6378 0
3429 242 0
3429 263 1
3429 20251 0
3429 287 0
3429 1359 0
3429 5466 0
3429 4957 0
3429 3426 0
3429 3986 0
3429 3441 0
3429 891 0
3429 5952 0
3429 1927 0
3429 1928 0
3429 911 0
3429 5016 0
3429 413 0
3429 8377 0
3429 5052 0
3429 14157 0
3429 3046 0
5192 5251 1
5192 5835 0
5192 13463 0
5192 3986 0
5192 8854 0
5192 3745 1
5192 1620 0
4681 4681 0
4681 1620 0
4681 8287 0
4681 6779 0
4681 2718 0
4681 2722 0
4681 1653 0
4681 5835 0
4681 4300 0
4681 729 0
4681 5855 0
4681 263 1
4681 20251 0
4681 287 0
4681 2338 0
4681 2382 0
4681 4664 1
4681 4463 0
4681 1927 0
4681 3986 0
4681 7064 0
4681 3009 0
4681 1022 0
8375 4664 1
8375 1620 0
8375 1653 0
8375 4215 1
8375 5788 0
8375 693 0
8375 2338 0
8375 6359 0
8375 250 0
8375 5422 0
8375 5432 0
8375 5949 0
8375 3397 0
8375 14157 0
8375 338 0
8375 3426 0
8375 3462 0
8375 13710 0
8375 3986 0
8375 19879 0
8375 9164 0
8375 988 0
7010 5243 0
7010 6792 0
7010 2703 0
7010 2705 0
7010 2712 0
7010 669 0
7010 2718 0
7010 3746 0
7010 8376 0
7010 705 0
7010 5835 0
7010 8440 0
7010 5885 0
7010 270 0
7010 3355 0
7010 14157 0
7010 5981 0
7010 7010 0
7010 5994 0
7010 3745 1
7010 972 0
7010 11236 0
7010 5620 1
3150 2594 0
3150 8881 0
3150 3163 0
3150 5729 1
3150 8867 0
3150 1714 0
3150 4301 0
3150 729 0
3150 6378 0
3150 263 1
3150 2338 0
3150 6977 0
3150 988 0
3150 1620 0
15952 284 1
15952 287 0
15952 4664 1
15952 1620 0
15952 9828 0
5049 4664 1
5049 3426 0
5049 2709 0
5049 8881 0
5049 5855 0
5049 263 1
5049 287 0
5049 2338 0
5049 5953 0
5049 5978 0
5049 5016 0
5049 3986 0
5049 1957 0
5049 5040 0
5049 5051 0
5049 5052 0
5049 11236 0
5049 19879 0
1620 4183 0
1620 413 0
1620 135 0
1620 138 0
1620 8376 0
1620 2243 0
1620 4296 0
1620 4300 0
1620 4301 0
1620 6359 0
1620 4343 0
1620 8440 0
1620 287 0
1620 2338 0
1620 338 0
1620 4477 0
1620 4524 0
1620 4530 1
1620 4534 0
1620 4544 0
1620 4546 0
1620 455 1
1620 6779 0
1620 2701 0
1620 2703 0
1620 2709 0
1620 8854 0
1620 2712 0
1620 2714 0
1620 669 0
1620 2718 0
1620 2722 0
1620 8867 0
1620 8883 0
1620 719 0
1620 729 0
1620 807 0
1620 4957 0
1620 5949 0
1620 911 0
1620 5052 0
1620 3009 0
1620 9172 0
1620 11223 0
1620 3046 0
1620 8287 0
1620 8377 0
1620 9009 0
1620 3163 0
1620 5243 0
1620 7317 0
1620 3230 0
1620 1197 0
1620 3246 0
1620 1221 0
1620 7379 0
1620 1256 0
1620 1259 0
1620 5432 0
1620 3397 0
1620 17770 0
1620 3462 0
1620 3599 0
1620 1620 0
1620 1622 0
1620 21148 0
1620 3757 0
1620 1714 0
1620 5835 0
1620 5855 0
1620 5868 0
1620 3844 0
1620 301 0
1620 20251 0
1620 988 0
1620 5085 0
1620 6792 0
1620 5952 0
1620 5953 0
1620 8002 0
1620 13284 0
1620 5978 0
1620 5981 0
1620 3986 0
1620 1957 0
1622 1160 0
1622 5755 1
1622 4664 1
1622 5855 0
1622 1221 0
1622 1223 0
1622 5432 0
1622 5477 0
1622 3043 0
4183 729 0
4183 2338 0
4183 3757 0
4183 4664 1
4183 4300 0
4183 719 0
4183 4183 0
4183 17770 0
4183 3986 0
4183 5755 1
3599 3462 0
3599 1927 0
3599 3986 0
3599 7064 0
3599 9173 0
3599 3745 1
3599 2338 0
3599 7083 0
3599 3757 0
3599 4957 0
3599 694 0
3599 4664 1
3599 1221 0
3599 1359 0
3599 5432 0
3599 13284 0
14940 7009 1
14940 455 2
14940 9164 1
14940 9172 1
14940 16607 1
14940 11676 1
14940 287 1
15965 3986 1
8287 547 1
8287 5981 0
8287 4664 1
8287 8287 0
8287 8547 0
8287 5753 0
8287 2703 0
8287 2709 0
8287 1688 0
8287 2714 0
8287 2718 0
8287 2722 0
8287 5855 0
8287 5885 0
8287 270 0
8287 3352 0
8287 3353 0
8287 3354 0
8287 3355 0
8287 287 0
8287 9009 0
8287 3884 0
8287 301 0
8287 3397 0
8287 1350 0
8287 338 0
8287 2705 0
8287 3462 0
8287 3467 0
8287 2712 0
8287 915 0
8287 4546 0
8287 972 0
8287 11236 0
8287 5620 1
546 3844 1
546 3352 1
546 3357 1
546 2718 1
546 546 2
546 547 2
546 548 1
546 1957 1
546 7083 1
546 15818 1
546 3358 1
546 17770 1
546 16055 1
546 17976 1
546 6559 1
546 9034 1
546 719 1
546 8016 1
546 12241 1
546 7517 1
546 11236 1
546 13927 1
546 2877 1
546 2162 1
546 8440 1
546 5755 2
546 12650 1
5729 4534 1
5729 6251 1
5729 1653 1
5729 1688 1
5729 2714 1
5729 1714 1
5729 700 1
5729 1221 1
5729 1224 1
5729 5855 1
5729 891 1
5729 1259 1
5729 8940 1
5729 8941 1
5729 240 1
5729 263 2
5729 277 1
5729 2338 1
5729 1335 1
5729 5432 1
5729 16698 1
5729 6977 1
5729 5994 1
5729 915 1
5729 19879 1
5729 4521 1
5729 4524 1
5729 7616 1
5729 2525 1
5729 3043 1
5729 1022 1
9828 9828 0
9828 8883 0
9828 287 0
9828 5885 0
9828 3352 0
9828 3355 0
9828 284 1
9828 9009 0
9828 3884 0
9828 7648 1
9828 11236 0
9828 5620 1
13927 547 1
13927 548 0
13927 13927 0
13927 9034 0
700 1653 0
700 2714 0
700 1197 0
700 700 0
700 701 0
700 705 0
700 1259 0
700 256 1
700 3844 0
700 270 0
700 287 0
700 301 0
700 5432 0
700 3397 0
700 5464 0
700 5477 0
700 5537 0
700 4542 0
700 4544 0
700 4546 0
700 7165 0
14954 14954 0
14954 6918 0
14954 263 1
14954 3745 1
14954 20251 0
14954 5464 0
14954 5466 0
14954 3043 0
14954 12650 0
14954 1653 0
14954 1022 0
14954 4343 0
6251 6251 0
6251 14978 0
6251 4745 0
6251 7317 0
6251 5994 0
6251 4521 0
6251 455 1
2162 5788 0
2162 547 1
2162 548 0
2162 250 0
5747 7517 0
5747 5747 0
5747 5753 0
5747 5755 1
5747 5756 0
5747 14978 0
5747 1679 0
5747 1714 0
5747 287 0
5747 5432 0
5747 9034 0
5747 5466 0
5747 1927 0
5747 1350 0
5747 7592 1
1653 250 0
1653 256 1
1653 270 0
1653 284 1
1653 669 0
1653 8881 0
1653 8883 0
1653 693 0
1653 694 0
1653 807 0
1653 891 0
1653 972 0
1653 9172 0
1653 1160 0
1653 1197 0
1653 1221 0
1653 1259 0
1653 1653 0
1653 1688 0
1653 1714 0
1653 2338 0
1653 2382 0
1653 2594 0
1653 2722 0
1653 3353 0
1653 3357 0
1653 19879 0
1653 3772 0
1653 3802 0
1653 20251 0
1653 3986 0
1653 4063 0
1653 4530 1
1653 4534 0
1653 4542 0
1653 4553 0
1653 4664 1
1653 4957 0
1653 5016 0
1653 5243 0
1653 5750 0
1653 5753 0
1653 5756 0
1653 5835 0
1653 5855 0
1653 5932 1
1653 6560 0
1653 6977 0
1653 7009 0
1653 7165 0
1653 7616 0
1653 8002 0
1653 16354 0
5750 5755 1
5750 7592 1
5750 5756 0
5750 1679 0
5750 5750 0
5750 5753 0
4215 5952 1
4215 4745 1
4215 7064 1
4215 8547 1
4215 8376 1
4215 8377 1
4215 14157 1
4215 7379 1
4215 18863 1
4215 6359 1
4215 988 1
4215 8163 1
4215 5949 1
4215 4215 2
4215 5243 1
2877 547 1
2877 2877 0
5753 17976 0
5753 5978 0
5753 547 1
5753 548 0
5753 16055 0
5753 5753 0
5753 5755 1
5753 138 0
5753 1679 0
5753 21148 0
5753 2721 0
5753 1197 0
5753 1223 0
5753 4300 0
5753 4301 0
5753 719 0
5753 215 0
5753 1259 0
5753 5885 0
5753 20251 0
5753 270 0
5753 3352 0
5753 3353 0
5753 3354 0
5753 3355 0
5753 3357 0
5753 3358 0
5753 807 0
5753 5432 0
5753 8002 0
5753 1335 0
5753 8016 0
5753 13880 0
5753 5466 0
5753 7517 0
5753 863 0
5753 7571 0
5753 6035 0
5753 8089 0
5753 15818 0
5753 7592 1
5753 7083 0
5753 2718 0
5753 5052 0
5753 972 0
5753 12241 0
5753 8163 0
5753 11236 0
5753 5620 1
5243 548 0
5243 8377 0
5243 2243 0
5243 4301 0
5243 6359 0
5243 242 0
5243 8440 0
5243 287 0
5243 2338 0
5243 8547 0
5243 413 0
5243 6918 0
5243 2594 0
5243 4664 1
5243 6792 0
5243 2703 0
5243 2712 0
5243 2718 0
5243 2722 0
5243 8867 0
5243 8881 0
5243 4803 0
5243 729 0
5243 4957 0
5243 21322 0
5243 972 0
5243 988 0
5243 3043 0
5243 11236 0
5243 7317 0
5243 19689 0
5243 3397 0
5243 3426 0
5243 3462 0
5243 13710 0
5243 19879 0
5243 5620 1
5243 1714 0
5243 5835 0
5243 3802 0
5243 5855 0
5243 5885 0
5243 3884 0
5243 5949 0
5243 5952 0
5243 5953 0
5243 8065 0
5243 3986 0
5756 1679 0
5756 7592 1
5756 338 0
5756 5755 1
5756 5756 0
17770 3462 0
17770 547 1
17770 1221 0
6977 6378 0
6977 4343 0
6977 301 0
6977 4463 0
6977 11676 0
6977 2594 0
6977 2709 0
6977 2712 0
6977 2722 0
6977 4803 0
6977 6977 0
6977 911 0
6977 5016 0
6977 7083 0
6977 5052 0
6977 3046 0
6977 1022 0
6977 3467 0
6977 3745 1
6977 3746 0
6977 3802 0
6977 16354 0
7616 3230 0
7616 2722 0
7616 8883 0
7616 8918 0
7616 3802 0
7616 19879 0
7616 3986 0
7616 5016 0
7616 7616 0
7616 455 1
7616 988 0
14978 14978 0
14978 10890 0
14978 18299 0
14978 15112 1
14978 1927 0
14978 3009 0
14978 455 1
14978 19427 0
5251 5251 2
5251 13463 1
3205 3009 1
3205 263 2
3205 3210 1
3205 2703 1
3205 2712 1
3205 2722 1
3205 6604 1
3205 5953 1
3205 16354 1
135 1714 0
135 138 0
135 3762 0
135 694 0
135 5885 0
135 263 1
135 2338 0
135 1335 0
135 1359 0
135 338 0
135 4957 0
135 3426 0
135 1927 0
135 3986 0
135 7064 0
135 3745 1
135 9173 0
135 988 0
135 2525 0
135 13284 0
135 1022 0
1160 263 1
1160 301 0
1160 6560 0
1160 4534 0
1160 4544 0
1160 4546 0
1160 6792 0
1160 4957 0
1160 891 0
1160 972 0
1160 3043 0
1160 1160 0
1160 1221 0
1160 1223 0
1160 1259 0
1160 3352 0
1160 3353 0
1160 3354 0
1160 3355 0
1160 5477 0
1160 1957 0
1160 1688 0
1160 3745 1
1160 5855 0
1160 5432 0
1160 5994 0
1160 1350 0
4745 4745 0
4745 2703 0
4745 3745 1
4745 972 0
4745 988 0
138 5755 1
138 2714 0
138 3745 1
138 1714 0
138 7379 0
138 263 1
138 3355 0
138 2338 0
138 988 0
138 1335 0
138 1359 0
138 338 0
138 13284 0
138 4957 0
138 3426 0
138 1927 0
138 3986 0
138 2525 0
138 11236 0
138 1022 0
4386 5477 1
2701 8881 0
2701 4664 1
2701 2703 0
2701 2709 0
2701 2718 0
2701 5835 0
2701 5855 0
2701 19689 0
2701 5885 0
2701 3884 0
2701 5422 0
2701 5464 0
2701 5981 0
2701 3426 0
2701 8065 0
2701 3462 0
2701 13710 0
2701 2712 0
2701 3986 0
2701 915 0
2701 7064 0
2701 19879 0
2701 8440 0
2701 5620 1
2703 8440 0
2703 256 1
2703 277 0
2703 301 0
2703 338 0
2703 413 0
2703 4534 0
2703 6604 0
2703 2594 0
2703 4664 1
2703 6792 0
2703 2703 0
2703 2705 0
2703 2709 0
2703 2712 0
2703 2718 0
2703 2721 0
2703 2722 0
2703 8867 0
2703 8881 0
2703 915 0
2703 21322 0
2703 3009 0
2703 972 0
2703 11236 0
2703 1022 0
2703 3397 0
2703 3426 0
2703 3462 0
2703 5620 1
2703 3745 1
2703 5835 0
2703 5855 0
2703 5885 0
2703 3884 0
2703 5949 0
2703 5953 0
2703 8065 0
2703 3986 0
2703 1957 0
2705 4664 1
2705 7009 0
2705 6792 0
2705 2709 0
2705 2718 0
2705 8881 0
2705 1714 0
2705 4803 0
2705 5835 0
2705 4301 0
2705 729 0
2705 5855 0
2705 8440 0
2705 5885 0
2705 2338 0
2705 3884 0
2705 5953 0
2705 338 0
2705 3426 0
2705 915 0
2705 3462 0
2705 413 0
2705 988 0
2705 16354 0
2705 5620 1
4803 669 0
4803 4803 0
4803 5855 0
4803 1259 0
4803 4343 0
4803 6918 0
4803 263 1
4803 3426 0
4803 5994 0
4803 891 0
4803 1927 0
4803 1928 0
4803 4530 1
4803 1022 0
7317 151 1
7317 8377 0
7317 4300 0
7317 263 1
7317 287 0
7317 2338 0
7317 338 0
7317 3844 0
7317 2712 0
7317 21378 0
7317 5052 0
7317 1022 0
7317 3163 0
7317 5994 0
7317 3352 0
7317 3353 0
7317 3354 0
7317 3355 0
7317 5620 1
7317 1714 0
7317 20251 0
7317 5952 0
7317 5978 0
7317 5981 0
7317 3986 0
7317 8163 0
18582 2718 0
18582 8867 0
18582 4542 0
13463 2709 0
13463 8854 0
13463 13463 0
13463 3745 1
13463 5855 0
13463 6378 0
13463 277 0
13463 287 0
1688 1688 0
1688 2718 0
1688 1259 0
1688 263 1
1688 3354 0
1688 5432 0
1688 5981 0
1688 19879 0
1688 16354 0
1688 3043 0
2714 2714 0
2714 2338 0
2714 8940 0
2714 8597 0
2714 4524 0
2714 4525 0
2714 4526 0
2714 4534 0
2714 4544 0
2714 4546 0
2714 19879 0
2714 2594 0
2714 2709 0
2714 2712 0
2714 2718 0
2714 2722 0
2714 8867 0
2714 8881 0
2714 4957 0
2714 915 0
2714 7083 0
2714 972 0
2714 5085 0
2714 7165 0
2714 5422 0
2714 5432 0
2714 1350 0
2714 5466 0
2714 3426 0
2714 13710 0
2714 5620 1
2714 5855 0
2714 5949 0
2714 5981 0
2714 5994 0
2714 1928 0
2714 3986 0
2714 21148 0
9075 3745 1
9075 4530 1
9075 9075 0
21148 11236 0
21148 5755 1
21148 21148 0
21148 3814 1
21148 3844 0
21148 3352 0
21148 3353 0
21148 3354 0
21148 3355 0
21148 3357 0
21148 3358 0
21148 1335 0
21148 5945 0
21148 2382 0
21148 8016 0
21148 5978 0
21148 5981 0
21148 5994 0
21148 1928 0
21148 5052 0
21148 12241 0
21148 7165 0
669 3762 0
669 301 0
669 338 0
669 6604 0
669 19879 0
669 4664 1
669 6792 0
669 2709 0
669 669 0
669 2718 0
669 8867 0
669 8883 0
669 729 0
669 6918 0
669 7064 0
669 972 0
669 13284 0
669 1221 0
669 1223 0
669 1224 0
669 5432 0
669 3397 0
669 1359 0
669 3426 0
669 3462 0
669 8440 0
669 3745 1
669 3757 0
669 5835 0
669 3814 1
669 5885 0
669 3884 0
669 5945 0
669 5981 0
669 1927 0
3230 21378 0
3230 263 1
3230 729 0
3230 287 0
3230 2338 0
3230 4664 1
3230 4300 0
2721 256 1
2721 3462 0
2721 2712 0
2721 2721 0
2721 2722 0
2721 301 0
2721 6792 0
2721 9009 0
2721 1221 0
2721 1223 0
2721 6359 0
2721 8881 0
2721 5855 0
2721 5755 1
3746 4664 1
3746 6792 0
3746 2709 0
3746 3745 1
3746 3746 0
3746 3757 0
3746 694 0
3746 2243 0
3746 1221 0
3746 5835 0
3746 4301 0
3746 729 0
3746 263 1
3746 3802 0
3746 2338 0
3746 3884 0
3746 5432 0
3746 1350 0
3746 13880 0
3746 338 0
3746 4957 0
3746 7009 0
3746 21378 0
3746 3462 0
3746 3986 0
3746 7064 0
3746 19879 0
3746 4546 0
3746 972 0
3746 5085 0
8867 4296 0
8867 4301 0
8867 6359 0
8867 242 0
8867 263 1
8867 2338 0
8867 301 0
8867 338 0
8867 413 0
8867 4544 0
8867 6560 0
8867 4546 0
8867 2594 0
8867 2712 0
8867 8867 0
8867 729 0
8867 8940 0
8867 21378 0
8867 911 0
8867 7064 0
8867 3043 0
8867 11236 0
8867 1022 0
8867 3397 0
8867 3426 0
8867 5496 0
8867 3462 0
8867 13710 0
8867 5016 0
8867 19879 0
8867 3745 1
8867 3802 0
8867 16125 0
8867 3884 0
8867 5945 0
8867 5952 0
8867 8065 0
8867 3986 0
8867 13284 0
1197 5466 0
1197 8440 0
1197 1197 0
1197 8881 0
1197 1714 0
1197 705 0
1197 1221 0
1197 1223 0
1197 1224 0
1197 5855 0
1197 3814 1
1197 729 0
1197 3354 0
1197 3358 0
1197 2338 0
1197 301 0
1197 5432 0
1197 10044 0
1197 5620 1
1197 1927 0
1197 7064 0
1197 1957 0
1197 4553 0
1197 4564 0
1197 3043 0
1197 6560 0
1197 7165 0
3246 4664 1
3246 2709 0
3246 3745 1
3246 242 0
3246 1359 0
3246 3426 0
3246 1927 0
3246 6035 0
3246 19879 0
3246 13284 0
17308 5981 0
17308 8881 0
17308 5855 0
17308 5932 1
17308 4957 0
17308 5016 0
17308 5620 1
4296 3986 0
4296 2712 0
4296 2338 0
4296 4296 0
4296 4300 0
4296 4664 1
4296 729 0
4296 4301 0
4296 6779 0
4296 5755 1
3762 6792 0
3762 3762 0
3762 693 0
3762 694 0
3762 5835 0
3762 5855 0
3762 263 1
3762 2338 0
3762 1335 0
3762 5432 0
3762 1359 0
3762 5978 0
3762 5981 0
3762 3462 0
3762 1927 0
3762 3986 0
3762 915 0
3762 5052 0
3762 3745 1
3762 9173 0
3762 3043 0
3762 1022 0
8883 5788 0
8883 3745 1
8883 2722 0
8883 8883 0
8883 3802 0
8883 263 1
8883 9009 0
8883 21322 0
8883 7379 0
8883 3986 0
8883 5016 0
8883 19879 0
12980 12650 1
693 6792 0
693 2712 0
693 3745 1
693 694 0
693 1221 0
693 729 0
693 3814 1
693 20251 0
693 338 0
693 13284 0
693 4957 0
693 3426 0
693 3462 0
693 1927 0
693 3986 0
693 8128 0
693 972 0
693 11236 0
693 5885 0
694 5467 0
694 2243 0
694 3745 1
694 3757 0
694 1714 0
694 3772 0
694 5868 0
694 4343 0
694 16125 0
694 9173 0
694 263 1
694 1335 0
694 1359 0
694 338 0
694 5464 0
694 5466 0
694 3426 0
694 4463 0
694 5496 0
694 1927 0
694 1928 0
694 911 0
694 8597 0
694 7064 0
694 20251 0
694 8128 0
694 6604 0
694 988 0
694 4063 0
694 17379 0
694 13284 0
694 16329 0
694 1022 0
16055 547 1
16055 3397 0
16055 5755 1
8376 548 0
8376 6792 0
8376 2709 0
8376 972 0
8376 5835 0
8376 19689 0
8376 8440 0
8376 5885 0
8376 3884 0
8376 5432 0
8376 5949 0
8376 338 0
8376 3462 0
8376 13710 0
8376 9164 0
8376 3426 0
8376 5620 1
8377 8881 0
8377 4664 1
8377 5788 0
8377 2718 0
8377 6359 0
8377 729 0
8377 5855 0
8377 19689 0
8377 2338 0
8377 5949 0
8377 5952 0
8377 5953 0
8377 338 0
8377 4957 0
8377 3426 0
8377 8065 0
8377 13710 0
8377 3986 0
8377 988 0
8377 11236 0
705 5981 0
705 4664 1
705 6792 0
705 8898 0
705 2709 0
705 701 0
705 705 0
705 5835 0
705 3802 0
705 5855 0
705 1259 0
705 4343 0
705 5885 0
705 256 1
705 270 0
705 287 0
705 301 0
705 5422 0
705 5432 0
705 3397 0
705 5978 0
705 5477 0
705 11676 0
705 498 0
705 5052 0
705 4546 0
705 972 0
705 2525 0
6331 263 1
6331 284 1
3772 3745 1
3772 3757 0
3772 5855 0
3772 16125 0
3772 2338 0
3772 1359 0
3772 338 0
3772 4957 0
3772 3462 0
3772 1927 0
3772 3986 0
3772 7064 0
3772 1957 0
3772 4530 1
3772 4544 0
3772 9173 0
701 256 1
701 270 0
701 287 0
701 3745 1
701 701 0
701 5885 0
3757 4664 1
3757 6792 0
3757 3745 1
3757 729 0
3757 5855 0
3757 16125 0
3757 2338 0
3757 5432 0
3757 1359 0
3757 338 0
3757 5464 0
3757 5466 0
3757 5467 0
3757 4957 0
3757 4463 0
3757 5496 0
3757 3462 0
3757 1927 0
3757 911 0
3757 3986 0
3757 7064 0
3757 8128 0
3757 6604 0
3757 9173 0
3757 4063 0
3757 17379 0
3757 13284 0
2242 4664 1
2242 3745 1
2242 2242 0
2242 2243 0
2242 1927 0
2242 6604 0
2243 2594 0
2243 4664 1
2243 2712 0
2243 2718 0
2243 3745 1
2243 2243 0
2243 3802 0
2243 719 0
2243 242 0
2243 4343 0
2243 6918 0
2243 6359 0
2243 5949 0
2243 3441 0
2243 3462 0
2243 915 0
2243 413 0
2243 19879 0
2243 2722 0
2243 9173 0
2243 19427 0
1221 8881 0
1221 3426 0
1221 4300 0
1221 263 1
1221 284 1
1221 338 0
1221 4485 0
1221 4525 0
1221 413 0
1221 2594 0
1221 4664 1
1221 2718 0
1221 2722 0
1221 719 0
1221 6918 0
1221 9009 0
1221 863 0
1221 915 0
1221 5016 0
1221 972 0
1221 3043 0
1221 1221 0
1221 1223 0
1221 1224 0
1221 1256 0
1221 1259 0
1221 5432 0
1221 5466 0
1221 5477 0
1221 19879 0
1221 15818 0
1221 1957 0
1221 16354 0
1221 287 0
1221 3802 0
1221 5855 0
1221 5981 0
1221 8065 0
1221 3986 0
1221 3397 0
1221 1350 0
1221 3745 1
1223 5422 0
1223 2594 0
1223 4664 1
1223 5477 0
1223 16354 0
1223 2718 0
1223 2722 0
1223 1224 0
1223 719 0
1223 3802 0
1223 5855 0
1223 1259 0
1223 9009 0
1223 5432 0
1223 338 0
1223 5981 0
1223 4957 0
1223 3986 0
1223 1957 0
1223 3043 0
1223 11236 0
1224 19879 0
1224 4546 0
1224 1224 0
1224 5855 0
1224 1259 0
1224 263 1
1224 823 1
1224 2382 0
1224 863 0
1224 5994 0
1224 4463 0
1224 4477 0
1224 3986 0
1224 14157 0
1224 988 0
1224 16354 0
1224 7165 0
9164 16607 0
9164 3844 0
9164 8065 0
9164 11676 0
9164 5537 0
9164 4530 1
9164 9164 0
9164 9172 0
5835 5981 0
5835 6792 0
5835 2709 0
5835 2712 0
5835 2718 0
5835 5835 0
5835 4300 0
5835 2338 0
5835 719 0
5835 729 0
5835 7379 0
5835 5885 0
5835 20251 0
5835 1350 0
5835 14157 0
5835 8163 0
5835 5978 0
5835 5994 0
5835 4463 0
5835 6035 0
5835 5016 0
5835 8597 0
5835 413 0
5835 5051 0
5835 5052 0
5835 3745 1
5835 972 0
5835 5620 1
5835 1022 0
4300 4664 1
4300 5981 0
4300 20251 0
4300 5953 0
4300 5755 1
4300 4300 0
4300 4301 0
4300 729 0
4300 3802 0
4300 2338 0
4300 1335 0
4300 1259 0
4300 1927 0
4300 1928 0
4300 3986 0
4300 19879 0
4300 16354 0
2594 6359 0
2594 242 0
2594 263 1
2594 270 0
2594 287 0
2594 2338 0
2594 338 0
2594 8597 0
2594 413 0
2594 4524 0
2594 4525 0
2594 4526 0
2594 4553 0
2594 2594 0
2594 2709 0
2594 2718 0
2594 2722 0
2594 8881 0
2594 6918 0
2594 911 0
2594 5016 0
2594 498 0
2594 5040 0
2594 5052 0
2594 972 0
2594 11236 0
2594 3046 0
2594 1022 0
2594 4957 0
2594 3163 0
2594 1259 0
2594 3426 0
2594 7064 0
2594 19879 0
2594 3745 1
2594 3802 0
2594 5855 0
2594 5954 0
2594 5994 0
2594 8065 0
2594 1927 0
2594 2712 0
2594 3986 0
4301 5466 0
4301 4664 1
4301 3163 0
4301 2709 0
4301 2712 0
4301 3745 1
4301 729 0
4301 5755 1
4301 287 0
4301 2338 0
4301 3884 0
4301 6779 0
4301 13710 0
4301 3986 0
4301 7064 0
4301 4530 1
7379 719 0
7379 7379 0
7379 287 0
7379 3426 0
7379 3986 0
7379 5537 0
7379 4524 0
7379 4525 0
7379 4530 1
7379 9172 0
8918 8918 0
8918 3745 1
8918 4521 0
8918 455 1
215 547 1
215 4664 1
215 2718 0
548 270 0
548 3357 0
548 3358 0
548 547 1
548 548 0
548 6559 0
548 719 0
3802 6359 0
3802 6378 0
3802 242 0
3802 2338 0
3802 338 0
3802 413 0
3802 4530 1
3802 4546 0
3802 2709 0
3802 2712 0
3802 2718 0
3802 2722 0
3802 8881 0
3802 6918 0
3802 4957 0
3802 21378 0
3802 5016 0
3802 5040 0
3802 5432 0
3802 1350 0
3802 3426 0
3802 19879 0
3802 3802 0
3802 5855 0
3802 5954 0
3802 11236 0
3802 5981 0
3802 3986 0
3802 1957 0
3802 3745 1
719 4524 0
719 2709 0
719 2718 0
719 807 0
719 719 0
719 1259 0
719 5885 0
719 3353 0
719 287 0
719 301 0
719 8520 0
719 1359 0
719 4664 1
719 4957 0
719 4463 0
719 4477 0
719 4485 0
719 1927 0
719 3986 0
719 11676 0
719 13284 0
719 1022 0
9009 19879 0
9009 6792 0
9009 2718 0
9009 2722 0
9009 6378 0
9009 8440 0
9009 5885 0
9009 284 1
9009 287 0
9009 301 0
9009 9009 0
9009 21322 0
9009 863 0
9009 5994 0
9009 3441 0
9009 3462 0
9009 3986 0
9009 972 0
9009 5620 1
16607 3844 0
16607 18299 0
16607 5537 0
16607 4530 1
16607 9172 0
16607 16354 0
5016 2338 0
5016 338 0
5016 413 0
5016 4664 1
5016 6792 0
5016 2709 0
5016 2718 0
5016 2722 0
5016 8881 0
5016 5040 0
5016 5051 0
5016 5052 0
5016 11236 0
5016 3426 0
5016 19879 0
5016 5620 1
5016 5855 0
5016 3884 0
5016 5953 0
5016 5954 0
5016 5978 0
5016 8065 0
5016 3986 0
5016 16354 0
6779 4664 1
6779 5755 1
6779 729 0
6779 2338 0
3814 263 2
3814 5537 1
3814 5432 1
3814 5945 1
3814 3426 1
1256 2709 0
1256 8881 0
1256 1256 0
1256 1259 0
1256 263 1
1256 287 0
1256 5932 1
1256 338 0
1256 5464 0
1256 5466 0
1256 3426 0
1256 5994 0
1256 3986 0
1256 13284 0
1256 3046 0
1256 7165 0
19689 1927 0
19689 8440 0
19689 2718 0
19689 3745 1
19689 2722 0
19689 4530 1
19689 5952 0
19689 6359 0
19689 5464 0
19689 5466 0
19689 5981 0
6378 5978 0
6378 4957 0
6378 4664 1
6378 6792 0
6378 3745 1
6378 8881 0
6378 6378 0
6378 8941 0
6378 3354 0
6378 301 0
6378 5422 0
6378 5855 0
6378 1350 0
6378 1359 0
6378 8016 0
6378 8163 0
6378 4477 0
6378 8065 0
6378 3986 0
6378 7064 0
6378 5981 0
6378 5052 0
6378 6604 0
6378 5885 0
1259 6359 0
1259 263 1
1259 287 0
1259 301 0
1259 2382 0
1259 4524 0
1259 4534 0
1259 4664 1
1259 2712 0
1259 2722 0
1259 8881 0
1259 729 0
1259 891 0
1259 7064 0
1259 972 0
1259 11236 0
1259 3046 0
1259 7165 0
1259 3353 0
1259 3354 0
1259 3355 0
1259 3358 0
1259 5422 0
1259 5432 0
1259 1350 0
1259 3426 0
1259 3467 0
1259 5755 1
1259 20251 0
1259 3884 0
1259 3986 0
1259 16354 0
8940 4664 1
8940 6792 0
8940 2718 0
8940 8940 0
8940 5885 0
8940 3352 0
8940 3353 0
8940 3354 0
8940 3355 0
8940 3357 0
8940 3358 0
8940 5978 0
8940 5981 0
8940 4521 0
8940 5052 0
8941 4664 1
8941 3353 0
8941 3354 0
8941 3357 0
8941 3358 0
8941 5978 0
8941 5981 0
8941 8941 0
8941 3986 0
8941 4521 0
8941 5052 0
8941 11223 0
1679 5954 0
1679 5755 1
1679 1679 0
1679 7592 1
1679 5432 0
240 3745 1
240 1714 0
240 1335 0
240 1022 0
242 4957 0
242 4664 1
242 3426 0
242 2712 0
242 2718 0
242 3745 1
242 2722 0
242 6359 0
242 5855 0
242 5885 0
242 6918 0
242 287 0
242 2338 0
242 5432 0
242 1359 0
242 338 0
242 1927 0
242 3986 0
242 7064 0
242 413 0
242 6560 0
242 19879 0
242 4534 0
242 4544 0
242 4546 0
242 9172 0
242 9173 0
242 5085 0
242 13284 0
547 547 2
547 17976 1
547 5885 1
547 270 1
547 3352 1
547 3353 1
547 20251 1
547 3357 1
547 3358 1
547 287 1
547 10044 1
547 8002 1
547 8016 1
547 13880 1
547 5978 1
547 863 1
547 4477 1
547 7571 1
547 6559 1
547 7083 1
547 5052 1
547 15818 1
547 12241 1
547 11236 1
4343 4664 1
4343 3745 1
4343 263 1
4343 2338 0
4343 5432 0
4343 5464 0
4343 3426 0
4343 1927 0
4343 7064 0
4343 7083 0
4343 9173 0
4343 13284 0
4343 3046 0
8440 6792 0
8440 2709 0
8440 2712 0
8440 2718 0
8440 2722 0
8440 8440 0
8440 5885 0
8440 270 0
8440 3357 0
8440 3358 0
8440 2338 0
8440 14157 0
8440 338 0
8440 5978 0
8440 5981 0
8440 3426 0
8440 911 0
8440 19879 0
8440 4530 1
8440 5051 0
8440 5052 0
8440 1359 0
8440 5620 1
9172 3844 0
9172 287 0
9172 11676 0
9172 5537 0
9172 4530 1
250 4534 0
250 4524 0
250 6359 0
250 263 1
250 5855 0
250 14157 0
250 5945 0
250 863 0
250 8547 0
250 6035 0
250 15818 0
15612 4664 1
15612 6792 0
15612 151 1
15612 2718 0
15612 8898 0
15612 15612 0
15612 3043 0
15612 2382 0
15612 13710 0
15612 6560 0
15612 972 0
16125 3462 0
16125 1927 0
16125 6792 0
16125 7064 0
16125 3745 1
16125 2338 0
16125 4957 0
16125 4664 1
16125 1359 0
16125 9173 0
16125 13284 0
16125 16125 0
3043 6359 0
3043 287 0
3043 2382 0
3043 6560 0
3043 2712 0
3043 2718 0
3043 2722 0
3043 8881 0
3043 301 0
3043 863 0
3043 891 0
3043 5052 0
3043 3043 0
3043 3353 0
3043 3354 0
3043 3355 0
3043 5464 0
3043 5466 0
3043 5467 0
3043 3844 0
3043 5932 1
3043 5432 0
3043 5978 0
3043 5981 0
3043 5994 0
3043 1927 0
3043 8089 0
3043 1957 0
3043 16354 0
19427 4521 0
19427 455 1
19427 15112 1
19427 3009 0
19427 18299 0
256 270 1
256 2718 1
256 5855 1
256 4463 1
256 498 1
6913 6913 0
6913 263 1
6913 4664 1
6913 2382 0
5788 5788 0
5788 287 0
5788 6359 0
5788 5855 0
5788 823 1
5788 5952 0
5788 14157 0
5788 863 0
5788 6035 0
3844 4664 1
3844 20251 0
3844 1714 0
3844 3844 0
3844 3352 0
3844 3353 0
3844 3354 0
3844 3357 0
3844 3358 0
3844 3462 0
3844 5978 0
3844 338 0
3844 3986 0
3844 915 0
3844 11676 0
3844 5981 0
3844 5052 0
3844 4542 0
3844 11223 0
3844 7165 0
6918 2712 0
6918 2718 0
6918 3745 1
6918 2722 0
6918 6359 0
6918 263 1
6918 3426 0
6918 8065 0
6918 3986 0
6918 413 0
6918 19879 0
6918 4553 0
263 18863 1
263 5467 1
263 4957 1
263 16698 1
263 3163 1
263 2709 1
263 8854 1
263 6359 1
263 5855 1
263 5868 1
263 263 2
263 2338 1
263 3884 1
263 3210 1
263 5953 1
263 8520 1
263 2382 1
263 13710 1
263 5466 1
263 8547 1
263 21149 1
263 5949 1
263 915 1
263 4477 1
263 21378 1
263 1927 1
263 1928 1
263 16329 1
263 7064 1
263 8089 1
263 5981 1
263 10890 1
263 4524 1
263 4525 1
263 4526 1
263 5051 1
263 9173 1
263 8898 1
263 8881 1
263 988 1
263 5085 1
263 4063 1
263 17379 1
263 3046 1
263 498 1
263 7165 1
15112 18299 1
5932 5932 2
5932 21149 1
5932 287 1
5932 5537 1
5932 5422 1
5932 16354 1
5932 9961 1
5932 3441 1
5932 18299 1
6359 2382 0
6359 338 0
6359 4485 0
6359 413 0
6359 18863 0
6359 5949 0
6359 19879 0
6359 6792 0
6359 2712 0
6359 2718 0
6359 2722 0
6359 4553 0
6359 729 0
6359 21322 0
6359 7064 0
6359 5040 0
6359 988 0
6359 11236 0
6359 5422 0
6359 3397 0
6359 3426 0
6359 3462 0
6359 13710 0
6359 5855 0
6359 5952 0
6359 5953 0
6359 5954 0
6359 5981 0
6359 8065 0
6359 3986 0
270 4664 1
270 5885 0
270 270 0
270 2382 0
270 5978 0
270 5981 0
270 5994 0
270 3462 0
270 5052 0
270 5085 0
270 5620 1
3163 2338 0
3163 8881 0
3163 1714 0
3163 4664 1
3163 729 0
3163 3163 0
3163 988 0
3163 2709 0
21149 4542 0
277 277 0
277 2712 0
277 3354 0
277 2718 0
277 3745 1
277 5432 0
277 891 0
277 2709 0
1714 2709 0
1714 2712 0
1714 3745 1
1714 1714 0
1714 2338 0
1714 1359 0
1714 13284 0
1714 5981 0
1714 1927 0
1714 3986 0
1714 7064 0
1714 9173 0
1714 988 0
1714 1022 0
3352 5855 0
3352 3352 0
3352 3353 0
3352 3354 0
3352 3355 0
3352 3357 0
3352 287 0
3352 301 0
3352 5949 0
3352 2382 0
3352 8016 0
3352 13880 0
3352 5978 0
3352 5981 0
3352 7571 0
3352 3467 0
3352 5052 0
3352 11236 0
3353 6560 0
3353 4530 1
3353 8854 0
3353 8881 0
3353 863 0
3353 5052 0
3353 972 0
3353 5085 0
3353 11236 0
3353 5978 0
3353 3353 0
3353 3354 0
3353 3355 0
3353 3357 0
3353 3358 0
3353 1335 0
3353 5432 0
3353 5466 0
3353 7517 0
3353 7571 0
3353 7592 1
3353 15818 0
3353 1957 0
3353 5855 0
3353 5949 0
3353 8016 0
3353 8089 0
3354 287 0
3354 2338 0
3354 301 0
3354 2382 0
3354 6560 0
3354 2712 0
3354 15818 0
3354 729 0
3354 863 0
3354 891 0
3354 972 0
3354 5085 0
3354 11236 0
3354 7165 0
3354 3354 0
3354 3355 0
3354 3358 0
3354 1335 0
3354 5466 0
3354 3467 0
3354 7571 0
3354 7592 1
3354 5620 1
3354 5755 1
3354 5855 0
3354 8016 0
3354 5432 0
3354 5981 0
3354 8065 0
3354 1927 0
3354 8089 0
3354 1957 0
3355 5978 0
3355 8881 0
3355 15818 0
3355 5755 1
3355 3358 0
3355 8898 0
3355 3884 0
3355 11236 0
3355 3355 0
3355 3357 0
3355 301 0
3355 1350 0
3355 5432 0
3355 8163 0
3355 5466 0
3355 7517 0
3355 5994 0
3355 891 0
3355 6560 0
3355 1957 0
3355 7592 1
3355 5052 0
3355 8016 0
3355 7165 0
284 3397 1
284 284 2
284 5432 1
284 287 1
284 4553 1
284 5477 1
284 9961 1
3357 3358 0
3357 7083 0
3357 4553 0
3357 17976 0
3357 8016 0
3357 11236 0
3357 5620 1
3358 17976 0
3358 5755 1
3358 8881 0
3358 729 0
3358 5855 0
3358 3358 0
3358 8016 0
3358 5477 0
3358 8065 0
3358 7083 0
3358 4564 0
3358 16354 0
3358 11236 0
3358 5620 1
287 287 0
287 8547 0
287 8881 0
287 863 0
287 911 0
287 1335 0
287 2338 0
287 2382 0
287 413 0
287 2712 0
287 2718 0
287 19321 1
287 11236 0
287 3397 0
287 3426 0
287 19879 0
287 1957 0
287 3745 1
287 4485 0
287 4553 0
287 4957 0
287 5052 0
287 13284 0
287 5464 0
287 5755 1
287 5885 0
287 5953 0
287 5994 0
287 7592 1
287 8002 0
287 8089 0
287 8163 0
2338 8547 0
2338 2338 0
2338 4463 0
2338 8597 0
2338 413 0
2338 4530 1
2338 6604 0
2338 16329 0
2338 2709 0
2338 2712 0
2338 2718 0
2338 2722 0
2338 8881 0
2338 729 0
2338 911 0
2338 5051 0
2338 5052 0
2338 9173 0
2338 13284 0
2338 1022 0
2338 5981 0
2338 1335 0
2338 5432 0
2338 5978 0
2338 1359 0
2338 5464 0
2338 5466 0
2338 3426 0
2338 13710 0
2338 7064 0
2338 19879 0
2338 20251 0
2338 3745 1
2338 988 0
2338 5949 0
2338 5954 0
2338 5994 0
2338 1927 0
2338 1928 0
2338 3986 0
2338 8128 0
5755 20251 1
5755 2718 1
5755 729 1
5755 5755 2
5755 5885 1
5755 807 1
5755 1335 1
5755 5432 1
5755 8002 1
5755 1350 1
5755 9034 1
5755 5981 1
5755 7064 1
5755 7571 1
5755 7592 2
5755 7083 1
5755 4542 1
5755 7517 1
5755 11223 1
5755 8163 1
5755 11236 1
5755 5620 2
807 4546 0
807 3745 1
807 5885 0
807 807 0
807 1359 0
807 1927 0
807 7064 0
807 4524 0
807 4534 0
807 4544 0
807 9173 0
807 13284 0
8854 2709 0
8854 8854 0
8854 3745 1
301 4664 1
301 16354 0
301 2722 0
301 455 1
301 5855 0
301 3884 0
301 301 0
301 1350 0
301 2382 0
301 5432 0
301 5994 0
301 891 0
301 1927 0
301 4463 0
301 8089 0
301 6560 0
301 5981 0
301 2718 0
301 4534 0
301 6604 0
5422 413 0
5422 4530 1
5422 5422 0
5422 5949 0
5422 5952 0
5422 5953 0
5422 8016 0
5422 8089 0
5085 3745 1
5085 5085 0
5085 5855 0
6792 2382 0
6792 4477 0
6792 8597 0
6792 6560 0
6792 4544 0
6792 6792 0
6792 2712 0
6792 2718 0
6792 2722 0
6792 5051 0
6792 5052 0
6792 972 0
6792 13284 0
6792 7165 0
6792 1022 0
6792 1359 0
6792 3462 0
6792 5620 1
6792 3745 1
6792 5885 0
6792 3884 0
6792 5953 0
6792 5978 0
6792 5981 0
6792 2709 0
6792 1927 0
6792 4063 0
972 8881 0
972 7165 0
972 2718 0
972 5855 0
972 5885 0
972 3884 0
972 338 0
972 5994 0
972 4463 0
972 4477 0
972 3462 0
972 3986 0
972 6560 0
972 8597 0
972 4534 0
972 5620 1
972 4544 0
972 3745 1
972 972 0
972 2722 0
972 1022 0
1335 3745 1
1335 20251 0
1335 1359 0
1335 1927 0
1335 915 0
1335 7064 0
1335 4534 0
1335 4544 0
1335 4546 0
1335 9173 0
1335 988 0
1335 13284 0
1335 1022 0
5432 4485 0
5432 8597 0
5432 4534 0
5432 4546 0
5432 455 1
5432 2709 0
5432 2712 0
5432 2718 0
5432 2722 0
5432 863 0
5432 7165 0
5432 5432 0
5432 1359 0
5432 5464 0
5432 5477 0
5432 3745 1
5432 17379 0
5432 5855 0
5432 5868 0
5432 3884 0
5432 5945 0
5432 5981 0
5945 1927 0
5945 3986 0
5945 8881 0
5945 4524 0
5945 4534 0
5945 10044 0
5945 3745 1
5945 9034 0
5945 5945 0
5945 3426 0
16698 4525 0
16698 4530 1
5855 7165 0
5855 8881 0
5855 2382 0
5855 13710 0
5855 8547 0
5855 4463 0
5855 4477 0
5855 413 0
5855 6560 0
5855 4524 0
5855 4534 0
5855 11676 0
5855 4553 0
5855 19879 0
5855 498 0
5855 4664 1
5855 2709 0
5855 2712 0
5855 2718 0
5855 2722 0
5855 863 0
5855 5040 0
5855 5051 0
5855 5052 0
5855 11236 0
5855 1022 0
5855 4957 0
5855 1350 0
5855 1359 0
5855 3467 0
5855 7064 0
5855 15818 0
5855 3745 1
5855 5855 0
5855 5868 0
5855 7083 0
5855 5949 0
5855 5952 0
5855 5953 0
5855 13284 0
5855 5978 0
5855 5981 0
5855 5994 0
5855 8065 0
5855 1927 0
5855 8089 0
5855 16354 0
10044 455 1
10044 20251 0
10044 1928 0
10044 7648 1
5949 5952 0
5949 5953 0
5949 2709 0
5949 2712 0
5949 3745 1
5949 8881 0
5949 3397 0
5949 14157 0
5949 338 0
5949 4957 0
5949 3426 0
5949 13710 0
5949 5052 0
5952 4664 1
5952 5954 0
5952 338 0
5952 3426 0
5952 4957 0
5952 13710 0
5952 988 0
5953 18863 0
5953 2709 0
5953 2712 0
5953 2718 0
5953 2722 0
5953 5953 0
5953 5466 0
5953 8547 0
5953 2382 0
5953 13710 0
5953 7064 0
5953 3986 0
5953 4524 0
5953 5040 0
5953 13284 0
8002 21378 0
8002 3986 0
8002 8002 0
8002 11236 0
5040 8881 0
5040 4664 1
5040 5954 0
5040 338 0
5040 5978 0
5040 3426 0
5040 1957 0
5040 4530 1
5040 5051 0
5040 5052 0
5040 11236 0
5040 19879 0
3397 2712 0
3397 5885 0
3397 3397 0
3397 2382 0
3397 863 0
3397 4477 0
3397 4485 0
3397 5981 0
3397 4524 0
3397 4525 0
3397 4526 0
3397 4530 1
3397 16354 0
1350 5994 0
1350 16329 0
1350 1350 0
1350 5978 0
1350 5464 0
1350 5466 0
1350 5981 0
1350 7592 1
1350 5052 0
8520 823 1
823 823 2
5978 2712 0
5978 2722 0
5978 20251 0
5978 8881 0
5978 5885 0
5978 338 0
5978 11236 0
5978 5978 0
5978 3426 0
5978 3462 0
5978 911 0
5978 915 0
5978 5051 0
5978 5052 0
5978 4553 0
5978 15818 0
5978 19879 0
5978 5620 1
14157 3426 0
14157 2712 0
14157 2718 0
14157 5885 0
14157 3884 0
14157 4957 0
14157 8547 0
14157 3986 0
14157 3462 0
14157 13710 0
14157 1957 0
14157 5620 1
14157 1022 0
2382 2382 0
2382 4463 0
2382 6560 0
2382 4524 0
2382 4525 0
2382 4526 0
2382 4530 1
2382 4534 0
2382 4546 0
2382 4664 1
2382 2718 0
2382 8881 0
2382 891 0
2382 7165 0
2382 3884 0
1359 4664 1
1359 3745 1
1359 2722 0
1359 5868 0
1359 9173 0
1359 338 0
1359 5464 0
1359 5466 0
1359 3986 0
1359 4463 0
1359 5496 0
1359 3462 0
1359 1927 0
1359 1928 0
1359 911 0
1359 7064 0
1359 11676 0
1359 8128 0
1359 4553 0
1359 6604 0
1359 988 0
1359 17379 0
1359 13284 0
1359 3046 0
1359 16329 0
1359 7165 0
1359 1022 0
8016 8881 0
8016 5885 0
8016 8016 0
8016 5981 0
8016 3986 0
8016 6035 0
8016 19879 0
8016 15818 0
8016 11236 0
13880 1927 0
13880 3745 1
13880 11236 0
338 338 0
338 4485 0
338 2712 0
338 2722 0
338 863 0
338 5052 0
338 988 0
338 17379 0
338 13284 0
338 1022 0
338 5464 0
338 5466 0
338 911 0
338 13710 0
338 7571 0
338 19879 0
338 5620 1
338 3745 1
338 5885 0
338 5981 0
338 2709 0
338 1927 0
338 16354 0
17379 21378 0
17379 7064 0
17379 3745 1
17379 1927 0
17379 9173 0
17379 13284 0
2722 413 0
2722 4524 0
2722 4525 0
2722 4546 0
2722 4553 0
2722 6604 0
2722 19879 0
2722 4664 1
2722 2709 0
2722 2712 0
2722 2718 0
2722 2722 0
2722 863 0
2722 21378 0
2722 915 0
2722 7064 0
2722 5051 0
2722 21322 0
2722 3009 0
2722 5464 0
2722 3426 0
2722 3462 0
2722 13710 0
2722 5620 1
2722 3745 1
2722 3884 0
2722 5981 0
2722 8065 0
2722 1927 0
2722 3986 0
2722 16354 0
5464 8881 0
5464 4957 0
5464 4664 1
5464 13284 0
5464 2709 0
5464 2718 0
5464 3745 1
5464 729 0
5464 9173 0
5464 3462 0
5464 3884 0
5464 5466 0
5464 5467 0
5464 1927 0
5464 3986 0
5464 7064 0
5464 4553 0
5464 6604 0
5464 11236 0
3745 3467 1
3745 4463 1
3745 4477 1
3745 4485 1
3745 8597 1
3745 413 1
3745 6560 1
3745 4534 1
3745 4544 1
3745 4546 1
3745 6604 1
3745 2709 1
3745 2718 1
3745 2525 1
3745 4957 1
3745 7009 1
3745 21378 1
3745 911 1
3745 7064 1
3745 9173 1
3745 988 1
3745 13284 1
3745 3046 1
3745 1022 1
3745 5994 1
3745 5466 1
3745 5467 1
3745 3426 1
3745 5496 1
3745 3462 1
3745 729 1
3745 3745 2
3745 5868 1
3745 3884 1
3745 5954 1
3745 8065 1
3745 1927 1
3745 1928 1
3745 3986 1
3745 8128 1
3745 16329 1
3745 4063 1
5466 4664 1
5466 13284 0
5466 2709 0
5466 8881 0
5466 729 0
5466 3884 0
5466 4957 0
5466 891 0
5466 3462 0
5466 1927 0
5466 3986 0
5466 7064 0
5466 4524 0
5466 4530 1
5466 6604 0
5466 9173 0
5466 988 0
5466 11236 0
5467 3462 0
5467 7064 0
5467 1927 0
5467 9173 0
5052 4664 1
5052 5981 0
5052 2712 0
5052 20251 0
5052 8881 0
5052 5885 0
5052 21322 0
5052 11236 0
5052 3426 0
5052 3462 0
5052 915 0
5052 5051 0
5052 5052 0
5052 15818 0
5052 19879 0
5052 5620 1
7517 7592 1
863 3426 0
863 2712 0
863 2718 0
863 8881 0
863 8163 0
863 4463 0
863 891 0
863 3986 0
863 7064 0
863 4530 1
7009 2709 0
7009 5885 0
7009 20251 0
7009 7009 0
7009 3986 0
7009 915 0
7009 1022 0
3426 8597 0
3426 413 0
3426 2709 0
3426 2712 0
3426 2718 0
3426 8547 0
3426 911 0
3426 5051 0
3426 3046 0
3426 1022 0
3426 4957 0
3426 3426 0
3426 13710 0
3426 7064 0
3426 5981 0
3426 19879 0
3426 5620 1
3426 5868 0
3426 5954 0
3426 8065 0
3426 1927 0
3426 1928 0
3426 3986 0
8547 8065 0
8547 13710 0
8547 5981 0
8547 4477 0
8547 4485 0
8547 3462 0
8547 3986 0
8547 11236 0
8547 7165 0
3884 5477 0
3884 2709 0
3884 2712 0
3884 2718 0
3884 8065 0
3884 8881 0
3884 3884 0
3884 8597 0
3884 1928 0
3884 3467 0
3884 1957 0
3884 4524 0
3884 4525 0
3884 4526 0
3884 4534 0
3884 6560 0
3884 5620 1
3884 7165 0
3884 1022 0
5477 5477 0
5477 5994 0
5477 4524 0
5477 4534 0
18299 4521 0
18299 3009 0
18299 18299 0
12650 11223 0
4463 4463 0
4463 4477 0
4463 4485 0
4463 4524 0
4463 4525 0
4463 4526 0
4463 4530 1
4463 498 0
4463 4664 1
4463 2712 0
4463 7064 0
4463 9173 0
4463 13284 0
4463 1022 0
4463 3462 0
4463 8065 0
4463 1927 0
4463 3986 0
4463 8089 0
3441 455 1
3441 10890 0
3441 3441 0
3441 1957 0
7571 729 0
7571 7571 0
9961 3467 0
5496 21378 0
5496 7064 0
5496 1927 0
5496 4664 1
5496 729 0
891 891 0
891 1957 0
891 7592 1
891 4542 0
4477 8065 0
4477 4485 0
4477 3462 0
4477 911 0
4477 3986 0
4477 915 0
4477 4957 0
4477 19879 0
4477 11236 0
2709 413 0
2709 5885 0
2709 4664 1
2709 2709 0
2709 2712 0
2709 2718 0
2709 8881 0
2709 729 0
2709 915 0
2709 7064 0
2709 11236 0
2709 4957 0
2709 3462 0
2709 19879 0
2709 5620 1
2709 16354 0
2709 5981 0
2709 8065 0
2709 3986 0
2709 8163 0
8065 413 0
8065 4521 0
8065 4542 0
8065 2718 0
8065 1022 0
8065 19879 0
8065 5620 1
8065 5954 0
8065 5994 0
8065 8065 0
8065 1927 0
8065 8163 0
21378 2712 0
21378 8881 0
21378 9173 0
21378 5994 0
21378 7083 0
21378 21378 0
21378 3462 0
21378 1927 0
21378 8089 0
21378 20251 0
21378 4530 1
21378 6604 0
21378 1022 0
8128 1927 0
8128 7064 0
8128 4524 0
8128 4530 1
8128 4553 0
8128 9173 0
8128 13284 0
4485 4664 1
3462 13284 0
3462 2712 0
3462 2718 0
3462 8881 0
3462 5885 0
3462 5981 0
3462 3462 0
3462 1927 0
3462 13710 0
3462 8597 0
3462 7064 0
3462 413 0
3462 4524 0
3462 4525 0
3462 4526 0
3462 5051 0
3462 11236 0
3462 5620 1
3462 1022 0
1927 4524 0
1927 4525 0
1927 4534 0
1927 4553 0
1927 6604 0
1927 2718 0
1927 4957 0
1927 911 0
1927 7064 0
1927 9173 0
1927 988 0
1927 13284 0
1927 3046 0
1927 1022 0
1927 19879 0
1927 5620 1
1927 5868 0
1927 11236 0
1927 1928 0
1927 3986 0
1928 4664 1
1928 1928 0
1928 7064 0
1928 19879 0
1928 9173 0
1928 13284 0
1928 5620 1
5868 3986 0
5868 7064 0
5868 16354 0
729 4664 1
729 2712 0
729 729 0
729 915 0
729 3986 0
729 13710 0
729 7064 0
729 5981 0
729 20251 0
729 4534 0
729 4544 0
729 5885 0
3467 7064 0
3467 3467 0
3467 2712 0
3467 4530 1
3467 4957 0
5954 5981 0
5954 4664 1
5954 2718 0
5954 5885 0
5954 8881 0
5954 3986 0
5954 11236 0
5954 19879 0
5954 1022 0
13710 8881 0
13710 4664 1
13710 4957 0
13710 7064 0
13710 413 0
13710 19879 0
13710 18863 0
13710 4534 0
13710 988 0
911 4664 1
911 9173 0
911 13284 0
911 3986 0
911 915 0
911 7064 0
911 19879 0
911 4524 0
911 4546 0
911 4553 0
911 8163 0
911 11236 0
2712 413 0
2712 6604 0
2712 4664 1
2712 2712 0
2712 2718 0
2712 8881 0
2712 915 0
2712 3009 0
2712 11236 0
2712 988 0
2712 1022 0
2712 4957 0
2712 19879 0
2712 5620 1
2712 5885 0
2712 5981 0
2712 3986 0
3986 413 0
3986 455 1
3986 8881 0
3986 1022 0
3986 2525 0
3986 2718 0
3986 3046 0
3986 19879 0
3986 3986 0
3986 4525 0
3986 4534 0
3986 13284 0
3986 15818 0
3986 5885 0
3986 5981 0
3986 6035 0
3986 7064 0
3986 8089 0
3986 8163 0
915 2718 0
915 5981 0
915 5994 0
915 915 0
915 4524 0
915 4525 0
915 4526 0
915 4534 0
915 4544 0
915 4546 0
915 6604 0
915 13284 0
8597 4664 1
8597 6604 0
8597 5885 0
7064 4957 0
7064 8163 0
7064 5994 0
7064 16329 0
7064 4524 0
7064 18863 0
7064 4534 0
7064 6604 0
7064 9173 0
7064 988 0
7064 4063 0
7064 13284 0
7064 1022 0
8089 8881 0
8089 5885 0
8089 5981 0
8089 5994 0
8089 8089 0
8089 4524 0
8089 5051 0
8089 3009 0
8089 4553 0
8089 5620 1
11676 21322 0
11676 5537 0
11676 4530 1
11676 16354 0
413 5981 0
413 4664 1
413 20251 0
413 2718 0
413 19879 0
6560 4664 1
6560 5981 0
6560 6560 0
6560 1957 0
6560 4524 0
6560 4546 0
5537 5537 0
5537 21424 1
5537 7165 0
4957 4524 0
4957 13284 0
4957 1022 0
4957 19879 0
4957 5981 0
10890 4664 1
1957 8881 0
1957 5994 0
1957 5620 1
1957 1957 0
1957 4521 0
1957 4524 0
1957 4525 0
1957 4526 0
1957 4553 0
1957 16354 0
5981 8881 0
5981 988 0
5981 11236 0
5981 19879 0
5981 4063 0
5981 4530 1
5981 4664 1
5981 21322 0
5981 13284 0
5981 5620 1
5981 5885 0
5981 5981 0
5981 6035 0
5981 20251 0
5981 7165 0
5981 15818 0
5981 16329 0
5981 8163 0
19879 4530 1
19879 4534 0
19879 4544 0
19879 4546 0
19879 2718 0
19879 8881 0
19879 5051 0
19879 1022 0
19879 19879 0
19879 15818 0
19879 5885 0
19879 16354 0
7592 7592 2
4521 2718 0
4521 5994 0
4521 4521 0
4521 5620 1
7083 15818 0
7083 7083 0
4524 4524 0
4524 4525 0
4524 4526 0
4524 4530 1
4524 2718 0
4524 7165 0
4524 1022 0
4525 4526 0
4525 4530 1
4525 2718 0
4525 988 0
4525 8163 0
4526 4530 1
4530 5994 1
4530 4530 2
4530 3009 1
4530 4553 1
4530 11236 1
4530 7165 1
2718 4534 0
2718 4542 0
2718 4544 0
2718 4546 0
2718 6604 0
2718 4664 1
2718 2718 0
2718 8881 0
2718 21322 0
2718 5620 1
2718 16354 0
2718 7165 0
4534 4546 0
4534 4534 0
4534 3009 0
5051 4664 1
5051 8881 0
5051 5051 0
21322 4664 1
21322 21322 0
21322 8163 0
21322 498 0
21322 5620 1
21322 5885 0
4542 4664 1
4542 4542 0
4544 4544 0
4544 3009 0
4544 4546 0
4544 5620 1
3009 4546 0
3009 8881 0
3009 3009 0
3009 6604 0
4546 4664 1
4546 5885 0
4546 4546 0
455 455 2
4664 4664 2
4664 5994 1
4664 6035 1
4664 4564 1
4664 11223 1
4664 8898 1
4664 13284 1
4664 3046 1
4553 8881 0
4553 5620 1
4553 4553 0
4553 2525 0
15818 5885 0
6604 9173 0
6604 13284 0
6604 1022 0
20251 5994 0
20251 20251 0
20251 9173 0
20251 1022 0
12241 11236 0
4564 5620 1
4564 4564 0
4564 5885 0
9173 16329 0
9173 988 0
9173 13284 0
9173 3046 0
9173 1022 0
11223 11236 0
11223 5620 1
8881 8881 0
8881 3046 0
8881 1022 0
8881 5620 1
8881 5994 0
988 13284 0
988 16329 0
988 988 0
988 1022 0
2525 2525 0
2525 5994 0
2525 1022 0
13284 3046 0
13284 1022 0
16354 5994 0
16354 16354 0
11236 11236 0
11236 7165 0
11236 1022 0
11236 5885 0
3046 7165 0
5994 1022 0
5994 5885 0
5994 5994 0
5994 16329 0
5885 6035 0
5885 5620 1
5885 5885 0
498 498 0
5620 6035 1
5620 5620 2
5620 1022 1
6035 6035 0
7165 7165 0
1022 1022 0
