8875 6737 0
8875 12989 0
8875 6807 0
8875 2718 0
8875 8875 0
8875 1728 1
8875 5855 0
8875 8881 0
8875 4409 0
8875 1371 0
8875 1687 0
8875 984 1
8875 6738 0
16900 1728 1
16900 4409 0
16900 984 1
1925 2718 1
1925 2338 1
1925 561 1
1925 3043 1
2571 2571 0
2571 1687 0
2571 1728 1
2571 4409 0
2571 984 1
7055 1883 1
7055 1885 1
5523 561 0
5523 1687 0
5523 2718 0
5523 8881 0
5523 722 1
5523 3043 0
5523 1816 0
5523 1883 1
5523 1885 1
5523 5523 0
5523 5525 0
5523 2500 0
7060 1883 1
7060 1885 1
5525 1885 1
5525 561 0
5525 1687 0
5525 722 1
5525 5525 0
5525 2500 0
6807 6738 0
6807 2718 0
6807 8881 0
6807 12989 0
6807 1728 1
6807 5855 0
6807 4409 0
6807 1371 0
6807 984 1
6807 6737 0
1816 2718 0
1816 1816 0
1816 2338 0
1816 1885 1
1816 1883 1
2718 5495 0
2718 2338 0
2718 2500 0
2718 561 0
2718 6737 0
2718 6738 0
2718 2718 0
2718 8881 0
2718 3043 0
2718 3446 0
2718 5855 0
2718 1883 1
2718 1697 0
1697 1697 0
1697 1885 1
1697 1883 1
2338 4339 0
2338 2338 0
2338 4409 0
2338 8881 0
2338 2911 0
2338 5495 0
2338 1687 0
2338 1883 1
2338 1885 1
1371 4145 0
1371 12989 0
1371 4409 0
1371 2500 0
1371 561 0
1371 6737 0
1371 8881 0
1371 984 1
1371 1371 0
1371 3446 0
1371 6738 0
1371 1687 0
1371 1728 1
1371 5855 0
561 4145 0
561 4409 0
561 2500 0
561 561 0
561 3043 0
561 1687 0
561 1728 1
561 5855 0
17323 1728 1
17323 5855 0
17323 8687 1
7084 1687 0
7084 1728 1
7084 722 1
7084 5855 0
7084 4409 0
7084 3446 0
7084 7084 0
7084 3043 0
8881 8881 0
8881 4339 0
8881 4409 0
8881 6737 0
8881 6738 0
8881 12989 0
8881 984 1
8881 3043 0
8881 3446 0
8881 5495 0
8881 1587 1
8881 5855 0
1587 13372 1
4409 4145 0
4409 4409 0
4409 6738 0
4409 12989 0
4409 984 1
4409 1687 0
4409 1728 1
4027 1728 1
4027 984 1
4027 4027 0
13372 13372 0
13372 722 1
13372 2500 0
12989 6737 0
12989 6738 0
12989 12989 0
12989 1728 1
12989 5855 0
12989 984 1
1728 4145 1
1728 6506 1
1728 2500 1
1728 6737 1
1728 6738 1
1728 984 2
1728 5855 1
1728 2911 1
1728 3446 1
1728 5495 1
2500 4145 0
2500 6506 0
2500 6737 0
2500 722 1
2500 2911 0
2500 3043 0
2500 2500 0
2500 3446 0
2500 1687 0
2500 5855 0
4145 4145 0
4145 6737 0
4145 6738 0
4145 984 1
4145 3446 0
4145 1687 0
4145 5855 0
1868 1868 0
1868 1883 1
1868 1885 1
1869 1869 0
1869 1883 1
1869 1885 1
1870 1883 1
1870 1885 1
1872 1883 1
1872 1885 1
6737 3446 0
6737 6738 0
6737 984 1
6737 5855 0
722 1687 1
722 5855 1
722 3043 1
1875 1883 1
1875 1885 1
1877 1885 2
984 6738 1
984 5855 1
984 1687 1
984 3446 1
984 5495 1
6489 1883 1
6489 1885 1
1883 1873 1
1883 1874 1
1883 1883 2
1883 1885 2
1883 12412 1
1883 14716 1
1883 4339 1
1883 1272 2
1874 1885 1
1885 1873 1
1885 1885 2
1885 14716 1
1885 4339 1
1885 12412 1
5855 6738 0
5855 3446 0
5855 1687 0
5855 5855 0
2911 6506 0
2911 8687 1
3043 3043 0
3043 3446 0
3043 1687 0
6506 8687 1
1687 3446 0
1687 1687 0
6738 6738 0
6738 3446 0
6738 5495 0
3446 3446 0
5495 5495 0
1272 1272 2
14716 14716 0
