6147 6147 0
6147 6163 0
6147 20 0
6147 6165 0
6147 6465 0
6147 4196 0
6147 6162 0
6147 16607 0
6147 19837 0
6147 263 0
6147 8467 0
6147 4409 0
6147 338 0
6147 4463 0
6147 6560 0
6147 6561 0
6147 4524 0
6147 4525 0
6147 4530 1
6147 4553 0
6147 7939 1
6147 2582 0
6147 2594 0
6147 14894 0
6147 6774 0
6147 4744 0
6147 2705 0
6147 2714 0
6147 2718 0
6147 1477 0
6147 2722 0
6147 4795 0
6147 4803 0
6147 14072 0
6147 4859 0
6147 13061 0
6147 11038 0
6147 871 0
6147 4969 0
6147 21378 0
6147 2938 0
6147 18852 0
6147 5016 0
6147 5021 0
6147 2976 0
6147 5029 0
6147 5040 0
6147 972 0
6147 5080 0
6147 11236 0
6147 7141 0
6147 13355 0
6147 5243 0
6147 5247 0
6147 1170 0
6147 1216 0
6147 1221 0
6147 1223 0
6147 6792 0
6147 19879 0
6147 19689 0
6147 1259 0
6147 5366 0
6147 1292 0
6147 5422 0
6147 3426 0
6147 1384 0
6147 3446 0
6147 3462 0
6147 5521 0
6147 3528 0
6147 8440 0
6147 5620 1
6147 1549 0
6147 7717 0
6147 7077 0
6147 7741 0
6147 1620 0
6147 1629 0
6147 1653 0
6147 3729 0
6147 1729 1
6147 1741 0
6147 16079 0
6147 5855 0
6147 1779 0
6147 5895 0
6147 3886 0
6147 5953 0
6147 8024 0
6147 8025 0
6147 5994 0
6147 1920 0
6147 8065 0
6147 3978 0
6147 3986 0
6147 8128 0
6147 2382 0
6147 2019 0
6147 14675 0
6147 10979 0
4100 4100 0
4100 4102 0
4100 6666 0
4100 6163 0
4100 6165 0
4100 562 0
4100 1620 0
4100 6754 0
4100 4196 0
4100 5755 0
4100 4744 0
4100 1674 0
4100 2718 0
4100 168 1
4100 4780 0
4100 4795 0
4100 1221 0
4100 1223 0
4100 1741 0
4100 1249 1
4100 4339 0
4100 5895 0
4100 3353 0
4100 287 0
4100 2338 0
4100 842 0
4100 861 0
4100 2938 0
4100 1927 1
4100 2458 0
4100 5543 0
4100 4550 0
4100 473 0
4100 3036 0
4100 11236 0
4102 4102 0
4102 2059 0
4102 6162 0
4102 6163 0
4102 20 0
4102 6165 0
4102 562 0
4102 2115 0
4102 6754 0
4102 1653 0
4102 1674 0
4102 3729 0
4102 2709 0
4102 1687 0
4102 4780 0
4102 4795 0
4102 4305 0
4102 242 0
4102 287 0
4102 2338 0
4102 5422 0
4102 2375 0
4102 842 0
4102 5469 0
4102 8549 0
4102 4458 0
4102 1927 1
4102 5521 0
4102 3986 0
4102 5021 0
4102 4550 0
4102 4551 0
4102 4081 1
4102 4084 0
4780 5981 0
4780 53 0
4780 6666 0
4780 626 0
4780 16663 0
4780 3734 0
4780 20505 0
4780 3745 0
4780 168 1
4780 169 0
4780 4780 0
4780 3246 0
4780 5321 0
4780 4300 0
4780 719 0
4780 4319 0
4780 4339 0
4780 5885 0
4780 3844 0
4780 270 0
4780 4681 0
4780 2375 0
4780 842 0
4780 5464 0
4780 861 0
4780 4477 0
4780 1927 1
4780 1928 0
4780 5521 0
4780 5523 0
4780 7064 0
4780 4566 0
4780 13284 0
4780 4534 0
4780 16125 0
4780 1022 0
2059 2059 0
2059 20 0
2059 5469 0
2059 4171 1
2059 4300 0
2059 4339 0
2059 16663 0
2059 287 0
2059 12600 0
2059 4524 0
2059 4544 0
2059 4546 0
2059 4681 0
2059 14925 0
2059 4744 0
2059 2718 0
2059 4795 0
2059 719 0
2059 6907 0
2059 13061 0
2059 843 0
2059 3036 0
2059 3046 0
2059 1022 0
2059 5247 0
2059 5253 0
2059 1170 0
2059 1197 0
2059 4301 0
2059 1259 0
2059 3397 0
2059 5521 0
2059 5523 0
2059 3594 1
2059 15996 0
2059 1680 0
2059 1697 0
2059 3772 0
2059 5885 0
2059 3844 0
2059 1816 0
2059 6792 0
2059 1927 1
2059 3745 0
6162 6162 0
6162 6163 0
6162 20 0
6162 6165 0
6162 2115 0
6162 2408 0
6162 4223 0
6162 4227 0
6162 168 1
6162 263 0
6162 2338 0
6162 337 0
6162 338 0
6162 4491 0
6162 2458 0
6162 413 0
6162 4520 0
6162 473 0
6162 19879 0
6162 6666 0
6162 2594 0
6162 562 0
6162 6739 0
6162 6754 0
6162 2701 0
6162 2703 0
6162 2712 0
6162 2714 0
6162 669 0
6162 2718 0
6162 2722 0
6162 4795 0
6162 13061 0
6162 11038 0
6162 9009 0
6162 861 0
6162 871 0
6162 21378 0
6162 5004 0
6162 5016 0
6162 13284 0
6162 7243 0
6162 3174 0
6162 7275 0
6162 5243 0
6162 1197 0
6162 1216 0
6162 5469 0
6162 3426 0
6162 5496 0
6162 19837 0
6162 3462 0
6162 3464 0
6162 5543 0
6162 7633 0
6162 5620 1
6162 1549 0
6162 7699 0
6162 1620 0
6162 3729 0
6162 7836 0
6162 16079 0
6162 7893 0
6162 5855 0
6162 5882 0
6162 7956 0
6162 5924 0
6162 7986 0
6162 16241 0
6162 1920 0
6162 8065 0
6162 3986 0
6162 18332 0
6162 6068 0
6163 6163 0
6163 20 0
6163 6165 0
6163 4145 0
6163 2115 0
6163 8549 0
6163 4227 0
6163 168 1
6163 4300 0
6163 8440 0
6163 263 0
6163 287 0
6163 2338 0
6163 3464 0
6163 2381 0
6163 337 0
6163 338 0
6163 2458 0
6163 413 0
6163 4534 0
6163 4544 0
6163 4546 0
6163 4547 0
6163 14072 0
6163 473 0
6163 6666 0
6163 2599 0
6163 562 0
6163 6739 0
6163 4698 0
6163 2703 0
6163 2712 0
6163 2724 0
6163 6828 0
6163 4795 0
6163 13061 0
6163 4969 0
6163 4987 0
6163 21378 0
6163 911 0
6163 5016 0
6163 5021 0
6163 5052 0
6163 9173 0
6163 13284 0
6163 1022 0
6163 861 0
6163 7227 0
6163 7243 0
6163 3174 0
6163 7275 0
6163 5243 0
6163 1170 0
6163 5466 0
6163 5469 0
6163 3426 0
6163 1384 0
6163 5496 0
6163 3462 0
6163 7633 0
6163 1549 0
6163 871 0
6163 1653 0
6163 7836 0
6163 3745 0
6163 3772 0
6163 7893 0
6163 5855 0
6163 1765 0
6163 16125 0
6163 5924 0
6163 8024 0
6163 5981 0
6163 16241 0
6163 1920 0
6163 8065 0
6163 1927 1
6163 3986 0
6163 18332 0
6163 6068 0
6163 4081 1
20 20 0
20 4145 0
20 4171 1
20 8287 0
20 6165 0
20 4300 0
20 4301 0
20 4339 0
20 287 0
20 2338 0
20 4409 0
20 389 0
20 4491 0
20 6560 0
20 4546 0
20 4547 0
20 3844 0
20 561 0
20 6754 0
20 4744 0
20 2708 0
20 2712 0
20 2718 0
20 2724 0
20 719 0
20 4822 0
20 6907 0
20 861 0
20 871 0
20 2937 0
20 3036 0
20 3043 0
20 7209 0
20 5247 0
20 1158 0
20 1170 0
20 1259 0
20 3397 0
20 5464 0
20 5469 0
20 1384 0
20 5487 0
20 3446 0
20 1620 0
20 1687 0
20 1719 0
20 1741 0
20 7893 0
20 5855 0
20 1765 0
20 5885 0
20 3886 0
20 5981 0
20 1927 1
20 3986 0
20 1957 0
20 2019 0
6165 53 0
6165 65 0
6165 2115 0
6165 4166 0
6165 4227 0
6165 168 1
6165 169 0
6165 4296 0
6165 4319 0
6165 242 0
6165 6165 0
6165 263 0
6165 8467 0
6165 287 0
6165 2338 0
6165 337 0
6165 4450 0
6165 8547 0
6165 8549 0
6165 4465 0
6165 4491 0
6165 2458 0
6165 4520 0
6165 4524 0
6165 4525 0
6165 4526 0
6165 413 0
6165 4534 0
6165 4546 0
6165 4547 0
6165 4553 0
6165 4555 0
6165 473 0
6165 19879 0
6165 6666 0
6165 2582 0
6165 2594 0
6165 2599 0
6165 561 0
6165 562 0
6165 6739 0
6165 4698 0
6165 6754 0
6165 6792 0
6165 2703 0
6165 2705 0
6165 2708 0
6165 2709 0
6165 2712 0
6165 2714 0
6165 669 0
6165 2718 0
6165 2722 0
6165 6828 0
6165 4795 0
6165 14072 0
6165 861 0
6165 871 0
6165 21378 0
6165 5004 0
6165 911 0
6165 5016 0
6165 5052 0
6165 9172 0
6165 9173 0
6165 13284 0
6165 1022 0
6165 3174 0
6165 7275 0
6165 5243 0
6165 5247 0
6165 3246 0
6165 1216 0
6165 1259 0
6165 7406 0
6165 5422 0
6165 3397 0
6165 7496 0
6165 5464 0
6165 5466 0
6165 3426 0
6165 5496 0
6165 3462 0
6165 3464 0
6165 7064 0
6165 5543 0
6165 1479 0
6165 3528 0
6165 7633 0
6165 1575 0
6165 7740 0
6165 1620 0
6165 1680 0
6165 3745 0
6165 16079 0
6165 7893 0
6165 5855 0
6165 1765 0
6165 16125 0
6165 7956 0
6165 1824 0
6165 5924 0
6165 5953 0
6165 5981 0
6165 16241 0
6165 1920 0
6165 8065 0
6165 1927 1
6165 3978 0
6165 3986 0
6165 18332 0
6165 7836 0
6165 6068 0
6165 2724 0
6165 2019 0
6165 4081 1
20505 4524 0
20505 1674 0
20505 4546 0
20505 20505 0
20505 7705 0
20505 168 1
20505 1197 0
20505 53 0
20505 4534 0
20505 2242 0
20505 4547 0
20505 1221 0
20505 4550 0
20505 4551 0
20505 4557 0
20505 4664 1
20505 4859 0
4145 4145 0
4145 2115 0
4145 263 0
4145 4409 0
4145 4450 0
4145 4465 0
4145 2458 0
4145 4547 0
4145 2500 0
4145 561 0
4145 6739 0
4145 6828 0
4145 4859 0
4145 4870 0
4145 4987 0
4145 5016 0
4145 13220 0
4145 5080 0
4145 861 0
4145 7227 0
4145 7243 0
4145 870 0
4145 4969 0
4145 1160 0
4145 1920 0
4145 3422 0
4145 3446 0
4145 242 0
4145 5021 0
4145 1479 0
4145 1620 0
4145 1680 0
4145 1687 0
4145 7893 0
4145 5855 0
4145 1765 0
4145 5885 0
4145 5981 0
4145 8065 0
4145 3978 0
4145 3986 0
4145 6035 0
4145 18332 0
4145 6111 1
4145 4081 1
53 53 0
53 60 0
53 65 0
53 66 0
53 2115 0
53 8549 0
53 168 1
53 4301 0
53 242 0
53 287 0
53 2338 0
53 8483 0
53 301 0
53 4409 0
53 12619 0
53 337 0
53 338 0
53 8547 0
53 4463 0
53 4464 0
53 4465 0
53 2458 0
53 413 0
53 2500 0
53 2501 0
53 12766 0
53 19879 0
53 4624 0
53 2594 0
53 2599 0
53 2703 0
53 2708 0
53 2712 0
53 2718 0
53 2722 0
53 2724 0
53 719 0
53 5253 0
53 9009 0
53 821 0
53 870 0
53 5004 0
53 911 0
53 7064 0
53 5029 0
53 7084 0
53 5052 0
53 9173 0
53 5080 0
53 1022 0
53 861 0
53 5243 0
53 5247 0
53 1170 0
53 1216 0
53 19689 0
53 5366 0
53 5367 0
53 5368 0
53 3354 0
53 3359 0
53 3397 0
53 5464 0
53 5469 0
53 1384 0
53 5487 0
53 3446 0
53 6739 0
53 11236 0
53 7741 0
53 13284 0
53 1653 0
53 1680 0
53 3729 0
53 1687 0
53 3745 0
53 1741 0
53 5855 0
53 5866 0
53 7986 0
53 5953 0
53 5981 0
53 1925 1
53 1927 1
53 3978 0
53 6068 0
53 6078 0
60 9222 0
60 537 0
60 12600 0
60 561 0
60 13061 0
60 60 0
60 10596 0
60 4196 0
60 129 0
60 5253 0
60 6792 0
60 1674 0
60 16663 0
60 10894 0
60 3729 0
60 2718 0
60 3745 0
60 2722 0
60 3757 0
60 694 0
60 3267 0
60 16079 0
60 1250 0
60 7406 0
60 1779 0
60 5882 0
60 4859 0
60 5885 0
60 9477 0
60 15150 0
60 2338 0
60 3886 0
60 9009 0
60 2881 0
60 843 0
60 1359 0
60 861 0
60 3426 0
60 10595 0
60 356 0
60 3950 0
60 5487 0
60 4464 0
60 4465 0
60 2937 0
60 3462 0
60 1927 1
60 911 0
60 7064 0
60 18332 0
60 6388 0
60 12619 0
60 4553 0
60 4343 0
60 972 0
60 14925 0
60 12766 0
60 13284 0
60 5620 1
65 9222 0
65 1197 0
65 4624 0
65 13061 0
65 13355 0
65 14925 0
65 1620 0
65 10596 0
65 626 0
65 1653 0
65 5247 0
65 10894 0
65 2703 0
65 2712 0
65 2714 0
65 3745 0
65 2722 0
65 679 0
65 694 0
65 19135 0
65 3757 0
65 1741 0
65 5866 0
65 5868 0
65 6388 0
65 7893 0
65 9477 0
65 263 0
65 21378 0
65 16663 0
65 5253 0
65 2338 0
65 15150 0
65 821 0
65 12600 0
65 843 0
65 1359 0
65 3426 0
65 356 0
65 3950 0
65 4464 0
65 8065 0
65 1259 0
65 3462 0
65 1927 1
65 5521 0
65 3986 0
65 7064 0
65 6068 0
65 6072 1
65 12619 0
65 9173 0
65 12766 0
65 3043 0
65 13284 0
66 561 0
66 6739 0
66 2152 0
66 3729 0
66 537 0
66 18085 0
66 5855 0
66 1765 0
66 8549 0
66 5366 0
66 5367 0
66 5368 0
66 861 0
66 8467 0
66 2338 0
66 5422 0
66 4409 0
66 5981 0
66 8547 0
66 1925 1
66 3986 0
66 18332 0
66 5657 0
66 17323 0
66 6072 1
66 2500 0
66 2501 0
66 4859 0
2115 4624 0
2115 13061 0
2115 2594 0
2115 2599 0
2115 13356 0
2115 7741 0
2115 2115 0
2115 4681 0
2115 14072 0
2115 6739 0
2115 1620 0
2115 5885 0
2115 10489 0
2115 5243 0
2115 129 0
2115 4744 0
2115 5258 0
2115 1680 0
2115 2705 0
2115 1687 0
2115 2712 0
2115 2718 0
2115 2722 0
2115 2724 0
2115 168 1
2115 1741 0
2115 5855 0
2115 4319 0
2115 1249 1
2115 1765 0
2115 16354 0
2115 19837 0
2115 242 0
2115 8860 0
2115 7893 0
2115 287 0
2115 2338 0
2115 13220 0
2115 301 0
2115 821 0
2115 3267 0
2115 2375 0
2115 2382 0
2115 338 0
2115 861 0
2115 3422 0
2115 3426 0
2115 870 0
2115 1384 0
2115 3446 0
2115 3462 0
2115 3464 0
2115 3978 0
2115 5004 0
2115 911 0
2115 3986 0
2115 5469 0
2115 18332 0
2115 413 0
2115 5029 0
2115 2499 0
2115 4550 0
2115 19879 0
4166 2709 0
4166 168 1
4166 4524 0
4166 4530 1
4166 4534 0
4166 3046 0
5815 5253 0
5815 9222 0
5815 1927 1
5815 10894 0
5815 3986 0
5815 16663 0
5815 7064 0
5815 1925 1
5815 3745 0
5815 3757 0
5815 15150 0
5815 7986 0
5815 694 0
5815 12600 0
5815 9477 0
5815 12619 0
5815 14925 0
5815 1359 0
5815 9173 0
5815 10596 0
5815 861 0
5815 13284 0
5815 356 0
5815 3950 0
5815 4464 0
5815 6388 0
2130 1160 0
2130 2708 0
2130 1687 0
2130 2714 0
2130 7836 0
2130 168 1
2130 169 0
2130 4822 0
2130 5367 0
2130 5368 0
2130 5895 0
2130 5981 0
2130 8065 0
2130 1924 1
2130 3978 0
2130 5523 0
2130 7077 0
2130 4520 0
2130 5052 0
2130 2500 0
2130 5366 0
2130 4550 0
2130 4551 0
2130 4553 0
2130 8687 1
8547 13061 0
8547 8065 0
8547 8287 0
8547 6739 0
8547 5243 0
8547 1680 0
8547 3245 1
8547 7893 0
8547 5855 0
8547 19837 0
8547 861 0
8547 263 0
8547 8467 0
8547 287 0
8547 2338 0
8547 7986 0
8547 5953 0
8547 5981 0
8547 3426 0
8547 8549 0
8547 870 0
8547 2938 0
8547 4477 0
8547 4485 0
8547 3462 0
8547 393 0
8547 3986 0
8547 18332 0
8547 2976 0
8547 6068 0
8547 6078 0
8547 2500 0
8547 7633 0
8547 7077 0
8547 11236 0
8547 4081 1
2136 3844 0
2136 3594 1
2136 3986 0
2136 2708 0
2136 3861 1
2136 18332 0
2136 2718 0
2136 2724 0
356 3599 0
356 694 0
356 5253 0
356 10894 0
356 669 0
356 3757 0
356 3772 0
356 2242 0
356 719 0
356 5866 0
356 6388 0
356 4343 0
356 16125 0
356 9173 0
356 8006 0
356 842 0
356 1359 0
356 5464 0
356 5466 0
356 4463 0
356 5496 0
356 1925 1
356 1927 1
356 1928 0
356 911 0
356 7064 0
356 8128 0
356 16354 0
356 1022 0
8287 4624 0
8287 13356 0
8287 5981 0
8287 4664 1
8287 6068 0
8287 4681 0
8287 1620 0
8287 8287 0
8287 2703 0
8287 1680 0
8287 3729 0
8287 2708 0
8287 2709 0
8287 2714 0
8287 2718 0
8287 2722 0
8287 2724 0
8287 168 1
8287 4795 0
8287 1741 0
8287 723 0
8287 5855 0
8287 1250 0
8287 5882 0
8287 4479 0
8287 5885 0
8287 270 0
8287 8467 0
8287 3353 0
8287 3354 0
8287 287 0
8287 9009 0
8287 301 0
8287 3397 0
8287 337 0
8287 338 0
8287 5469 0
8287 2705 0
8287 2938 0
8287 3462 0
8287 3464 0
8287 2712 0
8287 2976 0
8287 5543 0
8287 6078 0
8287 4546 0
8287 972 0
8287 7633 0
8287 4859 0
8287 11236 0
8287 5620 1
4795 4525 0
4795 562 0
4795 1620 0
4795 3174 0
4795 2701 0
4795 3729 0
4795 2708 0
4795 2709 0
4795 669 0
4795 2718 0
4795 2722 0
4795 2724 0
4795 168 1
4795 169 0
4795 5321 0
4795 4795 0
4795 3772 0
4795 4555 0
4795 4305 0
4795 4822 0
4795 4319 0
4795 4339 0
4795 3844 0
4795 270 0
4795 8467 0
4795 301 0
4795 9009 0
4795 338 0
4795 5469 0
4795 4465 0
4795 2938 0
4795 4477 0
4795 4479 0
4795 3464 0
4795 2712 0
4795 4520 0
4795 4524 0
4795 4526 0
4795 4530 1
4795 6068 0
4795 4534 0
4795 4544 0
4795 4546 0
4795 4550 0
4795 4551 0
4795 9173 0
4795 473 0
4795 3036 0
4795 4084 0
4196 3594 1
4196 7209 0
4196 4196 0
4196 4223 0
4196 4744 0
4196 4546 0
4196 2718 0
4196 168 1
4196 169 0
4196 10979 0
4196 5366 0
4196 6935 0
4196 1816 0
4196 287 0
4196 2019 0
4196 5469 0
4196 2938 0
4196 3464 0
4196 5022 0
4196 4524 0
4196 4542 0
4196 4544 0
4196 3010 0
4196 4555 0
4196 5620 1
2152 17323 0
2152 6666 0
2152 561 0
2152 2152 0
2152 5243 0
2152 16354 0
2152 1160 0
2152 3729 0
2152 1687 0
2152 1741 0
2152 5855 0
2152 1249 1
2152 1259 0
2152 4859 0
2152 3353 0
2152 3354 0
2152 3359 0
2152 8025 0
2152 861 0
2152 3934 0
2152 5994 0
2152 7551 0
2152 2458 0
2152 7084 0
2152 6078 0
2152 4547 0
2152 6614 0
2152 5620 1
12412 1882 1
12412 1883 1
4221 3462 0
4221 1927 1
4221 2714 0
4221 4081 1
4221 7986 0
4221 6078 0
4221 5953 0
4221 2500 0
4221 7741 0
4221 3422 0
4221 3426 0
4221 1765 0
4221 4465 0
4221 1653 0
4221 4223 0
4223 8744 1
4223 1622 0
4223 5237 0
4223 3729 0
4223 3772 0
4223 15996 0
4223 2338 0
4223 6792 0
4223 16241 0
4223 3462 0
4223 1927 1
4223 4491 0
4223 1957 0
4223 4530 1
4223 6078 0
4223 2500 0
4223 18085 0
129 3844 0
129 5469 0
129 4491 0
129 5243 0
129 129 0
129 1158 0
129 2703 0
129 4803 0
129 2709 0
129 669 0
129 2724 0
129 168 1
129 169 0
129 1197 0
129 7379 0
129 732 0
129 2338 0
129 821 0
129 337 0
129 338 0
129 7684 0
129 3446 0
129 21378 0
129 1927 1
129 393 0
129 413 0
129 5981 0
129 4524 0
129 4525 0
129 4526 0
129 7496 0
129 6068 0
129 4534 0
129 6078 0
129 4547 0
129 14072 0
129 5523 0
129 1022 0
4227 168 1
4227 4524 0
4227 4534 0
4227 4171 1
4227 5981 0
4227 4520 0
4227 169 0
6293 8363 0
6293 1158 0
6293 3594 1
6293 2703 0
6293 2708 0
6293 5422 0
6293 3354 0
6293 18085 0
6293 2500 0
6293 2501 0
6293 1882 1
6293 1249 1
6293 5994 0
6293 1653 0
6293 15996 0
168 6828 1
168 6843 1
168 8898 1
168 168 2
168 169 1
168 4295 1
168 4296 1
168 4300 1
168 4339 1
168 4479 1
168 270 1
168 287 1
168 301 1
168 6465 1
168 2381 1
168 2382 1
168 337 1
168 338 1
168 4450 1
168 8549 1
168 4458 1
168 4463 1
168 4464 1
168 4465 1
168 4477 1
168 4485 1
168 393 1
168 4491 1
168 4534 1
168 4542 1
168 4544 1
168 4546 1
168 4547 1
168 4555 1
168 4557 1
168 473 1
168 2582 1
168 2594 1
168 4644 1
168 20204 1
168 561 1
168 562 1
168 4664 2
168 4666 1
168 4698 1
168 6754 1
168 6774 1
168 6792 1
168 2499 1
168 2708 1
168 2709 1
168 2712 1
168 2714 1
168 669 1
168 2718 1
168 2722 1
168 679 1
168 1479 1
168 19135 1
168 6935 1
168 9009 1
168 821 1
168 2881 1
168 861 1
168 870 1
168 871 1
168 2937 1
168 2938 1
168 21378 1
168 7064 1
168 2976 1
168 7077 1
168 7084 1
168 842 1
168 3010 1
168 972 1
168 3030 1
168 7141 1
168 6035 1
168 1022 1
168 13356 1
168 7243 1
168 5202 1
168 7275 1
168 5016 1
168 5237 1
168 5243 1
168 1158 1
168 1160 1
168 1197 1
168 1221 1
168 1223 1
168 5321 1
168 1249 2
168 1259 1
168 5366 1
168 5367 1
168 5368 1
168 1292 1
168 14894 1
168 3350 1
168 3353 1
168 3354 1
168 3358 1
168 3397 1
168 21322 1
168 5469 1
168 1384 1
168 5487 1
168 3446 1
168 19837 1
168 3464 1
168 5521 1
168 7588 1
168 19879 1
168 389 1
168 3528 1
168 7699 1
168 7702 1
168 7705 1
168 1620 1
168 15990 1
168 1680 1
168 1687 1
168 1719 1
168 1741 1
168 5866 1
168 5868 1
168 1779 1
168 14072 1
168 5885 1
168 3844 1
168 7956 1
168 1824 1
168 5924 1
168 5981 1
168 3934 1
168 1902 1
168 12147 1
168 1920 1
168 3978 1
168 6068 1
168 16354 1
168 2019 1
168 4084 1
169 6666 0
169 2582 0
169 561 0
169 562 0
169 4664 1
169 5202 0
169 1620 0
169 6754 0
169 6843 0
169 1158 0
169 6935 0
169 4547 0
169 1687 0
169 2714 0
169 2718 0
169 2722 0
169 169 0
169 4296 0
169 1741 0
169 5924 0
169 1259 0
169 270 0
169 7956 0
169 287 0
169 301 0
169 9009 0
169 2382 0
169 338 0
169 4653 0
169 870 0
169 871 0
169 3446 0
169 1920 0
169 21378 0
169 3464 0
169 2976 0
169 4546 0
169 2499 0
169 3528 0
169 972 0
169 473 0
169 2019 0
8363 17323 0
8363 7243 0
8363 626 0
8363 1653 0
8363 15996 0
8363 2703 0
8363 2724 0
8363 8363 0
8363 1249 1
8363 1868 0
8363 12147 0
8363 2499 0
8363 2500 0
8363 2501 0
8363 8687 1
2242 9222 0
2242 4664 1
2242 7741 0
2242 3745 0
2242 2242 0
2242 1741 0
2242 9477 0
2242 15150 0
2242 10894 0
2242 1927 1
4295 1170 0
4295 3353 0
4295 3354 0
4295 2338 0
4295 7496 0
4295 1719 0
4295 8898 0
4295 2500 0
4295 1741 0
4295 4664 1
4295 3934 0
4295 4301 0
4295 5521 0
4295 1384 0
4295 3986 0
4295 4300 0
4296 3986 0
4296 2712 0
4296 2338 0
4296 4296 0
4296 4300 0
4296 4664 1
4296 1620 0
4296 4301 0
4296 1170 0
4296 5755 0
4300 1575 0
4300 5469 0
4300 561 0
4300 4664 1
4300 5981 0
4300 4681 0
4300 6739 0
4300 1620 0
4300 5953 0
4300 2677 0
4300 5755 0
4300 4744 0
4300 1170 0
4300 1687 0
4300 1719 0
4300 5237 0
4300 1221 0
4300 4300 0
4300 1741 0
4300 4301 0
4300 4822 0
4300 4339 0
4300 5247 0
4300 1816 0
4300 2338 0
4300 3886 0
4300 3464 0
4300 842 0
4300 4171 1
4300 1882 1
4300 3934 0
4300 1259 0
4300 1927 1
4300 1928 0
4300 3986 0
4300 7077 0
4300 19879 0
4300 2499 0
4300 4555 0
4300 3036 0
4300 16354 0
4300 6907 0
4300 5523 0
4300 4084 0
4301 5466 0
4301 4664 1
4301 6739 0
4301 8467 0
4301 5243 0
4301 5247 0
4301 2705 0
4301 1170 0
4301 2709 0
4301 2712 0
4301 3745 0
4301 1719 0
4301 1741 0
4301 5755 0
4301 6907 0
4301 287 0
4301 2338 0
4301 337 0
4301 1882 1
4301 3986 0
4301 5523 0
4301 7064 0
4301 4530 1
4301 6068 0
4301 1620 0
4305 5657 0
4305 7077 0
4305 1087 1
4305 17935 0
4305 5855 0
4305 871 0
4305 3729 0
4305 1687 0
4305 4319 0
4305 1221 0
4305 1223 0
4305 5924 0
4305 1758 0
4305 1259 0
4305 7209 0
4305 5882 0
4305 4859 0
4305 7893 0
4305 5895 0
4305 3353 0
4305 3354 0
4305 287 0
4305 3886 0
4305 4409 0
4305 3397 0
4305 8024 0
4305 861 0
4305 4450 0
4305 1384 0
4305 4477 0
4305 911 0
4305 8687 1
4305 6560 0
4305 1957 0
4305 4524 0
4305 4525 0
4305 4526 0
4305 6078 0
4305 2500 0
4305 3528 0
4305 3043 0
4305 5885 0
16607 6739 0
16607 3844 0
16607 8467 0
16607 5487 0
16607 4530 1
16607 6072 1
16607 9172 0
16607 16354 0
242 12600 0
242 2599 0
242 13356 0
242 13061 0
242 4664 1
242 6068 0
242 7741 0
242 3426 0
242 2594 0
242 2458 0
242 5243 0
242 5247 0
242 5253 0
242 10894 0
242 1680 0
242 1687 0
242 2712 0
242 2718 0
242 3745 0
242 2722 0
242 2724 0
242 3246 0
242 1741 0
242 5855 0
242 1765 0
242 5885 0
242 7893 0
242 287 0
242 2338 0
242 1359 0
242 337 0
242 338 0
242 861 0
242 3422 0
242 10596 0
242 1384 0
242 3950 0
242 4464 0
242 3729 0
242 4479 0
242 1927 1
242 3978 0
242 5004 0
242 3986 0
242 5469 0
242 7064 0
242 413 0
242 6560 0
242 19879 0
242 4534 0
242 6078 0
242 4544 0
242 4546 0
242 7633 0
242 9172 0
242 9173 0
242 5029 0
242 13284 0
4339 5469 0
4339 4681 0
4339 1620 0
4339 4542 0
4339 5247 0
4339 4803 0
4339 679 0
4339 1719 0
4339 2338 0
4339 719 0
4339 7633 0
4339 5866 0
4339 8467 0
4339 1882 1
4339 1883 1
4339 3986 0
4339 8477 0
4339 1927 1
4339 1928 0
4339 5981 0
4339 4524 0
4339 4525 0
4339 4526 0
4339 4534 0
4339 6072 1
4339 3036 0
4339 19879 0
6388 9222 0
6388 3599 0
6388 9477 0
6388 14925 0
6388 1653 0
6388 5253 0
6388 6792 0
6388 1674 0
6388 10894 0
6388 3729 0
6388 3745 0
6388 694 0
6388 3772 0
6388 5866 0
6388 13061 0
6388 21378 0
6388 16663 0
6388 15150 0
6388 7986 0
6388 12600 0
6388 12619 0
6388 1359 0
6388 5464 0
6388 5466 0
6388 3950 0
6388 4463 0
6388 4464 0
6388 1925 1
6388 1927 1
6388 7064 0
6388 8128 0
6388 9173 0
6388 12766 0
6388 13284 0
4343 537 0
4343 13355 0
4343 4664 1
4343 14925 0
4343 6739 0
4343 1620 0
4343 626 0
4343 5253 0
4343 10894 0
4343 4803 0
4343 3745 0
4343 694 0
4343 1741 0
4343 7893 0
4343 1779 0
4343 13061 0
4343 263 0
4343 3359 0
4343 2338 0
4343 7986 0
4343 12600 0
4343 5464 0
4343 861 0
4343 3426 0
4343 3950 0
4343 4464 0
4343 4479 0
4343 1927 1
4343 5521 0
4343 7064 0
4343 6068 0
4343 7633 0
4343 9173 0
4343 6111 1
4343 13284 0
4343 3046 0
8440 5132 0
8440 1620 0
8440 2677 0
8440 5243 0
8440 6792 0
8440 2701 0
8440 2703 0
8440 2705 0
8440 2708 0
8440 2709 0
8440 2712 0
8440 669 0
8440 2718 0
8440 2722 0
8440 2724 0
8440 1197 0
8440 16079 0
8440 10979 0
8440 8440 0
8440 5882 0
8440 5885 0
8440 5895 0
8440 270 0
8440 8467 0
8440 3357 0
8440 3358 0
8440 2338 0
8440 9009 0
8440 2881 0
8440 338 0
8440 5981 0
8440 3934 0
8440 3426 0
8440 1902 0
8440 3446 0
8440 19689 0
8440 4479 0
8440 911 0
8440 2976 0
8440 7588 0
8440 19879 0
8440 4530 1
8440 5052 0
8440 14072 0
8440 18852 0
8440 1359 0
8440 5620 1
10489 4698 0
10489 1653 0
10489 5885 0
10489 287 0
10489 1927 1
10489 4530 1
10489 6111 1
17451 6666 0
17451 4644 0
17451 16079 0
17451 7379 0
17451 287 0
17451 732 0
17451 2375 0
17451 18332 0
17451 6068 0
17451 4545 0
17451 2724 0
17451 4081 1
17451 5620 1
263 17935 0
263 2594 0
263 694 0
263 4681 0
263 1160 0
263 2709 0
263 1216 0
263 4803 0
263 1221 0
263 5258 0
263 5855 0
263 1249 1
263 1259 0
263 5868 0
263 263 0
263 10596 0
263 2338 0
263 5953 0
263 2382 0
263 5466 0
263 861 0
263 16241 0
263 4477 0
263 21378 0
263 1927 1
263 1928 0
263 393 0
263 7064 0
263 5981 0
263 4524 0
263 4525 0
263 4526 0
263 9173 0
263 8898 0
263 3046 0
270 2594 0
270 561 0
270 4664 1
270 1653 0
270 5258 0
270 2708 0
270 3446 0
270 16079 0
270 8549 0
270 5882 0
270 5885 0
270 270 0
270 2382 0
270 5981 0
270 3934 0
270 5994 0
270 19837 0
270 3462 0
270 2976 0
270 5052 0
270 7141 0
270 5620 1
8467 4409 0
8467 8549 0
8467 2408 0
8467 5523 0
8467 2793 0
8467 4485 0
8467 413 0
8467 4524 0
8467 4534 0
8467 2501 0
8467 537 0
8467 2594 0
8467 2599 0
8467 6739 0
8467 4744 0
8467 2708 0
8467 2709 0
8467 669 0
8467 2718 0
8467 2722 0
8467 2724 0
8467 4803 0
8467 719 0
8467 8941 0
8467 11038 0
8467 9009 0
8467 2937 0
8467 2938 0
8467 5016 0
8467 2976 0
8467 13355 0
8467 5247 0
8467 5253 0
8467 1221 0
8467 19879 0
8467 1259 0
8467 5367 0
8467 5368 0
8467 5466 0
8467 19808 0
8467 1384 0
8467 5487 0
8467 7064 0
8467 1477 0
8467 7633 0
8467 1549 0
8467 8467 0
8467 7717 0
8467 18085 0
8467 6774 0
8467 14627 1
8467 14072 0
8467 3837 0
8467 9173 0
8467 8006 0
8467 13284 0
8467 5981 0
8467 5994 0
8467 6817 0
8467 6112 1
8467 2019 0
8467 4084 0
8467 1022 0
16663 3599 0
16663 694 0
16663 6754 0
16663 5253 0
16663 1674 0
16663 10894 0
16663 669 0
16663 3757 0
16663 3772 0
16663 719 0
16663 5866 0
16663 16125 0
16663 9009 0
16663 8006 0
16663 1359 0
16663 5464 0
16663 5466 0
16663 4465 0
16663 1925 1
16663 1927 1
16663 1928 0
16663 911 0
16663 8128 0
16663 20434 0
16663 9173 0
16663 13284 0
16663 3046 0
16663 1022 0
8477 2937 0
8477 287 0
8477 2338 0
8477 4463 0
8477 2458 0
8477 473 0
8477 2594 0
8477 2599 0
8477 6739 0
8477 2722 0
8477 19135 0
8477 13061 0
8477 821 0
8477 4969 0
8477 5004 0
8477 7064 0
8477 5021 0
8477 5029 0
8477 11236 0
8477 13355 0
8477 13356 0
8477 861 0
8477 7227 0
8477 3244 1
8477 3397 0
8477 3426 0
8477 1384 0
8477 5016 0
8477 19879 0
8477 1653 0
8477 1674 0
8477 1741 0
8477 7893 0
8477 1882 1
8477 5981 0
8477 16241 0
8477 3978 0
8477 3986 0
8477 18332 0
8477 16354 0
8477 2019 0
287 287 0
287 626 0
287 8860 0
287 719 0
287 9009 0
287 870 0
287 911 0
287 940 0
287 1221 0
287 1250 0
287 1259 0
287 1549 0
287 1620 0
287 1902 0
287 2338 0
287 2375 0
287 2381 0
287 2382 0
287 18854 0
287 413 0
287 2594 0
287 2708 0
287 2712 0
287 2718 0
287 2793 0
287 3043 0
287 11236 0
287 3245 1
287 3350 0
287 3354 0
287 3397 0
287 3422 0
287 3426 0
287 3446 0
287 19837 0
287 3464 0
287 19879 0
287 1957 0
287 3729 0
287 3745 0
287 3934 0
287 4171 1
287 4319 0
287 4450 0
287 4465 0
287 4485 0
287 4553 0
287 4555 0
287 4681 0
287 5029 0
287 5052 0
287 13284 0
287 13355 0
287 5202 0
287 5243 0
287 5247 0
287 5366 0
287 5464 0
287 5487 0
287 5543 0
287 5755 0
287 14072 0
287 9172 0
287 5885 0
287 5953 0
287 5994 0
287 6078 0
287 6111 1
287 6112 1
287 6561 0
287 6739 0
287 7209 0
287 7379 0
287 7406 0
287 7588 0
287 7717 0
287 7836 0
287 16079 0
287 7893 0
287 7956 0
287 16241 0
287 2724 0
2338 4171 1
2338 4319 0
2338 2338 0
2338 4409 0
2338 4450 0
2338 8549 0
2338 4463 0
2338 4464 0
2338 4465 0
2338 4491 0
2338 4493 0
2338 413 0
2338 4530 1
2338 2499 0
2338 4550 0
2338 473 0
2338 6666 0
2338 2594 0
2338 2599 0
2338 4681 0
2338 6739 0
2338 7275 0
2338 4744 0
2338 2705 0
2338 2709 0
2338 2712 0
2338 2714 0
2338 2718 0
2338 2722 0
2338 2724 0
2338 6843 0
2338 14072 0
2338 4557 0
2338 4822 0
2338 732 0
2338 6907 0
2338 842 0
2338 871 0
2338 2937 0
2338 4987 0
2338 911 0
2338 5016 0
2338 5022 0
2338 5029 0
2338 5052 0
2338 9173 0
2338 3030 0
2338 3036 0
2338 5090 0
2338 13284 0
2338 5103 0
2338 1022 0
2338 5981 0
2338 3174 0
2338 5243 0
2338 5247 0
2338 5253 0
2338 1170 0
2338 1197 0
2338 12147 0
2338 5367 0
2338 5368 0
2338 3354 0
2338 1359 0
2338 5464 0
2338 5466 0
2338 5469 0
2338 3422 0
2338 3426 0
2338 1384 0
2338 4547 0
2338 7064 0
2338 19879 0
2338 3599 0
2338 1575 0
2338 1620 0
2338 1653 0
2338 1674 0
2338 1680 0
2338 1687 0
2338 3745 0
2338 3757 0
2338 1719 0
2338 3772 0
2338 1741 0
2338 1758 0
2338 5866 0
2338 16125 0
2338 1816 0
2338 5924 0
2338 8006 0
2338 8024 0
2338 1882 1
2338 1883 1
2338 5994 0
2338 7633 0
2338 1925 1
2338 1927 1
2338 1928 0
2338 3986 0
2338 6068 0
2338 8128 0
2338 7227 0
8483 6666 0
8483 2594 0
8483 6739 0
8483 1158 0
8483 1160 0
8483 3729 0
8483 1687 0
8483 1653 0
8483 5855 0
8483 1249 1
8483 2793 0
8483 1259 0
8483 5366 0
8483 5367 0
8483 4859 0
8483 1824 0
8483 5994 0
8483 2938 0
8483 1925 1
8483 3986 0
8483 6560 0
8483 6561 0
8483 1957 0
8483 7084 0
8483 5368 0
8483 16367 0
301 7699 0
301 5469 0
301 561 0
301 4664 1
301 7077 0
301 5657 0
301 7243 0
301 1620 0
301 9009 0
301 15996 0
301 16354 0
301 1160 0
301 2703 0
301 1902 0
301 1687 0
301 7836 0
301 669 0
301 2722 0
301 18085 0
301 6828 0
301 1197 0
301 1741 0
301 719 0
301 723 0
301 4822 0
301 16079 0
301 5855 0
301 2793 0
301 1259 0
301 1779 0
301 4859 0
301 537 0
301 3354 0
301 11226 0
301 301 0
301 4744 0
301 6465 0
301 2381 0
301 2382 0
301 5994 0
301 5523 0
301 3446 0
301 7045 0
301 1927 1
301 4463 0
301 16367 0
301 5367 0
301 6560 0
301 6561 0
301 5981 0
301 7084 0
301 6068 0
301 2718 0
301 4534 0
301 6078 0
301 4547 0
301 2500 0
301 4550 0
301 4555 0
301 5080 0
301 6111 1
301 3043 0
301 4551 0
20786 3936 1
393 13355 0
393 861 0
393 13061 0
393 7741 0
393 4534 0
393 6739 0
393 1620 0
393 3729 0
393 2722 0
393 2724 0
393 11038 0
393 7893 0
393 2938 0
393 5868 0
393 1779 0
393 3353 0
393 16354 0
393 911 0
393 5981 0
393 4479 0
393 8065 0
393 5016 0
393 3986 0
393 18332 0
393 2976 0
393 4524 0
393 4550 0
393 4551 0
393 6112 1
393 3043 0
393 1022 0
12600 3599 0
12600 6754 0
12600 5253 0
12600 669 0
12600 3757 0
12600 694 0
12600 3772 0
12600 10979 0
12600 5866 0
12600 5868 0
12600 16125 0
12600 8006 0
12600 1359 0
12600 5464 0
12600 5466 0
12600 4463 0
12600 4464 0
12600 4465 0
12600 5496 0
12600 1925 1
12600 1927 1
12600 1928 0
12600 911 0
12600 9173 0
12600 3030 0
12600 13284 0
12600 3046 0
12600 1022 0
4409 4409 0
4409 2408 0
4409 4463 0
4409 389 0
4409 2458 0
4409 4547 0
4409 4551 0
4409 561 0
4409 4550 0
4409 2793 0
4409 4859 0
4409 13061 0
4409 861 0
4409 2937 0
4409 7084 0
4409 11236 0
4409 5103 0
4409 13355 0
4409 870 0
4409 1158 0
4409 1160 0
4409 1221 0
4409 5366 0
4409 5367 0
4409 5368 0
4409 5469 0
4409 19808 0
4409 3426 0
4409 1384 0
4409 7551 0
4409 7553 0
4409 3934 0
4409 7740 0
4409 1653 0
4409 1687 0
4409 1741 0
4409 7893 0
4409 1765 0
4409 3844 0
4409 3886 0
4409 5981 0
4409 3729 0
4409 3986 0
4409 6072 1
4409 6078 0
4409 6112 1
6465 7084 0
6465 6072 1
6465 1741 0
6465 2408 0
2375 13061 0
2375 1620 0
2375 2709 0
2375 2712 0
2375 1741 0
2375 719 0
2375 7893 0
2375 2375 0
2375 7496 0
2375 2019 0
2375 861 0
2375 3426 0
2375 3446 0
2375 1927 1
2375 3986 0
2375 5523 0
2375 13220 0
2375 2724 0
2375 4081 1
12619 3599 0
12619 694 0
12619 6754 0
12619 5253 0
12619 1674 0
12619 10894 0
12619 669 0
12619 2718 0
12619 3745 0
12619 3772 0
12619 5866 0
12619 5868 0
12619 16125 0
12619 9173 0
12619 8006 0
12619 1359 0
12619 5464 0
12619 5466 0
12619 4463 0
12619 4464 0
12619 4465 0
12619 5496 0
12619 1925 1
12619 1927 1
12619 1928 0
12619 911 0
12619 8128 0
12619 3030 0
12619 13284 0
12619 1022 0
2381 3594 1
2381 1158 0
2381 4744 0
2381 3729 0
2381 2718 0
2381 5855 0
2381 1259 0
2381 3397 0
2381 2381 0
2381 4524 0
2381 4525 0
2381 4526 0
2381 4534 0
2381 4544 0
2381 4546 0
2381 4547 0
2381 3043 0
2382 4171 1
2382 2382 0
2382 337 0
2382 4463 0
2382 6560 0
2382 4524 0
2382 4525 0
2382 4526 0
2382 4530 1
2382 4534 0
2382 4546 0
2382 4547 0
2382 4550 0
2382 4551 0
2382 8687 1
2382 2599 0
2382 4664 1
2382 4681 0
2382 4744 0
2382 2708 0
2382 2718 0
2382 6817 0
2382 6843 0
2382 4859 0
2382 11038 0
2382 843 0
2382 870 0
2382 2938 0
2382 5022 0
2382 17323 0
2382 3043 0
2382 1158 0
2382 1259 0
2382 7406 0
2382 3978 0
2382 3397 0
2382 1384 0
2382 3446 0
2382 5543 0
2382 1479 0
2382 3594 1
2382 1653 0
2382 3729 0
2382 7836 0
2382 3354 0
2382 1741 0
2382 5855 0
2382 1765 0
2382 5882 0
2382 5924 0
2382 6792 0
2382 6793 0
2382 5953 0
2382 3934 0
2382 3936 0
2382 16241 0
2382 6078 0
2382 2019 0
337 3757 0
337 8024 0
337 5040 0
337 2594 0
337 5981 0
337 4171 1
337 5202 0
337 1620 0
337 5243 0
337 2703 0
337 2709 0
337 2712 0
337 669 0
337 2718 0
337 4551 0
337 1197 0
337 1221 0
337 5321 0
337 4319 0
337 5868 0
337 14072 0
337 5885 0
337 3844 0
337 1824 0
337 2976 0
337 3886 0
337 5855 0
337 1674 0
337 2881 0
337 842 0
337 337 0
337 338 0
337 5464 0
337 5469 0
337 3934 0
337 4450 0
337 3446 0
337 21378 0
337 1927 1
337 3464 0
337 3978 0
337 911 0
337 2458 0
337 413 0
337 19879 0
337 5052 0
337 4550 0
337 3745 0
337 972 0
337 4557 0
337 5090 0
337 3043 0
337 13284 0
337 16125 0
337 4081 1
337 1022 0
338 5469 0
338 694 0
338 4171 1
338 4319 0
338 338 0
338 4450 0
338 4479 0
338 4485 0
338 2458 0
338 2501 0
338 4550 0
338 4551 0
338 4557 0
338 2594 0
338 2599 0
338 4666 0
338 2703 0
338 2705 0
338 2712 0
338 669 0
338 2722 0
338 3886 0
338 2881 0
338 842 0
338 5004 0
338 5016 0
338 5021 0
338 5040 0
338 5052 0
338 972 0
338 5090 0
338 13284 0
338 1022 0
338 7227 0
338 5202 0
338 1221 0
338 1223 0
338 2937 0
338 5368 0
338 1359 0
338 5464 0
338 5466 0
338 911 0
338 19808 0
338 1384 0
338 5487 0
338 3446 0
338 3464 0
338 5521 0
338 19879 0
338 5620 1
338 1620 0
338 1674 0
338 3745 0
338 3757 0
338 3772 0
338 16079 0
338 5885 0
338 3844 0
338 1824 0
338 8024 0
338 5981 0
338 2709 0
338 1927 1
338 3978 0
338 6068 0
338 16354 0
338 4081 1
14675 1927 1
14675 3729 0
14675 2714 0
14675 6817 0
14675 1575 0
14675 4664 1
14675 7740 0
14675 6739 0
14675 1620 0
6489 1882 1
6489 1883 1
4450 5657 0
4450 2594 0
4450 8744 1
4450 861 0
4450 6739 0
4450 1653 0
4450 1680 0
4450 5487 0
4450 3745 0
4450 3267 0
4450 1741 0
4450 7893 0
4450 4822 0
4450 1765 0
4450 3036 0
4450 4450 0
4450 8065 0
4450 4491 0
4450 911 0
4450 3986 0
4450 6035 0
4450 2458 0
4450 3426 0
4450 4084 0
10595 5253 0
10595 1927 1
10595 5868 0
10595 1925 1
10595 694 0
10595 1359 0
10595 9173 0
10595 5464 0
10595 5466 0
10595 13284 0
10595 3046 0
10596 1925 1
10596 1674 0
10596 1927 1
10596 719 0
10596 9173 0
10596 5464 0
10596 5466 0
10596 1359 0
10596 13284 0
10596 5866 0
8549 4624 0
8549 13061 0
8549 8065 0
8549 13355 0
8549 3426 0
8549 6739 0
8549 5243 0
8549 5247 0
8549 2701 0
8549 2708 0
8549 2718 0
8549 2722 0
8549 3245 1
8549 1741 0
8549 7893 0
8549 5855 0
8549 19837 0
8549 11038 0
8549 7986 0
8549 5953 0
8549 861 0
8549 3729 0
8549 4465 0
8549 2938 0
8549 4477 0
8549 4485 0
8549 3462 0
8549 3464 0
8549 7064 0
8549 3986 0
8549 5016 0
8549 5022 0
8549 2976 0
8549 7077 0
8549 5981 0
8549 19879 0
8549 18332 0
8549 6068 0
8549 6078 0
8549 2500 0
8549 4555 0
8549 11236 0
2408 4859 0
2408 4624 0
2408 4644 0
2408 561 0
2408 1160 0
2408 3729 0
2408 1687 0
2408 1741 0
2408 1249 1
2408 5366 0
2408 5367 0
2408 5368 0
2408 19808 0
2408 3426 0
2408 2408 0
2408 6560 0
2408 7084 0
2408 6072 1
2408 3043 0
2408 11236 0
4458 3729 0
4458 2594 0
4458 1957 0
4458 4664 1
4458 5981 0
4458 5237 0
4458 5882 0
4458 9173 0
4463 694 0
4463 4319 0
4463 4463 0
4463 4464 0
4463 4465 0
4463 4477 0
4463 4485 0
4463 2458 0
4463 4524 0
4463 4525 0
4463 4526 0
4463 4530 1
4463 4547 0
4463 2500 0
4463 4550 0
4463 4551 0
4463 473 0
4463 4664 1
4463 4681 0
4463 14925 0
4463 6739 0
4463 10894 0
4463 2708 0
4463 2712 0
4463 6828 0
4463 719 0
4463 4822 0
4463 4566 0
4463 843 0
4463 861 0
4463 2881 0
4463 7064 0
4463 7077 0
4463 972 0
4463 9173 0
4463 13284 0
4463 1022 0
4463 9222 0
4463 13355 0
4463 5253 0
4463 1158 0
4463 1170 0
4463 5366 0
4463 561 0
4463 1359 0
4463 3446 0
4463 3462 0
4463 389 0
4463 5657 0
4463 1575 0
4463 7740 0
4463 3729 0
4463 3745 0
4463 3757 0
4463 1741 0
4463 7893 0
4463 5855 0
4463 3950 0
4463 8065 0
4463 1927 1
4463 3986 0
4463 6072 1
4464 3599 0
4464 5981 0
4464 561 0
4464 4681 0
4464 14925 0
4464 6739 0
4464 6754 0
4464 1653 0
4464 5253 0
4464 6792 0
4464 1674 0
4464 10894 0
4464 2708 0
4464 669 0
4464 3745 0
4464 5103 0
4464 3757 0
4464 694 0
4464 3772 0
4464 2937 0
4464 5866 0
4464 5868 0
4464 5366 0
4464 16125 0
4464 9173 0
4464 13355 0
4464 9477 0
4464 7956 0
4464 7986 0
4464 8006 0
4464 1359 0
4464 5464 0
4464 5466 0
4464 861 0
4464 3950 0
4464 4465 0
4464 5496 0
4464 7551 0
4464 1925 1
4464 1927 1
4464 1928 0
4464 911 0
4464 3986 0
4464 7064 0
4464 4524 0
4464 4525 0
4464 4526 0
4464 13284 0
4465 19879 0
4465 3599 0
4465 1629 0
4465 1653 0
4465 5243 0
4465 6792 0
4465 10894 0
4465 2708 0
4465 2709 0
4465 2712 0
4465 3745 0
4465 6828 0
4465 1216 0
4465 1741 0
4465 5855 0
4465 5868 0
4465 5366 0
4465 5885 0
4465 9173 0
4465 13355 0
4465 7956 0
4465 561 0
4465 1359 0
4465 861 0
4465 16241 0
4465 2937 0
4465 389 0
4465 3462 0
4465 1927 1
4465 7064 0
4465 18332 0
4465 4524 0
4465 4525 0
4465 4526 0
4465 6072 1
4465 2500 0
4465 4550 0
4465 4566 0
4465 1925 1
4465 6068 0
4465 3036 0
4465 13284 0
4465 1022 0
14716 1882 1
14716 1883 1
14716 14716 0
4477 8065 0
4477 1575 0
4477 561 0
4477 7740 0
4477 6072 1
4477 1620 0
4477 4744 0
4477 3729 0
4477 1687 0
4477 7836 0
4477 3745 0
4477 1216 0
4477 6792 0
4477 1741 0
4477 719 0
4477 5924 0
4477 4859 0
4477 7956 0
4477 5855 0
4477 2881 0
4477 3397 0
4477 861 0
4477 3934 0
4477 4547 0
4477 4479 0
4477 4485 0
4477 3462 0
4477 911 0
4477 3986 0
4477 5469 0
4477 2976 0
4477 13220 0
4477 19879 0
4477 4520 0
4477 6068 0
4477 2499 0
4477 4550 0
4477 4551 0
4477 972 0
4477 7633 0
4477 3036 0
4477 11236 0
4477 6739 0
4479 2594 0
4479 13355 0
4479 3422 0
4479 6068 0
4479 6739 0
4479 1620 0
4479 1653 0
4479 2703 0
4479 2712 0
4479 7836 0
4479 2718 0
4479 2724 0
4479 1741 0
4479 719 0
4479 7893 0
4479 5855 0
4479 5885 0
4479 13061 0
4479 4870 0
4479 8065 0
4479 3353 0
4479 3354 0
4479 2881 0
4479 5981 0
4479 3934 0
4479 3426 0
4479 1920 0
4479 4485 0
4479 3462 0
4479 3986 0
4479 5016 0
4479 19879 0
4479 2500 0
4479 4553 0
4479 13220 0
4479 5090 0
4479 11236 0
4479 5620 1
4479 1022 0
4485 1920 0
4485 389 0
4485 1292 0
4485 5521 0
4485 2458 0
4485 3397 0
4485 3745 0
4485 7836 0
4485 4664 1
4485 1221 0
4485 719 0
4485 3036 0
4485 3446 0
5868 9222 0
5868 5895 0
5868 14925 0
5868 5253 0
5868 10894 0
5868 3745 0
5868 694 0
5868 732 0
5868 5855 0
5868 5866 0
5868 9477 0
5868 1824 0
5868 15150 0
5868 7986 0
5868 1359 0
5868 861 0
5868 3426 0
5868 3950 0
5868 2937 0
5868 1927 1
5868 3986 0
5868 7064 0
5868 16354 0
5868 1620 0
4491 4653 0
4491 4664 1
4491 4171 1
4491 5855 0
4491 842 0
4491 3043 0
4491 4491 0
4491 4493 0
4491 6068 0
4491 4546 0
4491 5073 0
4491 473 0
4493 2976 0
4493 7209 0
4493 1653 0
4493 4171 1
4493 3043 0
4493 4081 1
4493 14072 0
2458 19879 0
2458 3594 1
2458 14072 0
2458 537 0
2458 2594 0
2458 2599 0
2458 561 0
2458 7227 0
2458 7740 0
2458 6666 0
2458 6739 0
2458 1620 0
2458 1653 0
2458 2703 0
2458 1680 0
2458 2705 0
2458 4547 0
2458 2709 0
2458 669 0
2458 2718 0
2458 6828 0
2458 1221 0
2458 1741 0
2458 4319 0
2458 7084 0
2458 13355 0
2458 5855 0
2458 5981 0
2458 3426 0
2458 4969 0
2458 4987 0
2458 1920 0
2458 389 0
2458 911 0
2458 5016 0
2458 2458 0
2458 5021 0
2458 7243 0
2458 5052 0
2458 4545 0
2458 4555 0
2458 5543 0
2458 4081 1
413 13061 0
413 8065 0
413 2594 0
413 2599 0
413 5981 0
413 4664 1
413 7741 0
413 6739 0
413 1620 0
413 5243 0
413 2703 0
413 1680 0
413 2709 0
413 2712 0
413 2718 0
413 3745 0
413 2722 0
413 2724 0
413 1221 0
413 5855 0
413 19837 0
413 7893 0
413 5422 0
413 7986 0
413 821 0
413 861 0
413 3426 0
413 2705 0
413 1384 0
413 2938 0
413 3462 0
413 3978 0
413 5004 0
413 3986 0
413 5016 0
413 18332 0
413 5029 0
413 4859 0
413 19879 0
413 4081 1
6560 16367 0
6560 7699 0
6560 2582 0
6560 4644 0
6560 561 0
6560 4664 1
6560 6739 0
6560 4624 0
6560 1653 0
6560 1160 0
6560 1687 0
6560 3745 0
6560 1197 0
6560 1741 0
6560 5855 0
6560 1765 0
6560 5367 0
6560 5368 0
6560 4859 0
6560 7084 0
6560 3353 0
6560 3354 0
6560 6792 0
6560 2881 0
6560 5981 0
6560 1384 0
6560 6560 0
6560 1957 0
6560 4524 0
6560 6072 1
6560 4546 0
6560 4550 0
6560 4555 0
6560 972 0
6560 5073 0
6560 6614 0
6560 3043 0
6561 8065 0
6561 2500 0
6561 5073 0
6561 7077 0
6561 7084 0
6561 561 0
6561 6072 1
6561 8128 0
6561 2501 0
6561 1479 0
6561 1741 0
6561 1249 1
6561 1250 0
6561 3043 0
6561 5620 1
6561 1653 0
6561 5882 0
18852 14072 0
18852 537 0
18852 6739 0
18852 1653 0
18852 1170 0
18852 2718 0
18852 2722 0
18852 2724 0
18852 3267 0
18852 5855 0
18852 2793 0
18852 19837 0
18852 1779 0
18852 5981 0
18852 1902 0
18852 19689 0
18852 3986 0
18852 4530 1
18852 2499 0
18852 4081 1
18852 1620 0
18854 7939 1
18854 18332 0
18854 1729 1
4520 1620 0
4520 2708 0
4520 2709 0
4520 1687 0
4520 2718 0
4520 2722 0
4520 1653 0
4520 5855 0
4520 1249 1
4520 13061 0
4520 5895 0
4520 7956 0
4520 5924 0
4520 9009 0
4520 3934 0
4520 3426 0
4520 871 0
4520 1902 0
4520 5487 0
4520 8065 0
4520 3986 0
4520 5543 0
4520 4520 0
4520 6068 0
4520 2019 0
4520 5620 1
4524 4171 1
4524 1741 0
4524 4524 0
4524 4525 0
4524 4526 0
4524 4530 1
4524 2500 0
4524 473 0
4524 2594 0
4524 4644 0
4524 2599 0
4524 562 0
4524 6739 0
4524 2714 0
4524 2718 0
4524 2722 0
4524 719 0
4524 4822 0
4524 4859 0
4524 911 0
4524 7064 0
4524 1022 0
4524 1158 0
4524 1170 0
4524 1216 0
4524 7379 0
4524 1259 0
4524 3397 0
4524 5466 0
4524 5469 0
4524 5477 0
4524 3462 0
4524 5543 0
4524 7684 0
4524 1549 0
4524 1620 0
4524 5855 0
4524 5953 0
4524 1869 0
4524 16241 0
4524 1927 1
4524 1957 0
4524 6072 1
4524 8128 0
4524 2724 0
4525 1549 0
4525 7684 0
4525 2594 0
4525 2599 0
4525 562 0
4525 4171 1
4525 1158 0
4525 2714 0
4525 2722 0
4525 1221 0
4525 1741 0
4525 7379 0
4525 3397 0
4525 1869 0
4525 5469 0
4525 3462 0
4525 1927 1
4525 3986 0
4525 5021 0
4525 1957 0
4525 4526 0
4525 4530 1
4525 2718 0
4525 6072 1
4525 473 0
4526 7684 0
4526 2594 0
4526 2599 0
4526 562 0
4526 4171 1
4526 1158 0
4526 2714 0
4526 1741 0
4526 3397 0
4526 1869 0
4526 5469 0
4526 3462 0
4526 1957 0
4526 4530 1
4526 6072 1
4526 473 0
4530 1549 1
4530 5466 1
4530 5040 1
4530 861 1
4530 6739 1
4530 1620 1
4530 1653 1
4530 3772 1
4530 4803 1
4530 7379 1
4530 7893 1
4530 10979 1
4530 2793 1
4530 13061 1
4530 4870 1
4530 21378 1
4530 7956 1
4530 3353 1
4530 5422 1
4530 3397 1
4530 5981 1
4530 5994 1
4530 9075 1
4530 19689 1
4530 2938 1
4530 19879 1
4530 4530 2
4530 8128 1
4530 4553 1
4530 20434 1
4530 9172 1
4530 2019 1
4530 11236 1
4530 5103 1
4534 4319 0
4534 1765 0
4534 4546 0
4534 6614 0
4534 6666 0
4534 562 0
4534 4534 0
4534 6935 0
4534 2703 0
4534 2714 0
4534 2718 0
4534 4859 0
4534 2881 0
4534 842 0
4534 7064 0
4534 972 0
4534 13061 0
4534 870 0
4534 3174 0
4534 5247 0
4534 1160 0
4534 1259 0
4534 7496 0
4534 5469 0
4534 5477 0
4534 1384 0
4534 19879 0
4534 7684 0
4534 1620 0
4534 1629 0
4534 1653 0
4534 1687 0
4534 3745 0
4534 5855 0
4534 1785 0
4534 3886 0
4534 1869 0
4534 1927 1
4534 3986 0
4534 6072 1
4534 2019 0
4534 4084 0
4542 8065 0
4542 3844 0
4542 2718 0
4542 17323 0
4542 940 0
4542 6068 0
4542 4664 1
4542 4542 0
4542 5755 0
4542 1653 0
4544 1620 0
4544 3174 0
4544 3772 0
4544 1160 0
4544 2714 0
4544 2718 0
4544 3745 0
4544 1765 0
4544 1785 0
4544 6935 0
4544 6792 0
4544 2881 0
4544 7141 0
4544 1384 0
4544 19879 0
4544 4544 0
4544 4546 0
4544 972 0
4544 473 0
4544 5620 1
4545 2701 0
4545 3986 0
4545 5021 0
4545 6072 1
4545 1741 0
4545 9172 0
4545 7893 0
4545 5924 0
4545 1765 0
4545 5885 0
4545 4081 1
4546 19879 0
4546 4664 1
4546 1620 0
4546 3174 0
4546 1160 0
4546 2714 0
4546 2718 0
4546 3745 0
4546 2722 0
4546 1575 0
4546 1741 0
4546 4822 0
4546 1765 0
4546 1785 0
4546 5882 0
4546 4859 0
4546 5885 0
4546 6935 0
4546 2881 0
4546 842 0
4546 5469 0
4546 1384 0
4546 911 0
4546 2976 0
4546 5543 0
4546 6078 0
4546 4546 0
4546 4550 0
4546 4551 0
4546 4084 0
4547 6666 0
4547 537 0
4547 2594 0
4547 4870 0
4547 13356 0
4547 561 0
4547 7740 0
4547 7741 0
4547 6739 0
4547 1620 0
4547 5477 0
4547 1653 0
4547 5247 0
4547 6792 0
4547 3729 0
4547 4803 0
4547 2709 0
4547 1687 0
4547 2712 0
4547 2718 0
4547 2722 0
4547 3267 0
4547 1221 0
4547 1223 0
4547 1741 0
4547 7893 0
4547 7986 0
4547 5855 0
4547 11038 0
4547 6793 0
4547 4859 0
4547 13355 0
4547 13061 0
4547 1925 1
4547 2881 0
4547 21322 0
4547 861 0
4547 3934 0
4547 3426 0
4547 1384 0
4547 5994 0
4547 3986 0
4547 2937 0
4547 2938 0
4547 8065 0
4547 389 0
4547 3462 0
4547 3978 0
4547 18332 0
4547 5657 0
4547 6068 0
4547 4547 0
4547 4555 0
4547 972 0
4547 4557 0
4547 7633 0
4547 7077 0
4547 3043 0
2500 389 0
2500 2501 0
2500 4555 0
2500 4557 0
2500 6614 0
2500 6666 0
2500 2599 0
2500 561 0
2500 2703 0
2500 2708 0
2500 2709 0
2500 2712 0
2500 2718 0
2500 6817 0
2500 2722 0
2500 2724 0
2500 723 0
2500 4859 0
2500 843 0
2500 870 0
2500 7045 0
2500 7077 0
2500 11226 0
2500 3043 0
2500 13356 0
2500 1158 0
2500 1160 0
2500 1197 0
2500 1221 0
2500 1223 0
2500 1249 1
2500 1250 0
2500 1259 0
2500 5366 0
2500 5367 0
2500 5368 0
2500 3350 0
2500 3353 0
2500 3354 0
2500 3358 0
2500 5422 0
2500 19777 0
2500 2500 0
2500 1384 0
2500 3446 0
2500 5521 0
2500 5523 0
2500 19879 0
2500 4822 0
2500 1479 0
2500 7699 0
2500 15996 0
2500 1680 0
2500 3729 0
2500 1687 0
2500 18085 0
2500 1741 0
2500 16079 0
2500 5855 0
2500 1779 0
2500 3886 0
2500 5981 0
2500 3934 0
2500 5994 0
2500 8065 0
2500 6078 0
2500 6111 1
2500 16367 0
2501 4822 0
2501 6614 0
2501 6666 0
2501 4624 0
2501 561 0
2501 2701 0
2501 2708 0
2501 2709 0
2501 2712 0
2501 2718 0
2501 2501 0
2501 6817 0
2501 2722 0
2501 723 0
2501 732 0
2501 4859 0
2501 13061 0
2501 843 0
2501 870 0
2501 7045 0
2501 7077 0
2501 11226 0
2501 13355 0
2501 13356 0
2501 1158 0
2501 1160 0
2501 1221 0
2501 1223 0
2501 10106 0
2501 1249 1
2501 1250 0
2501 5366 0
2501 5367 0
2501 5368 0
2501 3350 0
2501 3353 0
2501 3358 0
2501 5422 0
2501 1384 0
2501 5523 0
2501 19879 0
2501 1479 0
2501 17935 0
2501 7699 0
2501 1653 0
2501 15996 0
2501 1680 0
2501 3729 0
2501 18085 0
2501 1741 0
2501 7893 0
2501 5855 0
2501 1765 0
2501 1779 0
2501 3886 0
2501 3986 0
2501 6035 0
2501 6078 0
2501 6111 1
2501 16354 0
4550 4171 1
4550 4550 0
4550 4551 0
4550 4553 0
4550 4555 0
4550 4564 0
4550 4566 0
4550 6666 0
4550 561 0
4550 562 0
4550 4744 0
4550 2718 0
4550 719 0
4550 4822 0
4550 4859 0
4550 6935 0
4550 11038 0
4550 861 0
4550 870 0
4550 871 0
4550 7064 0
4550 5022 0
4550 3036 0
4550 3043 0
4550 5202 0
4550 5247 0
4550 2582 0
4550 1160 0
4550 1197 0
4550 1221 0
4550 5321 0
4550 7406 0
4550 1920 0
4550 3353 0
4550 3354 0
4550 3397 0
4550 3426 0
4550 5016 0
4550 5523 0
4550 3594 1
4550 1575 0
4550 1620 0
4550 1629 0
4550 1674 0
4550 3729 0
4550 1687 0
4550 7836 0
4550 1729 1
4550 1741 0
4550 7893 0
4550 5855 0
4550 1765 0
4550 5924 0
4550 1872 0
4550 3934 0
4550 3978 0
4550 3986 0
4550 1957 0
4550 6068 0
4550 6072 1
4550 4084 0
4551 5523 0
4551 2499 0
4551 4553 0
4551 4555 0
4551 4564 0
4551 6666 0
4551 561 0
4551 562 0
4551 4744 0
4551 4551 0
4551 719 0
4551 2793 0
4551 6935 0
4551 861 0
4551 870 0
4551 871 0
4551 7064 0
4551 5022 0
4551 3036 0
4551 3043 0
4551 13356 0
4551 5202 0
4551 5016 0
4551 1160 0
4551 1197 0
4551 5321 0
4551 7406 0
4551 3353 0
4551 3426 0
4551 5521 0
4551 3594 1
4551 1620 0
4551 1674 0
4551 3729 0
4551 7836 0
4551 1741 0
4551 1758 0
4551 5855 0
4551 1765 0
4551 5866 0
4551 1824 0
4551 5924 0
4551 1920 0
4551 3986 0
4551 1957 0
4551 6068 0
4551 6072 1
4553 6666 0
4553 2594 0
4553 2599 0
4553 7209 0
4553 1653 0
4553 2722 0
4553 1197 0
4553 1741 0
4553 5247 0
4553 3837 0
4553 5464 0
4553 5855 0
4553 5620 1
4553 1359 0
4553 8025 0
4553 870 0
4553 1920 0
4553 1927 1
4553 911 0
4553 2724 0
4553 5022 0
4553 1957 0
4553 8128 0
4553 4553 0
4553 4555 0
4553 4557 0
4553 3357 0
4553 5237 0
4555 6666 0
4555 2582 0
4555 7243 0
4555 5202 0
4555 1620 0
4555 5237 0
4555 4744 0
4555 3729 0
4555 1170 0
4555 1687 0
4555 2712 0
4555 1197 0
4555 1223 0
4555 1741 0
4555 4822 0
4555 5855 0
4555 1249 1
4555 1259 0
4555 5247 0
4555 3354 0
4555 6793 0
4555 842 0
4555 2019 0
4555 3353 0
4555 870 0
4555 871 0
4555 1928 0
4555 5523 0
4555 5022 0
4555 3397 0
4555 7588 0
4555 1957 0
4555 2976 0
4555 3528 0
4555 4555 0
4555 4557 0
4555 473 0
4555 5882 0
4555 16354 0
4555 3043 0
4555 5620 1
4555 10979 0
4557 6666 0
4557 5202 0
4557 1620 0
4557 5237 0
4557 1160 0
4557 3729 0
4557 1197 0
4557 1221 0
4557 1223 0
4557 1741 0
4557 4822 0
4557 5855 0
4557 1249 1
4557 1259 0
4557 5882 0
4557 5247 0
4557 5464 0
4557 3353 0
4557 3354 0
4557 842 0
4557 7141 0
4557 870 0
4557 5022 0
4557 7588 0
4557 1957 0
4557 3528 0
4557 4557 0
4557 4564 0
4557 3043 0
4564 3464 0
4564 3358 0
4564 1197 0
4564 4664 1
4564 5620 1
4564 5202 0
4564 4564 0
4564 4859 0
4564 5885 0
4566 3594 1
4566 1620 0
4566 1629 0
4566 1653 0
4566 2703 0
4566 2718 0
4566 1197 0
4566 16079 0
4566 5855 0
4566 2793 0
4566 5882 0
4566 5885 0
4566 3886 0
4566 2881 0
4566 842 0
4566 3426 0
4566 3986 0
4566 2937 0
4566 3464 0
4566 5521 0
4566 5523 0
4566 19879 0
4566 17323 0
4566 972 0
4566 20434 0
4566 4566 0
4566 6739 0
4566 5620 1
473 21378 0
473 3594 1
473 5022 0
473 1197 0
473 562 0
473 6068 0
473 1221 0
473 1223 0
473 1765 0
473 870 0
473 7406 0
12766 3599 0
12766 694 0
12766 6754 0
12766 10894 0
12766 669 0
12766 3757 0
12766 3772 0
12766 16125 0
12766 8006 0
12766 842 0
12766 1359 0
12766 5464 0
12766 5466 0
12766 1925 1
12766 1927 1
12766 911 0
12766 8128 0
12766 20434 0
12766 9173 0
12766 13284 0
12766 3046 0
12766 1022 0
4859 4319 0
4859 7209 0
4859 389 0
4859 6907 0
4859 2582 0
4859 561 0
4859 4681 0
4859 6792 0
4859 2701 0
4859 2703 0
4859 2705 0
4859 2708 0
4859 2709 0
4859 2712 0
4859 669 0
4859 2718 0
4859 2722 0
4859 6828 0
4859 4859 0
4859 2881 0
4859 4987 0
4859 5016 0
4859 7077 0
4859 7084 0
4859 5052 0
4859 972 0
4859 3043 0
4859 1022 0
4859 13356 0
4859 5243 0
4859 1160 0
4859 1197 0
4859 1221 0
4859 1223 0
4859 7406 0
4859 3354 0
4859 3422 0
4859 5477 0
4859 3446 0
4859 19837 0
4859 7551 0
4859 5521 0
4859 5523 0
4859 19879 0
4859 5620 1
4859 7699 0
4859 5657 0
4859 1622 0
4859 3729 0
4859 1687 0
4859 18085 0
4859 1741 0
4859 5855 0
4859 1779 0
4859 14072 0
4859 3886 0
4859 5981 0
4859 3934 0
4859 16241 0
4859 1927 1
4859 3986 0
4859 1957 0
4859 16354 0
5543 3594 1
5543 2582 0
5543 4664 1
5543 2703 0
5543 2718 0
5543 5855 0
5543 7406 0
5543 5367 0
5543 7956 0
5543 11038 0
5543 9009 0
5543 1902 0
5543 389 0
5543 5022 0
5543 5543 0
5543 16354 0
5885 1741 0
5885 3462 0
5885 389 0
5885 2499 0
5885 4624 0
5885 4644 0
5885 4744 0
5885 2701 0
5885 2703 0
5885 2705 0
5885 2708 0
5885 2709 0
5885 2712 0
5885 8860 0
5885 669 0
5885 6843 0
5885 719 0
5885 723 0
5885 9009 0
5885 821 0
5885 2881 0
5885 842 0
5885 2976 0
5885 5029 0
5885 5052 0
5885 21322 0
5885 972 0
5885 3036 0
5885 7141 0
5885 7209 0
5885 5243 0
5885 1292 0
5885 3397 0
5885 5469 0
5885 6035 0
5885 3464 0
5885 5523 0
5885 19879 0
5885 5620 1
5885 7705 0
5885 1629 0
5885 5755 0
5885 3734 0
5885 16079 0
5885 14072 0
5885 5882 0
5885 5885 0
5885 6792 0
5885 8024 0
5885 11236 0
5885 5981 0
5885 5994 0
5885 3978 0
5885 3986 0
5885 6068 0
5885 2019 0
5885 4084 0
6666 6666 0
6666 1549 0
6666 13355 0
6666 7077 0
6666 3594 1
6666 1620 0
6666 15996 0
6666 1158 0
6666 1160 0
6666 1477 0
6666 1197 0
6666 1779 0
6666 8065 0
6666 6111 1
6666 3426 0
6666 7045 0
6666 1687 0
6666 7084 0
6666 16354 0
6666 19879 0
6666 16367 0
4624 4624 0
4624 2594 0
4624 7741 0
4624 1622 0
4624 6843 0
4624 870 0
4624 2701 0
4624 2703 0
4624 1680 0
4624 2705 0
4624 2712 0
4624 2714 0
4624 2718 0
4624 3244 1
4624 1221 0
4624 1223 0
4624 4644 0
4624 4319 0
4624 7633 0
4624 6792 0
4624 3422 0
4624 5981 0
4624 8860 0
4624 3729 0
4624 1384 0
4624 5487 0
4624 3446 0
4624 14072 0
4624 2709 0
4624 3986 0
4624 18332 0
4624 6068 0
4624 2722 0
4624 2724 0
4624 4081 1
2582 3594 1
2582 7699 0
2582 2582 0
2582 5657 0
2582 1687 0
2582 2722 0
2582 1197 0
2582 4644 0
2582 5855 0
2582 1259 0
2582 7406 0
2582 5367 0
2582 3354 0
2582 3358 0
2582 389 0
2582 5523 0
2582 5022 0
2582 7084 0
2582 6078 0
537 389 0
537 6614 0
537 537 0
537 4664 1
537 6739 0
537 2703 0
537 2709 0
537 2712 0
537 669 0
537 4803 0
537 2937 0
537 5052 0
537 13284 0
537 1160 0
537 1197 0
537 5367 0
537 5422 0
537 1359 0
537 5487 0
537 4081 1
537 7705 0
537 1653 0
537 1687 0
537 5855 0
537 1765 0
537 8024 0
537 8025 0
537 5981 0
537 5994 0
537 3978 0
2594 4319 0
2594 6614 0
2594 13061 0
2594 2594 0
2594 2599 0
2594 561 0
2594 6739 0
2594 2677 0
2594 2703 0
2594 2709 0
2594 2714 0
2594 2718 0
2594 2722 0
2594 2724 0
2594 6843 0
2594 19135 0
2594 821 0
2594 842 0
2594 861 0
2594 4969 0
2594 4987 0
2594 5004 0
2594 911 0
2594 5016 0
2594 5021 0
2594 5029 0
2594 5040 0
2594 5052 0
2594 972 0
2594 11236 0
2594 3046 0
2594 1022 0
2594 7227 0
2594 5243 0
2594 3267 0
2594 1221 0
2594 1223 0
2594 2937 0
2594 1259 0
2594 4653 0
2594 3426 0
2594 1384 0
2594 5487 0
2594 7064 0
2594 19879 0
2594 1653 0
2594 1680 0
2594 3745 0
2594 1741 0
2594 7893 0
2594 5855 0
2594 1765 0
2594 14072 0
2594 3886 0
2594 7986 0
2594 5994 0
2594 16241 0
2594 8065 0
2594 1927 1
2594 3978 0
2594 2712 0
2594 3986 0
2594 5103 0
2594 18332 0
2594 6068 0
2594 6078 0
2594 4081 1
4644 19879 0
4644 4644 0
4644 4653 0
4644 6739 0
4644 5243 0
4644 1160 0
4644 6793 0
4644 5258 0
4644 2701 0
4644 2703 0
4644 3729 0
4644 2709 0
4644 2712 0
4644 679 0
4644 694 0
4644 1741 0
4644 5855 0
4644 7893 0
4644 13355 0
4644 11038 0
4644 7986 0
4644 861 0
4644 870 0
4644 3446 0
4644 8065 0
4644 3464 0
4644 3986 0
4644 6035 0
4644 18332 0
4644 1957 0
4644 5981 0
4644 6072 1
4644 2499 0
4644 7633 0
4644 6614 0
4644 11236 0
2599 19879 0
2599 7084 0
2599 2599 0
2599 2712 0
2599 561 0
2599 21378 0
2599 6739 0
2599 6843 0
2599 5243 0
2599 1680 0
2599 2708 0
2599 2714 0
2599 2718 0
2599 2722 0
2599 2724 0
2599 19135 0
2599 1741 0
2599 4319 0
2599 1765 0
2599 7893 0
2599 7986 0
2599 821 0
2599 11236 0
2599 861 0
2599 3426 0
2599 1384 0
2599 5994 0
2599 16241 0
2599 3446 0
2599 3729 0
2599 8065 0
2599 1927 1
2599 3978 0
2599 5004 0
2599 3986 0
2599 5103 0
2599 5029 0
2599 6078 0
2599 14072 0
2599 2019 0
2599 4081 1
8744 5895 1
8744 7717 1
8744 1927 2
8744 4653 1
8744 6843 1
8744 5073 1
8744 5090 1
8744 7741 1
4653 561 0
4653 972 0
4653 7633 0
4653 861 0
4653 5994 0
4653 4081 1
4653 1653 0
4653 5882 0
14894 14894 0
14894 7740 0
14894 2703 0
14894 1170 0
14894 2708 0
14894 1249 1
14894 5368 0
14894 6935 0
14894 861 0
14894 3426 0
561 389 0
561 561 0
561 2701 0
561 2712 0
561 2718 0
561 6817 0
561 2724 0
561 6828 0
561 4822 0
561 2793 0
561 4870 0
561 11038 0
561 871 0
561 7045 0
561 3036 0
561 3043 0
561 3046 0
561 861 0
561 5243 0
561 1158 0
561 1160 0
561 1221 0
561 1249 1
561 1250 0
561 1259 0
561 5366 0
561 5367 0
561 5368 0
561 3353 0
561 3354 0
561 5496 0
561 7551 0
561 3462 0
561 5521 0
561 5523 0
561 19879 0
561 1479 0
561 17935 0
561 7740 0
561 15996 0
561 1680 0
561 3729 0
561 1687 0
561 1741 0
561 5855 0
561 1779 0
561 5953 0
561 5981 0
561 5994 0
561 10106 0
561 1920 0
561 1924 1
561 1925 1
561 1927 1
561 3978 0
561 6068 0
561 6072 1
561 2019 0
562 2703 0
562 7064 0
562 2709 0
562 2712 0
562 2718 0
562 2722 0
562 9009 0
562 562 0
562 5981 0
562 6111 1
562 14072 0
4664 7684 1
4664 3599 1
4664 3246 1
4664 5040 1
4664 7084 1
4664 4664 2
4664 4681 1
4664 1622 1
4664 7275 1
4664 1653 1
4664 8941 1
4664 5243 1
4664 5994 1
4664 4744 1
4664 2701 1
4664 2703 1
4664 2705 1
4664 2709 1
4664 2712 1
4664 8860 1
4664 669 1
4664 2718 1
4664 2722 1
4664 2724 1
4664 3757 1
4664 1221 1
4664 1223 1
4664 1741 1
4664 719 1
4664 5855 1
4664 1259 1
4664 16125 1
4664 3844 1
4664 5021 1
4664 1816 1
4664 1824 1
4664 4319 1
4664 21322 1
4664 843 1
4664 1359 1
4664 5464 1
4664 8025 1
4664 5466 1
4664 5981 1
4664 7227 1
4664 5496 1
4664 4987 1
4664 1928 1
4664 20204 1
4664 5004 1
4664 911 1
4664 6035 1
4664 5016 1
4664 940 1
4664 7496 1
4664 5052 1
4664 11223 1
4664 8898 1
4664 5029 1
4664 5090 1
4664 13284 1
4664 3046 1
4664 17935 1
4666 5649 1
4666 2718 0
4666 4666 0
4666 1620 0
4681 6828 0
4681 7209 0
4681 5895 0
4681 4681 0
4681 1620 0
4681 5247 0
4681 4744 0
4681 1674 0
4681 1170 0
4681 2718 0
4681 2722 0
4681 1479 0
4681 1719 0
4681 1653 0
4681 5855 0
4681 1816 0
4681 5924 0
4681 5469 0
4681 3446 0
4681 1927 1
4681 5521 0
4681 3986 0
4681 7064 0
4681 3010 0
4681 3036 0
4681 5523 0
4681 1022 0
14925 3599 0
14925 694 0
14925 6754 0
14925 5253 0
14925 10894 0
14925 1170 0
14925 669 0
14925 3745 0
14925 3757 0
14925 3772 0
14925 5866 0
14925 16125 0
14925 8006 0
14925 1359 0
14925 5464 0
14925 5466 0
14925 5496 0
14925 1925 1
14925 1927 1
14925 1928 0
14925 911 0
14925 8128 0
14925 9173 0
14925 3030 0
14925 13284 0
14925 1022 0
6739 7243 0
6739 4319 0
6739 19879 0
6739 6739 0
6739 6793 0
6739 2701 0
6739 2703 0
6739 2705 0
6739 2708 0
6739 2709 0
6739 2712 0
6739 2714 0
6739 669 0
6739 2718 0
6739 2722 0
6739 2724 0
6739 6828 0
6739 6843 0
6739 4870 0
6739 2881 0
6739 4969 0
6739 2937 0
6739 2938 0
6739 4987 0
6739 5004 0
6739 5016 0
6739 5021 0
6739 2976 0
6739 5029 0
6739 5040 0
6739 9172 0
6739 1022 0
6739 7227 0
6739 5243 0
6739 19689 0
6739 1259 0
6739 5366 0
6739 5367 0
6739 5368 0
6739 5464 0
6739 5466 0
6739 1384 0
6739 5487 0
6739 14072 0
6739 7717 0
6739 1653 0
6739 1674 0
6739 1680 0
6739 1741 0
6739 1765 0
6739 1824 0
6739 8006 0
6739 5981 0
6739 1927 1
6739 3978 0
6739 3986 0
6739 5103 0
6739 6068 0
6739 4081 1
4698 2714 0
4698 6068 0
4698 6072 1
4698 5620 1
6754 5253 0
6754 1927 1
6754 7064 0
6754 1816 0
6754 7705 0
6754 9477 0
6754 3745 0
6754 9222 0
6754 3757 0
6754 15990 0
6754 694 0
6754 1359 0
6754 7633 0
6754 1620 0
6754 9173 0
6754 13284 0
6754 4319 0
6754 6754 0
6754 3950 0
6754 3446 0
6754 1022 0
626 1924 1
626 1925 1
626 1928 0
626 2709 0
626 3772 0
626 13284 0
626 19879 0
626 5487 0
626 626 0
2677 19879 0
2677 1729 1
2677 2499 0
2677 1741 0
2677 4822 0
2677 5620 1
2677 2677 0
2677 10106 0
6774 3594 1
6774 3986 0
6774 5022 0
6774 1653 0
6774 5882 0
6792 389 0
6792 14072 0
6792 16125 0
6792 6792 0
6792 2703 0
6792 2705 0
6792 2708 0
6792 2712 0
6792 669 0
6792 2718 0
6792 2722 0
6792 2724 0
6792 9009 0
6792 2881 0
6792 861 0
6792 4969 0
6792 5004 0
6792 5016 0
6792 2976 0
6792 5052 0
6792 972 0
6792 3036 0
6792 13284 0
6792 7141 0
6792 1022 0
6792 5132 0
6792 870 0
6792 3174 0
6792 5243 0
6792 1160 0
6792 1292 0
6792 2499 0
6792 1359 0
6792 5469 0
6792 3422 0
6792 19837 0
6792 3462 0
6792 7633 0
6792 5620 1
6792 1620 0
6792 3729 0
6792 3734 0
6792 3745 0
6792 3757 0
6792 16079 0
6792 20204 0
6792 5882 0
6792 1697 0
6792 1824 0
6792 3886 0
6792 5953 0
6792 5981 0
6792 1902 0
6792 16241 0
6792 2709 0
6792 1927 1
6792 2019 0
6793 13355 0
6793 1927 1
6793 6793 0
6793 3729 0
6793 3986 0
6793 13061 0
6793 3886 0
6793 19135 0
6793 2881 0
6793 2499 0
6793 972 0
6793 1620 0
6793 3422 0
6793 4319 0
6793 5477 0
6793 5620 1
6793 5247 0
2701 13355 0
2701 7741 0
2701 16079 0
2701 1620 0
2701 5247 0
2701 2703 0
2701 2709 0
2701 2718 0
2701 14072 0
2701 5855 0
2701 19689 0
2701 5882 0
2701 5422 0
2701 7986 0
2701 5464 0
2701 5981 0
2701 3426 0
2701 2708 0
2701 2938 0
2701 8065 0
2701 3462 0
2701 5004 0
2701 2712 0
2701 3986 0
2701 7064 0
2701 18332 0
2701 2976 0
2701 19879 0
2701 6078 0
2701 2499 0
2701 5620 1
10894 9222 0
10894 3757 0
10894 3599 0
10894 15990 0
10894 5253 0
10894 3745 0
10894 2722 0
10894 1197 0
10894 694 0
10894 3772 0
10894 5866 0
10894 16125 0
10894 15150 0
10894 1674 0
10894 8006 0
10894 1359 0
10894 5464 0
10894 5466 0
10894 3950 0
10894 5496 0
10894 10106 0
10894 1925 1
10894 1927 1
10894 1928 0
10894 911 0
10894 7064 0
10894 8128 0
10894 20434 0
10894 9173 0
10894 3030 0
10894 13284 0
10894 1022 0
2703 2703 0
2703 2705 0
2703 2709 0
2703 2712 0
2703 8860 0
2703 2718 0
2703 2722 0
2703 2724 0
2703 7633 0
2703 11038 0
2703 7986 0
2703 2881 0
2703 843 0
2703 870 0
2703 7045 0
2703 21322 0
2703 972 0
2703 11236 0
2703 1022 0
2703 3174 0
2703 5243 0
2703 5247 0
2703 1249 1
2703 3397 0
2703 3426 0
2703 19837 0
2703 3462 0
2703 3464 0
2703 5029 0
2703 5620 1
2703 1620 0
2703 15996 0
2703 3729 0
2703 3745 0
2703 16079 0
2703 5855 0
2703 1779 0
2703 5882 0
2703 7956 0
2703 3886 0
2703 5953 0
2703 8065 0
2703 3978 0
2703 3986 0
2703 18332 0
2703 1957 0
2703 6068 0
2703 6078 0
2705 13356 0
2705 5247 0
2705 1170 0
2705 2709 0
2705 2718 0
2705 4803 0
2705 1741 0
2705 5855 0
2705 5882 0
2705 3886 0
2705 5953 0
2705 3426 0
2705 7553 0
2705 3462 0
2705 2881 0
2705 7633 0
2705 5080 0
2705 16354 0
2705 5620 1
2499 1620 0
2499 5243 0
2499 7275 0
2499 1158 0
2499 5258 0
2499 2712 0
2499 669 0
2499 2722 0
2499 18085 0
2499 6828 0
2499 5855 0
2499 1249 1
2499 1259 0
2499 1160 0
2499 5953 0
2499 2881 0
2499 7084 0
2499 6068 0
2499 2499 0
2499 972 0
2499 7633 0
2708 2709 0
2708 2712 0
2708 2714 0
2708 8860 0
2708 669 0
2708 2718 0
2708 2722 0
2708 2724 0
2708 13061 0
2708 21322 0
2708 861 0
2708 5016 0
2708 2976 0
2708 7077 0
2708 3046 0
2708 1022 0
2708 13355 0
2708 3174 0
2708 5243 0
2708 1216 0
2708 1221 0
2708 3353 0
2708 3354 0
2708 3397 0
2708 3446 0
2708 3462 0
2708 3464 0
2708 19879 0
2708 1479 0
2708 7633 0
2708 7084 0
2708 1620 0
2708 18085 0
2708 1741 0
2708 5855 0
2708 14072 0
2708 5882 0
2708 3886 0
2708 5953 0
2708 1883 1
2708 5981 0
2708 1902 0
2708 8065 0
2708 3986 0
2708 6068 0
2708 6078 0
2708 16354 0
2708 2019 0
2709 19837 0
2709 2881 0
2709 2709 0
2709 2712 0
2709 2714 0
2709 8860 0
2709 669 0
2709 2718 0
2709 2722 0
2709 1479 0
2709 719 0
2709 732 0
2709 13061 0
2709 843 0
2709 861 0
2709 870 0
2709 4969 0
2709 2937 0
2709 7064 0
2709 11236 0
2709 3174 0
2709 5247 0
2709 1170 0
2709 3246 0
2709 5464 0
2709 5466 0
2709 3426 0
2709 1384 0
2709 3462 0
2709 5016 0
2709 19879 0
2709 5620 1
2709 7699 0
2709 7741 0
2709 1620 0
2709 15990 0
2709 16354 0
2709 1687 0
2709 3745 0
2709 18085 0
2709 16079 0
2709 7893 0
2709 5855 0
2709 5882 0
2709 7956 0
2709 1824 0
2709 3886 0
2709 7986 0
2709 5953 0
2709 5981 0
2709 10106 0
2709 8065 0
2709 3978 0
2709 3986 0
2709 18332 0
2709 6068 0
2709 6078 0
2709 2724 0
2709 4081 1
2712 16079 0
2712 19837 0
2712 389 0
2712 6614 0
2712 2712 0
2712 2714 0
2712 8860 0
2712 2718 0
2712 2722 0
2712 2724 0
2712 4822 0
2712 11038 0
2712 7986 0
2712 2881 0
2712 843 0
2712 861 0
2712 870 0
2712 4969 0
2712 21378 0
2712 5004 0
2712 2976 0
2712 5029 0
2712 5052 0
2712 5080 0
2712 3036 0
2712 3043 0
2712 11236 0
2712 1022 0
2712 13356 0
2712 5243 0
2712 5247 0
2712 1170 0
2712 7717 0
2712 1259 0
2712 3354 0
2712 3397 0
2712 3426 0
2712 1384 0
2712 3446 0
2712 3462 0
2712 19879 0
2712 7633 0
2712 13220 0
2712 7077 0
2712 5620 1
2712 3594 1
2712 5657 0
2712 7741 0
2712 1620 0
2712 1680 0
2712 18085 0
2712 1741 0
2712 5855 0
2712 14072 0
2712 5882 0
2712 3886 0
2712 5953 0
2712 1883 1
2712 5981 0
2712 3978 0
2712 3986 0
2712 18332 0
2712 6068 0
2712 6078 0
2714 2714 0
2714 4319 0
2714 19879 0
2714 8860 0
2714 2718 0
2714 2722 0
2714 2881 0
2714 2938 0
2714 2976 0
2714 972 0
2714 5080 0
2714 3174 0
2714 1170 0
2714 7045 0
2714 5422 0
2714 5466 0
2714 3426 0
2714 5523 0
2714 7633 0
2714 5620 1
2714 7741 0
2714 1620 0
2714 1629 0
2714 15990 0
2714 3729 0
2714 1741 0
2714 5855 0
2714 1779 0
2714 14072 0
2714 3886 0
2714 5981 0
2714 5994 0
2714 1928 0
2714 3986 0
2714 6068 0
8860 3594 1
8860 1620 0
8860 1653 0
8860 2718 0
8860 2722 0
8860 1221 0
8860 1223 0
8860 7893 0
8860 1765 0
8860 13061 0
8860 9009 0
8860 5953 0
8860 3426 0
8860 1902 0
8860 5895 0
8860 3986 0
8860 2976 0
8860 6068 0
8860 4084 0
669 16079 0
669 19837 0
669 19879 0
669 669 0
669 2718 0
669 679 0
669 4803 0
669 2881 0
669 7064 0
669 972 0
669 3036 0
669 13284 0
669 5253 0
669 1221 0
669 1223 0
669 5321 0
669 9477 0
669 3397 0
669 1359 0
669 3426 0
669 1384 0
669 3462 0
669 5657 0
669 7741 0
669 1620 0
669 1653 0
669 3729 0
669 3745 0
669 3757 0
669 1741 0
669 1765 0
669 5882 0
669 5924 0
669 3886 0
669 7986 0
669 5981 0
669 3950 0
669 1927 1
669 3978 0
669 6078 0
2718 4319 0
2718 19837 0
2718 5521 0
2718 5523 0
2718 19879 0
2718 2718 0
2718 2722 0
2718 2724 0
2718 679 0
2718 719 0
2718 6614 0
2718 11038 0
2718 7986 0
2718 9009 0
2718 2881 0
2718 843 0
2718 861 0
2718 870 0
2718 2937 0
2718 2938 0
2718 5004 0
2718 5021 0
2718 5022 0
2718 2976 0
2718 21322 0
2718 972 0
2718 3036 0
2718 3043 0
2718 4969 0
2718 5243 0
2718 5247 0
2718 1223 0
2718 1216 0
2718 1221 0
2718 1882 1
2718 19689 0
2718 7406 0
2718 5464 0
2718 5469 0
2718 3426 0
2718 1384 0
2718 3446 0
2718 3462 0
2718 3464 0
2718 5016 0
2718 7633 0
2718 5029 0
2718 5620 1
2718 3594 1
2718 7741 0
2718 1620 0
2718 5755 0
2718 1680 0
2718 3729 0
2718 3745 0
2718 1719 0
2718 1741 0
2718 16079 0
2718 5855 0
2718 14072 0
2718 5882 0
2718 7956 0
2718 1816 0
2718 1824 0
2718 5953 0
2718 1883 1
2718 1902 0
2718 16241 0
2718 8065 0
2718 1925 1
2718 1927 1
2718 3978 0
2718 3986 0
2718 18332 0
2718 6068 0
2718 6078 0
2718 1697 0
2718 18085 0
2718 16354 0
2718 4081 1
6817 5657 0
6817 5237 0
6817 1158 0
6817 1741 0
6817 1250 0
6817 7939 1
6817 3359 0
6817 1249 1
2722 4319 0
2722 19837 0
2722 5521 0
2722 5523 0
2722 19879 0
2722 2881 0
2722 13061 0
2722 2722 0
2722 11038 0
2722 7986 0
2722 9009 0
2722 861 0
2722 4969 0
2722 21378 0
2722 5004 0
2722 7064 0
2722 5021 0
2722 5022 0
2722 5029 0
2722 21322 0
2722 972 0
2722 3036 0
2722 3043 0
2722 7227 0
2722 5243 0
2722 5247 0
2722 1170 0
2722 1902 0
2722 1221 0
2722 1223 0
2722 2937 0
2722 19689 0
2722 1259 0
2722 1359 0
2722 5464 0
2722 5469 0
2722 3426 0
2722 1384 0
2722 3446 0
2722 3462 0
2722 5016 0
2722 7633 0
2722 5620 1
2722 1620 0
2722 1653 0
2722 1680 0
2722 3729 0
2722 3745 0
2722 18085 0
2722 1741 0
2722 16079 0
2722 7893 0
2722 5855 0
2722 14072 0
2722 5882 0
2722 1824 0
2722 5953 0
2722 1883 1
2722 5981 0
2722 3950 0
2722 8065 0
2722 1927 1
2722 3978 0
2722 3986 0
2722 18332 0
2722 6068 0
2722 2724 0
2722 16354 0
2722 4081 1
2724 13061 0
2724 2724 0
2724 11038 0
2724 843 0
2724 861 0
2724 21378 0
2724 5004 0
2724 5016 0
2724 5029 0
2724 11236 0
2724 5243 0
2724 1197 0
2724 3426 0
2724 1384 0
2724 19879 0
2724 7702 0
2724 1620 0
2724 1680 0
2724 3729 0
2724 3353 0
2724 1741 0
2724 7893 0
2724 14072 0
2724 7986 0
2724 5953 0
2724 5981 0
2724 8065 0
2724 3978 0
2724 3986 0
2724 18332 0
2724 6068 0
2724 16354 0
2724 4081 1
679 1620 0
679 3174 0
679 1158 0
679 679 0
679 16079 0
679 9009 0
679 6935 0
679 3353 0
679 3397 0
679 5477 0
679 8065 0
679 1927 1
679 7064 0
6828 7227 0
6828 7740 0
6828 7243 0
6828 1384 0
6828 5994 0
6828 1158 0
6828 1160 0
6828 6828 0
6828 1221 0
6828 1741 0
6828 21378 0
6828 3358 0
6828 5422 0
6828 5855 0
6828 5258 0
6828 4969 0
6828 3446 0
6828 4987 0
6828 1924 1
6828 5521 0
6828 5016 0
6828 5021 0
6828 972 0
6828 3043 0
6828 5103 0
694 9222 0
694 3599 0
694 13061 0
694 15150 0
694 1653 0
694 5253 0
694 1674 0
694 3745 0
694 3757 0
694 3772 0
694 7893 0
694 4319 0
694 5866 0
694 16125 0
694 9173 0
694 9477 0
694 7986 0
694 8006 0
694 1359 0
694 5464 0
694 5466 0
694 3426 0
694 5496 0
694 1925 1
694 1927 1
694 1928 0
694 911 0
694 7064 0
694 8128 0
694 20434 0
694 3030 0
694 13284 0
694 1022 0
6843 13061 0
6843 13355 0
6843 5469 0
6843 1653 0
6843 18085 0
6843 1197 0
6843 7893 0
6843 5367 0
6843 5368 0
6843 861 0
6843 11038 0
6843 821 0
6843 842 0
6843 5981 0
6843 3426 0
6843 3986 0
6843 1957 0
6843 9172 0
6843 3043 0
19135 1384 0
19135 5243 0
19135 18332 0
19135 1221 0
19135 2937 0
19135 4319 0
19135 2793 0
19135 821 0
19135 4969 0
19135 4987 0
19135 1927 1
19135 3978 0
19135 5004 0
19135 911 0
19135 5016 0
19135 5029 0
19135 19879 0
19135 5021 0
19135 6614 0
8898 389 0
8898 3936 0
4803 13355 0
4803 5243 0
4803 7836 0
4803 16241 0
4803 4803 0
4803 7893 0
4803 5855 0
4803 4319 0
4803 1259 0
4803 13061 0
4803 11038 0
4803 7986 0
4803 842 0
4803 3426 0
4803 3729 0
4803 5994 0
4803 3446 0
4803 1927 1
4803 1928 0
4803 5004 0
4803 5021 0
4803 6068 0
4803 1477 0
4803 7633 0
4803 1022 0
719 5469 0
719 6068 0
719 1620 0
719 1221 0
719 1223 0
719 1741 0
719 719 0
719 7379 0
719 5924 0
719 1259 0
719 5882 0
719 3353 0
719 1359 0
719 2938 0
719 1927 1
719 3986 0
719 2976 0
719 3030 0
719 13284 0
719 1022 0
723 7699 0
723 1653 0
723 1160 0
723 5258 0
723 3729 0
723 1687 0
723 18085 0
723 1249 1
723 1250 0
723 723 0
723 5366 0
723 5367 0
723 3353 0
723 3354 0
723 5422 0
723 19777 0
723 3934 0
723 1957 0
723 6072 1
723 1479 0
723 7633 0
723 7077 0
723 3043 0
4822 1549 0
4822 3934 0
4822 5855 0
4822 15996 0
4822 3729 0
4822 1687 0
4822 1197 0
4822 1741 0
4822 4822 0
4822 1249 1
4822 7551 0
4822 7077 0
4822 7084 0
4822 861 0
4822 870 0
4822 5994 0
4822 6035 0
4822 3446 0
4822 1920 0
4822 5366 0
4822 3986 0
4822 5523 0
4822 1957 0
4822 6072 1
4822 1479 0
4822 16354 0
4822 3043 0
4822 19879 0
732 7717 0
732 7741 0
732 1653 0
732 3729 0
732 1170 0
732 3246 0
732 1741 0
732 7893 0
732 5855 0
732 1249 1
732 13355 0
732 13061 0
732 5895 0
732 861 0
732 3426 0
732 3986 0
732 911 0
732 18332 0
732 4081 1
10979 1249 1
2793 4870 0
2793 842 0
2793 1221 0
2793 1223 0
2793 5368 0
2793 3446 0
2793 5496 0
2793 5855 0
2793 1869 0
2793 3934 0
2793 16241 0
2793 1925 1
2793 6111 1
8941 1765 0
8941 1779 0
8941 7939 1
8941 3353 0
8941 3354 0
8941 3357 0
8941 3358 0
8941 5981 0
8941 7705 0
8941 8941 0
8941 3986 0
8941 5052 0
8941 11223 0
6907 389 0
6907 5953 0
6907 3464 0
6907 1170 0
6907 5981 0
6907 6078 0
6907 6907 0
6907 1620 0
6907 1883 1
6907 3036 0
6907 1758 0
6907 5855 0
6907 3565 1
13061 4319 0
13061 4870 0
13061 4969 0
13061 2937 0
13061 5004 0
13061 7064 0
13061 2976 0
13061 3030 0
13061 13284 0
13061 3046 0
13061 1022 0
13061 13061 0
13061 7227 0
13061 3174 0
13061 5016 0
13061 1197 0
13061 1259 0
13061 5368 0
13061 5469 0
13061 3426 0
13061 1384 0
13061 5496 0
13061 19837 0
13061 5521 0
13061 19879 0
13061 1549 0
13061 3599 0
13061 1629 0
13061 1653 0
13061 1680 0
13061 7893 0
13061 5855 0
13061 1765 0
13061 1824 0
13061 5953 0
13061 5981 0
13061 14072 0
13061 1925 1
13061 1927 1
13061 1928 0
13061 3978 0
13061 6068 0
13061 4081 1
4870 1575 0
4870 7740 0
4870 3174 0
4870 3729 0
4870 861 0
4870 1925 1
4870 5981 0
4870 389 0
6935 3594 1
6935 7741 0
11038 1249 1
11038 1779 0
11038 5882 0
11038 11038 0
11038 1824 0
11038 16241 0
11038 1927 1
11038 5016 0
11038 5021 0
11038 5040 0
11038 6068 0
15138 1882 1
15138 5620 1
15150 3599 0
15150 3757 0
15150 16125 0
15150 8006 0
15150 1359 0
15150 5464 0
15150 5466 0
15150 5496 0
15150 5866 0
15150 1925 1
15150 1927 1
15150 911 0
15150 7064 0
15150 8128 0
15150 20434 0
15150 9173 0
15150 13284 0
15150 3046 0
15150 1022 0
9009 19879 0
9009 5657 0
9009 5469 0
9009 1620 0
9009 1674 0
9009 18332 0
9009 1221 0
9009 1223 0
9009 16079 0
9009 1765 0
9009 5882 0
9009 7956 0
9009 9009 0
9009 2881 0
9009 21322 0
9009 1883 1
9009 861 0
9009 4969 0
9009 5994 0
9009 1902 0
9009 19837 0
9009 3462 0
9009 3986 0
9009 2976 0
9009 6068 0
9009 972 0
9009 2019 0
9009 5103 0
9009 5620 1
821 5243 0
821 5247 0
821 4319 0
821 1765 0
821 5021 0
821 821 0
821 5981 0
821 1384 0
821 4987 0
821 1927 1
821 5004 0
821 911 0
821 5016 0
821 5029 0
821 19879 0
821 6614 0
2881 4969 0
2881 5243 0
2881 1160 0
2881 3734 0
2881 1197 0
2881 1216 0
2881 14072 0
2881 16079 0
2881 5855 0
2881 1259 0
2881 19837 0
2881 5882 0
2881 1292 0
2881 3886 0
2881 2881 0
2881 5620 1
2881 2019 0
2881 5469 0
2881 3422 0
2881 1384 0
2881 1902 0
2881 16241 0
2881 1920 0
2881 3462 0
2881 1927 1
2881 6035 0
2881 7064 0
2881 2976 0
2881 5367 0
2881 972 0
2881 1957 0
2881 3043 0
2881 7141 0
2881 4084 0
2881 1022 0
842 7717 0
842 5981 0
842 5237 0
842 5755 0
842 3246 0
842 1653 0
842 5855 0
842 7379 0
842 5882 0
842 842 0
842 843 0
842 1359 0
842 5469 0
842 3934 0
842 3936 0
842 3426 0
842 4969 0
842 21378 0
842 3950 0
842 1927 1
842 7064 0
842 9222 0
842 5090 0
842 13284 0
843 1575 0
843 5981 0
843 1620 0
843 3174 0
843 1216 0
843 1160 0
843 1687 0
843 1221 0
843 1223 0
843 1259 0
843 3354 0
843 3358 0
843 843 0
843 1882 1
843 5469 0
843 3446 0
843 2938 0
843 7064 0
843 14072 0
843 13284 0
843 3046 0
861 4171 1
861 4319 0
861 14072 0
861 861 0
861 870 0
861 871 0
861 4969 0
861 2937 0
861 5004 0
861 911 0
861 5016 0
861 5029 0
861 5040 0
861 5052 0
861 9173 0
861 3043 0
861 13284 0
861 3046 0
861 1022 0
861 7227 0
861 5253 0
861 1160 0
861 1221 0
861 4987 0
861 1259 0
861 3353 0
861 3354 0
861 3397 0
861 1359 0
861 5464 0
861 5466 0
861 5469 0
861 3426 0
861 1384 0
861 3446 0
861 7064 0
861 19879 0
861 1479 0
861 7084 0
861 3599 0
861 7740 0
861 1653 0
861 1674 0
861 1680 0
861 1687 0
861 3745 0
861 3757 0
861 3772 0
861 1741 0
861 5855 0
861 5866 0
861 1779 0
861 16125 0
861 1824 0
861 5953 0
861 8006 0
861 8024 0
861 5994 0
861 1925 1
861 1927 1
861 1928 0
861 3986 0
861 6068 0
861 6078 0
861 6112 1
861 4081 1
861 4084 0
870 7084 0
870 7699 0
870 5657 0
870 5981 0
870 17935 0
870 5243 0
870 1160 0
870 1687 0
870 1197 0
870 1221 0
870 1741 0
870 5855 0
870 4319 0
870 14072 0
870 3354 0
870 870 0
870 871 0
870 5523 0
870 3446 0
870 8687 1
870 3464 0
870 7836 0
870 19879 0
870 940 0
870 6068 0
870 6072 1
870 5052 0
870 5029 0
870 3043 0
870 6035 0
871 3594 1
871 5469 0
871 1653 0
871 3729 0
871 1221 0
871 1223 0
871 7406 0
871 5882 0
871 5924 0
871 5981 0
871 5994 0
871 5022 0
871 7084 0
871 6068 0
871 3036 0
4969 2937 0
4969 4987 0
4969 5004 0
4969 5016 0
4969 5029 0
4969 5040 0
4969 5052 0
4969 5080 0
4969 13355 0
4969 7227 0
4969 7243 0
4969 19879 0
4969 5021 0
4969 1653 0
4969 972 0
4969 1741 0
4969 7893 0
4969 5855 0
4969 1765 0
4969 7986 0
4969 1883 1
4969 5994 0
4969 3978 0
4969 3986 0
4969 18332 0
4969 6111 1
9075 3745 0
9075 7496 0
9075 4081 1
9075 9075 0
2937 4987 0
2937 5004 0
2937 5016 0
2937 5021 0
2937 5029 0
2937 5040 0
2937 3046 0
2937 7227 0
2937 3244 1
2937 2938 0
2937 3426 0
2937 1384 0
2937 3446 0
2937 19879 0
2937 18332 0
2937 1653 0
2937 1687 0
2937 3757 0
2937 1741 0
2937 7893 0
2937 1765 0
2937 1779 0
2937 3837 0
2937 5895 0
2937 16241 0
2937 8065 0
2937 3978 0
2937 3986 0
2937 6078 0
2938 5247 0
2938 4744 0
2938 3772 0
2938 1765 0
2938 1259 0
2938 1824 0
2938 5422 0
2938 3934 0
2938 1384 0
2938 1902 0
2938 2938 0
2938 18332 0
2938 3010 0
2938 5090 0
2938 2019 0
4987 7227 0
4987 7243 0
4987 3426 0
4987 1687 0
4987 5855 0
4987 7986 0
4987 1925 1
4987 3978 0
4987 5004 0
4987 5016 0
4987 5029 0
4987 5021 0
4987 5040 0
4987 5052 0
4987 972 0
4987 5080 0
4987 19879 0
21378 3745 0
21378 5321 0
21378 7406 0
21378 9173 0
21378 5994 0
21378 19777 0
21378 7633 0
21378 5496 0
21378 21378 0
21378 3462 0
21378 1927 1
21378 19808 0
21378 6068 0
21378 1479 0
21378 1022 0
7045 7045 0
7045 1927 1
7045 3986 0
7045 5657 0
7045 6072 1
7045 1741 0
7045 5855 0
5004 7064 0
5004 5021 0
5004 5029 0
5004 5040 0
5004 5052 0
5004 5080 0
5004 13355 0
5004 7227 0
5004 5243 0
5004 1221 0
5004 7379 0
5004 3354 0
5004 1359 0
5004 3426 0
5004 1384 0
5004 5016 0
5004 19879 0
5004 1629 0
5004 1653 0
5004 1680 0
5004 1741 0
5004 7893 0
5004 5855 0
5004 1765 0
5004 7986 0
5004 5953 0
5004 5981 0
5004 8065 0
5004 3978 0
5004 3986 0
5004 6078 0
5004 6111 1
911 3757 0
911 1575 0
911 3426 0
911 1620 0
911 5253 0
911 1680 0
911 3745 0
911 1741 0
911 7893 0
911 4319 0
911 9173 0
911 9477 0
911 7986 0
911 8006 0
911 1359 0
911 13284 0
911 5469 0
911 3950 0
911 1927 1
911 3986 0
911 7064 0
911 5022 0
911 19879 0
911 17323 0
911 14072 0
911 11236 0
911 4084 0
7060 1882 1
7060 1883 1
5016 5029 0
5016 5040 0
5016 5052 0
5016 11236 0
5016 7227 0
5016 3446 0
5016 7243 0
5016 1170 0
5016 1221 0
5016 7496 0
5016 3426 0
5016 19879 0
5016 5021 0
5016 5620 1
5016 1653 0
5016 1741 0
5016 7893 0
5016 5855 0
5016 5882 0
5016 3886 0
5016 7986 0
5016 5953 0
5016 8065 0
5016 3978 0
5016 3986 0
5016 18332 0
5016 6068 0
5016 6078 0
5016 16354 0
8687 13355 1
8687 17323 1
8687 7406 1
5021 5022 0
5021 5029 0
5021 5040 0
5021 5052 0
5021 11236 0
5021 13355 0
5021 7227 0
5021 7243 0
5021 3446 0
5021 19879 0
5021 3594 1
5021 1653 0
5021 1741 0
5021 7893 0
5021 5855 0
5021 7986 0
5021 5953 0
5021 3978 0
5021 3986 0
5021 18332 0
5021 6068 0
5021 6078 0
5021 2019 0
5022 3594 1
5022 1158 0
5022 1160 0
5022 1197 0
5022 5321 0
5022 1741 0
5022 7406 0
5022 3350 0
5022 5924 0
5022 3886 0
5022 3397 0
5022 1882 1
5022 5477 0
5022 1927 1
5022 3978 0
5022 3986 0
5022 5022 0
5022 1957 0
5022 6068 0
2976 7705 0
2976 16079 0
2976 5052 0
2976 3729 0
2976 3734 0
2976 1197 0
2976 21322 0
2976 5981 0
2976 16241 0
2976 3462 0
2976 5521 0
2976 5523 0
2976 2976 0
2976 972 0
2976 7633 0
2976 6614 0
2976 7141 0
2976 5620 1
16125 5253 0
16125 3462 0
16125 1927 1
16125 7064 0
16125 9477 0
16125 3745 0
16125 9222 0
16125 3757 0
16125 7986 0
16125 3772 0
16125 1741 0
16125 1359 0
16125 9173 0
16125 13284 0
16125 3950 0
16125 16125 0
13220 13220 0
13220 4319 0
13220 8006 0
13220 7496 0
13220 1927 1
13220 3986 0
13220 7064 0
13220 4081 1
13220 1022 0
5029 5040 0
5029 5052 0
5029 5080 0
5029 11236 0
5029 1022 0
5029 7227 0
5029 5243 0
5029 3426 0
5029 1384 0
5029 5523 0
5029 19879 0
5029 17935 0
5029 1653 0
5029 1680 0
5029 1741 0
5029 7893 0
5029 5855 0
5029 7986 0
5029 5953 0
5029 1927 1
5029 3978 0
5029 3986 0
5029 18332 0
5029 6068 0
5029 6078 0
5029 2019 0
17323 5953 0
17323 1653 0
17323 1221 0
17323 5924 0
17323 5855 0
17323 8025 0
17323 6112 1
17323 17935 0
7084 5469 0
7084 7077 0
7084 1160 0
7084 3729 0
7084 1687 0
7084 1197 0
7084 3358 0
7084 5855 0
7084 1249 1
7084 1250 0
7084 1259 0
7084 1779 0
7084 5366 0
7084 3353 0
7084 3354 0
7084 3359 0
7084 3934 0
7084 3446 0
7084 7551 0
7084 1920 0
7084 1924 1
7084 7084 0
7084 6078 0
7084 6614 0
7084 16354 0
7084 3043 0
5040 7227 0
5040 6078 0
5040 5855 0
5040 7986 0
5040 5953 0
5040 3426 0
5040 3978 0
5040 1957 0
5040 5052 0
5040 11236 0
5040 19879 0
5052 5469 0
5052 6068 0
5052 7227 0
5052 5981 0
5052 1620 0
5052 16079 0
5052 7986 0
5052 5855 0
5052 1765 0
5052 19837 0
5052 5882 0
5052 3844 0
5052 3353 0
5052 3886 0
5052 21322 0
5052 11236 0
5052 3426 0
5052 3446 0
5052 3729 0
5052 3462 0
5052 3978 0
5052 5052 0
5052 1479 0
5052 3043 0
5052 19879 0
5052 5620 1
21322 5523 0
21322 21322 0
21322 5981 0
21322 5620 1
21322 5243 0
3010 1927 1
3010 1928 0
3010 4744 0
3010 1816 0
3010 7588 0
3010 3010 0
3010 4081 1
3010 1620 0
3010 5469 0
3010 5247 0
972 7705 0
972 7699 0
972 1653 0
972 5243 0
972 1160 0
972 3729 0
972 1687 0
972 5487 0
972 1221 0
972 1741 0
972 16079 0
972 5855 0
972 1259 0
972 5882 0
972 6614 0
972 3353 0
972 3354 0
972 3886 0
972 5469 0
972 3422 0
972 5994 0
972 1902 0
972 16241 0
972 1920 0
972 3462 0
972 3986 0
972 5620 1
972 3745 0
972 972 0
972 14072 0
972 2019 0
972 7141 0
972 4084 0
972 1022 0
5073 7553 0
5073 8025 0
5073 6068 0
5073 6072 1
5073 5073 0
5073 19808 0
5073 7551 0
9172 1620 0
9172 1653 0
9172 7379 0
9172 3844 0
9172 6072 1
9172 4081 1
9173 9222 0
9173 3599 0
9173 5253 0
9173 1674 0
9173 3745 0
9173 3772 0
9173 3757 0
9173 5866 0
9173 9477 0
9173 8006 0
9173 1359 0
9173 5464 0
9173 5466 0
9173 3950 0
9173 1925 1
9173 1927 1
9173 1928 0
9173 7064 0
9173 8128 0
9173 7633 0
9173 3030 0
9173 13284 0
9173 3046 0
9173 1022 0
3030 13355 0
3030 9477 0
3030 9222 0
3030 1927 1
3030 3745 0
3030 7379 0
3030 13284 0
3030 3950 0
11223 3844 0
11223 1620 0
11223 5755 0
11223 11236 0
11223 5620 1
5080 17935 0
5080 7227 0
5080 4171 1
5080 5243 0
5080 1765 0
5080 5464 0
5080 5981 0
5080 5994 0
5080 3446 0
5080 1927 1
11226 7836 0
11226 7077 0
11226 6072 1
11226 1741 0
11226 1249 1
11226 1250 0
11226 15996 0
3036 7209 0
3036 1620 0
3036 5247 0
3036 1719 0
3036 1816 0
3036 3036 0
3036 3886 0
3036 1882 1
3036 5469 0
3036 3464 0
3036 5521 0
3036 5523 0
3036 1779 0
3036 6068 0
3036 6078 0
3036 6614 0
3036 3565 1
5090 13356 0
5090 5247 0
5090 1197 0
5090 1765 0
5090 7956 0
5090 8024 0
5090 3426 0
5090 3986 0
5090 5090 0
5090 1620 0
3043 7077 0
3043 3043 0
3043 7243 0
3043 5202 0
3043 5243 0
3043 5253 0
3043 1158 0
3043 1160 0
3043 1197 0
3043 1221 0
3043 1223 0
3043 5366 0
3043 5367 0
3043 5368 0
3043 3353 0
3043 3354 0
3043 5464 0
3043 5466 0
3043 3446 0
3043 5521 0
3043 5523 0
3043 7588 0
3043 7699 0
3043 1622 0
3043 3729 0
3043 1687 0
3043 1741 0
3043 1765 0
3043 5866 0
3043 5882 0
3043 3844 0
3043 5981 0
3043 5994 0
3043 1925 1
3043 1927 1
3043 1957 0
3043 6072 1
3043 16354 0
3043 16367 0
13284 9222 0
13284 3599 0
13284 1620 0
13284 5253 0
13284 3745 0
13284 3757 0
13284 3246 0
13284 7893 0
13284 5855 0
13284 1779 0
13284 9477 0
13284 7986 0
13284 5953 0
13284 8006 0
13284 1359 0
13284 5464 0
13284 5466 0
13284 3950 0
13284 3462 0
13284 1927 1
13284 1928 0
13284 3986 0
13284 7064 0
13284 5981 0
13284 8128 0
13284 3046 0
13284 1022 0
7141 389 0
7141 7209 0
7141 3886 0
7141 7141 0
7141 1216 0
7141 7496 0
7141 16079 0
7141 5981 0
7141 5620 1
7141 1653 0
7141 5882 0
3046 3745 0
3046 1741 0
3046 7893 0
3046 1259 0
3046 9477 0
3046 7986 0
3046 5469 0
3046 3426 0
3046 1927 1
3046 3986 0
3046 1359 0
3046 1620 0
5103 1653 0
5103 1221 0
5103 1741 0
5103 7893 0
5103 5855 0
5103 1765 0
5103 5487 0
5103 3986 0
5103 7077 0
5103 4081 1
1022 7986 0
1022 7064 0
1022 1022 0
1022 9222 0
1022 13355 0
1022 5237 0
1022 5247 0
1022 5253 0
1022 1216 0
1022 9477 0
1022 1359 0
1022 5469 0
1022 3422 0
1022 3426 0
1022 3462 0
1022 19879 0
1022 5620 1
1022 1549 0
1022 7717 0
1022 6068 0
1022 1687 0
1022 3745 0
1022 1741 0
1022 16079 0
1022 7893 0
1022 5855 0
1022 5882 0
1022 3886 0
1022 4744 0
1022 11236 0
1022 5994 0
1022 3948 0
1022 3950 0
1022 16241 0
1022 8065 0
1022 1927 1
1022 3986 0
1022 18332 0
1022 20434 0
9222 3599 0
9222 5253 0
9222 3757 0
9222 3246 0
9222 3772 0
9222 5866 0
9222 7379 0
9222 1674 0
9222 1359 0
9222 5464 0
9222 5466 0
9222 1925 1
9222 1927 1
9222 1928 0
9222 8128 0
9222 20434 0
5132 1927 1
5132 5132 0
5132 7077 0
5132 16079 0
5132 5620 1
5132 1653 0
3245 3936 1
3245 3934 1
7209 19837 0
7209 3464 0
7209 1816 0
7209 7588 0
7209 3886 0
7209 6078 0
7209 1620 0
7209 1883 1
7209 1758 0
7209 5620 1
7209 1653 0
13355 389 0
13355 14072 0
13355 7064 0
13355 7227 0
13355 1221 0
13355 1223 0
13355 5367 0
13355 5368 0
13355 5464 0
13355 5466 0
13355 19879 0
13355 1479 0
13355 3599 0
13355 7717 0
13355 7740 0
13355 1653 0
13355 15996 0
13355 3745 0
13355 3757 0
13355 7893 0
13355 5855 0
13355 1765 0
13355 1824 0
13355 8025 0
13355 1927 1
13355 1928 0
13355 6068 0
13355 6111 1
13355 2019 0
13355 4081 1
13356 15990 0
13356 8025 0
13356 3446 0
13356 1927 1
13356 1928 0
13356 19879 0
7227 7243 0
7227 3174 0
7227 19879 0
7227 7705 0
7227 1653 0
7227 1741 0
7227 7893 0
7227 5855 0
7227 7986 0
7227 5953 0
7227 3978 0
7227 3986 0
7227 6078 0
7227 6111 1
7243 7243 0
7243 1158 0
7243 5258 0
7243 3729 0
7243 1741 0
7243 1249 1
7243 5882 0
7243 3354 0
7243 5855 0
7243 1924 1
7243 7077 0
7243 20434 0
7243 5994 0
5202 3462 0
5202 1927 1
5202 3464 0
5202 1197 0
5202 1928 0
5202 5620 1
5202 5202 0
5202 1620 0
17935 5953 0
17935 3934 0
17935 1249 1
17935 1250 0
17935 1765 0
17935 16241 0
3174 3594 1
3174 7741 0
3174 1620 0
3174 3174 0
3174 5247 0
3174 1687 0
3174 1197 0
3174 1741 0
3174 7893 0
3174 7986 0
3174 5953 0
3174 3422 0
3174 3426 0
3174 1925 1
7275 3986 0
7275 20434 0
7275 5981 0
7275 5469 0
7275 7275 0
7275 1620 0
7275 5994 0
5237 4171 1
5237 5237 0
5237 7406 0
5237 5368 0
5243 4319 0
5243 11236 0
5243 5247 0
5243 1170 0
5243 19689 0
5243 3397 0
5243 3426 0
5243 1384 0
5243 3446 0
5243 3462 0
5243 19879 0
5243 5620 1
5243 7741 0
5243 1620 0
5243 1653 0
5243 1680 0
5243 3729 0
5243 1741 0
5243 16079 0
5243 5855 0
5243 5882 0
5243 19837 0
5243 3886 0
5243 7986 0
5243 5953 0
5243 3948 0
5243 8065 0
5243 3978 0
5243 3986 0
5243 18332 0
5243 6068 0
5247 19879 0
5247 3757 0
5247 14072 0
5247 1620 0
5247 1170 0
5247 3745 0
5247 1197 0
5247 7064 0
5247 1719 0
5247 1741 0
5247 1816 0
5247 1824 0
5247 5466 0
5247 5464 0
5247 1882 1
5247 5469 0
5247 1384 0
5247 3986 0
5247 3565 1
5253 3599 0
5253 5253 0
5253 1674 0
5253 1680 0
5253 3745 0
5253 3757 0
5253 3772 0
5253 1216 0
5253 5866 0
5253 9477 0
5253 3353 0
5253 7986 0
5253 8006 0
5253 1359 0
5253 5464 0
5253 5466 0
5253 3950 0
5253 5496 0
5253 7064 0
5253 1925 1
5253 1927 1
5253 1928 0
5253 5521 0
5253 8128 0
1158 1622 0
1158 3594 1
1158 1549 0
1158 1197 0
1158 1158 0
1158 1160 0
1158 1687 0
1158 1216 0
1158 1221 0
1158 5855 0
1158 7406 0
1158 19777 0
1158 5477 0
1158 5994 0
1158 389 0
1158 1259 0
1158 6614 0
1158 16354 0
1160 5469 0
1160 6614 0
1160 7077 0
1160 1160 0
1160 3267 0
1160 1221 0
1160 1223 0
1160 1249 1
1160 1259 0
1160 7406 0
1160 5366 0
1160 5367 0
1160 5368 0
1160 3353 0
1160 3354 0
1160 19777 0
1160 5477 0
1160 1384 0
1160 3446 0
1160 7551 0
1160 3464 0
1160 5521 0
1160 5523 0
1160 1957 0
1160 3528 0
1160 3594 1
1160 1549 0
1160 7699 0
1160 7705 0
1160 7740 0
1160 1622 0
1160 1653 0
1160 3729 0
1160 1687 0
1160 3745 0
1160 1741 0
1160 5855 0
1160 1765 0
1160 1882 1
1160 5994 0
1160 1920 0
1160 6072 1
1160 16367 0
5258 3426 0
5258 5258 0
5258 3734 0
5258 1259 0
5258 5994 0
5258 5523 0
5258 1924 1
5258 389 0
5258 19777 0
5258 3464 0
5258 19879 0
5258 6112 1
1170 4744 0
1170 3354 0
1170 5469 0
1170 1384 0
1170 7633 0
1170 1620 0
1170 1719 0
1170 3772 0
1170 5855 0
1170 14072 0
1170 1816 0
1170 1882 1
1170 5981 0
1170 1927 1
1170 1928 0
1170 3986 0
1902 1741 0
1902 16079 0
1902 19689 0
1902 3986 0
1902 5620 1
7705 7705 0
7705 15996 0
7705 3745 0
7705 5755 0
7705 1259 0
7705 5882 0
7705 1816 0
7705 5994 0
7705 11236 0
7705 5620 1
3244 19837 1
3244 3986 1
3244 3422 1
1197 3594 1
1197 5466 0
1197 1620 0
1197 1629 0
1197 1653 0
1197 4744 0
1197 1687 0
1197 1197 0
1197 1221 0
1197 1223 0
1197 5321 0
1197 1741 0
1197 7406 0
1197 7893 0
1197 1729 1
1197 1758 0
1197 5855 0
1197 1765 0
1197 3354 0
1197 3358 0
1197 3886 0
1197 8006 0
1197 5620 1
1197 1882 1
1197 389 0
1197 1927 1
1197 5521 0
1197 7064 0
1197 1957 0
1197 7077 0
1197 5523 0
3246 1620 0
3246 3729 0
3246 3745 0
3246 1359 0
3246 3426 0
3246 3950 0
3246 1927 1
3246 6035 0
3246 19879 0
7064 3599 0
7064 5953 0
7064 5755 0
7064 8128 0
7064 1674 0
7064 3745 0
7064 3772 0
7064 3757 0
7064 5496 0
7064 7893 0
7064 5855 0
7064 5866 0
7064 1259 0
7064 4744 0
7064 6111 1
7064 8006 0
7064 1359 0
7064 5464 0
7064 5466 0
7064 3426 0
7064 5994 0
7064 3948 0
7064 3950 0
7064 1925 1
7064 3462 0
7064 1927 1
7064 1928 0
7064 5469 0
7064 3986 0
7064 6068 0
3253 1882 1
3253 1620 0
3253 7986 0
3253 1527 1
1216 4171 1
1216 1620 0
1216 1653 0
1216 1729 1
1216 5855 0
1216 1259 0
1216 3886 0
1216 3397 0
1216 3446 0
1216 3986 0
1216 6078 0
3267 1680 0
3267 15990 0
3267 3861 1
3267 389 0
3267 1927 1
1221 3426 0
1221 3446 0
1221 7077 0
1221 1221 0
1221 1223 0
1221 1259 0
1221 7406 0
1221 5368 0
1221 5466 0
1221 5469 0
1221 5477 0
1221 5521 0
1221 19879 0
1221 1957 0
1221 3599 0
1221 7699 0
1221 5657 0
1221 7740 0
1221 1620 0
1221 1622 0
1221 1629 0
1221 1653 0
1221 16354 0
1221 3729 0
1221 1741 0
1221 7893 0
1221 5855 0
1221 15996 0
1221 3886 0
1221 1868 0
1221 1869 0
1221 8024 0
1221 5981 0
1221 8065 0
1221 3978 0
1221 3986 0
1221 3397 0
1221 6072 1
1221 6078 0
1221 3745 0
1221 18085 0
1223 5422 0
1223 5657 0
1223 1622 0
1223 5477 0
1223 15996 0
1223 16354 0
1223 3729 0
1223 18085 0
1223 1741 0
1223 5855 0
1223 1259 0
1223 3886 0
1223 1868 0
1223 1869 0
1223 5981 0
1223 8024 0
1223 19808 0
1223 3986 0
1223 7551 0
1223 1957 0
1223 6072 1
1223 11236 0
1223 4081 1
5321 3844 0
5321 3594 1
5321 5994 0
5321 7406 0
5321 5620 1
7379 6068 0
7379 1620 0
7379 18332 0
7379 7379 0
7379 3837 0
7379 3861 1
7379 3426 0
7379 16241 0
7379 3986 0
7379 18085 0
1249 1549 1
1249 19777 1
1249 7699 1
1249 5657 1
1249 1575 1
1249 1620 1
1249 1653 1
1249 15996 1
1249 1687 1
1249 7836 1
1249 18085 1
1249 5855 1
1249 1249 2
1249 1250 1
1249 1259 1
1249 3357 1
1249 5422 1
1249 5953 1
1249 8006 1
1249 8065 1
1249 5994 1
1249 3446 1
1249 7551 1
1249 3986 1
1249 7077 1
1249 1479 1
1249 7633 1
1249 6614 1
1250 1575 0
1250 1620 0
1250 15996 0
1250 1687 0
1250 1250 0
1250 3357 0
1250 5422 0
1250 5981 0
1250 5994 0
1250 3446 0
1250 7551 0
1250 1924 1
1250 6614 0
19689 1927 1
19689 3745 0
19689 14072 0
19689 5464 0
19689 5466 0
19689 5981 0
1259 4319 0
1259 11236 0
1259 3934 0
1259 1920 0
1259 3353 0
1259 3354 0
1259 3358 0
1259 5422 0
1259 7496 0
1259 5469 0
1259 3426 0
1259 1384 0
1259 3528 0
1259 7684 0
1259 5657 0
1259 1620 0
1259 1653 0
1259 5755 0
1259 1687 0
1259 7836 0
1259 1741 0
1259 1779 0
1259 5882 0
1259 1882 1
1259 16241 0
1259 3986 0
1259 6078 0
1259 6111 1
1259 16354 0
7406 1687 0
7406 1741 0
7406 7406 0
7406 1779 0
7406 5366 0
7406 3357 0
7406 5924 0
7406 3397 0
7406 5477 0
7406 1927 1
7406 5521 0
7406 5523 0
7406 1957 0
7406 6614 0
3312 1758 1
3312 3359 1
5366 15996 0
5366 3729 0
5366 1687 0
5366 18085 0
5366 1741 0
5366 5855 0
5366 5366 0
5366 5367 0
5366 5368 0
5366 5422 0
5366 5469 0
5366 389 0
5366 7077 0
5366 6072 1
5367 7740 0
5367 1653 0
5367 15996 0
5367 3729 0
5367 1687 0
5367 18085 0
5367 5855 0
5367 1765 0
5367 5367 0
5367 5368 0
5367 3844 0
5367 3353 0
5367 3354 0
5367 5422 0
5367 3934 0
5367 3986 0
5367 1957 0
5367 6068 0
5367 6072 1
5367 6078 0
5367 7077 0
5368 5657 0
5368 7740 0
5368 15996 0
5368 1687 0
5368 18085 0
5368 1653 0
5368 1741 0
5368 1765 0
5368 3353 0
5368 3354 0
5368 5422 0
5368 3462 0
5368 3986 0
5368 3934 0
5368 1957 0
5368 6072 1
5368 7077 0
9477 3599 0
9477 3745 0
9477 3757 0
9477 3772 0
9477 5866 0
9477 1674 0
9477 1359 0
9477 5464 0
9477 5466 0
9477 5496 0
9477 1925 1
9477 1927 1
9477 8128 0
1292 19837 0
1292 5981 0
1292 19808 0
1292 5620 1
1292 5882 0
3350 3350 0
3350 18085 0
3350 6072 1
3350 3729 0
3353 11236 0
3353 3353 0
3353 3354 0
3353 3357 0
3353 3358 0
3353 3359 0
3353 19777 0
3353 5466 0
3353 1957 0
3353 940 0
3353 1653 0
3353 3729 0
3353 1687 0
3353 1741 0
3353 5855 0
3353 3844 0
3353 5924 0
3353 1920 0
3354 11236 0
3354 3354 0
3354 3358 0
3354 3359 0
3354 19777 0
3354 5466 0
3354 1384 0
3354 3528 0
3354 7633 0
3354 5620 1
3354 1549 0
3354 5755 0
3354 3729 0
3354 3734 0
3354 1687 0
3354 7836 0
3354 18085 0
3354 1741 0
3354 5855 0
3354 3844 0
3354 5924 0
3354 5981 0
3354 3934 0
3354 1920 0
3354 8065 0
3354 1924 1
3354 1927 1
3354 3978 0
3354 1957 0
3354 6072 1
3354 16367 0
3357 3844 0
3357 3734 0
3357 3358 0
3357 11236 0
3357 5620 1
3357 1653 0
3358 5755 0
3358 3729 0
3358 1687 0
3358 16079 0
3358 5855 0
3358 3844 0
3358 3358 0
3358 5477 0
3358 8065 0
3358 389 0
3358 7077 0
3358 16354 0
3358 11236 0
3358 5620 1
3359 15996 0
3359 3359 0
3359 5466 0
3359 3934 0
3359 3936 0
3359 1924 1
5422 5422 0
5422 7633 0
5422 7077 0
5422 7699 0
5422 18085 0
5422 7893 0
5422 1758 0
5422 5953 0
4319 7741 0
4319 1680 0
4319 1687 0
4319 7893 0
4319 4319 0
4319 1765 0
4319 1779 0
4319 7986 0
4319 1882 1
4319 3426 0
4319 3446 0
4319 8065 0
4319 3986 0
4319 18332 0
4319 19879 0
4319 6068 0
4319 7077 0
19777 1549 0
19777 1687 0
19777 18085 0
19777 19777 0
19777 5855 0
19777 5994 0
19777 20434 0
19777 5620 1
19777 3446 0
3397 3594 1
3397 1620 0
3397 1687 0
3397 1765 0
3397 1816 0
3397 3397 0
3397 5469 0
3397 5981 0
3397 16354 0
7496 3594 1
7496 7702 0
7496 1741 0
7496 7496 0
7496 3422 0
7496 3986 0
1359 3599 0
1359 16079 0
1359 3745 0
1359 3757 0
1359 3772 0
1359 1741 0
1359 5855 0
1359 20434 0
1359 1779 0
1359 7986 0
1359 1674 0
1359 8006 0
1359 5464 0
1359 5466 0
1359 3986 0
1359 3950 0
1359 5496 0
1359 1925 1
1359 3462 0
1359 1927 1
1359 1928 0
1359 18332 0
1359 8128 0
5464 3757 0
5464 4171 1
5464 3745 0
5464 1741 0
5464 16079 0
5464 1765 0
5464 3462 0
5464 7986 0
5464 5466 0
5464 19808 0
5464 3950 0
5464 1927 1
5464 5521 0
5464 3986 0
5464 6068 0
5464 11236 0
5464 5469 0
5466 3745 0
5466 3757 0
5466 1741 0
5466 1765 0
5466 7986 0
5466 5953 0
5466 3950 0
5466 3462 0
5466 1927 1
5466 5521 0
5466 3986 0
5466 18332 0
5466 11236 0
7055 1882 1
7055 1883 1
5469 4171 1
5469 5523 0
5469 1927 1
5469 4744 0
5469 7077 0
5469 5981 0
5469 3594 1
5469 1882 1
5469 5469 0
5469 5477 0
5469 5487 0
5469 3446 0
5469 19837 0
5469 5521 0
5469 1620 0
5469 5755 0
5469 1674 0
5469 1680 0
5469 1687 0
5469 1697 0
5469 1719 0
5469 1741 0
5469 5855 0
5469 1765 0
5469 3844 0
5469 5895 0
5469 1816 0
5469 3886 0
5469 8024 0
5469 7633 0
5469 1928 0
5469 3986 0
5469 6072 1
3422 3594 1
3422 5866 0
3422 16241 0
3422 3462 0
3422 19879 0
3422 6068 0
3422 6078 0
19808 19837 0
19808 7551 0
19808 7553 0
19808 5620 1
19808 1653 0
19808 1765 0
19808 8024 0
19808 8025 0
19808 1925 1
19808 1928 0
19808 6072 1
3426 19837 0
3426 389 0
3426 14072 0
3426 6614 0
3426 3426 0
3426 1384 0
3426 5981 0
3426 19879 0
3426 5620 1
3426 7702 0
3426 15990 0
3426 1680 0
3426 1687 0
3426 3745 0
3426 16079 0
3426 1765 0
3426 1824 0
3426 8065 0
3426 1927 1
3426 1928 0
3426 3986 0
3426 6068 0
3426 4081 1
5477 3594 1
5477 7699 0
5477 1622 0
5477 7836 0
5477 5477 0
5477 5994 0
5477 1924 1
5477 7077 0
1384 7077 0
1384 11236 0
1384 1384 0
1384 3446 0
1384 19879 0
1384 5620 1
1384 1680 0
1384 1687 0
1384 1741 0
1384 7893 0
1384 5855 0
1384 1765 0
1384 1779 0
1384 8024 0
1384 5994 0
1384 3978 0
1384 3986 0
1384 18332 0
1384 6078 0
5487 5487 0
5487 7633 0
5487 1575 0
5487 7740 0
5487 1719 0
5487 15990 0
5487 1741 0
5487 8024 0
5487 1883 1
5487 3978 0
5487 3986 0
3446 4171 1
3446 6614 0
3446 11236 0
3446 3446 0
3446 19879 0
3446 389 0
3446 3528 0
3446 7740 0
3446 1622 0
3446 3734 0
3446 1687 0
3446 1719 0
3446 1741 0
3446 5855 0
3446 3844 0
3446 5981 0
3446 3934 0
3446 5994 0
3446 16241 0
3446 1920 0
3446 6068 0
3446 6072 1
3446 6111 1
5496 3745 0
5496 1927 1
5496 3757 0
5496 3950 0
19837 1620 0
19837 1741 0
19837 5882 0
19837 3844 0
19837 3886 0
19837 5981 0
19837 19837 0
19837 3986 0
19837 14072 0
7551 1549 0
7551 15996 0
7551 1687 0
7551 3772 0
7551 1653 0
7551 1741 0
7551 8025 0
7551 3934 0
7551 7553 0
7551 3986 0
7551 6072 1
7553 8025 0
7553 1765 0
7553 7553 0
7553 4081 1
7553 6072 1
3462 3599 0
3462 14072 0
3462 1620 0
3462 3757 0
3462 3772 0
3462 3844 0
3462 1824 0
3462 3886 0
3462 3745 0
3462 5981 0
3462 3462 0
3462 1927 1
3462 3464 0
3462 6068 0
3462 2019 0
3462 11236 0
3462 5620 1
3464 1549 0
3464 5882 0
3464 3844 0
3464 3464 0
3464 1687 0
3464 5620 1
5521 7077 0
5521 6072 1
5521 1620 0
5521 1674 0
5521 1687 0
5521 7836 0
5521 3886 0
5521 1883 1
5521 5994 0
5521 1927 1
5521 5521 0
5521 3986 0
5521 5523 0
5521 6068 0
5521 1957 0
5521 2019 0
5521 11236 0
5523 3594 1
5523 7077 0
5523 1620 0
5523 1653 0
5523 15996 0
5523 1687 0
5523 1741 0
5523 1816 0
5523 1882 1
5523 1883 1
5523 5523 0
5523 18085 0
5523 3986 0
5523 1479 0
5523 16354 0
5523 2019 0
5523 5620 1
7588 7588 0
7588 1620 0
7588 5620 1
19879 16079 0
19879 6614 0
19879 19879 0
19879 1629 0
19879 1653 0
19879 1674 0
19879 1680 0
19879 1687 0
19879 1741 0
19879 7893 0
19879 5855 0
19879 1765 0
19879 1824 0
19879 7986 0
19879 5981 0
19879 8065 0
19879 1927 1
19879 1928 0
19879 3978 0
19879 3986 0
19879 18332 0
19879 6068 0
19879 16354 0
389 7740 0
389 1653 0
389 1687 0
389 5855 0
389 20204 0
389 3934 0
389 1765 0
389 1920 0
389 389 0
389 6068 0
389 6078 0
389 5620 1
1477 1925 1
1477 3861 1
1477 5994 0
1479 15996 0
1479 5855 0
1479 1779 0
1479 3986 0
1479 7077 0
1479 1479 0
1479 6614 0
1479 16354 0
3528 6072 1
3528 1741 0
3528 16354 0
7633 7633 0
7633 3565 1
7633 1765 0
7633 5895 0
7633 8006 0
7633 5994 0
7633 16241 0
7633 4081 1
7633 4084 0
7077 8065 0
7077 5981 0
7077 7699 0
7077 15996 0
7077 3729 0
7077 1687 0
7077 7836 0
7077 1741 0
7077 16079 0
7077 1758 0
7077 1765 0
7077 1779 0
7077 3886 0
7077 5855 0
7077 7077 0
7077 6078 0
7077 18085 0
5620 5755 1
5620 1680 1
5620 3734 1
5620 7836 1
5620 16079 1
5620 1779 1
5620 5882 1
5620 3837 1
5620 3886 1
5620 5981 1
5620 6035 1
5620 8065 1
5620 1927 2
5620 1928 1
5620 1957 1
5620 4084 1
5620 14072 1
5620 5620 2
7684 1927 1
7684 4171 1
7684 1620 0
7684 5855 0
940 1883 1
3594 1620 1
3594 1629 1
3594 7702 1
3594 1741 1
3594 5882 1
3594 3844 1
3594 6614 1
3594 5924 1
3594 3886 1
3594 1869 1
3594 1882 2
3594 1883 2
3594 1927 2
3594 3978 1
3594 3986 1
3594 1957 1
1549 1549 0
1549 3986 0
1549 1687 0
1549 1653 0
3599 1927 1
3599 3729 0
3599 3986 0
3599 3745 0
3599 3757 0
3599 7986 0
3599 1741 0
3599 1620 0
3599 3950 0
3599 7893 0
5649 5981 1
7699 1687 0
7699 7836 0
7699 18085 0
7699 1741 0
7699 3886 0
7699 5994 0
7699 8065 0
7699 1957 0
7699 6072 1
5657 5657 0
5657 15996 0
5657 1687 0
5657 20204 0
5657 5855 0
5657 5994 0
5657 1927 1
5657 3986 0
11236 11236 0
11236 5755 0
11236 3734 0
11236 1741 0
11236 1758 0
11236 5855 0
11236 14072 0
11236 5882 0
11236 1824 0
11236 8024 0
11236 5981 0
11236 1927 1
11236 3978 0
11236 6068 0
7717 3986 0
7717 7939 1
7717 3936 0
7717 1765 0
1575 15996 0
1575 5855 0
1575 1927 1
1575 16354 0
7740 7740 0
7740 1653 0
7740 1680 0
7740 1687 0
7740 5855 0
7740 7893 0
7740 8024 0
7740 1927 1
7740 1928 0
7740 5981 0
7740 6111 1
7741 6068 0
7741 3757 0
7741 1653 0
7741 1927 1
7741 3978 0
7741 3745 0
7741 14072 0
7741 16354 0
7741 4084 0
1620 4744 0
1620 14072 0
1620 6614 0
1620 1620 0
1620 1622 0
1620 1674 0
1620 3757 0
1620 1719 0
1620 1741 0
1620 5855 0
1620 1765 0
1620 5882 0
1620 3844 0
1620 1816 0
1620 5953 0
1620 5981 0
1620 3986 0
1620 18332 0
1620 1957 0
1620 2019 0
1620 4081 1
1622 1924 1
1622 1687 0
1622 5755 0
1622 1719 0
1622 5855 0
1622 1785 0
1629 1653 0
1629 1765 0
1629 3978 0
1629 3986 0
1629 4081 1
1653 1653 0
1653 1674 0
1653 1758 0
1653 1765 0
1653 1779 0
1653 1785 0
1653 10106 0
1653 1920 0
1653 5882 0
1653 3729 0
1653 3772 0
1653 3986 0
1653 5855 0
1653 6068 0
1653 6078 0
1653 7836 0
1653 7893 0
1653 7956 0
1653 7986 0
1653 16241 0
1653 16354 0
15990 1927 1
15990 3986 0
15990 3745 0
15990 3757 0
5755 5755 0
5755 1882 1
5755 5981 0
15996 6614 0
15996 15996 0
15996 3729 0
15996 18085 0
15996 3772 0
15996 1741 0
15996 5855 0
15996 1779 0
15996 1868 0
15996 3934 0
15996 5994 0
15996 1687 0
15996 3986 0
15996 6111 1
1674 4744 0
1674 1674 0
1674 1687 0
1674 3745 0
1674 1765 0
1674 7986 0
1674 1882 1
1674 1927 1
1674 3986 0
1674 8128 0
1674 16354 0
1680 4744 0
1680 7893 0
1680 14072 0
1680 8006 0
1680 3978 0
1680 3986 0
1680 18332 0
1680 4081 1
3729 3729 0
3729 1687 0
3729 1741 0
3729 5855 0
3729 3861 1
3729 5953 0
3729 8025 0
3729 5981 0
3729 1920 0
3729 1927 1
3729 3978 0
3729 6072 1
3729 6078 0
3734 1925 1
3734 3734 0
3734 5994 0
1687 6614 0
1687 5981 0
1687 1687 0
1687 1741 0
1687 5855 0
1687 1765 0
1687 5882 0
1687 3886 0
1687 3934 0
1687 5994 0
1687 1920 0
1687 3978 0
1687 1957 0
1687 6072 1
1687 6078 0
1687 16354 0
1687 16367 0
7836 8065 0
7836 7836 0
7836 1741 0
7836 7893 0
7836 3886 0
7836 5994 0
7836 16354 0
7836 18085 0
4171 4171 2
3745 3772 0
3745 5994 0
3745 3745 0
3745 3757 0
3745 1741 0
3745 5855 0
3745 5866 0
3745 7986 0
3745 8006 0
3745 10106 0
3745 8065 0
3745 1925 1
3745 1927 1
3745 1928 0
3745 3986 0
3745 8128 0
18085 1741 0
18085 16079 0
18085 1758 0
18085 5855 0
18085 6111 1
18085 3936 0
18085 8065 0
18085 3986 0
18085 6614 0
3757 3772 0
3757 1741 0
3757 5855 0
3757 7986 0
3757 8006 0
3757 8025 0
3757 3950 0
3757 1925 1
3757 1927 1
3757 3986 0
3757 8128 0
1719 1882 1
1719 1719 0
1719 3844 0
1719 1816 0
3772 5855 0
3772 7956 0
3772 7986 0
3772 3950 0
3772 1927 1
3772 3986 0
3772 1957 0
1729 10106 1
1741 16079 0
1741 1741 0
1741 5855 0
1741 1765 0
1741 1779 0
1741 5924 0
1741 5953 0
1741 8024 0
1741 8025 0
1741 5994 0
1741 1920 0
1741 8065 0
1741 1925 1
1741 1927 1
1741 1928 0
1741 3978 0
1741 1957 0
1741 6068 0
1741 6111 1
1741 16354 0
1741 16367 0
1741 4081 1
16079 16079 0
16079 5882 0
16079 5981 0
16079 5994 0
16079 8065 0
16079 1927 1
16079 14072 0
14627 1869 1
7893 7893 0
7893 14072 0
7893 8128 0
7893 5855 0
7893 1765 0
7893 1824 0
7893 8024 0
7893 5981 0
7893 8065 0
7893 1927 1
7893 1928 0
7893 3978 0
7893 6068 0
7893 4081 1
1758 1924 1
1758 1758 0
1758 5981 0
1758 5994 0
5855 14072 0
5855 7986 0
5855 5855 0
5855 1765 0
5855 1779 0
5855 3886 0
5855 5953 0
5855 8024 0
5855 5981 0
5855 5994 0
5855 16241 0
5855 1920 0
5855 8065 0
5855 1927 1
5855 3978 0
5855 6068 0
5855 6072 1
5855 6078 0
5855 20434 0
5855 16354 0
5855 2019 0
1765 4744 0
1765 16354 0
1765 1765 0
1765 1779 0
1765 5882 0
1765 7939 1
1765 1816 0
1765 1824 0
1765 1924 1
1765 3978 0
1765 3986 0
1765 4081 1
5866 5866 0
5866 3950 0
5866 1927 1
1779 1779 0
1779 8024 0
1779 16241 0
1779 3978 0
1779 6068 0
1779 6614 0
1779 16354 0
1779 4081 1
14072 5953 0
14072 7986 0
14072 5882 0
14072 3886 0
14072 1868 0
14072 8065 0
14072 18332 0
14072 3986 0
14072 16354 0
1785 1927 1
1785 4081 1
1785 1785 0
5882 5882 0
5882 5981 0
5882 1927 1
5882 6035 0
5882 2019 0
3837 1883 1
7939 4744 1
7939 3986 1
3844 3844 0
3844 8024 0
3844 1882 1
3844 3986 0
3844 5981 0
5895 4744 0
5895 5895 0
5895 8024 0
5895 4081 1
7956 7956 0
7956 6068 0
7956 5981 0
7956 16241 0
3861 8065 1
3861 18332 1
1816 4744 0
1816 1816 0
1816 1883 1
1816 3948 0
1824 1824 0
1824 8065 0
1824 3986 0
1824 18332 0
1824 16354 0
5924 3986 0
5924 5981 0
5924 16354 0
3886 5981 0
3886 3886 0
3886 5994 0
3886 16241 0
3886 8065 0
3886 6068 0
3886 2019 0
4744 4744 0
4744 5953 0
7986 8024 0
7986 1925 1
7986 1927 1
7986 3978 0
5953 5953 0
5953 1869 0
5953 1925 1
5953 3986 0
5953 18332 0
5953 1870 0
8006 3950 0
8006 1927 1
8006 3986 0
1868 1868 0
1868 1882 1
1868 1883 1
1869 1869 0
1869 1882 1
1869 1883 1
1870 1883 1
1870 1882 1
1872 1882 1
1872 1883 1
1873 1882 1
1873 1883 1
1874 1882 1
1874 1883 1
1875 1882 1
1875 1883 1
8024 8025 0
8024 16241 0
8024 3986 0
8024 6072 1
8024 6111 1
8025 8025 0
8025 3986 0
8025 6072 1
1882 1697 1
1882 1882 2
1883 1697 1
1883 1883 2
5981 3934 0
5981 3978 0
5981 3986 0
5981 5981 0
5981 6035 0
5981 6068 0
5981 6078 0
3934 3934 0
3934 3936 0
5994 5994 0
5994 8065 0
5994 1924 1
5994 1957 0
5994 20434 0
5994 16354 0
5994 16367 0
3948 1925 1
3948 1927 1
3948 1928 0
3948 3948 0
3950 8128 0
3950 1925 1
3950 1927 1
3950 1928 0
16241 1925 1
16241 16241 0
16241 1927 1
16241 3978 0
16241 6068 0
12147 1927 1
10106 1927 1
1920 6072 1
1920 16354 0
8065 6614 0
8065 8065 0
8065 1927 1
8065 6068 0
8065 4081 1
1925 1927 2
1925 3986 1
1925 16367 1
1927 1928 1
1927 3986 1
1927 6078 1
1927 8128 1
1927 20434 1
1928 1928 0
1928 6068 0
3978 3978 0
3978 3986 0
3978 18332 0
3978 16354 0
3986 3986 0
3986 4081 1
3986 6035 0
3986 6068 0
3986 6112 1
6035 6035 0
18332 6068 0
18332 4081 1
1957 6072 1
1957 1957 0
1957 16354 0
6068 6068 0
6068 20434 0
6068 2019 0
6068 4081 1
6072 6072 2
6072 16354 1
6072 16367 1
6078 6078 0
6078 1697 0
6078 16354 0
6078 4081 1
6078 4084 0
1697 1697 0
20434 20434 0
6111 6614 1
6111 6111 2
16354 16354 0
16354 2019 0
2019 2019 0
6614 6614 0
16367 16367 0
4081 4081 2
4084 4084 0
