6147 6147 0
6147 6165 0
6147 10762 1
6147 8768 0
6147 6867 0
6147 13355 0
6147 1436 0
6147 5725 1
6147 3729 0
6147 3986 0
6153 6153 0
6153 13355 0
6153 4957 0
6153 6739 0
6153 5725 1
6153 3729 0
6153 11431 1
6153 4956 0
6153 4958 0
6153 3986 0
10762 18060 1
10762 1011 1
18060 5725 1
18060 18060 0
18060 1011 0
4112 4112 2
4112 13355 1
3729 4332 1
3729 8768 0
3729 6867 0
3729 3043 0
3729 5725 1
3729 3729 0
3986 8768 0
3986 17780 1
3986 1436 0
3986 1523 1
3986 3986 0
3986 4534 0
3986 4956 0
3986 6068 0
3986 6165 0
3986 6739 0
3986 6867 0
3986 6910 0
6165 6165 0
6165 4534 0
6165 6739 0
6165 6867 0
6165 8768 0
6165 1523 1
6165 5725 1
6165 6068 0
12316 20569 2
12316 12316 2
1011 5725 1
18726 5224 1
18726 1523 1
11431 4956 1
11431 6739 1
11431 7516 1
11431 4957 1
11431 4958 1
11431 8174 2
7516 17780 1
13355 1523 1
13355 6068 0
5725 8768 1
5725 5722 2
5725 5725 2
5725 6867 1
5725 6910 1
5725 1436 1
5725 4534 1
5725 3043 1
1523 6739 1
1523 6910 1
1523 4956 1
1523 4957 1
1523 4958 1
1523 1523 2
1523 6068 1
1523 4534 1
6068 8768 0
6068 6739 0
6068 5224 1
6068 6068 0
4534 4332 1
4534 4534 0
8768 8768 0
8768 6739 0
8768 6867 0
8768 4956 0
8768 4957 0
8768 4958 0
8768 1436 0
8768 5722 1
6739 6739 0
6739 6867 0
6739 4957 0
6739 4958 0
5722 6867 1
5722 1436 1
4956 4956 0
4956 4957 0
4956 4958 0
4957 4958 0
4958 4958 0
5224 5224 2
4332 4332 2
8174 3043 1
8174 13551 1
13551 6910 0
13551 17780 1
6867 6867 0
6867 1436 0
1436 1436 0
6910 6910 0
3043 3043 0
