5641 5641 2
5641 1549 1
5641 8968 1
5641 2588 1
5641 561 1
5641 6162 1
5641 1653 1
5641 6783 1
5641 3729 1
5641 2254 1
5641 6867 1
5641 20090 1
5641 4855 1
5641 7475 1
5641 5432 1
5641 4416 1
5641 4420 1
5641 3408 1
5641 2361 1
5641 3426 1
5641 934 1
5641 7622 1
5641 5119 1
1549 1549 0
1549 3986 0
1549 287 0
1549 5389 1
1549 6162 0
1549 1653 0
1549 1022 0
4110 4110 0
4110 6162 0
4110 53 0
4110 2115 0
4110 8438 0
4110 287 0
4110 2468 1
4110 2708 0
4110 2712 0
4110 4780 0
4110 6867 0
4110 4855 0
4110 21322 0
4110 9145 0
4110 7303 0
4110 5389 1
4110 1361 1
4110 3469 0
4110 7568 1
4110 1591 0
4110 1620 0
4110 1653 0
4110 2718 0
4110 3816 0
4110 3831 0
4110 3833 0
4110 3835 0
4110 6068 0
4110 6069 0
4110 6070 0
4110 4081 0
4110 4095 0
6162 6162 0
6162 2115 0
6162 4256 0
6162 2338 0
6162 6739 0
6162 2712 0
6162 2718 0
6162 861 0
6162 2549 1
6162 5389 1
6162 3426 0
6162 3654 1
6162 1620 0
6162 3729 0
6162 7893 0
6162 3986 0
6162 1943 0
6162 18332 0
6162 12954 0
6162 8112 0
6162 6068 0
1050 5389 1
1050 1050 0
1050 4575 1
2588 2588 0
2588 3355 0
2588 1328 1
2588 5432 0
29 29 0
29 31 0
29 1573 0
29 6739 0
29 3232 0
29 3236 0
29 685 0
29 1268 0
29 5412 0
29 5413 0
29 5414 0
29 19760 0
29 18759 0
29 1361 1
29 3986 0
29 6042 0
29 1438 0
29 6069 0
29 6070 0
29 493 1
29 494 1
29 4095 0
11294 2349 1
11294 3469 0
11294 4579 0
11294 13667 0
11294 11294 0
11294 1574 1
11294 3815 0
31 1573 0
31 18759 0
31 19760 0
31 1438 0
31 1361 1
31 1620 0
31 5412 0
31 5413 0
31 5414 0
31 493 1
31 494 1
31 4095 0
8228 5389 1
8228 7568 1
1573 1573 0
1573 1108 0
1573 187 0
1573 7893 0
1573 15581 0
1573 5885 0
1573 2338 0
1573 19760 0
1573 18759 0
1573 1361 1
1573 5982 0
1573 3986 0
1573 2468 1
1574 39 1
1574 554 1
1574 17323 1
1574 2730 1
1574 1513 1
39 1271 1
554 16345 1
554 554 0
12335 2468 1
12335 3212 0
12335 339 1
561 4416 0
561 4420 0
561 398 0
561 561 0
561 2712 0
561 2718 0
561 861 0
561 1221 0
561 3355 0
561 5432 0
561 3671 1
561 3729 0
561 5982 0
561 8112 0
561 6068 0
1587 3653 1
1587 3671 1
15412 19331 0
15412 2715 0
15412 15004 0
15412 6045 0
15412 1438 0
15412 4256 0
15412 7303 0
15412 13135 0
15412 3671 1
15412 3674 1
15412 3676 1
15412 3820 0
15412 3822 0
15412 3823 0
15412 3825 0
15412 3826 0
15412 3829 0
15412 18796 0
53 53 0
53 2115 0
53 4256 0
53 287 0
53 2338 0
53 2708 0
53 2712 0
53 2715 0
53 2718 0
53 4780 0
53 719 0
53 6867 0
53 1022 0
53 861 0
53 5389 1
53 3393 0
53 7568 1
53 6739 0
53 1591 0
53 1653 0
53 3729 0
53 8064 0
53 1943 0
53 6068 0
53 6069 0
53 6070 0
1591 2115 0
1591 4256 0
1591 4319 0
1591 272 0
1591 2338 0
1591 2468 1
1591 6739 0
1591 2712 0
1591 2715 0
1591 2718 0
1591 4780 0
1591 6867 0
1591 861 0
1591 3267 0
1591 5389 1
1591 3355 0
1591 7475 0
1591 3426 0
1591 20238 0
1591 1591 0
1591 1620 0
1591 1653 0
1591 7893 0
1591 3808 0
1591 3986 0
1591 1943 0
1591 18332 0
1591 6045 0
1591 12954 0
4664 4664 0
4664 1653 0
4664 2712 0
4664 8860 0
4664 2718 0
4664 1221 0
4664 1223 0
4664 719 0
4664 9145 0
4664 4319 0
4664 21322 0
4664 1361 1
4664 3236 0
4664 493 1
4664 4095 0
7743 1653 0
7743 5389 1
7743 4575 1
5184 3654 1
5184 6739 0
5184 1108 0
5184 15004 0
5184 3806 0
5184 3811 0
5184 3815 0
5184 3816 0
5184 3823 0
5184 3826 0
5184 8438 0
5184 3834 0
5184 3835 0
5184 6399 1
5184 3840 0
5184 20759 0
5184 16159 0
5184 1891 0
5184 3465 0
5184 6040 0
5184 6042 0
5184 6043 0
5184 1438 0
5184 3232 0
5184 3830 0
5184 4069 0
5184 3839 0
2115 6069 0
2115 2115 0
2115 3654 1
2115 6739 0
2115 1620 0
2115 5885 0
2115 9828 0
2115 2712 0
2115 2715 0
2115 2718 0
2115 4256 0
2115 187 0
2115 4319 0
2115 8860 0
2115 4855 0
2115 7893 0
2115 5389 1
2115 287 0
2115 2338 0
2115 5412 0
2115 3267 0
2115 861 0
2115 3426 0
2115 3986 0
2115 1943 0
2115 18332 0
2115 8112 0
2115 6070 0
2115 12956 0
2115 1513 0
2115 4095 0
3653 20101 1
3653 18696 1
3653 1290 1
3653 3469 1
3653 20238 1
3653 6040 1
3653 6041 1
3653 6042 1
3653 2715 1
3653 6045 1
3653 2338 1
3653 6043 1
3653 5412 1
3653 5413 1
3653 5414 1
3653 8871 1
3653 21193 1
3653 5564 1
3653 8522 1
3653 11328 1
3653 3267 1
3653 3654 2
3653 3655 2
3653 3659 1
3653 5389 2
3653 3408 1
3653 1108 1
3653 7504 1
3653 18796 1
3653 3825 1
3653 9331 1
3654 3840 1
3654 6404 1
3654 20101 1
3654 18696 1
3654 18796 1
3654 1290 1
3654 1943 1
3654 6040 1
3654 6041 1
3654 6042 1
3654 2715 1
3654 12956 1
3654 6045 1
3654 4256 1
3654 5412 1
3654 5414 1
3654 685 1
3654 3805 1
3654 6069 1
3654 6070 1
3654 5564 1
3654 11202 1
3654 3267 1
3654 3655 2
3654 3659 1
3654 7504 1
3654 2771 1
3654 1108 1
3654 3671 2
3654 9828 1
3654 861 1
3654 5413 1
3654 8676 1
3654 8871 1
3654 6043 1
3654 754 1
3654 3830 1
3654 1620 1
3654 5885 1
3654 1022 1
3654 7893 1
3655 20101 1
3655 18696 1
3655 1290 1
3655 6040 1
3655 6041 1
3655 6042 1
3655 6043 1
3655 6045 1
3655 2715 1
3655 5412 1
3655 5413 1
3655 5414 1
3655 8871 1
3655 4780 1
3655 5564 1
3655 11202 1
3655 3267 1
3655 3659 1
3655 7504 1
3655 1108 1
3655 18796 1
3655 8945 1
3659 3840 0
3659 3841 0
3659 19331 0
3659 12933 0
3659 18696 0
3659 1290 0
3659 6040 0
3659 6043 0
3659 3674 1
3659 16159 0
3659 3805 0
3659 3813 0
3659 3812 0
3659 3807 0
3659 5564 0
3659 3808 0
3659 10315 0
3659 3809 0
3659 7504 0
3659 3811 0
3659 1108 0
3659 1750 0
3659 3671 1
3659 3672 0
3659 3675 0
3659 3676 1
3659 3677 1
3659 3806 0
3659 3815 0
3659 3816 0
3659 3817 0
3659 3818 0
3659 3819 0
3659 3820 0
3659 3821 0
3659 3822 0
3659 3823 0
3659 3824 0
3659 3825 0
3659 3826 0
3659 3827 0
3659 3828 0
3659 3829 0
3659 3830 0
3659 3831 0
3659 3833 0
3659 3834 0
3659 3835 0
3659 3836 0
3659 3837 0
3659 3839 0
13667 11328 0
13667 10857 0
13667 13667 0
13667 2349 1
13667 4575 1
13667 4579 0
1620 2254 0
1620 287 0
1620 2338 0
1620 2349 1
1620 2361 0
1620 398 0
1620 2468 1
1620 2708 0
1620 2712 0
1620 8860 0
1620 2718 0
1620 685 0
1620 719 0
1620 187 0
1620 7303 0
1620 1221 0
1620 7379 0
1620 5389 1
1620 5432 0
1620 1620 0
1620 3815 0
1620 3830 0
1620 3833 0
1620 8064 0
1620 3986 0
1620 1943 0
1620 6042 0
1620 18332 0
1620 8112 0
1620 4081 0
1620 4095 0
3671 3840 1
3671 3841 1
3671 19331 1
3671 12933 1
3671 18796 1
3671 1290 1
3671 3469 1
3671 20101 1
3671 10315 1
3671 6040 1
3671 6041 1
3671 6042 1
3671 3355 1
3671 12956 1
3671 6045 1
3671 16159 1
3671 6043 1
3671 8871 1
3671 15004 1
3671 3677 2
3671 21193 1
3671 9145 1
3671 3267 1
3671 3809 1
3671 5885 1
3671 1750 1
3671 3671 2
3671 3672 1
3671 9828 1
3671 3675 1
3671 3805 1
3671 3806 1
3671 3807 1
3671 3808 1
3671 13135 1
3671 3811 1
3671 3812 1
3671 3813 1
3671 3815 1
3671 3816 1
3671 3817 1
3671 3818 1
3671 3819 1
3671 3820 1
3671 3821 1
3671 3822 1
3671 3823 1
3671 3824 1
3671 3825 1
3671 3826 1
3671 3827 1
3671 3828 1
3671 3829 1
3671 3830 1
3671 3831 1
3671 3833 1
3671 3834 1
3671 3835 1
3671 3836 1
3671 3837 1
3671 3839 1
3672 3840 0
3672 3841 0
3672 19331 0
3672 12933 0
3672 18796 0
3672 1290 0
3672 20101 0
3672 8871 0
3672 6040 0
3672 6041 0
3672 6042 0
3672 6043 0
3672 12956 0
3672 6045 0
3672 16159 0
3672 15004 0
3672 3677 1
3672 10315 0
3672 13135 0
3672 1750 0
3672 8676 0
3672 3675 0
3672 3805 0
3672 3806 0
3672 3807 0
3672 3808 0
3672 3809 0
3672 3811 0
3672 3812 0
3672 3813 0
3672 3815 0
3672 3816 0
3672 3817 0
3672 3818 0
3672 3819 0
3672 3820 0
3672 3821 0
3672 3822 0
3672 3823 0
3672 3824 0
3672 3825 0
3672 3826 0
3672 3827 0
3672 3828 0
3672 3829 0
3672 3830 0
3672 3831 0
3672 3833 0
3672 3834 0
3672 3835 0
3672 3836 0
3672 3837 0
3672 3839 0
3674 3457 1
3674 19331 1
3674 6404 1
3674 18796 1
3674 1290 1
3674 3729 1
3674 6040 1
3674 6041 1
3674 6042 1
3674 3355 1
3674 6045 1
3674 20101 1
3674 2338 1
3674 6043 1
3674 8871 1
3674 15004 1
3674 5432 1
3674 3267 1
3674 13135 1
3674 3408 1
3674 1750 1
3674 3808 1
3674 9828 1
3674 3813 1
3674 3817 1
3674 3818 1
3674 3819 1
3674 3820 1
3674 3821 1
3674 3822 1
3674 3823 1
3674 3824 1
3674 3825 1
3674 3826 1
3674 3827 1
3674 3829 1
3674 3833 1
3674 3835 1
3674 3836 1
3674 3837 1
3675 3840 0
3675 3841 0
3675 19331 0
3675 6404 0
3675 12933 0
3675 18796 0
3675 1290 0
3675 20101 0
3675 6040 0
3675 6041 0
3675 6042 0
3675 6043 0
3675 15004 0
3675 6045 0
3675 16159 0
3675 8871 0
3675 3677 1
3675 10315 0
3675 1750 0
3675 3805 0
3675 3806 0
3675 3807 0
3675 3808 0
3675 3809 0
3675 3811 0
3675 3812 0
3675 3813 0
3675 3815 0
3675 3816 0
3675 3817 0
3675 3818 0
3675 3819 0
3675 3820 0
3675 3821 0
3675 3822 0
3675 3823 0
3675 3824 0
3675 3825 0
3675 3826 0
3675 3827 0
3675 3828 0
3675 3829 0
3675 3830 0
3675 3831 0
3675 3833 0
3675 3834 0
3675 3835 0
3675 3836 0
3675 3837 0
3675 3839 0
3676 3840 1
3676 19331 1
3676 20101 1
3676 1290 1
3676 20238 1
3676 6040 1
3676 6041 1
3676 6042 1
3676 6043 1
3676 6045 1
3676 16159 1
3676 5432 1
3676 3267 1
3676 7378 1
3676 1750 1
3676 8676 1
3676 21212 1
3676 3813 1
3676 3815 1
3676 8871 1
3676 18796 1
3676 3833 1
3676 3834 1
3676 3835 1
3676 3836 1
3677 3840 1
3677 3841 1
3677 19331 1
3677 12933 1
3677 18796 1
3677 1290 1
3677 20101 1
3677 6040 1
3677 6041 1
3677 6042 1
3677 6043 1
3677 15004 1
3677 6045 1
3677 16159 1
3677 8871 1
3677 19760 1
3677 10315 1
3677 1750 1
3677 8676 1
3677 3805 1
3677 3806 1
3677 3807 1
3677 3808 1
3677 3809 1
3677 3811 1
3677 3812 1
3677 3813 1
3677 3815 1
3677 3816 1
3677 3817 1
3677 3818 1
3677 3819 1
3677 3820 1
3677 3821 1
3677 3822 1
3677 3823 1
3677 3824 1
3677 3825 1
3677 3826 1
3677 3827 1
3677 3828 1
3677 3829 1
3677 3830 1
3677 3831 1
3677 3833 1
3677 3834 1
3677 3835 1
3677 3836 1
3677 3837 1
3677 3839 1
11328 2349 1
11328 10857 0
9828 9828 0
9828 12933 0
9828 3729 0
9828 12956 0
9828 287 0
9828 21193 0
9828 3805 0
9828 3807 0
9828 3813 0
9828 3818 0
9828 3822 0
9828 3825 0
9828 3829 0
9828 3830 0
9828 3831 0
9828 3833 0
9828 3836 0
9828 5885 0
9828 3839 0
9828 3355 0
9828 19760 0
9828 13135 0
9828 15004 0
10857 287 0
10857 2349 1
10857 15260 1
14955 15260 1
14955 287 0
14955 4575 1
287 8438 0
287 272 0
287 287 0
287 488 0
287 8860 0
287 17090 0
287 719 0
287 754 0
287 8968 0
287 1108 0
287 1221 0
287 1268 0
287 19416 0
287 2338 0
287 2468 1
287 2708 0
287 2712 0
287 2718 0
287 2730 0
287 2771 0
287 15581 0
287 3426 0
287 3457 0
287 19965 0
287 3729 0
287 3804 1
287 3806 0
287 3808 0
287 3809 0
287 3818 0
287 3820 0
287 3823 0
287 3831 0
287 3835 0
287 4319 0
287 4575 1
287 12954 0
287 13135 0
287 5389 1
287 5413 0
287 20090 0
287 5885 0
287 6070 0
287 6739 0
287 7379 0
287 7622 0
287 15866 1
287 7893 0
9331 339 1
9331 9331 0
9331 4095 0
1653 398 0
1653 8860 0
1653 685 0
1653 861 0
1653 17323 0
1653 1144 1
1653 1221 0
1653 1653 0
1653 1943 0
1653 2338 0
1653 2361 0
1653 3212 0
1653 3729 0
1653 3815 0
1653 3829 0
1653 3986 0
1653 12954 0
1653 19808 0
1653 4256 0
1653 3465 0
1653 4769 0
1653 6068 0
1653 6070 0
1653 6739 0
1653 6867 0
1653 7622 0
1653 7893 0
1653 8064 0
1144 3426 1
1144 1891 1
1144 7303 1
1144 6739 1
20090 8064 0
20090 4575 1
6783 5119 0
6783 5389 1
6783 5432 0
6783 6783 0
6783 861 0
20101 3840 0
20101 3841 0
20101 12933 0
20101 18696 0
20101 1290 0
20101 3831 0
20101 6040 0
20101 19331 0
20101 3805 0
20101 3813 0
20101 3812 0
20101 16159 0
20101 3828 0
20101 3807 0
20101 5564 0
20101 3808 0
20101 10315 0
20101 3809 0
20101 13135 0
20101 7504 0
20101 3811 0
20101 1108 0
20101 1750 0
20101 3806 0
20101 3815 0
20101 3816 0
20101 3818 0
20101 3819 0
20101 3820 0
20101 3821 0
20101 3822 0
20101 3823 0
20101 3824 0
20101 3825 0
20101 3826 0
20101 3827 0
20101 3829 0
20101 3830 0
20101 3817 0
20101 3833 0
20101 3834 0
20101 3835 0
20101 3836 0
20101 3837 0
20101 3839 0
7303 6739 0
7303 7303 0
7303 8438 0
7303 3836 0
7303 18835 1
7303 3986 0
7303 18332 0
7303 1438 0
18332 685 0
18332 10315 0
18332 4256 0
18332 4319 0
18332 2349 1
18332 4499 1
18332 7379 0
18332 2712 0
18332 2718 0
18332 2730 0
18332 6867 0
18332 1022 0
18332 3212 0
18332 3232 0
18332 1268 0
18332 1290 0
18332 3815 0
18332 3830 0
18332 3831 0
18332 6042 0
18332 8112 0
18332 6068 0
18332 6070 0
18332 4081 0
3212 2468 1
3212 16345 1
3729 4499 1
3729 2718 0
3729 6867 0
3729 1221 0
3729 1223 0
3729 1290 0
3729 7475 0
3729 5432 0
3729 3408 0
3729 3729 0
3729 3809 0
3729 3813 0
3729 3830 0
3729 3831 0
3729 3833 0
3729 20238 0
3729 1943 0
3729 8112 0
3729 4095 0
2708 8438 0
2708 4575 1
2708 6739 0
2708 2712 0
2708 8860 0
2708 2718 0
2708 6867 0
2708 4855 0
2708 8968 0
2708 21322 0
2708 861 0
2708 9145 0
2708 1022 0
2708 1221 0
2708 5389 1
2708 5412 0
2708 5432 0
2708 5885 0
2708 8064 0
2708 3986 0
2708 8112 0
2708 6068 0
2712 4256 0
2712 8438 0
2712 2338 0
2712 2549 1
2712 6739 0
2712 2712 0
2712 8860 0
2712 2718 0
2712 17090 0
2712 6867 0
2712 4855 0
2712 8968 0
2712 861 0
2712 1022 0
2712 5389 1
2712 5412 0
2712 5432 0
2712 3426 0
2712 15847 0
2712 20238 0
2712 5885 0
2712 8064 0
2712 3986 0
2712 1943 0
2712 6068 0
2712 6069 0
2712 6070 0
2712 16345 1
12954 6739 0
12954 1221 0
12954 7893 0
12954 3812 0
12954 8064 0
12954 2338 0
12954 7475 0
12954 861 0
12954 3986 0
12954 6068 0
12954 4575 1
12954 1361 1
2715 2715 0
2715 187 0
2715 3811 0
2715 1268 0
2715 5885 0
2715 5389 1
2715 12933 0
2715 5432 0
2715 4087 0
15004 3840 0
15004 3841 0
15004 19331 0
15004 12933 0
15004 6040 0
15004 16159 0
15004 12956 0
15004 10315 0
15004 7379 0
15004 3812 0
15004 3805 0
15004 3806 0
15004 3807 0
15004 3808 0
15004 3809 0
15004 3811 0
15004 3813 0
15004 3815 0
15004 3816 0
15004 3817 0
15004 3818 0
15004 3819 0
15004 3820 0
15004 3821 0
15004 3822 0
15004 3823 0
15004 3824 0
15004 3825 0
15004 3826 0
15004 3827 0
15004 3828 0
15004 3829 0
15004 3830 0
15004 3831 0
15004 3833 0
15004 3834 0
15004 3835 0
15004 3836 0
15004 3837 0
15004 3839 0
2718 4256 0
2718 187 0
2718 4319 0
2718 8438 0
2718 2338 0
2718 2361 0
2718 2549 1
2718 6739 0
2718 2718 0
2718 685 0
2718 719 0
2718 8968 0
2718 861 0
2718 21322 0
2718 3232 0
2718 1223 0
2718 1221 0
2718 5389 1
2718 5412 0
2718 7475 0
2718 5432 0
2718 3408 0
2718 3426 0
2718 1943 0
2718 5982 0
2718 8064 0
2718 3986 0
2718 6042 0
2718 8860 0
2718 8112 0
2718 6068 0
2718 6069 0
2718 6070 0
2718 4081 0
3232 3426 0
3232 6739 0
3232 3232 0
3232 4769 0
3232 3236 0
3232 187 0
3232 3267 0
3232 7893 0
3232 4319 0
3232 1268 0
3232 251 0
3232 6399 1
3232 5412 0
3232 861 0
3232 1891 0
3232 3986 0
3232 4499 1
3232 1943 0
3232 1438 0
3232 8112 0
3232 9145 0
4769 4769 0
4769 3236 0
4769 1268 0
4769 5389 1
4769 16345 1
4769 19808 0
4769 3465 0
4769 6042 0
3236 3426 0
3236 6739 0
3236 3236 0
3236 3267 0
3236 4319 0
3236 1268 0
3236 6399 1
3236 5412 0
3236 861 0
3236 1891 0
3236 3986 0
3236 4499 1
3236 1943 0
3236 8112 0
3236 9145 0
8871 3840 0
8871 3841 0
8871 19331 0
8871 12933 0
8871 18696 0
8871 18796 0
8871 1290 0
8871 16159 0
8871 3805 0
8871 3813 0
8871 3812 0
8871 3807 0
8871 5564 0
8871 3808 0
8871 10315 0
8871 3809 0
8871 7504 0
8871 3811 0
8871 1108 0
8871 1750 0
8871 3806 0
8871 3815 0
8871 3816 0
8871 3817 0
8871 3818 0
8871 3819 0
8871 3820 0
8871 3821 0
8871 3822 0
8871 3823 0
8871 3824 0
8871 3825 0
8871 3826 0
8871 3827 0
8871 3828 0
8871 3829 0
8871 3830 0
8871 3831 0
8871 3833 0
8871 3834 0
8871 3835 0
8871 3836 0
8871 3837 0
8871 3839 0
12933 10315 0
12933 12956 0
12933 3267 0
12933 7379 0
12933 1750 0
12933 3805 0
12933 3806 0
12933 3807 0
12933 3808 0
12933 3809 0
12933 3811 0
12933 3812 0
12933 3813 0
12933 3815 0
12933 3816 0
12933 3817 0
12933 3818 0
12933 3819 0
12933 3820 0
12933 3821 0
12933 3822 0
12933 3823 0
12933 3824 0
12933 3825 0
12933 3826 0
12933 2771 0
12933 3828 0
12933 3829 0
12933 3830 0
12933 3831 0
12933 3833 0
12933 3834 0
12933 3835 0
12933 3836 0
12933 3837 0
12933 3839 0
12933 3840 0
12933 3841 0
12933 1290 0
12933 16159 0
12933 19760 0
12933 13135 0
12933 18796 0
12933 19331 0
12933 6040 0
12933 6041 0
12933 6042 0
12933 6043 0
12933 6045 0
12933 8112 0
12933 3827 0
12933 11202 0
12933 8676 0
2730 1943 0
2730 2338 0
2730 2349 1
2730 3426 0
2730 1513 0
4780 19965 0
4780 4780 0
4780 719 0
4780 4319 0
4780 251 0
4780 5885 0
4780 2349 1
4780 861 0
4780 1943 0
4780 11202 0
4780 1022 0
685 6739 0
685 1221 0
685 1223 0
685 1290 0
685 8522 0
685 4499 1
685 398 0
685 3986 0
685 6042 0
685 8112 0
685 6068 0
685 5885 0
685 7893 0
685 1022 0
187 6739 0
187 1108 0
187 187 0
187 190 0
187 3267 0
187 15581 0
187 4319 0
187 3835 0
187 6399 1
187 5413 0
187 5432 0
187 861 0
187 3426 0
187 1891 0
187 3986 0
187 1943 0
187 8112 0
187 2468 1
187 488 0
190 861 0
190 1891 0
190 15581 0
190 5413 0
190 3835 0
190 6399 1
190 3355 0
190 3426 0
190 3986 0
190 1438 0
190 2468 1
190 17323 0
190 11202 0
8860 1221 0
8860 1223 0
8860 7893 0
8860 5885 0
8860 5412 0
8860 2361 0
8860 3426 0
8860 3986 0
8860 1943 0
8860 1438 0
8860 2468 1
8860 6068 0
8860 11202 0
8860 4575 1
17090 5389 1
17090 8112 0
17090 4575 1
3267 1268 0
3267 3827 0
1221 3426 0
1221 4575 1
1221 4579 0
1221 719 0
1221 4855 0
1221 861 0
1221 934 0
1221 17323 0
1221 1221 0
1221 1223 0
1221 5389 1
1221 5432 0
1221 3408 0
1221 3469 0
1221 1513 0
1221 7893 0
1221 5982 0
1221 3986 0
1221 1943 0
1223 8064 0
1223 8112 0
1223 5982 0
1223 4575 1
1223 719 0
1223 5389 1
1223 5432 0
1223 19808 0
1223 3986 0
1223 8968 0
1223 3408 0
1223 4081 0
21193 19760 0
21193 21193 0
21193 719 0
2254 861 0
2254 3830 0
2254 5885 0
2254 2349 1
2254 2361 0
719 6068 0
719 6069 0
719 21212 0
719 719 0
719 7379 0
719 5885 0
719 8064 0
719 5389 1
719 3986 0
719 4575 1
719 1022 0
7378 1108 0
7378 7378 0
7378 7379 0
7378 3812 0
7378 3825 0
7378 3841 0
7378 4499 1
7378 3986 0
7378 6042 0
7378 6043 0
7378 6068 0
7378 4069 0
2771 1108 0
2771 4256 0
2771 3806 0
2771 3815 0
2771 3822 0
2771 3824 0
2771 3830 0
2771 3831 0
2771 3833 0
2771 3834 0
2771 3839 0
2771 1290 0
2771 19760 0
2771 8522 0
2771 8676 0
2771 6041 0
2771 6042 0
2771 6043 0
2771 2468 1
2771 6069 0
7893 4256 0
7893 4319 0
7893 7893 0
7893 2349 1
7893 2468 1
7893 6867 0
7893 1022 0
7893 7475 0
7893 3393 0
7893 7504 0
7893 3833 0
7893 5982 0
7893 6068 0
7893 4081 0
7893 4095 0
1750 3840 0
1750 3841 0
1750 19331 0
1750 1290 0
1750 6040 0
1750 6041 0
1750 6042 0
1750 6043 0
1750 3831 0
1750 16159 0
1750 6045 0
1750 18796 0
1750 10315 0
1750 3805 0
1750 3806 0
1750 3807 0
1750 3808 0
1750 3809 0
1750 3811 0
1750 3812 0
1750 3813 0
1750 3815 0
1750 3816 0
1750 3818 0
1750 3819 0
1750 3820 0
1750 3821 0
1750 3822 0
1750 3823 0
1750 3824 0
1750 3825 0
1750 3826 0
1750 3827 0
1750 3828 0
1750 3829 0
1750 3830 0
1750 3817 0
1750 3833 0
1750 3834 0
1750 3835 0
1750 3836 0
1750 3837 0
1750 3839 0
21212 3820 0
21212 2549 1
3805 3840 0
3805 3841 0
3805 19331 0
3805 18796 0
3805 1290 0
3805 6040 0
3805 6041 0
3805 6042 0
3805 6043 0
3805 12956 0
3805 6045 0
3805 16159 0
3805 10315 0
3805 5885 0
3805 3811 0
3805 3806 0
3805 3807 0
3805 3808 0
3805 3809 0
3805 3812 0
3805 3813 0
3805 3815 0
3805 3816 0
3805 3817 0
3805 3818 0
3805 3819 0
3805 3820 0
3805 3821 0
3805 3822 0
3805 3823 0
3805 3824 0
3805 3825 0
3805 3826 0
3805 3827 0
3805 3828 0
3805 3829 0
3805 3830 0
3805 3831 0
3805 3833 0
3805 3834 0
3805 3835 0
3805 3836 0
3805 3837 0
3805 3839 0
3806 10315 0
3806 1108 0
3806 16159 0
3806 7379 0
3806 3807 0
3806 3808 0
3806 3809 0
3806 3811 0
3806 3812 0
3806 3813 0
3806 3815 0
3806 3816 0
3806 3817 0
3806 3818 0
3806 3819 0
3806 3820 0
3806 3821 0
3806 3822 0
3806 3823 0
3806 3824 0
3806 3825 0
3806 3826 0
3806 3828 0
3806 3829 0
3806 8438 0
3806 3831 0
3806 3834 0
3806 3835 0
3806 3836 0
3806 3837 0
3806 3839 0
3806 3840 0
3806 3841 0
3806 1290 0
3806 19331 0
3806 19760 0
3806 18796 0
3806 398 0
3806 1943 0
3806 6040 0
3806 6041 0
3806 6042 0
3806 6043 0
3806 6045 0
3806 3827 0
3806 3830 0
3806 3833 0
4319 6739 0
4319 4319 0
4319 6399 1
4319 2338 0
4319 861 0
4319 3426 0
4319 1891 0
4319 8064 0
4319 3986 0
4319 1943 0
4319 8112 0
4319 6068 0
4319 2549 1
3808 6739 0
3808 16159 0
3808 6867 0
3808 3807 0
3808 3809 0
3808 3811 0
3808 3812 0
3808 3813 0
3808 3815 0
3808 3816 0
3808 3817 0
3808 3818 0
3808 3819 0
3808 3820 0
3808 3821 0
3808 3822 0
3808 3823 0
3808 3824 0
3808 3826 0
3808 3827 0
3808 3828 0
3808 3829 0
3808 3830 0
3808 3831 0
3808 3833 0
3808 3834 0
3808 3835 0
3808 3836 0
3808 3837 0
3808 3839 0
3808 3840 0
3808 3841 0
3808 1290 0
3808 18796 0
3808 19331 0
3808 6040 0
3808 6041 0
3808 6042 0
3808 6043 0
3808 6045 0
3808 3825 0
3808 9145 0
3808 10315 0
3809 3840 0
3809 3841 0
3809 18796 0
3809 1290 0
3809 19331 0
3809 1943 0
3809 6040 0
3809 6041 0
3809 6042 0
3809 6043 0
3809 6045 0
3809 16159 0
3809 7379 0
3809 3807 0
3809 10315 0
3809 6739 0
3809 3813 0
3809 3811 0
3809 3812 0
3809 3815 0
3809 3816 0
3809 3817 0
3809 3818 0
3809 3819 0
3809 3820 0
3809 3821 0
3809 3822 0
3809 3823 0
3809 3824 0
3809 3825 0
3809 3826 0
3809 3827 0
3809 3828 0
3809 3829 0
3809 3830 0
3809 3831 0
3809 3833 0
3809 3834 0
3809 3835 0
3809 3836 0
3809 3837 0
3809 3839 0
3811 3840 0
3811 3841 0
3811 19331 0
3811 18796 0
3811 1290 0
3811 6040 0
3811 6041 0
3811 6042 0
3811 12956 0
3811 6045 0
3811 16159 0
3811 6043 0
3811 10315 0
3811 7622 0
3811 7379 0
3811 3807 0
3811 3812 0
3811 3813 0
3811 3815 0
3811 3816 0
3811 3817 0
3811 3818 0
3811 3819 0
3811 3820 0
3811 3821 0
3811 3822 0
3811 3823 0
3811 3824 0
3811 3825 0
3811 3826 0
3811 3827 0
3811 3828 0
3811 3829 0
3811 3830 0
3811 3831 0
3811 3833 0
3811 3834 0
3811 3835 0
3811 3836 0
3811 3837 0
3811 3839 0
3812 3820 0
3812 7379 0
3812 3807 0
3812 3813 0
3812 3815 0
3812 3816 0
3812 3817 0
3812 3818 0
3812 3819 0
3812 3821 0
3812 3822 0
3812 3823 0
3812 3824 0
3812 3825 0
3812 3826 0
3812 3828 0
3812 3829 0
3812 3831 0
3812 3833 0
3812 3834 0
3812 3835 0
3812 3836 0
3812 3837 0
3812 3839 0
3812 3840 0
3812 3841 0
3812 1290 0
3812 19331 0
3812 16159 0
3812 3830 0
3812 18796 0
3812 3465 0
3812 6040 0
3812 6041 0
3812 6042 0
3812 6043 0
3812 6045 0
3812 3827 0
3812 10315 0
3812 8438 0
3813 3840 0
3813 3841 0
3813 19331 0
3813 1290 0
3813 6040 0
3813 6041 0
3813 6042 0
3813 6043 0
3813 12956 0
3813 6045 0
3813 19760 0
3813 18796 0
3813 6069 0
3813 6070 0
3813 16159 0
3813 10315 0
3813 13135 0
3813 3807 0
3813 3815 0
3813 3816 0
3813 3817 0
3813 3818 0
3813 3819 0
3813 3820 0
3813 3821 0
3813 3822 0
3813 3823 0
3813 3824 0
3813 3825 0
3813 3826 0
3813 3827 0
3813 3828 0
3813 3829 0
3813 3830 0
3813 3831 0
3813 3833 0
3813 3834 0
3813 3835 0
3813 3836 0
3813 3837 0
3813 3839 0
3815 6070 0
3815 10315 0
3815 12956 0
3815 7379 0
3815 3807 0
3815 3816 0
3815 3817 0
3815 3818 0
3815 3819 0
3815 3820 0
3815 3821 0
3815 3822 0
3815 3823 0
3815 3824 0
3815 3825 0
3815 3826 0
3815 3828 0
3815 3829 0
3815 3830 0
3815 3831 0
3815 3833 0
3815 3834 0
3815 3835 0
3815 3836 0
3815 3837 0
3815 3839 0
3815 3840 0
3815 3841 0
3815 1290 0
3815 16159 0
3815 13135 0
3815 18796 0
3815 19331 0
3815 6040 0
3815 3986 0
3815 1943 0
3815 6041 0
3815 6042 0
3815 6043 0
3815 6045 0
3815 1438 0
3815 3827 0
3815 6069 0
3815 11202 0
3815 1022 0
3816 10315 0
3816 1108 0
3816 7379 0
3816 3807 0
3816 3817 0
3816 3818 0
3816 3819 0
3816 3820 0
3816 3821 0
3816 3822 0
3816 3823 0
3816 3824 0
3816 3825 0
3816 3826 0
3816 3827 0
3816 3828 0
3816 3829 0
3816 3830 0
3816 3831 0
3816 3833 0
3816 3834 0
3816 3835 0
3816 3836 0
3816 3839 0
3816 3840 0
3816 3841 0
3816 1290 0
3816 16159 0
3816 18796 0
3816 19331 0
3816 3986 0
3816 6040 0
3816 6041 0
3816 6043 0
3816 6042 0
3816 6045 0
3816 3837 0
3817 10315 0
3817 3807 0
3817 3818 0
3817 3819 0
3817 3820 0
3817 3821 0
3817 3822 0
3817 3823 0
3817 3824 0
3817 3825 0
3817 3826 0
3817 3827 0
3817 3828 0
3817 3829 0
3817 3830 0
3817 3831 0
3817 3833 0
3817 3834 0
3817 3835 0
3817 3836 0
3817 3837 0
3817 3839 0
3817 3840 0
3817 3841 0
3817 1290 0
3817 16159 0
3817 18796 0
3817 19331 0
3817 6040 0
3817 6041 0
3817 6042 0
3817 6043 0
3817 6045 0
3818 3840 0
3818 3841 0
3818 19331 0
3818 18796 0
3818 1290 0
3818 6040 0
3818 6041 0
3818 6042 0
3818 6043 0
3818 6045 0
3818 16159 0
3818 10315 0
3818 3807 0
3818 3819 0
3818 3820 0
3818 3821 0
3818 3822 0
3818 3823 0
3818 3824 0
3818 3825 0
3818 3826 0
3818 3827 0
3818 3828 0
3818 3829 0
3818 3830 0
3818 3831 0
3818 3833 0
3818 3834 0
3818 3835 0
3818 3836 0
3818 3837 0
3818 3839 0
3819 3840 0
3819 3841 0
3819 19331 0
3819 18796 0
3819 1290 0
3819 3469 0
3819 6040 0
3819 6041 0
3819 6042 0
3819 6045 0
3819 16159 0
3819 6043 0
3819 10315 0
3819 3807 0
3819 3820 0
3819 3821 0
3819 3822 0
3819 3823 0
3819 3824 0
3819 3825 0
3819 3826 0
3819 3827 0
3819 3828 0
3819 3829 0
3819 3830 0
3819 3831 0
3819 3833 0
3819 3834 0
3819 3835 0
3819 3836 0
3819 3837 0
3819 3839 0
3820 3840 0
3820 3841 0
3820 19331 0
3820 1290 0
3820 6040 0
3820 6041 0
3820 6042 0
3820 6043 0
3820 6045 0
3820 16159 0
3820 10315 0
3820 3807 0
3820 18796 0
3820 3821 0
3820 3822 0
3820 3823 0
3820 3824 0
3820 3825 0
3820 3826 0
3820 3827 0
3820 3828 0
3820 3829 0
3820 3830 0
3820 3831 0
3820 3833 0
3820 3834 0
3820 3835 0
3820 3836 0
3820 3837 0
3820 3839 0
3821 3840 0
3821 3841 0
3821 1290 0
3821 18796 0
3821 19331 0
3821 6040 0
3821 6041 0
3821 6042 0
3821 6043 0
3821 16159 0
3821 4256 0
3821 6045 0
3821 3827 0
3821 6069 0
3821 10315 0
3821 13135 0
3821 7379 0
3821 3807 0
3821 3822 0
3821 3823 0
3821 3824 0
3821 3825 0
3821 3826 0
3821 3828 0
3821 3829 0
3821 3830 0
3821 3831 0
3821 3833 0
3821 3834 0
3821 3835 0
3821 3836 0
3821 3837 0
3821 3839 0
3822 3840 0
3822 3841 0
3822 19331 0
3822 18796 0
3822 1290 0
3822 10315 0
3822 6040 0
3822 6041 0
3822 6042 0
3822 6043 0
3822 1438 0
3822 16159 0
3822 6045 0
3822 3827 0
3822 13135 0
3822 3807 0
3822 3823 0
3822 3824 0
3822 3825 0
3822 3826 0
3822 3828 0
3822 3829 0
3822 3830 0
3822 3831 0
3822 3833 0
3822 3834 0
3822 3835 0
3822 3836 0
3822 3837 0
3822 3839 0
3823 3840 0
3823 3841 0
3823 19331 0
3823 18796 0
3823 1290 0
3823 5389 1
3823 6040 0
3823 6041 0
3823 6042 0
3823 6043 0
3823 12956 0
3823 6045 0
3823 3827 0
3823 16159 0
3823 10315 0
3823 13135 0
3823 8676 0
3823 3807 0
3823 3824 0
3823 3825 0
3823 3826 0
3823 3828 0
3823 3829 0
3823 3830 0
3823 3831 0
3823 3833 0
3823 3834 0
3823 3835 0
3823 3836 0
3823 3837 0
3823 3839 0
3824 3840 0
3824 3841 0
3824 1290 0
3824 10315 0
3824 19331 0
3824 6040 0
3824 6041 0
3824 6042 0
3824 6043 0
3824 3831 0
3824 16159 0
3824 6045 0
3824 1108 0
3824 3807 0
3824 18796 0
3824 3825 0
3824 3826 0
3824 3828 0
3824 3829 0
3824 3830 0
3824 3827 0
3824 3833 0
3824 3834 0
3824 3835 0
3824 3836 0
3824 3837 0
3824 3839 0
3825 10315 0
3825 7379 0
3825 3807 0
3825 3826 0
3825 3827 0
3825 3828 0
3825 3829 0
3825 8438 0
3825 3831 0
3825 3833 0
3825 3834 0
3825 3835 0
3825 3836 0
3825 3837 0
3825 3839 0
3825 3840 0
3825 3841 0
3825 1290 0
3825 16159 0
3825 13135 0
3825 3830 0
3825 18796 0
3825 19331 0
3825 6040 0
3825 6041 0
3825 6042 0
3825 6043 0
3825 6045 0
3826 10315 0
3826 3807 0
3826 3827 0
3826 3828 0
3826 3829 0
3826 3830 0
3826 3831 0
3826 3834 0
3826 3835 0
3826 3836 0
3826 3837 0
3826 3839 0
3826 3840 0
3826 3841 0
3826 1290 0
3826 16159 0
3826 13135 0
3826 18796 0
3826 19331 0
3826 6040 0
3826 6041 0
3826 6042 0
3826 6043 0
3826 6045 0
3826 6070 0
3826 11202 0
3826 3833 0
3826 1022 0
3827 3840 0
3827 3841 0
3827 1290 0
3827 10315 0
3827 19331 0
3827 6040 0
3827 6041 0
3827 6042 0
3827 6043 0
3827 6045 0
3827 16159 0
3827 18796 0
3827 11202 0
3827 3807 0
3827 13135 0
3827 3828 0
3827 3829 0
3827 3830 0
3827 3831 0
3827 3833 0
3827 3834 0
3827 3835 0
3827 3836 0
3827 3837 0
3827 3839 0
1268 5389 1
1268 398 0
1268 4499 1
1268 1943 0
1268 8112 0
1268 6042 0
3829 3840 0
3829 3841 0
3829 19331 0
3829 18796 0
3829 1290 0
3829 6040 0
3829 6041 0
3829 6042 0
3829 6043 0
3829 6045 0
3829 16159 0
3829 10315 0
3829 13135 0
3829 3807 0
3829 3828 0
3829 3830 0
3829 3831 0
3829 3833 0
3829 3834 0
3829 3835 0
3829 3836 0
3829 3837 0
3829 3839 0
8438 7379 0
8438 3830 0
8438 3834 0
8438 251 0
8438 6399 1
8438 1290 0
8438 21322 0
8438 398 0
8438 1438 0
8438 2468 1
8438 6069 0
8438 6070 0
3831 10315 0
3831 6739 0
3831 4256 0
3831 16159 0
3831 7379 0
3831 3807 0
3831 3828 0
3831 3830 0
3831 3833 0
3831 3834 0
3831 3835 0
3831 3836 0
3831 3837 0
3831 3839 0
3831 3840 0
3831 3841 0
3831 1290 0
3831 19760 0
3831 13135 0
3831 18796 0
3831 19331 0
3831 3986 0
3831 6040 0
3831 6041 0
3831 6042 0
3831 6043 0
3831 1438 0
3831 6045 0
3833 6739 0
3833 18796 0
3833 12956 0
3833 4256 0
3833 3807 0
3833 3828 0
3833 3830 0
3833 3834 0
3833 3835 0
3833 3836 0
3833 3837 0
3833 3839 0
3833 3840 0
3833 3841 0
3833 1290 0
3833 16159 0
3833 19760 0
3833 19331 0
3833 398 0
3833 3986 0
3833 1943 0
3833 6040 0
3833 6041 0
3833 6042 0
3833 6043 0
3833 6045 0
3833 8112 0
3833 9145 0
3833 11202 0
3833 10315 0
3834 10315 0
3834 18796 0
3834 7379 0
3834 3807 0
3834 3828 0
3834 3835 0
3834 3836 0
3834 3837 0
3834 3839 0
3834 3840 0
3834 3841 0
3834 1290 0
3834 19331 0
3834 16159 0
3834 13135 0
3834 7504 0
3834 1891 0
3834 398 0
3834 6040 0
3834 6041 0
3834 6042 0
3834 6043 0
3834 6045 0
3834 6070 0
3834 3830 0
3834 251 0
3834 4069 0
3835 10315 0
3835 1108 0
3835 7379 0
3835 3807 0
3835 3828 0
3835 3830 0
3835 3836 0
3835 3837 0
3835 3839 0
3835 3840 0
3835 3841 0
3835 1290 0
3835 6045 0
3835 18796 0
3835 19331 0
3835 6040 0
3835 6041 0
3835 6042 0
3835 6043 0
3835 16159 0
3835 6069 0
3835 6070 0
3836 3840 0
3836 3841 0
3836 19331 0
3836 18796 0
3836 1290 0
3836 10315 0
3836 6040 0
3836 6041 0
3836 6042 0
3836 6043 0
3836 12956 0
3836 6045 0
3836 16159 0
3836 19760 0
3836 8112 0
3836 11202 0
3836 13135 0
3836 7379 0
3836 3807 0
3836 3828 0
3836 3830 0
3836 3837 0
3836 3839 0
3837 3840 0
3837 3841 0
3837 19331 0
3837 1290 0
3837 18796 0
3837 6040 0
3837 6041 0
3837 6042 0
3837 16159 0
3837 6043 0
3837 10315 0
3837 6045 0
3837 7379 0
3837 3839 0
3837 3807 0
3837 3828 0
3837 3830 0
6399 5413 1
6399 15847 1
6399 20759 1
6399 6069 1
6399 2361 1
6399 15581 1
6399 861 1
6399 4069 1
6399 1891 1
3840 10315 0
3840 16159 0
3840 7379 0
3840 3807 0
3840 3828 0
3840 3830 0
3840 3839 0
3840 3841 0
3840 1290 0
3840 18796 0
3840 19331 0
3840 1943 0
3840 6040 0
3840 6041 0
3840 6042 0
3840 6043 0
3840 6045 0
3841 19331 0
3841 18796 0
3841 1290 0
3841 6040 0
3841 6041 0
3841 6042 0
3841 6043 0
3841 7379 0
3841 5982 0
3841 16159 0
3841 10315 0
3841 6045 0
3841 13135 0
3841 4579 0
3841 3807 0
3841 3828 0
3841 3830 0
3841 3839 0
8968 5885 0
8968 7475 0
8968 5432 0
8968 3408 0
8968 3986 0
8968 3469 0
8968 934 0
8968 4575 1
8968 1513 0
8968 6739 0
1290 1108 0
1290 4256 0
1290 3807 0
1290 3828 0
1290 3830 0
1290 3839 0
1290 18696 0
1290 1290 0
1290 19331 0
1290 16159 0
1290 6045 0
1290 7504 0
1290 18796 0
1290 398 0
1290 3986 0
1290 6040 0
1290 6041 0
1290 6042 0
1290 6043 0
1290 6069 0
1290 6070 0
1290 5564 0
1290 11202 0
1290 10315 0
1290 1022 0
3031 493 1
3031 494 1
3031 1361 1
3031 3031 0
3031 1438 0
5389 272 1
5389 4416 1
5389 4420 1
5389 21322 1
5389 9145 1
5389 19416 1
5389 19965 1
5389 1022 1
5389 5389 2
5389 7475 1
5389 3393 1
5389 3457 1
5389 3465 1
5389 5885 1
5389 6042 1
5389 6069 1
5389 6070 1
5389 4095 1
20238 2338 0
20238 20238 0
20238 11202 0
20238 4081 0
272 272 0
272 4575 1
272 2544 0
3828 19331 0
3828 18796 0
3828 6040 0
3828 6041 0
3828 6042 0
3828 6043 0
3828 6045 0
3828 16159 0
3828 10315 0
3828 3807 0
3828 3830 0
3828 3839 0
20759 20759 0
20759 1438 0
20759 2468 1
3355 3355 0
3355 3408 0
3355 5432 0
3355 1943 0
16159 10315 0
16159 12956 0
16159 7379 0
16159 3807 0
16159 3830 0
16159 3839 0
16159 13135 0
16159 18796 0
16159 19331 0
16159 398 0
16159 6040 0
16159 6041 0
16159 6042 0
16159 6043 0
16159 6045 0
16159 6070 0
19760 3986 0
19760 12956 0
19760 5414 0
19760 18759 0
19760 6069 0
19760 10315 0
19760 13135 0
19760 1361 1
19760 5412 0
19760 5413 0
19760 4095 0
2338 2338 0
2338 4575 1
2338 6739 0
2338 6867 0
2338 4855 0
2338 1022 0
2338 5432 0
2338 3426 0
2338 1438 0
2338 3559 1
2338 5982 0
2338 1891 0
2338 3986 0
2338 1943 0
2338 6068 0
2338 4095 0
5412 1108 0
5412 5412 0
5412 5413 0
5412 5432 0
5412 18759 0
5412 7504 0
5412 4069 0
5412 8064 0
5412 9145 0
5412 4095 0
5413 1108 0
5413 7379 0
5413 5413 0
5413 18759 0
5413 7504 0
5413 1891 0
5413 4081 0
5413 4095 0
5414 7504 0
5414 18759 0
5414 1108 0
5414 4095 0
487 1438 0
487 1361 1
487 493 1
487 494 1
3804 3804 2
2349 17323 1
2349 754 1
2349 861 1
2349 3457 1
2349 3469 1
2349 3986 1
2349 4579 1
2349 1513 1
2349 5119 1
15581 1361 1
1328 8522 1
1328 5432 1
1328 6042 1
4402 8112 0
4402 493 1
4402 494 1
7475 6739 0
7475 7475 0
7475 3986 0
7475 1943 0
7475 934 0
7475 8112 0
5432 4855 0
5432 861 0
5432 934 0
5432 1273 0
5432 5432 0
5432 3457 0
5432 1943 0
2361 2361 0
2361 8064 0
2361 398 0
2361 1022 0
3807 19331 0
3807 18796 0
3807 6040 0
3807 6041 0
3807 6042 0
3807 6043 0
3807 6045 0
3807 10315 0
3807 13135 0
3807 3830 0
3807 3839 0
18696 6040 0
18696 6041 0
18696 6042 0
18696 6043 0
18696 6045 0
18696 5564 0
18696 7504 0
18696 1108 0
18696 18796 0
4416 4855 0
4416 5885 0
4416 4416 0
4416 4420 0
3393 3986 0
3393 9145 0
3393 4256 0
3393 21322 0
3393 4499 1
3393 19808 0
3393 6739 0
4420 4855 0
18759 18759 0
18759 1438 0
18759 19808 0
18759 1361 1
18759 493 1
18759 494 1
18759 4095 0
5119 1943 0
5119 6068 0
8522 8064 0
8522 3986 0
8522 8112 0
8522 8522 0
8522 6739 0
8522 4095 0
21322 2468 1
21322 9145 0
21322 21322 0
21322 5885 0
13135 12956 0
13135 10315 0
13135 8676 0
13135 3839 0
7504 3465 0
7504 6040 0
7504 6041 0
7504 6042 0
7504 6043 0
7504 6045 0
7504 5564 0
7504 11202 0
7504 1108 0
7504 18796 0
1361 8064 1
1361 4499 2
1361 1438 1
1361 8112 1
1361 11195 1
1361 4087 1
1361 1108 1
1361 19808 1
1361 488 1
1361 8945 1
339 339 2
339 4579 1
339 1273 1
339 251 1
861 4256 0
861 754 0
861 4855 0
861 861 0
861 1022 0
861 1891 0
861 3426 0
861 5982 0
861 3986 0
861 6068 0
861 6069 0
861 6070 0
861 4081 0
861 4095 0
5982 1891 0
5982 5982 0
5982 3986 0
5982 15260 1
5982 2468 1
5982 8112 0
5982 6739 0
19808 8945 0
19808 7568 1
19808 8112 0
3426 2468 1
3426 934 0
3426 1022 0
3426 7379 0
3426 3426 0
3426 9145 0
3426 3830 0
3426 8064 0
3426 3986 0
3426 1943 0
3426 6041 0
3426 8112 0
3426 6068 0
3426 4081 0
3426 4095 0
1891 251 0
1891 1438 0
1891 4069 0
3559 4575 2
18796 10315 0
18796 1108 0
18796 4256 0
18796 3830 0
18796 3839 0
18796 19331 0
18796 398 0
18796 6040 0
18796 6041 0
18796 6042 0
18796 6043 0
18796 6045 0
18796 6070 0
18796 5564 0
18796 1022 0
4499 6068 1
4499 6070 1
4499 4095 1
251 3986 0
251 2549 1
8064 16345 1
8064 8064 0
8064 3986 0
8064 494 1
8064 1438 0
8064 6068 0
8064 11195 0
8064 493 1
3457 3457 0
19331 3469 0
19331 6040 0
19331 6041 0
19331 6042 0
19331 6043 0
19331 6045 0
19331 10315 0
19331 8676 0
19331 3830 0
19331 3839 0
3465 2468 1
3465 8945 0
3469 5885 0
398 3986 0
398 6040 0
398 6043 0
398 1438 0
398 2468 1
398 6069 0
398 2549 1
398 3830 0
4855 4855 0
4855 15260 1
4855 1022 0
4855 5564 0
4855 15847 0
7568 7568 2
7568 4579 1
3986 8676 0
3986 1022 0
3986 1438 0
3986 2468 1
3986 3830 0
3986 3986 0
3986 4069 0
3986 4081 0
3986 4095 0
3986 4256 0
3986 5885 0
3986 6041 0
3986 6042 0
3986 6068 0
3986 6069 0
3986 6070 0
3986 6739 0
3986 6867 0
3986 7379 0
3986 15847 0
3986 8112 0
18835 7379 1
18835 6043 1
6867 5885 0
6867 6867 0
6867 2468 1
6867 8112 0
6867 6739 0
1943 4256 0
1943 2468 1
1943 1022 0
1943 7379 0
1943 1438 0
1943 1943 0
1943 6068 0
1943 6070 0
1943 4095 0
6040 1108 0
6040 7379 0
6040 3830 0
6040 3839 0
6040 6041 0
6040 6042 0
6040 6043 0
6040 6045 0
6040 6069 0
6040 5564 0
6040 10315 0
6041 10315 0
6041 1108 0
6041 3830 0
6041 3839 0
6041 6042 0
6041 6045 0
6041 1438 0
6041 7379 0
6041 5564 0
6041 11202 0
6042 10315 0
6042 8112 0
6042 1108 0
6042 4256 0
6042 3830 0
6042 3839 0
6042 1438 0
6042 7379 0
6042 6045 0
6042 6069 0
6042 6070 0
6042 5564 0
6042 11202 0
6042 4081 0
6042 1022 0
6043 1108 0
6043 3830 0
6043 3839 0
6043 7379 0
6043 5564 0
6043 10315 0
6043 4069 0
6045 10315 0
6045 1108 0
6045 3830 0
6045 3839 0
6045 5564 0
6045 11202 0
1438 1438 0
1438 2468 1
1438 8112 0
1438 11195 0
1438 4069 0
1438 488 0
2468 6739 1
2468 11202 1
2468 4256 1
2468 7379 1
2468 15847 1
2468 934 1
2468 8112 1
2468 4069 1
2468 4081 1
7379 6068 0
7379 6069 0
7379 4256 0
7379 7379 0
7379 3830 0
7379 3839 0
7379 6070 0
7379 1108 0
8945 1022 0
12956 10315 0
12956 3830 0
12956 5885 0
8112 4256 0
8112 6739 0
8112 1022 0
8112 8112 0
8112 6068 0
6068 4256 0
6068 2549 1
6068 6739 0
6068 11195 0
6068 1022 0
6068 5885 0
6068 6068 0
6068 4081 0
6069 1108 0
6069 4256 0
6069 5885 0
6069 6069 0
6069 6070 0
6069 11202 0
6069 1022 0
6070 1108 0
6070 4256 0
6070 5885 0
6070 11202 0
6070 1022 0
9145 9145 0
9145 5885 0
11195 493 1
11195 494 1
5564 4579 0
5564 1108 0
2496 2544 1
4256 6739 0
4256 1022 0
4256 1108 0
4256 3839 0
11202 4575 1
11202 3830 0
11202 1022 0
10315 10315 0
10315 3830 0
10315 3839 0
3830 6739 0
3830 3839 0
3830 1022 0
7622 4575 1
1271 1273 1
1273 1273 0
19416 4575 1
4575 4575 2
4575 4081 1
4575 19965 1
3408 3408 0
3408 1022 0
15847 6739 0
488 488 0
488 493 1
488 494 1
1513 1513 0
493 4087 1
493 494 2
493 6739 1
494 4087 1
494 6739 1
5885 5885 0
2544 2546 1
4081 4081 0
4081 6739 0
6739 6739 0
6739 1022 0
6739 4095 0
934 934 0
2549 2549 2
1022 1022 0
4095 4095 0
