3073 3073 2
3073 1927 1
3073 5180 1
2059 2059 0
2059 8211 0
2059 20 0
2059 5469 0
2059 4185 1
2059 4300 0
2059 4314 0
2059 2270 1
2059 4339 0
2059 4681 0
2059 2718 0
2059 4795 0
2059 719 0
2059 729 0
2059 14814 0
2059 3363 0
2059 5432 0
2059 3469 0
2059 5523 0
2059 3801 0
2059 5885 0
2059 3844 0
2059 1885 1
2059 8064 0
2059 1927 0
2059 1943 0
8211 8211 0
8211 1620 0
8211 4185 1
8211 2718 0
8211 3801 0
8211 3844 0
8211 2338 0
8211 301 1
8211 5469 0
8211 19427 0
20 20 0
20 4185 1
20 4300 0
20 4314 0
20 2270 1
20 4339 0
20 2338 0
20 474 0
20 3844 0
20 561 0
20 2718 0
20 719 0
20 729 0
20 5432 0
20 5469 0
20 1620 0
20 3801 0
20 5885 0
20 5981 0
20 1927 0
539 539 0
539 3494 1
539 1065 1
29 29 0
29 31 0
29 5712 0
29 6739 0
29 669 0
29 5412 0
29 5413 0
29 5414 0
29 19760 0
29 18759 0
29 1361 1
29 6042 0
29 493 1
29 494 1
31 18759 0
31 19760 0
31 5712 0
31 1361 1
31 1620 0
31 5412 0
31 5413 0
31 5414 0
31 493 1
31 494 1
1062 1408 1
1062 5440 1
1062 523 1
1062 1943 1
1062 5764 1
1062 4509 1
1062 3363 1
1062 1062 2
1062 687 1
1062 561 1
1062 2999 1
1062 3535 1
1062 1874 1
1062 1365 1
1062 4182 1
1062 4314 1
1062 5981 1
1062 481 1
1062 7890 1
1062 5752 1
1062 4181 1
1065 1408 1
1065 5440 1
1065 5764 1
1065 4182 1
1065 523 1
1065 1943 1
1065 4509 1
1065 3363 1
1065 1065 2
1065 5432 1
1065 5752 1
1065 3534 1
1065 1874 1
1065 1365 1
1065 4314 1
1065 7890 1
1065 4859 1
1065 4181 1
5469 4185 1
5469 4300 0
5469 4314 0
5469 2270 1
5469 4339 0
5469 301 1
5469 5523 0
5469 2115 0
5469 1927 0
5469 4681 0
5469 2338 0
5469 2718 0
5469 4795 0
5469 719 0
5469 729 0
5469 5981 0
5469 5180 0
5469 5432 0
5469 5469 0
5469 5525 0
5469 5526 0
5469 3544 0
5469 1587 0
5469 1620 0
5469 3672 0
5469 5885 0
5469 3844 0
5469 1943 0
561 4300 0
561 301 1
561 481 0
561 561 0
561 2718 0
561 4859 0
561 3355 0
561 5432 0
561 1365 0
561 5523 0
561 5525 0
561 3671 1
561 3801 0
561 5981 0
561 1927 0
1587 3653 1
1587 3671 1
15412 19331 0
15412 2715 0
15412 15004 0
15412 6045 0
15412 4256 0
15412 3671 1
15412 3676 1
15412 3820 0
15412 3822 0
15412 3823 0
15412 3825 0
15412 3826 0
15412 3829 0
15412 18796 0
4664 4664 0
4664 5180 0
4664 4681 0
4664 4185 1
4664 669 0
4664 2718 0
4664 4300 0
4664 719 0
4664 9145 0
4664 729 0
4664 3844 0
4664 301 1
4664 1361 1
4664 5981 0
4664 493 1
5180 5981 0
5180 5180 0
5180 1108 0
5180 672 0
5180 19427 0
5180 3469 0
5180 5885 0
5180 3070 1
2115 2115 0
2115 3654 1
2115 4681 0
2115 5712 0
2115 6739 0
2115 1620 0
2115 5885 0
2115 9828 0
2115 2715 0
2115 2718 0
2115 4256 0
2115 729 0
2115 2338 0
2115 5412 0
2115 301 1
2115 3267 0
2115 1943 0
2115 18332 0
2115 12956 0
3653 20101 1
3653 18696 1
3653 1290 1
3653 3469 1
3653 20238 1
3653 6040 1
3653 3352 1
3653 6041 1
3653 6042 1
3653 2715 1
3653 6045 1
3653 2338 1
3653 6043 1
3653 5412 1
3653 5413 1
3653 5414 1
3653 8871 1
3653 21193 1
3653 5564 1
3653 3267 1
3653 3654 2
3653 3655 2
3653 4681 1
3653 3659 2
3653 1108 1
3653 7504 1
3653 18796 1
3653 3825 1
3654 3840 1
3654 20101 1
3654 18696 1
3654 18796 1
3654 1290 1
3654 1943 1
3654 6040 1
3654 6041 1
3654 6042 1
3654 2715 1
3654 12956 1
3654 6045 1
3654 4256 1
3654 5412 1
3654 5414 1
3654 3805 1
3654 5564 1
3654 11202 1
3654 3267 1
3654 3655 2
3654 3659 2
3654 7504 1
3654 1108 1
3654 1109 1
3654 3671 2
3654 9828 1
3654 5413 1
3654 8676 1
3654 8871 1
3654 6043 1
3654 21286 1
3654 3830 1
3654 1620 1
3654 5885 1
3655 20101 1
3655 18696 1
3655 1290 1
3655 6040 1
3655 6041 1
3655 6042 1
3655 6043 1
3655 6045 1
3655 2715 1
3655 5412 1
3655 5413 1
3655 5414 1
3655 8871 1
3655 5564 1
3655 11202 1
3655 3267 1
3655 3659 2
3655 3148 1
3655 7504 1
3655 1108 1
3655 18796 1
3655 8945 1
4681 4681 0
4681 1620 0
4681 4185 1
4681 2718 0
4681 4300 0
4681 729 0
4681 4314 0
4681 4339 0
4681 4859 0
4681 3801 0
4681 2338 0
4681 1927 0
4681 5523 0
3659 3840 1
3659 3841 1
3659 19331 1
3659 12933 1
3659 18696 1
3659 1290 1
3659 6040 1
3659 6043 1
3659 16159 1
3659 3805 1
3659 3813 1
3659 3812 1
3659 3807 1
3659 5564 1
3659 3808 1
3659 10315 1
3659 3809 1
3659 3148 1
3659 7504 1
3659 3811 1
3659 1108 1
3659 1109 1
3659 1750 1
3659 3671 2
3659 3672 1
3659 3675 1
3659 3676 2
3659 3677 2
3659 3806 1
3659 3815 1
3659 3816 1
3659 3817 1
3659 3818 1
3659 3819 1
3659 3820 1
3659 3821 1
3659 3822 1
3659 3823 1
3659 3824 1
3659 3825 1
3659 3826 1
3659 3827 1
3659 3828 1
3659 3829 1
3659 3830 1
3659 3831 1
3659 3833 1
3659 3834 1
3659 3835 1
3659 3836 1
3659 3837 1
3659 3839 1
3148 6041 0
3148 669 0
3148 4256 0
3148 4795 0
3148 3148 0
3148 5885 0
5712 5712 0
5712 4185 1
5712 9828 0
5712 5232 1
5712 18759 0
5712 5412 0
5712 5413 0
5712 5414 0
5712 19760 0
5712 5523 0
5712 4499 0
5712 1943 0
5712 9145 0
6739 4256 0
6739 4300 0
6739 2338 0
6739 493 1
6739 494 1
6739 6739 0
6739 669 0
6739 2718 0
6739 672 0
6739 7890 0
6739 3808 0
6739 3809 0
6739 3830 0
6739 3831 0
6739 3833 0
6739 5981 0
6739 1927 0
1108 20101 0
1108 18696 0
1108 18796 0
1108 1290 0
1108 6040 0
1108 21286 0
1108 6041 0
1108 6042 0
1108 6045 0
1108 4256 0
1108 6043 0
1108 5412 0
1108 5414 0
1108 8871 0
1108 7504 0
1108 1361 1
1108 3806 0
1108 5413 0
1108 3816 0
1108 5564 0
1108 3824 0
1108 3835 0
1109 20101 0
1109 18696 0
1109 6041 0
1109 6040 0
1109 6042 0
1109 6043 0
1109 5412 0
1109 5413 0
1109 5414 0
1109 8871 0
1109 301 1
1109 6045 0
1109 5564 0
1109 11202 0
1109 7504 0
1109 1290 0
1109 5981 0
1109 19331 0
1109 3816 0
1109 18796 0
1109 21286 0
4182 5764 0
4182 5432 0
4182 5440 0
4182 4182 0
4182 4185 1
3671 3840 1
3671 3841 1
3671 19331 1
3671 12933 1
3671 18796 1
3671 1290 1
3671 3469 1
3671 20101 1
3671 10315 1
3671 6040 1
3671 6041 1
3671 6042 1
3671 3355 1
3671 12956 1
3671 6045 1
3671 16159 1
3671 6043 1
3671 8871 1
3671 15004 1
3671 3677 2
3671 21193 1
3671 9145 1
3671 3267 1
3671 3809 1
3671 5885 1
3671 1750 1
3671 3671 2
3671 3672 1
3671 9828 1
3671 3675 1
3671 3805 1
3671 3806 1
3671 3807 1
3671 3808 1
3671 481 1
3671 3811 1
3671 3812 1
3671 3813 1
3671 3815 1
3671 3816 1
3671 3817 1
3671 3818 1
3671 3819 1
3671 3820 1
3671 3821 1
3671 3822 1
3671 3823 1
3671 3824 1
3671 3825 1
3671 3826 1
3671 3827 1
3671 3828 1
3671 3829 1
3671 3830 1
3671 3831 1
3671 3833 1
3671 3834 1
3671 3835 1
3671 3836 1
3671 3837 1
3671 3839 1
3672 3840 0
3672 3841 0
3672 19331 0
3672 12933 0
3672 18796 0
3672 1290 0
3672 20101 0
3672 8871 0
3672 6040 0
3672 6041 0
3672 6042 0
3672 6043 0
3672 12956 0
3672 6045 0
3672 16159 0
3672 15004 0
3672 3677 1
3672 10315 0
3672 1750 0
3672 8676 0
3672 3675 0
3672 3805 0
3672 3806 0
3672 3807 0
3672 3808 0
3672 3809 0
3672 3811 0
3672 3812 0
3672 3813 0
3672 3815 0
3672 3816 0
3672 3817 0
3672 3818 0
3672 3819 0
3672 3820 0
3672 3821 0
3672 3822 0
3672 3823 0
3672 3824 0
3672 3825 0
3672 3826 0
3672 3827 0
3672 3828 0
3672 3829 0
3672 3830 0
3672 3831 0
3672 3833 0
3672 3834 0
3672 3835 0
3672 3836 0
3672 3837 0
3672 3839 0
4185 1620 1
4185 4185 2
4185 2718 1
4185 4795 1
4185 4300 1
4185 719 1
4185 3801 1
4185 1758 1
4185 4339 1
4185 3844 1
4185 729 1
4185 2338 1
4185 5523 1
4185 5525 1
4185 5526 1
4185 474 1
4185 14814 1
3675 3840 0
3675 3841 0
3675 19331 0
3675 12933 0
3675 18796 0
3675 1290 0
3675 20101 0
3675 6040 0
3675 6041 0
3675 6042 0
3675 6043 0
3675 15004 0
3675 6045 0
3675 16159 0
3675 8871 0
3675 3677 1
3675 10315 0
3675 1750 0
3675 3805 0
3675 3806 0
3675 3807 0
3675 3808 0
3675 3809 0
3675 3811 0
3675 3812 0
3675 3813 0
3675 3815 0
3675 3816 0
3675 3817 0
3675 3818 0
3675 3819 0
3675 3820 0
3675 3821 0
3675 3822 0
3675 3823 0
3675 3824 0
3675 3825 0
3675 3826 0
3675 3827 0
3675 3828 0
3675 3829 0
3675 3830 0
3675 3831 0
3675 3833 0
3675 3834 0
3675 3835 0
3675 3836 0
3675 3837 0
3675 3839 0
3676 3840 1
3676 19331 1
3676 20101 1
3676 1290 1
3676 20238 1
3676 6040 1
3676 6041 1
3676 6042 1
3676 6043 1
3676 6045 1
3676 16159 1
3676 5432 1
3676 3267 1
3676 1750 1
3676 8676 1
3676 3813 1
3676 3815 1
3676 8871 1
3676 18796 1
3676 3833 1
3676 3834 1
3676 3835 1
3676 3836 1
3677 3840 1
3677 3841 1
3677 19331 1
3677 12933 1
3677 18796 1
3677 1290 1
3677 20101 1
3677 6040 1
3677 6041 1
3677 6042 1
3677 6043 1
3677 15004 1
3677 6045 1
3677 16159 1
3677 8871 1
3677 19760 1
3677 10315 1
3677 1750 1
3677 8676 1
3677 3805 1
3677 3806 1
3677 3807 1
3677 3808 1
3677 3809 1
3677 3811 1
3677 3812 1
3677 3813 1
3677 3815 1
3677 3816 1
3677 3817 1
3677 3818 1
3677 3819 1
3677 3820 1
3677 3821 1
3677 3822 1
3677 3823 1
3677 3824 1
3677 3825 1
3677 3826 1
3677 3827 1
3677 3828 1
3677 3829 1
3677 3830 1
3677 3831 1
3677 3833 1
3677 3834 1
3677 3835 1
3677 3836 1
3677 3837 1
3677 3839 1
9828 9828 0
9828 12933 0
9828 12956 0
9828 21193 0
9828 3805 0
9828 3807 0
9828 3813 0
9828 3818 0
9828 3822 0
9828 3825 0
9828 3829 0
9828 3830 0
9828 3831 0
9828 3833 0
9828 4859 0
9828 3836 0
9828 5885 0
9828 3839 0
9828 3352 0
9828 3355 0
9828 19760 0
9828 15004 0
5232 4499 1
5232 18332 1
5232 2270 2
1650 5764 1
1650 19427 1
1650 1650 2
5752 1943 0
5764 5440 0
5764 1943 0
5764 3535 0
5764 1365 0
5764 3312 1
12933 10315 0
12933 20101 0
12933 2715 0
12933 12956 0
12933 8871 0
12933 3267 0
12933 1750 0
12933 3805 0
12933 3806 0
12933 3807 0
12933 3808 0
12933 3809 0
12933 3811 0
12933 3812 0
12933 3813 0
12933 3815 0
12933 3816 0
12933 3817 0
12933 3818 0
12933 3819 0
12933 3820 0
12933 3821 0
12933 3822 0
12933 3823 0
12933 3824 0
12933 3825 0
12933 3826 0
12933 3828 0
12933 3829 0
12933 3830 0
12933 3831 0
12933 3833 0
12933 3834 0
12933 3835 0
12933 3836 0
12933 3837 0
12933 3839 0
12933 3840 0
12933 3841 0
12933 1290 0
12933 16159 0
12933 19760 0
12933 5981 0
12933 18796 0
12933 19331 0
12933 5523 0
12933 6040 0
12933 6041 0
12933 6042 0
12933 6043 0
12933 6045 0
12933 15004 0
12933 3827 0
12933 11202 0
12933 8676 0
147 3534 1
147 3535 1
147 3544 1
2715 523 0
2715 2715 0
2715 3811 0
2715 5885 0
2715 301 1
2715 5432 0
2715 4087 0
12956 15004 0
12956 16159 0
12956 19760 0
12956 10315 0
12956 3805 0
12956 3811 0
12956 3813 0
12956 3815 0
12956 3823 0
12956 3830 0
12956 3833 0
12956 3836 0
12956 5885 0
669 301 1
669 669 0
669 2718 0
669 4795 0
669 729 0
669 4859 0
669 3070 1
669 5432 0
669 1620 0
669 5885 0
669 5981 0
669 1927 0
2718 4256 0
2718 2338 0
2718 301 1
2718 5523 0
2718 2718 0
2718 4795 0
2718 719 0
2718 4859 0
2718 5412 0
2718 5432 0
2718 1943 0
2718 3535 0
2718 1620 0
2718 7890 0
2718 5878 0
2718 8064 0
2718 1927 0
2718 6042 0
2718 18332 0
4256 18796 0
4256 4795 0
4256 4859 0
4256 1290 0
4256 3821 0
4256 3831 0
4256 3833 0
4256 3839 0
4256 301 1
4256 5981 0
4256 1943 0
4256 6042 0
4256 18332 0
8871 3840 0
8871 3841 0
8871 19331 0
8871 18696 0
8871 18796 0
8871 1290 0
8871 16159 0
8871 3805 0
8871 3813 0
8871 3812 0
8871 3807 0
8871 5564 0
8871 3808 0
8871 10315 0
8871 3809 0
8871 7504 0
8871 3811 0
8871 1750 0
8871 3806 0
8871 3815 0
8871 3816 0
8871 3817 0
8871 3818 0
8871 3819 0
8871 3820 0
8871 3821 0
8871 3822 0
8871 3823 0
8871 3824 0
8871 3825 0
8871 3826 0
8871 3827 0
8871 3828 0
8871 3829 0
8871 3830 0
8871 3831 0
8871 3833 0
8871 3834 0
8871 3835 0
8871 3836 0
8871 3837 0
8871 3839 0
687 704 0
687 2270 1
687 3824 0
687 729 0
687 5523 0
687 1943 0
4795 1620 0
4795 4795 0
4795 4339 0
4795 3844 0
4795 301 1
4795 474 0
704 3844 0
704 301 1
704 5432 0
704 704 0
704 2270 1
3267 1927 0
3267 3827 0
21193 19760 0
21193 21193 0
21193 719 0
4300 5981 0
4300 1620 0
4300 4300 0
4300 4339 0
4300 729 0
4300 2338 0
4300 1885 1
4300 1927 0
4300 3801 0
4300 5523 0
719 1620 0
719 719 0
719 4339 0
719 5885 0
719 8064 0
719 301 1
719 1927 0
719 3544 0
7890 15430 0
7890 7890 0
7890 4859 0
7890 5981 0
7890 1620 0
1750 3840 0
1750 3841 0
1750 19331 0
1750 1290 0
1750 20101 0
1750 6040 0
1750 6041 0
1750 6042 0
1750 6043 0
1750 3831 0
1750 16159 0
1750 6045 0
1750 18796 0
1750 10315 0
1750 3805 0
1750 3806 0
1750 3807 0
1750 3808 0
1750 3809 0
1750 3811 0
1750 3812 0
1750 3813 0
1750 3815 0
1750 3816 0
1750 3818 0
1750 3819 0
1750 3820 0
1750 3821 0
1750 3822 0
1750 3823 0
1750 3824 0
1750 3825 0
1750 3826 0
1750 3827 0
1750 3828 0
1750 3829 0
1750 3830 0
1750 3817 0
1750 3833 0
1750 3834 0
1750 3835 0
1750 3836 0
1750 3837 0
1750 3839 0
729 1620 0
729 729 0
729 4339 0
729 3801 0
729 2338 0
729 1885 1
729 5525 0
729 5526 0
729 5981 0
729 2999 0
729 474 0
729 5523 0
729 5885 0
4314 1943 0
4314 4314 0
3805 3840 0
3805 3841 0
3805 19331 0
3805 18796 0
3805 1290 0
3805 20101 0
3805 6040 0
3805 6041 0
3805 6042 0
3805 6043 0
3805 6045 0
3805 16159 0
3805 15004 0
3805 10315 0
3805 5885 0
3805 3811 0
3805 3806 0
3805 3807 0
3805 3808 0
3805 3809 0
3805 3812 0
3805 3813 0
3805 3815 0
3805 3816 0
3805 3817 0
3805 3818 0
3805 3819 0
3805 3820 0
3805 3821 0
3805 3822 0
3805 3823 0
3805 3824 0
3805 3825 0
3805 3826 0
3805 3827 0
3805 3828 0
3805 3829 0
3805 3830 0
3805 3831 0
3805 3833 0
3805 3834 0
3805 3835 0
3805 3836 0
3805 3837 0
3805 3839 0
1758 8064 0
1758 2338 0
1758 1758 0
1758 15430 0
1758 5981 0
1758 3312 1
3807 3840 0
3807 3841 0
3807 19331 0
3807 18796 0
3807 1290 0
3807 20101 0
3807 3822 0
3807 6040 0
3807 6041 0
3807 6042 0
3807 6043 0
3807 15004 0
3807 6045 0
3807 16159 0
3807 10315 0
3807 3806 0
3807 3808 0
3807 3809 0
3807 3811 0
3807 3812 0
3807 3813 0
3807 3815 0
3807 3816 0
3807 3817 0
3807 3818 0
3807 3819 0
3807 3820 0
3807 3821 0
3807 3823 0
3807 3824 0
3807 3825 0
3807 3826 0
3807 3827 0
3807 3828 0
3807 3829 0
3807 3830 0
3807 3831 0
3807 3833 0
3807 3834 0
3807 3835 0
3807 3836 0
3807 3837 0
3807 3839 0
3808 20101 0
3808 15004 0
3808 16159 0
3808 3806 0
3808 3809 0
3808 3811 0
3808 3812 0
3808 3813 0
3808 3815 0
3808 3816 0
3808 3817 0
3808 3818 0
3808 3819 0
3808 3820 0
3808 3821 0
3808 3822 0
3808 3823 0
3808 3824 0
3808 3826 0
3808 3827 0
3808 3828 0
3808 3829 0
3808 3830 0
3808 3831 0
3808 3833 0
3808 3834 0
3808 3835 0
3808 3836 0
3808 3837 0
3808 3839 0
3808 3840 0
3808 3841 0
3808 1290 0
3808 18796 0
3808 19331 0
3808 6040 0
3808 6041 0
3808 6042 0
3808 6043 0
3808 6045 0
3808 3825 0
3808 9145 0
3808 10315 0
3809 3840 0
3809 3841 0
3809 18796 0
3809 1290 0
3809 19331 0
3809 1943 0
3809 6040 0
3809 6041 0
3809 6042 0
3809 6043 0
3809 15004 0
3809 6045 0
3809 16159 0
3809 10315 0
3809 20101 0
3809 3806 0
3809 3813 0
3809 3811 0
3809 3812 0
3809 3815 0
3809 3816 0
3809 3817 0
3809 3818 0
3809 3819 0
3809 3820 0
3809 3821 0
3809 3822 0
3809 3823 0
3809 3824 0
3809 3825 0
3809 3826 0
3809 3827 0
3809 3828 0
3809 3829 0
3809 3830 0
3809 3831 0
3809 3833 0
3809 3834 0
3809 3835 0
3809 3836 0
3809 3837 0
3809 3839 0
3811 3840 0
3811 3841 0
3811 19331 0
3811 18796 0
3811 1290 0
3811 20101 0
3811 6040 0
3811 6041 0
3811 6042 0
3811 6045 0
3811 16159 0
3811 6043 0
3811 15004 0
3811 10315 0
3811 3806 0
3811 3812 0
3811 3813 0
3811 3815 0
3811 3816 0
3811 3817 0
3811 3818 0
3811 3819 0
3811 3820 0
3811 3821 0
3811 3822 0
3811 3823 0
3811 3824 0
3811 3825 0
3811 3826 0
3811 3827 0
3811 3828 0
3811 3829 0
3811 3830 0
3811 3831 0
3811 3833 0
3811 3834 0
3811 3835 0
3811 3836 0
3811 3837 0
3811 3839 0
3812 20101 0
3812 3820 0
3812 15004 0
3812 3806 0
3812 3813 0
3812 3815 0
3812 3816 0
3812 3817 0
3812 3818 0
3812 3819 0
3812 3821 0
3812 3822 0
3812 3823 0
3812 3824 0
3812 3825 0
3812 3826 0
3812 3828 0
3812 3829 0
3812 3831 0
3812 3833 0
3812 3834 0
3812 3835 0
3812 3836 0
3812 3837 0
3812 3839 0
3812 3840 0
3812 3841 0
3812 1290 0
3812 19331 0
3812 16159 0
3812 3830 0
3812 18796 0
3812 6040 0
3812 6041 0
3812 6042 0
3812 6043 0
3812 6045 0
3812 3827 0
3812 10315 0
3813 3840 0
3813 3841 0
3813 19331 0
3813 1290 0
3813 6040 0
3813 6041 0
3813 6042 0
3813 6043 0
3813 6045 0
3813 19760 0
3813 18796 0
3813 15004 0
3813 16159 0
3813 20101 0
3813 10315 0
3813 3806 0
3813 3815 0
3813 3816 0
3813 3817 0
3813 3818 0
3813 3819 0
3813 3820 0
3813 3821 0
3813 3822 0
3813 3823 0
3813 3824 0
3813 3825 0
3813 3826 0
3813 3827 0
3813 3828 0
3813 3829 0
3813 3830 0
3813 3831 0
3813 3833 0
3813 3834 0
3813 3835 0
3813 3836 0
3813 3837 0
3813 3839 0
3815 20101 0
3815 10315 0
3815 1620 0
3815 3806 0
3815 3816 0
3815 3817 0
3815 3818 0
3815 3819 0
3815 3820 0
3815 3821 0
3815 3822 0
3815 3823 0
3815 3824 0
3815 3825 0
3815 3826 0
3815 3828 0
3815 3829 0
3815 3830 0
3815 3831 0
3815 3833 0
3815 3834 0
3815 3835 0
3815 3836 0
3815 3837 0
3815 3839 0
3815 3840 0
3815 3841 0
3815 1290 0
3815 16159 0
3815 18796 0
3815 19331 0
3815 6040 0
3815 1943 0
3815 6041 0
3815 6042 0
3815 6043 0
3815 18332 0
3815 6045 0
3815 15004 0
3815 3827 0
3815 11202 0
3816 20101 0
3816 10315 0
3816 15004 0
3816 3806 0
3816 3817 0
3816 3818 0
3816 3819 0
3816 3820 0
3816 3821 0
3816 3822 0
3816 3823 0
3816 3824 0
3816 3825 0
3816 3826 0
3816 3827 0
3816 3828 0
3816 3829 0
3816 3830 0
3816 3831 0
3816 3833 0
3816 3834 0
3816 3835 0
3816 3836 0
3816 3839 0
3816 3840 0
3816 3841 0
3816 1290 0
3816 16159 0
3816 18796 0
3816 19331 0
3816 6040 0
3816 6041 0
3816 6043 0
3816 6042 0
3816 6045 0
3816 3837 0
3817 20101 0
3817 15430 0
3817 10315 0
3817 15004 0
3817 3806 0
3817 3818 0
3817 3819 0
3817 3820 0
3817 3821 0
3817 3822 0
3817 3823 0
3817 3824 0
3817 3825 0
3817 3826 0
3817 3827 0
3817 3828 0
3817 3829 0
3817 3830 0
3817 3831 0
3817 3833 0
3817 3834 0
3817 3835 0
3817 3836 0
3817 3837 0
3817 3839 0
3817 3840 0
3817 3841 0
3817 1290 0
3817 16159 0
3817 18796 0
3817 19331 0
3817 6040 0
3817 6041 0
3817 6042 0
3817 6043 0
3817 6045 0
3818 3840 0
3818 3841 0
3818 19331 0
3818 18796 0
3818 1290 0
3818 20101 0
3818 6040 0
3818 6041 0
3818 6042 0
3818 6043 0
3818 15004 0
3818 6045 0
3818 16159 0
3818 10315 0
3818 3806 0
3818 3819 0
3818 3820 0
3818 3821 0
3818 3822 0
3818 3823 0
3818 3824 0
3818 3825 0
3818 3826 0
3818 3827 0
3818 3828 0
3818 3829 0
3818 3830 0
3818 3831 0
3818 3833 0
3818 3834 0
3818 3835 0
3818 3836 0
3818 3837 0
3818 3839 0
3819 3840 0
3819 3841 0
3819 19331 0
3819 18796 0
3819 1290 0
3819 3469 0
3819 20101 0
3819 6040 0
3819 6041 0
3819 6042 0
3819 15004 0
3819 6045 0
3819 16159 0
3819 6043 0
3819 10315 0
3819 3806 0
3819 3820 0
3819 3821 0
3819 3822 0
3819 3823 0
3819 3824 0
3819 3825 0
3819 3826 0
3819 3827 0
3819 3828 0
3819 3829 0
3819 3830 0
3819 3831 0
3819 3833 0
3819 3834 0
3819 3835 0
3819 3836 0
3819 3837 0
3819 3839 0
3820 3840 0
3820 3841 0
3820 19331 0
3820 1290 0
3820 20101 0
3820 6040 0
3820 6041 0
3820 6042 0
3820 6043 0
3820 15004 0
3820 6045 0
3820 16159 0
3820 10315 0
3820 3806 0
3820 18796 0
3820 3821 0
3820 3822 0
3820 3823 0
3820 3824 0
3820 3825 0
3820 3826 0
3820 3827 0
3820 3828 0
3820 3829 0
3820 3830 0
3820 3831 0
3820 3833 0
3820 3834 0
3820 3835 0
3820 3836 0
3820 3837 0
3820 3839 0
3821 3840 0
3821 3841 0
3821 1290 0
3821 18796 0
3821 20101 0
3821 19331 0
3821 6040 0
3821 6041 0
3821 6042 0
3821 6043 0
3821 15004 0
3821 16159 0
3821 6045 0
3821 3827 0
3821 10315 0
3821 3806 0
3821 3822 0
3821 3823 0
3821 3824 0
3821 3825 0
3821 3826 0
3821 3828 0
3821 3829 0
3821 3830 0
3821 3831 0
3821 3833 0
3821 3834 0
3821 3835 0
3821 3836 0
3821 3837 0
3821 3839 0
3822 3840 0
3822 3841 0
3822 19331 0
3822 18796 0
3822 1290 0
3822 20101 0
3822 10315 0
3822 6040 0
3822 6041 0
3822 6042 0
3822 6043 0
3822 15004 0
3822 16159 0
3822 6045 0
3822 3827 0
3822 3806 0
3822 3823 0
3822 3824 0
3822 3825 0
3822 3826 0
3822 3828 0
3822 3829 0
3822 3830 0
3822 3831 0
3822 3833 0
3822 3834 0
3822 3835 0
3822 3836 0
3822 3837 0
3822 3839 0
3823 3840 0
3823 3841 0
3823 19331 0
3823 18796 0
3823 1290 0
3823 6040 0
3823 6041 0
3823 6042 0
3823 6043 0
3823 6045 0
3823 15004 0
3823 3827 0
3823 16159 0
3823 10315 0
3823 20101 0
3823 8676 0
3823 3806 0
3823 3824 0
3823 3825 0
3823 3826 0
3823 3828 0
3823 3829 0
3823 3830 0
3823 3831 0
3823 3833 0
3823 3834 0
3823 3835 0
3823 3836 0
3823 3837 0
3823 3839 0
3824 3840 0
3824 3841 0
3824 1290 0
3824 10315 0
3824 19331 0
3824 6040 0
3824 6041 0
3824 6042 0
3824 6043 0
3824 15004 0
3824 3831 0
3824 16159 0
3824 6045 0
3824 20101 0
3824 3806 0
3824 18796 0
3824 3825 0
3824 3826 0
3824 3828 0
3824 3829 0
3824 3830 0
3824 3827 0
3824 3833 0
3824 3834 0
3824 3835 0
3824 3836 0
3824 3837 0
3824 3839 0
3825 20101 0
3825 10315 0
3825 15004 0
3825 3806 0
3825 3826 0
3825 3827 0
3825 3828 0
3825 3829 0
3825 3831 0
3825 3833 0
3825 3834 0
3825 3835 0
3825 3836 0
3825 3837 0
3825 3839 0
3825 3840 0
3825 3841 0
3825 1290 0
3825 16159 0
3825 3830 0
3825 18796 0
3825 19331 0
3825 6040 0
3825 6041 0
3825 6042 0
3825 6043 0
3825 6045 0
3826 20101 0
3826 10315 0
3826 15004 0
3826 3806 0
3826 3827 0
3826 3828 0
3826 3829 0
3826 3830 0
3826 3831 0
3826 3834 0
3826 3835 0
3826 3836 0
3826 3837 0
3826 3839 0
3826 3840 0
3826 3841 0
3826 1290 0
3826 16159 0
3826 18796 0
3826 19331 0
3826 6040 0
3826 6041 0
3826 6042 0
3826 6043 0
3826 6045 0
3826 11202 0
3826 3833 0
4339 1620 0
4339 4181 0
4339 2338 0
4339 3801 0
4339 1885 1
4339 1927 0
4339 5981 0
3828 3840 0
3828 3841 0
3828 19331 0
3828 18796 0
3828 1290 0
3828 20101 0
3828 6040 0
3828 6041 0
3828 6042 0
3828 6043 0
3828 15004 0
3828 6045 0
3828 16159 0
3828 10315 0
3828 3806 0
3828 3827 0
3828 3829 0
3828 3830 0
3828 3831 0
3828 3833 0
3828 3834 0
3828 3835 0
3828 3836 0
3828 3837 0
3828 3839 0
3829 3840 0
3829 3841 0
3829 19331 0
3829 18796 0
3829 1290 0
3829 20101 0
3829 6040 0
3829 6041 0
3829 6042 0
3829 6043 0
3829 15004 0
3829 6045 0
3829 16159 0
3829 10315 0
3829 3806 0
3829 3827 0
3829 3830 0
3829 3831 0
3829 3833 0
3829 3834 0
3829 3835 0
3829 3836 0
3829 3837 0
3829 3839 0
5878 1325 1
5878 301 1
5878 5878 0
5878 5885 0
3831 20101 0
3831 10315 0
3831 15004 0
3831 16159 0
3831 3806 0
3831 3830 0
3831 3827 0
3831 3833 0
3831 3834 0
3831 3835 0
3831 3836 0
3831 3837 0
3831 3839 0
3831 3840 0
3831 3841 0
3831 1290 0
3831 19760 0
3831 18796 0
3831 19331 0
3831 6040 0
3831 6041 0
3831 6042 0
3831 6043 0
3831 18332 0
3831 6045 0
3833 20101 0
3833 1620 0
3833 18796 0
3833 3806 0
3833 3827 0
3833 3830 0
3833 3834 0
3833 3835 0
3833 3836 0
3833 3837 0
3833 3839 0
3833 3840 0
3833 3841 0
3833 1290 0
3833 16159 0
3833 19760 0
3833 5981 0
3833 19331 0
3833 1943 0
3833 6040 0
3833 6041 0
3833 6042 0
3833 6043 0
3833 6045 0
3833 15004 0
3833 9145 0
3833 11202 0
3833 10315 0
3834 20101 0
3834 10315 0
3834 18796 0
3834 15004 0
3834 3806 0
3834 3835 0
3834 3836 0
3834 3837 0
3834 3839 0
3834 3840 0
3834 3841 0
3834 1290 0
3834 19331 0
3834 16159 0
3834 7504 0
3834 6040 0
3834 6041 0
3834 6042 0
3834 6043 0
3834 6045 0
3834 3827 0
3834 3830 0
3835 20101 0
3835 10315 0
3835 15004 0
3835 3806 0
3835 3827 0
3835 3830 0
3835 3836 0
3835 3837 0
3835 3839 0
3835 3840 0
3835 3841 0
3835 1290 0
3835 6045 0
3835 18796 0
3835 19331 0
3835 6040 0
3835 6041 0
3835 6042 0
3835 6043 0
3835 16159 0
3836 3840 0
3836 3841 0
3836 19331 0
3836 18796 0
3836 1290 0
3836 10315 0
3836 6040 0
3836 6041 0
3836 6042 0
3836 6043 0
3836 6045 0
3836 16159 0
3836 19760 0
3836 15004 0
3836 11202 0
3836 20101 0
3836 3806 0
3836 3827 0
3836 3830 0
3836 3837 0
3836 3839 0
3837 3840 0
3837 3841 0
3837 19331 0
3837 1290 0
3837 18796 0
3837 6040 0
3837 6041 0
3837 6042 0
3837 15004 0
3837 16159 0
3837 6043 0
3837 3827 0
3837 10315 0
3837 20101 0
3837 6045 0
3837 3839 0
3837 3806 0
3837 3830 0
3839 20101 0
3839 10315 0
3839 15004 0
3839 3806 0
3839 3827 0
3839 3830 0
3839 3840 0
3839 3841 0
3839 1290 0
3839 16159 0
3839 18796 0
3839 19331 0
3839 6040 0
3839 6041 0
3839 6042 0
3839 6043 0
3839 6045 0
3840 10315 0
3840 15004 0
3840 16159 0
3840 3806 0
3840 3827 0
3840 3830 0
3840 3841 0
3840 1290 0
3840 20101 0
3840 18796 0
3840 19331 0
3840 1943 0
3840 6040 0
3840 6041 0
3840 6042 0
3840 6043 0
3840 6045 0
3841 19331 0
3841 18796 0
3841 1290 0
3841 20101 0
3841 6040 0
3841 6041 0
3841 6042 0
3841 6043 0
3841 15004 0
3841 16159 0
3841 10315 0
3841 6045 0
3841 3806 0
3841 3827 0
3841 3830 0
3844 1620 0
3844 3844 0
3844 3352 0
3844 1885 1
3844 5981 0
18696 20101 0
18696 1290 0
18696 6040 0
18696 6041 0
18696 6042 0
18696 6043 0
18696 6045 0
18696 5564 0
18696 7504 0
18696 18796 0
1290 3806 0
1290 3827 0
1290 3830 0
1290 1290 0
1290 19331 0
1290 16159 0
1290 6045 0
1290 7504 0
1290 18796 0
1290 6040 0
1290 6041 0
1290 6042 0
1290 6043 0
1290 18332 0
1290 5564 0
1290 11202 0
1290 10315 0
1290 20101 0
20238 2338 0
20238 20238 0
20238 11202 0
20238 5981 0
301 1620 1
301 672 1
301 21286 1
301 4859 1
301 3352 1
301 3355 1
301 301 2
301 5432 1
301 5523 1
301 1927 1
301 5981 1
301 9145 1
301 474 1
3801 1620 0
3801 2270 1
3801 2338 0
3801 5432 0
3352 3352 0
3352 3355 0
3352 5981 0
3352 5523 0
3355 3534 0
3355 4859 0
3355 3355 0
3355 21286 0
3355 5432 0
3355 1943 0
20101 6040 0
20101 19331 0
20101 16159 0
20101 5564 0
20101 10315 0
20101 7504 0
20101 3806 0
20101 3827 0
20101 3830 0
2338 2270 1
2338 2338 0
2338 14814 0
2338 5981 0
2338 5432 0
2338 1620 0
2338 1885 1
2338 1927 0
2338 1943 0
3363 1943 0
5412 5412 0
5412 5413 0
5412 19760 0
5412 5432 0
5412 18759 0
5412 7504 0
5412 5981 0
5412 8064 0
5412 9145 0
5413 5413 0
5413 19760 0
5413 18759 0
5413 7504 0
21286 7504 0
1325 5432 1
1325 19427 1
19760 5414 0
19760 18759 0
19760 10315 0
19760 1361 1
19760 3806 0
4402 493 1
4402 494 1
3806 10315 0
3806 15004 0
3806 16159 0
3806 19331 0
3806 18796 0
3806 1943 0
3806 6040 0
3806 6041 0
3806 6042 0
3806 6043 0
3806 6045 0
3806 3827 0
3806 3830 0
5432 4181 0
5432 4859 0
5432 5432 0
5432 5523 0
5432 1620 0
5432 5981 0
5432 1943 0
5440 1943 0
5440 5440 0
5440 4181 0
18759 18759 0
18759 1361 1
18759 5414 0
18759 493 1
18759 494 1
7504 6040 0
7504 6041 0
7504 6042 0
7504 6043 0
7504 6045 0
7504 5414 0
7504 5564 0
7504 11202 0
7504 18796 0
1361 8064 1
1361 4499 1
1361 11195 1
1361 4087 1
1361 3031 1
1361 487 1
1361 488 1
1361 8945 1
1874 1885 1
1365 1927 0
1365 1943 0
1365 3535 0
1365 1620 0
5981 1620 0
5981 1943 0
5981 2999 0
5981 3830 0
5981 4859 0
5981 5885 0
5981 5981 0
5981 6041 0
5981 8064 0
18796 10315 0
18796 3827 0
18796 3830 0
18796 16159 0
18796 19331 0
18796 6040 0
18796 6041 0
18796 6042 0
18796 6043 0
18796 6045 0
18796 5564 0
5523 1620 0
5523 4859 0
5523 5885 0
5523 1885 1
5523 5523 0
5523 5526 0
5523 5525 0
8064 1620 0
8064 8064 0
8064 494 1
8064 11195 0
8064 493 1
19331 3469 0
19331 6040 0
19331 6041 0
19331 6042 0
19331 6043 0
19331 15004 0
19331 6045 0
19331 16159 0
19331 10315 0
19331 8676 0
19331 3827 0
19331 3830 0
1927 4859 0
1927 1943 0
3469 4859 0
3469 5885 0
4499 18332 0
5525 1885 1
5525 1620 0
5525 5525 0
5525 5526 0
5525 1943 0
5526 5526 0
5526 1620 0
5526 1885 1
1943 4181 0
1943 4509 0
1943 2999 0
1943 1620 0
1943 1943 0
6040 15004 0
6040 16159 0
6040 3827 0
6040 3830 0
6040 6041 0
6040 6042 0
6040 6043 0
6040 6045 0
6040 5564 0
6040 10315 0
6041 10315 0
6041 3830 0
6041 16159 0
6041 6042 0
6041 6045 0
6041 3827 0
6041 5564 0
6041 11202 0
6042 10315 0
6042 3827 0
6042 3830 0
6042 16159 0
6042 18332 0
6042 6045 0
6042 5564 0
6042 11202 0
6042 1620 0
6043 3827 0
6043 3830 0
6043 16159 0
6043 5564 0
6043 10315 0
18332 10315 0
18332 2270 1
18332 2999 0
18332 1408 0
18332 1620 0
18332 3830 0
16159 10315 0
16159 3827 0
16159 3830 0
16159 6045 0
16159 15004 0
15430 2516 1
15430 4087 0
15430 3070 1
15004 10315 0
15004 3827 0
15004 3830 0
6045 10315 0
6045 3827 0
6045 3830 0
6045 5564 0
6045 11202 0
3827 10315 0
3827 11202 0
3827 3830 0
2999 1620 0
2999 1885 1
9145 9145 0
9145 474 0
9145 5885 0
11195 493 1
11195 494 1
1885 3544 1
1885 1885 2
1885 14814 1
672 1620 0
672 672 0
672 4859 0
672 5885 0
672 3070 1
11202 3830 0
10315 10315 0
10315 3830 0
3830 1620 0
3535 3544 0
2516 2516 2
3031 493 1
3031 494 1
3031 3031 0
14814 1620 0
481 4859 0
481 481 0
4859 4859 0
487 493 1
487 494 1
488 488 0
488 493 1
488 494 1
493 4087 1
493 494 2
494 4087 1
5885 5885 0
1620 1620 0
4181 4181 0
