18945 18 0
18945 18979 0
18945 18065 0
18945 2606 0
18945 1591 0
18945 1620 0
18945 1653 0
18945 16562 0
18945 2594 0
18945 1900 0
18945 4872 0
18945 287 0
18945 3923 0
18945 4971 0
18945 1388 0
18945 4974 0
18945 4975 0
18945 2936 0
18945 1943 0
18945 2997 0
18945 7120 1
18945 7121 1
18945 8612 0
18945 3561 0
6147 6147 0
6147 6150 0
6147 18 0
6147 13301 0
6147 8467 0
6147 2594 0
6147 659 0
6147 2718 0
6147 729 0
6147 11038 0
6147 2997 0
6147 7119 1
6147 7120 1
6147 7121 1
6147 7122 1
6147 7123 0
6147 16562 0
6147 1177 0
6147 1221 0
6147 1223 0
6147 1224 0
6147 1382 0
6147 1388 0
6147 5529 0
6147 1620 0
6147 1629 0
6147 1630 1
6147 1653 0
6147 3782 0
6147 18134 0
6147 3986 0
6147 1943 0
6147 2382 0
6150 3682 1
6150 4760 0
6150 287 0
6150 4971 0
6150 7119 1
5130 7119 1
5130 7120 1
2575 2695 0
2575 20759 0
2575 5143 1
2575 1349 1
2575 457 1
2575 1626 0
2575 4069 0
2575 3050 0
18 4872 0
18 1388 0
18 18065 0
18 3986 0
18 6805 0
18 287 0
18 8881 0
18 2606 0
18 16562 0
18 13428 0
18 8507 0
18 1221 0
18 3782 0
18 8612 0
18 7120 1
18 7121 1
18 3923 0
18 1382 0
18 1900 0
18 1943 0
18 13301 0
18 3574 0
18 2936 0
5143 2695 1
5143 25 1
5143 45 1
5143 1626 1
5143 1653 1
25 2695 0
25 1572 0
25 45 0
25 457 1
25 1626 0
1563 7119 1
1563 7120 1
1563 7121 1
1563 7122 1
1563 1630 1
13342 3986 0
13342 287 0
13342 5309 1
13342 1349 1
13342 2382 0
13342 1653 0
2594 2115 0
2594 8467 0
2594 287 0
2594 2338 0
2594 8507 0
2594 6484 0
2594 8612 0
2594 427 0
2594 2594 0
2594 2606 0
2594 6739 0
2594 6741 0
2594 18979 0
2594 12927 0
2594 4760 0
2594 2718 0
2594 8881 0
2594 19135 0
2594 4971 0
2594 4974 0
2594 4975 0
2594 2936 0
2594 2997 0
2594 13301 0
2594 4957 0
2594 13428 0
2594 1221 0
2594 1223 0
2594 1382 0
2594 1388 0
2594 5529 0
2594 3561 0
2594 1591 0
2594 1630 1
2594 1653 0
2594 6429 0
2594 3782 0
2594 7120 1
2594 6805 0
2594 3986 0
2594 1943 0
2594 18332 0
1571 1571 2
1571 15908 1
1571 9681 1
1571 2115 1
1571 1499 2
1571 2718 1
15908 996 1
8881 8881 0
8881 2115 0
8881 8467 0
8881 2338 0
8881 2382 0
8881 6484 0
8881 8612 0
8881 2606 0
8881 6739 0
8881 6741 0
8881 2718 0
8881 4971 0
8881 4974 0
8881 4975 0
8881 2936 0
8881 3050 0
8881 13301 0
8881 5183 1
8881 13428 0
8881 1221 0
8881 5452 1
8881 1382 0
8881 1388 0
8881 3561 0
8881 1591 0
8881 1629 0
8881 1653 0
8881 287 0
8881 3782 0
8881 5981 0
8881 8507 0
8881 6805 0
8881 3986 0
8881 18332 0
1067 1943 1
1067 287 1
1067 1067 2
45 2695 0
45 1572 0
45 457 1
45 1626 0
2606 2338 0
2606 8507 0
2606 6484 0
2606 8612 0
2606 6739 0
2606 6741 0
2606 2695 0
2606 19135 0
2606 9681 0
2606 4872 0
2606 4957 0
2606 4971 0
2606 4974 0
2606 4975 0
2606 2936 0
2606 7119 1
2606 7120 1
2606 7121 1
2606 13301 0
2606 13428 0
2606 1177 0
2606 1382 0
2606 1388 0
2606 5529 0
2606 3561 0
2606 3574 0
2606 1591 0
2606 2997 0
2606 1630 1
2606 1653 0
2606 3782 0
2606 3923 0
2606 5981 0
2606 18065 0
2606 1900 0
2606 6805 0
2606 3986 0
2606 951 0
2606 1943 0
5981 8467 0
5981 8507 0
5981 729 0
5981 1221 0
5981 1223 0
5981 1349 1
5981 1388 0
5981 1427 0
5981 1591 0
5981 1620 0
5981 1943 0
5981 2338 0
5981 2695 0
5981 2997 0
5981 3561 0
5981 3574 0
5981 3682 1
5981 3782 0
5981 3986 0
5981 4300 0
5981 8612 0
5981 4957 0
5981 5183 1
5981 5981 0
5981 6484 0
5981 6739 0
5981 6741 0
1591 2115 0
1591 8467 0
1591 2338 0
1591 2382 0
1591 6484 0
1591 8612 0
1591 6739 0
1591 6741 0
1591 659 0
1591 2718 0
1591 729 0
1591 11038 0
1591 4971 0
1591 4974 0
1591 4975 0
1591 2936 0
1591 7119 1
1591 3050 0
1591 13301 0
1591 4957 0
1591 1177 0
1591 1349 1
1591 5452 1
1591 1382 0
1591 1388 0
1591 5529 0
1591 3561 0
1591 1591 0
1591 2997 0
1591 1620 0
1591 1653 0
1591 3782 0
1591 18134 0
1591 5874 0
1591 8507 0
1591 3986 0
1591 1943 0
1591 18332 0
14394 1349 1
14394 7122 1
4669 1630 1
4669 4300 0
4669 7119 1
4669 7120 1
4669 7121 1
4669 7122 1
5183 5185 1
5183 6739 1
5183 6741 1
5183 1177 1
5183 1224 1
5183 20194 1
5183 6399 1
5183 8467 1
5183 20759 1
5183 11038 1
5183 1891 1
5183 6484 1
5183 7041 1
5183 7042 1
5183 7043 1
5183 3986 1
5183 1427 1
5183 1943 1
5183 18332 1
5183 427 1
5183 2997 1
5183 4069 1
5185 7041 0
5185 5186 1
5185 1891 0
5185 20759 0
5185 7042 0
5185 6399 0
5185 7043 0
5185 4069 0
5186 7041 1
5186 7042 1
5186 1891 1
5186 4069 1
5186 7043 1
5186 20759 1
5186 6399 1
2115 4957 0
2115 2115 0
2115 6739 0
2115 1620 0
2115 6741 0
2115 2718 0
2115 729 0
2115 18979 0
2115 287 0
2115 2338 0
2115 5529 0
2115 2382 0
2115 3986 0
2115 1943 0
2115 18332 0
2115 2997 0
2115 1499 1
2115 3050 0
15430 1630 1
15430 5309 1
15430 1224 0
15430 6429 0
1613 7119 1
1613 4300 0
1613 1613 0
1613 7121 1
1613 7122 1
3664 3682 2
6739 1382 0
6739 4300 0
6739 8467 0
6739 2338 0
6739 6484 0
6739 13301 0
6739 8612 0
6739 6739 0
6739 6741 0
6739 12927 0
6739 659 0
6739 2718 0
6739 13428 0
6739 4957 0
6739 4971 0
6739 4974 0
6739 4975 0
6739 2936 0
6739 3050 0
6739 7041 0
6739 1349 1
6739 1388 0
6739 5529 0
6739 3561 0
6739 8507 0
6739 1653 0
6739 287 0
6739 3782 0
6739 18134 0
6739 6805 0
6739 4760 0
6739 3986 0
1620 7120 1
1620 4300 0
1620 287 0
1620 2338 0
1620 427 0
1620 18979 0
1620 2718 0
1620 729 0
1620 4872 0
1620 7119 1
1620 4957 0
1620 7043 0
1620 3006 0
1620 7121 1
1620 1221 0
1620 1620 0
1620 1630 1
1620 3801 0
1620 7122 1
1620 3986 0
1620 1943 0
1620 18332 0
1620 1349 1
6741 6484 0
6741 6741 0
6741 2718 0
6741 11038 0
6741 4957 0
6741 4974 0
6741 4975 0
6741 2936 0
6741 3050 0
6741 13428 0
6741 1177 0
6741 1349 1
6741 1382 0
6741 1388 0
6741 5529 0
6741 8467 0
6741 1653 0
6741 3782 0
6741 6805 0
6741 4760 0
6741 3986 0
6741 18332 0
6741 13301 0
1626 1572 0
1626 2695 0
1626 20759 0
1626 3986 0
1626 457 1
1626 4069 0
1629 1630 1
1629 1653 0
1629 659 0
1629 4760 0
1629 1221 0
1629 1349 1
1629 4957 0
1629 1382 0
1629 4974 0
1629 4975 0
1629 3986 0
1629 1943 0
1629 2997 0
1629 7119 1
1629 7120 1
1629 7121 1
1629 7123 0
1630 7122 2
1630 11660 1
1630 3986 1
1630 659 1
1630 8475 1
1630 16550 1
1630 15020 1
1630 1630 2
1630 8507 1
1630 16584 1
1630 7119 2
1630 7120 2
1630 7121 2
1630 1362 1
1630 7123 1
1630 18134 1
1630 4074 1
1630 4971 1
1630 12927 1
3682 3986 1
3682 8467 1
3682 1653 1
3682 3561 1
3682 2936 1
4205 8467 0
4205 5309 1
4205 5452 1
4205 3561 0
4205 4205 0
1572 2695 0
1572 3986 0
1572 287 0
1572 457 1
1572 7120 1
13428 4872 0
13428 1388 0
13428 1943 0
13428 8612 0
13428 8507 0
13428 7120 1
13428 6484 0
13428 4957 0
13428 1382 0
13428 4971 0
13428 1900 0
13428 3986 0
13428 7121 1
13428 3923 0
13428 13428 0
13428 13301 0
13428 3574 0
13428 2936 0
13428 6805 0
1653 16584 0
1653 8612 0
1653 1221 0
1653 1388 0
1653 1653 0
1653 1943 0
1653 2338 0
1653 2382 0
1653 2936 0
1653 3561 0
1653 3986 0
1653 4957 0
1653 4971 0
1653 4974 0
1653 4975 0
1653 5309 1
1653 5529 0
1653 6484 0
1653 6805 0
1653 16097 0
15485 5610 1
15485 3050 1
15485 3986 1
15485 6429 1
15485 4957 1
15485 18753 1
12927 1221 0
12927 4407 1
2695 3986 0
2695 5529 0
2695 20759 0
2695 457 1
2695 2338 0
2695 2382 0
2695 4069 0
16521 7120 1
16521 7121 1
16521 7122 1
16521 7119 1
18065 4872 0
18065 2338 0
18065 8612 0
18065 16562 0
18065 4300 0
18065 7120 1
18065 7121 1
18065 3923 0
18065 3801 0
18065 1382 0
18065 18065 0
18065 1900 0
18065 1388 0
18065 3986 0
18065 3574 0
18065 2936 0
18065 6805 0
659 659 0
659 729 0
659 2338 0
659 1349 1
659 3986 0
659 5529 0
659 18332 0
659 2997 0
6805 4872 0
6805 19135 0
6805 2382 0
6805 6484 0
6805 1382 0
6805 1388 0
6805 2936 0
6805 8612 0
6805 7120 1
6805 7121 1
6805 3923 0
6805 13301 0
6805 3574 0
4760 8467 0
4760 2718 0
4760 4872 0
4760 6429 0
4760 287 0
4760 18753 0
4760 1349 1
4760 2382 0
4760 3923 0
4760 1382 0
4760 4971 0
4760 1388 0
4760 4974 0
4760 4975 0
4760 3986 0
4760 1943 0
4760 5529 0
4760 8612 0
4760 7120 1
4760 7121 1
4760 3561 0
4760 3050 0
4760 13301 0
4760 3574 0
1177 1177 0
1177 1224 0
1177 11038 0
1177 1349 1
1177 4971 0
2718 8467 0
2718 287 0
2718 2338 0
2718 6484 0
2718 18979 0
2718 2718 0
2718 11038 0
2718 1223 0
2718 1201 1
2718 1221 0
2718 1349 1
2718 1943 0
2718 3986 0
2718 18332 0
2718 2382 0
16550 7119 1
16550 7120 1
16550 7121 1
16550 7122 1
15020 5452 1
18094 287 0
18094 7119 1
18094 7120 1
18094 7121 1
18094 7122 1
1201 2338 1
1201 1201 2
1201 3006 1
1201 4300 1
1201 729 1
16562 4872 0
16562 8612 0
16562 7120 1
16562 7121 1
16562 3923 0
16562 4957 0
16562 1382 0
16562 3561 0
16562 1900 0
16562 3986 0
16562 8467 0
16562 2936 0
5309 8467 1
5309 5309 2
5309 18134 1
5309 4959 1
5309 3561 1
19135 18979 0
19135 18332 0
19135 1221 0
19135 3782 0
19135 4974 0
19135 2936 0
19135 7119 1
19135 7121 1
19135 7122 1
1221 4300 0
1221 4974 0
1221 7122 1
1221 7123 0
1221 1221 0
1221 1223 0
1221 1224 0
1221 5452 1
1221 3574 0
1221 8467 0
1221 287 0
1221 16097 0
1221 3923 0
1221 8507 0
1221 1900 0
1221 3986 0
1221 1943 0
3782 2936 0
3782 1388 0
3782 8467 0
3782 8507 0
3782 8612 0
3782 4872 0
3782 11038 0
3782 4957 0
3782 4971 0
3782 4974 0
3782 4975 0
3782 2997 0
3782 7120 1
3782 7121 1
3782 13301 0
3782 1382 0
3782 5529 0
3782 3561 0
3782 3574 0
3782 3923 0
3782 3986 0
3782 1943 0
3782 18332 0
1223 1224 0
1223 16097 0
1223 4957 0
1223 1900 0
1223 3986 0
1223 5452 1
1223 7121 1
1223 7122 1
1224 3937 1
1224 8467 0
1224 1224 0
1224 16097 0
1224 2382 0
1224 1900 0
1224 4974 0
1224 3986 0
1224 1943 0
1224 5529 0
1224 2997 0
1224 7123 0
1224 4602 1
4300 4974 0
4300 4300 0
4300 729 0
4300 2338 0
4300 1349 1
4300 3986 0
4300 3801 0
18979 5452 1
18979 1382 0
18979 1943 0
18979 2997 0
18979 7121 1
18979 7122 1
18134 287 0
729 5677 1
729 3937 1
729 3006 0
729 729 0
729 3801 0
729 2338 0
729 3986 0
729 2997 0
16097 2382 0
16097 18332 0
16097 7119 1
16097 7121 1
20194 1499 1
9681 7120 1
1900 4872 0
1900 2338 0
1900 7120 1
1900 3923 0
1900 8612 0
1900 7121 1
1900 1382 0
1900 3986 0
1900 2936 0
5874 287 0
5874 5874 0
5874 3937 1
5874 5452 1
6399 7041 0
6399 7042 0
6399 7043 0
6399 20759 0
6399 9262 0
6399 4959 0
6399 4069 0
6399 1891 0
4872 8507 0
4872 3923 0
4872 4957 0
4872 1382 0
4872 4971 0
4872 1388 0
4872 2936 0
4872 3986 0
4872 1943 0
4872 8612 0
4872 951 0
4872 3574 0
4872 7120 1
4872 7121 1
4872 13301 0
5677 2338 1
5677 287 1
8467 8507 0
8467 6484 0
8467 11038 0
8467 4971 0
8467 4974 0
8467 9125 1
8467 1388 0
8467 1427 0
8467 8467 0
8467 3923 0
9262 4407 1
9262 457 1
20759 7041 0
20759 7043 0
20759 20759 0
20759 7042 0
8475 16584 0
8475 7120 1
8475 7121 1
8475 7122 1
8475 7119 1
6429 6429 0
6429 287 0
6429 1349 1
6429 3986 0
6429 1943 0
6429 3050 0
11038 11038 0
11038 1349 1
11038 2382 0
11038 4971 0
287 287 0
287 1382 0
287 2338 0
287 2382 0
287 4957 0
287 5529 0
287 7121 1
287 7122 1
287 7123 0
2338 3801 0
2338 2338 0
2338 4602 1
2338 4971 0
2338 4974 0
2338 2997 0
2338 1349 1
2338 1388 0
2338 1891 0
2338 3986 0
2338 1943 0
4407 4407 2
8507 1388 0
8507 3923 0
8507 4971 0
8507 4974 0
8507 4975 0
8507 2936 0
8507 951 0
8507 7119 1
8507 7123 0
8507 3561 0
18753 4957 0
18753 1349 1
1349 6484 1
1349 4957 1
1349 4974 1
1349 4975 1
1349 3050 1
1349 3986 1
1349 1943 1
1349 5529 1
1349 18332 1
1349 2997 1
1349 5610 1
5450 7119 1
5450 7120 1
5450 7121 1
5450 7122 1
5452 3006 1
5452 4974 1
5452 4975 1
5452 1427 1
5452 5529 1
5452 427 1
2382 2382 0
2382 7122 1
2382 3937 1
1362 7119 1
1362 7123 0
1362 3801 0
1362 7121 1
1362 4974 0
3923 1388 0
3923 8612 0
3923 13301 0
3923 7120 1
3923 2936 0
3923 1382 0
3923 7121 1
3923 3986 0
3923 3574 0
6484 4974 0
6484 4975 0
6484 2936 0
6484 3050 0
6484 13301 0
6484 1382 0
6484 1388 0
6484 3986 0
4957 1388 0
4957 4975 0
4957 2936 0
4957 7123 0
4957 1382 0
4957 3561 0
4957 3574 0
4957 1943 0
4959 1499 1
4959 4959 0
3937 3986 1
3937 3801 1
3937 3937 2
1891 4069 0
1382 1388 0
1382 4971 0
1382 2936 0
1382 3986 0
1382 1943 0
1382 5529 0
1382 8612 0
1382 2997 0
1382 7120 1
1382 7121 1
1382 13301 0
1382 3574 0
4971 8612 0
4971 4971 0
4971 4974 0
4971 4975 0
4971 2936 0
4971 7119 1
4971 7121 1
4971 13301 0
4971 1388 0
4971 5529 0
4971 3561 0
4971 2997 0
4971 951 0
4971 3986 0
4971 1943 0
1388 1388 0
1388 8612 0
1388 4974 0
1388 4975 0
1388 2936 0
1388 7120 1
1388 7121 1
1388 13301 0
1388 5529 0
1388 3561 0
1388 3574 0
1388 3986 0
1388 1943 0
1388 18332 0
4974 8612 0
4974 4975 0
4974 2936 0
4974 3050 0
4974 5529 0
4974 3561 0
4974 2997 0
4974 951 0
4974 3801 0
4974 3986 0
4974 1943 0
4975 5529 0
4975 2936 0
4975 3986 0
4975 1943 0
4975 951 0
4975 7123 0
4975 8612 0
4975 3561 0
2936 8612 0
2936 7120 1
2936 7121 1
2936 13301 0
2936 5529 0
2936 3561 0
2936 3574 0
2936 2997 0
2936 3986 0
2936 1943 0
2936 18332 0
16584 7121 1
16584 7119 1
16584 7120 1
16584 7122 1
16584 3561 0
7041 7043 0
7041 7042 0
7041 4069 0
7042 7043 0
7042 4069 0
7043 3986 0
7043 4069 0
11660 11660 0
11660 7119 1
11660 7120 1
11660 7121 1
20368 5972 2
3986 8612 0
3986 3006 0
3986 3050 0
3986 3561 0
3986 3574 0
3986 3986 0
3986 4069 0
3986 5529 0
3986 13301 0
3986 7119 1
3986 7122 1
3986 7123 0
1427 1427 0
1427 427 0
1427 3561 0
3801 7121 1
3801 7123 0
1943 8612 0
1943 2997 0
1943 3006 0
1943 3050 0
1943 13301 0
1943 1943 0
5529 5529 0
5529 8612 0
5529 951 0
5529 3561 0
18332 8612 0
18332 3006 0
18332 7120 1
18332 3050 0
8612 7121 1
8612 7120 1
8612 3561 0
8612 13301 0
8612 3574 0
9125 3561 1
2997 2997 0
951 7119 1
951 7121 1
457 457 2
7119 7122 2
7119 7119 2
7119 7120 2
7119 7121 2
7119 7123 1
7119 4074 1
7120 7120 2
7120 7121 2
7120 7122 2
7120 4074 1
7120 7123 1
7120 13301 1
7120 3574 1
7121 7122 2
7121 4074 1
7121 13301 1
7121 3574 1
7122 7123 1
7122 4074 1
3050 3050 0
13301 3574 0
3574 3574 0
4602 4602 2
