15872 3948 1
15872 18756 1
3072 2931 1
3072 4534 1
3072 4536 1
3072 915 1
1927 4524 0
1927 4534 0
1927 710 1
1927 1022 0
1927 3948 1
3080 2931 1
3080 2712 1
3080 287 1
915 6068 0
915 8287 0
915 2712 0
915 915 0
915 4524 0
915 4534 0
915 4536 0
915 6110 1
2712 8287 0
2712 287 0
2712 2712 0
2712 2931 0
2712 1022 0
2712 5331 1
2712 6068 0
287 8287 0
287 287 0
287 8646 1
287 4536 0
294 294 2
294 4524 1
4524 4524 0
4524 462 1
4524 1022 0
6068 4536 0
6068 462 1
6068 710 1
6068 1022 0
6068 8287 0
6068 6068 0
4534 462 1
4534 4534 0
4534 710 1
4536 710 1
4536 4536 0
18756 3948 2
18756 18756 2
710 710 2
459 459 2
459 462 2
462 8287 1
462 1022 1
5331 8287 1
8287 8287 0
3948 3948 2
3948 1022 1
2931 2931 0
1022 1022 0
