2048 2048 0
2048 20 0
2048 4145 0
2048 2249 1
2048 2338 0
2048 4409 0
2048 6484 0
2048 4535 0
2048 6737 0
2048 6738 0
2048 8875 0
2048 4956 0
2048 5495 0
2048 3692 1
2048 3986 0
14978 4185 1
14978 14978 0
14978 1725 1
14978 4874 0
14978 1927 0
3844 20 0
3844 4649 0
3844 5469 0
3844 8034 0
3844 1620 0
3844 4185 1
3844 2193 1
3844 3844 0
3844 3353 0
3844 4409 0
3844 6484 0
3844 3446 0
3844 3986 0
9222 4649 0
9222 5787 0
9222 2249 1
9222 7374 1
9222 1359 0
9222 1927 0
1927 20 0
1927 2249 1
1927 16663 0
1927 2338 0
1927 4534 0
1927 561 0
1927 710 1
1927 719 0
1927 821 0
1927 4956 0
1927 1359 0
1927 5469 0
1927 5787 0
1927 5855 0
1927 3986 0
12989 6737 0
12989 6738 0
12989 6807 0
12989 8875 0
12989 12989 0
12989 1728 1
12989 5855 0
12989 8467 0
12989 7455 0
12989 6484 0
12989 4409 0
12989 1371 0
12989 8034 0
12989 3986 0
12989 984 1
12989 3561 0
4874 4185 1
4874 2338 0
4874 5855 0
4874 6484 0
4874 6737 0
4874 4874 0
4874 3446 0
4874 6378 0
4874 1725 1
4874 8034 0
2571 2571 0
2571 4534 0
2571 4535 0
2571 4537 0
2571 4538 0
2571 1728 1
2571 4409 0
2571 984 1
2571 9064 0
6807 6738 0
6807 8875 0
6807 1728 1
6807 5855 0
6807 7455 0
6807 4409 0
6807 6484 0
6807 1371 0
6807 8034 0
6807 3986 0
6807 984 1
6807 6737 0
8589 2193 1
8589 3353 0
8589 2338 0
8589 710 1
20368 5972 2
2193 2193 2
2193 5787 1
2193 2338 1
2193 4647 1
2193 4649 1
2193 5469 1
2193 4534 1
2193 4535 1
2193 5432 1
2193 4537 1
2193 719 1
2193 4538 1
3986 20 0
3986 16900 0
3986 8875 0
3986 8879 0
3986 719 0
3986 1359 0
3986 1371 0
3986 1620 0
3986 18082 1
3986 1722 0
3986 2249 1
3986 2338 0
3986 3561 0
3986 3986 0
3986 4145 0
3986 4183 0
3986 4185 1
3986 4409 0
3986 4534 0
3986 4644 0
3986 4647 0
3986 4649 0
3986 4956 0
3986 5469 0
3986 5787 0
3986 6378 0
3986 6484 0
3986 6737 0
3986 7374 1
8467 4647 0
8467 4409 0
8467 6484 0
8467 2410 0
8467 4534 0
8467 6737 0
8467 716 1
8467 719 0
8467 9125 1
8467 5432 0
8467 1371 0
8467 8467 0
8467 1725 1
20 20 0
20 4145 0
20 4185 1
20 6378 0
20 2338 0
20 4409 0
20 4649 0
20 561 0
20 719 0
20 5432 0
20 1371 0
20 5469 0
20 3446 0
20 1620 0
20 1728 1
20 5855 0
16663 2249 1
16663 7374 1
16663 719 0
16663 1359 0
16900 1728 1
16900 4409 0
16900 984 1
16900 3561 0
5787 5787 0
5787 1725 1
5787 800 0
5787 2338 0
5787 4537 0
5787 1620 0
4636 4636 2
4636 8879 1
4636 4644 1
4636 4647 1
4636 17363 1
4636 6378 1
4636 4649 1
17438 6378 0
17438 984 1
17438 1722 0
17438 1371 0
17438 1725 1
7455 4644 0
7455 6737 0
7455 6738 0
7455 8875 0
7455 1725 1
7455 5855 0
7455 7455 0
7455 4409 0
7455 6484 0
7455 1371 0
7455 8034 0
7455 2415 0
7455 984 1
800 1725 1
800 1728 1
2338 4183 0
2338 4185 1
2338 2338 0
2338 4409 0
2338 9160 0
2338 5432 0
2338 1359 0
2338 5469 0
2338 5495 0
2338 1620 0
1722 2415 0
1722 561 0
1722 4409 0
1722 1722 0
1722 1725 1
1722 1727 0
1722 1728 1
1722 17363 0
1722 5855 0
1722 2410 0
4644 4644 0
4644 4647 0
4644 4649 0
4644 1725 1
4644 5855 0
4644 5432 0
4644 3446 0
9125 3561 1
9125 821 1
9125 4956 1
4647 4647 0
4647 4649 0
4647 4145 0
4647 6737 0
4647 6738 0
4647 1620 0
4647 8879 0
4647 6484 0
4647 1371 0
4647 3446 0
4647 3561 0
6484 1371 0
6484 4145 0
6484 4409 0
6484 6737 0
6484 6738 0
6484 8875 0
6484 8879 0
6484 984 1
6484 5495 0
6484 3353 0
6484 18082 1
6484 8034 0
4649 4649 0
4649 1620 0
4649 5855 0
4649 4956 0
4649 3446 0
8875 6737 0
8875 8875 0
8875 1728 1
8875 5855 0
8875 6378 0
8875 4409 0
8875 1371 0
8875 8034 0
8875 18082 1
8875 984 1
8875 6738 0
7084 5469 0
7084 1725 1
7084 1728 1
7084 5855 0
7084 3353 0
7084 4409 0
7084 9064 0
7084 3446 0
7084 7084 0
7084 17363 0
8879 4145 0
8879 6737 0
8879 6738 0
8879 1620 0
8879 1725 1
8879 17363 0
8879 1371 0
561 4145 0
561 2415 0
561 6378 0
561 4409 0
561 2410 0
561 561 0
561 4956 0
561 9064 0
561 3353 0
561 5432 0
561 1371 0
561 1725 1
561 1728 1
561 5855 0
821 18082 1
821 821 0
4534 4535 0
4534 4537 0
4534 4534 0
4534 710 1
4534 5432 0
4534 5469 0
4534 3561 0
4534 1620 0
4534 5855 0
4534 4027 0
951 6738 0
951 1725 1
951 1728 1
951 8034 0
5432 4182 1
5432 17363 0
5432 3353 0
5432 5432 0
5432 1359 0
5432 5469 0
5432 1620 0
5432 5855 0
4409 4145 0
4409 4409 0
4409 2410 0
4409 6738 0
4409 2415 0
4409 4956 0
4409 17363 0
4409 984 1
4409 1371 0
4409 5469 0
4409 3561 0
4409 1725 1
4409 1727 0
4409 1728 1
4409 8034 0
4538 1620 0
4538 710 1
4538 4538 0
4027 1728 1
4027 984 1
4027 4027 0
1725 1727 1
1725 1728 2
1725 5855 1
1725 3353 1
1725 2415 1
1725 2410 1
1725 17363 1
1725 10733 1
1727 4145 0
1727 1728 1
1727 2415 0
1728 6378 1
1728 4145 1
1728 6737 1
1728 6738 1
1728 984 2
1728 1371 1
1728 4956 1
1728 5855 1
1728 9064 1
1728 2410 1
1728 3446 1
1728 5495 1
4537 1620 0
4537 710 1
4537 5469 0
4537 4537 0
4145 4145 0
4145 6737 0
4145 6738 0
4145 4956 0
4145 984 1
4145 1371 0
4145 3446 0
4145 1620 0
4145 3692 1
4145 5855 0
710 710 2
710 4535 1
9160 4182 1
9160 4185 1
2249 1620 1
2249 2249 2
2249 721 1
2249 3353 1
2249 1359 1
2249 9064 1
2249 3446 1
2249 10211 1
4535 1620 0
4535 4535 0
716 3561 1
18082 18082 2
18082 6738 1
18082 1620 1
18082 1371 1
18082 8034 1
7374 1359 1
7374 10211 1
1359 719 0
1359 5855 0
1359 6378 0
1359 3561 0
6737 3446 0
6737 6378 0
6737 6738 0
6737 984 1
6737 1371 0
6737 1620 0
6737 5855 0
6737 8034 0
6738 6378 0
6738 6738 0
6738 984 1
6738 9064 0
6738 1371 0
6738 3446 0
6738 5495 0
6738 3692 1
6738 5855 0
6738 8034 0
17363 5855 0
17363 2410 0
17363 3446 0
1620 4183 0
1620 4185 1
1620 719 0
1620 721 0
1620 4956 0
1620 5469 0
1620 5495 0
1620 1620 0
1620 5855 0
4182 4182 2
4182 4183 1
4182 4185 2
4183 719 0
4183 721 0
4183 4183 0
4183 4185 1
4183 5469 0
984 1371 1
984 5855 1
984 8034 1
984 2415 1
984 3446 1
984 5495 1
4185 4185 2
4185 719 1
4185 721 1
4185 5469 1
4185 10733 1
1371 4956 0
1371 1371 0
1371 3446 0
1371 5855 0
1371 8034 0
3353 719 0
3353 3353 0
3353 5855 0
5469 719 0
5469 5469 0
5469 3446 0
5469 5855 0
719 719 0
719 4956 0
719 10211 0
719 3561 0
5855 6378 0
5855 4956 0
5855 8034 0
5855 9064 0
5855 3446 0
5855 3561 0
5855 5855 0
8034 8034 0
4956 6378 0
4956 4956 0
4956 3561 0
3561 2410 0
2410 2410 0
2410 2415 0
2410 3446 0
9064 9064 0
9064 3446 0
3446 6378 0
3446 3446 0
5495 5495 0
6378 6378 0
