3072 5230 1
3072 2931 1
3072 4536 1
3072 5469 1
7275 5139 1
7275 5141 1
7275 5981 0
7275 1090 1
7275 5469 0
7275 7275 0
3844 5139 1
3844 5141 1
3844 4442 0
3844 5469 0
3844 1090 1
3844 5230 0
3844 7317 0
3844 3844 0
3844 5981 0
3080 2931 1
3080 287 1
158 1741 1
158 6180 1
158 4442 1
158 2044 1
5519 6180 1
2044 1320 1
2044 1321 1
2044 5432 0
2044 2684 1
16275 5141 1
16275 1090 1
16275 5230 0
16275 5139 1
16275 7317 0
16275 5981 0
16275 16275 0
5140 13939 0
5140 5139 1
5140 5141 1
7317 287 0
7317 12838 0
7317 5139 1
7317 1090 1
7317 5981 0
8094 5139 1
8094 5141 1
8094 287 0
8094 1090 1
8094 20182 0
287 287 0
287 18894 0
287 4442 0
287 4536 0
287 6334 1
287 7273 0
6180 6180 0
6180 5432 0
6180 1741 0
6180 4442 0
12838 5139 1
12838 12838 0
12838 1090 1
12838 5981 0
1320 1321 2
1321 1321 2
1321 10987 2
1321 1855 1
1325 5432 1
1325 11294 1
5981 8941 0
5981 1090 1
5981 20182 0
5981 4442 0
5981 5139 1
5981 5141 1
5981 5230 0
5981 5432 0
5981 5469 0
5981 13939 0
5981 5981 0
5981 7273 0
5981 16038 0
5552 5139 1
5552 5141 1
5552 1090 1
5552 18894 0
5552 5552 0
2931 11294 0
2931 2931 0
11294 1002 1
11294 11294 0
4536 3704 1
4536 5432 0
4536 5469 0
4536 4536 0
15294 1741 1
1855 10987 1
1855 1855 0
1090 5139 2
1090 18894 1
1090 20182 1
1090 7273 1
1090 8941 1
1090 16038 1
1090 5141 2
1741 5432 0
1741 5469 0
1741 3704 1
1741 1741 0
18894 5139 1
18894 5141 1
5432 4442 0
5432 2684 1
5432 5432 0
5432 5469 0
5432 3704 1
20182 5139 1
20182 5141 1
4442 3704 1
4442 4442 0
5469 5469 0
5469 3704 1
5139 5141 2
5139 16038 1
5139 8941 1
5139 5230 1
5139 13939 1
5139 7273 1
7273 5141 1
1002 1002 2
8941 5141 1
8941 8941 0
5230 5230 0
5230 13939 0
13939 5141 1
13939 13939 0
