384 384 0
384 17811 1
384 5660 1
384 4524 0
8065 6666 0
8065 2718 0
8065 6882 1
8065 17520 0
8065 17811 1
8065 7836 0
8065 8065 0
16258 2718 0
16258 5365 0
16258 4880 1
16258 17811 1
16258 2501 0
6916 483 1
6916 2501 0
6916 486 1
6666 6666 0
6666 5660 1
6666 8232 0
6666 5365 0
6666 4880 1
6666 2501 0
6666 16354 0
525 483 1
525 486 1
525 525 0
1039 3806 1
1039 1591 1
4880 4881 2
4880 8467 1
4880 7836 1
4880 287 1
4880 3523 1
4880 2501 1
4880 6882 2
4880 4442 1
4880 3806 1
4880 3561 1
4880 17520 1
4880 17811 2
4881 17520 1
4881 6882 2
4881 3523 1
4881 5365 1
4881 7836 1
4115 15537 0
4115 483 1
4115 486 1
3806 287 0
1369 6739 0
1369 6882 1
1369 8467 0
1369 2382 0
1369 1369 0
1369 483 1
1369 486 1
1369 3561 0
1688 8287 0
1688 1688 0
1688 2718 0
1688 5365 0
1688 483 1
1688 16354 0
1688 486 1
6556 2718 1
6556 287 1
6556 15537 1
6556 10185 1
6556 11229 1
6556 8287 1
7836 17520 0
7836 7836 0
7836 6882 1
7836 287 0
7836 2382 0
7836 4442 0
7836 17811 1
7836 16354 0
2718 53 0
2718 8287 0
2718 8467 0
2718 287 0
2718 4524 0
2718 6739 0
2718 2718 0
2718 2501 0
2718 5543 1
2718 1591 0
2718 2382 0
2718 16354 0
287 53 0
287 8287 0
287 189 0
287 8232 0
287 287 0
287 17520 0
287 10185 0
287 2382 0
287 4442 0
287 5543 1
287 6739 0
8736 6761 1
3875 3875 0
3875 486 1
3875 483 1
5543 8287 1
5543 5365 1
5543 2382 1
5543 5543 2
5543 4524 1
5543 16354 1
8232 6761 0
8232 15537 0
8232 483 1
8232 486 1
4524 8467 0
4524 2382 0
4524 4524 0
4524 6739 0
4524 17811 1
4524 3561 0
4143 6761 0
4143 2382 0
4143 483 1
4143 486 1
15537 20930 0
15537 18905 0
15537 15036 0
15537 189 0
15537 10185 0
15537 483 1
15537 16219 0
15537 11229 0
15537 486 1
15537 3174 0
15537 19836 0
53 53 0
53 2501 0
53 483 1
53 486 1
53 5365 0
53 19836 0
53 6739 0
53 1591 0
1591 8467 0
1591 2382 0
1591 483 1
1591 486 1
1591 6739 0
1591 3561 0
1591 1591 0
1591 16354 0
15036 18905 0
15036 15036 0
15036 20930 0
15036 483 1
15036 486 1
189 189 0
189 483 1
189 486 1
20930 483 1
20930 486 1
20930 10185 0
20930 18905 0
3523 16354 0
3523 5365 0
2501 17811 1
2501 2501 0
2501 5365 0
2501 3561 0
2501 8467 0
2501 16354 0
8467 8287 0
8467 6882 1
8467 6739 0
8467 8467 0
8467 16219 0
10185 483 1
10185 486 1
16354 5473 1
16354 16354 0
2382 2382 0
2382 17811 1
6739 6739 0
6739 486 1
6739 5365 0
6739 17811 1
6739 3561 0
18905 483 1
18905 486 1
18905 11229 0
4442 19836 0
4442 5365 0
4442 4442 0
4442 17811 1
16219 483 1
16219 486 1
16219 3561 0
11229 483 1
11229 486 1
8287 8287 0
8287 3561 0
6882 6882 2
6882 3561 1
6882 17811 2
483 3174 1
483 13675 1
483 19836 1
3174 3174 0
3174 486 1
486 6761 1
486 13675 1
486 19836 1
6761 6761 0
17811 5365 1
5365 5365 0
19836 19836 0
