8704 8065 0
8704 3729 0
8704 4122 1
8704 7836 0
8704 301 0
8704 835 0
8704 2500 0
8704 6631 1
8704 16241 0
8704 1653 0
3073 3073 2
3073 18726 1
3073 1927 2
3073 4524 1
3073 8228 1
3073 5180 1
6147 6147 0
6147 20 0
6147 6165 0
6147 18143 0
6147 8403 0
6147 8432 0
6147 263 0
6147 8467 0
6147 4409 0
6147 4413 0
6147 338 0
6147 4463 0
6147 6560 0
6147 4524 0
6147 4525 0
6147 6630 0
6147 10665 0
6147 2594 0
6147 550 0
6147 2604 1
6147 2718 0
6147 2722 0
6147 4803 0
6147 13031 0
6147 4859 0
6147 11038 0
6147 835 0
6147 5020 0
6147 2997 0
6147 9150 0
6147 11236 0
6147 15361 0
6147 11784 0
6147 5236 1
6147 1170 0
6147 1177 0
6147 1218 0
6147 6792 0
6147 5324 0
6147 19879 0
6147 2598 0
6147 1259 0
6147 1350 0
6147 3426 0
6147 1388 0
6147 3446 0
6147 5529 0
6147 7414 0
6147 3525 0
6147 5620 0
6147 6065 0
6147 7077 0
6147 1620 0
6147 5393 0
6147 1653 0
6147 8127 0
6147 8129 0
6147 3729 0
6147 5787 0
6147 1718 0
6147 1741 0
6147 16079 0
6147 5855 0
6147 5858 0
6147 18728 0
6147 18134 0
6147 5994 0
6147 8065 0
6147 3986 0
6147 1943 0
6147 16308 0
6147 2382 0
7254 5787 1
7254 13656 1
7254 7254 2
7254 8228 1
7254 3535 1
18950 12935 0
18950 8592 0
18950 8594 0
18950 8467 0
18950 6278 0
18950 550 0
18950 8999 1
18950 15922 0
18950 13502 0
18950 4416 0
18950 16807 0
18950 7635 0
18950 15909 1
18950 4414 0
15361 8467 0
15361 2718 0
15361 15909 1
15361 550 0
15361 8999 1
15361 10665 0
15361 15922 0
15361 4409 0
15361 4413 0
15361 4414 0
15361 13502 0
15361 9150 0
15361 13031 0
15361 4463 0
15361 4465 0
15361 18040 0
11784 263 0
11784 11784 0
11784 6631 1
11784 5236 1
11784 5882 0
5641 5641 0
5641 2604 1
5641 561 0
5641 6752 0
5641 5746 1
5641 1653 0
5641 5994 0
5641 1160 0
5641 3729 0
5641 18085 0
5641 6828 0
5641 3446 0
5641 8393 0
5641 1741 0
5641 5855 0
5641 4859 0
5641 8329 0
5641 3633 1
5641 301 0
5641 5432 0
5641 4409 0
5641 4413 0
5641 4414 0
5641 4416 0
5641 3426 0
5641 1388 0
5641 8592 0
5641 8594 0
5641 6560 0
5641 2500 0
5641 6904 0
5641 3043 0
3594 2059 0
3594 1620 0
3594 1160 0
3594 6293 0
3594 2718 0
3594 1197 0
3594 1741 0
3594 5882 0
3594 3844 0
3594 2382 0
3594 1882 1
3594 5469 0
3594 892 0
3594 1927 1
3594 3986 0
3594 5523 0
3594 5022 0
3594 2381 0
2059 2059 0
2059 20 0
2059 5469 0
2059 8254 0
2059 4300 0
2059 4339 0
2059 290 0
2059 6887 0
2059 4524 0
2059 2604 1
2059 2718 0
2059 719 0
2059 827 0
2059 3022 0
2059 5236 1
2059 1170 0
2059 1197 0
2059 4301 0
2059 1259 0
2059 5432 0
2059 5523 0
2059 5835 0
2059 3844 0
2059 20251 0
2059 6792 0
2059 1927 1
2059 1943 0
2059 6062 0
5132 1927 1
5132 6792 0
5132 5132 0
5132 7077 0
5132 15240 1
5132 16079 0
5132 5620 0
5132 1653 0
6669 2604 1
6669 2605 0
6669 1591 0
6669 7266 0
6669 1620 0
6669 19135 0
6669 2708 0
6669 12954 0
6669 1197 0
6669 2762 0
6669 5850 0
6669 5856 0
6669 19879 0
6669 2338 0
6669 18728 0
6669 821 0
6669 5464 0
6669 5466 0
6669 3426 0
6669 7045 0
6669 1927 1
6669 2997 0
6669 2500 0
4110 2048 0
4110 4110 0
4110 20 0
4110 8254 0
4110 4339 0
4110 8477 0
4110 4647 0
4110 337 0
4110 338 0
4110 17064 0
4110 7858 0
4110 2594 0
4110 2598 0
4110 2599 0
4110 2604 1
4110 2708 0
4110 679 0
4110 4780 0
4110 4803 0
4110 835 0
4110 7266 0
4110 1259 0
4110 19879 0
4110 1591 0
4110 1620 0
4110 1653 0
4110 7836 0
4110 2718 0
4110 5868 0
4110 5882 0
4110 6792 0
4110 5981 0
4110 6005 1
4110 6068 0
4110 2722 0
13656 6165 0
13656 8254 0
13656 4223 0
13656 4319 0
13656 263 0
13656 2338 0
13656 5529 0
13656 4534 0
13656 6631 1
13656 6728 0
13656 2718 0
13656 5393 0
13656 13656 0
13656 5469 0
13656 7851 0
13656 5868 0
13656 5882 0
13656 5884 0
13656 6068 0
7699 1160 0
7699 8329 0
7699 7836 0
7699 18085 0
7699 1741 0
7699 4859 0
7699 301 0
7699 4371 0
7699 5432 0
7699 5994 0
7699 6005 1
7699 892 0
7699 8065 0
7699 15240 1
7699 6560 0
7699 2500 0
7699 7077 0
7699 3043 0
7699 7165 0
20 2048 0
20 20 0
20 8254 0
20 6165 0
20 4300 0
20 4301 0
20 8403 0
20 2280 0
20 4339 0
20 2338 0
20 4409 0
20 6560 0
20 3844 0
20 561 0
20 4694 0
20 2708 0
20 2718 0
20 8867 0
20 719 0
20 6883 1
20 827 0
20 861 0
20 869 0
20 892 0
20 3043 0
20 5236 1
20 1170 0
20 1259 0
20 5432 0
20 5464 0
20 5469 0
20 3446 0
20 1620 0
20 1718 0
20 1741 0
20 7893 0
20 5850 0
20 5855 0
20 5858 0
20 1765 0
20 20251 0
20 5981 0
20 1927 1
20 3986 0
20 6062 0
6165 2048 0
6165 8295 0
6165 8403 0
6165 4319 0
6165 2280 0
6165 6165 0
6165 263 0
6165 8467 0
6165 2338 0
6165 4647 0
6165 4396 0
6165 337 0
6165 4465 0
6165 4524 0
6165 4525 0
6165 4534 0
6165 19879 0
6165 2594 0
6165 2598 0
6165 2599 0
6165 2604 1
6165 2605 0
6165 561 0
6165 6739 0
6165 6792 0
6165 2708 0
6165 2718 0
6165 2722 0
6165 6828 0
6165 861 0
6165 2997 0
6165 3141 0
6165 1177 0
6165 13512 0
6165 1259 0
6165 5464 0
6165 5466 0
6165 3426 0
6165 1388 0
6165 7064 0
6165 5529 0
6165 15924 0
6165 1591 0
6165 16308 0
6165 1620 0
6165 7851 0
6165 16079 0
6165 7893 0
6165 5855 0
6165 5856 0
6165 1765 0
6165 5981 0
6165 16241 0
6165 8065 0
6165 1927 1
6165 3986 0
6165 1943 0
6165 18332 0
6165 12954 0
6165 7836 0
6165 6065 0
6165 6068 0
6165 8867 0
6165 7165 0
3844 2604 1
3844 2605 0
3844 5469 0
3844 1620 0
3844 7721 0
3844 129 0
3844 7317 0
3844 20251 0
3844 4780 0
3844 5858 0
3844 7414 0
3844 3844 0
3844 3354 0
3844 4409 0
3844 4413 0
3844 337 0
3844 338 0
3844 1882 1
3844 3446 0
3844 16762 0
3844 3986 0
3844 5981 0
3844 10665 0
3844 8999 1
3844 7635 0
3844 3043 0
3844 7165 0
4122 5793 1
4122 5794 1
4122 3633 2
4122 13512 1
4122 1765 1
4122 2280 1
4122 4223 1
14682 2594 0
14682 2598 0
14682 2604 1
14682 8254 0
14682 17478 0
14682 7266 0
14682 1653 0
14682 17064 0
14682 7851 0
14682 18143 0
14682 7438 0
14682 5393 0
14682 8295 0
14682 8477 0
14682 18728 0
14682 4396 0
14682 10286 0
14682 1388 0
14682 7538 0
14682 6005 1
14682 12954 0
14682 15867 0
2594 2048 0
2594 10286 0
2594 8254 0
2594 18143 0
2594 8295 0
2594 4319 0
2594 263 0
2594 8467 0
2594 5850 0
2594 2338 0
2594 8483 0
2594 18728 0
2594 4396 0
2594 337 0
2594 338 0
2594 4524 0
2594 4525 0
2594 17064 0
2594 2594 0
2594 2598 0
2594 2599 0
2594 2604 1
2594 2605 0
2594 561 0
2594 6739 0
2594 8477 0
2594 2718 0
2594 2722 0
2594 8867 0
2594 19135 0
2594 2762 0
2594 821 0
2594 6977 0
2594 4956 0
2594 861 0
2594 4958 0
2594 869 0
2594 5020 0
2594 2997 0
2594 11236 0
2594 4957 0
2594 3141 0
2594 17478 0
2594 7266 0
2594 13460 0
2594 1259 0
2594 3426 0
2594 1388 0
2594 7538 0
2594 7064 0
2594 5529 0
2594 19879 0
2594 1591 0
2594 16308 0
2594 1653 0
2594 7851 0
2594 7858 0
2594 1741 0
2594 7893 0
2594 5855 0
2594 1765 0
2594 5994 0
2594 16241 0
2594 8065 0
2594 1927 1
2594 3986 0
2594 1943 0
2594 5103 0
2594 18332 0
2594 12954 0
2594 6065 0
2594 6068 0
2594 6078 0
8228 20251 0
8228 4534 0
8228 8403 0
15909 6278 1
15909 12935 1
15909 10125 1
15909 8592 1
15909 8593 1
15909 3986 1
15909 8467 1
15909 13502 1
15909 16807 1
15909 550 1
15909 8999 2
15909 10665 1
15909 15922 1
15909 7858 1
15909 15924 1
15909 1591 1
15909 4409 1
15909 4413 1
15909 4414 1
15909 4416 1
15909 5324 1
15909 2381 1
15909 7635 1
15909 13275 1
15909 18143 1
15909 6752 1
15909 20646 1
15909 6887 1
15909 6760 1
15909 13031 1
15909 8594 1
15909 4463 1
15909 4465 1
15909 9150 1
15909 18040 1
550 6278 0
550 12935 0
550 8592 0
550 8593 0
550 8594 0
550 8999 1
550 15922 0
550 15924 0
550 4413 0
550 4414 0
550 4416 0
550 7635 0
550 13031 0
550 16807 0
550 13502 0
2599 2048 0
2599 19879 0
2599 2598 0
2599 2599 0
2599 2604 1
2599 2605 0
2599 4957 0
2599 561 0
2599 16308 0
2599 8254 0
2599 6739 0
2599 9150 0
2599 7165 0
2599 2708 0
2599 2718 0
2599 2722 0
2599 17064 0
2599 19135 0
2599 2762 0
2599 5835 0
2599 1741 0
2599 4319 0
2599 1765 0
2599 2280 0
2599 7414 0
2599 7893 0
2599 13460 0
2599 18728 0
2599 8467 0
2599 8477 0
2599 2338 0
2599 5529 0
2599 821 0
2599 6977 0
2599 2382 0
2599 338 0
2599 11236 0
2599 4956 0
2599 861 0
2599 4958 0
2599 3426 0
2599 869 0
2599 5994 0
2599 16241 0
2599 3446 0
2599 3729 0
2599 8065 0
2599 1927 1
2599 3986 0
2599 1943 0
2599 5103 0
2599 3141 0
2599 4524 0
2599 4525 0
2599 6065 0
2599 2997 0
2599 6078 0
2599 2500 0
7721 2605 0
7721 1591 0
7721 1653 0
7721 2708 0
7721 2718 0
7721 2722 0
7721 18085 0
7721 4319 0
7721 2280 0
7721 1259 0
7721 2604 1
7721 4476 0
7721 1927 1
7721 7064 0
7721 6068 0
13356 2604 1
13356 7858 0
13356 1591 0
13356 4859 0
13356 8477 0
13356 3446 0
13356 1927 1
13356 19872 0
13356 2500 0
13356 19879 0
17074 1943 0
17074 2604 1
17074 5981 0
17074 6883 1
17074 3324 1
10286 8254 0
10286 1388 0
10286 8467 0
10286 8477 0
10286 18728 0
10286 4396 0
10286 2598 0
10286 2604 1
10286 8295 0
10286 12954 0
10286 17064 0
10286 17478 0
10286 7266 0
10286 7438 0
10286 5393 0
10286 1350 0
10286 7538 0
10286 3446 0
10286 19847 1
10286 7635 0
10286 15867 0
10286 7836 0
10286 7851 0
10286 5855 0
10286 3986 0
5981 8254 0
5981 129 0
5981 8393 0
5981 263 0
5981 8467 0
5981 301 0
5981 337 0
5981 338 0
5981 16762 0
5981 561 0
5981 17064 0
5981 821 0
5981 827 0
5981 9150 0
5981 1170 0
5981 1350 0
5981 1388 0
5981 1591 0
5981 1620 0
5981 8477 0
5981 1718 0
5981 1758 0
5981 11236 0
5981 1943 0
5981 2048 0
5981 2280 0
5981 2338 0
5981 3141 0
5981 2500 0
5981 2598 0
5981 2604 1
5981 2605 0
5981 2708 0
5981 2722 0
5981 2762 0
5981 2997 0
5981 3043 0
5981 3311 1
5981 3354 0
5981 3426 0
5981 3446 0
5981 19879 0
5981 3729 0
5981 3868 0
5981 3986 0
5981 4300 0
5981 4339 0
5981 4371 0
5981 4409 0
5981 4780 0
5981 13031 0
5981 4859 0
5981 4956 0
5981 4957 0
5981 4958 0
5981 5180 0
5981 13460 0
5981 13479 0
5981 5393 0
5981 5432 0
5981 5469 0
5981 5620 0
5981 5651 0
5981 5835 0
5981 5855 0
5981 5856 0
5981 5882 0
5981 5981 0
5981 6005 1
5981 6065 0
5981 6068 0
5981 6078 0
5981 6560 0
5981 6630 0
5981 6728 0
5981 6739 0
5981 6760 0
5981 6792 0
5981 20251 0
5981 6883 1
5981 15153 0
5981 7077 0
5981 7165 0
5981 7317 0
5981 15671 0
5981 7635 0
5981 5380 0
5981 7858 0
5981 16079 0
5981 7893 0
5981 16308 0
3633 5380 1
3633 1160 1
3633 141 1
3633 5793 1
3633 5794 1
3633 6828 1
3633 3633 2
3633 5432 1
3633 5855 1
3633 6005 2
15922 6278 0
15922 8592 0
15922 8593 0
15922 8594 0
15922 8999 1
15922 10665 0
15922 4221 0
15922 13502 0
15922 4413 0
15922 4414 0
15922 4416 0
15922 7635 0
15922 13031 0
15922 6760 0
15922 4463 0
15922 4465 0
15922 9150 0
15924 4957 0
15924 12935 0
15924 18332 0
15924 8999 1
15924 4956 0
15924 861 0
15924 4958 0
15924 10125 0
15924 3986 0
15924 5020 0
15924 19879 0
15924 7635 0
1591 2048 0
1591 6828 0
1591 129 0
1591 3446 0
1591 4301 0
1591 4319 0
1591 2280 0
1591 4339 0
1591 8467 0
1591 5850 0
1591 2338 0
1591 4409 0
1591 4413 0
1591 2382 0
1591 338 0
1591 16762 0
1591 4534 0
1591 2598 0
1591 4647 0
1591 2604 1
1591 2605 0
1591 6739 0
1591 6792 0
1591 2718 0
1591 2722 0
1591 8867 0
1591 4780 0
1591 4803 0
1591 6883 1
1591 11038 0
1591 821 0
1591 4956 0
1591 861 0
1591 4958 0
1591 6630 0
1591 5020 0
1591 11236 0
1591 4957 0
1591 7266 0
1591 1170 0
1591 1177 0
1591 1197 0
1591 5324 0
1591 5380 0
1591 7438 0
1591 5393 0
1591 3426 0
1591 1388 0
1591 5529 0
1591 19879 0
1591 3525 0
1591 7635 0
1591 1591 0
1591 2997 0
1591 1620 0
1591 1653 0
1591 18040 0
1591 7851 0
1591 8477 0
1591 7858 0
1591 290 0
1591 7893 0
1591 18134 0
1591 5855 0
1591 18728 0
1591 15671 0
1591 3986 0
1591 1943 0
1591 18332 0
1591 12954 0
1591 6065 0
1591 16308 0
290 2598 0
290 1620 0
290 5835 0
290 719 0
290 6883 1
290 1259 0
290 4339 0
290 4371 0
290 290 0
290 5432 0
290 1350 0
290 5469 0
290 5994 0
290 6005 1
290 4534 0
6068 2048 0
6068 129 0
6068 4301 0
6068 1741 0
6068 4319 0
6068 16308 0
6068 2338 0
6068 301 0
6068 338 0
6068 8594 0
6068 4465 0
6068 6904 0
6068 2604 1
6068 561 0
6068 6739 0
6068 6752 0
6068 2708 0
6068 2718 0
6068 2722 0
6068 8867 0
6068 4803 0
6068 719 0
6068 6883 1
6068 11038 0
6068 827 0
6068 861 0
6068 7064 0
6068 5022 0
6068 2997 0
6068 11236 0
6068 7165 0
6068 13479 0
6068 5380 0
6068 7438 0
6068 5464 0
6068 3426 0
6068 3446 0
6068 19879 0
6068 1653 0
6068 7893 0
6068 5850 0
6068 5855 0
6068 5856 0
6068 16241 0
6068 6005 1
6068 8065 0
6068 3986 0
6068 1943 0
6068 18332 0
6068 12954 0
6068 6065 0
6068 6068 0
5180 2598 0
5180 5180 0
5180 5746 1
5180 1653 0
5180 4223 0
5180 8329 0
5180 141 0
5180 1765 0
5180 1259 0
5180 5884 0
5180 7438 0
5180 5393 0
5180 20144 1
5180 5469 0
5180 16762 0
5180 6065 0
5180 2997 0
5180 13502 0
5180 15867 0
8254 2048 0
8254 5464 0
8254 2598 0
8254 2604 1
8254 2605 0
8254 6752 0
8254 6739 0
8254 869 0
8254 7266 0
8254 8295 0
8254 1170 0
8254 12954 0
8254 17064 0
8254 7851 0
8254 7858 0
8254 1741 0
8254 7893 0
8254 6883 1
8254 8065 0
8254 13512 0
8254 5850 0
8254 2338 0
8254 18728 0
8254 4396 0
8254 4409 0
8254 6977 0
8254 338 0
8254 4956 0
8254 4957 0
8254 4958 0
8254 3426 0
8254 1388 0
8254 16241 0
8254 7538 0
8254 8477 0
8254 3986 0
8254 1943 0
8254 5529 0
8254 17478 0
8254 19879 0
8254 18332 0
8254 6065 0
8254 16308 0
8254 2997 0
8254 6078 0
8254 2500 0
8254 3043 0
8254 15867 0
3141 2048 0
3141 16308 0
3141 3141 0
3141 1620 0
3141 5476 0
3141 6760 0
3141 1653 0
3141 129 0
3141 4803 0
3141 1177 0
3141 2718 0
3141 2722 0
3141 679 0
3141 4780 0
3141 1718 0
3141 6005 1
3141 5324 0
3141 5855 0
3141 5856 0
3141 19879 0
3141 8467 0
3141 3354 0
3141 5529 0
3141 6977 0
3141 338 0
3141 1882 1
3141 861 0
3141 3426 0
3141 5994 0
3141 3986 0
3141 3729 0
3141 8065 0
3141 1943 0
3141 6065 0
3141 2997 0
3141 18332 0
3141 11236 0
3141 7893 0
3141 6739 0
17478 2598 0
17478 2604 1
17478 7266 0
17478 8295 0
17478 1388 0
17478 17064 0
17478 7851 0
17478 1577 1
17478 7438 0
17478 5393 0
17478 8477 0
17478 18728 0
17478 4396 0
17478 6977 0
17478 7538 0
17478 3986 0
17478 12954 0
17478 15867 0
6728 2604 1
6728 1620 0
6728 1718 0
6728 1882 1
6728 6728 0
6728 6630 0
16807 6278 0
16807 8999 1
16807 8592 0
16807 8593 0
16807 8594 0
16241 2048 0
16241 4223 0
16241 8403 0
16241 263 0
16241 8477 0
16241 18728 0
16241 2382 0
16241 4465 0
16241 4524 0
16241 6630 0
16241 6760 0
16241 6792 0
16241 2718 0
16241 17064 0
16241 4803 0
16241 4859 0
16241 11038 0
16241 2881 0
16241 6631 1
16241 15240 1
16241 7165 0
16241 1218 0
16241 1259 0
16241 1388 0
16241 3446 0
16241 1653 0
16241 18040 0
16241 7858 0
16241 5855 0
16241 12935 0
16241 16241 0
16241 4416 0
16241 1927 1
16241 10125 0
2129 5651 0
2129 5858 0
2129 6883 1
2129 3311 1
2129 5882 0
2129 5884 0
2129 1350 0
2129 7635 0
6739 2048 0
6739 4300 0
6739 4301 0
6739 4319 0
6739 17064 0
6739 8467 0
6739 5850 0
6739 2338 0
6739 8483 0
6739 4647 0
6739 4413 0
6739 4463 0
6739 6560 0
6739 4524 0
6739 19879 0
6739 2598 0
6739 2604 1
6739 2605 0
6739 6739 0
6739 6760 0
6739 2708 0
6739 2718 0
6739 2722 0
6739 8867 0
6739 6828 0
6739 7635 0
6739 2881 0
6739 4957 0
6739 4958 0
6739 5020 0
6739 9150 0
6739 7266 0
6739 1259 0
6739 5380 0
6739 7438 0
6739 1350 0
6739 5464 0
6739 5466 0
6739 1388 0
6739 5529 0
6739 15867 0
6739 5393 0
6739 1653 0
6739 1674 0
6739 7851 0
6739 8477 0
6739 7858 0
6739 1741 0
6739 18134 0
6739 1765 0
6739 18728 0
6739 1927 1
6739 3986 0
6739 5103 0
6739 12954 0
1620 7858 0
1620 4300 0
1620 4301 0
1620 2280 0
1620 4371 0
1620 2338 0
1620 2375 0
1620 337 0
1620 338 0
1620 5523 0
1620 4524 0
1620 4534 0
1620 4647 0
1620 2604 1
1620 4694 0
1620 2708 0
1620 2718 0
1620 2722 0
1620 8867 0
1620 679 0
1620 2762 0
1620 719 0
1620 827 0
1620 4956 0
1620 4957 0
1620 4958 0
1620 892 0
1620 3022 0
1620 1170 0
1620 7317 0
1620 1197 0
1620 5324 0
1620 1259 0
1620 8403 0
1620 5432 0
1620 5469 0
1620 4339 0
1620 1620 0
1620 5746 1
1620 1674 0
1620 1718 0
1620 5835 0
1620 1741 0
1620 5855 0
1620 1765 0
1620 5868 0
1620 5882 0
1620 301 0
1620 20251 0
1620 6792 0
1620 3986 0
1620 1943 0
1620 18332 0
1620 5787 0
1620 6062 0
4694 5469 0
4694 4694 0
4694 1674 0
4694 1170 0
4694 6828 0
4694 1741 0
4694 719 0
4694 4305 0
4694 1259 0
4694 2338 0
4694 827 0
4694 2382 0
4694 861 0
4694 869 0
4694 6005 1
4694 15240 1
4694 3986 0
4694 4534 0
4694 5523 0
6752 861 0
6752 561 0
6752 16308 0
6752 6752 0
6752 18040 0
6752 3729 0
6752 18085 0
6752 892 0
6752 5324 0
6752 7893 0
6752 5855 0
6752 7851 0
6752 2338 0
6752 8999 1
6752 1350 0
6752 4956 0
6752 4957 0
6752 4958 0
6752 4463 0
6752 6977 0
6752 10125 0
6752 3986 0
6752 4524 0
6752 1259 0
6752 2500 0
6752 7635 0
6752 19879 0
7266 2598 0
7266 2604 1
7266 7266 0
7266 8295 0
7266 6760 0
7266 13479 0
7266 17064 0
7266 7851 0
7266 7893 0
7266 5855 0
7266 7438 0
7266 5393 0
7266 8477 0
7266 18728 0
7266 4396 0
7266 5994 0
7266 1388 0
7266 7538 0
7266 6005 1
7266 16762 0
7266 3986 0
7266 5529 0
7266 12954 0
7266 16308 0
7266 15867 0
8295 2598 0
8295 1577 1
8295 2604 1
8295 12954 0
8295 17064 0
8295 7851 0
8295 8477 0
8295 18728 0
8295 4396 0
8295 7538 0
6760 6278 0
6760 5787 0
6760 8867 0
6760 8403 0
6760 7893 0
6760 2280 0
6760 8999 1
6760 8467 0
6760 18728 0
6760 5855 0
6760 2381 0
6760 1943 0
6760 16308 0
8817 1577 1
8817 20144 1
8817 5882 0
8817 5884 0
5746 1718 1
5746 5432 1
5746 1741 1
5746 18134 1
5746 5855 1
5746 5746 2
5746 1653 1
5747 5747 0
5747 5432 0
5747 5466 0
5747 1927 1
5747 1943 0
5747 18332 0
5747 1350 0
5747 3535 0
5747 3324 1
5236 8329 1
5236 1674 1
5236 5523 1
5236 20251 1
5236 2338 1
5236 8867 1
5236 6062 1
5236 4534 1
5236 1718 1
5236 1882 2
5236 5469 1
5236 4339 1
5236 7414 1
6078 4221 0
6078 4223 0
6078 129 0
6078 4305 0
6078 301 0
6078 2382 0
6078 2500 0
6078 2598 0
6078 2604 1
6078 2605 0
6078 2708 0
6078 2718 0
6078 17064 0
6078 861 0
6078 4958 0
6078 5020 0
6078 7077 0
6078 1259 0
6078 5432 0
6078 1653 0
6078 3729 0
6078 5793 0
6078 5855 0
6078 3868 0
6078 4409 0
6078 1927 1
6078 1943 0
6078 6078 0
18040 2598 0
18040 2605 0
18040 1653 0
18040 4221 0
18040 12935 0
18040 6792 0
18040 1388 0
18040 2722 0
18040 7851 0
18040 13031 0
18040 7858 0
18040 6887 0
18040 4859 0
18040 18728 0
18040 8467 0
18040 8477 0
18040 8999 1
18040 4413 0
18040 4414 0
18040 4416 0
18040 2881 0
18040 15671 0
18040 337 0
18040 338 0
18040 8594 0
18040 5020 0
18040 19879 0
18040 9150 0
18040 10125 0
18040 7635 0
4221 1927 1
4221 4413 0
4221 2500 0
4221 4957 0
4221 3426 0
4221 1765 0
4221 4465 0
4221 1653 0
4221 6005 1
4221 7165 0
4221 4223 0
6977 6293 0
6977 16762 0
6977 8467 0
6977 8477 0
6977 301 0
6977 4409 0
6977 4463 0
6977 2500 0
6977 2598 0
6977 2604 1
6977 2605 0
6977 561 0
6977 12954 0
6977 2722 0
6977 17064 0
6977 4780 0
6977 4803 0
6977 6977 0
6977 15240 1
6977 7077 0
6977 2997 0
6977 5103 0
6977 1388 0
6977 15867 0
6977 5850 0
6977 5393 0
6977 1653 0
6977 18085 0
6977 7851 0
6977 7858 0
6977 5856 0
6977 6062 0
4223 141 0
4223 3729 0
4223 5858 0
4223 2338 0
4223 6792 0
4223 5432 0
4223 4956 0
4223 19345 0
4223 1927 1
4223 2500 0
4223 18085 0
4223 7165 0
129 4647 0
129 2604 1
129 5469 0
129 129 0
129 4803 0
129 1197 0
129 2338 0
129 821 0
129 337 0
129 338 0
129 3446 0
129 7317 0
129 1927 1
129 5020 0
129 4524 0
129 4525 0
129 4534 0
129 5523 0
20514 7317 0
20514 20144 1
20514 20514 0
20514 2598 0
20514 1350 0
20514 5994 0
20514 6005 1
20514 5882 0
20514 5884 0
6278 12935 0
6278 8592 0
6278 8593 0
6278 8594 0
6278 4413 0
6278 4414 0
6278 4416 0
6278 7635 0
6278 861 0
6278 13031 0
6278 8999 1
12935 10125 0
12935 8592 0
12935 8594 0
12935 2338 0
12935 8999 1
12935 6792 0
12935 4413 0
12935 4414 0
12935 4416 0
12935 2881 0
12935 7635 0
12935 6887 0
12935 13031 0
12935 4859 0
1160 5469 0
1160 8393 0
1160 263 0
1160 4371 0
1160 8483 0
1160 8484 0
1160 301 0
1160 6560 0
1160 4534 0
1160 2500 0
1160 561 0
1160 6792 0
1160 6828 0
1160 6904 0
1160 4859 0
1160 2881 0
1160 835 0
1160 4957 0
1160 892 0
1160 5022 0
1160 7077 0
1160 3043 0
1160 861 0
1160 1160 0
1160 1259 0
1160 3354 0
1160 4409 0
1160 19777 0
1160 5476 0
1160 1388 0
1160 3446 0
1160 5523 0
1160 1653 0
1160 3729 0
1160 1741 0
1160 5855 0
1160 5858 0
1160 1765 0
1160 3868 0
1160 3722 0
1160 5432 0
1160 1882 1
1160 5994 0
1160 1350 0
8329 5651 0
8329 5994 0
8329 8329 0
8329 7836 0
8329 18085 0
8329 4305 0
8329 8432 0
8329 8065 0
8329 19847 1
8329 7077 0
8329 2500 0
1674 4957 0
1674 16762 0
1674 1653 0
1674 8127 0
1674 1674 0
1674 5787 0
1674 13479 0
1674 1765 0
1674 861 0
1674 8477 0
1674 2338 0
1674 827 0
1674 337 0
1674 338 0
1674 1882 1
1674 4956 0
1674 5469 0
1674 4958 0
1674 1927 1
1674 3986 0
1674 7064 0
1674 19879 0
1674 16308 0
1674 7165 0
141 2604 1
141 1653 0
141 141 0
141 7317 0
141 7836 0
141 5793 0
141 1197 0
141 8432 0
141 7635 0
141 5882 0
141 4859 0
141 5393 0
141 3354 0
141 2338 0
141 301 0
141 18134 0
141 7077 0
141 11185 0
3729 4305 0
3729 4371 0
3729 5850 0
3729 8483 0
3729 4409 0
3729 2381 0
3729 2382 0
3729 4463 0
3729 4486 0
3729 2500 0
3729 6630 0
3729 2598 0
3729 2604 1
3729 561 0
3729 6792 0
3729 2718 0
3729 2722 0
3729 8867 0
3729 4803 0
3729 4859 0
3729 827 0
3729 869 0
3729 892 0
3729 7077 0
3729 3043 0
3729 7165 0
3729 5324 0
3729 4647 0
3729 3354 0
3729 5432 0
3729 7414 0
3729 1653 0
3729 3729 0
3729 1741 0
3729 5855 0
3729 5856 0
3729 5858 0
3729 1927 1
3729 1943 0
1170 4300 0
1170 4301 0
1170 2280 0
1170 2338 0
1170 4463 0
1170 4524 0
1170 2722 0
1170 8867 0
1170 5020 0
1170 3013 0
1170 3354 0
1170 5432 0
1170 5469 0
1170 1388 0
1170 1718 0
1170 5855 0
1170 20251 0
1170 1882 1
1170 1927 1
1170 3986 0
1170 6062 0
1170 8129 0
13460 13460 0
13460 1927 1
13460 2604 1
13460 2718 0
13460 7893 0
6293 2048 0
6293 5380 0
6293 4371 0
6293 2708 0
6293 3354 0
6293 18085 0
6293 2500 0
6293 1882 1
6293 5476 0
6293 5994 0
6293 1653 0
6293 6005 1
1177 2604 1
1177 2605 0
1177 1177 0
1177 8867 0
1177 17064 0
1177 7858 0
1177 1218 0
1177 4319 0
1177 5882 0
1177 8477 0
1177 11038 0
1177 18728 0
1177 12095 0
1177 1927 1
1177 19879 0
1177 7165 0
12954 2598 0
12954 1577 1
12954 2605 0
12954 1653 0
12954 20251 0
12954 17064 0
12954 7851 0
12954 7538 0
12954 1741 0
12954 4305 0
12954 7893 0
12954 16762 0
12954 2280 0
12954 7438 0
12954 5393 0
12954 16308 0
12954 8477 0
12954 2338 0
12954 18728 0
12954 4396 0
12954 827 0
12954 337 0
12954 338 0
12954 5466 0
12954 861 0
12954 1388 0
12954 2604 1
12954 1927 1
12954 5020 0
12954 3986 0
12954 15867 0
5787 1653 0
5787 5787 0
5787 2718 0
5787 4305 0
5787 7893 0
5787 1259 0
5787 2338 0
5787 5464 0
5787 1927 1
5787 3986 0
5787 16308 0
5787 7165 0
7836 5380 0
7836 8065 0
7836 1653 0
7836 7836 0
7836 8867 0
7836 4803 0
7836 1741 0
7836 7893 0
7836 5856 0
7836 2280 0
7836 1259 0
7836 3354 0
7836 301 0
7836 5432 0
7836 2382 0
7836 5994 0
7836 19847 1
7836 15240 1
7836 7077 0
7836 11185 0
7836 18085 0
7836 5620 0
2718 2048 0
2718 4319 0
2718 8467 0
2718 2338 0
2718 301 0
2718 4413 0
2718 2381 0
2718 337 0
2718 5523 0
2718 4524 0
2718 4525 0
2718 4534 0
2718 2500 0
2718 19879 0
2718 561 0
2718 6792 0
2718 2708 0
2718 2718 0
2718 2722 0
2718 679 0
2718 719 0
2718 4859 0
2718 11038 0
2718 15153 0
2718 827 0
2718 2881 0
2718 861 0
2718 869 0
2718 5022 0
2718 3022 0
2718 3043 0
2718 1882 1
2718 5432 0
2718 5464 0
2718 5469 0
2718 3426 0
2718 3446 0
2718 1943 0
2718 3535 0
2718 5620 0
2718 1718 0
2718 5835 0
2718 1741 0
2718 16079 0
2718 5855 0
2718 5882 0
2718 8065 0
2718 1927 1
2718 3986 0
2718 18332 0
2718 6065 0
2718 2382 0
2718 18085 0
2718 7165 0
3525 15240 1
3525 1577 1
3525 3525 0
3525 869 0
5793 2708 0
5793 5793 0
5793 18085 0
5793 1259 0
5793 4859 0
5793 827 0
5793 12095 0
5793 2382 0
5793 4957 0
5793 19777 0
5793 19879 0
5793 5794 0
5793 2500 0
2722 2048 0
2722 4319 0
2722 8467 0
2722 8477 0
2722 2338 0
2722 301 0
2722 338 0
2722 5523 0
2722 4524 0
2722 4525 0
2722 2500 0
2722 19879 0
2722 2881 0
2722 2598 0
2722 2605 0
2722 6792 0
2722 2708 0
2722 2722 0
2722 6883 1
2722 4859 0
2722 11038 0
2722 861 0
2722 869 0
2722 7064 0
2722 5020 0
2722 5022 0
2722 9150 0
2722 3043 0
2722 5324 0
2722 1259 0
2722 5380 0
2722 5432 0
2722 5464 0
2722 5469 0
2722 3426 0
2722 1388 0
2722 3446 0
2722 7635 0
2722 5620 0
2722 16308 0
2722 2997 0
2722 1653 0
2722 18085 0
2722 7851 0
2722 7858 0
2722 1741 0
2722 16079 0
2722 7893 0
2722 5855 0
2722 18728 0
2722 5882 0
2722 8065 0
2722 1927 1
2722 3986 0
2722 1943 0
2722 18332 0
2722 6065 0
8867 2048 0
8867 4301 0
8867 8403 0
8867 4319 0
8867 2280 0
8867 263 0
8867 2338 0
8867 301 0
8867 337 0
8867 338 0
8867 6560 0
8867 2598 0
8867 2604 1
8867 8867 0
8867 679 0
8867 6904 0
8867 11038 0
8867 861 0
8867 7064 0
8867 7077 0
8867 3043 0
8867 11236 0
8867 1218 0
8867 3426 0
8867 1388 0
8867 3446 0
8867 5529 0
8867 19879 0
8867 16308 0
8867 7851 0
8867 1741 0
8867 7893 0
8867 8065 0
8867 3986 0
8867 1943 0
8867 18332 0
18085 19777 0
18085 1577 1
18085 8467 0
18085 3722 0
18085 2708 0
18085 1741 0
18085 16079 0
18085 1758 0
18085 5855 0
18085 4859 0
18085 301 0
18085 4371 0
18085 3354 0
18085 3868 0
18085 5432 0
18085 6005 1
18085 8065 0
18085 3986 0
18085 5523 0
18085 7077 0
18085 2500 0
18085 5794 0
20646 8999 1
13479 4305 0
13479 13031 0
13479 5380 0
13479 4956 0
13479 5994 0
13479 6005 1
13479 1927 1
17064 2048 0
17064 2598 0
17064 2604 1
17064 2605 0
17064 4957 0
17064 7851 0
17064 19135 0
17064 13512 0
17064 2762 0
17064 1741 0
17064 7893 0
17064 5850 0
17064 6883 1
17064 1765 0
17064 8477 0
17064 18728 0
17064 4396 0
17064 821 0
17064 337 0
17064 4956 0
17064 4958 0
17064 3426 0
17064 7538 0
17064 8065 0
17064 3986 0
17064 1943 0
17064 5529 0
17064 6065 0
17064 16308 0
17064 2997 0
17064 7858 0
17064 11236 0
17064 7165 0
7851 5464 0
7851 1388 0
7851 4319 0
7851 8467 0
7851 8477 0
7851 2338 0
7851 4396 0
7851 2598 0
7851 2604 1
7851 2605 0
7851 861 0
7851 5020 0
7851 2997 0
7851 13512 0
7851 7438 0
7851 5393 0
7851 5466 0
7851 7538 0
7851 5529 0
7851 19879 0
7851 7635 0
7851 15867 0
7851 5651 0
7851 6065 0
7851 1577 1
7851 1653 0
7851 7851 0
7851 7858 0
7851 1741 0
7851 7893 0
7851 18728 0
7851 8065 0
7851 3986 0
7851 1943 0
7851 18332 0
7851 16308 0
6828 4647 0
6828 5476 0
6828 5994 0
6828 3722 0
6828 6828 0
6828 1741 0
6828 5858 0
6828 4859 0
6828 5380 0
6828 4371 0
6828 561 0
6828 301 0
6828 5855 0
6828 4463 0
6828 4465 0
6828 6005 1
6828 3446 0
6828 16263 1
6828 3043 0
6828 6630 0
6828 5103 0
6828 15867 0
1197 5466 0
1197 1653 0
1197 3722 0
1197 18134 0
1197 1197 0
1197 1741 0
1197 7893 0
1197 1758 0
1197 5855 0
1197 1765 0
1197 4859 0
1197 4371 0
1197 3354 0
1197 2338 0
1197 301 0
1197 5432 0
1197 2881 0
1197 5620 0
1197 337 0
1197 1882 1
1197 892 0
1197 1927 1
1197 7064 0
1197 5022 0
1197 16308 0
1197 2500 0
1197 7077 0
1197 3043 0
1197 6560 0
1197 5523 0
1197 7165 0
4319 2048 0
4319 4780 0
4319 19135 0
4319 4803 0
4319 4305 0
4319 7893 0
4319 4319 0
4319 1765 0
4319 1259 0
4319 4859 0
4319 2604 1
4319 4371 0
4319 16308 0
4319 2338 0
4319 821 0
4319 337 0
4319 338 0
4319 1882 1
4319 861 0
4319 3426 0
4319 4463 0
4319 6005 1
4319 3446 0
4319 8065 0
4319 3986 0
4319 1943 0
4319 5529 0
4319 18332 0
4319 19879 0
4319 2997 0
4319 4534 0
4319 7077 0
20144 15153 1
20144 5884 1
20144 5994 1
20144 16079 1
20144 20144 2
20144 5620 1
20144 6005 2
20144 5882 1
7858 2048 0
7858 13512 0
7858 2598 0
7858 2604 1
7858 2605 0
7858 861 0
7858 869 0
7858 5393 0
7858 1653 0
7858 8477 0
7858 7858 0
7858 4803 0
7858 7893 0
7858 1765 0
7858 7635 0
7858 4859 0
7858 18728 0
7858 11038 0
7858 2338 0
7858 5529 0
7858 15671 0
7858 4956 0
7858 4957 0
7858 4958 0
7858 5994 0
7858 1388 0
7858 4463 0
7858 3986 0
7858 1943 0
7858 5020 0
7858 19879 0
7858 11185 0
7858 16308 0
7858 2997 0
7858 3043 0
7858 5103 0
1718 4301 0
1718 2708 0
1718 679 0
1718 1718 0
1718 4300 0
1718 1741 0
1718 719 0
1718 4305 0
1718 1259 0
1718 4339 0
1718 8467 0
1718 2338 0
1718 827 0
1718 5469 0
1718 10125 0
1718 5523 0
1718 4524 0
1718 6062 0
1718 4534 0
1718 3022 0
13502 8999 1
13502 13031 0
13502 8592 0
13502 8594 0
13502 7635 0
13502 4413 0
13502 4414 0
19135 18332 0
19135 2604 1
19135 8477 0
19135 18728 0
19135 821 0
19135 1927 1
19135 19879 0
1218 1653 0
1218 1218 0
1218 5855 0
1218 1259 0
1218 3311 1
1218 263 0
1218 11038 0
1218 4463 0
1218 4465 0
1218 3446 0
1218 3986 0
1218 6560 0
1218 6630 0
1218 6631 1
4803 2598 0
4803 2604 1
4803 16308 0
4803 8467 0
4803 4803 0
4803 7893 0
4803 5855 0
4803 1259 0
4803 4339 0
4803 5380 0
4803 263 0
4803 4371 0
4803 11038 0
4803 15671 0
4803 827 0
4803 3426 0
4803 5994 0
4803 1388 0
4803 6005 1
4803 3446 0
4803 1927 1
13512 2048 0
13512 2604 1
13512 1653 0
13512 2708 0
13512 5855 0
13512 5858 0
13512 6883 1
13512 13512 0
13512 18728 0
13512 4409 0
13512 4413 0
13512 5469 0
13512 1388 0
13512 4463 0
13512 3446 0
13512 7165 0
13512 15867 0
8393 5380 0
8393 4780 0
8393 4463 0
8393 3354 0
8393 2338 0
8393 8484 0
8393 2604 1
8393 301 0
8393 6005 1
8393 2500 0
8393 1741 0
8393 16079 0
8393 5476 0
8393 5994 0
8393 15867 0
8393 5523 0
8393 1653 0
8393 4859 0
2762 892 0
2762 2762 0
2762 4859 0
2762 2604 1
2762 8477 0
2762 18728 0
2762 1927 1
2762 19879 0
5835 1653 0
5835 6792 0
5835 4780 0
5835 6005 1
5835 5835 0
5835 4300 0
5835 2338 0
5835 719 0
5835 4647 0
5835 5882 0
5835 3324 1
5835 20251 0
5835 8477 0
5835 15153 0
5835 1350 0
5835 5469 0
5835 5994 0
5835 4463 0
5835 2881 0
5835 5620 0
4300 2604 1
4300 5469 0
4300 561 0
4300 20251 0
4300 4780 0
4300 4300 0
4300 1741 0
4300 4301 0
4300 4339 0
4300 2338 0
4300 1882 1
4300 5476 0
4300 7317 0
4300 1259 0
4300 1927 1
4300 3986 0
4300 7077 0
4300 19879 0
4300 6062 0
4300 10125 0
4300 5523 0
4301 2048 0
4301 5466 0
4301 8467 0
4301 1741 0
4301 6887 0
4301 3324 1
4301 2338 0
4301 337 0
4301 1882 1
4301 3986 0
4301 5523 0
4301 7064 0
4301 5020 0
4301 6065 0
4301 2997 0
1741 2048 0
1741 2280 0
1741 5850 0
1741 2338 0
1741 8484 0
1741 18728 0
1741 301 0
1741 4409 0
1741 4413 0
1741 4414 0
1741 4416 0
1741 2375 0
1741 4463 0
1741 4465 0
1741 4524 0
1741 4525 0
1741 2500 0
1741 2598 0
1741 2604 1
1741 561 0
1741 2708 0
1741 719 0
1741 6904 0
1741 4859 0
1741 827 0
1741 861 0
1741 869 0
1741 892 0
1741 7045 0
1741 15240 1
1741 5022 0
1741 3043 0
1741 5103 0
1741 1259 0
1741 3354 0
1741 5432 0
1741 5464 0
1741 5466 0
1741 5469 0
1741 1388 0
1741 3446 0
1741 5523 0
1741 5529 0
1741 19879 0
1741 11236 0
1741 7077 0
1741 16079 0
1741 8477 0
1741 1741 0
1741 5855 0
1741 1765 0
1741 5994 0
1741 8065 0
1741 1927 1
1741 10125 0
1741 2382 0
1741 6560 0
4305 2604 1
4305 7077 0
4305 5855 0
4305 1758 0
4305 5858 0
4305 6883 1
4305 2598 0
4305 1259 0
4305 8403 0
4305 7414 0
4305 5882 0
4305 4859 0
4305 7893 0
4305 7438 0
4305 4371 0
4305 3354 0
4305 18728 0
4305 5432 0
4305 4409 0
4305 827 0
4305 1350 0
4305 861 0
4305 869 0
4305 6560 0
4305 4524 0
4305 4525 0
4305 2997 0
4305 2500 0
4305 3043 0
4305 6630 0
8403 8467 0
8403 2708 0
8403 6005 1
8403 5858 0
8403 6883 1
8403 7414 0
8403 4371 0
8403 3354 0
8403 4409 0
8403 4463 0
8403 1653 0
8403 7165 0
7893 2048 0
7893 7893 0
7893 18728 0
7893 4396 0
7893 4409 0
7893 4413 0
7893 4463 0
7893 2598 0
7893 2604 1
7893 2605 0
7893 827 0
7893 4956 0
7893 5020 0
7893 5103 0
7893 19879 0
7893 4647 0
7893 5393 0
7893 1388 0
7893 7538 0
7893 7064 0
7893 5529 0
7893 15867 0
7893 16308 0
7893 1653 0
7893 8477 0
7893 5850 0
7893 5855 0
7893 1765 0
7893 6005 1
7893 8065 0
7893 1927 1
7893 2375 0
18134 1765 0
18134 5882 0
18134 5884 0
18134 861 0
18134 3324 1
18134 4088 0
5850 2598 0
5850 4956 0
5850 2604 1
5850 2605 0
5850 4957 0
5850 16308 0
5850 1653 0
5850 5994 0
5850 7538 0
5850 6005 1
5850 19879 0
5850 8065 0
5850 7438 0
5850 5850 0
5850 827 0
5850 861 0
5850 4958 0
5850 1388 0
5850 3986 0
5850 3446 0
5850 892 0
5850 6065 0
5850 2997 0
5850 4534 0
5850 5855 0
5850 3043 0
719 4524 0
719 5469 0
719 4780 0
719 719 0
719 1259 0
719 3311 1
719 4339 0
719 5882 0
719 8467 0
719 301 0
719 2375 0
719 4956 0
719 4957 0
719 4958 0
719 4463 0
719 1927 1
719 3986 0
719 6630 0
16762 1388 0
16762 821 0
16762 1350 0
16762 5994 0
16762 6005 1
16762 1927 1
16762 5529 0
16762 5020 0
16762 3043 0
1758 2338 0
1758 7077 0
1758 1758 0
1758 6005 1
1758 11236 0
1758 3311 1
1758 1653 0
1758 5994 0
18143 3986 0
18143 8999 1
18143 4413 0
18143 4409 0
18143 4414 0
18143 4416 0
18143 5324 0
18143 9150 0
18143 1653 0
5856 4957 0
5856 561 0
5856 7317 0
5856 5855 0
5856 5858 0
5856 5380 0
5856 8467 0
5856 861 0
5856 827 0
5856 4956 0
5856 5994 0
5856 6005 1
5856 1927 1
5856 6560 0
5856 7635 0
5856 5103 0
5858 2048 0
5858 561 0
5858 5855 0
5858 5858 0
5858 6883 1
5858 4371 0
5858 3354 0
5858 827 0
5858 2881 0
5858 835 0
5858 1350 0
5858 861 0
5858 16744 0
5858 5994 0
5858 7538 0
5858 6005 1
5858 3446 0
5858 19777 0
5858 4524 0
5858 4534 0
5858 2500 0
6883 2048 1
6883 19777 1
6883 4647 1
6883 2604 2
6883 2605 1
6883 861 1
6883 561 1
6883 2338 1
6883 6883 2
6883 2280 1
6883 8432 1
6883 4859 1
6883 5393 1
6883 4371 1
6883 3354 1
6883 8477 1
6883 8483 1
6883 4486 1
6883 5855 1
6883 2881 1
6883 1350 1
6883 16744 1
6883 5994 1
6883 1388 1
6883 7538 1
6883 6005 2
6883 3446 1
6883 892 1
6883 16263 2
6883 5103 1
6883 7165 1
1765 2048 0
1765 4409 0
1765 2382 0
1765 6560 0
1765 4534 0
1765 10999 1
1765 8999 1
1765 821 0
1765 4956 0
1765 4957 0
1765 4958 0
1765 7077 0
1765 2997 0
1765 3013 0
1765 3043 0
1765 5103 0
1765 5380 0
1765 7438 0
1765 5393 0
1765 5464 0
1765 5466 0
1765 5469 0
1765 3426 0
1765 1388 0
1765 19879 0
1765 15867 0
1765 1653 0
1765 5855 0
1765 1765 0
1765 5882 0
1765 6005 1
1765 3986 0
1765 1943 0
1765 6065 0
1765 16308 0
6887 6887 0
6887 8999 1
6887 2338 0
6887 5469 0
6887 16744 0
6887 10125 0
2280 5393 0
2280 5855 0
2280 2280 0
2280 18728 0
2280 263 0
2280 827 0
2280 3426 0
2280 3446 0
2280 8065 0
2280 3986 0
892 2604 1
892 561 0
892 1653 0
892 3722 0
892 679 0
892 5855 0
892 4859 0
892 3354 0
892 8483 0
892 301 0
892 5432 0
892 1350 0
892 2382 0
892 892 0
892 5523 0
892 5022 0
892 4524 0
892 4525 0
892 2500 0
892 3043 0
5324 6792 0
5324 4647 0
5324 8999 1
5324 3986 0
5324 19879 0
8999 6792 1
8999 9150 1
8999 10125 1
8999 8592 1
8999 8593 1
8999 3986 1
8999 5020 1
8999 10665 1
8999 4409 1
8999 4413 1
8999 4414 1
8999 4416 1
8999 19872 1
8999 2500 1
8999 7635 1
8999 13275 1
8999 13031 1
8999 8594 1
8999 4463 1
8999 4465 1
5868 4647 0
5868 2604 1
5868 5855 0
5868 7414 0
5868 263 0
5868 5432 0
5868 861 0
5868 3426 0
5868 4465 0
5868 1927 1
5868 3986 0
5868 7064 0
5868 337 0
3311 7064 1
3311 15671 1
3311 2382 1
3311 6630 1
3311 1259 1
3311 3311 2
3311 10106 1
8432 561 0
8432 1350 0
8432 6631 1
4339 6062 0
4339 5469 0
4339 679 0
4339 4780 0
4339 4371 0
4339 2338 0
4339 8467 0
4339 1882 1
4339 3986 0
4339 8477 0
4339 1927 1
4339 4524 0
4339 4525 0
4339 4534 0
4339 3022 0
4339 19879 0
7414 16308 0
7414 16079 0
7414 5855 0
7414 5882 0
7414 8467 0
7414 2338 0
7414 5464 0
7414 5466 0
7414 19345 0
7414 5994 0
7414 3446 0
7414 1927 1
7414 7064 0
7414 4534 0
7414 8127 0
7414 11236 0
1577 18726 1
1577 1577 2
1577 4396 1
1577 5432 1
1577 16744 1
1577 4088 1
6904 561 0
6904 8483 0
6904 5855 0
6904 6904 0
6904 3354 0
6904 8484 0
6904 301 0
6904 6005 1
6904 7045 0
6904 19847 1
6904 5523 0
6904 6560 0
6904 3043 0
5882 2382 0
5882 8594 0
5882 6792 0
5882 2708 0
5882 11038 0
5882 2881 0
5882 19345 0
5882 3043 0
5882 11236 0
5882 869 0
5882 1259 0
5882 19847 1
5882 5620 0
5882 5651 0
5882 1653 0
5882 16079 0
5882 5882 0
5882 5884 0
5882 20251 0
5882 6005 1
5882 1927 1
4859 2048 0
4859 4371 0
4859 8483 0
4859 301 0
4859 4416 0
4859 2382 0
4859 6560 0
4859 4534 0
4859 2500 0
4859 4524 0
4859 561 0
4859 6792 0
4859 2708 0
4859 4859 0
4859 2881 0
4859 869 0
4859 7077 0
4859 3043 0
4859 7165 0
4859 3354 0
4859 5432 0
4859 4409 0
4859 1388 0
4859 3446 0
4859 5523 0
4859 19879 0
4859 5620 0
4859 5855 0
4859 1927 1
4859 10125 0
4859 3986 0
4859 6065 0
5884 1653 0
5884 5884 0
5884 15153 0
5884 6005 1
5884 3446 0
5884 11236 0
5884 5620 0
5380 19777 0
5380 2604 1
5380 1653 0
5380 19505 0
5380 5855 0
5380 5380 0
5380 4371 0
5380 3868 0
5380 561 0
5380 15153 0
5380 3722 0
5380 1350 0
5380 5994 0
5380 2500 0
5380 13275 0
5380 3043 0
5380 19879 0
263 5476 0
263 4957 0
263 5855 0
263 1259 0
263 263 0
263 2338 0
263 835 0
263 2382 0
263 5466 0
263 861 0
263 6631 1
263 7317 0
263 4486 0
263 1927 1
263 7064 0
263 4524 0
263 4525 0
263 6630 0
263 7165 0
2604 2048 1
2604 1388 1
2604 8467 1
2604 8477 1
2604 2338 1
2604 8483 1
2604 18728 1
2604 4396 1
2604 2375 1
2604 337 1
2604 338 1
2604 4476 1
2604 2598 1
2604 2604 2
2604 2605 1
2604 2708 1
2604 679 1
2604 11038 1
2604 821 1
2604 827 1
2604 4956 1
2604 4957 1
2604 4958 1
2604 869 1
2604 19345 1
2604 5020 1
2604 2997 1
2604 3022 1
2604 11236 1
2604 5103 1
2604 7165 1
2604 861 1
2604 19505 1
2604 7317 1
2604 1259 1
2604 7438 1
2604 5393 1
2604 15671 1
2604 5464 1
2604 5469 1
2604 3426 1
2604 7538 1
2604 3446 1
2604 5529 1
2604 15867 1
2604 5651 1
2604 1653 1
2604 3354 1
2604 5855 1
2604 20251 1
2604 3868 1
2604 5994 1
2604 6005 2
2604 3986 1
2604 1943 1
2604 18332 1
2604 6062 1
2604 6065 1
2604 16308 1
7438 16308 0
7438 1388 0
7438 4463 0
7438 7438 0
7438 5393 0
7438 3868 0
7438 18728 0
7438 861 0
7438 5476 0
7438 7538 0
7438 3446 0
7438 1927 1
7438 3986 0
7438 15867 0
2605 2048 0
2605 2598 0
2605 2605 0
2605 8477 0
2605 1653 0
2605 1388 0
2605 18332 0
2605 5855 0
2605 18728 0
2605 4956 0
2605 4957 0
2605 4958 0
2605 3426 0
2605 8065 0
2605 3986 0
2605 1943 0
2605 5020 0
2605 19879 0
2605 6065 0
2605 16308 0
2605 2997 0
2605 7635 0
5393 861 0
5393 4463 0
5393 5393 0
5393 18728 0
5393 1388 0
5393 7538 0
5393 7045 0
5393 3986 0
5393 1943 0
5393 16308 0
5393 15867 0
5393 11236 0
4371 3722 0
4371 1259 0
4371 4371 0
4371 3354 0
4371 8484 0
4371 19505 0
4371 15153 0
4371 5432 0
4371 827 0
4371 4413 0
4371 19777 0
4371 1350 0
4371 3043 0
4371 861 0
4371 5994 0
4371 6005 1
4371 3446 0
4371 7045 0
4371 3986 0
4371 5523 0
4371 2500 0
4371 5855 0
4371 7077 0
4371 6630 0
4371 19879 0
3354 2338 0
3354 18728 0
3354 301 0
3354 2382 0
3354 16744 0
3354 6560 0
3354 2500 0
3354 6630 0
3354 6631 1
3354 561 0
3354 2708 0
3354 15153 0
3354 4956 0
3354 861 0
3354 869 0
3354 3043 0
3354 11236 0
3354 7165 0
3354 7317 0
3354 1259 0
3354 3354 0
3354 19777 0
3354 5466 0
3354 5476 0
3354 5620 0
3354 5855 0
3354 5432 0
3354 8065 0
3354 1927 1
20251 2598 0
20251 1653 0
20251 5994 0
20251 7317 0
20251 20251 0
20251 1259 0
20251 8467 0
20251 2338 0
20251 18728 0
20251 4956 0
20251 5469 0
3868 4956 0
3868 4957 0
3868 5855 0
3868 8483 0
3868 8484 0
3868 6005 1
3868 2986 1
8477 2048 0
8477 2338 0
8477 19847 1
8477 4396 0
8477 4463 0
8477 2598 0
8477 821 0
8477 4956 0
8477 4957 0
8477 4958 0
8477 869 0
8477 7064 0
8477 5020 0
8477 11236 0
8477 861 0
8477 4647 0
8477 3426 0
8477 1388 0
8477 7538 0
8477 5529 0
8477 19879 0
8477 7635 0
8477 15867 0
8477 2997 0
8477 1653 0
8477 18728 0
8477 1882 1
8477 3986 0
8477 1943 0
8477 18332 0
8477 6065 0
8477 16308 0
11038 4647 0
11038 561 0
11038 8467 0
11038 11038 0
11038 12095 0
11038 2382 0
11038 1927 1
11038 7165 0
2338 2048 0
2338 2338 0
2338 4409 0
2338 4463 0
2338 4465 0
2338 2598 0
2338 5020 0
2338 5022 0
2338 2997 0
2338 3022 0
2338 5103 0
2338 7317 0
2338 18728 0
2338 5432 0
2338 5464 0
2338 5466 0
2338 5469 0
2338 3426 0
2338 1388 0
2338 7064 0
2338 19879 0
2338 1653 0
2338 1882 1
2338 5994 0
2338 6065 0
2338 1927 1
2338 10125 0
2338 3986 0
2338 1943 0
2338 6062 0
2338 8127 0
8483 1653 0
8483 5855 0
8483 1259 0
8483 8484 0
8483 18728 0
8483 1350 0
8483 5994 0
8483 3986 0
8483 6560 0
8483 6630 0
8484 561 0
8484 5855 0
8484 1259 0
8484 8484 0
8484 301 0
8484 6792 0
8484 2881 0
8484 6005 1
8484 19847 1
8484 6560 0
8484 3043 0
4780 5529 0
4780 4780 0
4780 3324 1
4780 2375 0
4780 5464 0
4780 861 0
4780 6065 0
4780 1927 1
4780 5523 0
4780 1943 0
4780 7064 0
4780 6062 0
4780 2997 0
4780 4534 0
19505 6792 0
19505 6005 1
19505 19777 0
19505 1350 0
19505 6630 0
19505 1653 0
18728 1388 0
18728 4396 0
18728 338 0
18728 2598 0
18728 561 0
18728 821 0
18728 4956 0
18728 4957 0
18728 4958 0
18728 5020 0
18728 861 0
18728 3426 0
18728 7538 0
18728 5529 0
18728 19879 0
18728 7635 0
18728 15867 0
18728 2997 0
18728 1653 0
18728 5855 0
18728 18728 0
18728 6005 1
18728 8065 0
18728 3986 0
18728 1943 0
18728 18332 0
18728 6065 0
18728 16308 0
4647 4647 0
4647 8467 0
4647 861 0
4647 3426 0
4647 6005 1
4647 3446 0
4647 8065 0
4647 3986 0
4647 5529 0
4647 6065 0
4647 16308 0
4647 2997 0
4647 11236 0
19847 8065 1
19847 19847 2
19847 6560 1
19847 7077 1
19847 19872 1
19847 338 1
19847 5469 1
4396 2598 0
4396 5651 0
4396 4396 0
4396 861 0
4396 5994 0
4396 7538 0
4396 3986 0
4396 16308 0
4396 15867 0
301 5469 0
301 561 0
301 7077 0
301 16079 0
301 5855 0
301 1259 0
301 301 0
301 827 0
301 1350 0
301 2381 0
301 2382 0
301 5432 0
301 869 0
301 5994 0
301 5523 0
301 6005 1
301 3446 0
301 7045 0
301 1927 1
301 4463 0
301 6560 0
301 4534 0
301 2500 0
301 3043 0
15153 15153 0
15153 6630 0
15153 6631 1
15153 5994 0
15153 6005 1
821 821 0
821 1927 1
821 19879 0
821 2997 0
15671 15671 0
15671 4409 0
15671 1388 0
15671 7064 0
15671 19879 0
15671 5103 0
5432 8467 0
5432 4534 0
5432 2500 0
5432 561 0
5432 2708 0
5432 827 0
5432 861 0
5432 15240 1
5432 7077 0
5432 7165 0
5432 1259 0
5432 5432 0
5432 5464 0
5432 5469 0
5432 5476 0
5432 5523 0
5432 5855 0
5432 3043 0
5432 6005 1
5432 1943 0
5432 4088 0
4409 2048 0
4409 8467 0
4409 4409 0
4409 4413 0
4409 4414 0
4409 4416 0
4409 4463 0
4409 10665 0
4409 561 0
4409 13031 0
4409 827 0
4409 4956 0
4409 861 0
4409 9150 0
4409 11236 0
4409 5103 0
4409 869 0
4409 5469 0
4409 3426 0
4409 1388 0
4409 1653 0
4409 3986 0
4409 16308 0
5855 19777 0
5855 7165 0
5855 2381 0
5855 2382 0
5855 337 0
5855 4463 0
5855 4465 0
5855 6560 0
5855 4524 0
5855 4534 0
5855 2500 0
5855 6630 0
5855 19879 0
5855 561 0
5855 2708 0
5855 827 0
5855 2881 0
5855 4956 0
5855 861 0
5855 869 0
5855 7045 0
5855 11236 0
5855 5103 0
5855 4957 0
5855 1350 0
5855 5469 0
5855 3446 0
5855 7064 0
5855 3535 0
5855 7077 0
5855 1653 0
5855 5855 0
5855 16308 0
5855 5994 0
5855 6005 1
5855 8065 0
5855 1927 1
4413 4416 0
4413 4957 0
4413 561 0
4413 6792 0
4413 4413 0
4413 4414 0
4413 337 0
4413 338 0
4413 4956 0
4413 5469 0
4413 4958 0
4413 4463 0
4413 10125 0
4413 8592 0
4413 8594 0
4413 5020 0
4413 19879 0
4413 16308 0
4413 7635 0
4414 561 0
4414 13031 0
4414 4416 0
4414 5469 0
4414 10125 0
4414 8592 0
4414 8593 0
4414 8594 0
4414 10665 0
4414 9150 0
4414 7635 0
12095 7045 0
12095 16263 1
12095 15240 1
12095 7077 0
12095 12095 0
4416 561 0
4416 6792 0
4416 4416 0
4416 5469 0
4416 2881 0
4416 10125 0
4416 8594 0
4416 10665 0
4416 7635 0
19777 3722 0
19777 5794 0
19777 7165 0
19777 19777 0
19777 2500 0
19777 1350 0
19777 5476 0
19777 6630 0
19777 5994 0
19777 5620 0
19777 6005 1
19777 3446 0
3722 827 0
3722 5464 0
3722 5994 0
3722 6005 1
3722 1927 1
835 827 0
835 835 0
835 1350 0
835 1882 1
835 861 0
835 5529 0
835 19872 0
835 2500 0
835 6631 1
835 7165 0
16079 3426 0
16079 6792 0
16079 679 0
16079 16079 0
16079 2881 0
16079 338 0
16079 5464 0
16079 5994 0
16079 8065 0
16079 1927 1
16079 1943 0
16079 7077 0
16079 19879 0
16079 2500 0
16079 5620 0
2375 2048 0
2375 16308 0
2375 827 0
2375 2375 0
2375 861 0
2375 3426 0
2375 3446 0
2375 1927 1
2375 3986 0
2375 5523 0
2375 3013 0
8467 5523 0
8467 4524 0
8467 4534 0
8467 2598 0
8467 2708 0
8467 7317 0
8467 5020 0
8467 7165 0
8467 19879 0
8467 1259 0
8467 5466 0
8467 1388 0
8467 7064 0
8467 8467 0
8467 5994 0
8467 16308 0
8467 8127 0
2381 1259 0
2381 2381 0
2381 4524 0
2381 4525 0
2381 4534 0
2381 3043 0
2381 6630 0
2381 6631 1
2382 2048 0
2382 2382 0
2382 337 0
2382 4463 0
2382 4486 0
2382 6560 0
2382 4524 0
2382 4525 0
2382 4534 0
2382 6630 0
2382 6631 1
2382 2708 0
2382 5022 0
2382 3043 0
2382 7165 0
2382 1259 0
2382 3446 0
2382 1653 0
2382 6792 0
337 2881 0
337 337 0
337 338 0
337 5464 0
337 5469 0
337 5476 0
337 3446 0
337 7317 0
337 1927 1
337 19879 0
337 7635 0
337 3043 0
337 6630 0
338 5469 0
338 338 0
338 2881 0
338 4956 0
338 7317 0
338 2598 0
338 5464 0
338 5466 0
338 3446 0
338 19879 0
338 7635 0
338 5620 0
338 1927 1
338 10125 0
5464 4957 0
5464 1350 0
5464 5466 0
5464 4956 0
5464 861 0
5464 4958 0
5464 1388 0
5464 1927 1
5464 3986 0
5464 7064 0
5464 5529 0
5464 3043 0
5464 11236 0
5464 5469 0
5466 861 0
5466 5476 0
5466 1350 0
5466 4956 0
5466 4957 0
5466 4958 0
5466 6005 1
5466 1927 1
5466 3986 0
5466 1943 0
5466 7064 0
5466 18332 0
5466 4524 0
5466 3043 0
5466 11236 0
4956 2048 0
4956 4465 0
4956 4476 0
4956 561 0
4956 1388 0
4956 827 0
4956 4956 0
4956 4957 0
4956 4958 0
4956 7064 0
4956 5020 0
4956 5651 0
4956 861 0
4956 3426 0
4956 7538 0
4956 19879 0
4956 18332 0
4956 15867 0
4956 1653 0
4956 1927 1
4956 10125 0
4956 3986 0
4956 1943 0
4956 8127 0
861 2048 0
861 4463 0
861 4465 0
861 2598 0
861 561 0
861 6792 0
861 2708 0
861 827 0
861 861 0
861 5020 0
861 3043 0
861 4957 0
861 4958 0
861 1259 0
861 5469 0
861 3426 0
861 1388 0
861 3446 0
861 7064 0
861 19879 0
861 1653 0
861 8129 0
861 5994 0
861 1927 1
861 3986 0
4958 2048 0
4958 4465 0
4958 4476 0
4958 561 0
4958 1388 0
4958 827 0
4958 4957 0
4958 4958 0
4958 7064 0
4958 5020 0
4958 3426 0
4958 7538 0
4958 19879 0
4958 15867 0
4958 1653 0
4958 1927 1
4958 10125 0
4958 8127 0
2048 2048 0
2048 16308 0
2048 5020 0
2048 2997 0
2048 3022 0
2048 4957 0
2048 1259 0
2048 3426 0
2048 1388 0
2048 19879 0
2048 5994 0
2048 3986 0
2048 1943 0
2048 6065 0
3426 16308 0
3426 2598 0
3426 5020 0
3426 2997 0
3426 4957 0
3426 1259 0
3426 3426 0
3426 1388 0
3426 7064 0
3426 5529 0
3426 19879 0
3426 5620 0
3426 5651 0
3426 8065 0
3426 1927 1
3426 3986 0
3426 1943 0
3426 6065 0
3426 8127 0
827 4463 0
827 4465 0
827 561 0
827 2708 0
827 827 0
827 4957 0
827 2997 0
827 3043 0
827 7165 0
827 5469 0
827 5529 0
827 19879 0
827 16308 0
827 1653 0
827 5994 0
827 8065 0
827 1927 1
827 3986 0
827 1943 0
827 18332 0
827 6065 0
5476 5476 0
5476 5994 0
5476 6005 1
5476 1927 1
5476 1943 0
5476 7077 0
5476 19879 0
869 561 0
869 1653 0
869 1882 1
869 5469 0
869 869 0
869 4463 0
869 3446 0
869 5523 0
869 3043 0
19345 1927 1
19345 7064 0
16744 1653 0
5994 2500 0
5994 2598 0
5994 561 0
5994 7064 0
5994 3043 0
5994 7317 0
5994 1350 0
5994 1388 0
5994 3446 0
5994 15867 0
5994 5994 0
5994 6005 1
5994 8065 0
13031 10125 0
13031 10665 0
13031 561 0
13031 9150 0
13031 7635 0
13031 4463 0
1388 1388 0
1388 2598 0
1388 561 0
1388 4957 0
1388 5020 0
1388 3043 0
1388 11236 0
1388 1259 0
1388 7538 0
1388 3446 0
1388 5529 0
1388 19879 0
1388 7635 0
1388 15867 0
1388 1653 0
1388 8065 0
1388 3986 0
1388 1943 0
1388 18332 0
1388 6065 0
1388 16308 0
3986 1259 0
3986 1653 0
3986 1927 1
3986 10125 0
3986 2598 0
3986 2708 0
3986 19879 0
3986 3986 0
3986 4463 0
3986 4476 0
3986 4525 0
3986 4534 0
3986 5020 0
3986 5022 0
3986 5103 0
3986 5469 0
3986 5523 0
3986 5529 0
3986 7045 0
3986 7064 0
3986 7317 0
3986 7538 0
3986 7635 0
3986 15867 0
3986 8129 0
4463 4463 0
4463 4465 0
4463 4476 0
4463 10665 0
4463 4524 0
4463 4525 0
4463 2500 0
4463 6630 0
4463 2708 0
4463 2881 0
4463 7064 0
4463 7077 0
4463 2997 0
4463 561 0
4463 3446 0
4463 5529 0
4463 8065 0
4463 1927 1
4463 1943 0
4463 6065 0
4463 16308 0
4465 19879 0
4465 4957 0
4465 1653 0
4465 6792 0
4465 2708 0
4465 561 0
4465 4476 0
4465 1927 1
4465 7064 0
4465 5529 0
4465 18332 0
4465 10665 0
4465 4524 0
4465 4525 0
4465 2500 0
7538 2598 0
7538 561 0
7538 4957 0
7538 5529 0
7538 16308 0
7538 15867 0
6005 2598 1
6005 3043 1
6005 561 1
6005 1350 1
6005 6005 2
6005 3446 1
6005 4476 1
6005 7317 1
6005 7045 1
6005 8129 1
6005 19879 1
6005 4525 1
6005 8127 1
6005 6560 1
6005 16308 1
3446 2500 0
3446 2708 0
3446 3043 0
3446 11236 0
3446 7165 0
3446 1350 0
3446 5469 0
3446 3446 0
3446 19879 0
2708 4476 0
2708 2500 0
2708 6792 0
2708 15240 1
2708 7077 0
2708 19879 0
2708 8065 0
10106 1927 1
10106 561 0
10106 16308 0
10106 1653 0
4476 4524 0
4476 16308 0
4476 4957 0
4476 3043 0
4476 4476 0
7317 5620 0
8065 2500 0
8065 679 0
8065 15240 1
8065 7077 0
8065 19879 0
8065 5620 0
8065 8065 0
8065 1927 1
1259 4486 0
1259 4524 0
1259 4534 0
1259 2500 0
1259 6630 0
1259 6631 1
1259 561 0
1259 2881 0
1259 7064 0
1259 11236 0
1259 7165 0
1259 1350 0
1259 5469 0
1259 1653 0
1259 1882 1
1259 16308 0
7045 7045 0
7045 1927 1
7045 561 0
7045 2500 0
4486 6630 0
4486 6631 1
1927 4524 1
1927 4525 1
1927 4534 1
1927 561 1
1927 6792 1
1927 679 1
1927 2881 1
1927 4957 1
1927 7064 1
1927 5022 1
1927 11185 1
1927 2997 1
1927 3013 1
1927 3043 1
1927 5469 1
1927 5529 1
1927 19879 1
1927 7635 1
1927 5620 1
1927 11236 1
1927 1943 1
1927 6065 1
1927 16308 1
1927 8127 1
1927 8129 1
1927 4088 1
15240 7077 1
15240 15240 2
15240 2500 1
6065 2598 0
6065 7064 0
6065 5020 0
6065 2997 0
6065 19879 0
6065 1653 0
6065 6065 0
10125 6792 0
10125 10125 0
10125 5020 0
10125 2881 0
10125 7635 0
10125 4957 0
5651 561 0
5651 11185 0
5651 6631 1
8592 8593 0
8592 8594 0
8592 7635 0
8592 13275 0
8592 1653 0
8593 8594 0
8593 7635 0
8594 7635 0
5523 4957 0
5523 561 0
5523 7077 0
5523 1653 0
5523 3043 0
5523 1350 0
5523 1882 1
5523 5523 0
5523 5469 0
5523 2500 0
5523 5620 0
5469 4524 0
5469 4525 0
5469 4534 0
5469 2881 0
5469 7064 0
5469 7077 0
5469 3022 0
5469 1882 1
5469 5469 0
5469 1943 0
5469 6792 0
1943 2500 0
1943 19879 0
1943 2598 0
1943 7635 0
1943 4957 0
1943 5020 0
1943 2997 0
1943 3043 0
1943 7064 0
1943 15867 0
1943 1653 0
1943 1943 0
1943 8127 0
7064 4957 0
7064 16308 0
7064 679 0
7064 2881 0
7064 5529 0
7064 4524 0
7064 2997 0
7064 4534 0
7064 8127 0
5529 2598 0
5529 1653 0
5529 19879 0
5529 5529 0
5529 8127 0
5529 15867 0
5529 5103 0
5020 2598 0
5020 1653 0
5020 6792 0
5020 7635 0
5020 4957 0
5020 18332 0
5020 2997 0
5020 11236 0
5020 19879 0
5022 1882 1
5022 5022 0
4957 4524 0
4957 561 0
4957 19879 0
4957 15867 0
4957 1653 0
4957 8129 0
1350 1350 0
1350 7077 0
1350 2500 0
1350 6630 0
19879 4534 0
19879 2500 0
19879 2598 0
19879 561 0
19879 19879 0
19879 7635 0
19879 16308 0
19879 2997 0
19879 1653 0
19879 18332 0
18332 2598 0
18332 3324 1
4524 6560 0
4524 4524 0
4524 4525 0
4524 2500 0
4524 2997 0
4524 7165 0
4525 2997 0
4525 8129 0
4525 8127 0
6062 1882 1
6062 3043 0
11185 11185 0
11185 16308 0
11185 6631 1
16308 2598 0
16308 5103 0
16308 15867 0
16308 16308 0
16308 1653 0
2997 2598 0
2997 2997 0
2997 8127 0
4534 4534 0
4534 2881 0
4534 3535 0
4534 1653 0
1882 3535 1
1882 3022 1
1882 1882 2
9150 561 0
9150 10665 0
8127 8129 0
8127 1653 0
2500 2598 0
2500 561 0
2500 7077 0
2500 3043 0
2500 2500 0
2500 5794 0
2500 16263 1
3013 3013 0
3013 3324 1
6630 6631 1
6630 7165 0
6630 11236 0
6630 6630 0
5794 5794 0
3022 6792 0
3022 3022 0
7635 1653 0
7635 2598 0
16263 1653 1
16263 3043 1
561 6560 0
561 10665 0
561 2598 0
561 561 0
561 3043 0
13275 13275 0
1653 1653 0
1653 2598 0
1653 4088 0
1653 5103 0
1653 6560 0
1653 7165 0
7077 3043 0
7077 5103 0
7077 7077 0
3043 6560 0
3043 10665 0
3043 2881 0
3043 3043 0
11236 11236 0
11236 7165 0
6560 6792 0
6560 2881 0
6560 6560 0
6631 7165 1
3324 15867 1
679 679 0
5620 6792 0
5620 2881 0
5620 5620 0
4088 4088 0
6792 6792 0
6792 2881 0
6792 7165 0
2598 2598 0
2598 7165 0
15867 15867 0
7165 2881 0
7165 7165 0
2881 2881 0
