2059 2059 0
2059 2072 0
2059 700 0
2059 4524 0
2059 4536 0
2059 4539 0
2059 4544 0
2059 4546 0
2059 4537 0
2059 2718 0
2059 705 0
2059 719 0
2059 1197 0
2059 3336 0
2059 3337 1
2059 5432 0
2059 5828 1
2059 5835 0
2059 6792 0
4525 2081 1
4525 2594 0
4525 6910 0
4525 1221 0
4525 3884 0
4525 4428 0
4525 2382 0
4525 3928 1
4525 3462 0
4525 3986 0
4525 4524 0
4525 4526 0
4525 2718 0
21 6914 0
21 9613 0
21 5549 0
21 15255 0
21 416 0
21 5478 0
21 4394 0
21 4018 0
21 7088 0
21 177 0
21 178 0
21 179 0
21 180 0
21 181 0
21 182 0
21 183 0
21 184 0
21 185 0
21 14394 0
21 3390 1
21 3391 1
21 2592 0
21 13905 0
21 1096 0
21 5560 0
21 6612 0
21 5561 0
21 1373 0
21 101 0
21 102 0
21 103 0
21 104 0
21 105 0
21 106 0
21 107 0
21 3566 0
21 6895 0
21 6201 0
21 5111 0
21 254 0
21 255 0
2072 2087 1
2072 2082 0
2072 2338 0
2072 2075 1
2075 2082 1
2075 2087 2
2075 4491 1
2075 4536 1
2075 20227 1
2075 4538 1
2592 6895 0
2592 3390 1
2592 9613 0
2592 1373 0
2592 254 0
2592 3391 1
2081 20227 1
2081 2712 1
2081 679 1
2081 4524 1
2081 4526 1
2081 4535 1
2081 4536 1
2081 4537 1
2081 4538 1
2081 4539 1
2081 4540 1
2081 4544 1
2081 8385 1
2081 4546 1
2081 4534 1
2594 168 0
2594 270 1
2594 2338 0
2594 4524 0
2594 4526 0
2594 4547 1
2594 2594 0
2594 2598 0
2594 561 0
2594 2718 0
2594 8867 0
2594 8881 0
2594 8922 0
2594 6977 0
2594 842 0
2594 972 0
2594 1221 0
2594 1223 0
2594 3426 0
2594 1653 0
2594 3929 0
2594 5994 0
2594 2712 0
2594 3986 0
2598 270 1
2598 2338 0
2598 4547 1
2598 2598 0
2598 561 0
2598 8867 0
2598 8881 0
2598 6977 0
2598 1221 0
2598 1223 0
2598 3426 0
2598 1653 0
2598 5836 0
2598 5981 0
2598 5994 0
2598 3986 0
2087 4544 1
2087 2082 1
2087 4491 1
2087 2087 2
2087 679 1
2087 4546 1
2087 4536 1
2087 4534 1
2087 4535 1
2087 4537 1
2087 4538 1
2087 4540 1
2087 4539 1
1373 5560 0
1373 5561 0
1373 3390 1
1373 3391 1
1373 1373 0
1373 6895 0
1373 6201 0
1373 4859 0
1373 254 0
561 168 0
561 169 0
561 184 0
561 270 1
561 4428 0
561 4547 1
561 561 0
561 2712 0
561 2718 0
561 700 0
561 4859 0
561 6977 0
561 3043 0
561 1221 0
561 5432 0
561 3462 0
561 937 0
561 3884 0
561 5981 0
561 5994 0
561 5999 0
6201 6895 0
6201 254 0
6201 5560 0
6201 5561 0
6201 3390 1
6201 3391 1
14394 4394 0
14394 179 0
14394 181 0
14394 182 0
14394 183 0
14394 3390 1
14394 3391 1
14394 254 0
14394 20227 0
14394 6895 0
8287 5981 0
8287 5560 0
8287 1620 0
8287 8287 0
8287 2708 0
8287 2718 0
8287 168 0
8287 5882 0
8287 270 1
8287 3884 0
8287 3928 1
8287 3929 0
8287 5999 0
8287 3462 0
8287 2712 0
8287 4546 0
8287 972 0
8287 4859 0
8287 5620 0
1096 4394 0
1096 179 0
1096 181 0
1096 182 0
1096 183 0
1096 3390 1
1096 3391 1
1096 6895 0
1096 9846 0
1096 254 0
588 8448 1
588 9846 1
588 3068 1
5560 5561 0
5560 3390 1
5560 3391 1
5560 1620 0
5560 6895 0
5560 254 0
1620 168 0
1620 169 0
1620 185 0
1620 8440 0
1620 268 0
1620 2338 0
1620 4524 0
1620 4534 0
1620 4535 0
1620 4536 0
1620 4537 0
1620 4538 0
1620 4539 0
1620 4540 0
1620 4544 0
1620 4546 0
1620 4547 1
1620 2708 0
1620 2712 0
1620 2718 0
1620 672 0
1620 8867 0
1620 679 0
1620 719 0
1620 6986 0
1620 1197 0
1620 1221 0
1620 3336 0
1620 3337 1
1620 5432 0
1620 19837 0
1620 3462 0
1620 1620 0
1620 1622 0
1620 5835 0
1620 5882 0
1620 6792 0
1620 5981 0
1620 3986 0
1622 3391 1
1622 5828 1
1622 1221 0
1622 1223 0
1622 5432 0
1622 3043 0
1622 4859 0
5561 6895 0
5561 254 0
5561 3391 1
5561 3390 1
2143 2338 1
2143 2143 2
101 6914 0
101 416 0
101 7088 0
101 177 0
101 178 0
101 179 0
101 180 0
101 181 0
101 182 0
101 183 0
101 184 0
101 185 0
101 3390 1
101 3391 1
101 1223 0
101 101 0
101 6895 0
101 254 0
102 6914 0
102 416 0
102 7088 0
102 177 0
102 178 0
102 179 0
102 180 0
102 181 0
102 182 0
102 183 0
102 184 0
102 185 0
102 3390 1
102 3391 1
102 102 0
102 103 0
102 6895 0
102 254 0
103 6914 0
103 416 0
103 7088 0
103 177 0
103 178 0
103 179 0
103 180 0
103 181 0
103 182 0
103 183 0
103 184 0
103 185 0
103 3390 1
103 3391 1
103 103 0
103 6895 0
103 254 0
104 6914 0
104 416 0
104 7088 0
104 177 0
104 178 0
104 179 0
104 180 0
104 181 0
104 182 0
104 183 0
104 184 0
104 185 0
104 3390 1
104 3391 1
104 6895 0
104 254 0
105 6914 0
105 416 0
105 7088 0
105 177 0
105 178 0
105 179 0
105 180 0
105 181 0
105 182 0
105 183 0
105 184 0
105 185 0
105 3390 1
105 6612 0
105 105 0
105 3566 0
105 6895 0
105 3391 1
105 254 0
106 6914 0
106 416 0
106 7088 0
106 177 0
106 178 0
106 179 0
106 180 0
106 181 0
106 182 0
106 183 0
106 184 0
106 185 0
106 3390 1
106 3391 1
106 6895 0
106 254 0
107 6914 0
107 416 0
107 7088 0
107 177 0
107 178 0
107 179 0
107 180 0
107 181 0
107 182 0
107 183 0
107 184 0
107 185 0
107 3390 1
107 3391 1
107 5981 0
107 107 0
107 6895 0
107 254 0
1653 181 0
1653 270 1
1653 271 0
1653 8881 0
1653 700 0
1653 842 0
1653 972 0
1653 1197 0
1653 1221 0
1653 1653 0
1653 2338 0
1653 2382 0
1653 5882 0
1653 3336 0
1653 3337 1
1653 3986 0
1653 4062 0
1653 4534 0
1653 4536 0
1653 4537 0
1653 4540 0
1653 4547 1
1653 5828 1
1653 5835 0
1653 5999 0
1653 6977 0
1653 15255 0
9846 9846 0
9846 5828 1
9846 6895 0
8385 8385 0
8385 270 1
8385 2718 0
8385 705 0
8385 5981 0
8385 4062 0
6792 5828 1
6792 168 0
6792 8440 0
6792 268 0
6792 2382 0
6792 4537 0
6792 4540 0
6792 4547 1
6792 4859 0
6792 4535 0
6792 4544 0
6792 6792 0
6792 2708 0
6792 2712 0
6792 2718 0
6792 672 0
6792 705 0
6792 2881 0
6792 6986 0
6792 972 0
6792 3325 0
6792 3336 0
6792 19837 0
6792 3462 0
6792 5620 0
6792 5835 0
6792 16079 0
6792 5882 0
6792 3884 0
6792 5981 0
5258 3426 0
5258 5258 0
5258 8881 0
5258 270 1
5258 5994 0
5258 5999 0
5258 4043 1
2708 168 0
2708 8440 0
2708 270 1
2708 2382 0
2708 4535 0
2708 4536 0
2708 4538 0
2708 2712 0
2708 2718 0
2708 8881 0
2708 4859 0
2708 1221 0
2708 5432 0
2708 3462 0
2708 5882 0
2708 3884 0
2708 3928 1
2708 3929 0
2708 5981 0
2708 3986 0
2712 168 0
2712 16079 0
2712 19837 0
2712 8440 0
2712 2338 0
2712 4428 0
2712 2712 0
2712 2718 0
2712 8867 0
2712 8881 0
2712 8922 0
2712 4859 0
2712 6910 0
2712 6968 0
2712 2881 0
2712 6986 0
2712 6977 0
2712 3043 0
2712 5432 0
2712 3426 0
2712 4547 1
2712 3462 0
2712 5620 0
2712 5835 0
2712 5836 0
2712 5882 0
2712 3884 0
2712 5981 0
2712 3986 0
2718 168 0
2718 169 0
2718 19837 0
2718 8440 0
2718 271 0
2718 2338 0
2718 4524 0
2718 4534 0
2718 4535 0
2718 4536 0
2718 4537 0
2718 4538 0
2718 4539 0
2718 4540 0
2718 4544 0
2718 4546 0
2718 4547 1
2718 2718 0
2718 679 0
2718 8881 0
2718 719 0
2718 8922 0
2718 4859 0
2718 6968 0
2718 2881 0
2718 6986 0
2718 2983 0
2718 937 0
2718 972 0
2718 3043 0
2718 1223 0
2718 1221 0
2718 3336 0
2718 5432 0
2718 3426 0
2718 3462 0
2718 5620 0
2718 5835 0
2718 16079 0
2718 5882 0
2718 3884 0
2718 3928 1
2718 3929 0
2718 5999 0
2718 3986 0
2718 2382 0
672 672 0
672 679 0
672 5828 1
672 1221 0
672 1223 0
672 5835 0
672 5836 0
672 16079 0
672 8440 0
672 5882 0
672 4859 0
672 8922 0
672 3884 0
672 6968 0
672 3426 0
672 19837 0
672 3462 0
672 2881 0
672 4043 1
672 972 0
672 5620 0
8867 2338 0
8867 4491 0
8867 416 0
8867 4544 0
8867 4546 0
8867 4547 1
8867 8867 0
8867 679 0
8867 3043 0
8867 3426 0
8867 3462 0
8867 5828 1
8867 3884 0
8867 3929 0
8867 3986 0
679 679 0
679 168 0
679 16079 0
679 3928 1
679 4043 1
168 168 0
168 169 0
168 270 1
168 2382 0
168 4491 0
168 4534 0
168 4535 0
168 4544 0
168 4546 0
168 4547 1
168 4780 0
168 700 0
168 2881 0
168 2983 0
168 937 0
168 842 0
168 972 0
168 1197 0
168 1221 0
168 1223 0
168 19837 0
168 5981 0
168 3934 0
169 4547 1
169 169 0
169 4780 0
169 700 0
169 270 1
169 2382 0
169 937 0
169 4546 0
169 972 0
6314 4043 1
6314 3319 1
4780 5981 0
4780 700 0
4780 6977 0
4780 4780 0
4780 5828 1
4780 5835 0
4780 719 0
4780 268 0
4780 270 1
4780 842 0
4780 3929 0
4780 7571 0
4780 4540 0
4780 4534 0
1197 8440 0
1197 1197 0
1197 8881 0
1197 700 0
1197 705 0
1197 1221 0
1197 1223 0
1197 4859 0
1197 3337 1
1197 2338 0
1197 5432 0
1197 3390 1
1197 2881 0
1197 5620 0
1197 4537 0
1197 3043 0
177 15255 0
177 5549 0
177 177 0
177 178 0
177 3391 1
177 3929 0
177 6895 0
177 3390 1
177 254 0
177 255 0
178 7088 0
178 15255 0
178 5549 0
178 178 0
178 3391 1
178 6895 0
178 3986 0
178 3390 1
178 254 0
178 255 0
179 5549 0
179 15255 0
179 179 0
179 181 0
179 182 0
179 183 0
179 3391 1
179 6895 0
179 3390 1
179 254 0
179 255 0
180 15255 0
180 3986 0
180 5549 0
180 5981 0
180 3391 1
180 6895 0
180 3390 1
180 254 0
180 255 0
181 3390 1
181 15255 0
181 5549 0
181 182 0
181 183 0
181 3391 1
181 6895 0
181 3426 0
181 254 0
181 255 0
182 15255 0
182 5549 0
182 183 0
182 3391 1
182 3929 0
182 6895 0
182 3390 1
182 254 0
182 255 0
183 15255 0
183 5549 0
183 3391 1
183 6895 0
183 3390 1
183 254 0
183 255 0
184 15255 0
184 5549 0
184 3390 1
184 3391 1
184 6895 0
184 254 0
184 255 0
185 6895 0
185 254 0
185 255 0
185 3390 1
185 3391 1
185 15255 0
185 5549 0
700 700 0
700 705 0
700 3336 0
700 268 0
700 270 1
700 271 0
700 5432 0
700 842 0
700 4547 1
700 4491 0
700 4544 0
700 4546 0
700 4062 0
705 5981 0
705 4540 0
705 8922 0
705 705 0
705 5828 1
705 5835 0
705 5882 0
705 3336 0
705 268 0
705 270 1
705 5432 0
705 2881 0
705 6986 0
705 6968 0
705 4546 0
705 972 0
705 4062 0
5828 5828 2
5828 1221 1
5828 1223 1
5828 5835 1
5828 5836 1
5828 719 1
5828 16079 1
5828 8440 1
5828 5882 1
5828 4859 1
5828 3325 1
5828 8448 1
5828 3336 1
5828 268 1
5828 5432 1
5828 6977 1
5828 842 1
5828 4428 1
5828 6968 1
5828 3043 1
5828 5981 1
5828 5999 1
5828 19837 1
5828 2881 1
5828 6986 1
5828 3319 2
5828 972 1
5828 5620 1
1221 8881 0
1221 3426 0
1221 4547 1
1221 719 0
1221 4859 0
1221 937 0
1221 972 0
1221 3043 0
1221 5111 0
1221 1221 0
1221 1223 0
1221 3336 0
1221 5432 0
1221 5981 0
1221 3986 0
1221 4018 0
1221 4062 0
1223 719 0
1223 4859 0
1223 5432 0
1223 5981 0
1223 3986 0
1223 4018 0
1223 4547 1
1223 3043 0
1223 5111 0
5835 5981 0
5835 5836 0
5835 5835 0
5835 2338 0
5835 719 0
5835 8922 0
5835 3319 1
5835 5882 0
5835 20227 0
5835 268 0
5835 6968 0
5835 6986 0
5835 5994 0
5835 2881 0
5835 4018 0
5835 4535 0
5835 4536 0
5835 4547 1
5835 972 0
5835 4062 0
5835 5620 0
5836 5836 0
5836 719 0
5836 3319 1
5836 5882 0
5836 20227 0
5836 6968 0
5836 6986 0
5836 5981 0
5836 4547 1
5836 972 0
2082 20227 0
2082 4491 0
2082 4534 0
2082 4535 0
2082 4536 0
2082 4537 0
2082 4538 0
2082 4539 0
2082 4540 0
2082 4544 0
2082 4546 0
16079 3426 0
16079 16079 0
16079 8440 0
16079 5882 0
16079 270 1
16079 3884 0
16079 2881 0
16079 6986 0
16079 5981 0
16079 5994 0
16079 972 0
16079 5620 0
8922 8922 0
8922 5882 0
8922 268 0
8922 270 1
8922 6986 0
8922 5981 0
8922 4547 1
719 4524 0
719 719 0
719 5882 0
719 6910 0
719 6968 0
719 3928 1
719 3929 0
719 3986 0
6895 6914 0
6895 9613 0
6895 5549 0
6895 15255 0
6895 13905 0
6895 416 0
6895 7088 0
6895 5478 0
6895 4394 0
6895 4018 0
6895 3390 1
6895 3391 1
6895 6612 0
6895 3566 0
6895 5111 0
6895 254 0
6895 255 0
3319 3319 2
3319 3325 1
8440 8440 0
8440 5882 0
8440 270 1
8440 2338 0
8440 2881 0
8440 5981 0
8440 3934 0
8440 3426 0
8440 5620 0
5882 8881 0
5882 268 0
5882 270 1
5882 2382 0
5882 4546 0
5882 6968 0
5882 2881 0
5882 842 0
5882 2983 0
5882 6986 0
5882 972 0
5882 3043 0
5882 3325 0
5882 19837 0
5882 7571 0
5882 5620 0
5882 5882 0
5882 5981 0
5882 5999 0
4859 4428 0
4859 2382 0
4859 4534 0
4859 4546 0
4859 4547 1
4859 4524 0
4859 4859 0
4859 2881 0
4859 2983 0
4859 972 0
4859 3043 0
4859 5111 0
4859 5432 0
4859 5434 0
4859 19837 0
4859 5620 0
4859 937 0
4859 3884 0
4859 5981 0
4859 3934 0
4859 3986 0
4859 4043 1
3325 268 0
3325 3325 0
254 6914 0
254 9613 0
254 5549 0
254 15255 0
254 13905 0
254 416 0
254 5478 0
254 4394 0
254 4018 0
254 7088 0
254 3390 1
254 3391 1
254 5111 0
254 6612 0
254 3566 0
254 255 0
255 6914 0
255 416 0
255 7088 0
255 3390 1
255 3391 1
6914 6914 0
6914 15255 0
6914 5549 0
6914 3391 1
6914 3390 1
20227 20227 0
20227 5981 0
20227 3986 0
3336 4544 0
3336 3336 0
3336 3337 1
3336 2338 0
3336 3462 0
3336 3986 0
3336 4535 0
3336 4536 0
3336 4547 1
3336 4428 0
3337 3986 1
3337 2338 1
3337 842 1
3337 7571 1
268 268 0
268 270 1
268 271 0
268 6968 0
268 6986 0
268 2382 0
268 5981 0
268 3462 0
268 842 0
268 4062 0
270 270 2
270 271 1
270 6986 1
270 2382 1
270 5981 1
270 3934 1
270 5994 1
270 5999 1
270 19837 1
270 3462 1
270 2983 1
270 937 1
270 4062 1
270 5620 1
271 271 0
271 4524 0
271 4547 1
2338 2233 1
2338 2338 0
2338 4491 0
2338 8881 0
2338 6910 0
2338 842 0
2338 5981 0
2338 5432 0
2338 3426 0
2338 4547 1
2338 5994 0
2338 3986 0
2338 4062 0
4394 3390 1
4394 3391 1
3884 3934 0
3884 8881 0
3884 2233 1
3884 3884 0
3884 5432 0
3884 2881 0
3884 4428 0
3884 2382 0
3884 4547 1
3884 19837 0
3884 4524 0
3884 4526 0
3884 4534 0
3884 972 0
3884 5620 0
6968 6968 0
6968 6986 0
6968 5981 0
6968 4547 1
6968 972 0
5434 5432 0
5434 3391 1
5434 3928 1
5434 5994 0
3390 9613 1
3390 5549 1
3390 15255 1
3390 13905 1
3390 416 1
3390 5478 1
3390 7088 1
3390 3390 2
3390 3391 2
3390 6612 1
3390 4018 1
3390 3566 1
3390 5111 1
3391 9613 1
3391 5549 1
3391 15255 1
3391 13905 1
3391 416 1
3391 5478 1
3391 4018 1
3391 7088 1
3391 3391 2
3391 5432 1
3391 6612 1
3391 3566 1
3391 5111 1
6977 4547 1
6977 6910 0
6977 6977 0
842 5981 0
842 842 0
842 3934 0
842 3426 0
842 4491 0
842 7571 0
842 4534 0
842 4538 0
842 4540 0
842 4546 0
4428 5432 0
4428 4428 0
4428 4524 0
4428 4526 0
4428 4547 1
4428 3043 0
2382 2382 0
2382 4524 0
2382 4526 0
2382 4534 0
2382 4535 0
2382 4537 0
2382 4538 0
2382 4539 0
2382 4546 0
2382 4547 1
2382 8881 0
2382 6910 0
2382 3043 0
2382 3934 0
5432 4534 0
5432 4536 0
5432 4546 0
5432 4547 1
5432 5432 0
5432 3043 0
5432 3928 1
5432 5981 0
3928 4546 1
3928 4536 1
3928 4524 1
3928 4526 1
3928 4534 1
3928 4535 1
3928 4537 1
3928 4539 1
3928 4540 1
3928 4544 1
3928 3929 1
3928 4538 1
3928 6910 1
3929 3929 0
3929 4547 1
5981 458 0
5981 8881 0
5981 2233 1
5981 3043 0
5981 3426 0
5981 19837 0
5981 3462 0
5981 3934 0
5981 3986 0
5981 5620 0
5981 5981 0
5981 5999 0
5981 6986 0
5981 4043 1
3934 3934 0
3934 4547 1
3426 2233 1
3426 19837 0
3426 4547 1
3426 6910 0
3426 3426 0
3426 5620 0
3426 3986 0
5478 3986 0
5478 4018 0
5478 5478 0
5478 13905 0
5478 5111 0
5994 2233 1
5994 4547 1
5994 8881 0
5994 972 0
5994 3043 0
5994 5994 0
5994 4062 0
5999 6986 0
5999 5999 0
5999 972 0
19837 2881 0
19837 19837 0
19837 3986 0
19837 2983 0
3462 8881 0
3462 2881 0
3462 6986 0
3462 3462 0
3462 4524 0
3462 4526 0
3462 4547 1
3462 972 0
3462 5620 0
2881 8881 0
2881 4547 1
2881 2881 0
2881 6986 0
2881 5620 0
2881 2983 0
2881 4534 0
2881 4535 0
2881 4536 0
2881 4537 0
2881 4540 0
2881 4544 0
2881 4546 0
2881 972 0
2881 3043 0
4491 3043 0
4491 4491 0
4491 4546 0
3986 458 0
3986 8881 0
3986 972 0
3986 3986 0
3986 4534 0
3986 4547 1
3986 6910 0
7571 4547 1
7571 7571 0
15255 416 0
15255 7088 0
416 5549 0
2983 2983 0
2983 4547 1
2983 972 0
937 8881 0
937 4547 1
4524 4524 0
4524 4526 0
4524 6910 0
5549 7088 0
4018 4018 0
4018 13905 0
4018 5111 0
4534 4535 0
4534 4537 0
4534 4546 0
4534 4534 0
4534 972 0
4535 8881 0
4535 4535 0
4535 4536 0
4535 972 0
4536 4547 1
4536 8881 0
4536 4544 0
4536 4536 0
4536 4546 0
4536 972 0
4537 4537 0
4538 4538 0
4539 4539 0
4540 4546 0
4540 972 0
6986 6986 0
6986 972 0
6986 5620 0
4544 4544 0
4544 4546 0
4544 972 0
4544 5620 0
4546 6910 0
4546 4546 0
4547 4547 2
4547 458 1
4547 972 1
4547 8881 1
4547 4062 1
4547 3043 1
458 4043 1
4043 8881 1
4043 3068 1
972 8881 0
972 5620 0
972 972 0
8881 8881 0
8881 3043 0
8881 5620 0
4062 4062 0
3043 3043 0
13905 13905 0
13905 5111 0
3566 3566 0
5620 5620 0
6910 2233 1
6910 6910 0
5111 5111 0
2233 2233 2
