2987 1160 1
2987 1687 1
2987 3353 0
2987 3354 0
2987 3355 0
2987 2983 0
2987 2987 0
2987 7084 0
2987 5855 0
2987 2152 0
2987 13687 0
2987 8185 0
2646 1160 1
2646 1687 1
8364 1160 1
8364 7084 0
8364 1687 1
6665 7084 0
6665 6164 0
6665 13355 0
6665 5981 0
6665 4145 0
6665 4687 0
6665 2152 0
6665 6675 0
6665 1159 0
6665 1160 1
6665 1687 1
6665 168 0
6665 2937 0
6665 7406 0
6665 17363 0
6665 5365 0
6665 6398 0
6665 5903 0
6665 4409 0
6665 19777 0
6665 18767 0
6665 861 0
6665 3426 0
6665 3446 0
6665 2501 0
6665 6614 0
6666 6666 0
6666 1549 0
6666 6160 0
6666 2069 0
6666 13355 0
6666 7077 0
6666 2152 0
6666 7698 0
6666 6675 0
6666 15996 0
6666 1158 0
6666 1160 1
6666 7818 0
6666 16410 0
6666 4550 0
6666 1197 0
6666 3768 0
6666 5578 0
6666 16624 0
6666 5365 0
6666 6398 0
6666 5382 0
6666 8968 0
6666 7455 0
6666 16160 0
6666 2338 0
6666 8483 0
6666 6444 0
6666 8503 0
6666 6111 1
6666 2907 0
6666 3426 0
6666 1687 1
6666 2461 0
6666 2981 0
6666 7084 0
6666 5363 0
6666 4534 0
6666 4535 0
6666 2500 0
6666 2501 0
6666 8185 0
6666 18767 0
6666 16354 0
6666 16367 0
1549 1158 0
1549 3464 0
1549 1549 0
1549 6160 0
1549 3986 0
1549 1687 1
1549 3354 0
1549 2461 0
1549 287 0
1549 1160 1
1549 5641 0
1549 19777 0
1549 1249 0
1549 7551 0
1549 746 0
1549 6675 0
1549 1919 0
8968 5641 0
8968 537 0
8968 15931 0
8968 2152 0
8968 15996 0
8968 1160 1
8968 16022 0
8968 1687 1
8968 1741 0
8968 8483 0
8968 5855 0
8968 5363 0
8968 5366 0
8968 5367 0
8968 5368 0
8968 4371 0
8968 287 0
8968 16160 0
8968 6444 0
8968 8493 0
8968 5432 0
8968 3722 0
8968 335 0
8968 4442 0
8968 5981 0
8968 3986 0
8968 7077 0
8968 7084 0
8968 2500 0
8968 2501 0
8968 7818 0
8968 20150 0
8968 17363 0
8968 6614 0
21519 8368 0
21519 2983 0
21519 1160 1
21519 3600 0
21519 5523 0
21519 1687 1
21519 2524 0
6160 52 0
6160 6160 0
6160 6164 0
6160 287 0
6160 2338 0
6160 4442 0
6160 4536 0
6160 2947 0
6160 2907 0
6160 1159 0
6160 5418 1
6160 5469 0
6160 3426 0
6160 3464 0
6160 5659 0
6160 3729 0
6160 5981 0
6160 1920 0
6160 3986 0
6160 1957 0
6160 6112 1
6160 16367 0
7698 7698 0
7698 6675 0
7698 8761 0
7698 574 0
7698 4687 0
7698 7699 0
7698 1158 0
7698 1160 1
7698 3722 0
7698 5772 0
7698 3725 0
7698 1687 1
7698 4253 0
7698 3768 0
7698 4812 0
7698 1741 0
7698 5329 0
7698 723 0
7698 1742 0
7698 1751 0
7698 1752 0
7698 5855 0
7698 1765 0
7698 5668 0
7698 5363 0
7698 5365 0
7698 5366 0
7698 5367 0
7698 5368 0
7698 301 0
7698 4371 0
7698 3354 0
7698 3355 0
7698 7455 0
7698 2338 0
7698 2861 0
7698 3886 0
7698 2361 0
7698 1350 0
7698 5432 0
7698 4442 0
7698 3353 0
7698 870 0
7698 2408 0
7698 5994 0
7698 892 0
7698 6560 0
7698 7077 0
7698 2985 0
7698 6072 0
7698 3513 0
7698 2500 0
7698 2501 0
7698 972 0
7698 5072 0
7698 6904 0
7698 16354 0
7698 3043 0
7698 503 0
7698 8185 0
6675 7699 0
6675 16410 0
6675 13355 0
6675 561 0
6675 7077 0
6675 2152 0
6675 117 0
6675 1160 1
6675 1687 1
6675 7455 0
6675 16624 0
6675 6398 0
6675 5903 0
6675 3868 0
6675 2338 0
6675 6444 0
6675 8503 0
6675 1350 0
6675 18767 0
6675 861 0
6675 3426 0
6675 5994 0
6675 2461 0
6675 3493 0
6675 7084 0
6675 2500 0
6675 2501 0
6675 4550 0
6675 4687 0
6675 6111 1
6164 4145 0
6164 6164 0
6164 2338 0
6164 8484 0
6164 301 0
6164 2361 0
6164 6560 0
6164 4687 0
6164 6904 0
6164 861 0
6164 1160 1
6164 2947 0
6164 5418 1
6164 5469 0
6164 3426 0
6164 3464 0
6164 5772 0
6164 1741 0
6164 1742 0
6164 1920 0
6164 3986 0
6164 16318 0
2069 6159 0
2069 2069 0
2069 13355 0
2069 16624 0
2069 561 0
2069 2628 0
2069 2643 0
2069 2152 0
2069 117 0
2069 1658 0
2069 1160 1
2069 5772 0
2069 16022 0
2069 1687 1
2069 4253 0
2069 18060 0
2069 1741 0
2069 4305 0
2069 722 0
2069 5855 0
2069 16354 0
2069 3354 0
2069 2338 0
2069 4145 0
2069 301 0
2069 4425 1
2069 4442 0
2069 861 0
2069 3934 0
2069 3426 0
2069 2405 0
2069 870 0
2069 3729 0
2069 3446 0
2069 2937 0
2069 891 0
2069 3986 0
2069 3493 0
2069 7084 0
2069 3513 0
4118 16580 0
4118 1160 1
4118 5641 0
4118 4118 0
4118 1687 1
4118 3142 0
4118 1350 0
4118 3722 0
4118 4550 0
4118 723 0
4118 1751 0
1893 1160 1
1893 1687 1
1893 3353 0
1893 3354 0
1893 3355 0
1893 3868 0
1893 168 0
1893 2861 0
1893 5432 0
1893 1741 0
1893 5981 0
1893 1765 0
1893 1894 0
2073 1160 1
2073 6159 0
2073 1687 1
2073 287 0
2073 561 0
2073 5432 0
2073 5434 0
2073 2500 0
2073 1894 0
16410 5523 0
16410 1687 1
16410 16160 0
16410 2338 0
16410 19628 0
16410 301 0
16410 4300 0
16410 6111 1
16410 16354 0
16410 5365 0
16410 868 0
5659 16354 0
5659 1160 1
5659 7320 0
5659 1687 1
5659 5659 0
5659 2588 0
5659 1957 0
5659 7084 0
5659 503 0
5659 5469 0
5659 6560 0
5659 1259 0
5659 5523 0
5659 887 0
5659 6904 0
5659 891 0
2588 5641 0
2588 7699 0
2588 2588 0
2588 6180 0
2588 5469 0
2588 8797 0
2588 1160 1
2588 16022 0
2588 1687 1
2588 3354 0
2588 3355 0
2588 1197 0
2588 8368 0
2588 1741 0
2588 5855 0
2588 1259 0
2588 6904 0
2588 20730 0
2588 1919 0
2588 8484 0
2588 301 0
2588 5432 0
2588 3353 0
2588 5476 0
2588 2408 0
2588 5994 0
2588 3446 0
2588 7551 0
2588 6560 0
2588 7077 0
2588 6072 0
2588 4550 0
2588 16354 0
2588 4581 0
5661 5661 0
5661 5668 0
5661 2130 0
5661 2152 0
5661 15996 0
5661 1160 1
5661 1197 0
5661 6159 0
5661 3768 0
5661 117 0
5661 723 0
5661 1259 0
5661 8500 0
5661 1350 0
5661 861 0
5661 5994 0
5661 1687 1
5661 7084 0
5661 6072 0
5661 2501 0
5661 4550 0
3871 1158 0
3871 1160 1
3871 1687 1
3871 7064 0
3871 3871 0
3871 1957 0
3871 2985 0
3871 4305 0
3871 1622 0
3871 5903 0
3871 5578 0
3871 3043 0
5665 16354 0
5665 1160 1
5665 1687 1
5665 3352 0
5665 3353 0
5665 3354 0
5665 8503 0
5665 2500 0
5665 2501 0
5665 1249 0
5665 5858 0
5665 1765 0
5665 5365 0
5665 15996 0
17442 1160 1
17442 1687 1
17442 287 0
17442 4550 0
17442 6481 0
5723 561 0
5723 3142 0
5723 4687 0
5723 5723 0
5723 7525 1
5723 15996 0
5723 6159 0
5723 1687 1
5723 3745 0
5723 168 0
5723 3784 0
5723 3353 0
5723 3868 0
5723 18060 0
5723 3426 0
5723 4535 0
5723 5368 0
6180 6180 0
6180 1160 1
6180 11020 0
6180 1687 1
6180 7551 0
6180 301 0
6180 6159 0
6180 5432 0
6180 574 0
6180 4550 0
6180 1741 0
6180 1742 0
6180 5476 0
6180 4442 0
6180 16354 0
6180 868 0
6180 2152 0
6180 5994 0
13355 287 0
13355 8493 0
13355 4409 0
13355 18767 0
13355 2405 0
13355 2501 0
13355 6613 0
13355 8687 1
13355 7064 0
13355 5329 0
13355 5363 0
13355 5365 0
13355 5367 0
13355 5368 0
13355 3999 0
13355 5570 0
13355 7740 0
13355 15996 0
13355 3745 0
13355 3784 0
13355 5855 0
13355 1765 0
13355 6111 1
5981 168 0
5981 8393 0
5981 263 0
5981 301 0
5981 335 0
5981 8627 0
5981 502 0
5981 537 0
5981 561 0
5981 574 0
5981 8797 0
5981 843 0
5981 17240 0
5981 870 0
5981 1350 0
5981 1552 0
5981 1687 1
5981 1688 0
5981 1742 0
5981 8500 0
5981 1894 0
5981 2130 0
5981 2338 0
5981 2500 0
5981 2524 0
5981 2947 0
5981 2981 0
5981 3043 0
5981 3044 0
5981 3352 0
5981 3354 0
5981 3426 0
5981 3446 0
5981 3513 0
5981 3729 0
5981 3784 0
5981 20227 0
5981 20249 0
5981 3868 0
5981 3886 0
5981 3934 0
5981 3986 0
5981 4145 0
5981 4300 0
5981 4371 0
5981 4409 0
5981 4442 0
5981 4787 0
5981 4859 0
5981 5382 0
5981 5418 1
5981 5432 0
5981 5469 0
5981 13249 0
5981 5772 0
5981 5855 0
5981 5981 0
5981 5986 0
5981 6560 0
5981 7077 0
5981 7452 0
5981 7740 0
5981 16022 0
5981 16329 1
5981 8185 0
4145 4145 0
4145 117 0
4145 263 0
4145 8503 0
4145 4409 0
4145 2405 0
4145 2500 0
4145 561 0
4145 4687 0
4145 4787 0
4145 746 0
4145 4859 0
4145 861 0
4145 870 0
4145 1159 0
4145 1160 1
4145 19628 0
4145 5365 0
4145 1920 0
4145 2947 0
4145 3446 0
4145 3493 0
4145 8493 0
4145 5709 0
4145 1687 1
4145 5855 0
4145 1765 0
4145 3986 0
4145 6111 1
52 1160 1
52 1687 1
52 3745 0
52 5855 0
52 3426 0
52 4536 0
52 3043 0
1894 6159 0
1894 1552 0
1894 561 0
1894 1158 0
1894 1160 1
1894 3729 0
1894 1687 1
1894 1741 0
1894 722 0
1894 723 0
1894 5855 0
1894 4855 0
1894 3354 0
1894 3355 0
1894 287 0
1894 301 0
1894 5432 0
1894 3353 0
1894 3426 0
1894 5476 0
1894 1894 0
1894 1919 0
1894 1259 0
1894 19777 0
1894 5523 0
1894 4550 0
1894 2524 0
1894 16354 0
1894 6228 0
5641 5641 0
5641 1552 0
5641 5668 0
5641 561 0
5641 574 0
5641 5903 0
5641 2408 0
5641 1658 0
5641 15996 0
5641 5994 0
5641 1160 1
5641 3729 0
5641 16022 0
5641 1687 1
5641 4253 0
5641 8368 0
5641 3446 0
5641 8393 0
5641 1741 0
5641 1751 0
5641 5855 0
5641 1249 0
5641 5363 0
5641 5365 0
5641 5366 0
5641 4855 0
5641 5368 0
5641 4859 0
5641 6614 0
5641 2861 0
5641 7461 0
5641 301 0
5641 3894 0
5641 5432 0
5641 4409 0
5641 5446 0
5641 2361 0
5641 3426 0
5641 868 0
5641 1384 0
5641 386 0
5641 6560 0
5641 1957 0
5641 2500 0
5641 2501 0
5641 5367 0
5641 5072 0
5641 6904 0
5641 17363 0
5641 3043 0
5641 502 0
5641 6228 0
8761 17323 0
8761 1160 1
8761 7084 0
8761 1687 1
8761 8483 0
8761 8484 0
8761 7077 0
8761 301 0
8761 8503 0
8761 5365 0
8761 5366 0
8761 5367 0
8761 5368 0
8761 8185 0
2618 2861 0
2618 1687 1
2618 1160 1
2618 7084 0
2618 1197 0
2618 2618 0
2618 1741 0
2618 6904 0
2618 1919 0
15931 5858 0
15931 1160 1
15931 16022 0
15931 502 0
15931 1687 1
15931 15931 0
7740 861 0
7740 561 0
7740 7740 0
7740 1160 1
7740 1687 1
7740 5855 0
7740 5365 0
7740 5367 0
7740 5368 0
7740 4409 0
7740 835 0
7740 3446 0
7740 20150 0
7740 13248 0
7740 13249 0
7740 5570 0
7740 7112 0
7740 6111 1
16957 1160 1
16957 1687 1
16957 3784 0
16957 3044 0
16957 5363 0
16957 5365 0
16957 5366 0
16957 5367 0
16957 6398 0
574 1259 0
574 1160 1
574 1687 1
574 3353 0
574 3354 0
574 3355 0
574 6271 0
574 3336 0
574 4534 0
574 4535 0
574 4536 0
574 117 0
574 2500 0
574 2501 0
574 4812 0
574 1741 0
574 1742 0
574 5072 0
574 5432 0
574 4442 0
574 5855 0
574 3043 0
574 2408 0
574 7699 0
574 891 0
574 892 0
574 5994 0
2623 1160 1
2623 1687 1
2625 1160 1
2625 1687 1
2627 2628 0
2627 1160 1
2627 1197 0
2627 1687 1
2628 1160 1
2628 3886 0
2628 117 0
2628 1687 1
2628 287 0
3142 561 0
3142 3142 0
3142 4687 0
3142 1160 1
3142 3729 0
3142 1687 1
3142 5855 0
3142 1765 0
3142 17363 0
3142 5365 0
3142 4855 0
3142 5368 0
3142 4859 0
3142 287 0
3142 2338 0
3142 2361 0
3142 861 0
3142 1378 0
3142 2947 0
3142 3986 0
3142 972 0
3142 16354 0
3142 3043 0
3142 3426 0
3660 1160 1
3660 1687 1
3426 287 0
3426 2338 0
3426 8500 0
3426 4409 0
3426 2408 0
3426 2461 0
3426 4550 0
3426 16160 0
3426 6614 0
3426 861 0
3426 866 0
3426 2937 0
3426 1259 0
3426 5418 1
3426 3426 0
3426 1384 0
3426 7064 0
3426 3493 0
3426 19628 0
3426 1687 1
3426 3745 0
3426 3784 0
3426 1765 0
3426 5986 0
3426 3986 0
4687 4690 0
4687 1160 1
4687 1687 1
4687 19628 0
4687 1741 0
4687 746 0
4687 2338 0
4687 861 0
4687 5523 0
4687 2500 0
4687 2501 0
4687 6614 0
6072 7699 0
6072 561 0
6072 5709 0
6072 1160 1
6072 3729 0
6072 16022 0
6072 1687 1
6072 5329 0
6072 723 0
6072 8484 0
6072 5855 0
6072 5363 0
6072 5365 0
6072 5366 0
6072 5367 0
6072 6904 0
6072 3354 0
6072 7455 0
6072 4409 0
6072 4442 0
6072 5469 0
6072 866 0
6072 870 0
6072 2408 0
6072 3446 0
6072 891 0
6072 7551 0
6072 1920 0
6072 5521 0
6072 6560 0
6072 1957 0
6072 4534 0
6072 6072 0
6072 5368 0
6072 4550 0
6072 5072 0
6072 6613 0
6072 16354 0
6072 3043 0
6072 16367 0
2130 1160 1
2130 1687 1
2130 168 0
2130 5365 0
2130 5367 0
2130 5368 0
2130 4371 0
2130 5432 0
2130 5446 0
2130 5523 0
2130 7077 0
2130 2500 0
2130 5366 0
2130 4550 0
2130 6613 0
2130 8687 1
2131 1160 1
2131 4371 0
2131 1687 1
2131 537 0
2131 3355 0
2131 7077 0
2131 168 0
2131 2500 0
2131 4550 0
2131 4812 0
2131 3043 0
2131 2152 0
2131 5523 0
2131 891 0
6228 1687 1
6228 3352 0
6228 3244 1
6228 2500 0
6228 4855 0
1622 1158 0
1622 1160 1
1622 1687 1
1622 5382 0
1622 5855 0
1622 5432 0
1622 5476 0
1622 3043 0
1622 3044 0
1622 6481 0
1622 3446 0
1622 4859 0
1622 892 0
1622 1661 0
7112 1160 1
7112 1687 1
7112 3353 0
7112 3354 0
7112 7455 0
7112 17323 0
7112 561 0
7112 20150 0
7112 13248 0
7112 13249 0
7112 835 0
7112 843 0
868 1552 0
868 561 0
868 2152 0
868 117 0
868 1160 1
868 5772 0
868 3729 0
868 1687 1
868 19628 0
868 7870 0
868 1741 0
868 1742 0
868 5855 0
868 5363 0
868 5366 0
868 5367 0
868 5368 0
868 3352 0
868 3353 0
868 3354 0
868 2861 0
868 4409 0
868 3934 0
868 866 0
868 5476 0
868 2408 0
868 892 0
868 7551 0
868 7084 0
868 5365 0
868 5570 0
868 17363 0
868 868 0
868 2524 0
868 503 0
6159 6159 0
6159 537 0
6159 561 0
6159 2408 0
6159 1158 0
6159 1159 0
6159 1160 1
6159 3729 0
6159 1687 1
6159 5855 0
6159 4859 0
6159 5903 0
6159 3352 0
6159 3353 0
6159 3354 0
6159 3355 0
6159 287 0
6159 2861 0
6159 5432 0
6159 5434 0
6159 3934 0
6159 1384 0
6159 3446 0
6159 2937 0
6159 7077 0
6159 7084 0
6159 2500 0
6159 2501 0
6159 17363 0
6159 3044 0
6159 503 0
8797 1160 1
8797 16022 0
8797 8493 0
8797 1687 1
8797 7064 0
8797 4442 0
8797 1197 0
8797 3768 0
8797 2361 0
8797 4550 0
8797 1741 0
8797 5072 0
8797 1742 0
8797 4409 0
8797 5855 0
8797 1765 0
8797 16354 0
8797 2152 0
8797 5994 0
8797 6904 0
8797 503 0
8797 4859 0
2405 2152 0
2405 1160 1
2405 3729 0
2405 1687 1
2405 5855 0
2405 561 0
2405 3986 0
1552 1552 0
1552 7699 0
1552 861 0
1552 561 0
1552 18018 0
1552 870 0
1552 2152 0
1552 15996 0
1552 1160 1
1552 3725 0
1552 16022 0
1552 1687 1
1552 117 0
1552 4812 0
1552 1741 0
1552 8483 0
1552 5855 0
1552 746 0
1552 301 0
1552 8503 0
1552 5432 0
1552 5434 0
1552 835 0
1552 5446 0
1552 843 0
1552 866 0
1552 3446 0
1552 893 0
1552 5521 0
1552 6560 0
1552 7084 0
1552 13248 0
1552 13249 0
1552 2500 0
1552 16354 0
1552 8185 0
18018 2947 0
18018 5382 0
18018 1160 1
18018 1687 1
18018 287 0
18018 7077 0
18018 2500 0
18018 2501 0
18018 18018 0
18018 5986 0
18018 4859 0
5986 1658 0
5986 1160 1
5986 1687 1
5986 20227 0
5986 1259 0
5986 4859 0
5986 561 0
5986 5418 1
5986 3886 0
5986 5986 0
5986 870 0
5986 3446 0
5986 866 0
5986 1957 0
5986 7084 0
5986 2524 0
5986 8185 0
2152 17323 0
2152 561 0
2152 2152 0
2152 16354 0
2152 1160 1
2152 3722 0
2152 3729 0
2152 19628 0
2152 1687 1
2152 1176 0
2152 1741 0
2152 5855 0
2152 1249 0
2152 1259 0
2152 16624 0
2152 4859 0
2152 3352 0
2152 3353 0
2152 3354 0
2152 16160 0
2152 2861 0
2152 4442 0
2152 861 0
2152 3934 0
2152 8552 0
2152 5994 0
2152 892 0
2152 7551 0
2152 2981 0
2152 7084 0
2152 17363 0
2152 6614 0
17004 2500 0
17004 1160 1
17004 1687 1
20589 1160 1
20589 1687 1
8552 1160 1
8552 1687 1
8552 7084 0
8552 5366 0
7699 1160 1
7699 5772 0
7699 3725 0
7699 16022 0
7699 1687 1
7699 4253 0
7699 168 0
7699 3768 0
7699 4812 0
7699 1741 0
7699 5329 0
7699 723 0
7699 1742 0
7699 1249 0
7699 5365 0
7699 4859 0
7699 301 0
7699 4371 0
7699 2861 0
7699 3886 0
7699 5432 0
7699 2361 0
7699 4442 0
7699 870 0
7699 5994 0
7699 892 0
7699 5525 0
7699 5526 0
7699 1957 0
7699 2985 0
7699 6560 0
7699 2500 0
7699 2501 0
7699 972 0
7699 5072 0
7699 7077 0
7699 3043 0
7699 503 0
117 537 0
117 561 0
117 1160 1
117 3722 0
117 5772 0
117 3725 0
117 16022 0
117 1687 1
117 4253 0
117 19628 0
117 4787 0
117 117 0
117 4812 0
117 1741 0
117 7551 0
117 5855 0
117 1765 0
117 746 0
117 1259 0
117 4859 0
117 16160 0
117 8483 0
117 5432 0
117 4409 0
117 1350 0
117 861 0
117 3934 0
117 870 0
117 5994 0
117 3986 0
117 891 0
117 1919 0
117 5469 0
117 7077 0
117 7084 0
117 2500 0
117 2501 0
117 4550 0
117 5072 0
117 2524 0
117 16354 0
117 3043 0
117 9127 0
117 8185 0
1658 1160 1
1658 3729 0
1658 1687 1
1658 301 0
1658 7551 0
1658 3043 0
1658 1765 0
1658 1658 0
1658 4859 0
15996 301 0
15996 18767 0
15996 4535 0
15996 2500 0
15996 6614 0
15996 502 0
15996 561 0
15996 2501 0
15996 5578 0
15996 2861 0
15996 7077 0
15996 19628 0
15996 5363 0
15996 5366 0
15996 5367 0
15996 5368 0
15996 5382 0
15996 7455 0
15996 1249 0
15996 7551 0
15996 5523 0
15996 15996 0
15996 3729 0
15996 1688 0
15996 1741 0
15996 5855 0
15996 5858 0
15996 3934 0
15996 5994 0
15996 1687 1
15996 3986 0
15996 6111 1
15996 8185 0
1661 1160 1
1661 1687 1
1661 7452 0
1661 287 0
1661 2338 0
1661 1957 0
1661 1197 0
1661 561 0
1661 2500 0
1661 4550 0
1661 1765 0
1661 5994 0
1661 1259 0
1661 7406 0
1661 892 0
1661 1661 0
6271 1160 1
6271 3729 0
6271 1687 1
6271 4253 0
6271 1741 0
6271 1742 0
6271 5855 0
6271 503 0
6271 6271 0
2408 4859 0
2408 561 0
2408 1160 1
2408 5772 0
2408 3729 0
2408 1687 1
2408 3784 0
2408 1741 0
2408 1249 0
2408 5363 0
2408 5365 0
2408 5366 0
2408 5367 0
2408 5368 0
2408 5432 0
2408 4409 0
2408 2408 0
2408 386 0
2408 6560 0
2408 7084 0
2408 4855 0
2408 6904 0
2408 17363 0
2408 3043 0
2408 502 0
4812 7084 0
4812 5709 0
4812 1160 1
4812 16022 0
4812 1687 1
4812 168 0
4812 4812 0
4812 1741 0
4812 5329 0
4812 723 0
4812 4305 0
4812 6904 0
4812 20227 0
4812 4371 0
4812 7455 0
4812 8484 0
4812 7461 0
4812 5418 1
4812 5432 0
4812 335 0
4812 4442 0
4812 5469 0
4812 866 0
4812 6503 0
4812 3944 0
4812 3446 0
4812 891 0
4812 1919 0
4812 5526 0
4812 7077 0
4812 4534 0
4812 6560 0
4812 2500 0
4812 2501 0
4812 4550 0
4812 5578 0
4812 5072 0
4812 6613 0
4812 16354 0
1558 2500 0
1558 1160 1
1558 5578 0
1558 1687 1
1558 3354 0
1558 3355 0
1558 861 0
1158 1197 0
1158 561 0
1158 1158 0
1158 1159 0
1158 1160 1
1158 1687 1
1158 2501 0
1158 678 0
1158 168 0
1158 3768 0
1158 8393 0
1158 5855 0
1158 7406 0
1158 5365 0
1158 8483 0
1158 5427 0
1158 8503 0
1158 2361 0
1158 19777 0
1158 1350 0
1158 5772 0
1158 4409 0
1158 2907 0
1158 5476 0
1158 5994 0
1158 892 0
1158 1259 0
1158 3513 0
1158 16318 0
1158 2500 0
1158 6614 0
1158 16354 0
1158 3043 0
1159 1197 0
1159 3600 0
1159 1159 0
1159 1160 1
1159 16022 0
1159 1687 1
1159 1751 0
1159 1259 0
1159 7406 0
1159 4371 0
1159 3354 0
1159 3355 0
1159 287 0
1159 301 0
1159 8503 0
1159 6481 0
1159 17240 0
1159 861 0
1159 1378 0
1159 5994 0
1159 891 0
1159 892 0
1159 386 0
1159 1957 0
1159 1958 0
1159 4534 0
1159 4535 0
1159 4536 0
1159 4550 0
1159 3043 0
1159 3044 0
1160 5469 1
1160 168 1
1160 8368 1
1160 16580 1
1160 8393 1
1160 4329 1
1160 16624 1
1160 20730 1
1160 6398 1
1160 263 1
1160 4371 1
1160 18713 1
1160 8483 1
1160 8484 1
1160 6444 1
1160 301 1
1160 8500 1
1160 8503 1
1160 10566 1
1160 335 1
1160 6481 1
1160 4442 1
1160 6503 1
1160 386 1
1160 2461 1
1160 6560 1
1160 8627 1
1160 4534 1
1160 4535 1
1160 4536 1
1160 2500 1
1160 2501 1
1160 4550 1
1160 6613 1
1160 6614 1
1160 4581 1
1160 502 1
1160 503 1
1160 537 1
1160 561 1
1160 2630 1
1160 4690 1
1160 2643 1
1160 20249 1
1160 678 1
1160 4787 1
1160 3530 1
1160 16160 1
1160 722 1
1160 723 1
1160 746 1
1160 4855 1
1160 6904 1
1160 4859 1
1160 2815 1
1160 11020 1
1160 2524 1
1160 2861 1
1160 11061 1
1160 835 1
1160 843 1
1160 17240 1
1160 2907 1
1160 866 1
1160 870 1
1160 887 1
1160 891 1
1160 892 1
1160 893 1
1160 2947 1
1160 7320 1
1160 7077 1
1160 2983 1
1160 2985 1
1160 7084 1
1160 13248 1
1160 13249 1
1160 972 1
1160 5072 1
1160 17363 1
1160 3043 1
1160 3044 1
1160 19628 1
1160 21339 1
1160 861 1
1160 3600 1
1160 1160 2
1160 13458 1
1160 1176 1
1160 11445 1
1160 1249 1
1160 1259 1
1160 7406 1
1160 5363 1
1160 5365 1
1160 5366 1
1160 5367 1
1160 5368 1
1160 2361 1
1160 5382 1
1160 3336 1
1160 3352 1
1160 3353 1
1160 3354 1
1160 3355 1
1160 7452 1
1160 7455 1
1160 3360 1
1160 7461 1
1160 5427 1
1160 5434 1
1160 4409 1
1160 19777 1
1160 5446 1
1160 8762 1
1160 1378 1
1160 5476 1
1160 1384 1
1160 2622 1
1160 3446 1
1160 13687 1
1160 7551 1
1160 3464 1
1160 9612 1
1160 5521 1
1160 5523 1
1160 5525 1
1160 5526 1
1160 5527 1
1160 1957 1
1160 3493 1
1160 5548 1
1160 3513 1
1160 5570 1
1160 5578 1
1160 2981 1
1160 9127 1
1160 5668 1
1160 5709 1
1160 7818 1
1160 5772 1
1160 3725 1
1160 3729 1
1160 16022 1
1160 1687 2
1160 1688 1
1160 3745 1
1160 20150 1
1160 3768 1
1160 7870 1
1160 3784 1
1160 1741 1
1160 1742 1
1160 1751 1
1160 1752 1
1160 5855 1
1160 5858 1
1160 1765 1
1160 20206 1
1160 18163 1
1160 5903 1
1160 3865 1
1160 3868 1
1160 3894 1
1160 3722 1
1160 18060 1
1160 12109 1
1160 5432 1
1160 3944 1
1160 5994 1
1160 1919 1
1160 1920 1
1160 3999 1
1160 1350 1
1160 1958 1
1160 16318 1
1160 18767 1
1160 16367 1
1160 8185 1
7818 3722 0
7818 1687 1
7818 19628 0
7818 5432 0
7818 4409 0
7818 2500 0
7818 2501 0
7818 17363 0
7818 5855 0
2630 2861 0
2630 1687 1
2630 1197 0
2630 8493 0
2630 3043 0
3725 3725 0
3725 19777 0
3725 1687 1
3725 2501 0
3725 861 0
3725 1765 0
3725 746 0
3729 4305 0
3729 723 0
3729 4371 0
3729 18713 0
3729 287 0
3729 8483 0
3729 8493 0
3729 8503 0
3729 4409 0
3729 10566 0
3729 6481 0
3729 2500 0
3729 2501 0
3729 4550 0
3729 2524 0
3729 561 0
3729 4859 0
3729 2861 0
3729 891 0
3729 892 0
3729 7077 0
3729 7084 0
3729 972 0
3729 3043 0
3729 5329 0
3729 5363 0
3729 5365 0
3729 5366 0
3729 5367 0
3729 3353 0
3729 3354 0
3729 5432 0
3729 5668 0
3729 5709 0
3729 3729 0
3729 1687 1
3729 3784 0
3729 1741 0
3729 5855 0
3729 5858 0
3729 3894 0
3729 8500 0
3729 1920 0
3729 8185 0
13458 2861 0
13458 7870 0
13458 1687 1
13458 3934 0
3244 3986 1
3244 2937 1
16354 1687 1
16354 1688 0
16354 168 0
16354 3768 0
16354 5578 0
16354 4300 0
16354 1741 0
16354 5329 0
16354 17363 0
16354 5855 0
16354 5858 0
16354 1765 0
16354 1259 0
16354 4859 0
16354 4371 0
16354 301 0
16354 8503 0
16354 335 0
16354 3043 0
16354 7525 1
16354 5994 0
16354 1919 0
16354 1920 0
16354 2947 0
16354 5523 0
16354 1957 0
16354 7084 0
16354 2501 0
16354 16354 0
16354 8185 0
16022 5469 0
16022 5772 0
16022 16022 0
16022 1687 1
16022 19628 0
16022 1741 0
16022 1742 0
16022 5855 0
16022 6904 0
16022 4859 0
16022 3353 0
16022 3354 0
16022 8484 0
16022 301 0
16022 2361 0
16022 4442 0
16022 1765 0
16022 891 0
16022 7551 0
16022 1957 0
16022 4550 0
16022 5072 0
16022 20730 0
16022 3043 0
16022 16367 0
16022 502 0
537 8493 0
537 8503 0
537 2461 0
537 18163 0
537 6614 0
537 537 0
537 2937 0
537 1197 0
537 5329 0
537 5363 0
537 5365 0
537 5367 0
537 5570 0
537 1687 1
537 5855 0
537 1765 0
537 301 0
537 16160 0
537 5994 0
537 8185 0
1176 1687 1
1176 5432 0
1176 5434 0
1176 13623 0
1176 3944 0
4253 5526 0
4253 7084 0
4253 5523 0
4253 5469 0
4253 1687 1
4253 4253 0
4253 6560 0
4253 4550 0
4253 6904 0
4253 861 0
4253 561 0
4253 5432 0
4253 5709 0
4253 8393 0
4253 1741 0
4253 5329 0
4253 6613 0
4253 17240 0
4253 1885 1
4253 746 0
4253 8484 0
4253 4859 0
4253 5525 0
2981 7084 0
2981 5523 0
2981 5525 0
2981 1687 1
2981 5521 0
2981 8185 0
2981 2361 0
2981 17363 0
2981 5365 0
2981 3446 0
2981 13687 0
2981 4859 0
3745 287 0
3745 2338 0
3745 6560 0
3745 4534 0
3745 4535 0
3745 4536 0
3745 7064 0
3745 972 0
3745 17363 0
3745 861 0
3745 5994 0
3745 3336 0
3745 5432 0
3745 3745 0
3745 3784 0
3745 1741 0
3745 5855 0
3745 3986 0
3745 16329 1
18060 18060 0
18060 7525 1
18060 3446 0
18060 20206 0
18060 3784 0
678 2861 0
678 3934 0
678 1687 1
678 4859 0
168 168 0
168 4300 0
168 287 0
168 6444 0
168 301 0
168 2461 0
168 4534 0
168 4535 0
168 561 0
168 722 0
168 746 0
168 861 0
168 870 0
168 2937 0
168 7064 0
168 7077 0
168 2983 0
168 7084 0
168 972 0
168 1197 0
168 1249 0
168 1259 0
168 5366 0
168 5367 0
168 5368 0
168 5382 0
168 3353 0
168 3354 0
168 3355 0
168 5469 0
168 1384 0
168 3446 0
168 3464 0
168 5521 0
168 1687 1
168 1741 0
168 1742 0
168 3934 0
168 1919 0
168 1920 0
3868 1687 1
3868 19628 0
3868 5855 0
3868 5368 0
3868 8483 0
3868 8484 0
3868 2861 0
3868 8503 0
3868 8185 0
19628 1687 1
19628 7406 0
19628 5365 0
19628 16160 0
19628 561 0
19628 6444 0
19628 8503 0
19628 4409 0
19628 5469 0
19628 2947 0
19628 5527 0
19628 5521 0
19628 7084 0
19628 972 0
19628 6111 1
1197 17240 0
1197 3722 0
1197 1687 1
1197 1197 0
1197 1741 0
1197 7406 0
1197 1751 0
1197 5855 0
1197 5072 0
1197 1765 0
1197 4859 0
1197 4371 0
1197 3354 0
1197 2338 0
1197 301 0
1197 3886 0
1197 5432 0
1197 2361 0
1197 1378 0
1197 7525 1
1197 870 0
1197 887 0
1197 892 0
1197 5521 0
1197 7064 0
1197 1957 0
1197 7320 0
1197 7084 0
1197 2500 0
1197 4550 0
1197 7077 0
1197 3043 0
1197 3044 0
1197 6560 0
1197 5523 0
8368 3600 0
8368 5523 0
8368 1687 1
8368 3353 0
8368 3354 0
8368 2983 0
8368 4550 0
8368 2524 0
3944 1687 1
3944 6560 0
3944 7084 0
3944 335 0
3944 5072 0
4787 1687 1
4787 4787 0
4787 20227 0
4787 5855 0
4787 1765 0
4787 746 0
4787 4855 0
4787 3446 0
4787 3513 0
11445 2983 0
11445 1687 1
20150 13249 0
20150 1687 1
20150 3353 0
20150 13248 0
20150 835 0
20150 3446 0
18163 5523 0
18163 1687 1
18163 3352 0
18163 3354 0
18163 18163 0
18163 2501 0
18163 1765 0
18163 5365 0
18163 5367 0
3768 1687 1
3768 3768 0
3768 1741 0
3768 1742 0
3768 5329 0
3768 723 0
3768 5365 0
3768 3354 0
3768 3355 0
3768 8483 0
3768 8503 0
3768 5432 0
3768 861 0
3768 866 0
3768 1384 0
3768 5523 0
3768 7084 0
3768 4534 0
3768 4535 0
3768 4536 0
3768 2500 0
3768 5578 0
3768 5072 0
3768 3043 0
7320 1687 1
7320 7320 0
7320 19777 0
7320 4550 0
7320 335 0
7320 870 0
7320 746 0
7320 7551 0
287 287 0
287 8493 0
287 8500 0
287 386 0
287 835 0
287 866 0
287 870 0
287 9127 0
287 1259 0
287 8503 0
287 1885 1
287 2338 0
287 2461 0
287 2861 0
287 11061 0
287 3043 0
287 3352 0
287 3354 0
287 1751 0
287 3446 0
287 3464 0
287 3513 0
287 1957 0
287 20227 0
287 3934 0
287 4305 0
287 4442 0
287 4536 0
287 4690 0
287 5366 0
287 5526 0
287 5994 0
287 6111 1
287 6112 1
287 7406 0
287 7452 0
3530 7084 0
3530 1687 1
3530 2361 0
3530 8393 0
3530 5072 0
3530 4581 0
3530 5994 0
3530 6904 0
7870 1687 1
7870 2861 0
7870 4409 0
7870 7870 0
7870 5570 0
7870 3934 0
7870 1765 0
7870 866 0
7870 5365 0
16160 561 0
16160 1687 1
16160 7406 0
16160 6398 0
16160 2947 0
16160 2338 0
16160 8484 0
16160 6444 0
16160 4409 0
16160 1350 0
16160 5469 0
16160 5994 0
16160 2461 0
16160 7084 0
16160 6560 0
16160 2500 0
16160 6614 0
16580 16580 0
16580 503 0
16580 1687 1
3784 1687 1
3784 3784 0
3784 5855 0
3784 5903 0
3784 3353 0
3784 7455 0
3784 8493 0
3784 5432 0
3784 861 0
3784 3446 0
3784 2937 0
3784 3986 0
8393 1687 1
8393 3353 0
8393 3354 0
8393 3355 0
8393 2338 0
8393 8484 0
8393 5418 1
8393 301 0
8393 2500 0
8393 1741 0
8393 1742 0
8393 5476 0
8393 5994 0
8393 5523 0
8393 4859 0
887 1687 1
887 4550 0
887 861 0
887 5363 0
887 5365 0
887 5366 0
887 887 0
4300 5469 0
4300 561 0
4300 5772 0
4300 1687 1
4300 4300 0
4300 1741 0
4300 5072 0
4300 2338 0
4300 3886 0
4300 3464 0
4300 1885 1
4300 3934 0
4300 5476 0
4300 1259 0
4300 9612 0
4300 3986 0
4300 7077 0
4300 5523 0
1741 6398 0
1741 2338 0
1741 8484 0
1741 6444 0
1741 301 0
1741 8500 0
1741 8503 0
1741 4409 0
1741 18767 0
1741 2500 0
1741 2501 0
1741 4550 0
1741 6613 0
1741 2524 0
1741 502 0
1741 561 0
1741 6904 0
1741 4859 0
1741 861 0
1741 866 0
1741 870 0
1741 891 0
1741 892 0
1741 2947 0
1741 972 0
1741 5072 0
1741 3043 0
1741 3044 0
1741 3600 0
1741 2937 0
1741 1259 0
1741 7406 0
1741 5363 0
1741 5365 0
1741 5366 0
1741 5368 0
1741 3353 0
1741 3354 0
1741 3355 0
1741 7461 0
1741 5432 0
1741 5434 0
1741 5469 0
1741 1384 0
1741 3446 0
1741 7551 0
1741 5523 0
1741 5525 0
1741 3493 0
1741 5570 0
1741 5578 0
1741 18713 0
1741 7077 0
1741 5709 0
1741 5772 0
1741 1687 1
1741 1741 0
1741 1742 0
1741 5855 0
1741 1765 0
1741 8493 0
1741 5994 0
1741 1919 0
1741 1920 0
1741 1957 0
1741 6111 1
1741 6560 0
1741 16367 0
1741 8185 0
1742 5469 0
1742 3446 0
1742 1687 1
1742 1742 0
1742 6904 0
1742 3354 0
1742 3355 0
1742 8484 0
1742 7461 0
1742 8500 0
1742 8503 0
1742 5432 0
1742 18767 0
1742 3353 0
1742 1384 0
1742 7551 0
1742 5525 0
1742 6560 0
1742 4550 0
4305 5668 0
4305 7077 0
4305 5855 0
4305 1687 1
4305 5858 0
4305 1259 0
4305 4859 0
4305 4371 0
4305 3353 0
4305 3354 0
4305 8500 0
4305 3886 0
4305 5432 0
4305 4409 0
4305 1350 0
4305 6481 0
4305 4442 0
4305 861 0
4305 1384 0
4305 8687 1
4305 6560 0
4305 1957 0
4305 2983 0
4305 2500 0
4305 3043 0
4305 503 0
722 4371 0
722 1687 1
722 3352 0
722 3353 0
722 3354 0
722 1957 0
722 7084 0
722 301 0
722 5427 0
722 4536 0
722 7077 0
722 2500 0
722 5578 0
722 1751 0
722 2524 0
722 5855 0
722 3043 0
722 5523 0
722 892 0
722 5525 0
723 5668 0
723 1687 1
723 5578 0
723 1751 0
723 1249 0
723 723 0
723 5365 0
723 5366 0
723 5367 0
723 4371 0
723 3352 0
723 3353 0
723 3354 0
723 6444 0
723 301 0
723 5432 0
723 19777 0
723 3934 0
723 891 0
723 892 0
723 1957 0
723 2500 0
723 2501 0
723 17363 0
723 7077 0
723 3043 0
1751 561 0
1751 1687 1
1751 1688 0
1751 1751 0
1751 1752 0
1751 5855 0
1751 5363 0
1751 6904 0
1751 3354 0
1751 3360 0
1751 301 0
1751 5432 0
1751 2361 0
1751 1350 0
1751 6481 0
1751 5469 0
1751 5994 0
1751 7551 0
1751 5526 0
1751 5527 0
1751 6560 0
1751 1957 0
1751 7084 0
1751 4550 0
1751 3043 0
1752 5526 0
1752 1687 1
1752 6560 0
1752 1957 0
1752 2361 0
1752 4550 0
1752 6481 0
1752 1752 0
1752 5469 0
1752 5855 0
1752 3043 0
1752 1765 0
1752 5365 0
1752 5366 0
1752 6904 0
5668 5668 0
5668 1687 1
5668 3353 0
5668 3354 0
5668 3934 0
5668 3865 0
5668 3986 0
5668 5525 0
5855 19777 0
5855 17323 0
5855 4329 0
5855 263 0
5855 4371 0
5855 8483 0
5855 8484 0
5855 6444 0
5855 301 0
5855 10550 0
5855 8503 0
5855 2361 0
5855 12109 0
5855 6560 0
5855 4534 0
5855 4536 0
5855 2500 0
5855 2501 0
5855 6904 0
5855 6613 0
5855 2524 0
5855 503 0
5855 561 0
5855 8762 0
5855 4550 0
5855 746 0
5855 4859 0
5855 2907 0
5855 861 0
5855 866 0
5855 870 0
5855 892 0
5855 2947 0
5855 7084 0
5855 972 0
5855 8493 0
5855 3600 0
5855 5329 0
5855 17363 0
5855 1249 0
5855 5365 0
5855 5366 0
5855 5382 0
5855 3336 0
5855 3352 0
5855 3353 0
5855 3354 0
5855 7455 0
5855 5418 1
5855 5432 0
5855 5434 0
5855 1350 0
5855 5469 0
5855 1384 0
5855 5570 0
5855 3446 0
5855 7064 0
5855 5527 0
5855 5367 0
5855 7077 0
5855 5709 0
5855 1687 1
5855 7452 0
5855 5855 0
5855 5858 0
5855 1765 0
5855 5903 0
5855 3886 0
5855 3894 0
5855 5994 0
5855 1920 0
5855 8185 0
1249 19777 0
1249 561 0
1249 1687 1
1249 7452 0
1249 1249 0
1249 1259 0
1249 263 0
1249 8483 0
1249 2861 0
1249 5432 0
1249 5994 0
1249 3446 0
1249 7551 0
1249 3986 0
1249 7077 0
1249 9127 0
1249 7084 0
1249 2500 0
1249 2501 0
1249 6614 0
1249 502 0
1249 503 0
5858 561 0
5858 8762 0
5858 5709 0
5858 1687 1
5858 5858 0
5858 4329 0
5858 746 0
5858 17363 0
5858 7084 0
5858 4371 0
5858 3353 0
5858 3354 0
5858 5418 1
5858 3894 0
5858 835 0
5858 1350 0
5858 8503 0
5858 861 0
5858 5994 0
5858 3446 0
5858 19777 0
5858 17323 0
5858 4534 0
5858 2500 0
5858 2501 0
5858 972 0
5446 1687 1
5446 5446 0
5446 3043 0
5446 892 0
1765 18713 0
1765 8500 0
1765 8503 0
1765 4409 0
1765 4425 1
1765 6560 0
1765 4534 0
1765 4535 0
1765 4536 0
1765 2501 0
1765 4550 0
1765 6613 0
1765 2937 0
1765 891 0
1765 7077 0
1765 2983 0
1765 3043 0
1765 5367 0
1765 5368 0
1765 3352 0
1765 3355 0
1765 5469 0
1765 1384 0
1765 3513 0
1765 1687 1
1765 1688 0
1765 1765 0
1765 3986 0
1765 18767 0
5329 17323 0
5329 1687 1
5329 8484 0
5329 6904 0
5329 263 0
5329 3353 0
5329 3354 0
5329 3355 0
5329 2861 0
5329 8500 0
5329 1350 0
5329 861 0
5329 3934 0
5329 1384 0
5329 3986 0
5329 10566 0
5329 2501 0
5329 5072 0
5329 17240 0
5329 16329 1
4329 2500 0
4329 1350 0
4329 4329 0
4329 5994 0
4329 7084 0
4329 4371 0
4329 1687 1
4329 3354 0
746 561 0
746 1687 1
746 746 0
746 1259 0
746 861 0
746 3894 0
746 5432 0
746 835 0
746 5469 0
746 866 0
746 870 0
746 7084 0
746 2501 0
1259 263 0
1259 8483 0
1259 8484 0
1259 301 0
1259 4442 0
1259 4534 0
1259 2500 0
1259 2524 0
1259 502 0
1259 503 0
1259 561 0
1259 843 0
1259 861 0
1259 891 0
1259 7064 0
1259 7084 0
1259 972 0
1259 5072 0
1259 3934 0
1259 5365 0
1259 1920 0
1259 3353 0
1259 3354 0
1259 3355 0
1259 13623 0
1259 5432 0
1259 1350 0
1259 5469 0
1259 1384 0
1259 5578 0
1259 3600 0
1259 4371 0
1259 1687 1
1259 1688 0
1259 1919 0
1259 3986 0
1259 3999 0
1259 6111 1
7406 1687 1
7406 7406 0
7406 5365 0
7406 5366 0
7406 4859 0
7406 2361 0
7406 892 0
7406 5521 0
7406 5523 0
7406 2461 0
7406 1957 0
7406 4550 0
7406 6614 0
7406 8687 1
16624 1687 1
16624 2461 0
16624 8484 0
16624 3446 0
5363 561 0
5363 3722 0
5363 1687 1
5363 1688 0
5363 17363 0
5363 5365 0
5363 5366 0
5363 5367 0
5363 5368 0
5363 2361 0
5363 6613 0
5363 301 0
5363 4409 0
5363 3446 0
5363 891 0
5363 892 0
5363 5521 0
5363 7084 0
5363 2500 0
5363 2501 0
5363 2524 0
5363 4859 0
5365 561 0
5365 17363 0
5365 1687 1
5365 1688 0
5365 3354 0
5365 891 0
5365 5365 0
5365 5366 0
5365 5367 0
5365 5368 0
5365 7084 0
5365 4371 0
5365 3353 0
5365 3355 0
5365 7452 0
5365 8483 0
5365 2861 0
5365 5432 0
5365 2361 0
5365 4409 0
5365 301 0
5365 4442 0
5365 3934 0
5365 1384 0
5365 3446 0
5365 892 0
5365 1919 0
5365 2947 0
5365 5521 0
5365 3986 0
5365 5523 0
5365 5525 0
5365 5548 0
5365 8627 0
5365 2500 0
5365 2501 0
5365 5072 0
5365 6613 0
5365 2524 0
5365 7077 0
5365 3044 0
5365 6560 0
5365 6904 0
5365 503 0
5365 8185 0
5366 561 0
5366 1687 1
5366 1688 0
5366 5366 0
5366 5367 0
5366 5368 0
5366 8483 0
5366 4409 0
5366 2361 0
5366 5469 0
5366 892 0
5366 2947 0
5366 7077 0
5366 7084 0
5366 8627 0
5366 2500 0
5366 2501 0
5366 17363 0
5366 6613 0
5366 3043 0
5366 8185 0
5367 561 0
5367 1687 1
5367 1688 0
5367 5367 0
5367 5368 0
5367 2361 0
5367 3336 0
5367 3353 0
5367 3354 0
5367 3355 0
5367 2338 0
5367 8483 0
5367 301 0
5367 5432 0
5367 4409 0
5367 3934 0
5367 892 0
5367 2947 0
5367 3986 0
5367 6560 0
5367 1957 0
5367 6904 0
5367 5548 0
5367 8627 0
5367 2500 0
5367 2501 0
5367 17363 0
5367 6613 0
5367 7077 0
5367 3043 0
5367 8185 0
5368 561 0
5368 1687 1
5368 1688 0
5368 17363 0
5368 3353 0
5368 3354 0
5368 3355 0
5368 2338 0
5368 8483 0
5368 8500 0
5368 5432 0
5368 2361 0
5368 4409 0
5368 2947 0
5368 3986 0
5368 3934 0
5368 6560 0
5368 1957 0
5368 5548 0
5368 8627 0
5368 2500 0
5368 2501 0
5368 6613 0
5368 7077 0
5368 3043 0
5368 8185 0
20730 1687 1
4859 4371 0
4859 8483 0
4859 301 0
4859 8503 0
4859 2361 0
4859 10566 0
4859 4442 0
4859 386 0
4859 6560 0
4859 4534 0
4859 2500 0
4859 2501 0
4859 4550 0
4859 2524 0
4859 502 0
4859 561 0
4859 8762 0
4859 4855 0
4859 4859 0
4859 893 0
4859 7077 0
4859 2983 0
4859 7084 0
4859 972 0
4859 5072 0
4859 3043 0
4859 892 0
4859 5382 0
4859 3354 0
4859 3355 0
4859 7452 0
4859 7461 0
4859 5432 0
4859 5434 0
4859 4409 0
4859 3446 0
4859 7551 0
4859 5521 0
4859 5523 0
4859 5527 0
4859 1687 1
4859 8493 0
4859 3886 0
4859 3934 0
4859 3986 0
4859 1957 0
6398 1687 1
6398 2501 0
6398 7084 0
6398 2861 0
6398 1350 0
6398 6614 0
6398 861 0
6398 6398 0
2815 5548 0
2815 4535 0
2815 5523 0
2815 5521 0
2815 1687 1
2815 2815 0
20227 5476 0
20227 1687 1
20227 20227 0
20227 5903 0
20227 18713 0
20227 5418 1
20227 3986 0
20227 3513 0
1688 1687 1
1688 1688 0
1688 263 0
1688 3354 0
1688 5432 0
1688 335 0
1688 1378 0
1688 7551 0
1688 5525 0
1688 2524 0
1688 3043 0
5382 1687 1
5382 2500 0
5382 2501 0
5382 7077 0
5382 7455 0
5382 4550 0
5382 2643 0
5382 3934 0
5382 3446 0
263 5476 0
263 263 0
263 2338 0
263 835 0
263 861 0
263 16329 1
263 7064 0
263 3999 0
263 8185 0
3336 861 0
3336 8185 0
3336 3336 0
3336 2338 0
3336 3894 0
3336 1885 1
3336 3986 0
3336 5523 0
3336 5525 0
3336 5469 0
3336 4535 0
3336 4536 0
7084 5469 0
7084 7077 0
7084 3722 0
7084 1687 1
7084 20206 0
7084 6904 0
7084 11020 0
7084 301 0
7084 3352 0
7084 3353 0
7084 3354 0
7084 8483 0
7084 2861 0
7084 8500 0
7084 3894 0
7084 4409 0
7084 335 0
7084 17240 0
7084 861 0
7084 3934 0
7084 870 0
7084 3446 0
7084 892 0
7084 7551 0
7084 1920 0
7084 386 0
7084 2947 0
7084 2461 0
7084 2985 0
7084 7084 0
7084 3513 0
7084 6560 0
7084 17363 0
7084 6614 0
7084 2524 0
7084 3043 0
7084 9127 0
11020 5476 0
11020 1687 1
5903 1687 1
5903 3353 0
5903 3354 0
5903 5469 0
5903 5523 0
5903 3043 0
4371 5709 0
4371 3722 0
4371 5772 0
4371 1687 1
4371 4371 0
4371 3353 0
4371 3354 0
4371 3360 0
4371 8484 0
4371 8503 0
4371 5432 0
4371 2361 0
4371 19777 0
4371 1350 0
4371 13623 0
4371 3043 0
4371 4442 0
4371 861 0
4371 5994 0
4371 3446 0
4371 1919 0
4371 5521 0
4371 3986 0
4371 5523 0
4371 1957 0
4371 3513 0
4371 2500 0
4371 2501 0
4371 4550 0
4371 5072 0
4371 6444 0
4371 7077 0
4371 503 0
3352 19777 0
3352 1687 1
3352 3352 0
3352 3353 0
3352 3354 0
3352 3355 0
3352 301 0
3352 18713 0
3352 866 0
3352 1384 0
3352 3865 0
3352 1920 0
3352 5523 0
3352 10566 0
3352 17323 0
3352 2500 0
3352 4550 0
3352 5578 0
18713 1687 1
18713 2500 0
3354 2338 0
3354 301 0
3354 2361 0
3354 4442 0
3354 6560 0
3354 2500 0
3354 4550 0
3354 6613 0
3354 2524 0
3354 4581 0
3354 561 0
3354 6904 0
3354 843 0
3354 861 0
3354 870 0
3354 891 0
3354 892 0
3354 893 0
3354 972 0
3354 3043 0
3354 3353 0
3354 3354 0
3354 3355 0
3354 3044 0
3354 5427 0
3354 19777 0
3354 5476 0
3354 1384 0
3354 5578 0
3354 1687 1
3354 20206 0
3354 5432 0
3354 3934 0
3354 1919 0
3354 1920 0
3354 1957 0
3354 1958 0
3354 16367 0
3355 3600 0
3355 561 0
3355 5709 0
3355 870 0
3355 1687 1
3355 3353 0
3355 3355 0
3355 301 0
3355 1350 0
3355 5432 0
3355 5994 0
3355 891 0
3355 892 0
3355 893 0
3355 1919 0
3355 1920 0
3355 10566 0
3355 6560 0
3355 1957 0
3355 1958 0
3355 2983 0
3355 2500 0
3355 4550 0
3355 3043 0
3355 3044 0
7452 8503 0
7452 5432 0
7452 2500 0
7452 2501 0
7452 843 0
7452 4536 0
7452 4442 0
7452 1687 1
7455 5772 0
7455 1687 1
7455 7455 0
7455 301 0
7455 3886 0
7455 4409 0
7455 7551 0
7455 2947 0
7455 2985 0
7455 5072 0
7455 3043 0
3360 386 0
3360 3722 0
3360 1687 1
3360 3360 0
3360 5427 0
3360 2501 0
3360 6481 0
3360 1957 0
3360 3043 0
3360 5994 0
3360 891 0
2338 2338 0
2338 8500 0
2338 4409 0
2338 4550 0
2338 16329 1
2338 4855 0
2338 2937 0
2338 2985 0
2338 5072 0
2338 5432 0
2338 5469 0
2338 1384 0
2338 7064 0
2338 1687 1
2338 3894 0
2338 1885 1
2338 5994 0
2338 3986 0
2338 3999 0
8483 1687 1
8483 6904 0
8483 8484 0
8483 1350 0
8483 5994 0
8483 892 0
8483 3986 0
8483 5525 0
8483 6560 0
8483 1957 0
8483 6613 0
8483 16367 0
8484 561 0
8484 5772 0
8484 1687 1
8484 6904 0
8484 7551 0
8484 8484 0
8484 301 0
8484 8500 0
8484 2361 0
8484 4442 0
8484 1384 0
8484 5527 0
8484 6560 0
8484 1957 0
8484 4550 0
8484 972 0
8484 5072 0
8484 17363 0
8484 6614 0
8484 2524 0
8484 3043 0
7461 3986 0
7461 1687 1
7461 7461 0
7461 301 0
7461 4409 0
7461 5072 0
7461 4442 0
7461 5469 0
7461 3043 0
7461 6904 0
7461 7551 0
561 301 0
561 8503 0
561 4409 0
561 6560 0
561 2500 0
561 2501 0
561 4550 0
561 6613 0
561 2524 0
561 561 0
561 6904 0
561 866 0
561 892 0
561 3043 0
561 3044 0
561 861 0
561 3353 0
561 5432 0
561 7551 0
561 5521 0
561 5523 0
561 5525 0
561 5570 0
561 1687 1
561 5994 0
561 1920 0
5418 17896 1
5418 5418 2
5418 13623 1
5418 5072 1
5418 3934 1
5418 17363 1
6444 1687 1
6444 6614 0
8493 5994 0
8493 3722 0
8493 1687 1
8493 2937 0
8493 301 0
8493 3986 0
8493 18767 0
8493 6111 1
8493 3043 0
3886 1687 1
3886 4855 0
3886 2861 0
3886 3886 0
3886 4409 0
3886 5469 0
3886 5994 0
3886 386 0
3886 5521 0
3886 7077 0
3886 4534 0
3886 3513 0
3886 2500 0
3886 2501 0
3886 16329 1
3886 972 0
1425 2937 1
5427 1687 1
5427 3353 0
5427 5427 0
5427 5432 0
5427 5994 0
8500 861 0
8500 3934 0
8500 1687 1
8500 8500 0
8500 1384 0
8500 3446 0
8500 2937 0
8500 3986 0
8500 6560 0
8500 1957 0
8500 2500 0
8500 2501 0
8500 7077 0
8500 6904 0
11061 1687 1
10550 10550 0
10550 16329 1
10550 7525 1
13623 1958 0
13623 16329 1
5432 301 0
5432 6481 0
5432 4442 0
5432 4534 0
5432 4536 0
5432 2500 0
5432 2501 0
5432 4550 0
5432 2524 0
5432 503 0
5432 8762 0
5432 4855 0
5432 861 0
5432 892 0
5432 7077 0
5432 5072 0
5432 17363 0
5432 3353 0
5432 5432 0
5432 5434 0
5432 5469 0
5432 5476 0
5432 1384 0
5432 5521 0
5432 5523 0
5432 3513 0
5432 1687 1
5432 20249 0
5432 3894 0
5432 3043 0
4409 4409 0
4409 4550 0
4409 2861 0
4409 861 0
4409 866 0
4409 2937 0
4409 2983 0
4409 5072 0
4409 17363 0
4409 870 0
4409 5469 0
4409 1384 0
4409 7551 0
4409 3934 0
4409 5570 0
4409 1687 1
4409 3986 0
4409 6112 1
5434 1687 1
5434 6481 0
5434 5521 0
5434 5994 0
5434 892 0
5434 2500 0
5434 2501 0
5434 4550 0
6111 7064 1
6111 301 1
6111 2500 1
6111 2501 1
6111 17363 1
6111 6614 1
6111 6111 2
6111 3446 1
6111 8185 1
3722 4690 0
3722 1687 1
3722 8503 0
3722 19777 0
3722 5994 0
3722 892 0
3722 5525 0
3722 4550 0
3722 8185 0
19777 1687 1
19777 3353 0
19777 19777 0
19777 2500 0
19777 1350 0
19777 5476 0
19777 5994 0
19777 3446 0
835 13248 0
835 1687 1
835 835 0
835 1350 0
835 861 0
835 870 0
835 17323 0
835 13249 0
835 2500 0
835 2501 0
3894 1687 1
3894 3513 0
3894 2500 0
3894 5476 0
3894 861 0
1350 5994 0
1350 16329 1
1350 301 0
1350 2361 0
1350 1350 0
1350 2501 0
1350 3446 0
1350 892 0
1350 3464 0
1350 8687 1
1350 2461 0
1350 7077 0
1350 2500 0
1350 5578 0
1350 5523 0
4425 5521 1
4425 3986 1
4425 17896 1
21339 1687 1
8503 1687 1
8503 301 0
8503 2861 0
8503 8503 0
8503 2361 0
8503 4442 0
8503 3934 0
8503 6503 0
8503 5994 0
8503 3446 0
8503 891 0
8503 7551 0
8503 5523 0
8503 7077 0
8503 2500 0
8503 17363 0
8503 6614 0
8503 502 0
12109 1687 1
12109 17363 0
12109 5994 0
12109 3446 0
335 1687 1
335 5072 0
335 2524 0
6481 386 0
6481 1687 1
6481 1957 0
6481 2500 0
6481 6481 0
6481 1378 0
6481 3043 0
6481 3044 0
6481 891 0
3043 386 0
3043 2361 0
3043 4442 0
3043 6560 0
3043 2500 0
3043 4550 0
3043 2524 0
3043 502 0
3043 6904 0
3043 301 0
3043 17240 0
3043 861 0
3043 866 0
3043 870 0
3043 891 0
3043 892 0
3043 7077 0
3043 503 0
3043 3043 0
3043 3353 0
3043 1378 0
3043 3446 0
3043 5521 0
3043 5523 0
3043 5527 0
3043 5570 0
3043 3600 0
3043 5709 0
3043 1687 1
3043 20206 0
3043 5994 0
3043 1957 0
3043 1958 0
3043 16367 0
301 5469 0
301 7077 0
301 5709 0
301 1687 1
301 4855 0
301 6904 0
301 301 0
301 2361 0
301 18767 0
301 866 0
301 5994 0
301 5523 0
301 3446 0
301 891 0
301 892 0
301 1919 0
301 16367 0
301 6560 0
301 4534 0
301 4535 0
301 2500 0
301 4550 0
301 2524 0
2361 5469 0
2361 2622 0
2361 5709 0
2361 4690 0
2361 1687 1
2361 2361 0
2361 18767 0
2361 4442 0
2361 5994 0
2361 5523 0
2361 3446 0
2361 891 0
2361 892 0
2361 5525 0
2361 5526 0
2361 16367 0
2361 6560 0
2361 1957 0
2361 2500 0
2361 2501 0
2361 4550 0
2361 8185 0
2361 6904 0
17240 386 0
17240 1687 1
17240 2500 0
17240 17240 0
17240 1378 0
17240 3044 0
4442 4534 0
4442 5072 0
4442 6904 0
4442 3353 0
4442 4442 0
4442 5476 0
4442 5994 0
4442 3446 0
4442 891 0
4442 892 0
4442 1919 0
4442 1687 1
4442 5525 0
4442 5527 0
4442 7077 0
4442 6560 0
4442 2500 0
4442 4550 0
4442 16367 0
2907 1687 1
2907 17323 0
2907 861 0
2907 870 0
3353 6560 0
3353 2500 0
3353 2501 0
3353 4550 0
3353 6613 0
3353 4690 0
3353 5570 0
3353 861 0
3353 2983 0
3353 972 0
3353 5072 0
3353 3353 0
3353 1957 0
3353 1687 1
3353 1920 0
3353 10566 0
1885 5523 1
1885 5525 1
1885 5526 1
1885 1885 2
3934 1687 1
3934 4855 0
3934 2861 0
3934 3934 0
3934 866 0
3934 3446 0
3934 13248 0
3934 13249 0
3934 5570 0
3934 2500 0
3934 4550 0
3934 7551 0
3934 2524 0
3934 8185 0
1378 386 0
1378 1687 1
1378 8687 1
1378 1957 0
1378 2500 0
1378 4550 0
1378 1378 0
1378 3044 0
1378 892 0
5476 1687 1
5476 5476 0
5476 5994 0
5476 7077 0
5476 4550 0
7525 1687 2
870 4534 0
870 1687 1
870 4855 0
870 861 0
870 870 0
870 5570 0
870 5523 0
870 3446 0
870 891 0
870 8687 1
870 1919 0
870 3464 0
870 3493 0
870 3513 0
870 2500 0
870 2501 0
870 4550 0
6503 1687 1
1384 6560 0
1384 4534 0
1384 4535 0
1384 2500 0
1384 2501 0
1384 6904 0
1384 2937 0
1384 7077 0
1384 17363 0
1384 4536 0
1384 861 0
1384 1384 0
1384 3446 0
1384 3493 0
1384 1687 1
1384 5994 0
1384 3986 0
5994 10566 0
5994 2500 0
5994 2524 0
5994 861 0
5994 893 0
5994 7064 0
5994 972 0
5994 5072 0
5994 3446 0
5994 5521 0
5994 5709 0
5994 5772 0
5994 1687 1
5994 5994 0
5994 3999 0
5994 1957 0
5994 16329 1
5994 16367 0
5994 8185 0
3865 1687 1
2622 1687 1
2622 2622 0
3446 386 0
3446 2500 0
3446 6614 0
3446 2524 0
3446 843 0
3446 861 0
3446 2937 0
3446 17363 0
3446 5469 0
3446 3446 0
3446 5578 0
3446 1687 1
3446 1919 0
3446 1920 0
3446 8185 0
13687 2983 0
13687 1687 1
2937 18767 0
2937 17363 0
2937 861 0
2937 1687 1
2937 3986 0
891 1687 1
891 861 0
891 891 0
891 892 0
891 893 0
891 386 0
891 1957 0
891 2500 0
891 2501 0
891 4550 0
892 1687 1
892 892 0
892 893 0
892 1919 0
892 386 0
892 5523 0
892 5525 0
892 5527 0
892 2500 0
892 4550 0
892 7551 0
892 8185 0
893 1687 1
893 7077 0
893 2500 0
7551 1687 1
7551 2861 0
7551 3986 0
7551 2524 0
7551 503 0
1920 1687 1
1920 4550 0
1920 972 0
1920 2524 0
386 1687 1
386 386 0
386 1957 0
386 3044 0
2947 2947 0
2947 1687 1
2947 2501 0
2947 2500 0
2947 6613 0
2947 6614 0
2947 2524 0
10566 5709 0
10566 1687 1
3464 3464 0
3464 1687 1
1687 8762 1
1687 18767 1
1687 2461 1
1687 6560 1
1687 8627 1
1687 4534 1
1687 4535 1
1687 4536 1
1687 2500 1
1687 4550 1
1687 6613 1
1687 6614 1
1687 2524 1
1687 502 1
1687 503 1
1687 4690 1
1687 2643 1
1687 20249 1
1687 4855 1
1687 6904 1
1687 2861 1
1687 843 1
1687 861 1
1687 4581 1
1687 866 1
1687 2985 1
1687 13248 1
1687 13249 1
1687 972 1
1687 5072 1
1687 17363 1
1687 3044 1
1687 3600 1
1687 5469 1
1687 9612 1
1687 5521 1
1687 5523 1
1687 5525 1
1687 5526 1
1687 5527 1
1687 3493 1
1687 5548 1
1687 3513 1
1687 3999 1
1687 5570 1
1687 5578 1
1687 7077 1
1687 2983 1
1687 5709 1
1687 16318 1
1687 5772 1
1687 1687 2
1687 9127 1
1687 20206 1
1687 1919 1
1687 1957 1
1687 1958 1
1687 16367 1
5521 5469 0
5521 7077 0
5521 5521 0
5521 3986 0
5521 5523 0
5521 5525 0
5521 5526 0
5521 5548 0
5521 4536 0
5521 2500 0
5521 5072 0
5521 1957 0
5521 502 0
5521 8185 0
3986 861 0
3986 972 0
3986 17896 0
3986 18767 0
3986 2501 0
3986 3986 0
3986 4534 0
3986 4550 0
3986 4581 0
3986 5469 0
3986 5523 0
3986 5526 0
3986 6112 1
3986 7064 0
3986 8185 0
5523 3600 0
5523 7077 0
5523 5709 0
5523 6904 0
5523 5523 0
5523 5526 0
5523 5525 0
5523 5469 0
5523 5527 0
5523 18767 0
5523 5548 0
5523 4536 0
5523 2500 0
5523 2501 0
5523 4550 0
5523 2524 0
5523 502 0
5523 8185 0
5525 6904 0
5525 5469 0
5525 5525 0
5525 5526 0
5525 2500 0
5525 4550 0
5526 5526 0
5526 5469 0
5526 4550 0
5526 20206 0
5527 5548 0
5527 6560 0
5527 5469 0
5527 5527 0
5527 6904 0
5527 8185 0
7064 843 0
7064 861 0
7064 16329 1
7064 5469 0
7064 4534 0
7064 4550 0
16367 5772 0
16367 16367 0
16367 6560 0
16367 2500 0
16367 5072 0
16367 2983 0
16367 6904 0
861 2461 0
861 4550 0
861 6613 0
861 4855 0
861 861 0
861 866 0
861 5469 0
861 3493 0
861 5570 0
861 1919 0
861 3999 0
861 16329 1
861 6112 1
861 8185 0
2461 4534 0
2461 17363 0
3999 17363 0
3999 3999 0
3999 2500 0
6560 5772 0
6560 6560 0
6560 1957 0
6560 4550 0
6560 972 0
6560 5072 0
6560 6614 0
6560 6904 0
6560 502 0
3493 4534 0
3493 6614 0
1958 1957 0
1958 3044 0
2985 2983 0
2985 2985 0
2985 2500 0
2985 972 0
17323 13248 0
17323 6112 1
17323 8687 1
5548 2500 0
5772 5709 0
5772 5772 0
5772 6904 0
5772 866 0
5772 7077 0
5772 2501 0
5772 5578 0
5772 5072 0
5772 17363 0
1919 5469 0
1919 2983 0
1919 6904 0
1919 1919 0
3600 2983 0
3600 2524 0
8627 2500 0
8627 6613 0
7077 5469 0
7077 7077 0
7077 2983 0
7077 3513 0
7077 2500 0
7077 2501 0
7077 5578 0
7077 5072 0
7077 2524 0
7077 4581 0
7077 502 0
7077 8185 0
4534 4535 0
4534 6614 0
4534 4534 0
4534 972 0
4534 5469 0
4535 4535 0
4535 4536 0
4535 972 0
4536 5469 0
4536 4536 0
4536 4550 0
4536 972 0
3513 3513 0
13248 13249 0
13249 13249 0
13249 5570 0
13249 843 0
13249 17363 0
5570 1957 0
5570 2861 0
5570 866 0
843 2500 0
843 843 0
843 5469 0
843 2501 0
2500 2501 0
2500 6613 0
2500 6614 0
2500 2524 0
2500 502 0
2500 503 0
2500 2861 0
2500 17363 0
2500 2500 0
2500 5578 0
2500 8185 0
2501 18767 0
2501 6613 0
2501 6614 0
2501 2524 0
2501 503 0
2501 2501 0
2501 2861 0
2501 866 0
2501 17363 0
2501 5578 0
4550 4550 0
4550 2524 0
4550 503 0
4550 6904 0
4550 5072 0
4550 1957 0
866 2861 0
866 866 0
866 5469 0
866 17363 0
5578 5578 0
5578 17363 0
4855 503 0
4855 502 0
4855 4855 0
4855 972 0
972 6614 0
972 5469 0
972 2983 0
972 972 0
5709 5709 0
5709 5072 0
5709 3044 0
5072 6904 0
5072 5469 0
5072 5072 0
5072 502 0
6904 6904 0
6904 1957 0
6904 6613 0
6904 2524 0
6904 502 0
17363 6613 0
17363 6614 0
6613 503 0
6614 6614 0
6614 8185 0
8185 20206 0
8185 2524 0
8185 8185 0
18767 5469 0
2524 5469 0
2524 2524 0
1957 1957 0
1957 3044 0
1957 502 0
2861 502 0
8762 8762 0
3044 3044 0
3044 503 0
17896 17896 0
2983 2983 0
5469 5469 0
503 503 0
