6147 6147 0
6147 20 0
6147 138 0
6147 2249 1
6147 2254 0
6147 4409 0
6147 4531 0
6147 6630 0
6147 2718 0
6147 4859 0
6147 13061 0
6147 8212 0
6147 11236 0
6147 1224 0
6147 3352 0
6147 3355 1
6147 3356 0
6147 3446 0
6147 1620 0
6147 1741 0
6147 5855 0
6147 3884 0
6147 8065 0
6147 3986 0
6147 1943 0
6147 2382 0
16900 8212 0
16900 1728 1
16900 17098 0
16900 3359 0
16900 4409 0
16900 984 1
16900 3986 0
9222 138 0
9222 4798 0
9222 2249 1
9222 1359 0
9222 5466 0
9222 1927 1
9222 9173 0
6666 6666 0
6666 4100 0
6666 3594 1
6666 6738 0
6666 1620 0
6666 1160 0
6666 4550 0
6666 4551 0
6666 1197 0
6666 1728 1
6666 1371 0
6666 8065 0
6666 2338 0
6666 1687 0
6666 7084 0
6666 2500 0
2571 3594 1
2571 2571 0
2571 1687 0
2571 1728 1
2571 4409 0
2571 984 1
2571 9064 0
20 2059 0
20 20 0
20 4145 0
20 8287 0
20 138 0
20 287 0
20 2338 0
20 4409 0
20 561 0
20 579 0
20 2718 0
20 827 0
20 892 0
20 3043 0
20 1371 0
20 5469 0
20 3446 0
20 1620 0
20 1687 0
20 1728 1
20 1741 0
20 7893 0
20 5855 0
20 5981 0
20 1927 1
20 3986 0
20 1957 0
4100 4100 0
4100 1620 0
4100 2718 0
4100 168 0
4100 1741 0
4100 3352 0
4100 3353 0
4100 3355 1
4100 287 0
4100 2338 0
4100 827 0
4100 1927 1
4100 4550 0
4100 11236 0
5466 1197 0
5466 16663 0
5466 3745 0
5466 8881 0
5466 1741 0
5466 10596 0
5466 3353 0
5466 3354 0
5466 3355 1
5466 3359 0
5466 2338 0
5466 3884 0
5466 1359 0
5466 4956 0
5466 356 0
5466 3950 0
5466 1927 1
5466 3986 0
5466 1943 0
5466 18332 0
5466 9173 0
5466 3043 0
5466 11236 0
7721 2718 0
7721 3745 0
7721 3355 1
7721 1927 1
7721 5052 0
5469 2059 0
5469 8287 0
5469 129 0
5469 138 0
5469 168 0
5469 301 0
5469 4409 0
5469 5523 0
5469 1927 1
5469 2338 0
5469 2718 0
5469 8881 0
5469 13061 0
5469 812 0
5469 827 0
5469 7084 0
5469 5052 0
5469 5981 0
5469 3594 1
5469 1160 0
5469 5469 0
5469 3446 0
5469 1620 0
5469 1687 0
5469 1741 0
5469 1751 0
5469 5855 0
5469 5978 0
5469 5980 0
5469 3986 0
5469 1943 0
561 4145 0
561 168 0
561 301 0
561 4409 0
561 2500 0
561 4550 0
561 4551 0
561 561 0
561 2718 0
561 4859 0
561 827 0
561 4956 0
561 9064 0
561 892 0
561 3043 0
561 1160 0
561 1224 0
561 3353 0
561 3354 0
561 3355 1
561 1371 0
561 5523 0
561 1687 0
561 1728 1
561 1741 0
561 1751 0
561 5855 0
561 3884 0
561 5980 0
561 5981 0
561 1894 0
561 1927 1
3594 2059 1
3594 1620 1
3594 1160 1
3594 6293 1
3594 2718 1
3594 1197 1
3594 1224 1
3594 1741 1
3594 5882 1
3594 2382 1
3594 892 1
3594 1927 2
3594 3986 1
3594 5523 1
3594 5022 1
3594 1957 1
3594 4550 1
3594 4551 1
3594 12266 1
6720 1943 0
6720 3355 1
6720 301 0
6720 4409 0
6720 2500 0
6720 1741 0
6720 722 1
6720 5855 0
6720 3446 0
2059 2059 0
2059 16663 0
2059 287 0
2059 579 0
2059 2718 0
2059 13061 0
2059 827 0
2059 1197 0
2059 5523 0
2059 1927 1
2059 1943 0
2059 3745 0
6737 4145 0
6737 8287 0
6737 3446 0
6737 287 0
6737 2500 0
6737 6738 0
6737 669 0
6737 2718 0
6737 8875 0
6737 8881 0
6737 12989 0
6737 984 1
6737 1371 0
6737 1620 0
6737 1728 1
6737 5855 0
6737 3884 0
6737 5981 0
6737 6807 0
6737 3986 0
6738 4145 0
6738 2254 0
6738 4409 0
6738 6738 0
6738 2718 0
6738 8875 0
6738 8881 0
6738 12989 0
6738 984 1
6738 9064 0
6738 1371 0
6738 3446 0
6738 5495 0
6738 1728 1
6738 5855 0
6738 3884 0
6738 5981 0
6738 6807 0
1620 4145 0
1620 138 0
1620 168 0
1620 2249 1
1620 2254 0
1620 287 0
1620 2338 0
1620 5523 0
1620 4531 0
1620 4550 0
1620 669 0
1620 2718 0
1620 682 0
1620 812 0
1620 827 0
1620 4956 0
1620 892 0
1620 5052 0
1620 8287 0
1620 1894 0
1620 1197 0
1620 5495 0
1620 4551 0
1620 1620 0
1620 21148 0
1620 1741 0
1620 5855 0
1620 5882 0
1620 301 0
1620 5978 0
1620 5980 0
1620 5981 0
1620 3986 0
1620 1943 0
1620 18332 0
1620 1957 0
356 669 0
356 2249 1
356 9173 0
356 1359 0
356 1927 1
5210 4531 1
5210 1822 1
8287 5981 0
8287 8287 0
8287 2718 0
8287 168 0
8287 1741 0
8287 722 1
8287 5855 0
8287 5882 0
8287 3352 0
8287 3353 0
8287 3354 0
8287 3355 1
8287 3356 0
8287 287 0
8287 3884 0
8287 301 0
8287 5980 0
8287 4859 0
8287 11236 0
2656 287 1
16481 3352 0
16481 3353 0
16481 3354 0
16481 3355 1
16481 21148 0
16481 2254 0
16481 11236 0
16481 3312 1
9064 1728 1
9064 2249 1
9064 5855 0
9064 287 0
9064 9064 0
9064 3446 0
9064 1957 0
9064 7084 0
9064 4550 0
9064 4551 0
8212 8212 0
8212 8881 0
8212 168 0
8212 1741 0
8212 722 1
8212 7893 0
8212 5855 0
8212 13024 0
8212 3355 1
8212 5981 0
8212 3986 0
8212 1943 0
8212 18332 0
8212 17098 0
129 129 0
129 669 0
129 168 0
129 1197 0
129 2249 1
129 2254 0
129 2338 0
129 5980 0
129 3446 0
129 1927 1
129 5981 0
129 5523 0
5764 1943 0
5764 4038 1
5764 3312 1
1160 4145 0
1160 168 0
1160 301 0
1160 2500 0
1160 4550 0
1160 4551 0
1160 722 1
1160 4859 0
1160 892 0
1160 5022 0
1160 7084 0
1160 3043 0
1160 1160 0
1160 3352 0
1160 3353 0
1160 3354 0
1160 3355 1
1160 4409 0
1160 3446 0
1160 5523 0
1160 1957 0
1160 1687 0
1160 3745 0
1160 1741 0
1160 1751 0
1160 5855 0
1160 1894 0
138 4956 0
138 3745 0
138 3355 1
138 2338 0
138 18733 0
138 1359 0
138 3950 0
138 1927 1
138 3986 0
138 1943 0
138 11236 0
146 146 2
146 18332 1
6293 3354 0
6293 3355 1
6293 2500 0
6807 18332 0
6807 2718 0
6807 8875 0
6807 8881 0
6807 12989 0
6807 1728 1
6807 1224 0
6807 5855 0
6807 4409 0
6807 1371 0
6807 3986 0
6807 984 1
21148 11236 0
21148 21148 0
21148 722 1
21148 5882 0
21148 3352 0
21148 3353 0
21148 3354 0
21148 3355 1
21148 3356 0
21148 3357 0
21148 18733 0
21148 2382 0
21148 5978 0
21148 5980 0
21148 5981 0
21148 1894 0
21148 5052 0
21148 6630 0
669 168 0
669 2249 1
669 301 0
669 669 0
669 2718 0
669 682 0
669 4798 0
669 4859 0
669 1224 0
669 1359 0
669 16663 0
669 3745 0
669 1741 0
669 5882 0
669 3884 0
669 5981 0
669 3950 0
669 1927 1
2718 168 0
2718 5495 0
2718 287 0
2718 2338 0
2718 301 0
2718 5523 0
2718 2500 0
2718 4550 0
2718 579 0
2718 2718 0
2718 682 0
2718 8875 0
2718 8881 0
2718 8940 0
2718 4859 0
2718 827 0
2718 5022 0
2718 3043 0
2718 15612 0
2718 3446 0
2718 1943 0
2718 3745 0
2718 1741 0
2718 5855 0
2718 5882 0
2718 3884 0
2718 8065 0
2718 1927 1
2718 3986 0
2718 18332 0
2718 2382 0
3745 4798 0
3745 2249 1
3745 2254 0
3745 287 0
3745 2338 0
3745 4956 0
3745 9173 0
3745 1359 0
3745 3745 0
3745 1741 0
3745 5855 0
3745 3884 0
3745 8065 0
3745 1927 1
3745 3986 0
3745 1943 0
4550 2338 0
4550 301 0
4550 4409 0
4550 2382 0
4550 4550 0
4550 4551 0
4550 579 0
4550 8875 0
4550 4859 0
4550 892 0
4550 5022 0
4550 3043 0
4550 1197 0
4550 3352 0
4550 3353 0
4550 3354 0
4550 3355 1
4550 5523 0
4550 1687 0
4550 1741 0
4550 7893 0
4550 1751 0
4550 5855 0
4550 1894 0
4550 3986 0
4550 1957 0
168 168 0
168 287 0
168 301 0
168 2382 0
168 722 1
168 7084 0
168 18733 0
168 1197 0
168 3353 0
168 3354 0
168 3355 1
168 3446 0
168 1687 0
168 1741 0
168 5981 0
682 682 0
682 17098 0
682 3353 0
682 3354 0
682 3355 1
682 1359 0
682 3950 0
682 892 0
682 1927 1
682 9173 0
8875 12989 0
8875 18332 0
8875 8875 0
8875 1728 1
8875 5855 0
8875 3884 0
8875 8881 0
8875 4409 0
8875 1371 0
8875 1687 0
8875 3986 0
8875 5981 0
8875 984 1
1197 13061 0
1197 1687 0
1197 4551 0
1197 1197 0
1197 8881 0
1197 1224 0
1197 1741 0
1197 7893 0
1197 1751 0
1197 5855 0
1197 4859 0
1197 3354 0
1197 2338 0
1197 301 0
1197 892 0
1197 1927 1
1197 5022 0
1197 1957 0
1197 7084 0
1197 2500 0
1197 3043 0
1197 5523 0
8881 8881 0
8881 2338 0
8881 4409 0
8881 2382 0
8881 5882 0
8881 12989 0
8881 5052 0
8881 984 1
8881 3043 0
8881 3353 0
8881 3355 1
8881 3356 0
8881 1371 0
8881 3446 0
8881 5495 0
8881 5523 0
8881 287 0
8881 1741 0
8881 5855 0
8881 3884 0
8881 5978 0
8881 5980 0
8881 5981 0
8881 3986 0
8881 18332 0
8881 1957 0
1206 5523 1
1206 2338 1
1206 1206 2
1206 5052 1
1206 2382 1
1206 5978 1
1206 5980 1
1206 5981 1
1206 15612 1
287 287 0
287 579 0
287 827 0
287 1822 0
287 1894 0
287 2338 0
287 18733 0
287 2382 0
287 19286 1
287 3043 0
287 11236 0
287 3352 0
287 3354 0
287 1751 0
287 3446 0
287 1957 0
287 5052 0
287 5980 0
287 7893 0
12989 18332 0
12989 12989 0
12989 1728 1
12989 5855 0
12989 4409 0
12989 1371 0
12989 5981 0
12989 3986 0
12989 1957 0
12989 984 1
4798 4798 0
4798 7893 0
4798 13061 0
4798 16663 0
4798 3355 1
4798 1927 1
4798 3986 0
1728 7084 1
1728 3884 1
1728 18733 1
1728 4145 1
1728 4409 1
1728 4027 1
1728 2500 1
1728 7893 1
1728 984 2
1728 1371 1
1728 4956 1
1728 5981 1
1728 5855 1
1728 3446 1
1728 5495 1
1224 1224 0
1224 1741 0
1224 1751 0
1224 5855 0
1224 7893 0
1224 18733 0
1224 827 0
1224 2500 0
1224 2382 0
1224 4956 0
1224 3986 0
1224 1943 0
1224 5022 0
1224 984 1
2249 2249 2
2249 17098 1
2249 2254 1
2249 722 2
2249 13061 1
2249 1751 1
2249 5391 1
2249 16663 1
2249 3353 1
2249 1359 1
2249 10596 1
2249 3950 1
2249 3446 1
2249 1927 2
2249 3986 1
2249 9173 1
2249 6630 1
2249 12266 1
12490 3312 1
12490 722 1
1741 2254 0
1741 2338 0
1741 301 0
1741 4409 0
1741 2500 0
1741 4551 0
1741 4859 0
1741 827 0
1741 892 0
1741 5022 0
1741 3043 0
1741 3353 0
1741 3354 0
1741 3355 1
1741 1359 0
1741 3446 0
1741 5523 0
1741 11236 0
1741 1687 0
1741 1741 0
1741 5855 0
1741 3884 0
1741 1894 0
1741 8065 0
1741 1927 1
1741 1957 0
1741 2382 0
2254 5855 0
2254 2382 0
2254 1359 0
2254 1371 0
2254 5981 0
2254 8065 0
2254 1927 1
2254 5523 0
2254 9173 0
722 8065 1
722 1687 1
722 3352 1
722 3353 1
722 3354 1
722 3356 1
722 3357 1
722 1957 1
722 7084 1
722 301 1
722 827 1
722 2500 1
722 4551 1
722 1751 1
722 5855 1
722 13024 1
722 3043 1
722 11236 1
722 6630 1
722 1894 1
722 15612 1
722 8940 1
722 5523 1
722 892 1
7893 4145 0
7893 7893 0
7893 4409 0
7893 17098 0
7893 13061 0
7893 827 0
7893 4956 0
7893 15612 0
7893 1371 0
7893 5855 0
7893 5981 0
7893 8065 0
7893 1927 1
1751 1687 0
1751 1751 0
1751 5855 0
1751 3354 0
1751 3884 0
1751 301 0
1751 1957 0
1751 7084 0
1751 4551 0
1751 3043 0
5855 4145 0
5855 301 0
5855 2382 0
5855 2500 0
5855 4551 0
5855 6630 0
5855 13061 0
5855 4859 0
5855 827 0
5855 4956 0
5855 892 0
5855 7084 0
5855 5052 0
5855 984 1
5855 11236 0
5855 3352 0
5855 3353 0
5855 3354 0
5855 1359 0
5855 1371 0
5855 3446 0
5855 1687 0
5855 5855 0
5855 5978 0
5855 5980 0
5855 5981 0
5855 1894 0
5855 8065 0
5855 1927 1
13024 1687 0
13024 3352 0
13024 2500 0
13024 3354 0
13024 3355 1
13024 3353 0
8940 8940 0
8940 3352 0
8940 3353 0
8940 3354 0
8940 3355 1
8940 3356 0
8940 3357 0
8940 18733 0
8940 5978 0
8940 5980 0
8940 5981 0
8940 5052 0
3312 6630 1
3312 3359 1
5882 2382 0
5882 5052 0
5882 3043 0
5882 11236 0
5882 1687 0
5882 5882 0
5882 5978 0
5882 5980 0
5882 5981 0
5882 1927 1
4859 4145 0
4859 301 0
4859 2382 0
4859 2500 0
4859 579 0
4859 4859 0
4859 7084 0
4859 5052 0
4859 3043 0
4859 892 0
4859 15612 0
4859 3354 0
4859 3355 1
4859 4409 0
4859 3446 0
4859 5523 0
4859 1687 0
4859 3884 0
4859 5978 0
4859 5980 0
4859 5981 0
4859 1927 1
4859 3986 0
4859 1957 0
15612 15612 0
15612 3043 0
15612 2382 0
15612 3446 0
15612 4551 0
13061 4409 0
13061 827 0
13061 4956 0
13061 13061 0
13061 5981 0
13061 1927 1
812 1927 1
812 16663 0
812 3355 1
812 2338 0
812 1359 0
812 9173 0
5391 3986 0
5391 1927 1
5391 1943 0
5391 2338 0
5391 1359 0
5391 3950 0
16663 1359 0
16663 1927 1
16663 9173 0
3352 1687 0
3352 7084 0
3352 3352 0
3352 3353 0
3352 3354 0
3352 3355 1
3352 3356 0
3352 3357 0
3352 301 0
3352 2382 0
3352 5978 0
3352 5981 0
3352 5523 0
3352 5052 0
3352 2500 0
3352 11236 0
3353 2500 0
3353 4551 0
3353 6630 0
3353 7084 0
3353 5052 0
3353 3043 0
3353 11236 0
3353 5978 0
3353 3353 0
3353 3354 0
3353 3355 1
3353 3356 0
3353 3357 0
3353 3359 0
3353 1957 0
3353 1687 0
3353 5980 0
3353 1894 0
3354 2338 0
3354 301 0
3354 2382 0
3354 4531 0
3354 2500 0
3354 6630 0
3354 4956 0
3354 892 0
3354 7084 0
3354 3043 0
3354 11236 0
3354 3354 0
3354 3355 1
3354 3356 0
3354 3359 0
3354 1687 0
3354 1822 0
3354 5981 0
3354 1894 0
3354 8065 0
3354 1927 1
3354 1957 0
3355 5978 1
3355 1687 1
3355 4551 1
3355 17098 1
3355 3884 1
3355 11236 1
3355 3355 2
3355 3356 1
3355 3357 1
3355 1822 1
3355 3359 1
3355 301 1
3355 5980 1
3355 1894 1
3355 892 1
3355 1943 1
3355 1957 1
3355 4531 1
3355 5052 1
3355 2500 1
3355 3043 1
3355 18733 1
3356 1927 1
3356 1687 0
3356 11236 0
3356 3357 0
3356 2500 0
3357 11236 0
1822 1943 0
1822 1822 0
3359 3359 0
3359 3387 1
3359 1943 0
3359 7084 0
2338 2338 0
2338 4409 0
2338 579 0
2338 5022 0
2338 5052 0
2338 9173 0
2338 5981 0
2338 5978 0
2338 1359 0
2338 5495 0
2338 1687 0
2338 5980 0
2338 1927 1
2338 3986 0
2338 1943 0
4145 4145 0
4145 4409 0
4145 2500 0
4145 827 0
4145 4956 0
4145 984 1
4145 1371 0
4145 3446 0
4145 1687 0
4145 5980 0
4145 5981 0
4145 8065 0
4145 3986 0
4145 1943 0
4145 18332 0
3884 1687 0
3884 8065 0
3884 3884 0
3884 301 0
3884 4409 0
3884 2382 0
3884 892 0
3884 5523 0
3884 1957 0
3884 2500 0
18733 18733 0
18733 5978 0
18733 5980 0
18733 5981 0
18733 5052 0
18733 11236 0
4409 4409 0
4409 4551 0
4409 827 0
4409 4956 0
4409 7084 0
4409 984 1
4409 11236 0
4409 1371 0
4409 1687 0
4409 5981 0
4409 3986 0
827 301 0
827 827 0
827 4956 0
827 3043 0
827 5495 0
827 5981 0
827 8065 0
827 1927 1
827 1687 0
827 3986 0
827 1943 0
827 18332 0
2382 301 0
2382 2382 0
2382 4551 0
2382 6630 0
2382 892 0
2382 5022 0
2382 3043 0
2382 3446 0
1359 579 0
1359 9173 0
1359 10596 0
1359 3986 0
1359 3950 0
1359 1927 1
1359 1943 0
1359 18332 0
301 1687 0
301 301 0
301 1894 0
301 5523 0
301 3446 0
301 892 0
301 1927 1
301 5981 0
301 7084 0
301 2500 0
301 3043 0
301 4551 0
5978 18332 0
5978 11236 0
5978 5978 0
5978 3446 0
5978 5052 0
5978 3043 0
1371 2500 0
1371 4956 0
1371 984 1
1371 1371 0
1371 3446 0
1371 1687 0
1371 5981 0
1371 8065 0
1371 3986 0
5980 11236 0
5980 3446 0
5980 3986 0
5980 1943 0
5980 18332 0
5980 3043 0
5981 1687 0
5981 11236 0
5981 1894 0
5981 1943 0
5981 2500 0
5981 3043 0
5981 3446 0
5981 3986 0
5981 4956 0
5981 5052 0
5981 5981 0
5981 6630 0
3387 579 1
3387 18332 1
10596 1927 1
10596 9173 0
1894 1687 0
1894 1894 0
1894 5523 0
4956 17098 0
4956 4956 0
4956 18332 0
4956 1927 1
4956 3986 0
4956 1943 0
3950 1927 1
3950 9173 0
3446 2500 0
3446 7084 0
3446 5052 0
3446 3043 0
3446 11236 0
3446 3446 0
3446 1687 0
3446 984 1
5495 5495 0
5495 1943 0
5495 984 1
892 7084 0
892 1687 0
892 892 0
892 5523 0
892 5022 0
892 2500 0
892 4551 0
892 3043 0
8065 2500 0
8065 8065 0
8065 1927 1
1927 579 1
1927 5022 1
1927 9173 1
1927 3043 1
1927 11236 1
1927 3986 1
1927 1943 1
1687 2500 0
1687 7084 0
1687 984 1
1687 3043 0
1687 5523 0
1687 1687 0
1687 1957 0
3986 17098 0
3986 3986 0
3986 4551 0
3986 5022 0
3986 5523 0
5523 3043 0
5523 5523 0
5523 4551 0
5523 2500 0
1943 2500 0
1943 5052 0
1943 3043 0
1943 1943 0
1943 4038 1
5022 5022 0
5022 1957 0
5022 4551 0
1957 1957 0
1957 4551 0
1957 3043 0
7084 7084 0
7084 3043 0
4531 4531 0
4027 984 1
4027 4027 0
5052 11236 0
5052 5052 0
5052 3043 0
2500 3043 0
2500 2500 0
2500 12266 0
4551 4551 0
4551 3043 0
3043 3043 0
11236 6630 0
11236 11236 0
6630 6630 0
579 579 0
