1 1 0
1 5712 0
1 2728 0
1 287 0
1 2338 0
1 2894 1
1 2915 1
1 870 0
1 4553 0
20 2058 1
20 2059 0
20 4110 0
20 20 0
20 4185 0
20 117 0
20 6165 0
20 8391 0
20 4300 0
20 287 0
20 2338 0
20 6560 0
20 4536 0
20 4546 0
20 498 0
20 561 0
20 2708 0
20 2718 0
20 8867 0
20 719 0
20 6907 1
20 827 0
20 861 0
20 871 0
20 892 0
20 3036 0
20 3043 0
20 3123 0
20 1158 0
20 1170 0
20 3248 0
20 3336 0
20 5432 0
20 5469 0
20 17770 0
20 3446 0
20 1620 0
20 5723 0
20 1687 0
20 1718 0
20 3801 0
20 5855 0
20 1765 0
20 3886 0
20 5981 0
20 3986 0
20 1957 0
20 16330 0
20 16369 0
117 19879 0
117 537 0
117 561 0
117 14894 0
117 20038 0
117 4681 0
117 5724 0
117 1653 0
117 704 0
117 705 1
117 1160 0
117 2708 0
117 1687 0
117 16031 0
117 3248 0
117 8881 0
117 698 0
117 700 0
117 117 0
117 6792 0
117 3283 0
117 5855 0
117 1765 0
117 5882 0
117 4859 0
117 3870 0
117 3884 0
117 5432 0
117 827 0
117 2881 0
117 8467 0
117 4428 0
117 861 0
117 870 0
117 5994 0
117 3986 0
117 8065 0
117 5469 0
117 1943 0
117 2500 0
117 2501 0
117 4550 0
117 5452 1
117 4559 0
117 7633 0
117 2524 0
117 3043 0
117 4551 0
117 14929 0
117 3561 0
117 496 1
131 12291 2
131 20523 1
131 3628 1
131 5469 1
131 1620 1
131 4185 1
131 4538 1
131 4552 1
131 17770 1
131 2718 1
131 2722 1
131 1197 1
131 688 1
131 719 1
131 861 1
131 3884 1
131 3886 1
131 337 1
131 5978 1
131 5980 1
131 5981 1
131 1385 1
131 3446 1
131 8064 1
131 18323 1
131 4524 1
131 4525 1
131 4534 1
131 4535 1
131 4536 1
131 5108 1
131 5052 1
131 6080 1
131 4550 1
131 4551 1
131 4553 1
131 4554 1
131 4555 1
131 4556 1
131 4557 1
131 4558 1
131 4559 1
131 3561 1
133 3986 0
133 3878 1
133 2728 0
133 20381 1
133 18915 0
133 5981 0
133 3426 0
133 8176 0
133 8467 0
133 4855 0
161 1294 1
161 1687 0
161 2714 0
161 2718 0
161 161 0
161 3878 1
161 561 0
161 4534 0
161 5432 0
161 5365 0
161 5469 0
161 4859 0
168 6165 0
168 168 0
168 4300 0
168 287 0
168 2382 0
168 337 0
168 4477 0
168 4534 0
168 4535 0
168 4544 0
168 4546 0
168 4555 0
168 4557 0
168 473 0
168 498 0
168 2582 0
168 561 0
168 6792 0
168 2708 0
168 2714 0
168 2718 0
168 2722 0
168 2728 0
168 700 0
168 821 0
168 2881 0
168 482 0
168 861 0
168 870 0
168 871 0
168 2927 0
168 2976 0
168 2989 0
168 3010 0
168 972 0
168 1158 0
168 1160 0
168 1197 0
168 1221 0
168 1223 0
168 14894 0
168 3350 1
168 5469 0
168 17770 0
168 3446 0
168 5521 0
168 19879 0
168 1620 0
168 5723 0
168 13939 0
168 1680 0
168 1687 0
168 3878 1
168 5981 0
168 8069 0
168 6068 0
168 6081 0
195 4704 0
195 2718 0
195 195 0
195 8391 0
195 4300 0
195 5365 0
195 6907 1
195 2338 0
195 6792 0
195 5469 0
195 5523 0
195 19879 0
195 2989 0
195 3997 1
195 4544 0
195 6081 0
195 4550 0
195 3036 0
268 5986 0
268 1620 0
268 6792 0
268 700 0
268 704 0
268 705 1
268 5828 1
268 5832 0
268 5835 0
268 19179 0
268 5882 0
268 268 0
268 8467 0
268 3350 1
268 3886 0
268 6968 0
268 6986 0
268 2382 0
268 5980 0
268 5981 0
268 4062 0
272 20393 1
272 272 0
272 287 0
272 1957 0
272 8742 0
272 6081 0
272 337 0
272 870 0
272 4305 0
272 5111 1
274 274 0
274 287 0
274 1865 0
274 5452 1
274 1943 0
274 11846 1
274 6068 0
274 4553 0
287 8276 1
287 287 0
287 8742 0
287 8881 0
287 700 0
287 705 1
287 719 0
287 795 1
287 827 0
287 870 0
287 1159 0
287 1180 0
287 1221 0
287 1370 0
287 1620 0
287 1944 0
287 2059 0
287 2338 0
287 2382 0
287 2708 0
287 2718 0
287 2728 0
287 2831 0
287 2989 0
287 3043 0
287 3248 0
287 3350 1
287 3426 0
287 1751 0
287 3446 0
287 3468 1
287 19879 0
287 1957 0
287 20038 0
287 3729 0
287 20393 1
287 4110 0
287 4297 1
287 4305 0
287 4428 0
287 4536 0
287 4538 0
287 4540 0
287 4553 0
287 4554 0
287 4555 0
287 4556 0
287 4558 0
287 4559 0
287 4609 0
287 4681 0
287 4883 1
287 5052 0
287 13355 0
287 5518 1
287 5526 0
287 5675 0
287 5712 0
287 5953 0
287 5980 0
287 5994 0
287 6081 0
287 6159 0
287 6165 0
287 6739 0
287 7157 0
287 15799 1
287 16241 0
287 8069 0
287 16330 0
287 8165 0
287 8176 0
290 2059 0
290 527 0
290 3628 0
290 1620 0
290 3225 0
290 705 1
290 5828 1
290 5835 0
290 719 0
290 4371 0
290 290 0
290 291 0
290 6968 0
290 5432 0
290 6986 0
290 5469 0
290 7013 0
290 5994 0
290 8048 0
290 6005 0
290 4534 0
290 6080 0
290 7109 0
290 4555 0
291 2058 1
291 2059 0
291 527 0
291 1622 0
291 1170 0
291 3225 0
291 18631 0
291 705 1
291 5835 0
291 4300 0
291 2338 0
291 4305 0
291 3801 0
291 3336 0
291 3628 0
291 3870 0
291 291 0
291 5469 0
291 7013 0
291 6005 0
291 1943 0
291 6080 0
291 4555 0
291 19427 0
291 7157 0
337 6165 0
337 5981 0
337 1620 0
337 4110 0
337 6159 0
337 2718 0
337 4551 0
337 1197 0
337 1221 0
337 6081 0
337 8442 0
337 2831 0
337 8867 0
337 2976 0
337 3878 1
337 3886 0
337 5855 0
337 2881 0
337 18060 0
337 4428 0
337 2382 0
337 337 0
337 4579 0
337 5978 0
337 5469 0
337 3446 0
337 19879 0
337 5980 0
337 5052 0
337 4550 0
337 4554 0
337 972 0
337 4557 0
337 4558 0
337 12291 1
337 3043 0
337 8176 0
373 8467 0
373 3561 0
373 4883 1
373 373 0
373 5111 1
403 6915 0
403 1159 0
403 3729 0
403 3986 0
403 403 0
403 8065 0
403 2989 0
403 13355 0
403 6968 0
403 827 0
403 1653 0
403 9027 0
403 5828 1
403 16330 0
403 5835 0
403 5452 1
403 6739 0
403 1620 0
403 15671 0
403 496 1
403 3446 0
403 18323 0
434 3043 0
434 5828 1
434 13995 1
434 1620 0
473 4525 0
473 6165 0
473 5380 0
473 8069 0
473 2338 0
473 8867 0
473 4524 0
473 1197 0
473 6068 0
473 4537 0
473 827 0
473 4540 0
473 4544 0
473 1221 0
473 1223 0
473 4297 1
473 4555 0
473 5712 0
473 7890 0
473 482 0
473 1765 0
473 870 0
473 496 1
473 498 0
473 8068 0
482 8064 0
482 6068 0
482 8068 0
482 8069 0
482 6159 0
482 527 0
482 2708 0
482 5712 0
482 1180 0
482 8867 0
482 5432 0
482 4537 0
482 700 0
482 704 0
482 705 1
482 2382 0
482 4546 0
482 7633 0
482 5981 0
482 5855 0
482 482 0
482 496 1
482 498 0
496 4609 1
496 4110 1
496 527 1
496 2582 1
496 552 1
496 561 1
496 14929 1
496 5719 1
496 1197 1
496 6792 1
496 3729 1
496 8069 1
496 1180 1
496 2718 1
496 688 1
496 700 1
496 705 2
496 4556 1
496 4305 1
496 7890 1
496 5855 1
496 2599 1
496 6910 1
496 6915 1
496 4371 1
496 15833 1
496 827 1
496 2881 1
496 861 1
496 5994 1
496 13119 1
496 4477 1
496 8068 1
496 1944 1
496 4524 1
496 2989 1
496 4534 1
496 7109 1
496 4550 1
496 4551 1
496 4552 1
496 4553 1
496 4554 1
496 4555 1
496 972 1
496 4557 1
496 4558 1
496 4559 1
496 7633 1
496 2524 1
496 4062 1
496 8165 1
496 496 2
496 498 1
496 5108 1
498 4609 0
498 5719 0
498 4110 0
498 527 0
498 14929 0
498 1180 0
498 687 0
498 698 0
498 705 1
498 5855 0
498 6915 0
498 8473 0
498 13119 0
498 8048 0
498 8068 0
498 8069 0
498 2989 0
498 4555 0
498 4557 0
498 4062 0
498 8165 0
498 498 0
498 6910 0
527 6080 0
527 527 0
527 1221 0
527 5835 0
527 3628 0
527 687 0
527 688 0
527 6068 0
527 8467 0
527 698 0
527 700 0
527 705 1
527 1223 0
527 4555 0
527 719 0
527 4855 0
527 7633 0
527 4062 0
527 7013 0
527 3561 0
527 7109 0
537 6159 0
537 2132 0
537 8391 0
537 8467 0
537 8522 1
537 537 0
537 6739 0
537 685 0
537 6910 0
537 6977 0
537 7071 1
537 934 0
537 5052 0
537 7165 0
537 1160 0
537 1197 0
537 5365 0
537 3561 0
537 5724 0
537 1653 0
537 1687 0
537 5855 0
537 1765 0
537 5978 0
537 5980 0
537 5981 0
537 5994 0
537 3997 1
537 16369 0
537 8176 0
543 6560 1
552 3468 1
552 3469 0
552 8467 0
552 8473 0
552 552 0
552 3561 0
561 6159 0
561 2132 0
561 6165 0
561 8391 0
561 4300 0
561 4428 0
561 4477 0
561 6560 0
561 2500 0
561 2501 0
561 4550 0
561 4551 0
561 2524 0
561 2599 0
561 561 0
561 2718 0
561 2728 0
561 4786 0
561 700 0
561 4859 0
561 2825 0
561 827 0
561 871 0
561 892 0
561 6977 0
561 5033 0
561 3036 0
561 3043 0
561 3044 0
561 3045 0
561 861 0
561 7298 0
561 1158 0
561 1160 0
561 3225 0
561 3248 0
561 1221 0
561 5365 0
561 5380 0
561 5432 0
561 1365 0
561 5521 0
561 5523 0
561 19879 0
561 3628 0
561 5723 0
561 5724 0
561 8426 1
561 13939 0
561 1680 0
561 3729 0
561 1687 0
561 1751 0
561 3801 0
561 5855 0
561 3878 1
561 3884 0
561 5953 0
561 5980 0
561 5981 0
561 5986 0
561 5994 0
561 6005 0
561 3997 1
561 6068 0
561 6080 0
591 9840 0
591 5193 1
591 4331 1
591 1680 0
591 2582 0
591 4344 0
685 13355 0
685 6739 0
685 1620 0
685 4537 0
685 1653 0
685 1159 0
685 6792 0
685 16031 0
685 2718 0
685 1221 0
685 1223 0
685 5835 0
685 1765 0
685 767 1
685 2818 0
685 4544 0
685 15671 0
685 827 0
685 9027 0
685 8522 1
685 3446 0
685 8065 0
685 3986 0
685 6068 0
685 4534 0
685 4535 0
685 4536 0
685 4538 0
685 4539 0
685 4540 0
685 3008 0
685 4546 0
685 4551 0
685 4559 0
685 8165 0
687 13355 0
687 4205 0
687 8867 0
687 3248 0
687 4786 0
687 704 0
687 5855 0
687 2599 0
687 3886 0
687 2882 1
687 3426 0
687 3986 0
687 5523 0
687 1943 0
687 20381 1
687 6081 0
687 3010 0
687 7633 0
687 2524 0
688 4524 0
688 3986 0
688 3628 0
688 4525 0
688 4550 0
688 4551 0
688 5994 0
698 4609 0
698 4110 0
698 3878 1
698 698 0
698 705 1
698 2882 1
698 3283 0
698 1620 0
698 1751 0
698 8165 0
698 5855 0
698 5882 0
698 892 0
700 4609 0
700 2059 0
700 20523 0
700 1653 0
700 2714 0
700 1180 0
700 8875 0
700 1197 0
700 700 0
700 704 0
700 705 1
700 3336 0
700 6874 0
700 3878 1
700 6622 0
700 5432 0
700 5452 1
700 861 0
700 870 0
700 16241 0
700 3446 0
700 5521 0
700 4544 0
700 6081 0
700 4546 0
700 4555 0
700 4557 0
700 7633 0
700 4566 0
700 4062 0
700 8165 0
700 7165 0
704 4609 0
704 3336 0
704 5521 0
704 1180 0
704 8875 0
704 4786 0
704 6068 0
704 4062 0
704 5432 0
704 704 0
704 705 1
704 5835 0
704 3408 0
704 4566 0
704 5723 0
704 4546 0
704 19179 0
704 4205 0
704 6081 0
704 16241 0
704 5111 1
705 4609 1
705 2059 1
705 4110 1
705 9190 1
705 3628 1
705 5981 1
705 14929 1
705 6739 1
705 7013 1
705 4540 1
705 8830 1
705 6792 1
705 13451 1
705 1180 1
705 8048 1
705 8875 1
705 1197 1
705 705 2
705 5828 2
705 5832 1
705 5835 1
705 5855 1
705 13551 1
705 5882 1
705 3336 1
705 6874 1
705 6622 1
705 5432 1
705 13119 1
705 2881 1
705 9027 1
705 6986 1
705 5452 2
705 6968 1
705 5978 1
705 5980 1
705 5469 1
705 5986 1
705 871 1
705 2927 1
705 6005 1
705 892 1
705 8068 1
705 3995 1
705 934 1
705 5052 1
705 6080 1
705 6081 1
705 4546 1
705 7109 1
705 4550 1
705 4551 1
705 4555 1
705 972 1
705 4566 1
705 4062 1
705 8165 1
705 16369 1
719 4524 0
719 2059 0
719 5469 0
719 6068 0
719 1620 0
719 4185 0
719 4704 0
719 2718 0
719 7109 0
719 807 0
719 1718 0
719 5828 1
719 1221 0
719 1223 0
719 5835 0
719 719 0
719 6364 0
719 5882 0
719 6910 0
719 8064 0
719 8467 0
719 6968 0
719 4477 0
719 3986 0
719 2967 0
719 2976 0
719 2989 0
719 4550 0
719 4551 0
719 3561 0
748 1160 0
748 2714 0
748 748 0
748 5365 0
748 3426 0
748 3469 0
748 7071 1
748 4855 0
748 978 1
748 4579 0
767 15020 1
767 6068 1
767 2361 1
767 9027 1
795 3008 1
795 3010 1
795 5764 1
795 3336 1
795 2059 1
795 5469 1
795 13995 2
795 16031 1
807 2059 0
807 3628 0
807 5193 1
807 1620 0
807 1653 0
807 3008 0
807 1159 0
807 4546 0
807 1687 0
807 1718 0
807 6910 0
807 807 0
807 6080 0
807 5452 1
807 5469 0
807 1943 0
807 5523 0
807 3225 0
807 4524 0
807 4534 0
807 4535 0
807 4536 0
807 4537 0
807 4538 0
807 4539 0
807 4540 0
807 4544 0
807 7109 0
810 821 0
810 4534 0
810 5432 0
810 3008 0
810 2887 1
810 2894 1
810 1751 0
810 9846 0
821 2599 0
821 3628 0
821 3123 0
821 8391 0
821 3008 0
821 1765 0
821 20381 1
821 821 0
821 5981 0
821 19879 0
821 5033 0
821 8166 1
827 2059 0
827 4305 0
827 4371 0
827 4535 0
827 4553 0
827 4566 0
827 4609 0
827 8830 0
827 2708 0
827 2714 0
827 2718 0
827 7633 0
827 6915 0
827 827 0
827 870 0
827 871 0
827 7109 0
827 3043 0
827 7165 0
827 861 0
827 1163 1
827 1221 0
827 1223 0
827 3283 0
827 3336 0
827 5432 0
827 5469 0
827 19879 0
827 5712 0
827 1620 0
827 5723 0
827 1653 0
827 3729 0
827 1718 0
827 1752 1
827 5855 0
827 5981 0
827 5994 0
827 8065 0
827 1687 0
827 3986 0
827 1943 0
827 3997 1
827 6068 0
827 6081 0
841 1163 1
841 3468 1
841 3469 0
841 6739 0
841 16241 0
841 5980 0
841 3886 0
841 4786 0
841 4297 1
841 1221 0
841 1223 0
841 841 0
841 6740 0
841 2524 0
841 5981 0
841 4579 0
841 871 0
841 7165 0
841 4859 0
861 8875 0
861 14894 0
861 2132 0
861 6165 0
861 4305 0
861 4371 0
861 4428 0
861 4477 0
861 4539 0
861 4550 0
861 4551 0
861 4609 0
861 2599 0
861 6792 0
861 2708 0
861 2718 0
861 2722 0
861 8867 0
861 8881 0
861 4855 0
861 861 0
861 870 0
861 871 0
861 5052 0
861 3043 0
861 1891 0
861 7298 0
861 1159 0
861 1160 0
861 8391 0
861 1221 0
861 3283 0
861 3336 0
861 5432 0
861 5469 0
861 3426 0
861 3446 0
861 1427 0
861 19879 0
861 5033 0
861 3628 0
861 5712 0
861 5724 0
861 1653 0
861 1680 0
861 1687 0
861 5798 0
861 5855 0
861 5953 0
861 5994 0
861 3986 0
861 3997 1
861 6068 0
861 16031 0
861 6081 0
870 8875 0
870 7698 0
870 5981 0
870 4534 0
870 1160 0
870 1687 0
870 2718 0
870 8867 0
870 1197 0
870 1221 0
870 8391 0
870 4297 1
870 5855 0
870 4855 0
870 1794 1
870 3878 1
870 2382 0
870 5978 0
870 5986 0
870 870 0
870 871 0
870 5523 0
870 3446 0
870 8064 0
870 3469 0
870 19879 0
870 5980 0
870 6068 0
870 4539 0
870 5052 0
870 6081 0
870 2500 0
870 2501 0
870 4550 0
870 4551 0
870 4552 0
870 4553 0
870 4554 0
870 4555 0
870 4556 0
870 4557 0
870 4558 0
870 4559 0
870 6792 0
870 3043 0
870 5108 0
871 6165 0
871 5469 0
871 1653 0
871 3729 0
871 8867 0
871 8875 0
871 8881 0
871 1221 0
871 1223 0
871 4297 1
871 4305 0
871 5882 0
871 3336 0
871 2338 0
871 5432 0
871 5980 0
871 5981 0
871 5994 0
871 6068 0
871 4550 0
871 4551 0
871 4555 0
871 4558 0
871 3036 0
892 7698 0
892 1620 0
892 1622 0
892 1653 0
892 1158 0
892 1159 0
892 1160 0
892 3729 0
892 1687 0
892 1197 0
892 5834 1
892 2762 0
892 5855 0
892 5365 0
892 4859 0
892 3884 0
892 5432 0
892 2361 0
892 5445 0
892 2382 0
892 2915 1
892 892 0
892 5523 0
892 5527 0
892 4524 0
892 4525 0
892 2500 0
892 4550 0
892 4551 0
892 4552 0
892 4553 0
892 4554 0
892 4555 0
892 4556 0
892 4557 0
892 4558 0
892 4559 0
892 3043 0
892 5108 0
934 2582 0
934 7298 0
934 1158 0
934 1680 0
934 4786 0
934 1221 0
934 5855 0
934 5380 0
934 8467 0
934 5432 0
934 15671 0
934 2382 0
934 5981 0
934 3426 0
934 5994 0
934 6005 0
934 5111 1
934 934 0
934 6081 0
934 2500 0
934 2501 0
934 3043 0
934 3561 0
972 11793 0
972 7698 0
972 6915 0
972 8881 0
972 4704 0
972 5033 0
972 1653 0
972 1160 0
972 7165 0
972 3729 0
972 1687 0
972 2714 0
972 1180 0
972 2718 0
972 5832 0
972 5828 1
972 1221 0
972 5835 0
972 5855 0
972 4855 0
972 5882 0
972 4859 0
972 3884 0
972 3886 0
972 6792 0
972 6968 0
972 2881 0
972 13451 0
972 6986 0
972 5469 0
972 5994 0
972 16241 0
972 4477 0
972 3986 0
972 6560 0
972 2976 0
972 2989 0
972 4534 0
972 4535 0
972 4536 0
972 5620 0
972 4540 0
972 4544 0
972 972 0
972 2722 0
972 4566 0
978 2186 1
978 5653 1
978 3734 1
978 5655 1
978 3225 1
978 8069 1
978 5981 1
978 1711 1
978 6740 1
978 3123 1
978 1204 1
978 1718 1
978 4535 1
978 4544 1
978 4534 1
978 8391 1
978 2889 1
978 1620 1
978 15833 1
978 4572 1
978 6484 1
978 6910 1
1158 4609 0
1158 1622 0
1158 1197 0
1158 20523 0
1158 4537 0
1158 6159 0
1158 7698 0
1158 1656 0
1158 1158 0
1158 1159 0
1158 1160 0
1158 1163 1
1158 1687 0
1158 4548 0
1158 2501 0
1158 1221 0
1158 5855 0
1158 4331 1
1158 5365 0
1158 3870 0
1158 2361 0
1158 4428 0
1158 5994 0
1158 1943 0
1158 4524 0
1158 4525 0
1158 6081 0
1158 2500 0
1158 2382 0
1158 3043 0
1158 3045 0
1158 9190 0
1159 1197 0
1159 5193 1
1159 6159 0
1159 3008 0
1159 1159 0
1159 1160 0
1159 1680 0
1159 1687 0
1159 2714 0
1159 2718 0
1159 8881 0
1159 5828 1
1159 1221 0
1159 1223 0
1159 1751 0
1159 6081 0
1159 4371 0
1159 3870 0
1159 8165 0
1159 6481 0
1159 1891 0
1159 4544 0
1159 5994 0
1159 6005 0
1159 4331 1
1159 1943 0
1159 1957 0
1159 4524 0
1159 4525 0
1159 4534 0
1159 4535 0
1159 4536 0
1159 4537 0
1159 4538 0
1159 4539 0
1159 4540 0
1159 4546 0
1159 4550 0
1159 4551 0
1159 4555 0
1159 4556 0
1159 4557 0
1159 4558 0
1159 4559 0
1159 3043 0
1159 3044 0
1159 6739 0
1160 6159 0
1160 5469 0
1160 4371 0
1160 6481 0
1160 6560 0
1160 4534 0
1160 4535 0
1160 4536 0
1160 4537 0
1160 4538 0
1160 4539 0
1160 4540 0
1160 4544 0
1160 4546 0
1160 2500 0
1160 2501 0
1160 4550 0
1160 4551 0
1160 4557 0
1160 4558 0
1160 4572 0
1160 6792 0
1160 4855 0
1160 4859 0
1160 2524 0
1160 2881 0
1160 3043 0
1160 3044 0
1160 7698 0
1160 1160 0
1160 1163 1
1160 1221 0
1160 1223 0
1160 5365 0
1160 2361 0
1160 3336 0
1160 5445 0
1160 3446 0
1160 5521 0
1160 5523 0
1160 5524 0
1160 5526 0
1160 5527 0
1160 1957 0
1160 1622 0
1160 1653 0
1160 3729 0
1160 1687 0
1160 1751 0
1160 1752 1
1160 5855 0
1160 1765 0
1160 3878 1
1160 18060 0
1160 5432 0
1160 5986 0
1160 5994 0
1163 1163 2
1163 5445 1
1163 4551 1
1163 4524 1
1163 4534 1
1163 2500 1
1163 1221 1
1163 1223 1
1163 2382 1
1163 2651 1
1163 20523 1
1163 5994 1
1163 8048 1
1163 9846 1
1170 2059 0
1170 16410 0
1170 4185 0
1170 4300 0
1170 20523 0
1170 2338 0
1170 4524 0
1170 4552 0
1170 4555 0
1170 18915 0
1170 14894 0
1170 4681 0
1170 4704 0
1170 2714 0
1170 2722 0
1170 8867 0
1170 6907 1
1170 6915 0
1170 2831 0
1170 2186 0
1170 2967 0
1170 2989 0
1170 3123 0
1170 3283 0
1170 5432 0
1170 5469 0
1170 1385 0
1170 5524 0
1170 5526 0
1170 7633 0
1170 1620 0
1170 1718 0
1170 3801 0
1170 5855 0
1170 18060 0
1170 5981 0
1170 3986 0
1170 3997 1
1170 16369 0
1180 2708 0
1180 2714 0
1180 1180 0
1180 1197 0
1180 5855 0
1180 5986 0
1180 5523 0
1180 2500 0
1180 7633 0
1180 4062 0
1197 2059 0
1197 2582 0
1197 1620 0
1197 4704 0
1197 1653 0
1197 1687 0
1197 3225 0
1197 8440 0
1197 4551 0
1197 1197 0
1197 8881 0
1197 3870 0
1197 1221 0
1197 1223 0
1197 1751 0
1197 5855 0
1197 1765 0
1197 4344 0
1197 8442 0
1197 4859 0
1197 4371 0
1197 5405 0
1197 2338 0
1197 3886 0
1197 5432 0
1197 2361 0
1197 2881 0
1197 2890 0
1197 5620 0
1197 3408 0
1197 5521 0
1197 5524 0
1197 1957 0
1197 2989 0
1197 4537 0
1197 2976 0
1197 2500 0
1197 7109 0
1197 4550 0
1197 4553 0
1197 4555 0
1197 4556 0
1197 4557 0
1197 4561 0
1197 4566 0
1197 3043 0
1197 3044 0
1197 6560 0
1197 5523 0
1197 7165 0
1197 5108 0
1197 3573 1
1197 2132 0
1200 6907 1
1200 5828 1
1200 1200 0
1200 19427 0
1200 18298 0
1204 3336 0
1204 2059 0
1204 5521 0
1204 5523 0
1204 6165 0
1204 3225 0
1204 8391 0
1204 4524 0
1204 4525 0
1204 1711 0
1204 3123 0
1204 1204 0
1204 4535 0
1204 3008 0
1204 2881 0
1204 2896 1
1204 3036 0
1204 5469 0
1204 4704 0
1204 6907 1
1221 8881 0
1221 3426 0
1221 3446 0
1221 4300 0
1221 4305 0
1221 4371 0
1221 4525 0
1221 2500 0
1221 2501 0
1221 4550 0
1221 4557 0
1221 2524 0
1221 4579 0
1221 2708 0
1221 2718 0
1221 2722 0
1221 2762 0
1221 4855 0
1221 4859 0
1221 2989 0
1221 7109 0
1221 3043 0
1221 5111 1
1221 3248 0
1221 13355 0
1221 7298 0
1221 7321 0
1221 1221 0
1221 1223 0
1221 8742 0
1221 3336 0
1221 5432 0
1221 5445 0
1221 5452 1
1221 3408 0
1221 5469 0
1221 17770 0
1221 3468 1
1221 3469 0
1221 5521 0
1221 19879 0
1221 1957 0
1221 7698 0
1221 1620 0
1221 1622 0
1221 8467 0
1221 1653 0
1221 3729 0
1221 18098 0
1221 5828 1
1221 7890 0
1221 5855 0
1221 3886 0
1221 1865 0
1221 5981 0
1221 8065 0
1221 3986 0
1221 1943 0
1221 4062 0
1221 16369 0
1223 8064 0
1223 1622 0
1223 5723 0
1223 5724 0
1223 7298 0
1223 3729 0
1223 2718 0
1223 2722 0
1223 3248 0
1223 13355 0
1223 5828 1
1223 4305 0
1223 5855 0
1223 4859 0
1223 3886 0
1223 5432 0
1223 5981 0
1223 3986 0
1223 7321 0
1223 5452 1
1223 5445 0
1223 1957 0
1223 16369 0
1223 2989 0
1223 2500 0
1223 2501 0
1223 4555 0
1223 4557 0
1223 3408 0
1223 3043 0
1223 5111 1
1223 7109 0
1294 16410 1
1294 2651 1
1294 4704 1
1294 5798 1
1294 6874 1
1294 16424 1
1294 2825 1
1294 3426 1
1294 1427 1
1294 4566 1
1294 6622 1
1365 5764 0
1365 1943 0
1365 5828 1
1365 1620 0
1365 4331 1
1370 3468 1
1370 3469 0
1370 3986 0
1370 18323 0
1370 18060 0
1370 18631 0
1370 4524 0
1370 5452 1
1370 18298 0
1370 1370 0
1370 5723 0
1370 8442 0
1385 6739 0
1385 16031 0
1385 8867 0
1385 8881 0
1385 4297 1
1385 18631 0
1385 18298 0
1385 4855 0
1385 5882 0
1385 2338 0
1385 6977 0
1385 3426 0
1385 3986 0
1385 1943 0
1385 4579 0
1427 1680 0
1427 1427 0
1427 5981 0
1427 5682 0
1427 5452 1
1427 4110 0
1427 3561 0
1427 8467 0
1620 4110 0
1620 4185 0
1620 6165 0
1620 4300 0
1620 8440 0
1620 4371 0
1620 2338 0
1620 2361 0
1620 5523 0
1620 4477 0
1620 4524 0
1620 4534 0
1620 4535 0
1620 4536 0
1620 4537 0
1620 4538 0
1620 4539 0
1620 4540 0
1620 4544 0
1620 4546 0
1620 4550 0
1620 4555 0
1620 4556 0
1620 4557 0
1620 4561 0
1620 4566 0
1620 6622 0
1620 4681 0
1620 4704 0
1620 13760 0
1620 2708 0
1620 2714 0
1620 2718 0
1620 2722 0
1620 8867 0
1620 2762 0
1620 6907 1
1620 2831 0
1620 6915 0
1620 6986 0
1620 18323 0
1620 2989 0
1620 5052 0
1620 3010 0
1620 3036 0
1620 7298 0
1620 3248 0
1620 4297 1
1620 3336 0
1620 5432 0
1620 5469 0
1620 17770 0
1620 5521 0
1620 5526 0
1620 15799 1
1620 4551 0
1620 1620 0
1620 1622 0
1620 5798 0
1620 1718 0
1620 5835 0
1620 7890 0
1620 3801 0
1620 3803 0
1620 5855 0
1620 1765 0
1620 5882 0
1620 6792 0
1620 5953 0
1620 5978 0
1620 5980 0
1620 5981 0
1620 8064 0
1620 3986 0
1620 1943 0
1620 1957 0
1620 6080 0
1622 1687 0
1622 3870 0
1622 2887 1
1622 5855 0
1622 5828 1
1622 5432 0
1622 3043 0
1622 3044 0
1622 3045 0
1622 6481 0
1622 6005 0
1622 3446 0
1622 4859 0
1653 16410 0
1653 8391 0
1653 8881 0
1653 9027 0
1653 1653 0
1653 1751 0
1653 1765 0
1653 1943 0
1653 1944 0
1653 2181 0
1653 2338 0
1653 2361 0
1653 2382 0
1653 2501 0
1653 5882 0
1653 2722 0
1653 2825 0
1653 3008 0
1653 3045 0
1653 3336 0
1653 19879 0
1653 3561 0
1653 3628 0
1653 20038 0
1653 3729 0
1653 3986 0
1653 4062 0
1653 4110 0
1653 4297 1
1653 4534 0
1653 4536 0
1653 4537 0
1653 4540 0
1653 4553 0
1653 4566 0
1653 4681 0
1653 4704 0
1653 5033 0
1653 13355 0
1653 5291 1
1653 5380 0
1653 5523 0
1653 5724 0
1653 5764 0
1653 5828 1
1653 5832 0
1653 5835 0
1653 5855 0
1653 6068 0
1653 6080 0
1653 6159 0
1653 6484 0
1653 6527 1
1653 6560 0
1653 6739 0
1653 6740 0
1653 6915 0
1653 6977 0
1653 7165 0
1653 7469 0
1653 15799 1
1653 16031 0
1653 16241 0
1653 8064 0
1653 16330 0
1653 8176 0
1653 16369 0
1656 2887 1
1656 2888 1
1656 3884 0
1656 5432 0
1656 4855 0
1656 3336 0
1680 6165 0
1680 8391 0
1680 4344 0
1680 2338 0
1680 2372 1
1680 8522 1
1680 6484 0
1680 2059 0
1680 2500 0
1680 2501 0
1680 4559 0
1680 2599 0
1680 6739 0
1680 6740 0
1680 2718 0
1680 2722 0
1680 8867 0
1680 8881 0
1680 6919 0
1680 6977 0
1680 5033 0
1680 7165 0
1680 3225 0
1680 3283 0
1680 5380 0
1680 5469 0
1680 3426 0
1680 19879 0
1680 5620 0
1680 3628 0
1680 16031 0
1680 1891 0
1680 3986 0
1680 18323 0
1680 1943 0
1680 3997 1
1680 6080 0
1680 6081 0
1680 8165 0
1687 4110 0
1687 6159 0
1687 16410 0
1687 3426 0
1687 4300 0
1687 4305 0
1687 4344 0
1687 4371 0
1687 2338 0
1687 2361 0
1687 6481 0
1687 4477 0
1687 6560 0
1687 4534 0
1687 4535 0
1687 4536 0
1687 2500 0
1687 4550 0
1687 4555 0
1687 2524 0
1687 2582 0
1687 8875 0
1687 4855 0
1687 4859 0
1687 3043 0
1687 3044 0
1687 3045 0
1687 7165 0
1687 5981 0
1687 5365 0
1687 8064 0
1687 5380 0
1687 5432 0
1687 5469 0
1687 3446 0
1687 5521 0
1687 5523 0
1687 5526 0
1687 5527 0
1687 19879 0
1687 7698 0
1687 5723 0
1687 5724 0
1687 13939 0
1687 3729 0
1687 1687 0
1687 1751 0
1687 1752 1
1687 5855 0
1687 1765 0
1687 5882 0
1687 3870 0
1687 3884 0
1687 3886 0
1687 5986 0
1687 5994 0
1687 1951 1
1687 1957 0
1687 3408 0
1711 6915 0
1711 3336 0
1711 5526 0
1711 7071 1
1711 2338 0
1711 8391 0
1711 1711 0
1711 3123 0
1711 5432 0
1711 4550 0
1711 4551 0
1711 4300 0
1711 3036 0
1711 5469 0
1711 4704 0
1711 7165 0
1718 5981 0
1718 4681 0
1718 4704 0
1718 2708 0
1718 2718 0
1718 5798 0
1718 1718 0
1718 4300 0
1718 4305 0
1718 6907 1
1718 2831 0
1718 8467 0
1718 2338 0
1718 6484 0
1718 5980 0
1718 5469 0
1718 2927 0
1718 8064 0
1718 5521 0
1718 5523 0
1718 4524 0
1718 2989 0
1718 4534 0
1718 5052 0
1718 3036 0
1751 4609 0
1751 7698 0
1751 5828 1
1751 4558 0
1751 1751 0
1751 1752 1
1751 5855 0
1751 6919 0
1751 3884 0
1751 5432 0
1751 2361 0
1751 5445 0
1751 2889 0
1751 6481 0
1751 5469 0
1751 5994 0
1751 5526 0
1751 5527 0
1751 6560 0
1751 1957 0
1751 4550 0
1751 4551 0
1751 4552 0
1751 4553 0
1751 4554 0
1751 4555 0
1751 4556 0
1751 4557 0
1751 4559 0
1751 3043 0
1751 3045 0
1751 5108 0
1751 2132 0
1752 4609 1
1752 7698 1
1752 5526 1
1752 7321 1
1752 6560 1
1752 1957 1
1752 20038 1
1752 3123 1
1752 2361 1
1752 5445 1
1752 4550 1
1752 4551 1
1752 4553 1
1752 4557 1
1752 6481 1
1752 4579 1
1752 2132 1
1752 1752 2
1752 5469 1
1752 5855 1
1752 3043 1
1752 1765 1
1752 5365 1
1765 8875 0
1765 6165 0
1765 16424 0
1765 8442 0
1765 8522 1
1765 2382 0
1765 6484 0
1765 6560 0
1765 4534 0
1765 4535 0
1765 4536 0
1765 4537 0
1765 4538 0
1765 4539 0
1765 4540 0
1765 4544 0
1765 4546 0
1765 2501 0
1765 4550 0
1765 4551 0
1765 4556 0
1765 6622 0
1765 2599 0
1765 6739 0
1765 6740 0
1765 2728 0
1765 8881 0
1765 4786 0
1765 9027 0
1765 5052 0
1765 3043 0
1765 13355 0
1765 5380 0
1765 5469 0
1765 3426 0
1765 19879 0
1765 7633 0
1765 7698 0
1765 5675 0
1765 3628 0
1765 5712 0
1765 16031 0
1765 5798 0
1765 5855 0
1765 1765 0
1765 5882 0
1765 6005 0
1765 3986 0
1765 1943 0
1765 16330 0
1794 1794 2
1794 4681 1
1794 1865 1
1794 9840 1
1794 1943 1
1794 2714 1
1794 1887 1
1843 18915 1
1843 2204 1
1865 5764 0
1865 4546 0
1865 1943 0
1865 4524 0
1865 4525 0
1865 4534 0
1865 4535 0
1865 4536 0
1865 4537 0
1865 4538 0
1865 4539 0
1865 4540 0
1865 4544 0
1865 3010 0
1865 1865 0
1865 5981 0
1865 1887 0
1865 4331 1
1865 9840 0
1887 2762 0
1887 1943 0
1887 3005 1
1887 3010 0
1887 1887 0
1891 13355 0
1891 3628 0
1891 4297 1
1891 2338 0
1891 6080 0
1891 5111 1
1932 2338 0
1932 6792 0
1932 4300 0
1932 1932 0
1932 3801 0
1932 6907 1
1932 5981 0
1932 2718 0
1932 7071 1
1943 2059 0
1943 9840 0
1943 6165 0
1943 8391 0
1943 4331 1
1943 4344 0
1943 2338 0
1943 4477 0
1943 4535 0
1943 4539 0
1943 2500 0
1943 2524 0
1943 6622 0
1943 19879 0
1943 2599 0
1943 6740 0
1943 2714 0
1943 2718 0
1943 2722 0
1943 8867 0
1943 2728 0
1943 6919 0
1943 9027 0
1943 5033 0
1943 5052 0
1943 3008 0
1943 3010 0
1943 3043 0
1943 3248 0
1943 3283 0
1943 5432 0
1943 5469 0
1943 3426 0
1943 8440 0
1943 5653 0
1943 5655 0
1943 3628 0
1943 5712 0
1943 5764 0
1943 3729 0
1943 5798 0
1943 13355 0
1943 5980 0
1943 5981 0
1943 18098 0
1943 1943 0
1943 6061 0
1943 6068 0
1943 16031 0
1943 6080 0
1943 6081 0
1943 8176 0
1944 5452 1
1944 3283 0
1951 3248 1
1957 3870 0
1957 8881 0
1957 5986 0
1957 6481 0
1957 7336 1
1957 20038 0
1957 6740 0
1957 4555 0
1957 4305 0
1957 4558 0
1957 3283 0
1957 4859 0
1957 5380 0
1957 4371 0
1957 3884 0
1957 5994 0
1957 5620 0
1957 2361 0
1957 5445 0
1957 2887 1
1957 4428 0
1957 5521 0
1957 6005 0
1957 2881 0
1957 1957 0
1957 4524 0
1957 4525 0
1957 6560 0
1957 4550 0
1957 4551 0
1957 4552 0
1957 4553 0
1957 4554 0
1957 4556 0
1957 4557 0
1957 4559 0
1957 3043 0
1957 3044 0
1957 3045 0
1957 5108 0
2058 2059 1
2058 6061 1
2058 4544 1
2058 13451 1
2058 3801 1
2058 5469 1
2058 5620 1
2058 7157 1
2059 2059 0
2059 5469 0
2059 4185 0
2059 8391 0
2059 4300 0
2059 2361 0
2059 4524 0
2059 4536 0
2059 4539 0
2059 4544 0
2059 4546 0
2059 4681 0
2059 4537 0
2059 4704 0
2059 2718 0
2059 6907 1
2059 2889 0
2059 2989 0
2059 3036 0
2059 7157 0
2059 3123 0
2059 3225 0
2059 3336 0
2059 5432 0
2059 17770 0
2059 3469 0
2059 5521 0
2059 5523 0
2059 5828 1
2059 5835 0
2059 3801 0
2059 6792 0
2059 8064 0
2059 8176 0
2132 8065 0
2132 4524 0
2132 5432 0
2132 5445 0
2132 2896 1
2132 3446 0
2181 2181 0
2181 5261 1
2181 5828 1
2181 8426 1
2186 2186 0
2186 5523 0
2186 5526 0
2186 5655 0
2186 7071 1
2186 2338 0
2186 16241 0
2186 5653 0
2186 2989 0
2186 4300 0
2186 6484 0
2186 3801 0
2186 3036 0
2186 4704 0
2186 6907 1
2186 7165 0
2204 2582 0
2204 5828 1
2338 16410 0
2338 4185 0
2338 4300 0
2338 8440 0
2338 3801 0
2338 2338 0
2338 4550 0
2338 2599 0
2338 4681 0
2338 6739 0
2338 4704 0
2338 2714 0
2338 2718 0
2338 2722 0
2338 8867 0
2338 8881 0
2338 4557 0
2338 19179 0
2338 4855 0
2338 6907 1
2338 6910 0
2338 6919 0
2338 6915 0
2338 6165 0
2338 2889 0
2338 2967 0
2338 2989 0
2338 5052 0
2338 2890 0
2338 3036 0
2338 5108 0
2338 7157 0
2338 5981 0
2338 3123 0
2338 3283 0
2338 3336 0
2338 5405 0
2338 5432 0
2338 5978 0
2338 5469 0
2338 3426 0
2338 19879 0
2338 5033 0
2338 7698 0
2338 5835 0
2338 3878 1
2338 5980 0
2338 5994 0
2338 7633 0
2338 3986 0
2338 6061 0
2338 6068 0
2338 6081 0
2338 4062 0
2361 8875 0
2361 7698 0
2361 2582 0
2361 5469 0
2361 4371 0
2361 3225 0
2361 8391 0
2361 4554 0
2361 6005 0
2361 5855 0
2361 5365 0
2361 4859 0
2361 3884 0
2361 2361 0
2361 4428 0
2361 4429 0
2361 2382 0
2361 5980 0
2361 5994 0
2361 5523 0
2361 3446 0
2361 6740 0
2361 8064 0
2361 5526 0
2361 6560 0
2361 4524 0
2361 2718 0
2361 2500 0
2361 2501 0
2361 4550 0
2361 4551 0
2361 4552 0
2361 4553 0
2361 4555 0
2361 4556 0
2361 4557 0
2361 4558 0
2361 4559 0
2361 3043 0
2361 5108 0
2372 2372 2
2372 8881 1
2372 4300 1
2372 4344 1
2382 8442 0
2382 2382 0
2382 6560 0
2382 4524 0
2382 4525 0
2382 4534 0
2382 4535 0
2382 4537 0
2382 4538 0
2382 4539 0
2382 4546 0
2382 4550 0
2382 4551 0
2382 4609 0
2382 2599 0
2382 4681 0
2382 4704 0
2382 10876 1
2382 2708 0
2382 2718 0
2382 8881 0
2382 4859 0
2382 6910 0
2382 3043 0
2382 7165 0
2382 3446 0
2382 3729 0
2382 5855 0
2382 5882 0
2382 3878 1
2382 3884 0
2382 6792 0
2382 5953 0
2382 5986 0
2382 16241 0
2382 8064 0
2382 6081 0
2500 6159 0
2500 4305 0
2500 4371 0
2500 4428 0
2500 6481 0
2500 4524 0
2500 4548 0
2500 2501 0
2500 4555 0
2500 4556 0
2500 4557 0
2500 4558 0
2500 2524 0
2500 2599 0
2500 8830 0
2500 2708 0
2500 2718 0
2500 2722 0
2500 4786 0
2500 4859 0
2500 6977 0
2500 3043 0
2500 7698 0
2500 7298 0
2500 5365 0
2500 5380 0
2500 3350 1
2500 5445 0
2500 2500 0
2500 3446 0
2500 5521 0
2500 5523 0
2500 19879 0
2500 3729 0
2500 5855 0
2500 3870 0
2500 3878 1
2500 3884 0
2500 3886 0
2500 5432 0
2500 5981 0
2500 5994 0
2500 8065 0
2500 6081 0
2501 6159 0
2501 4371 0
2501 2524 0
2501 2708 0
2501 2718 0
2501 2501 0
2501 2722 0
2501 4786 0
2501 4859 0
2501 6977 0
2501 2989 0
2501 13355 0
2501 7298 0
2501 5365 0
2501 5380 0
2501 3350 1
2501 5432 0
2501 5523 0
2501 19879 0
2501 3561 0
2501 7698 0
2501 8467 0
2501 3729 0
2501 5855 0
2501 3870 0
2501 3878 1
2501 3884 0
2501 3886 0
2501 3986 0
2524 8064 0
2524 5653 0
2524 2582 0
2524 5655 0
2524 5469 0
2524 6740 0
2524 13939 0
2524 3729 0
2524 2708 0
2524 2718 0
2524 2722 0
2524 2728 0
2524 8881 0
2524 8391 0
2524 3803 0
2524 5855 0
2524 4859 0
2524 5432 0
2524 3408 0
2524 5981 0
2524 5986 0
2524 5994 0
2524 6005 0
2524 3446 0
2524 8065 0
2524 5523 0
2524 6068 0
2524 5365 0
2524 4550 0
2524 4551 0
2524 2524 0
2524 3043 0
2524 5111 1
2524 7109 0
2582 6165 0
2582 2582 0
2582 5723 0
2582 2722 0
2582 5855 0
2582 4859 0
2582 4371 0
2582 8068 0
2582 3884 0
2582 8522 1
2582 8064 0
2582 5523 0
2582 6560 0
2582 6061 0
2582 4550 0
2582 4555 0
2599 19879 0
2599 4110 0
2599 6165 0
2599 2599 0
2599 20038 0
2599 6739 0
2599 6740 0
2599 3225 0
2599 7165 0
2599 2708 0
2599 2714 0
2599 2718 0
2599 2722 0
2599 5798 0
2599 8875 0
2599 6081 0
2599 5828 1
2599 8391 0
2599 2762 0
2599 5835 0
2599 6919 0
2599 8467 0
2599 6977 0
2599 6484 0
2599 3426 0
2599 5994 0
2599 16241 0
2599 3446 0
2599 3729 0
2599 8065 0
2599 3469 0
2599 3986 0
2599 4524 0
2599 4525 0
2599 16031 0
2599 4553 0
2599 8881 0
2599 6622 0
2599 3561 0
2599 5033 0
2651 6792 0
2651 11787 0
2651 18298 0
2651 19427 0
2651 8442 0
2708 4110 0
2708 6159 0
2708 6165 0
2708 16424 0
2708 4297 1
2708 8440 0
2708 8467 0
2708 6484 0
2708 4535 0
2708 4536 0
2708 4538 0
2708 4554 0
2708 6739 0
2708 6792 0
2708 2714 0
2708 2718 0
2708 2722 0
2708 2728 0
2708 8881 0
2708 4855 0
2708 4859 0
2708 9027 0
2708 2976 0
2708 7109 0
2708 13355 0
2708 14894 0
2708 5432 0
2708 3446 0
2708 20038 0
2708 19879 0
2708 15799 1
2708 7633 0
2708 3561 0
2708 7698 0
2708 3628 0
2708 5723 0
2708 5724 0
2708 13939 0
2708 16031 0
2708 5855 0
2708 5882 0
2708 3884 0
2708 3886 0
2708 5953 0
2708 5981 0
2708 8064 0
2708 8065 0
2708 8069 0
2708 3986 0
2708 6068 0
2708 6080 0
2714 2714 0
2714 6165 0
2714 4344 0
2714 4524 0
2714 4525 0
2714 4534 0
2714 4535 0
2714 4536 0
2714 4537 0
2714 4538 0
2714 4539 0
2714 4540 0
2714 4544 0
2714 4546 0
2714 4548 0
2714 19879 0
2714 6739 0
2714 2718 0
2714 2722 0
2714 8867 0
2714 8881 0
2714 2881 0
2714 2976 0
2714 7109 0
2714 5111 1
2714 7165 0
2714 5365 0
2714 5432 0
2714 3426 0
2714 5523 0
2714 15799 1
2714 7633 0
2714 5620 0
2714 3628 0
2714 3729 0
2714 5828 1
2714 5855 0
2714 3886 0
2714 5981 0
2714 5994 0
2714 8064 0
2714 3986 0
2714 6068 0
2714 6081 0
2714 8166 1
2714 16369 0
2718 4110 0
2718 6165 0
2718 4185 0
2718 5832 0
2718 8391 0
2718 4297 1
2718 8440 0
2718 8467 0
2718 6484 0
2718 5521 0
2718 5523 0
2718 4524 0
2718 4525 0
2718 4534 0
2718 4535 0
2718 4536 0
2718 4537 0
2718 4538 0
2718 4539 0
2718 4540 0
2718 4544 0
2718 4546 0
2718 4550 0
2718 4552 0
2718 4554 0
2718 4566 0
2718 19879 0
2718 4681 0
2718 6739 0
2718 6740 0
2718 8830 0
2718 6792 0
2718 2718 0
2718 2722 0
2718 8875 0
2718 8881 0
2718 4786 0
2718 4859 0
2718 6919 0
2718 2831 0
2718 6968 0
2718 2881 0
2718 6986 0
2718 2976 0
2718 3036 0
2718 3043 0
2718 3225 0
2718 3336 0
2718 5432 0
2718 3408 0
2718 5469 0
2718 3426 0
2718 3446 0
2718 7633 0
2718 15833 0
2718 5620 0
2718 5033 0
2718 5723 0
2718 5724 0
2718 3729 0
2718 5835 0
2718 7890 0
2718 5855 0
2718 5882 0
2718 3884 0
2718 5953 0
2718 18323 0
2718 16241 0
2718 8064 0
2718 8065 0
2718 3986 0
2718 3997 1
2718 6068 0
2718 16031 0
2718 6081 0
2718 7165 0
2722 4110 0
2722 6165 0
2722 8391 0
2722 8440 0
2722 8442 0
2722 8467 0
2722 6484 0
2722 5521 0
2722 5523 0
2722 4524 0
2722 4525 0
2722 4537 0
2722 4539 0
2722 4546 0
2722 4553 0
2722 4554 0
2722 19879 0
2722 2881 0
2722 4681 0
2722 6739 0
2722 6740 0
2722 6792 0
2722 2722 0
2722 4786 0
2722 4859 0
2722 6919 0
2722 6968 0
2722 6977 0
2722 6986 0
2722 5033 0
2722 3036 0
2722 3043 0
2722 3225 0
2722 3248 0
2722 5380 0
2722 5432 0
2722 5469 0
2722 3426 0
2722 3446 0
2722 7633 0
2722 15270 0
2722 3561 0
2722 5620 0
2722 5723 0
2722 18060 0
2722 3729 0
2722 16031 0
2722 7890 0
2722 5855 0
2722 5882 0
2722 3884 0
2722 5953 0
2722 5978 0
2722 5981 0
2722 8064 0
2722 8065 0
2722 3986 0
2722 3997 1
2722 6068 0
2722 6081 0
2728 4110 0
2728 5723 0
2728 18060 0
2728 5855 0
2728 15833 0
2728 5953 0
2728 5452 1
2728 5981 0
2728 3986 0
2728 3446 0
2728 15799 1
2728 4539 0
2728 6739 0
2762 3628 0
2762 5052 0
2762 2762 0
2762 7890 0
2762 18298 0
2762 4859 0
2762 2888 1
2762 2890 0
2762 5978 0
2762 5981 0
2762 5980 0
2762 19879 0
2762 5033 0
2762 3005 1
2762 6080 0
2817 2817 2
2817 2818 1
2817 5828 2
2817 5527 1
2817 5432 1
2817 4859 1
2817 3870 1
2818 4704 0
2818 2818 0
2818 6907 1
2818 3561 0
2818 3884 0
2818 5521 0
2818 8467 0
2818 5524 0
2818 3036 0
2825 6739 0
2825 6792 0
2825 18098 0
2825 18631 0
2825 2825 0
2825 8467 0
2825 3468 1
2825 3469 0
2825 3986 0
2825 3561 0
2831 2989 0
2831 6165 0
2831 20523 0
2831 4681 0
2831 4704 0
2831 8391 0
2831 4300 0
2831 5855 0
2831 6907 1
2831 6915 0
2831 2831 0
2831 5981 0
2831 2927 0
2831 3446 0
2831 3986 0
2831 5523 0
2831 5469 0
2831 2967 0
2831 7071 1
2831 4536 0
2831 3008 0
2831 3036 0
2881 11793 0
2881 8881 0
2881 5832 0
2881 6739 0
2881 7165 0
2881 3734 0
2881 5828 1
2881 8391 0
2881 5835 0
2881 5855 0
2881 7890 0
2881 4855 0
2881 8440 0
2881 5882 0
2881 4859 0
2881 6915 0
2881 8473 0
2881 3884 0
2881 3886 0
2881 6792 0
2881 2881 0
2881 6986 0
2881 5620 0
2881 5980 0
2881 5469 0
2881 16241 0
2881 4477 0
2881 3469 0
2881 2976 0
2881 5033 0
2881 2989 0
2881 4534 0
2881 4535 0
2881 4536 0
2881 4537 0
2881 4540 0
2881 4544 0
2881 4546 0
2881 4566 0
2881 3043 0
2881 6560 0
2882 2882 2
2882 5432 1
2882 8442 1
2882 3803 1
2887 3870 1
2887 5432 1
2887 2887 2
2887 2888 2
2887 2889 1
2887 2890 1
2887 4428 1
2887 4429 1
2887 6481 1
2887 3043 1
2887 3044 1
2888 5521 1
2888 5523 1
2888 5524 1
2888 5526 1
2888 5527 1
2888 5405 1
2888 3884 1
2888 4534 1
2888 4535 1
2888 4536 1
2888 4537 1
2888 4538 1
2888 4539 1
2888 4540 1
2888 4544 1
2888 4546 1
2888 2888 2
2888 2889 1
2888 4579 1
2888 4855 1
2888 4859 1
2889 3336 0
2889 5521 0
2889 5523 0
2889 5526 0
2889 3225 0
2889 8391 0
2889 2890 0
2889 4300 0
2889 3036 0
2889 3426 0
2889 6907 1
2890 11787 0
2890 5521 0
2890 2890 0
2890 2894 1
2890 3036 0
2890 19427 0
2890 18298 0
2894 2927 1
2894 3870 1
2896 3043 1
2896 3045 1
2896 4428 1
2896 4429 1
2896 2896 2
2915 2915 2
2915 11787 1
2915 6159 1
2915 5523 1
2915 5432 1
2915 18298 1
2915 19427 1
2967 4681 0
2967 4704 0
2967 8391 0
2967 4300 0
2967 6907 1
2967 6915 0
2967 3886 0
2967 5432 0
2967 5469 0
2967 4477 0
2967 3986 0
2967 5526 0
2967 2967 0
2967 7071 1
2967 2989 0
2967 4534 0
2967 4535 0
2967 4536 0
2967 4537 0
2967 4538 0
2967 4539 0
2967 4540 0
2967 4544 0
2967 4546 0
2967 7109 0
2967 4550 0
2967 4551 0
2967 3036 0
2976 8440 0
2976 6739 0
2976 5052 0
2976 6792 0
2976 3729 0
2976 3734 0
2976 8881 0
2976 5832 0
2976 3283 0
2976 8467 0
2976 5978 0
2976 5980 0
2976 5981 0
2976 7013 0
2976 16241 0
2976 6005 0
2976 4477 0
2976 6527 1
2976 5521 0
2976 5523 0
2976 2976 0
2976 6061 0
2976 4536 0
2976 4540 0
2976 3005 1
2976 4546 0
2976 7109 0
2976 4555 0
2976 7633 0
2976 5620 0
2976 7165 0
2989 6165 0
2989 4681 0
2989 4704 0
2989 4556 0
2989 4300 0
2989 6907 1
2989 6915 0
2989 5981 0
2989 18323 0
2989 3986 0
2989 19879 0
2989 2989 0
2989 4534 0
2989 4535 0
2989 4536 0
2989 4537 0
2989 4538 0
2989 4539 0
2989 4540 0
2989 4544 0
2989 4546 0
2989 4550 0
2989 4551 0
2989 4552 0
2989 4553 0
2989 4554 0
2989 4555 0
2989 4557 0
2989 4558 0
2989 4559 0
2989 3036 0
2989 5108 0
3001 3008 0
3001 5452 1
3001 5111 1
3001 3001 0
3005 11793 1
3005 12067 1
3005 5682 1
3005 5432 1
3005 5445 1
3005 8165 1
3005 9846 1
3005 4786 1
3005 4604 1
3008 6068 0
3008 4681 0
3008 5764 0
3008 5798 0
3008 3248 0
3008 8391 0
3008 3336 0
3008 5452 1
3008 6527 1
3008 3986 0
3008 4534 0
3008 4537 0
3008 3008 0
3008 3010 0
3008 6622 0
3010 5764 0
3010 4681 0
3010 3010 0
3010 5452 1
3010 4185 0
3010 5469 0
3010 5798 0
3036 6915 0
3036 3123 0
3036 4681 0
3036 4185 0
3036 4704 0
3036 6792 0
3036 5835 0
3036 4300 0
3036 3801 0
3036 6364 0
3036 6907 1
3036 3336 0
3036 3036 0
3036 3886 0
3036 5469 0
3036 4477 0
3036 5527 0
3036 5521 0
3036 5523 0
3036 5524 0
3036 5526 0
3036 6068 0
3036 4550 0
3036 4551 0
3036 4572 0
3036 12291 1
3036 8176 0
3043 8391 0
3043 4305 0
3043 4371 0
3043 8473 0
3043 4428 0
3043 6481 0
3043 6560 0
3043 4550 0
3043 4551 0
3043 4555 0
3043 4556 0
3043 4557 0
3043 4558 0
3043 8830 0
3043 8867 0
3043 8881 0
3043 4859 0
3043 5052 0
3043 3043 0
3043 3045 0
3043 5193 1
3043 5380 0
3043 3446 0
3043 5521 0
3043 5523 0
3043 5524 0
3043 5527 0
3043 7698 0
3043 20038 0
3043 3729 0
3043 5828 1
3043 5882 0
3043 3870 0
3043 3878 1
3043 5432 0
3043 5978 0
3043 5980 0
3043 5981 0
3043 5994 0
3043 6005 0
3043 5445 0
3043 6081 0
3044 6159 0
3044 5052 0
3044 4553 0
3044 4555 0
3044 4557 0
3044 6481 0
3044 5978 0
3044 5980 0
3044 5981 0
3044 3044 0
3044 19879 0
3044 5365 0
3044 5111 1
3045 6159 0
3045 3870 0
3045 4544 0
3045 4550 0
3045 4551 0
3045 4555 0
3045 4558 0
3045 4557 0
3045 6481 0
3045 8881 0
3045 3878 1
3045 3446 0
3123 3336 0
3123 5469 0
3123 3225 0
3123 5521 0
3123 4534 0
3123 4535 0
3123 5432 0
3123 5526 0
3123 4300 0
3123 4704 0
3123 3123 0
3123 6907 1
3225 4681 0
3225 8391 0
3225 4704 0
3225 6080 0
3225 6081 0
3225 3225 0
3225 8867 0
3225 4558 0
3225 4300 0
3225 4557 0
3225 4561 0
3225 6907 1
3225 6919 0
3225 3336 0
3225 3886 0
3225 6792 0
3225 5981 0
3225 4477 0
3225 5521 0
3225 5523 0
3225 19879 0
3225 5033 0
3225 4524 0
3225 4536 0
3225 7071 1
3225 4544 0
3225 7109 0
3225 4550 0
3225 4551 0
3225 4552 0
3225 4553 0
3225 4554 0
3225 4555 0
3225 4556 0
3225 4559 0
3225 4534 0
3225 8176 0
3225 5108 0
3248 4704 0
3248 7336 1
3248 3248 0
3248 13551 0
3248 6081 0
3248 7109 0
3248 4551 0
3248 16330 0
3248 4579 0
3283 19879 0
3283 13355 0
3283 4110 0
3283 4538 0
3283 8467 0
3283 6165 0
3283 3729 0
3283 8867 0
3283 3283 0
3283 5855 0
3283 4371 0
3283 6977 0
3283 3408 0
3283 5518 1
3283 3426 0
3283 5994 0
3283 3986 0
3283 3997 1
3283 6068 0
3283 4534 0
3283 4535 0
3283 4536 0
3283 4537 0
3283 4539 0
3283 4540 0
3283 4544 0
3283 4546 0
3283 3561 0
3336 4681 0
3336 4544 0
3336 5828 1
3336 6792 0
3336 3803 0
3336 5855 0
3336 3336 0
3336 4429 0
3336 5980 0
3336 3986 0
3336 5523 0
3336 5469 0
3336 4535 0
3336 4536 0
3336 4551 0
3336 4428 0
3336 7157 0
3350 7298 1
3350 4371 1
3350 3350 2
3350 5675 1
3350 3408 1
3350 3729 1
3408 6159 0
3408 3729 0
3408 8881 0
3408 4297 1
3408 16241 0
3408 3408 0
3408 8065 0
3426 6165 0
3426 8391 0
3426 8440 0
3426 4550 0
3426 4551 0
3426 4566 0
3426 6622 0
3426 8867 0
3426 4786 0
3426 12983 0
3426 6910 0
3426 6919 0
3426 5033 0
3426 5052 0
3426 14894 0
3426 3426 0
3426 5981 0
3426 19879 0
3426 5620 0
3426 5655 0
3426 5723 0
3426 3628 0
3426 5712 0
3426 6081 0
3426 5798 0
3426 5978 0
3426 5980 0
3426 5986 0
3426 8064 0
3426 8065 0
3426 3986 0
3426 6037 1
3426 6068 0
3426 16031 0
3426 6080 0
3426 8176 0
3446 6159 0
3446 4297 1
3446 8440 0
3446 4371 0
3446 4681 0
3446 8867 0
3446 8881 0
3446 6874 0
3446 4859 0
3446 5052 0
3446 7165 0
3446 7298 0
3446 6005 0
3446 5365 0
3446 5469 0
3446 3446 0
3446 19879 0
3446 18060 0
3446 3734 0
3446 5855 0
3446 5978 0
3446 5980 0
3446 5981 0
3446 5986 0
3446 5994 0
3446 16241 0
3446 16369 0
3446 6068 0
3446 6080 0
3446 6081 0
3446 4062 0
3468 4110 1
3468 5675 1
3468 18098 1
3468 4305 1
3468 19179 1
3468 8467 1
3468 3469 1
3468 4557 1
3469 4110 0
3469 16424 0
3469 18098 0
3469 12983 0
3469 4305 0
3469 4540 0
3469 4548 0
3469 12853 0
3469 4859 0
3469 5111 1
3469 5163 1
3469 5452 1
3469 5518 1
3469 5675 0
3469 5986 0
3469 18298 0
3561 8881 0
3561 16424 0
3561 19879 0
3561 4205 0
3561 6165 0
3561 8440 0
3561 8473 0
3561 8522 1
3561 5523 0
3561 4524 0
3561 4534 0
3561 4566 0
3561 6739 0
3561 6740 0
3561 8876 1
3561 5033 0
3561 7109 0
3561 19427 0
3561 7165 0
3561 13355 0
3561 16241 0
3561 6061 0
3561 16031 0
3561 5798 0
3561 5855 0
3561 5981 0
3561 3986 0
3561 3997 1
3561 8165 0
3628 13355 0
3628 3628 0
3628 5723 0
3628 6080 0
3628 5835 0
3628 8165 0
3628 7013 0
3628 4524 0
3628 4525 0
3628 4544 0
3628 4555 0
3628 4558 0
3729 6159 0
3729 4297 1
3729 4305 0
3729 6364 0
3729 4371 0
3729 6481 0
3729 4477 0
3729 4550 0
3729 4551 0
3729 4554 0
3729 4555 0
3729 4557 0
3729 4558 0
3729 6792 0
3729 8867 0
3729 8881 0
3729 4859 0
3729 5052 0
3729 7109 0
3729 7165 0
3729 5365 0
3729 5432 0
3729 15833 0
3729 3729 0
3729 5855 0
3729 3878 1
3729 5953 0
3729 5978 0
3729 5980 0
3729 5981 0
3729 3995 0
3734 8064 0
3734 6792 0
3734 3734 0
3734 7109 0
3734 13120 1
3734 7013 0
3734 5994 0
3734 5620 0
3801 16410 0
3801 4681 0
3801 4185 0
3801 5978 0
3801 4300 0
3801 6907 1
3801 5432 0
3801 4551 0
3803 3995 0
3803 7392 1
3803 3803 0
3803 5855 0
3870 7298 0
3870 4371 0
3870 6165 0
3870 8065 0
3870 4551 0
3870 4524 0
3870 8867 0
3870 4534 0
3870 4558 0
3870 5365 0
3870 5445 0
3870 4297 1
3870 5855 0
3870 5994 0
3870 4859 0
3878 5380 1
3878 6159 1
3878 6739 1
3878 8473 1
3878 16241 1
3878 5981 1
3878 4534 1
3878 4535 1
3878 4536 1
3878 4537 1
3878 4539 1
3878 6005 1
3878 4544 1
3878 4546 1
3878 4554 1
3878 4555 1
3878 4557 1
3878 7890 1
3878 4538 1
3878 4561 1
3878 4540 1
3878 7698 1
3878 5365 1
3878 7109 1
3878 7165 1
3884 7698 0
3884 6159 0
3884 6792 0
3884 6739 0
3884 8867 0
3884 8065 0
3884 8881 0
3884 13939 0
3884 4859 0
3884 4371 0
3884 3884 0
3884 3886 0
3884 5432 0
3884 5445 0
3884 4428 0
3884 4429 0
3884 6484 0
3884 16241 0
3884 5523 0
3884 5527 0
3884 5033 0
3884 4524 0
3884 4525 0
3884 6068 0
3884 4534 0
3884 6081 0
3884 8875 0
3884 4855 0
3884 6560 0
3884 5620 0
3884 7165 0
3886 5981 0
3886 5052 0
3886 7698 0
3886 13939 0
3886 6792 0
3886 5828 1
3886 4300 0
3886 15470 0
3886 4305 0
3886 5855 0
3886 4855 0
3886 4859 0
3886 6910 0
3886 3886 0
3886 5978 0
3886 5980 0
3886 5469 0
3886 5986 0
3886 5994 0
3886 16241 0
3886 6005 0
3886 8065 0
3886 5521 0
3886 5033 0
3886 6068 0
3886 4534 0
3886 4540 0
3886 4566 0
3886 5620 0
3886 7165 0
3904 3904 2
3904 5682 1
3904 5227 1
3904 18631 1
3986 8391 0
3986 8442 0
3986 8867 0
3986 8875 0
3986 8881 0
3986 9027 0
3986 8522 1
3986 18098 0
3986 19879 0
3986 3986 0
3986 3997 1
3986 4185 0
3986 4300 0
3986 4371 0
3986 4477 0
3986 4525 0
3986 4534 0
3986 4550 0
3986 4551 0
3986 4554 0
3986 4566 0
3986 4681 0
3986 4704 0
3986 4786 0
3986 4859 0
3986 5033 0
3986 5365 0
3986 5469 0
3986 5521 0
3986 5523 0
3986 5526 0
3986 5798 0
3986 5953 0
3986 5980 0
3986 5981 0
3986 6068 0
3986 6080 0
3986 6081 0
3986 6165 0
3986 6484 0
3986 6622 0
3986 6739 0
3986 6740 0
3986 6874 0
3986 6910 0
3986 6915 0
3986 6919 0
3986 7109 0
3986 15470 0
3986 7298 0
3986 16031 0
3986 8064 0
3986 16330 0
3986 8165 0
3986 8166 1
3986 8176 0
3995 4883 1
3995 4855 0
3997 6165 1
3997 16410 1
3997 13355 1
3997 4786 1
3997 14894 1
3997 20038 1
3997 5723 1
3997 5724 1
3997 7298 1
3997 8867 1
3997 4297 2
3997 6910 1
3997 5380 1
3997 8467 1
3997 15671 1
3997 6977 1
3997 8065 1
3997 19879 1
3997 5033 1
3997 6068 1
3997 16330 1
4062 6005 0
4062 5835 0
4062 4062 0
4062 5994 0
4110 4110 0
4110 4550 0
4110 4855 0
4110 5052 0
4110 7109 0
4110 19879 0
4110 15833 0
4110 13939 0
4110 5882 0
4110 6792 0
4110 5953 0
4110 5980 0
4110 5981 0
4110 6005 0
4110 6068 0
4110 6081 0
4185 12853 0
4185 4681 0
4185 5712 0
4185 4185 0
4185 4704 0
4185 4300 0
4185 6907 1
4185 5469 0
4185 5521 0
4185 5523 0
4185 5526 0
4185 4566 0
4205 8467 0
4205 5452 1
4205 6740 0
4205 5723 0
4205 8166 1
4205 4205 0
4297 5523 1
4297 5521 1
4297 4297 2
4297 4305 1
4297 6364 1
4297 5524 1
4297 4859 1
4297 4477 1
4300 4609 0
4300 16410 0
4300 5469 0
4300 4704 0
4300 5981 0
4300 4681 0
4300 6739 0
4300 5953 0
4300 6080 0
4300 5798 0
4300 5835 0
4300 4300 0
4300 6915 0
4300 19879 0
4300 7109 0
4300 4555 0
4300 6907 1
4300 5523 0
4305 5855 0
4305 18915 0
4305 5882 0
4305 4859 0
4305 4371 0
4305 5432 0
4305 6481 0
4305 4579 0
4305 5980 0
4305 18298 0
4305 4477 0
4305 18631 0
4305 6560 0
4305 8176 0
4305 4524 0
4305 4525 0
4331 18060 1
4331 13760 1
4331 4550 1
4331 4551 1
4331 4344 1
4331 5724 1
4331 9840 1
4331 4331 2
4344 5764 0
4344 8522 1
4344 4859 0
4344 4344 0
4371 7698 0
4371 14894 0
4371 5724 0
4371 7109 0
4371 18915 0
4371 4859 0
4371 5380 0
4371 4371 0
4371 5432 0
4371 5445 0
4371 5994 0
4371 8048 0
4371 6005 0
4371 8064 0
4371 5521 0
4371 5523 0
4371 5981 0
4371 5365 0
4371 4551 0
4371 4550 0
4371 4554 0
4371 4556 0
4371 5855 0
4371 19879 0
4428 6159 0
4428 5828 1
4428 4859 0
4428 5432 0
4428 4428 0
4428 4429 0
4428 5469 0
4428 5526 0
4428 4524 0
4428 4525 0
4429 6159 0
4429 4429 0
4429 4859 0
4477 8065 0
4477 5526 0
4477 6484 0
4477 6792 0
4477 7321 0
4477 19179 0
4477 4859 0
4477 5855 0
4477 5723 0
4477 5469 0
4477 13551 0
4477 19879 0
4477 6068 0
4477 4536 0
4477 4550 0
4477 4551 0
4477 7633 0
4477 15833 0
4477 6739 0
4524 6165 0
4524 8467 0
4524 6484 0
4524 6560 0
4524 4524 0
4524 4525 0
4524 4609 0
4524 6739 0
4524 6874 0
4524 4859 0
4524 6910 0
4524 7165 0
4524 5469 0
4524 6080 0
4524 5855 0
4524 5953 0
4524 16241 0
4524 6061 0
4524 6081 0
4525 4609 0
4525 6165 0
4525 6005 0
4525 6910 0
4525 6484 0
4525 5469 0
4525 5452 1
4525 6061 0
4525 6081 0
4534 6165 0
4534 8391 0
4534 8467 0
4534 4535 0
4534 4537 0
4534 4546 0
4534 4548 0
4534 4554 0
4534 4609 0
4534 4534 0
4534 8830 0
4534 4859 0
4534 5432 0
4534 5452 1
4534 5469 0
4534 19879 0
4534 4704 0
4534 5855 0
4534 8064 0
4534 18323 0
4534 6061 0
4534 6080 0
4534 6081 0
4535 5723 0
4535 13451 0
4535 8881 0
4535 5835 0
4535 8391 0
4535 6792 0
4535 6081 0
4535 19879 0
4535 4535 0
4535 4536 0
4535 4553 0
4535 4557 0
4535 4704 0
4536 6165 0
4536 8391 0
4536 8881 0
4536 5835 0
4536 5855 0
4536 7392 1
4536 5432 0
4536 5469 0
4536 6081 0
4536 5521 0
4536 4544 0
4536 17770 0
4536 8065 0
4536 4551 0
4536 19879 0
4536 6068 0
4536 4536 0
4536 4546 0
4536 7109 0
4536 4550 0
4536 5523 0
4537 6165 0
4537 8391 0
4537 7890 0
4537 7392 1
4537 6792 0
4537 5469 0
4537 6081 0
4537 5521 0
4537 19879 0
4537 4537 0
4537 4550 0
4537 4551 0
4537 4556 0
4537 5523 0
4538 6081 0
4538 19879 0
4538 4538 0
4539 5469 0
4539 4704 0
4539 6081 0
4539 19879 0
4539 4539 0
4540 6165 0
4540 6081 0
4540 6792 0
4540 5469 0
4540 19879 0
4540 6080 0
4540 4546 0
4540 7109 0
4544 6080 0
4544 13451 0
4544 8867 0
4544 6792 0
4544 6081 0
4544 19879 0
4544 4544 0
4544 4546 0
4544 5620 0
4546 4609 0
4546 19879 0
4546 6165 0
4546 8742 0
4546 8867 0
4546 7013 0
4546 5882 0
4546 4859 0
4546 6910 0
4546 5432 0
4546 5469 0
4546 6081 0
4546 6560 0
4546 4546 0
4546 7109 0
4546 4550 0
4546 4551 0
4546 4554 0
4546 5527 0
4548 6061 0
4548 4548 0
4548 13120 1
4548 5452 1
4550 6560 0
4550 4550 0
4550 4551 0
4550 4553 0
4550 4555 0
4550 4561 0
4550 4566 0
4550 8875 0
4550 4859 0
4550 7109 0
4550 5108 0
4550 5405 0
4550 5432 0
4550 5523 0
4550 5526 0
4550 5835 0
4550 5855 0
4550 8064 0
4550 8069 0
4550 6068 0
4551 5523 0
4551 4553 0
4551 4555 0
4551 4561 0
4551 4704 0
4551 4551 0
4551 6874 0
4551 7109 0
4551 8064 0
4551 5405 0
4551 5432 0
4551 5521 0
4551 5855 0
4551 8069 0
4551 6068 0
4552 5405 0
4552 4552 0
4552 4553 0
4552 5855 0
4553 6165 0
4553 5405 0
4553 8391 0
4553 8881 0
4553 5855 0
4553 8875 0
4553 5620 0
4553 5978 0
4553 5108 0
4553 4553 0
4553 4554 0
4553 4555 0
4553 4556 0
4553 4557 0
4553 4558 0
4553 4559 0
4554 6165 0
4554 5855 0
4554 5405 0
4554 4554 0
4554 7633 0
4555 6165 0
4555 5445 0
4555 5835 0
4555 5855 0
4555 4855 0
4555 8069 0
4555 5405 0
4555 5432 0
4555 7013 0
4555 5523 0
4555 20381 1
4555 6080 0
4555 4555 0
4555 4557 0
4555 4561 0
4555 5882 0
4555 6560 0
4555 5620 0
4556 5855 0
4556 8440 0
4556 5405 0
4556 5432 0
4556 7633 0
4557 4609 0
4557 8881 0
4557 5855 0
4557 5882 0
4557 8069 0
4557 5405 0
4557 5033 0
4557 4557 0
4557 4558 0
4557 4561 0
4558 8881 0
4558 5855 0
4558 8442 0
4558 4859 0
4558 5405 0
4558 8069 0
4558 6080 0
4558 4558 0
4558 4561 0
4559 6165 0
4559 5405 0
4559 5855 0
4559 8176 0
4559 6068 0
4559 7109 0
4559 5108 0
4561 8881 0
4561 5828 1
4561 4561 0
4566 16031 0
4566 5855 0
4566 5882 0
4566 5521 0
4566 5523 0
4566 19879 0
4566 4566 0
4566 6739 0
4566 5620 0
4572 5526 0
4572 6165 0
4572 7071 1
4572 4572 0
4572 5981 0
4572 4704 0
4572 16241 0
4572 7165 0
4579 5675 0
4579 18098 0
4579 5994 0
4579 6005 0
4604 7392 1
4604 5828 1
4604 4859 0
4604 4604 0
4609 4609 0
4609 20523 0
4609 5981 0
4609 5712 0
4609 18098 0
4609 5432 0
4609 9027 0
4609 16330 0
4681 4704 0
4681 4681 0
4681 6080 0
4681 6081 0
4681 6364 0
4681 5835 0
4681 5855 0
4681 4859 0
4681 6986 0
4681 5469 0
4681 5521 0
4681 7071 1
4681 5193 1
4681 5798 0
4681 5523 0
4704 6915 0
4704 5193 1
4704 5835 0
4704 6364 0
4704 5469 0
4704 5521 0
4704 5526 0
4704 4704 0
4704 6907 1
4704 5523 0
4786 6919 0
4786 5981 0
4786 5723 0
4786 5033 0
4786 7298 0
4786 13355 0
4786 6977 0
4786 5978 0
4786 8176 0
4786 5052 0
4855 6792 0
4855 4855 0
4855 4859 0
4855 6919 0
4855 5033 0
4855 5111 1
4855 7165 0
4855 5432 0
4855 13939 0
4855 5828 1
4855 16241 0
4859 6159 0
4859 8442 0
4859 6560 0
4859 6907 1
4859 6740 0
4859 6792 0
4859 4859 0
4859 5052 0
4859 5111 1
4859 7165 0
4859 5432 0
4859 5521 0
4859 5523 0
4859 5527 0
4859 19879 0
4859 5620 0
4859 5033 0
4859 13939 0
4859 5828 1
4859 7890 0
4859 5855 0
4859 5978 0
4859 5980 0
4859 5981 0
4859 5986 0
4859 16241 0
4859 6081 0
4883 8742 1
4883 7157 1
4883 8442 1
5033 8391 0
5033 6484 0
5033 6739 0
5033 6740 0
5033 6792 0
5033 8881 0
5033 6919 0
5033 5052 0
5033 5452 1
5033 19879 0
5033 16031 0
5033 5855 0
5033 5953 0
5033 5978 0
5033 6068 0
5033 6081 0
5052 6165 0
5052 5469 0
5052 6068 0
5052 5981 0
5052 8830 0
5052 6792 0
5052 13451 0
5052 8881 0
5052 5835 0
5052 5855 0
5052 8440 0
5052 5882 0
5052 8064 0
5052 6968 0
5052 13939 0
5052 6977 0
5052 18323 0
5052 5978 0
5052 5052 0
5052 7109 0
5052 19879 0
5052 16369 0
5052 5620 0
5108 5405 0
5108 5723 0
5108 5855 0
5108 17770 0
5108 5108 0
5108 8440 0
5111 8742 1
5111 5712 1
5111 8391 1
5111 8875 1
5111 5855 1
5111 19179 1
5111 6919 1
5111 6955 1
5111 6061 1
5111 9190 1
5111 5111 2
5163 5163 2
5193 5798 1
5227 5828 1
5261 6955 1
5261 5261 2
5261 7469 1
5291 8473 1
5291 9846 1
5291 5405 1
5365 19879 0
5365 7698 0
5365 6165 0
5365 16410 0
5365 13355 0
5365 6739 0
5365 7298 0
5365 8881 0
5365 5365 0
5365 5432 0
5365 5855 0
5365 6977 0
5365 5521 0
5365 5523 0
5365 16031 0
5365 6560 0
5380 5855 0
5380 5380 0
5380 5981 0
5380 9190 0
5380 5994 0
5380 8048 0
5380 6068 0
5380 6081 0
5380 19879 0
5380 6739 0
5432 8467 0
5432 6481 0
5432 6159 0
5432 7165 0
5432 7698 0
5432 5432 0
5432 5469 0
5432 5521 0
5432 5523 0
5432 5828 1
5432 5855 0
5432 7469 0
5432 5981 0
5432 6005 0
5432 6081 0
5445 20038 0
5452 16424 1
5452 9840 1
5452 13939 1
5452 15020 1
5452 8881 1
5452 16330 1
5469 8391 0
5469 5523 0
5469 8881 0
5469 6919 0
5469 7157 0
5469 5981 0
5469 5469 0
5469 5521 0
5469 5526 0
5469 5527 0
5469 5835 0
5469 5855 0
5469 5978 0
5469 5980 0
5469 7633 0
5469 6080 0
5469 8176 0
5469 6792 0
5518 18098 1
5518 19427 1
5518 17770 1
5518 18323 1
5518 6165 1
5521 7013 0
5521 16031 0
5521 8391 0
5521 8881 0
5521 5835 0
5521 6364 0
5521 16424 0
5521 6968 0
5521 5994 0
5521 5521 0
5521 5523 0
5521 5526 0
5521 6068 0
5523 16410 0
5523 5712 0
5523 19179 0
5523 8467 0
5523 8881 0
5523 8391 0
5523 6364 0
5523 8442 0
5523 5523 0
5523 5526 0
5523 5527 0
5523 5620 0
5524 5524 0
5526 5526 0
5526 6364 0
5526 19179 0
5526 8442 0
5527 5719 0
5527 6560 0
5527 5855 0
5527 5527 0
5620 6792 0
5620 13451 0
5620 8881 0
5620 5828 1
5620 5835 0
5620 8440 0
5620 5882 0
5620 6986 0
5620 5978 0
5620 5980 0
5620 5981 0
5620 8065 0
5620 5620 0
5653 6739 0
5653 6740 0
5653 8391 0
5653 13939 0
5653 5655 0
5653 8875 0
5653 8881 0
5653 6907 1
5653 6484 0
5653 7071 1
5655 6739 0
5655 6740 0
5655 8391 0
5655 8875 0
5655 8881 0
5655 6907 1
5655 6484 0
5655 8069 0
5655 7071 1
5655 15833 0
5675 8467 0
5675 5675 0
5682 5719 0
5682 8165 0
5712 6165 0
5712 5712 0
5712 6740 0
5712 16031 0
5712 8881 0
5712 8522 1
5719 13995 1
5719 13119 0
5719 5719 0
5719 9846 0
5723 8742 0
5723 14894 0
5723 5723 0
5723 5724 0
5723 7298 0
5723 6159 0
5723 7336 1
5723 7633 0
5723 7890 0
5723 18060 0
5723 8522 1
5723 7165 0
5724 6159 0
5724 5724 0
5724 7298 0
5724 18060 0
5724 5798 0
5724 7336 1
5724 7633 0
5724 14894 0
5724 8522 1
5724 5994 0
5724 6068 0
5764 9840 0
5764 5834 1
5798 6165 0
5798 13355 0
5798 8867 0
5798 15020 0
5798 8467 0
5798 8522 1
5828 11793 1
5828 8830 1
5828 6792 1
5828 8867 1
5828 8391 1
5828 5828 2
5828 5832 1
5828 5835 1
5828 8440 1
5828 5882 1
5828 9846 1
5828 12067 1
5828 7469 1
5828 6977 1
5828 6968 1
5828 5981 1
5828 7013 1
5828 16241 1
5828 6986 1
5828 7165 1
5832 11793 0
5832 6165 0
5832 6792 0
5832 8867 0
5832 5832 0
5832 5835 0
5832 5855 0
5832 8467 0
5832 6986 0
5832 5981 0
5832 5986 0
5832 7013 0
5832 5882 0
5834 5981 1
5835 11793 0
5835 5981 0
5835 6792 0
5835 8391 0
5835 6005 0
5835 5835 0
5835 5882 0
5835 6968 0
5835 6986 0
5835 5978 0
5835 5980 0
5835 7013 0
5835 5994 0
5835 6080 0
5835 8442 0
5855 6159 0
5855 6165 0
5855 7165 0
5855 8875 0
5855 8881 0
5855 6560 0
5855 6907 1
5855 19879 0
5855 8742 0
5855 6874 0
5855 7109 0
5855 13355 0
5855 7698 0
5855 5855 0
5855 5953 0
5855 5978 0
5855 5980 0
5855 5981 0
5855 5994 0
5855 16241 0
5855 6005 0
5855 8065 0
5855 8176 0
5855 16369 0
5855 6061 0
5855 6068 0
5855 6081 0
5882 8881 0
5882 18098 0
5882 8440 0
5882 19179 0
5882 8830 0
5882 6792 0
5882 6968 0
5882 7013 0
5882 6986 0
5882 5882 0
5882 5978 0
5882 5980 0
5882 5981 0
5882 5986 0
5882 8048 0
5882 6005 0
5953 7890 0
5953 6165 0
5953 6907 1
5953 6792 0
5953 5953 0
5953 8522 1
5953 5980 0
5978 6165 0
5978 6068 0
5978 8830 0
5978 6792 0
5978 8881 0
5978 8440 0
5978 8064 0
5978 6968 0
5978 13939 0
5978 5978 0
5978 7109 0
5978 19879 0
5978 16369 0
5980 6165 0
5980 8830 0
5980 6792 0
5980 7109 0
5980 8881 0
5980 8440 0
5980 13939 0
5980 8064 0
5980 19879 0
5980 6068 0
5980 6968 0
5980 16369 0
5981 8440 0
5981 8442 0
5981 8467 0
5981 8830 0
5981 8875 0
5981 8881 0
5981 9027 0
5981 19879 0
5981 13119 0
5981 13939 0
5981 5981 0
5981 5986 0
5981 6005 0
5981 6068 0
5981 6165 0
5981 6364 0
5981 7890 0
5981 6484 0
5981 6560 0
5981 6739 0
5981 6740 0
5981 6792 0
5981 6907 1
5981 6968 0
5981 6986 0
5981 7109 0
5981 7165 0
5981 8064 0
5981 15671 0
5981 15833 0
5981 16031 0
5981 8176 0
5981 16369 0
5986 6739 0
5986 6740 0
5986 5986 0
5986 13119 0
5986 8064 0
5986 6037 1
5986 16031 0
5986 7165 0
5994 20523 0
5994 8467 0
5994 8881 0
5994 7633 0
5994 7698 0
5994 5994 0
5994 8048 0
5994 6005 0
5994 8065 0
6005 7013 0
6005 8048 0
6005 6005 0
6005 19879 0
6005 6068 0
6005 6560 0
6037 6081 1
6037 10512 1
6037 7321 1
6061 8867 0
6061 8467 0
6061 19879 0
6061 6061 0
6068 6165 0
6068 8881 0
6068 16424 0
6068 20681 1
6068 6484 0
6068 6739 0
6068 6740 0
6068 8867 0
6068 7165 0
6068 13355 0
6068 19879 0
6068 13939 0
6068 16241 0
6068 8064 0
6068 8065 0
6068 6068 0
6068 6081 0
6080 6165 0
6080 6080 0
6080 7013 0
6080 7633 0
6081 6165 0
6081 8391 0
6081 8875 0
6081 8742 0
6081 6739 0
6081 6792 0
6081 8867 0
6081 8881 0
6081 19179 0
6081 6910 0
6081 6919 0
6081 6968 0
6081 9190 0
6081 19879 0
6081 7633 0
6081 18323 0
6081 6081 0
6159 11787 0
6159 6159 0
6159 6977 0
6159 17770 0
6159 18298 0
6159 8065 0
6159 19879 0
6159 16369 0
6165 8881 0
6165 16410 0
6165 6165 0
6165 8467 0
6165 19879 0
6165 6739 0
6165 6740 0
6165 6792 0
6165 6915 0
6165 7109 0
6165 7633 0
6165 7698 0
6165 8165 0
6165 16241 0
6165 8065 0
6165 16031 0
6165 8867 0
6165 7165 0
6364 6364 0
6364 6907 1
6481 6481 0
6484 8467 0
6484 6739 0
6484 6740 0
6484 8875 0
6484 8881 0
6484 6907 1
6484 7071 1
6484 19879 0
6484 17968 1
6484 13939 0
6484 16031 0
6484 8166 1
6527 16330 1
6527 15671 1
6560 7698 0
6560 6739 0
6560 8867 0
6560 18098 0
6560 6792 0
6560 6560 0
6622 18915 0
6739 8875 0
6739 8391 0
6739 8442 0
6739 8467 0
6739 8522 1
6739 18915 0
6739 19879 0
6739 6739 0
6739 6740 0
6739 8867 0
6739 8881 0
6739 7109 0
6739 7298 0
6739 17968 1
6739 20038 0
6739 13939 0
6739 7013 0
6739 7890 0
6739 8176 0
6739 16031 0
6740 8391 0
6740 8467 0
6740 8522 1
6740 6907 1
6740 8867 0
6740 8875 0
6740 8881 0
6740 7109 0
6740 7298 0
6740 19879 0
6740 17968 1
6740 13939 0
6740 7890 0
6740 8069 0
6740 16031 0
6792 8391 0
6792 8440 0
6792 8830 0
6792 6792 0
6792 6874 0
6792 6986 0
6792 7013 0
6792 7165 0
6792 11793 0
6792 13451 0
6792 7633 0
6792 7109 0
6792 16241 0
6874 6874 0
6907 6915 1
6907 7071 2
6907 13939 1
6907 6907 2
6910 8391 0
6910 13551 0
6910 15833 0
6910 6910 0
6910 8069 0
6910 8064 0
6910 6977 0
6910 18098 0
6915 8867 0
6915 16241 0
6919 19879 0
6919 13355 0
6919 15799 1
6919 16031 0
6919 8391 0
6919 8442 0
6919 16241 0
6968 6968 0
6968 6986 0
6968 7013 0
6977 8391 0
6977 8467 0
6977 8522 1
6977 6977 0
6977 7298 0
6977 8742 0
6977 16369 0
6986 6986 0
6986 7013 0
6986 7109 0
7013 8830 0
7013 8440 0
7013 7013 0
7013 8048 0
7013 16369 0
7071 16369 1
7109 19879 0
7109 7698 0
7109 7890 0
7109 8467 0
7109 8064 0
7109 7109 0
7109 7633 0
7157 7157 0
7165 8467 0
7165 8875 0
7165 7165 0
7165 16031 0
7165 18098 0
7165 7890 0
7165 16241 0
7165 8069 0
7298 8875 0
7298 8881 0
7298 8065 0
7298 18323 0
7321 15470 0
7336 10512 1
7336 7633 1
7336 18060 1
7336 12983 1
7336 14894 1
7392 7392 2
7633 8467 0
7633 8867 0
7633 7633 0
7633 18060 0
7633 7890 0
7633 16241 0
7633 8064 0
7633 8069 0
7698 7698 0
7698 8065 0
7890 19879 0
7890 7890 0
7890 16241 0
8048 8048 0
8064 8467 0
8064 8522 1
8064 8064 0
8064 8176 0
8065 8522 1
8065 8867 0
8065 19879 0
8065 16031 0
8065 8065 0
8068 8068 0
8068 8069 0
8069 8069 0
8069 8391 0
8069 16241 0
8165 8867 0
8165 8467 0
8165 13119 0
8165 8165 0
8166 8467 1
8166 13760 1
8166 8166 2
8166 16241 1
8176 16424 0
8176 13355 0
8176 16031 0
8176 8881 0
8176 8426 1
8176 18323 0
8176 20381 1
8176 19879 0
8176 8176 0
8391 16031 0
8391 15020 0
8391 8881 0
8391 8391 0
8391 13355 0
8391 19879 0
8426 12853 1
8426 19427 1
8426 15470 1
8440 10876 1
8440 13451 0
8440 8440 0
8440 8467 0
8440 19879 0
8442 9027 0
8442 8867 0
8467 18631 0
8467 8522 1
8467 8876 1
8467 8881 0
8467 19427 0
8467 13355 0
8467 19879 0
8467 8467 0
8467 16031 0
8473 9846 0
8473 8473 0
8473 8881 0
8522 19879 1
8522 13355 1
8522 8522 2
8522 15270 1
8742 13355 0
8742 16241 0
8742 16330 0
8830 18098 0
8867 8867 0
8867 19179 0
8867 19879 0
8875 8875 0
8875 18915 0
8875 8881 0
8875 19879 0
8881 8881 0
8881 13451 0
8881 19879 0
8881 15833 0
8881 17968 1
8881 16031 0
8881 16241 0
9027 16330 0
9190 9190 0
9840 9840 0
9846 9846 0
11787 12853 0
11787 12983 0
11787 18298 0
11787 15799 1
11793 11793 0
12291 12291 2
12853 12853 0
12853 12983 0
12853 18298 0
12853 15799 1
12853 19427 0
12983 12983 0
12983 18298 0
12983 15799 1
12983 19427 0
13355 19879 0
13451 13451 0
13551 15470 0
13551 20381 1
13939 13939 0
13995 13995 2
14894 14894 0
14894 18060 0
15270 20381 1
15470 17968 1
15671 15671 0
15671 19879 0
15799 18631 1
15799 19427 1
15799 18298 1
15833 16241 0
16031 19879 0
16031 17968 1
16031 16031 0
16031 18323 0
16241 16241 0
16424 16424 0
16424 19879 0
18060 18060 0
18098 18098 0
18098 18631 0
18298 19427 0
18298 18298 0
18323 19879 0
18915 18915 0
18915 20681 1
19179 19179 0
19879 19879 0
19879 20038 0
20038 20038 0
20381 20381 2
20523 20523 0
