2048 2048 0
2048 6165 0
2048 53 0
2048 16444 0
2048 4110 0
2048 8372 0
2048 4301 0
2048 6359 0
2048 6380 0
2048 6401 0
2048 16308 0
2048 2338 0
2048 2382 0
2048 8547 0
2048 2463 0
2048 2464 0
2048 4547 0
2048 6599 0
2048 4559 0
2048 6665 0
2048 6739 0
2048 6740 0
2048 6741 0
2048 2712 0
2048 8867 0
2048 4825 0
2048 6883 0
2048 861 0
2048 911 0
2048 2997 0
2048 7109 1
2048 9177 1
2048 13355 0
2048 5243 0
2048 3457 0
2048 3462 0
2048 5516 0
2048 19879 0
2048 15873 0
2048 16031 0
2048 7893 0
2048 1765 0
2048 1779 0
2048 5981 0
2048 3986 0
2048 1943 0
2048 6068 1
2048 5791 0
2048 16374 0
15873 19970 0
15873 7181 0
15873 12895 0
15873 10856 0
15873 1653 0
15873 129 0
15873 16530 0
15873 16028 0
15873 13012 0
15873 213 0
15873 1779 0
15873 18165 0
15873 8467 0
15873 20251 0
15873 16157 0
15873 8995 0
15873 6443 0
15873 3886 0
15873 19617 0
15873 15702 0
15873 5978 0
15873 5980 0
15873 5981 0
15873 10132 0
15873 6522 0
15873 2447 0
15873 3986 0
15873 17323 0
15873 11182 0
15873 6068 1
15873 5052 0
15873 6599 0
15873 9177 1
15873 3561 0
15873 7165 0
19970 11182 0
19970 6068 1
19970 9177 1
19970 287 0
6147 6147 0
6147 6165 0
6147 18113 1
6147 2137 0
6147 18907 0
6147 2254 0
6147 8467 0
6147 4524 0
6147 4525 0
6147 18914 0
6147 4641 0
6147 6784 0
6147 2714 0
6147 747 0
6147 13061 0
6147 7982 0
6147 4916 0
6147 840 0
6147 915 0
6147 5025 0
6147 2997 0
6147 7109 1
6147 11236 0
6147 13320 0
6147 13355 0
6147 8372 0
6147 5243 0
6147 1221 0
6147 1224 0
6147 19879 0
6147 1260 0
6147 8064 0
6147 7466 0
6147 1350 0
6147 5501 0
6147 3457 0
6147 3462 0
6147 7717 1
6147 1620 0
6147 1653 0
6147 8375 0
6147 5855 0
6147 1779 0
6147 7958 0
6147 3886 0
6147 3986 0
6147 1943 0
6147 8112 0
6147 4017 1
6147 16308 0
6147 2382 0
6147 2019 0
4609 4609 2
4609 2567 1
4609 4626 1
4609 20227 1
4609 5981 1
4609 568 1
4609 864 1
4609 865 1
4609 866 1
4609 7789 1
4609 5753 1
4609 1158 1
4609 8868 1
4609 4787 1
4609 8372 1
4609 698 1
4609 700 1
4609 703 1
4609 704 1
4609 705 1
4609 4300 1
4609 1256 1
4609 1260 1
4609 12019 1
4609 5885 1
4609 284 1
4609 287 1
4609 9009 1
4609 5432 1
4609 827 1
4609 9027 1
4609 3397 2
4609 843 1
4609 2382 1
4609 861 1
4609 3934 1
4609 863 1
4609 3936 1
4609 869 1
4609 1928 1
4609 5516 1
4609 911 1
4609 67 1
4609 496 1
4609 4524 1
4609 4525 1
4609 4526 1
4609 4534 1
4609 4546 1
4609 18914 1
4609 1523 1
4609 1528 1
13320 7717 1
13320 4762 0
13320 20251 0
13320 6380 0
13320 8945 0
13320 4349 0
13320 13061 0
13320 7982 0
13320 842 0
13320 4524 0
13320 4017 1
13320 1022 0
6665 6677 0
6665 13355 0
6665 5981 0
6665 6739 0
6665 6740 0
6665 6741 0
6665 9062 0
6665 5759 0
6665 168 0
6665 2254 0
6665 7893 0
6665 7406 0
6665 5501 0
6665 5960 1
6665 861 0
6665 869 0
6665 6005 0
6665 3453 1
6665 2463 0
6665 8112 0
6665 16308 0
6665 16031 0
6665 2501 0
6665 454 1
6665 11236 0
6665 7654 0
6665 19879 0
6666 6666 0
6666 6160 0
6666 13355 0
6666 1620 0
6666 16404 0
6666 7698 0
6666 8821 0
6666 6165 0
6666 1158 0
6666 4550 0
6666 4551 0
6666 4780 0
6666 3789 0
6666 4825 0
6666 5501 0
6666 1779 0
6666 16146 0
6666 10529 0
6666 2338 0
6666 15663 0
6666 17451 0
6666 5960 1
6666 6677 0
6666 3453 1
6666 8064 0
6666 8081 0
6666 2997 0
6666 4534 0
6666 4547 0
6666 2500 0
6666 2501 0
6666 454 1
6666 4559 0
6666 7654 0
6666 19879 0
6666 5119 0
2059 2059 0
2059 5469 0
2059 700 0
2059 16530 0
2059 8372 0
2059 4300 0
2059 287 0
2059 2356 1
2059 4524 0
2059 4536 0
2059 4546 0
2059 4699 0
2059 705 0
2059 719 0
2059 13061 0
2059 827 0
2059 840 0
2059 843 0
2059 864 0
2059 3028 0
2059 1022 0
2059 1172 0
2059 4301 0
2059 1260 0
2059 5389 0
2059 5432 0
2059 3397 1
2059 7869 0
2059 5885 0
2059 1816 0
2059 20251 0
2059 8064 0
2059 8081 0
2059 1943 0
7181 6401 0
7181 16157 0
7181 4787 0
7181 6068 1
7181 3513 0
7181 6599 0
7181 213 0
7181 9177 1
7181 5981 0
7181 3561 0
4110 4110 0
4110 53 0
4110 8287 0
4110 6359 0
4110 4349 0
4110 287 0
4110 4550 0
4110 496 0
4110 4626 0
4110 4641 0
4110 6741 0
4110 6784 0
4110 2703 0
4110 2708 0
4110 2712 0
4110 679 0
4110 4780 0
4110 4787 0
4110 698 0
4110 705 0
4110 5243 0
4110 747 0
4110 864 0
4110 5052 0
4110 7109 1
4110 4649 0
4110 5389 0
4110 15663 0
4110 3397 1
4110 19879 0
4110 3513 0
4110 1620 0
4110 1653 0
4110 3850 0
4110 5980 0
4110 5981 0
4110 6005 0
4110 6068 1
4110 16374 0
4110 2019 0
6159 6159 0
6159 11294 0
6159 16444 0
6159 5724 0
6159 1653 0
6159 1158 0
6159 2703 0
6159 2708 0
6159 5855 0
6159 1779 0
6159 287 0
6159 6436 0
6159 5432 0
6159 4916 0
6159 3934 0
6159 3453 1
6159 2349 1
6159 19879 0
6159 4547 0
6159 2500 0
6159 2501 0
6160 6165 0
6160 6160 0
6160 4301 0
6160 6359 0
6160 287 0
6160 2338 0
6160 4536 0
6160 4546 0
6160 4547 0
6160 4559 0
6160 6655 0
6160 527 0
6160 6739 0
6160 2703 0
6160 12954 0
6160 8867 0
6160 679 0
6160 5022 0
6160 5052 0
6160 7165 0
6160 5243 0
6160 1221 0
6160 5389 0
6160 15663 0
6160 3397 1
6160 5464 0
6160 5469 0
6160 3462 0
6160 2997 0
6160 1620 0
6160 1653 0
6160 1668 0
6160 7893 0
6160 5978 0
6160 5980 0
6160 5981 0
6160 8081 0
6160 3986 0
6160 1943 0
6160 2714 0
6160 6068 1
1041 16473 0
1041 2137 0
1041 16146 0
1041 2708 0
1041 669 0
1041 672 0
1041 9027 0
1041 13656 0
1041 394 1
1041 5022 0
1041 3397 1
1041 4017 1
7698 7698 0
7698 6165 0
7698 1158 0
7698 2708 0
7698 5274 0
7698 7109 1
7698 1221 0
7698 4825 0
7698 5855 0
7698 1765 0
7698 301 0
7698 4371 0
7698 2338 0
7698 3886 0
7698 1350 0
7698 5432 0
7698 870 0
7698 3453 1
7698 3513 0
7698 2499 0
7698 2500 0
7698 2501 0
20227 4626 0
20227 6599 0
20227 4649 0
20227 6068 1
20227 12895 0
20227 7789 0
20227 4641 0
20227 4787 0
20227 13549 0
20227 18165 0
20227 6401 0
20227 20227 0
20227 8467 0
20227 6436 0
20227 2019 0
20227 5978 0
20227 5980 0
20227 5981 0
20227 3986 0
20227 1943 0
20227 287 0
20227 3513 0
20227 5052 0
20227 2499 0
20227 16374 0
16404 16404 0
16404 53 0
16404 16444 0
16404 8821 0
16404 19628 0
16404 7893 0
16404 6359 0
16404 4825 0
16404 5243 0
16404 13549 0
16404 3453 1
16404 5432 0
16404 1337 0
16404 1350 0
16404 6677 0
16404 3422 0
16404 4477 0
16404 4478 0
16404 8081 0
16404 9626 0
16404 2463 0
16404 16308 0
16404 6078 0
16404 2500 0
16404 454 1
16404 7654 0
16404 6128 0
6165 13656 0
6165 53 0
6165 168 0
6165 8372 0
6165 6359 0
6165 2282 1
6165 6165 0
6165 8467 0
6165 287 0
6165 2338 0
6165 8547 0
6165 4524 0
6165 4525 0
6165 4526 0
6165 4534 0
6165 4536 0
6165 4546 0
6165 4547 0
6165 4559 0
6165 19879 0
6165 4626 0
6165 6677 0
6165 6739 0
6165 6740 0
6165 6741 0
6165 2703 0
6165 2708 0
6165 2712 0
6165 2714 0
6165 669 0
6165 672 0
6165 861 0
6165 911 0
6165 2997 0
6165 5052 0
6165 7109 1
6165 1022 0
6165 5230 0
6165 5243 0
6165 7406 0
6165 15663 0
6165 3397 1
6165 5464 0
6165 5491 0
6165 3462 0
6165 3561 0
6165 1523 0
6165 16308 0
6165 1620 0
6165 5753 0
6165 5759 0
6165 1668 0
6165 5791 0
6165 7893 0
6165 5855 0
6165 1765 0
6165 5978 0
6165 5980 0
6165 5981 0
6165 1901 0
6165 8081 0
6165 3986 0
6165 1943 0
6165 18332 0
6165 12954 0
6165 8112 0
6165 6068 1
6165 16031 0
6165 8867 0
6165 2019 0
6165 7165 0
2137 6784 0
2137 13549 0
2137 3986 0
2137 6068 1
2137 3382 0
2137 4547 0
2137 7109 1
2137 8467 0
2137 843 0
2137 6739 0
2137 3561 0
2137 1901 0
11294 6401 0
11294 2349 1
11294 642 1
11294 11294 0
11294 3149 0
11294 13656 0
11294 7654 0
11294 12019 0
11294 18165 0
11294 20251 0
13343 8467 0
13343 287 0
13343 9009 0
13343 13343 0
13343 7109 1
13343 9177 1
13343 865 0
13343 1653 0
13343 3561 0
13343 5759 0
4641 4626 0
4641 4641 0
4641 4649 0
4641 6739 0
4641 5243 0
4641 2703 0
4641 2708 0
4641 2712 0
4641 4787 0
4641 10529 0
4641 13012 0
4641 213 0
4641 5885 0
4641 13355 0
4641 8467 0
4641 2338 0
4641 6436 0
4641 4916 0
4641 3397 1
4641 5981 0
4641 3986 0
4641 18332 0
4641 8112 0
4641 5052 0
4641 7109 1
4641 5119 0
8227 669 0
8227 7109 1
8227 8227 0
8227 168 0
8227 6068 1
8227 3382 0
7717 3986 1
7717 1172 1
7717 1943 1
7717 2712 1
7717 287 1
7717 20251 1
7717 13355 1
7717 7982 1
7717 2997 1
7717 1337 1
7717 16031 1
7717 842 1
7717 16530 1
7717 6739 1
7717 3936 1
7717 6883 1
7717 1765 1
7717 9681 1
7717 3561 1
7717 4626 1
7717 8945 1
7717 8467 1
7717 16308 1
7717 10871 1
7717 1528 1
7717 5501 1
7717 1022 1
7721 53 0
7721 1653 0
7721 2703 0
7721 2708 0
7721 2712 0
7721 2714 0
7721 5791 0
7721 1221 0
7721 4825 0
7721 8064 0
7721 1928 0
7721 911 0
7721 67 0
7721 6068 1
7721 16031 0
7721 5052 0
7721 7109 1
7721 1022 0
13355 67 0
13355 8467 0
13355 287 0
13355 10529 0
13355 2501 0
13355 8687 1
13355 2708 0
13355 12954 0
13355 4825 0
13355 1022 0
13355 1221 0
13355 1256 0
13355 7466 0
13355 5464 0
13355 4547 0
13355 19879 0
13355 3561 0
13355 1523 0
13355 1653 0
13355 7869 0
13355 7893 0
13355 5855 0
13355 1765 0
13355 3850 0
13355 7982 0
13355 1901 0
13355 1928 0
13355 1943 0
13355 8112 0
13355 6068 1
13355 2019 0
5469 13656 0
5469 53 0
5469 67 0
5469 8287 0
5469 129 0
5469 16530 0
5469 168 0
5469 4300 0
5469 301 0
5469 2356 1
5469 4477 0
5469 2463 0
5469 4524 0
5469 4525 0
5469 4526 0
5469 4534 0
5469 4536 0
5469 4546 0
5469 2524 0
5469 2338 0
5469 705 0
5469 719 0
5469 13061 0
5469 9009 0
5469 827 0
5469 842 0
5469 843 0
5469 861 0
5469 863 0
5469 864 0
5469 865 0
5469 866 0
5469 869 0
5469 911 0
5469 5025 0
5469 5052 0
5469 1022 0
5469 5981 0
5469 1172 0
5469 19628 0
5469 1221 0
5469 1260 0
5469 5389 0
5469 5432 0
5469 3397 1
5469 5464 0
5469 5469 0
5469 3307 0
5469 1528 0
5469 1620 0
5469 5759 0
5469 7869 0
5469 5855 0
5469 1765 0
5469 5885 0
5469 1816 0
5469 20251 0
5469 3886 0
5469 5978 0
5469 5980 0
5469 1928 0
5469 3986 0
5469 1943 0
13360 13061 0
13360 287 0
13360 4017 1
13360 6068 1
13360 6078 0
13360 6599 0
13360 842 0
13360 7893 0
1928 861 0
1928 16308 0
1928 2714 0
1928 4780 0
1928 4300 0
1928 7893 0
1928 13061 0
1928 16444 0
1928 2338 0
1928 4916 0
1928 1928 0
1928 1943 0
1928 19879 0
1928 6068 1
1928 2997 0
1928 7109 1
1928 9177 1
1928 16374 0
53 53 0
53 168 0
53 8372 0
53 4301 0
53 6359 0
53 287 0
53 2338 0
53 301 0
53 8547 0
53 4536 0
53 2500 0
53 2501 0
53 6599 0
53 19879 0
53 6655 0
53 6740 0
53 6741 0
53 2703 0
53 2708 0
53 2712 0
53 8867 0
53 4780 0
53 719 0
53 9009 0
53 870 0
53 911 0
53 2997 0
53 5052 0
53 1022 0
53 861 0
53 5243 0
53 5274 0
53 1224 0
53 5389 0
53 15663 0
53 3397 1
53 5464 0
53 5501 0
53 6739 0
53 1528 0
53 4825 0
53 11236 0
53 1637 0
53 1653 0
53 5759 0
53 16031 0
53 5855 0
53 14157 0
53 5978 0
53 5980 0
53 5981 0
53 8064 0
53 1943 0
53 6068 1
53 6078 0
568 6068 1
568 6739 0
568 719 0
568 1765 0
568 7958 0
568 5432 0
568 568 0
568 5981 0
568 3986 0
568 18332 0
568 16031 0
568 6078 0
568 9681 0
568 2019 0
16308 67 0
16308 8372 0
16308 8467 0
16308 4547 0
16308 2501 0
16308 6677 0
16308 6784 0
16308 2714 0
16308 8867 0
16308 4825 0
16308 13061 0
16308 827 0
16308 1022 0
16308 9062 0
16308 19628 0
16308 1221 0
16308 1224 0
16308 1256 0
16308 5501 0
16308 19879 0
16308 7654 0
16308 1523 0
16308 16308 0
16308 1653 0
16308 7893 0
16308 5855 0
16308 1765 0
16308 14157 0
16308 5981 0
16308 6005 0
16308 12954 0
16308 6068 1
12895 4649 0
12895 5981 0
12895 6739 0
12895 6740 0
12895 6741 0
12895 12895 0
12895 10856 0
12895 5753 0
12895 13012 0
12895 213 0
12895 861 0
12895 8467 0
12895 863 0
12895 6522 0
12895 8112 0
12895 6068 1
12895 9177 1
12895 2524 0
12895 11236 0
16444 5980 0
16444 1653 0
16444 1158 0
16444 2703 0
16444 9177 1
16444 1224 0
16444 4825 0
16444 1779 0
16444 4371 0
16444 301 0
16444 4916 0
16444 8467 0
16444 6068 1
16444 1765 0
16444 16444 0
16444 2500 0
16444 2501 0
16444 2019 0
16444 7654 0
16444 7165 0
16444 6655 0
3936 3382 0
3936 842 0
3936 2382 0
3936 3934 0
67 861 0
67 5724 0
67 642 1
67 2714 0
67 679 0
67 7893 0
67 6359 0
67 1256 0
67 1779 0
67 16157 0
67 2338 0
67 2356 1
67 843 0
67 13656 0
67 864 0
67 3986 0
67 67 0
67 6068 1
67 5119 0
747 864 0
747 16031 0
747 4305 0
747 4349 0
747 861 0
747 5432 0
747 827 0
747 840 0
747 866 0
747 870 0
747 8945 0
747 6068 1
747 4547 0
747 7109 1
747 4550 0
747 4551 0
747 4559 0
747 9681 0
747 3028 0
747 7165 0
13656 8363 0
13656 287 0
13656 2338 0
13656 348 1
13656 4534 0
13656 8821 0
13656 703 0
13656 3149 0
13656 13656 0
13656 5491 0
13656 12019 0
13656 5885 0
13656 6068 1
1096 1943 1
1096 18332 1
1096 6068 2
1096 4916 1
1096 840 1
1096 3149 1
1096 3422 1
911 861 0
911 1620 0
911 16473 0
911 5791 0
911 8867 0
911 4305 0
911 7893 0
911 6380 0
911 287 0
911 2338 0
911 5978 0
911 4477 0
911 3986 0
911 915 0
911 1943 0
911 5022 0
911 19879 0
911 17323 0
911 4524 0
911 2997 0
911 4546 0
911 9177 1
911 11236 0
12954 4825 0
12954 6739 0
12954 1653 0
12954 2703 0
12954 2714 0
12954 16031 0
12954 7109 1
12954 20251 0
12954 1221 0
12954 4305 0
12954 7893 0
12954 8064 0
12954 287 0
12954 2338 0
12954 827 0
12954 861 0
12954 6506 0
12954 5724 0
12954 3986 0
12954 2501 0
12954 6068 1
12954 3561 0
3149 4305 0
3149 2349 1
3149 3149 0
6739 8375 0
6739 4300 0
6739 4301 0
6739 6359 0
6739 8467 0
6739 10529 0
6739 2338 0
6739 8547 0
6739 6522 0
6739 4477 0
6739 394 1
6739 4524 0
6739 4547 0
6739 19879 0
6739 6655 0
6739 4626 0
6739 6677 0
6739 6739 0
6739 6740 0
6739 6741 0
6739 2703 0
6739 2708 0
6739 2712 0
6739 2714 0
6739 669 0
6739 672 0
6739 8867 0
6739 705 0
6739 8995 0
6739 863 0
6739 7109 1
6739 14157 0
6739 1022 0
6739 9062 0
6739 5243 0
6739 3280 0
6739 1260 0
6739 5380 0
6739 1350 0
6739 5464 0
6739 5501 0
6739 7654 0
6739 3561 0
6739 1523 0
6739 1653 0
6739 5791 0
6739 287 0
6739 1765 0
6739 18165 0
6739 16157 0
6739 7982 0
6739 5960 1
6739 5981 0
6739 3986 0
6739 8112 0
6739 6068 1
6739 16031 0
6739 16374 0
6740 129 0
6740 4349 0
6740 8467 0
6740 6436 0
6740 301 0
6740 6522 0
6740 2524 0
6740 6677 0
6740 6741 0
6740 2703 0
6740 8867 0
6740 8995 0
6740 7109 1
6740 1022 0
6740 5243 0
6740 1256 0
6740 4649 0
6740 3422 0
6740 5501 0
6740 5516 0
6740 19879 0
6740 3561 0
6740 1523 0
6740 1653 0
6740 1765 0
6740 18165 0
6740 16157 0
6740 5981 0
6740 2712 0
6740 3986 0
6740 1943 0
6740 6068 1
6740 16031 0
6740 6078 0
6740 16374 0
6741 4371 0
6741 6436 0
6741 6522 0
6741 4477 0
6741 1172 0
6741 4626 0
6741 6741 0
6741 2703 0
6741 2708 0
6741 2712 0
6741 669 0
6741 672 0
6741 8995 0
6741 863 0
6741 869 0
6741 870 0
6741 7109 1
6741 7165 0
6741 1022 0
6741 861 0
6741 5243 0
6741 4649 0
6741 5464 0
6741 3422 0
6741 5491 0
6741 5501 0
6741 19879 0
6741 8467 0
6741 1653 0
6741 16031 0
6741 1765 0
6741 1779 0
6741 18165 0
6741 5885 0
6741 16157 0
6741 3886 0
6741 5981 0
6741 3986 0
6741 18332 0
6741 6068 1
16473 1620 0
16473 16473 0
16473 129 0
16473 2703 0
16473 3307 0
16473 1779 0
16473 287 0
16473 1172 0
16473 6068 1
16473 4559 0
16473 8687 1
527 527 0
527 1172 0
527 1221 0
527 6068 1
527 8467 0
527 698 0
527 700 0
527 705 0
527 1224 0
527 14157 0
527 719 0
527 496 0
527 3561 0
527 7109 1
5724 2567 0
5724 5724 0
5724 8287 0
5724 2708 0
5724 13479 0
5724 1653 0
5724 1224 0
5724 3789 0
5724 3280 0
5724 6884 1
5724 4371 0
5724 7982 0
5724 9009 0
5724 861 0
5724 869 0
5724 3453 1
5724 6068 1
5724 1513 0
5724 6128 0
5724 6655 0
8287 4649 0
8287 5981 0
8287 6068 1
8287 1620 0
8287 15663 0
8287 8287 0
8287 8547 0
8287 5753 0
8287 2703 0
8287 2708 0
8287 2714 0
8287 168 0
8287 6436 0
8287 5855 0
8287 5885 0
8287 5389 0
8287 8467 0
8287 287 0
8287 9009 0
8287 301 0
8287 3397 1
8287 1350 0
8287 5980 0
8287 8064 0
8287 3462 0
8287 5230 0
8287 2712 0
8287 915 0
8287 3513 0
8287 6078 0
8287 4546 0
8287 7109 1
8287 2524 0
8287 11236 0
8287 3561 0
7982 16031 0
7982 13061 0
7982 4916 0
7982 861 0
7982 8064 0
7982 3462 0
7982 3986 0
7982 6068 1
7982 1022 0
7982 1523 0
1637 1637 0
1637 5243 0
1637 2712 0
1637 2714 0
1637 6359 0
1637 5501 0
1637 6068 1
1637 454 1
1637 18914 0
1637 19879 0
10856 3986 0
10856 8467 0
10856 16157 0
10856 19617 0
10856 8995 0
10856 6443 0
10856 11182 0
10856 8112 0
10856 6068 1
10856 13012 0
10856 9177 1
10856 5981 0
10856 3561 0
10856 10132 0
10856 6522 0
10856 7165 0
870 4825 0
870 5981 0
870 864 0
870 4534 0
870 5243 0
870 1668 0
870 2703 0
870 2712 0
870 4762 0
870 8867 0
870 168 0
870 8547 0
870 8375 0
870 700 0
870 1221 0
870 14157 0
870 1224 0
870 2254 0
870 6359 0
870 5855 0
870 6401 0
870 287 0
870 8995 0
870 3897 0
870 827 0
870 840 0
870 2382 0
870 5978 0
870 861 0
870 863 0
870 865 0
870 870 0
870 8687 1
870 8064 0
870 19879 0
870 5980 0
870 6068 1
870 3513 0
870 5052 0
870 2500 0
870 2501 0
870 4550 0
870 4551 0
870 4559 0
4626 4649 0
4626 2703 0
4626 2712 0
4626 4787 0
4626 213 0
4626 4349 0
4626 7893 0
4626 861 0
4626 287 0
4626 5981 0
4626 3986 0
4626 1943 0
4626 8112 0
4626 16031 0
5230 4524 0
5230 5230 0
5230 1653 0
5230 1158 0
5230 2708 0
5230 4295 0
5230 3789 0
5230 4305 0
5230 10529 0
5230 3886 0
5230 9009 0
5230 3397 1
5230 2382 0
5230 5981 0
5230 4477 0
5230 3462 0
5230 4525 0
5230 4526 0
5230 6068 1
5230 2499 0
5230 4550 0
5230 8867 0
5230 2019 0
17519 8081 0
17519 1943 0
17519 287 0
17519 2349 1
17519 1224 0
17519 5981 0
17519 11236 0
17519 168 0
17519 7109 1
4371 1620 0
4371 8821 0
4371 5753 0
4371 5274 0
4371 7109 1
4371 1221 0
4371 1224 0
4371 4305 0
4371 5380 0
4371 6883 0
4371 4371 0
4371 5432 0
4371 827 0
4371 1350 0
4371 5960 1
4371 861 0
4371 865 0
4371 6005 0
4371 8064 0
4371 3986 0
4371 2463 0
4371 6128 0
4371 5981 0
4371 1779 0
4371 3513 0
4371 2499 0
4371 2500 0
4371 2501 0
4371 454 1
4371 4551 0
4371 4550 0
4371 5855 0
4371 2019 0
4371 19879 0
4371 496 0
1653 8363 0
1653 8375 0
1653 213 0
1653 284 0
1653 8860 0
1653 669 0
1653 700 0
1653 827 0
1653 9027 0
1653 842 0
1653 861 0
1653 865 0
1653 869 0
1653 9062 0
1653 17323 0
1653 1221 0
1653 1653 0
1653 1765 0
1653 1779 0
1653 1943 0
1653 2338 0
1653 2382 0
1653 2501 0
1653 18914 0
1653 11182 0
1653 3280 0
1653 3453 1
1653 19879 0
1653 3561 0
1653 20251 0
1653 3986 0
1653 4017 1
1653 4534 0
1653 4536 0
1653 4547 0
1653 4762 0
1653 4825 0
1653 13061 0
1653 4916 0
1653 5025 0
1653 5243 0
1653 5380 0
1653 5516 0
1653 5753 0
1653 5855 0
1653 5960 1
1653 6068 1
1653 6078 0
1653 6380 0
1653 6506 0
1653 7165 0
1653 15702 0
1653 16031 0
1653 7893 0
1653 16157 0
1653 8064 0
1653 16374 0
10871 642 1
10871 3986 0
10871 1765 0
5753 5978 0
5753 5753 0
5753 2708 0
5753 5274 0
5753 4300 0
5753 4301 0
5753 2254 0
5753 719 0
5753 5885 0
5753 20251 0
5753 5432 0
5753 842 0
5753 5980 0
5753 3934 0
5753 863 0
5753 865 0
5753 5052 0
5753 7109 1
5753 11236 0
5058 5389 1
5058 2703 1
5058 16146 1
5058 8363 1
5058 301 1
5058 6005 1
5058 2500 1
5058 2501 1
5058 8821 1
5243 129 0
5243 168 0
5243 8372 0
5243 4301 0
5243 6359 0
5243 5501 0
5243 4349 0
5243 287 0
5243 2338 0
5243 8547 0
5243 2499 0
5243 6599 0
5243 2703 0
5243 2708 0
5243 2712 0
5243 8867 0
5243 9027 0
5243 11236 0
5243 5274 0
5243 13549 0
5243 5380 0
5243 5389 0
5243 15663 0
5243 3397 1
5243 3462 0
5243 1943 0
5243 19879 0
5243 3513 0
5243 1620 0
5243 5759 0
5243 16031 0
5243 5855 0
5243 5885 0
5243 3886 0
5243 8064 0
5243 3986 0
5243 18332 0
5243 8112 0
5243 6068 1
5243 16374 0
6128 5380 0
6128 8081 0
6128 3986 0
6128 5052 0
6128 5980 0
6128 5981 0
6128 6068 1
6128 6005 0
6128 4547 0
6128 454 1
6128 5978 0
6128 5855 0
6128 6128 0
703 2499 0
703 287 0
703 5432 0
703 700 0
703 703 0
703 704 0
703 705 0
703 4546 0
703 3397 1
703 4305 0
703 1523 0
6677 16031 0
6677 3789 0
6677 7893 0
6677 4825 0
6677 2338 0
6677 1350 0
6677 5960 1
6677 8081 0
6677 3453 1
6677 8064 0
6677 3462 0
6677 1943 0
6677 2463 0
6677 19879 0
6677 2997 0
6677 2500 0
6677 2501 0
6784 3986 0
6784 8467 0
6784 9626 0
6784 19879 0
6784 6068 1
6784 7109 1
6784 843 0
6784 8547 0
6784 3561 0
6784 13549 0
6784 7893 0
129 129 0
129 1158 0
129 2703 0
129 669 0
129 672 0
129 168 0
129 2254 0
129 213 0
129 9027 0
129 2338 0
129 6443 0
129 5980 0
129 915 0
129 8064 0
129 5981 0
129 4524 0
129 4525 0
129 4526 0
129 6068 1
129 4534 0
129 4536 0
129 6078 0
129 4547 0
129 9177 1
129 16374 0
129 1022 0
642 8821 1
642 1172 1
642 672 1
642 2730 1
642 7869 1
642 1224 1
642 2254 1
642 3280 1
642 3307 1
642 7958 1
642 2349 2
642 14157 1
642 3934 1
1668 1668 0
1668 8867 0
1668 168 0
1668 13061 0
1668 3382 0
1668 3397 1
1668 2382 0
1668 3462 0
1668 3986 0
1668 6068 1
1668 4534 0
1668 4546 0
1668 1528 0
1158 1158 0
1158 4762 0
1158 2501 0
1158 679 0
1158 168 0
1158 1221 0
1158 4825 0
1158 5855 0
1158 7406 0
1158 1350 0
1158 3453 1
1158 915 0
1158 1943 0
1158 5022 0
1158 4524 0
1158 4525 0
1158 4526 0
1158 3513 0
1158 2499 0
1158 2500 0
1158 2382 0
705 5981 0
705 704 0
705 698 0
705 700 0
705 705 0
705 706 0
705 8995 0
705 5855 0
705 13549 0
705 5885 0
705 287 0
705 301 0
705 15663 0
705 5432 0
705 9027 0
705 3397 1
705 843 0
705 5978 0
705 5980 0
705 6005 0
705 5052 0
705 4546 0
705 7109 1
705 4550 0
705 4551 0
705 496 0
6068 8868 1
6068 168 1
6068 8375 1
6068 4301 1
6068 6380 1
6068 4349 1
6068 6401 1
6068 17451 1
6068 277 1
6068 10529 1
6068 2338 1
6068 6436 1
6068 6443 1
6068 301 1
6068 8547 1
6068 6506 1
6068 6522 1
6068 4477 1
6068 4478 1
6068 2447 1
6068 4536 1
6068 2499 1
6068 4550 1
6068 6599 1
6068 4559 1
6068 2524 1
6068 12784 1
6068 13061 1
6068 2703 1
6068 4547 1
6068 2708 1
6068 2712 1
6068 2714 1
6068 8860 1
6068 8867 1
6068 4551 1
6068 4787 1
6068 704 1
6068 706 1
6068 719 1
6068 18914 1
6068 13012 1
6068 4825 1
6068 6883 1
6068 8995 1
6068 9009 1
6068 4916 1
6068 827 1
6068 840 1
6068 915 1
6068 861 1
6068 863 1
6068 5022 1
6068 11182 1
6068 2997 1
6068 5052 1
6068 3028 1
6068 9177 2
6068 11236 1
6068 7165 1
6068 1022 1
6068 5119 1
6068 13453 1
6068 1172 1
6068 19617 1
6068 13479 1
6068 1224 1
6068 1256 1
6068 1260 1
6068 13549 1
6068 4649 1
6068 213 1
6068 5380 1
6068 7466 1
6068 15702 1
6068 5464 1
6068 3422 1
6068 5491 1
6068 10132 1
6068 3462 1
6068 5516 1
6068 19879 1
6068 3513 1
6068 9681 1
6068 1523 1
6068 8112 1
6068 7789 1
6068 16028 1
6068 5791 1
6068 3789 1
6068 7893 1
6068 5855 1
6068 1779 1
6068 18165 1
6068 5885 1
6068 9062 1
6068 7958 1
6068 16157 1
6068 3886 1
6068 14157 1
6068 5978 1
6068 5980 1
6068 5981 1
6068 6005 1
6068 8064 1
6068 3986 1
6068 1943 1
6068 18332 1
6068 6068 2
6068 20434 1
6068 2019 1
6068 16374 1
13453 2708 0
13453 6436 0
13453 4649 0
13453 3397 1
13453 2382 0
13453 9177 1
13453 5981 0
13453 5855 0
7789 5389 0
7789 16028 0
7789 287 0
7789 11182 0
7789 213 0
7789 5981 0
7789 1765 0
16530 1620 0
16530 16530 0
16530 4300 0
16530 1816 0
16530 20251 0
16530 2338 0
16530 5981 0
16530 8112 0
16530 2997 0
16530 9177 1
4547 2567 0
4547 1620 0
4547 7958 0
4547 2712 0
4547 5274 0
4547 8867 0
4547 700 0
4547 1221 0
4547 7893 0
4547 5855 0
4547 11182 0
4547 5380 0
4547 13061 0
4547 16157 0
4547 2338 0
4547 301 0
4547 5432 0
4547 2382 0
4547 861 0
4547 3934 0
4547 3986 0
4547 15663 0
4547 4477 0
4547 3462 0
4547 8081 0
4547 915 0
4547 1943 0
4547 18332 0
4547 2463 0
4547 2997 0
4547 4536 0
4547 4547 0
4547 454 1
4547 168 0
1172 2567 0
1172 864 0
1172 1172 0
1172 213 0
1172 7406 0
1172 861 0
1172 8547 0
1172 2708 0
1172 3986 0
1172 2499 0
2712 168 0
2712 4301 0
2712 6359 0
2712 277 0
2712 4825 0
2712 287 0
2712 2338 0
2712 6436 0
2712 2499 0
2712 2500 0
2712 2501 0
2712 6599 0
2712 2524 0
2712 2567 0
2712 2703 0
2712 2708 0
2712 2712 0
2712 2714 0
2712 8860 0
2712 8867 0
2712 4787 0
2712 13012 0
2712 4916 0
2712 843 0
2712 861 0
2712 863 0
2712 915 0
2712 2997 0
2712 5052 0
2712 11236 0
2712 1022 0
2712 9062 0
2712 5274 0
2712 4649 0
2712 5380 0
2712 5389 0
2712 15663 0
2712 5432 0
2712 3397 1
2712 5501 0
2712 3462 0
2712 5516 0
2712 19879 0
2712 1620 0
2712 5759 0
2712 16031 0
2712 5855 0
2712 5885 0
2712 3886 0
2712 8995 0
2712 14157 0
2712 5978 0
2712 5980 0
2712 5981 0
2712 8064 0
2712 3986 0
2712 1943 0
2712 18332 0
2712 6078 0
2712 16374 0
5274 5274 0
5274 168 0
5274 2730 0
5274 8372 0
5274 6359 0
5274 5855 0
5274 3453 1
5274 2500 0
5274 7109 1
8860 1620 0
8860 2703 0
8860 2708 0
8860 2714 0
8860 5791 0
8860 1221 0
8860 3789 0
8860 7893 0
8860 1765 0
8860 5885 0
8860 13061 0
8860 287 0
8860 1901 0
8860 9009 0
8860 864 0
8860 869 0
8860 3986 0
8860 915 0
8860 1943 0
8860 2997 0
8860 4559 0
8860 9177 1
669 168 0
669 8467 0
669 301 0
669 2499 0
669 454 1
669 19879 0
669 2708 0
669 669 0
669 8867 0
669 679 0
669 4916 0
669 9062 0
669 7109 1
669 1901 0
669 1221 0
669 1224 0
669 5389 0
669 15663 0
669 5432 0
669 3397 1
669 5501 0
669 3462 0
669 3561 0
669 1620 0
669 5759 0
669 1765 0
669 3028 0
669 5885 0
669 3886 0
669 5981 0
669 8112 0
669 6078 0
5791 5791 0
5791 861 0
5791 3422 0
5791 3986 0
5791 1943 0
5791 18332 0
5791 2714 0
5791 4536 0
5791 6078 0
5791 7109 1
672 1620 0
672 672 0
672 679 0
672 1221 0
672 5885 0
672 5389 0
672 301 0
672 15663 0
672 3886 0
672 3397 1
672 3462 0
672 6078 0
19617 213 0
19617 9177 1
19617 16028 0
8867 4295 0
8867 4301 0
8867 6359 0
8867 2338 0
8867 301 0
8867 4546 0
8867 6655 0
8867 2703 0
8867 2714 0
8867 8867 0
8867 679 0
8867 861 0
8867 11236 0
8867 1022 0
8867 19628 0
8867 13061 0
8867 5389 0
8867 15663 0
8867 3397 1
8867 3457 0
8867 3462 0
8867 19879 0
8867 1620 0
8867 5759 0
8867 7893 0
8867 8081 0
8867 3986 0
8867 1943 0
8867 18332 0
8867 2019 0
8868 18332 0
8868 4916 0
8868 6078 0
8868 6599 0
8868 861 0
8868 5885 0
454 5380 1
454 9626 1
454 2463 1
454 2464 1
454 19628 1
454 15663 1
454 1779 1
454 2500 1
454 1350 1
454 4699 1
454 5855 1
454 7654 1
454 1513 1
454 9062 1
454 5501 1
4762 7893 0
4762 6380 0
4762 13061 0
4762 842 0
4762 5501 0
4762 394 1
4762 4017 1
4762 6599 0
4762 2019 0
13479 2714 0
13479 16031 0
13479 1221 0
13479 1224 0
13479 4305 0
13479 13012 0
13479 4349 0
13479 5380 0
13479 287 0
13479 5981 0
13479 6005 0
13479 7109 1
168 168 0
168 4295 0
168 4300 0
168 287 0
168 301 0
168 2356 1
168 2382 0
168 4477 0
168 4534 0
168 4546 0
168 2499 0
168 2708 0
168 2714 0
168 679 0
168 4780 0
168 700 0
168 706 0
168 18914 0
168 9009 0
168 861 0
168 5025 0
168 842 0
168 3028 0
168 1022 0
168 1221 0
168 5389 0
168 15663 0
168 3397 1
168 19879 0
168 1620 0
168 1779 0
168 5885 0
168 5981 0
168 3934 0
168 2019 0
2730 1943 0
2730 18332 0
2730 287 0
2730 2338 0
2730 2349 1
2730 1513 0
8363 17323 0
8363 2703 0
8363 8363 0
8363 16146 0
8363 6506 0
8363 2499 0
8363 2500 0
8363 2501 0
8363 3561 0
8363 8687 1
19628 8821 0
19628 3789 0
19628 7893 0
19628 4825 0
19628 7406 0
19628 6401 0
19628 5389 0
19628 5960 1
19628 8081 0
19628 3453 1
19628 1943 0
19628 2463 0
19628 2997 0
4787 4649 0
4787 2703 0
4787 2714 0
4787 679 0
4787 4787 0
4787 5855 0
4787 1765 0
4787 5885 0
4787 8995 0
4787 6436 0
4787 9009 0
4787 5978 0
4787 5980 0
4787 5981 0
4787 8112 0
4787 3513 0
4787 5052 0
4787 7109 1
4787 5119 0
8372 8375 0
8372 4300 0
8372 6359 0
8372 13549 0
8372 1779 0
8372 7893 0
8372 5380 0
8372 5389 0
8372 16157 0
8372 2338 0
8372 3886 0
8372 4916 0
8372 3397 1
8372 14157 0
8372 5432 0
8372 8547 0
8372 8064 0
8372 1943 0
8372 18332 0
8372 6599 0
8372 16374 0
8375 1620 0
8375 2338 0
8375 6359 0
8375 6401 0
8375 5432 0
8375 3397 1
8375 14157 0
8375 8064 0
8375 3462 0
8375 2447 0
8375 3986 0
8375 18332 0
8375 19879 0
8375 9681 0
8375 4349 0
698 301 0
698 2499 0
698 3513 0
698 698 0
698 3397 1
698 1620 0
698 5855 0
698 1513 0
700 2567 0
700 5759 0
700 2714 0
700 4780 0
700 700 0
700 704 0
700 706 0
700 287 0
700 301 0
700 4916 0
700 5432 0
700 3397 1
700 840 0
700 842 0
700 843 0
700 5464 0
700 861 0
700 3513 0
700 4546 0
700 2499 0
700 1513 0
700 496 0
700 7165 0
7869 7869 0
7869 4300 0
7869 8945 0
7869 13061 0
7869 2338 0
7869 6436 0
7869 3397 1
7869 869 0
7869 3986 0
7869 1943 0
7869 18332 0
7869 2463 0
7869 7165 0
8821 8467 0
8821 8821 0
8821 5855 0
8821 1779 0
8821 16146 0
8821 2338 0
8821 4916 0
8821 2500 0
8821 9626 0
8821 2463 0
8821 2464 0
8821 2501 0
8821 3561 0
8821 6655 0
704 3457 0
704 3397 1
704 4780 0
704 5022 0
704 301 0
704 5432 0
704 704 0
704 706 0
704 842 0
704 5464 0
704 4546 0
704 1523 0
18113 7109 2
18113 6078 1
18113 18113 2
18113 18907 1
18113 6380 1
18113 20434 1
706 4551 0
706 4524 0
706 4916 0
706 827 0
706 706 0
706 7109 1
706 4550 0
706 4546 0
706 1523 0
4780 5981 0
4780 15663 0
4780 4780 0
4780 4300 0
4780 719 0
4780 5885 0
4780 6401 0
4780 2349 1
4780 842 0
4780 5464 0
4780 861 0
4780 4477 0
4780 1943 0
4780 5025 0
4780 4017 1
4780 2997 0
4780 4534 0
4780 1022 0
1221 4300 0
1221 4305 0
1221 284 0
1221 4525 0
1221 2500 0
1221 2501 0
1221 4550 0
1221 2524 0
1221 2567 0
1221 2708 0
1221 719 0
1221 8995 0
1221 4825 0
1221 9009 0
1221 4916 0
1221 827 0
1221 843 0
1221 18914 0
1221 861 0
1221 863 0
1221 864 0
1221 865 0
1221 866 0
1221 869 0
1221 915 0
1221 5025 0
1221 17323 0
1221 7109 1
1221 1221 0
1221 1224 0
1221 1256 0
1221 7406 0
1221 5389 0
1221 5432 0
1221 5501 0
1221 19879 0
1221 1513 0
1221 1620 0
1221 8467 0
1221 287 0
1221 7893 0
1221 5855 0
1221 9062 0
1221 3886 0
1221 5981 0
1221 1901 0
1221 3986 0
1221 1943 0
1221 3397 1
1221 1350 0
1221 6078 0
1221 16374 0
4295 20251 0
4295 7109 1
4295 2338 0
4295 4536 0
4295 2500 0
4295 3934 0
4295 4301 0
4295 3986 0
4295 9177 1
4295 4300 0
1224 19879 0
1224 2567 0
1224 9062 0
1224 8467 0
1224 4546 0
1224 1224 0
1224 4305 0
1224 5855 0
1224 6401 0
1224 7406 0
1224 5501 0
1224 1779 0
1224 7893 0
1224 5380 0
1224 8995 0
1224 3886 0
1224 4916 0
1224 827 0
1224 6506 0
1224 2500 0
1224 2382 0
1224 861 0
1224 863 0
1224 864 0
1224 865 0
1224 866 0
1224 869 0
1224 4477 0
1224 3986 0
1224 1943 0
1224 5022 0
1224 5025 0
1224 2997 0
1224 3513 0
1224 14157 0
1224 7165 0
4300 4699 0
4300 5981 0
4300 1620 0
4300 20251 0
4300 4300 0
4300 4301 0
4300 1816 0
4300 2338 0
4300 3886 0
4300 3382 0
4300 840 0
4300 842 0
4300 3934 0
4300 8081 0
4300 3986 0
4300 19879 0
4300 2499 0
4300 7109 1
4301 8467 0
4301 287 0
4301 2338 0
4301 2349 1
4301 3986 0
4301 2997 0
4301 7109 1
4301 3561 0
4301 1620 0
2254 861 0
2254 1620 0
2254 5855 0
2254 6380 0
2254 5885 0
2254 2349 1
2254 2382 0
2254 5981 0
2254 3462 0
2254 9626 0
2254 9681 0
2254 2019 0
3789 8064 0
3789 8081 0
3789 5516 0
3789 2463 0
3789 2464 0
3789 10529 0
3789 2338 0
3789 4524 0
3789 5981 0
3789 8112 0
3789 5960 1
3789 4559 0
3789 4825 0
3789 861 0
3789 3422 0
3789 3986 0
3789 5885 0
3280 3986 0
3280 3382 0
3280 4546 0
3280 2499 0
3280 7109 1
3280 19879 0
4305 5855 0
4305 6883 0
4305 4349 0
4305 7893 0
4305 6401 0
4305 5389 0
4305 287 0
4305 3886 0
4305 5432 0
4305 827 0
4305 3397 1
4305 1350 0
4305 840 0
4305 5980 0
4305 861 0
4305 869 0
4305 4477 0
4305 8687 1
4305 4524 0
4305 4525 0
4305 4526 0
4305 2997 0
4305 6078 0
4305 2500 0
4305 1513 0
4305 5885 0
4305 496 0
13012 4649 0
13012 2703 0
13012 16031 0
13012 5980 0
13012 5981 0
13012 6522 0
13012 8112 0
13012 3513 0
13012 9177 1
13012 6655 0
213 16028 0
213 213 0
213 18165 0
213 6401 0
213 16157 0
213 8995 0
213 9027 0
213 15702 0
213 915 0
213 5981 0
213 2708 0
213 3986 0
213 3513 0
213 2499 0
213 6599 0
213 3028 0
213 9177 1
6359 4349 0
6359 2382 0
6359 2499 0
6359 6599 0
6359 19879 0
6359 9027 0
6359 7109 1
6359 11236 0
6359 5389 0
6359 15663 0
6359 3397 1
6359 5501 0
6359 3462 0
6359 3513 0
6359 1620 0
6359 5855 0
6359 16157 0
6359 3886 0
6359 5981 0
6359 8064 0
6359 3986 0
6359 18332 0
6359 6078 0
4825 19879 0
4825 8081 0
4825 2708 0
4825 7893 0
4825 5380 0
4825 16146 0
4825 10529 0
4825 5960 1
4825 4916 0
4825 5432 0
4825 5855 0
4825 5981 0
4825 3934 0
4825 6506 0
4825 3986 0
4825 1943 0
4825 18332 0
4825 2463 0
4825 2464 0
4825 8112 0
4825 1779 0
4825 6078 0
4825 2500 0
4825 2501 0
719 4524 0
719 1620 0
719 16028 0
719 7109 1
719 719 0
719 6380 0
719 11182 0
719 5885 0
719 8064 0
719 16157 0
719 5389 0
719 8467 0
719 287 0
719 301 0
719 3382 0
719 3897 0
719 4477 0
719 3986 0
719 4550 0
719 4551 0
719 3307 0
719 9177 1
719 3561 0
719 1022 0
5855 17323 0
5855 7165 0
5855 4349 0
5855 301 0
5855 2382 0
5855 8547 0
5855 4477 0
5855 4524 0
5855 4534 0
5855 4536 0
5855 2500 0
5855 2501 0
5855 4551 0
5855 4559 0
5855 2524 0
5855 19879 0
5855 496 0
5855 2567 0
5855 13061 0
5855 2703 0
5855 2708 0
5855 2714 0
5855 4550 0
5855 6883 0
5855 4916 0
5855 827 0
5855 842 0
5855 861 0
5855 863 0
5855 864 0
5855 865 0
5855 866 0
5855 869 0
5855 5052 0
5855 7109 1
5855 11236 0
5855 1022 0
5855 4649 0
5855 5380 0
5855 2499 0
5855 5432 0
5855 1350 0
5855 3561 0
5855 1620 0
5855 7893 0
5855 5855 0
5855 1765 0
5855 1779 0
5855 7466 0
5855 9177 1
5855 3886 0
5855 5978 0
5855 5980 0
5855 5981 0
5855 6005 0
5855 8112 0
5855 6078 0
5855 20434 0
5855 2019 0
6883 861 0
6883 2338 0
6883 6883 0
6883 6401 0
6883 1350 0
6883 5981 0
6883 6005 0
6883 5025 0
6883 7165 0
1765 6401 0
1765 2382 0
1765 4534 0
1765 4536 0
1765 4546 0
1765 2501 0
1765 4550 0
1765 4551 0
1765 2567 0
1765 13061 0
1765 9009 0
1765 4916 0
1765 9027 0
1765 9062 0
1765 1513 0
1765 2997 0
1765 5052 0
1765 5380 0
1765 3397 1
1765 5464 0
1765 19879 0
1765 3513 0
1765 1620 0
1765 16031 0
1765 7893 0
1765 1765 0
1765 1779 0
1765 1816 0
1765 1901 0
1765 6005 0
1765 8081 0
1765 3986 0
1765 1943 0
1765 16374 0
1256 1620 0
1256 1256 0
1256 1260 0
1256 13061 0
1256 287 0
1256 3886 0
1256 843 0
1256 5464 0
1256 3986 0
1256 7165 0
2282 4526 1
2282 1816 1
2282 4524 1
2282 4525 1
3307 1620 0
3307 284 0
3307 287 0
3307 2356 1
3307 3307 0
3307 18332 0
3307 4524 0
3307 4525 0
3307 4526 0
3307 4534 0
1260 5380 0
1260 13061 0
1260 5389 0
1260 3986 0
1260 287 0
1260 3382 0
1260 843 0
1260 2382 0
1260 1620 0
1260 4534 0
1260 1260 0
1260 8467 0
1260 7109 1
13549 1620 0
13549 2703 0
13549 4649 0
13549 5389 0
13549 287 0
13549 5981 0
13549 5491 0
13549 4524 0
13549 2499 0
13549 7109 1
13549 1022 0
7406 7406 0
7406 1779 0
7406 287 0
7406 3397 1
7406 2382 0
7406 1943 0
7406 5022 0
7406 4550 0
7406 4551 0
7406 8687 1
5501 2567 0
5501 16031 0
5501 7893 0
5501 9062 0
5501 5380 0
5501 4916 0
5501 3422 0
5501 3986 0
5501 2463 0
5501 2997 0
5501 19879 0
8945 6380 0
8945 9027 0
8945 4349 0
8945 6401 0
8945 1350 0
8945 4524 0
8945 7109 1
8945 1523 0
8945 1022 0
12019 2349 1
18165 5885 0
18165 287 0
18165 5978 0
18165 5980 0
18165 5981 0
18165 3986 0
18165 5052 0
18165 6078 0
18165 9177 1
18165 2524 0
4649 4649 0
4649 1620 0
4649 2703 0
4649 2708 0
4649 6436 0
4649 5759 0
4649 5885 0
4649 287 0
4649 5978 0
4649 5981 0
4649 5980 0
4649 3986 0
4649 18332 0
4649 19879 0
4649 5052 0
4649 7109 1
4649 7165 0
5759 5981 0
5759 5759 0
5759 2703 0
5759 287 0
5759 2349 1
5759 3886 0
5759 843 0
5759 5978 0
5759 5980 0
5759 1943 0
5759 18332 0
5759 4524 0
5759 5052 0
5759 6078 0
5759 2499 0
5759 7109 1
5759 6655 0
4349 1620 0
4349 2708 0
4349 4349 0
4349 6401 0
4349 5389 0
4349 287 0
4349 7466 0
4349 840 0
4349 3453 1
4349 3986 0
4349 18332 0
4349 19879 0
4349 7165 0
7893 6380 0
7893 7893 0
7893 6401 0
7893 287 0
7893 2349 1
7893 2501 0
7893 4550 0
7893 13061 0
7893 827 0
7893 7109 1
7893 14157 0
7893 1022 0
7893 19879 0
7893 9062 0
7893 8547 0
7893 7654 0
7893 1523 0
7893 5981 0
7893 1901 0
7893 6005 0
7893 16374 0
6401 863 0
6401 864 0
6401 5885 0
6401 2703 0
6401 679 0
6401 6599 0
6401 16157 0
6401 6401 0
6401 10529 0
6401 6436 0
6401 8995 0
6401 3397 1
6401 2382 0
6401 3986 0
6401 1943 0
6401 4551 0
6401 2019 0
6401 1513 0
17451 287 0
17451 1943 0
17451 18332 0
17451 2997 0
17451 7109 1
5380 2703 0
5380 5380 0
5380 16146 0
5380 6436 0
5380 4916 0
5380 1350 0
5380 5981 0
5380 9062 0
5380 8081 0
5380 2500 0
5380 2501 0
5380 1513 0
5380 19879 0
5380 5119 0
13061 2349 1
13061 8547 0
13061 4534 0
13061 2501 0
13061 2708 0
13061 827 0
13061 1022 0
13061 13061 0
13061 19879 0
13061 1523 0
13061 16031 0
13061 5981 0
13061 8112 0
3850 284 0
3850 7109 1
3850 5556 0
3850 3397 1
3850 4550 0
3850 864 0
5389 287 0
5389 2382 0
5389 4550 0
5389 4551 0
5389 4536 0
5389 2703 0
5389 1816 0
5389 2708 0
5389 2714 0
5389 679 0
5389 863 0
5389 7109 1
5389 1022 0
5389 5389 0
5389 15663 0
5389 3397 1
5389 3457 0
5389 1620 0
5389 5885 0
5389 5980 0
5389 5981 0
5389 1901 0
2349 17323 1
2349 1620 1
2349 8467 1
2349 861 1
2349 869 1
2349 4477 1
2349 3457 1
2349 3986 1
2349 915 1
2349 18332 1
2349 5022 1
2349 19879 1
2349 6078 1
2349 1513 1
2349 5119 1
16146 19879 0
16146 2703 0
16146 16146 0
16146 2708 0
16146 9626 0
16146 2500 0
16146 2501 0
16146 3453 1
8467 10529 0
8467 6443 0
8467 8547 0
8467 4524 0
8467 4534 0
8467 2501 0
8467 6655 0
8467 2708 0
8467 9009 0
8467 9062 0
8467 11182 0
8467 7109 1
8467 7165 0
8467 19879 0
8467 5432 0
8467 3457 0
8467 16374 0
8467 7654 0
8467 6599 0
8467 8467 0
8467 16031 0
8467 20251 0
8467 5960 1
8467 5981 0
8467 8064 0
8467 4017 1
8467 2019 0
8467 1022 0
277 2703 0
277 277 0
277 16157 0
277 5432 0
277 16028 0
277 9177 1
277 5491 0
7958 3986 0
7958 2708 0
7958 1620 0
7958 2019 0
7958 1523 0
1816 1620 0
1816 1816 0
1816 20251 0
1816 2338 0
1816 2356 1
1816 3397 1
1816 4536 0
20251 5980 0
20251 5981 0
20251 1620 0
20251 20251 0
20251 2338 0
20251 840 0
20251 5978 0
20251 5052 0
20251 9177 1
20251 3561 0
20251 1022 0
284 3397 1
284 5516 0
284 284 0
284 9009 0
284 5432 0
284 287 0
284 18914 0
16157 1620 0
16157 16031 0
16157 6380 0
16157 9027 0
16157 16157 0
16157 8995 0
16157 4916 0
16157 15702 0
16157 5978 0
16157 5980 0
16157 5981 0
16157 18332 0
16157 16028 0
16157 11182 0
16157 8112 0
16157 5052 0
16157 6599 0
16157 9177 1
16157 2524 0
287 287 0
287 8547 0
287 9009 0
287 827 0
287 863 0
287 864 0
287 866 0
287 1620 0
287 10132 0
287 10529 0
287 2338 0
287 2382 0
287 2708 0
287 11182 0
287 11236 0
287 3397 1
287 3422 0
287 3457 0
287 19879 0
287 3513 0
287 3897 0
287 3934 0
287 4536 0
287 4559 0
287 4916 0
287 5025 0
287 5052 0
287 5464 0
287 5556 0
287 5885 0
287 5980 0
287 6078 0
287 6599 0
287 7654 0
287 16374 0
10529 1620 0
10529 4916 0
10529 5960 1
10529 8081 0
10529 3986 0
10529 1943 0
10529 2463 0
10529 3561 0
2338 8547 0
2338 2338 0
2338 2499 0
2338 4550 0
2338 4699 0
2338 2714 0
2338 840 0
2338 842 0
2338 5022 0
2338 2997 0
2338 5052 0
2338 1022 0
2338 5981 0
2338 5432 0
2338 5978 0
2338 5464 0
2338 3422 0
2338 19879 0
2338 1620 0
2338 3897 0
2338 5980 0
2338 3986 0
2338 1943 0
2338 4017 1
8995 2708 0
8995 8995 0
8995 5981 0
8995 3986 0
8995 6599 0
8995 9177 1
8995 2524 0
8995 7165 0
6436 842 0
6436 5981 0
6436 6522 0
6436 8112 0
6436 6599 0
6436 9177 1
2567 861 0
2567 9062 0
2567 3453 1
2567 301 0
2567 827 0
2567 5981 0
2567 3986 0
2567 1943 0
2567 2463 0
2567 8112 0
2567 2997 0
2567 4534 0
2567 4550 0
7466 3986 0
7466 7109 1
7466 1350 0
6443 3561 0
6443 9177 1
6443 16028 0
301 1620 0
301 9009 0
301 2703 0
301 1779 0
301 301 0
301 4916 0
301 827 0
301 1350 0
301 2382 0
301 5432 0
301 865 0
301 866 0
301 869 0
301 1901 0
301 6005 0
301 5981 0
301 4534 0
301 6078 0
301 2500 0
301 4550 0
301 2524 0
301 4551 0
3886 5981 0
3886 5052 0
3886 2703 0
3886 2708 0
3886 2714 0
3886 3886 0
3886 5978 0
3886 5980 0
3886 6005 0
3886 3462 0
3886 5022 0
3886 4534 0
3886 3513 0
3886 2500 0
3886 2501 0
3886 9177 1
3886 2019 0
3886 7165 0
3886 1022 0
15663 2708 0
15663 6380 0
15663 15663 0
15663 9009 0
15663 3397 1
15663 842 0
15663 2463 0
15663 4546 0
15663 1022 0
5960 3457 1
5960 8081 1
5960 2463 1
5960 2464 1
5960 19872 1
5960 861 1
5960 3561 1
9009 19879 0
9009 1620 0
9009 7109 1
9009 679 0
9009 18332 0
9009 5885 0
9009 9009 0
9009 827 0
9009 861 0
9009 863 0
9009 864 0
9009 865 0
9009 866 0
9009 869 0
9009 1901 0
9009 3462 0
9009 3986 0
9009 2019 0
9009 3561 0
2356 5464 1
2356 679 1
2356 2356 2
2356 4534 1
2356 827 1
2356 4699 1
2356 861 1
2356 863 1
2356 864 1
2356 865 1
2356 866 1
2356 869 1
3382 6380 0
3382 7109 1
3382 3934 0
3382 4017 1
4477 1620 0
4477 3397 1
4477 861 0
4477 3934 0
4477 865 0
4477 8547 0
4477 4478 0
4477 3462 0
4477 1943 0
4477 3986 0
4477 915 0
4477 5025 0
4477 19879 0
4477 2997 0
4477 4536 0
4477 2499 0
4477 4550 0
4477 4551 0
4477 11236 0
4477 496 0
5432 4534 0
5432 4536 0
5432 4546 0
5432 2500 0
5432 2501 0
5432 4550 0
5432 2524 0
5432 2499 0
5432 2708 0
5432 2714 0
5432 4551 0
5432 827 0
5432 861 0
5432 863 0
5432 7165 0
5432 5432 0
5432 5464 0
5432 3453 1
5432 3457 0
5432 3513 0
5432 1620 0
5432 5981 0
5432 6005 0
5432 1943 0
5432 6078 0
1337 3453 1
827 8547 0
827 6522 0
827 496 0
827 2708 0
827 2714 0
827 4916 0
827 827 0
827 840 0
827 866 0
827 5025 0
827 2997 0
827 7109 1
827 3028 0
827 7165 0
827 861 0
827 3397 1
827 19879 0
827 9681 0
827 1620 0
827 1779 0
827 5981 0
827 3986 0
827 1943 0
827 18332 0
827 8112 0
9027 2708 0
9027 6380 0
9027 915 0
9027 5981 0
9027 3986 0
9027 1943 0
9027 18332 0
9027 6599 0
9027 3028 0
9027 9177 1
11182 2703 0
11182 10132 0
11182 2382 0
11182 15702 0
11182 9177 1
11182 3561 0
3397 861 1
3397 1620 1
3397 2703 1
3397 2708 1
3397 679 1
3397 5885 1
3397 3397 2
3397 2382 1
3397 5980 1
3397 863 1
3397 864 1
3397 865 1
3397 866 1
3397 869 1
3397 1901 1
3397 4478 1
3397 8064 1
3397 5022 1
3397 5025 1
3397 5981 1
3397 4524 1
3397 4525 1
3397 4526 1
3397 5556 1
3397 4536 1
3397 7109 2
3397 4550 1
3397 4559 1
1350 2714 0
1350 9626 0
1350 1350 0
1350 5978 0
1350 5464 0
1350 5980 0
1350 5981 0
1350 9062 0
1350 2501 0
1350 5491 0
1350 6005 0
1350 8687 1
1350 2463 0
1350 2464 0
1350 5052 0
1350 2500 0
1350 20434 0
1350 18914 0
840 840 0
840 843 0
840 3934 0
840 3986 0
840 19872 0
840 17323 0
840 9681 0
842 5981 0
842 5885 0
842 842 0
842 843 0
842 3934 0
842 3453 1
842 5516 0
842 5025 0
842 4017 1
842 4534 0
842 4546 0
843 5981 0
843 1620 0
843 2703 0
843 2500 0
843 4916 0
843 843 0
843 2382 0
843 348 1
843 915 0
843 2501 0
14157 5885 0
14157 8547 0
14157 3986 0
14157 8064 0
14157 3462 0
14157 18332 0
14157 2997 0
14157 1022 0
2382 2382 0
2382 6522 0
2382 4524 0
2382 4525 0
2382 4526 0
2382 4534 0
2382 4546 0
2382 4550 0
2382 4551 0
2382 8687 1
2382 2708 0
2382 5022 0
2382 5025 0
2382 17323 0
2382 7165 0
2382 3513 0
2382 3934 0
2382 8064 0
2382 6078 0
2382 2019 0
15702 15702 0
15702 9177 1
15702 5981 0
15702 5885 0
3897 3986 0
3897 9177 1
3897 4551 0
3897 4524 0
3897 4525 0
3897 4526 0
3897 3897 0
3897 7109 1
3897 4550 0
3897 5885 0
5464 3462 0
5464 861 0
5464 3986 0
5464 6599 0
5464 11236 0
5978 1620 0
5978 18332 0
5978 6599 0
5978 5885 0
5978 8064 0
5978 11236 0
5978 5978 0
5978 3457 0
5978 3462 0
5978 915 0
5978 2997 0
5978 3513 0
5978 5052 0
5978 7109 1
5978 19879 0
2703 6522 0
2703 4534 0
2703 2500 0
2703 6599 0
2703 496 0
2703 2703 0
2703 4916 0
2703 869 0
2703 915 0
2703 2997 0
2703 11236 0
2703 1022 0
2703 3462 0
2703 1943 0
2703 5516 0
2703 1620 0
2703 16031 0
2703 1779 0
2703 5885 0
2703 3986 0
2703 18332 0
2703 6078 0
348 3986 1
861 6506 0
861 4478 0
861 4550 0
861 4551 0
861 496 0
861 2708 0
861 861 0
861 865 0
861 866 0
861 5052 0
861 1022 0
861 8081 0
861 8547 0
861 5491 0
861 5516 0
861 19879 0
861 1523 0
861 1779 0
861 9062 0
861 1901 0
861 3986 0
861 16031 0
861 6078 0
3422 6380 0
3422 9062 0
3422 863 0
3422 4478 0
3422 3462 0
3422 19879 0
3422 6078 0
3422 1022 0
863 864 0
863 865 0
863 866 0
863 3986 0
863 16374 0
864 1620 0
864 679 0
864 864 0
864 866 0
864 8547 0
864 3457 0
864 3986 0
864 5556 0
864 2499 0
864 4550 0
864 9681 0
865 866 0
865 865 0
865 3457 0
865 3986 0
865 19879 0
865 1779 0
866 3934 0
866 866 0
866 869 0
866 9062 0
866 2501 0
8547 9681 0
8547 5981 0
8547 4478 0
8547 8064 0
8547 3462 0
8547 394 1
8547 3986 0
8547 1943 0
8547 18332 0
8547 8112 0
8547 2997 0
8547 6078 0
8547 2500 0
8547 11236 0
8547 3561 0
8547 7165 0
869 3934 0
869 869 0
869 9062 0
869 6599 0
869 7109 1
9062 3934 0
9062 16031 0
9062 4916 0
9062 9062 0
9062 8081 0
9062 3986 0
9062 9626 0
9062 2463 0
9062 19879 0
9062 6078 0
9062 3561 0
6506 2500 0
6506 2501 0
6506 8687 1
1901 1620 0
1901 2708 0
1901 2714 0
1901 1901 0
1901 3986 0
1901 7109 1
5491 18332 0
5491 5981 0
5491 5491 0
5491 2500 0
5491 7109 1
5491 19879 0
6005 2019 0
6005 5981 0
6005 6005 0
6005 8081 0
6005 19879 0
6005 4525 0
6005 3513 0
6005 2499 0
6005 2524 0
6005 5119 0
3561 19879 0
3561 16374 0
3561 4524 0
3561 4534 0
3561 2501 0
3561 2708 0
3561 4916 0
3561 7109 1
3561 9177 1
3561 7165 0
3561 3457 0
3561 6599 0
3561 16031 0
3561 5981 0
3561 3986 0
3561 2019 0
2708 4536 0
2708 2500 0
2708 2501 0
2708 6599 0
2708 2524 0
2708 2714 0
2708 915 0
2708 7109 1
2708 1022 0
2708 3462 0
2708 5516 0
2708 19879 0
2708 7654 0
2708 1620 0
2708 16028 0
2708 16031 0
2708 5885 0
2708 5981 0
2708 8064 0
2708 3986 0
2708 8112 0
2708 6078 0
2708 2019 0
2708 16374 0
6522 5981 0
6522 9177 1
6522 16374 0
6522 2524 0
6522 7165 0
3453 17323 1
3453 19872 1
3453 2500 1
3453 2501 1
3453 20434 1
3453 7654 1
3453 6655 1
4478 5885 0
4478 3934 0
4478 2997 0
8064 1620 0
8064 2714 0
8064 16374 0
8064 5980 0
8064 5981 0
8064 8064 0
8064 3986 0
8064 915 0
8064 4534 0
8064 3513 0
8064 5052 0
8064 7109 1
8064 4550 0
8064 4551 0
8064 2524 0
3457 3457 0
3457 4524 0
3457 2500 0
4551 2464 0
4551 4536 0
4551 4546 0
4551 2499 0
4551 6599 0
4551 2524 0
4551 496 0
4551 4550 0
4551 4551 0
4551 5022 0
4551 7109 1
4551 1620 0
4551 3986 0
3934 4916 0
3934 5981 0
3934 3934 0
3934 16031 0
3934 2500 0
3934 4550 0
3934 2524 0
3462 1620 0
3462 5980 0
3462 6599 0
3462 5885 0
3462 5981 0
3462 3462 0
3462 5516 0
3462 4524 0
3462 4525 0
3462 4526 0
3462 5052 0
3462 7109 1
3462 2019 0
3462 11236 0
3462 1022 0
5980 11236 0
5980 1620 0
5980 7109 1
5980 1779 0
5980 3986 0
5980 915 0
5980 1943 0
5980 18332 0
5980 19879 0
5980 8112 0
5980 2997 0
5980 3513 0
5980 5885 0
6380 1620 0
6380 5885 0
6380 1943 0
6380 6078 0
6380 20434 0
6380 18907 0
394 1022 1
394 16031 1
5516 3986 0
5516 1943 0
5516 5885 0
5025 2499 0
5025 5025 0
5025 5981 0
5025 4546 0
5025 4550 0
5025 18914 0
5025 2019 0
5025 7109 1
2447 9177 1
8081 8081 0
8081 9626 0
8081 2463 0
8081 2464 0
8081 19879 0
8081 7109 1
3986 1022 0
3986 16374 0
3986 1523 0
3986 1620 0
3986 2501 0
3986 2714 0
3986 18914 0
3986 10132 0
3986 19879 0
3986 3986 0
3986 4017 1
3986 4525 0
3986 4534 0
3986 4550 0
3986 5022 0
3986 5556 0
3986 5885 0
3986 5981 0
3986 7109 1
3986 16031 0
3986 8112 0
915 5052 0
915 2714 0
915 7109 1
915 16031 0
915 5981 0
915 915 0
915 4524 0
915 4525 0
915 4526 0
915 4534 0
915 4536 0
915 4546 0
10132 9177 1
10132 5981 0
10132 1779 0
1943 2500 0
1943 2524 0
1943 19879 0
1943 2714 0
1943 2997 0
1943 5052 0
1943 1022 0
1943 5119 0
1943 7654 0
1943 1620 0
1943 5981 0
1943 1943 0
1943 16031 0
1943 6078 0
1943 16374 0
4916 17323 0
4916 2463 0
4916 2500 0
4916 2501 0
4916 4916 0
4916 7654 0
4916 5981 0
4916 16374 0
9626 2500 0
9626 1779 0
9626 2501 0
9626 8687 1
8687 17323 1
8687 6655 1
18332 1022 0
18332 19879 0
18332 1620 0
18332 8112 0
18332 16374 0
2714 2714 0
2714 4524 0
2714 4525 0
2714 4526 0
2714 4534 0
2714 4536 0
2714 4546 0
2714 6599 0
2714 19879 0
2714 2997 0
2714 7109 1
2714 9177 1
2714 7165 0
2714 1620 0
2714 1779 0
2714 5981 0
2714 8112 0
2714 16374 0
5022 5022 0
5022 3513 0
5022 4550 0
5022 4559 0
5022 18914 0
2463 2501 0
2463 2997 0
2463 2500 0
2463 7654 0
2464 2464 0
2464 2997 0
2464 4550 0
12784 7109 1
5981 9177 1
5981 1620 0
5981 11236 0
5981 2500 0
5981 2524 0
5981 18914 0
5981 2997 0
5981 19879 0
5981 3513 0
5981 5052 0
5981 5885 0
5981 5981 0
5981 6078 0
5981 6599 0
5981 7109 1
5981 7165 0
5981 16031 0
5981 8112 0
5981 16374 0
19879 4534 0
19879 4536 0
19879 4546 0
19879 2500 0
19879 2501 0
19879 6599 0
19879 5052 0
19879 7109 1
19879 1022 0
19879 19879 0
19879 2997 0
19879 16031 0
19879 5885 0
19879 8112 0
19879 16374 0
16028 9177 1
4524 4524 0
4524 4525 0
4524 4526 0
4524 2500 0
4524 496 0
4524 6655 0
4524 2997 0
4524 7165 0
4524 1022 0
4524 1523 0
4524 1620 0
4524 3028 0
4525 2997 0
4525 4526 0
4525 1523 0
4525 6655 0
4526 2997 0
4526 1523 0
4526 6655 0
8112 2501 0
8112 6599 0
8112 9177 1
8112 1022 0
8112 2499 0
8112 1620 0
8112 1779 0
8112 8112 0
4017 1022 1
1779 1779 0
1779 2500 0
1779 2501 0
1779 9177 1
1779 7654 0
1779 7165 0
5556 4534 0
5556 7109 1
2997 18907 0
2997 6655 0
2997 5052 0
2997 1022 0
2997 2997 0
2997 20434 0
2997 16374 0
4534 4546 0
4534 496 0
4534 4534 0
4534 1523 0
4534 1620 0
4534 2019 0
4536 1620 0
4536 4536 0
4536 6078 0
4536 4546 0
4536 7109 1
4536 4550 0
4536 3028 0
4536 2019 0
3513 5885 0
3513 3513 0
3513 5052 0
3513 7109 1
16031 7165 0
16031 1523 0
16031 16031 0
16031 1022 0
16031 16374 0
5052 1620 0
5052 6599 0
5052 5885 0
5052 11236 0
5052 5052 0
5052 7109 1
6078 4546 0
6078 2500 0
6078 2501 0
6078 2524 0
6078 6655 0
6078 6078 0
6078 16374 0
19872 2499 0
4546 1620 0
4546 5885 0
4546 4546 0
4546 7109 1
4546 4550 0
2499 1620 0
2499 5885 0
2499 2499 0
2499 7109 1
2499 3028 0
2500 2501 0
2500 2524 0
2500 7654 0
2500 2500 0
2501 2524 0
2501 2501 0
2501 7654 0
4550 4550 0
4550 2524 0
4550 496 0
4550 7109 1
4550 1620 0
4550 3028 0
6599 9177 1
6599 1022 0
4559 7109 1
4559 496 0
4559 1022 0
20434 20434 0
20434 18907 0
20434 1022 0
20434 6655 0
3028 9177 1
3028 496 0
9177 18907 1
9177 18914 1
9177 7165 1
18907 18907 0
2524 5885 0
2524 2524 0
2524 496 0
2524 7109 1
18914 18914 0
18914 7165 0
18914 6655 0
2019 1620 0
2019 5885 0
2019 7109 1
2019 2019 0
11236 7109 1
11236 11236 0
11236 7165 0
11236 1022 0
11236 5885 0
1513 1513 0
679 1620 0
679 679 0
679 7109 1
5885 7109 1
5885 5885 0
496 7109 1
496 496 0
1523 1523 0
1523 16374 0
16374 7109 1
16374 16374 0
1620 6655 0
1620 1620 0
7109 7109 2
5119 6655 0
7165 7165 0
1022 1022 0
