6147 6147 0
6147 137 0
6147 138 0
6147 4256 0
6147 20710 0
6147 265 0
6147 4385 1
6147 303 0
6147 4409 0
6147 20857 0
6147 472 0
6147 14894 0
6147 563 0
6147 8768 0
6147 584 1
6147 4789 0
6147 6867 0
6147 747 0
6147 13046 0
6147 13061 0
6147 13190 0
6147 5015 0
6147 5020 0
6147 13355 0
6147 1098 0
6147 1221 0
6147 5373 0
6147 3446 0
6147 16349 1
6147 937 0
6147 1605 0
6147 5723 0
6147 1653 0
6147 3729 0
6147 1741 0
6147 5855 0
6147 5858 0
6147 3986 0
6153 6153 0
6153 3601 1
6153 2069 0
6153 13061 0
6153 5723 0
6153 13355 0
6153 13356 0
6153 14894 0
6153 4957 0
6153 561 0
6153 4145 0
6153 6739 0
6153 5724 0
6153 2152 0
6153 5569 0
6153 3729 0
6153 4547 0
6153 2708 0
6153 16153 0
6153 1221 0
6153 1741 0
6153 3794 1
6153 3802 0
6153 5380 0
6153 4869 0
6153 4409 0
6153 4956 0
6153 861 0
6153 4958 0
6153 2405 1
6153 9062 0
6153 16872 0
6153 389 0
6153 3986 0
6153 937 0
6153 453 0
6153 8144 0
6153 481 0
6153 3574 0
13322 3601 1
13322 937 0
13322 4145 0
13322 453 0
13322 861 0
13322 5855 0
13322 2405 1
13322 2152 0
13322 3446 0
2059 2059 0
2059 700 0
2059 249 0
2059 265 0
2059 4385 1
2059 2355 0
2059 4546 0
2059 563 0
2059 2668 1
2059 719 0
2059 13061 0
2059 827 0
2059 5432 0
2059 5523 0
2059 1807 0
15884 15884 0
15884 4872 0
15884 1809 0
15884 531 0
15884 4376 0
15884 4385 1
15884 4145 0
15884 3517 1
15884 5569 0
15884 3141 0
15884 5981 0
4622 4687 1
4622 4622 0
4622 3729 0
4622 7930 0
4622 4870 0
4622 5981 0
4622 3422 0
4622 3986 0
4622 3517 1
15 4385 1
15 3729 0
15 4663 1
15 5432 0
3601 3601 2
3601 531 1
3601 2069 1
3601 13860 1
3601 2599 1
3601 13355 1
3601 13356 1
3601 861 1
3601 4145 1
3601 13061 1
3601 3422 1
3601 7266 1
3601 869 1
3601 9062 1
3601 2152 1
3601 3602 1
3601 2750 1
3601 4729 1
3601 3715 1
3601 1160 1
3601 3729 1
3601 7326 1
3601 13479 1
3601 4784 1
3601 4786 1
3601 7348 1
3601 4789 1
3601 188 1
3601 1741 1
3601 3794 2
3601 5855 1
3601 249 1
3601 5373 1
3601 5380 1
3601 4869 1
3601 4870 1
3601 4872 1
3601 265 1
3601 8459 1
3601 1807 1
3601 1809 1
3601 4376 1
3601 7456 1
3601 4385 2
3601 561 1
3601 8492 1
3601 1860 1
3601 4956 1
3601 4957 1
3601 4958 1
3601 2405 2
3601 9064 1
3601 18802 1
3601 13183 1
3601 389 1
3601 5004 1
3601 3986 1
3601 5523 1
3601 5020 1
3601 937 1
3601 436 1
3601 6586 1
3601 13243 1
3601 3517 2
3601 5569 1
3601 4546 1
3601 453 1
3601 8144 1
3601 6619 1
3601 9125 1
3601 481 1
3601 16872 1
3601 5615 1
3601 5616 1
3601 3574 1
3602 3986 0
3602 7326 0
3602 4385 1
3602 4145 0
3602 4784 0
3602 561 0
3602 3517 1
3602 2750 0
3602 4956 0
3602 4957 0
3602 4958 0
3602 481 0
3602 2405 1
3602 3729 0
3602 16872 0
3602 13479 0
3602 4729 0
531 531 0
531 13355 0
531 561 0
531 5723 0
531 5724 0
531 188 0
531 4789 0
531 700 0
531 3794 1
531 8954 0
531 5380 0
531 4869 0
531 4870 0
531 4872 0
531 1807 0
531 1809 0
531 827 0
531 1860 0
531 4956 0
531 4957 0
531 4958 0
531 2405 1
531 6005 0
531 389 0
531 9631 0
531 937 0
531 7326 0
531 6586 0
531 3517 1
531 453 0
531 5855 0
531 8144 0
531 3574 0
2069 2069 0
2069 4956 0
2069 13355 0
2069 14894 0
2069 4957 0
2069 561 0
2069 13061 0
2069 4958 0
2069 8459 0
2069 1605 0
2069 5724 0
2069 2152 0
2069 5569 0
2069 1160 0
2069 4547 0
2069 1687 0
2069 1221 0
2069 1741 0
2069 3802 0
2069 5855 0
2069 16354 0
2069 3794 1
2069 5380 0
2069 4869 0
2069 13356 0
2069 16153 0
2069 2338 0
2069 4145 0
2069 861 0
2069 2405 1
2069 3729 0
2069 16872 0
2069 3446 0
2069 2937 0
2069 3986 0
2069 937 0
2069 436 0
2069 8144 0
2069 481 0
2069 3561 0
2069 3574 0
13860 2405 1
13860 16349 1
13860 16872 0
18469 4789 0
18469 694 0
18469 2500 0
18469 6739 0
18469 18471 1
18469 16349 1
18469 4958 0
18469 238 0
18469 1653 0
18469 7930 0
2599 2599 0
2599 2605 0
2599 4957 0
2599 561 0
2599 1605 0
2599 6739 0
2599 7165 0
2599 2708 0
2599 1741 0
2599 3802 0
2599 249 0
2599 6401 0
2599 1809 0
2599 8477 0
2599 2338 0
2599 4956 0
2599 861 0
2599 4958 0
2599 869 0
2599 3446 0
2599 3729 0
2599 5004 0
2599 3986 0
2599 3141 0
2599 937 0
2599 6073 1
2599 4256 0
2599 2500 0
2599 16349 1
2599 16872 0
2599 3561 0
13355 137 0
13355 138 0
13355 249 0
13355 4409 0
13355 2405 1
13355 389 0
13355 6619 0
13355 2708 0
13355 16153 0
13355 4786 0
13355 4869 0
13355 13190 0
13355 5004 0
13355 5015 0
13355 5020 0
13355 15535 0
13355 3141 0
13355 1098 0
13355 7266 0
13355 1221 0
13355 5365 0
13355 4547 0
13355 5569 0
13355 3561 0
13355 3574 0
13355 1653 0
13355 18040 0
13355 8477 0
13355 3802 0
13355 5855 0
13355 3866 1
13355 8144 0
13355 16349 1
13356 1605 0
13356 4786 0
13356 6867 0
13356 6401 0
13356 8477 0
13356 2405 1
13356 3446 0
13356 8768 0
13356 13190 0
13356 6586 0
13356 5569 0
13356 4547 0
13356 2500 0
13356 8144 0
2605 2605 0
2605 1605 0
2605 1098 0
2605 6739 0
2605 12943 0
2605 8477 0
2605 1653 0
2605 4256 0
2605 1221 0
2605 18040 0
2605 3802 0
2605 5855 0
2605 13046 0
2605 13061 0
2605 4956 0
2605 4957 0
2605 4958 0
2605 2937 0
2605 5015 0
2605 5004 0
2605 3986 0
2605 5020 0
2605 5981 0
2605 6073 1
2605 9158 0
2605 16349 1
2605 16872 0
2605 3561 0
14894 14894 0
14894 5723 0
14894 5724 0
14894 138 0
14894 2708 0
14894 13479 0
14894 4789 0
14894 3794 1
14894 861 0
14894 8144 0
14894 4687 1
14894 3574 0
861 4145 0
861 2152 0
861 137 0
861 4256 0
861 4409 0
861 6586 0
861 4547 0
861 481 0
861 561 0
861 563 0
861 4687 1
861 2708 0
861 700 0
861 4808 0
861 746 0
861 747 0
861 8954 0
861 4869 0
861 4870 0
861 4872 0
861 827 0
861 4956 0
861 861 0
861 2937 0
861 5004 0
861 5015 0
861 5020 0
861 937 0
861 4957 0
861 4958 0
861 3141 0
861 3142 0
861 1098 0
861 1159 0
861 1160 0
861 1221 0
861 13183 0
861 5432 0
861 3446 0
861 5500 0
861 5569 0
861 1605 0
861 5724 0
861 1653 0
861 1687 0
861 9158 0
861 8477 0
861 1741 0
861 3802 0
861 5855 0
861 5858 0
861 9062 0
861 16153 0
861 1860 0
861 3986 0
4145 4145 0
4145 20710 0
4145 265 0
4145 4376 0
4145 4385 1
4145 4409 0
4145 2405 1
4145 4547 0
4145 2500 0
4145 481 0
4145 561 0
4145 563 0
4145 8768 0
4145 4687 1
4145 6739 0
4145 4784 0
4145 4786 0
4145 4789 0
4145 2750 0
4145 13012 0
4145 746 0
4145 747 0
4145 4869 0
4145 4870 0
4145 4872 0
4145 827 0
4145 4956 0
4145 4957 0
4145 4958 0
4145 16872 0
4145 5015 0
4145 937 0
4145 13243 0
4145 1159 0
4145 1160 0
4145 7326 0
4145 13479 0
4145 5365 0
4145 3422 0
4145 3446 0
4145 3517 1
4145 1605 0
4145 3715 0
4145 1687 0
4145 5855 0
4145 1807 0
4145 1809 0
4145 1860 0
4145 5981 0
4145 3986 0
563 563 0
563 584 1
563 4786 0
563 4789 0
563 5855 0
563 746 0
563 7930 0
563 1809 0
563 4376 0
563 4385 1
563 2338 0
563 561 0
563 5432 0
563 4956 0
563 4957 0
563 9064 0
563 389 0
563 2500 0
563 453 0
563 472 0
563 481 0
3422 3142 0
3422 18040 0
3422 9158 0
3422 20857 0
3422 7930 0
3422 9062 0
3422 16153 0
3422 2338 0
3422 2405 1
4663 4663 2
4663 719 1
4663 747 1
4663 8492 1
4663 5432 1
4663 827 1
8768 4256 0
8768 238 0
8768 4385 1
8768 2338 0
8768 2500 0
8768 6619 0
8768 16872 0
8768 561 0
8768 8768 0
8768 6739 0
8768 6867 0
8768 13061 0
8768 4872 0
8768 4956 0
8768 4957 0
8768 4958 0
8768 869 0
8768 5015 0
8768 5020 0
8768 9158 0
8768 3141 0
8768 1098 0
8768 1159 0
8768 4409 0
8768 3446 0
8768 5500 0
8768 3517 1
8768 5615 0
8768 18040 0
8768 3729 0
8768 1687 0
8768 1741 0
8768 265 0
8768 5981 0
8768 3986 0
8768 16349 1
8768 16354 0
15428 16349 1
15428 4409 0
15428 15428 0
15428 3142 0
15428 1741 0
15428 5981 0
15428 19808 0
15428 2405 1
15428 5373 0
1605 1605 0
1605 584 1
1605 6739 0
1605 1159 0
1605 1687 0
1605 700 0
1605 1741 0
1605 3802 0
1605 5855 0
1605 2338 0
1605 303 0
1605 3446 0
1605 2937 0
1605 5015 0
1605 5004 0
1605 3986 0
1605 5020 0
1605 3517 1
3142 5723 0
3142 561 0
3142 3141 0
3142 3142 0
3142 4687 1
3142 6739 0
3142 5724 0
3142 1160 0
3142 138 0
3142 3729 0
3142 2708 0
3142 1687 0
3142 18040 0
3142 20857 0
3142 5855 0
3142 5365 0
3142 13061 0
3142 4376 0
3142 4385 1
3142 2338 0
3142 13190 0
3142 869 0
3142 9064 0
3142 3986 0
3142 3517 1
3142 16354 0
3142 5616 0
584 584 2
584 137 1
584 138 1
584 7348 1
584 3446 1
584 5858 1
584 746 1
584 7930 1
584 16153 1
584 7456 1
584 827 1
584 13190 1
584 19808 1
584 6005 1
584 11154 1
584 2500 1
584 7165 1
1098 13061 0
1098 1098 0
1098 1653 0
1098 18040 0
1098 12943 0
1098 4256 0
1098 2937 0
1098 3802 0
1098 238 0
1098 13046 0
1098 5373 0
1098 8477 0
1098 4956 0
1098 4957 0
1098 4958 0
1098 5004 0
1098 3986 0
1098 5015 0
1098 5020 0
1098 3517 1
1098 9158 0
1098 16349 1
1098 3561 0
4687 3141 1
4687 5723 1
4687 5724 1
4687 1653 1
4687 1160 1
4687 1687 1
4687 4256 1
4687 694 1
4687 700 1
4687 1221 1
4687 4808 1
4687 1741 1
4687 3802 1
4687 746 1
4687 747 1
4687 6401 1
4687 8477 1
4687 2338 1
4687 827 1
4687 6522 1
4687 5523 1
4687 2500 1
4687 9158 1
4687 6655 1
6739 137 0
6739 138 0
6739 4256 0
6739 238 0
6739 4376 0
6739 2338 0
6739 2405 1
6739 6522 0
6739 6586 0
6739 4547 0
6739 20857 0
6739 6655 0
6739 6739 0
6739 2708 0
6739 6867 0
6739 4870 0
6739 7303 0
6739 4957 0
6739 4958 0
6739 2937 0
6739 5004 0
6739 5015 0
6739 5020 0
6739 3141 0
6739 7266 0
6739 9062 0
6739 1159 0
6739 15535 0
6739 5365 0
6739 5373 0
6739 5380 0
6739 7456 0
6739 13190 0
6739 5500 0
6739 5569 0
6739 3561 0
6739 12943 0
6739 1653 0
6739 8477 0
6739 1741 0
6739 3802 0
6739 5981 0
6739 3986 0
6739 16349 1
16313 561 0
16313 2668 1
16313 1687 0
16313 5855 0
16313 5858 0
16313 3517 1
16313 3561 0
5723 4786 0
5723 561 0
5723 3141 0
5723 5723 0
5723 5724 0
5723 5569 0
5723 4547 0
5723 2708 0
5723 1687 0
5723 188 0
5723 3794 1
5723 16153 0
5723 1809 0
5723 827 0
5723 1860 0
5723 8144 0
5723 869 0
5723 389 0
5723 5015 0
5723 7165 0
5724 4957 0
5724 561 0
5724 3141 0
5724 5724 0
5724 2708 0
5724 1687 0
5724 13479 0
5724 188 0
5724 1653 0
5724 3794 1
5724 3802 0
5724 16153 0
5724 4956 0
5724 4958 0
5724 869 0
5724 389 0
5724 8144 0
5724 3574 0
5724 6655 0
869 561 0
869 4376 0
869 1653 0
869 5569 0
869 3729 0
869 1687 0
869 453 0
869 8477 0
869 4786 0
869 1221 0
869 1741 0
869 3794 1
869 3802 0
869 20710 0
869 6867 0
869 4872 0
869 4409 0
869 5855 0
869 869 0
869 9062 0
869 3446 0
869 13183 0
869 389 0
869 13190 0
869 5523 0
869 481 0
7266 13061 0
7266 18471 1
7266 7266 0
7266 13479 0
7266 5855 0
7266 8477 0
7266 16354 0
7266 6005 0
7266 2937 0
7266 3986 0
7266 3561 0
2152 561 0
2152 2152 0
2152 16354 0
2152 1160 0
2152 3729 0
2152 1687 0
2152 1741 0
2152 5855 0
2152 8459 0
2152 2405 1
2152 18802 0
2152 4547 0
2152 8144 0
2152 6619 0
2152 5615 0
2152 5616 0
188 4869 0
188 1809 0
188 389 0
188 561 0
188 3517 1
188 453 0
188 8144 0
188 2405 1
188 3574 0
2668 2668 2
2668 4808 1
2668 719 1
2668 5855 1
2668 5858 1
2668 3866 2
2668 2338 1
2668 303 1
2668 2355 1
2668 2359 1
2668 3561 1
2668 2967 1
2668 4546 1
2668 7165 1
1653 8477 0
1653 389 0
1653 481 0
1653 694 0
1653 700 0
1653 827 0
1653 9062 0
1653 9064 0
1653 9158 0
1653 1160 0
1653 1221 0
1653 1653 0
1653 18040 0
1653 1809 0
1653 2338 0
1653 18802 0
1653 2937 0
1653 3141 0
1653 3561 0
1653 3729 0
1653 3802 0
1653 3986 0
1653 19808 0
1653 4256 0
1653 4409 0
1653 4547 0
1653 12943 0
1653 13046 0
1653 13061 0
1653 4956 0
1653 4957 0
1653 5004 0
1653 5015 0
1653 5020 0
1653 4958 0
1653 5380 0
1653 5523 0
1653 5616 0
1653 5855 0
1653 6073 1
1653 6867 0
1653 7165 0
1653 16349 1
1653 16354 0
18040 9062 0
18040 12943 0
18040 4256 0
18040 3794 1
18040 6867 0
18040 2937 0
18040 3802 0
18040 13046 0
18040 13061 0
18040 8477 0
18040 5004 0
18040 5015 0
18040 5020 0
18040 9158 0
18040 16349 1
18040 481 0
18040 3561 0
4729 4870 0
4729 4872 0
4729 453 0
4729 4784 0
4729 2750 0
4729 1860 0
4729 1221 0
4729 4956 0
4729 4957 0
4729 2405 1
3715 2405 1
3715 20857 0
3715 4956 0
7303 5981 0
7303 10677 0
7303 7303 0
7303 700 0
7303 1741 0
7303 6401 0
7303 13061 0
7303 303 0
7303 4385 1
7303 3986 0
7303 3517 1
1160 137 0
1160 6867 0
1160 265 0
1160 2405 1
1160 4546 0
1160 2500 0
1160 561 0
1160 746 0
1160 4957 0
1160 1159 0
1160 1160 0
1160 1221 0
1160 5365 0
1160 4409 0
1160 3446 0
1160 5523 0
1160 3729 0
1160 1687 0
1160 1741 0
1160 5855 0
1160 5858 0
1160 5432 0
137 4958 0
137 137 0
137 4956 0
137 4957 0
137 389 0
137 3986 0
137 3517 1
137 4547 0
137 453 0
137 481 0
138 4956 0
138 238 0
138 2338 0
138 4957 0
138 4958 0
138 20857 0
138 389 0
138 3986 0
138 3517 1
12943 3517 1
12943 2937 0
12943 4256 0
12943 3802 0
12943 13046 0
12943 8477 0
12943 5004 0
12943 5981 0
12943 3986 0
12943 5015 0
12943 5020 0
12943 9158 0
12943 16349 1
12943 3561 0
3729 18802 0
3729 8459 0
3729 4409 0
3729 2405 1
3729 20857 0
3729 4547 0
3729 2500 0
3729 6619 0
3729 561 0
3729 6867 0
3729 4870 0
3729 4872 0
3729 827 0
3729 7165 0
3729 3141 0
3729 1221 0
3729 5365 0
3729 5432 0
3729 5500 0
3729 3517 1
3729 5615 0
3729 5616 0
3729 3729 0
3729 1687 0
3729 1741 0
3729 3802 0
3729 5855 0
3729 5858 0
3729 1809 0
3729 16153 0
3729 5981 0
2708 265 0
2708 8492 0
2708 2500 0
2708 6867 0
2708 13061 0
2708 827 0
2708 7348 0
2708 1221 0
2708 453 0
2708 5432 0
2708 3446 0
2708 3561 0
2708 1741 0
2708 3794 1
2708 3802 0
2708 5855 0
2708 5981 0
2708 3986 0
2708 6073 1
2708 8144 0
2708 16354 0
16153 436 0
16153 1159 0
16153 5569 0
16153 2405 1
16153 3986 0
7326 389 0
7326 4376 0
7326 4385 1
7326 3517 1
7326 3141 0
4256 2937 0
4256 238 0
4256 249 0
4256 8477 0
4256 2500 0
4256 13061 0
4256 13012 0
4256 13046 0
4256 5004 0
4256 2967 0
4256 5020 0
4256 9158 0
4256 3141 0
4256 1159 0
4256 5365 0
4256 5015 0
4256 3561 0
4256 1741 0
4256 3802 0
4256 5855 0
4256 5981 0
4256 3986 0
4256 16349 1
13479 1221 0
13479 3794 1
13479 13012 0
13479 8954 0
13479 5380 0
13479 4956 0
13479 5981 0
13479 2405 1
13479 6005 0
13479 13190 0
13479 937 0
13479 3574 0
15535 13061 0
15535 3986 0
15535 4385 1
15535 2338 0
15535 3517 1
15535 9158 0
15535 1741 0
15535 7930 0
4784 389 0
4784 4870 0
4784 4872 0
4784 2500 0
4784 453 0
4784 827 0
4784 2750 0
4784 1860 0
4784 1221 0
4784 4956 0
4784 4957 0
4784 2405 1
4784 20710 0
4784 9064 0
4784 8954 0
4786 5981 0
4786 561 0
4786 3141 0
4786 8477 0
4786 265 0
4786 1860 0
4786 4956 0
4786 4957 0
4786 4958 0
4786 2405 1
4786 5015 0
4786 3986 0
4786 5020 0
4786 937 0
4786 6586 0
4786 4547 0
4786 2500 0
7348 3986 0
4789 2405 1
4789 4789 0
4789 700 0
4789 1741 0
4789 5855 0
4789 5380 0
4789 1809 0
4789 561 0
4789 5432 0
4789 4956 0
4789 4957 0
4789 4958 0
4789 6005 0
4789 389 0
4789 11154 0
4789 937 0
4789 13243 0
4789 481 0
694 13061 0
694 4291 0
694 3517 1
3770 3866 1
3770 5432 0
3770 3770 0
3770 3517 1
3770 5365 0
700 561 0
700 700 0
700 4869 0
700 5432 0
700 4547 0
700 3446 0
700 3517 1
700 4546 0
700 7165 0
2750 4870 0
2750 4872 0
2750 1860 0
2750 2500 0
2750 453 0
2750 4956 0
2750 4957 0
2750 2405 1
4291 5004 0
4291 3986 0
4291 4376 0
4291 827 0
4291 3517 1
4291 4385 1
1221 3446 0
1221 4409 0
1221 2405 1
1221 4547 0
1221 2500 0
1221 16872 0
1221 561 0
1221 719 0
1221 1159 0
1221 827 0
1221 5004 0
1221 937 0
1221 1221 0
1221 5432 0
1221 5569 0
1221 3574 0
1221 16354 0
1221 1741 0
1221 3802 0
1221 5855 0
1221 9062 0
1221 5981 0
1221 3986 0
1221 6094 0
4808 3986 0
4808 3561 0
1741 8459 0
1741 2338 0
1741 4409 0
1741 20857 0
1741 6586 0
1741 4546 0
1741 4547 0
1741 2500 0
1741 6619 0
1741 481 0
1741 6655 0
1741 561 0
1741 719 0
1741 6867 0
1741 8954 0
1741 827 0
1741 5004 0
1741 5015 0
1741 9158 0
1741 2937 0
1741 5365 0
1741 5432 0
1741 3446 0
1741 5523 0
1741 5616 0
1741 1687 0
1741 8477 0
1741 1741 0
1741 3802 0
1741 5855 0
1741 9062 0
1741 8144 0
1741 16354 0
719 719 0
719 3866 1
719 4956 0
719 4957 0
719 4958 0
719 3986 0
719 2967 0
719 3561 0
3794 561 1
3794 19808 1
3794 2405 2
3794 1159 1
3794 1687 1
3794 3802 1
3794 8954 1
3794 5380 1
3794 4869 1
3794 4870 1
3794 4872 1
3794 1809 1
3794 4956 1
3794 4957 1
3794 4958 1
3794 9064 1
3794 3446 1
3794 13183 1
3794 389 1
3794 9125 1
3794 3517 2
3794 4547 1
3794 453 1
3794 8144 1
3794 472 1
3794 6619 1
3794 481 1
3794 16354 1
3794 3574 1
6867 5380 0
6867 13061 0
6867 3141 0
6867 5615 0
6867 238 0
6867 4385 1
6867 2338 0
6867 16349 1
6867 5981 0
6867 5500 0
6867 3986 0
6867 6867 0
6867 436 0
6867 3517 1
6867 4547 0
6867 6619 0
6867 16872 0
13012 4869 0
13012 8477 0
13012 4385 1
13012 8492 0
13012 5981 0
13012 4956 0
13012 6522 0
13012 13190 0
13012 3517 1
13012 6655 0
20857 4376 0
20857 7456 0
20857 4385 1
20857 3986 0
20857 9631 0
20857 3517 1
20857 9158 0
20857 16349 1
3802 249 0
3802 8477 0
3802 2338 0
3802 4409 0
3802 4546 0
3802 13061 0
3802 13046 0
3802 827 0
3802 4956 0
3802 4957 0
3802 4958 0
3802 3561 0
3802 5004 0
3802 5015 0
3802 5020 0
3802 9158 0
3802 3141 0
3802 2937 0
3802 5432 0
3802 3446 0
3802 5569 0
3802 3802 0
3802 5855 0
3802 5981 0
3802 3986 0
3802 8144 0
3802 16349 1
5855 7165 0
5855 2405 1
5855 389 0
5855 4547 0
5855 2500 0
5855 472 0
5855 6619 0
5855 481 0
5855 13061 0
5855 561 0
5855 453 0
5855 746 0
5855 4869 0
5855 4872 0
5855 827 0
5855 13190 0
5855 4956 0
5855 5004 0
5855 5015 0
5855 937 0
5855 4957 0
5855 3141 0
5855 9064 0
5855 5365 0
5855 5373 0
5855 5380 0
5855 5432 0
5855 3446 0
5855 18802 0
5855 3561 0
5855 5615 0
5855 5616 0
5855 8459 0
5855 1687 0
5855 5855 0
5855 5858 0
5855 7930 0
5855 5981 0
5855 6005 0
5855 16354 0
5858 561 0
5858 1687 0
5858 5858 0
5858 746 0
5858 4385 1
5858 827 0
5858 16354 0
5858 6005 0
5858 3446 0
5858 747 0
5858 937 0
5858 2500 0
20710 7165 0
20710 4385 1
20710 561 0
20710 937 0
20710 453 0
20710 2405 1
746 4957 0
746 561 0
746 1687 0
746 746 0
746 4869 0
746 4870 0
746 4872 0
746 5432 0
746 827 0
746 1860 0
746 4956 0
746 4958 0
746 747 0
746 6655 0
18471 5500 1
18471 238 1
18471 5015 1
14546 6401 1
14546 2967 1
14546 2841 1
14546 6094 1
238 9064 0
238 13061 0
238 2338 0
238 3986 0
238 5500 0
238 5015 0
238 5020 0
238 9158 0
238 16349 1
238 16354 0
5365 561 0
5365 1687 0
5365 5365 0
5365 4869 0
5365 1807 0
5365 3866 1
5365 4385 1
5365 5432 0
5365 4409 0
5365 4956 0
5365 9062 0
5365 3446 0
5365 3986 0
5365 5523 0
5365 2500 0
5365 8954 0
5365 16872 0
5365 5615 0
5365 5616 0
13046 2937 0
13046 8477 0
13046 5004 0
13046 5015 0
13046 5020 0
13046 3517 1
13046 9158 0
13046 16349 1
13046 3561 0
249 13061 0
249 3141 0
249 2338 0
249 5004 0
249 3986 0
249 3517 1
8954 13183 0
8954 389 0
8954 13190 0
8954 9631 0
8954 937 0
8954 561 0
8954 3517 1
8954 453 0
8954 4385 1
8954 8144 0
8954 472 0
8954 4956 0
8954 481 0
8954 2405 1
8954 3574 0
8954 8954 0
8954 6655 0
5373 3141 0
5373 5373 0
5373 6401 0
5373 8477 0
5373 4409 0
5373 2937 0
5373 5015 0
5373 10677 0
5373 16349 1
6401 1809 0
6401 1687 0
6401 6401 0
6401 303 0
6401 3986 0
6401 389 0
6401 19808 0
5380 1687 0
5380 5380 0
5380 561 0
5380 5981 0
5380 9062 0
5380 4547 0
5380 2500 0
5380 8144 0
5380 3574 0
13061 8477 0
13061 4409 0
13061 436 0
13061 6586 0
13061 4547 0
13061 4870 0
13061 827 0
13061 4956 0
13061 2937 0
13061 13190 0
13061 5004 0
13061 5015 0
13061 13061 0
13061 3141 0
13061 7456 0
13061 3866 1
13061 5981 0
13061 16349 1
4870 4957 0
4870 561 0
4870 747 0
4870 4869 0
4870 4872 0
4870 4376 0
4870 4385 1
4870 827 0
4870 4956 0
4870 5981 0
4870 4958 0
4870 2405 1
4870 16872 0
4870 389 0
4870 3517 1
4870 4547 0
4870 8144 0
4870 481 0
4870 3574 0
4872 2405 1
4872 8144 0
4872 4869 0
4872 4376 0
4872 561 0
4872 4956 0
4872 4957 0
4872 4958 0
4872 389 0
4872 3986 0
4872 3517 1
4872 2500 0
4872 3574 0
4872 16872 0
265 3141 0
265 2405 1
265 265 0
265 2338 0
265 4409 0
265 6586 0
265 4547 0
265 2500 0
8459 1687 0
8459 561 0
8459 18802 0
8459 6619 0
8459 2405 1
8459 5615 0
8459 5616 0
1807 1807 0
1807 2338 0
1807 561 0
1807 827 0
1807 4956 0
1807 4958 0
1807 4957 0
1807 3517 1
1807 453 0
1807 5616 0
1809 389 0
1809 937 0
1809 5981 0
1809 561 0
1809 3517 1
1809 453 0
1809 8144 0
1809 481 0
1809 3986 0
1809 3574 0
4376 4869 0
4376 3986 0
4376 4376 0
4376 9631 0
4376 13190 0
4376 3517 1
4376 453 0
4376 5981 0
4376 2405 1
4376 3561 0
2841 6073 1
3866 2355 1
3866 2359 1
3866 4409 1
3866 6005 1
3866 6522 1
8477 2937 0
8477 2338 0
8477 4956 0
8477 4957 0
8477 4958 0
8477 5004 0
8477 5015 0
8477 5020 0
8477 9158 0
8477 2967 0
8477 3561 0
8477 5981 0
8477 3986 0
8477 16349 1
8477 16354 0
7456 7456 0
7456 3986 0
4385 16307 1
4385 4547 1
4385 9631 1
4385 561 1
4385 3517 2
4385 3141 1
4385 13190 1
4385 5981 1
4385 2405 2
4385 6655 1
2338 2338 0
2338 4409 0
2338 2937 0
2338 2967 0
2338 5020 0
2338 5981 0
2338 5432 0
2338 4547 0
2338 1687 0
2338 3986 0
561 4409 0
561 2405 1
561 389 0
561 6586 0
561 4547 0
561 2500 0
561 472 0
561 6619 0
561 481 0
561 6655 0
561 561 0
561 453 0
561 747 0
561 4869 0
561 827 0
561 4956 0
561 4957 0
561 4958 0
561 9062 0
561 9064 0
561 13183 0
561 9158 0
561 5432 0
561 5523 0
561 9631 0
561 18802 0
561 3517 1
561 5569 0
561 5615 0
561 5616 0
561 3574 0
561 937 0
561 1687 0
561 5981 0
561 6005 0
561 8144 0
1159 9158 0
1159 1159 0
1159 1687 0
1159 6005 0
1159 389 0
1159 3517 1
1159 4546 0
1159 472 0
1159 3574 0
8492 8492 0
8492 5981 0
303 303 0
303 11154 0
303 3517 1
2355 4546 0
2355 2355 0
2355 2359 0
2355 5432 0
4869 747 0
4869 4869 0
4869 827 0
4869 4956 0
4869 4957 0
4869 4958 0
4869 2405 1
4869 389 0
4869 3986 0
4869 6586 0
4869 3517 1
4869 2500 0
4869 8144 0
4869 3574 0
4869 6655 0
5432 389 0
5432 4546 0
5432 4547 0
5432 2500 0
5432 453 0
5432 747 0
5432 827 0
5432 2967 0
5432 7165 0
5432 5432 0
5432 5523 0
5432 1687 0
5432 5981 0
5432 6005 0
5432 6073 1
4409 4409 0
4409 389 0
4409 436 0
4409 6586 0
4409 4547 0
4409 481 0
4409 827 0
4409 4956 0
4409 9062 0
4409 2937 0
4409 10677 0
4409 19808 0
4409 5569 0
4409 3561 0
4409 5616 0
4409 1687 0
4409 5981 0
4409 3986 0
4409 16349 1
827 6522 0
827 481 0
827 747 0
827 827 0
827 4956 0
827 4957 0
827 4958 0
827 937 0
827 7165 0
827 5569 0
827 1860 0
827 5981 0
827 1687 0
827 3986 0
827 16354 0
1860 3986 0
1860 2405 1
1860 3561 0
1860 1687 0
1860 3574 0
4956 389 0
4956 6586 0
4956 4547 0
4956 453 0
4956 747 0
4956 4956 0
4956 4957 0
4956 4958 0
4956 2937 0
4956 13183 0
4956 5004 0
4956 5020 0
4956 13243 0
4956 19808 0
4956 9631 0
4956 3517 1
4956 3561 0
4956 3574 0
4956 9125 0
4956 5981 0
4956 3986 0
4956 8144 0
5981 472 0
5981 1687 0
5981 3141 0
5981 2500 0
5981 3446 0
5981 3517 1
5981 3561 0
5981 3574 0
5981 3986 0
5981 4957 0
5981 4958 0
5981 13190 0
5981 5004 0
5981 5015 0
5981 5981 0
5981 6005 0
5981 6522 0
5981 7165 0
4958 6586 0
4958 4547 0
4958 453 0
4958 747 0
4958 4957 0
4958 4958 0
4958 2937 0
4958 13183 0
4958 5004 0
4958 5020 0
4958 3574 0
4958 19808 0
4958 3517 1
4958 3561 0
4958 8144 0
19808 6522 0
19808 436 0
19808 4957 0
19808 9062 0
2405 1687 1
2405 9062 1
2405 3986 1
2405 18802 1
2405 389 1
2405 937 1
2405 436 1
2405 10677 1
2405 6586 1
2405 13243 1
2405 3517 2
2405 5569 1
2405 4546 1
2405 4547 1
2405 453 1
2405 8144 1
2405 472 1
2405 6619 1
2405 481 1
2405 16872 1
2405 5615 1
2405 5616 1
2405 3574 1
9062 1687 0
9062 16872 0
9062 4957 0
9062 9062 0
9062 3986 0
9062 3561 0
9064 13190 0
9064 9064 0
9064 3446 0
9064 389 0
9064 4547 0
9064 453 0
9064 8144 0
9064 16354 0
11154 2967 0
11154 3517 1
18802 6619 0
18802 5615 0
18802 5616 0
6005 3141 0
6005 6005 0
6005 3446 0
3446 2500 0
3446 453 0
3446 6619 0
3446 2937 0
3446 7165 0
3446 3446 0
3446 389 0
3446 3574 0
3446 1687 0
3446 8144 0
2937 4547 0
2937 16872 0
2937 4957 0
2937 5004 0
2937 5015 0
2937 5020 0
2937 9158 0
2937 5500 0
2937 3561 0
2937 1687 0
2937 3986 0
2937 6073 1
2937 6094 0
2937 8144 0
2937 16349 1
6522 7165 0
5500 16349 1
13183 389 0
13183 4547 0
13183 453 0
13183 4957 0
747 1687 0
747 4957 0
747 4547 0
747 16354 0
747 7165 0
389 1687 0
389 4957 0
389 389 0
389 13190 0
389 9125 0
389 937 0
389 6586 0
389 3517 1
389 4547 0
389 2500 0
389 453 0
389 8144 0
389 3574 0
13190 10677 0
13190 3141 0
13190 13190 0
13190 481 0
5015 5004 0
5015 5015 0
5015 5020 0
5015 9158 0
5015 3141 0
5015 3517 1
5015 3561 0
5015 3986 0
5015 16349 1
5015 16354 0
5004 4957 0
5004 5020 0
5004 9158 0
5004 3141 0
5004 3561 0
5004 3986 0
5004 16349 1
3986 436 0
3986 16872 0
3986 9158 0
3986 2967 0
3986 3141 0
3986 3517 1
3986 3561 0
3986 3574 0
3986 3986 0
3986 4547 0
3986 5020 0
3986 5523 0
3986 5569 0
3986 6586 0
3986 7930 0
3986 8144 0
3986 16349 1
5523 4957 0
5523 1687 0
5523 5523 0
5523 2500 0
5523 16354 0
5523 3561 0
2967 2967 0
2967 4546 0
5020 4957 0
5020 436 0
5020 3517 1
5020 9158 0
5020 16349 1
5020 3561 0
3141 3141 0
3141 3517 1
3141 481 0
3141 5616 0
4957 6586 0
4957 4547 0
4957 453 0
4957 3517 1
4957 3561 0
4957 3574 0
4957 8144 0
9125 4547 0
9125 3561 0
9125 453 0
937 4547 0
937 453 0
16307 3517 1
436 5569 0
436 3561 0
10677 6586 0
10677 4547 0
10677 16349 1
6073 6094 1
6073 6073 2
6586 1687 0
6586 453 0
6586 16872 0
6586 6586 0
6586 3517 1
6586 2500 0
6586 481 0
3517 7930 1
3517 9631 1
3517 8144 1
3517 4547 1
3517 472 1
3517 481 1
3517 3574 1
5569 5569 0
5569 481 0
5569 3561 0
4546 4546 0
4547 1687 0
4547 16872 0
4547 4547 0
4547 453 0
4547 3574 0
2500 472 0
2500 16872 0
2500 453 0
2500 9158 0
2500 2500 0
2500 5615 0
2500 1687 0
453 1687 0
453 453 0
453 3574 0
9158 16349 1
9158 3561 0
6094 6094 0
8144 1687 0
8144 472 0
8144 6619 0
8144 481 0
8144 16872 0
8144 3574 0
9631 481 0
472 472 0
472 481 0
472 3561 0
472 3574 0
6619 5615 0
6619 5616 0
6619 3574 0
481 481 0
481 3561 0
481 3574 0
481 6655 0
16354 1687 0
16354 16349 1
16354 16354 0
16354 6655 0
3561 7165 0
3561 16349 1
16349 16349 2
1687 7165 0
1687 3574 0
1687 1687 0
5615 5616 0
5616 5616 0
3574 3574 0
7165 7165 0
