2048 2048 0
2048 16388 0
2048 20 0
2048 6165 0
2048 6167 0
2048 53 0
2048 4256 0
2048 2249 0
2048 6359 0
2048 237 0
2048 16308 0
2048 2338 0
2048 389 0
2048 4547 0
2048 2594 0
2048 2599 0
2048 2600 0
2048 2606 0
2048 6739 0
2048 6741 0
2048 4746 1
2048 2709 0
2048 8867 0
2048 5578 0
2048 4956 0
2048 861 0
2048 4958 0
2048 2936 0
2048 5029 0
2048 2997 0
2048 5072 0
2048 13355 0
2048 4957 0
2048 5188 0
2048 5243 0
2048 15504 0
2048 3236 0
2048 13512 0
2048 3283 1
2048 1259 0
2048 3426 0
2048 1383 0
2048 1384 0
2048 19840 0
2048 19879 0
2048 1472 0
2048 1591 0
2048 5772 1
2048 1680 0
2048 16022 0
2048 1687 0
2048 1741 0
2048 7893 0
2048 3802 0
2048 1765 0
2048 14072 0
2048 5893 0
2048 8503 0
2048 3927 0
2048 5981 0
2048 5994 0
2048 16241 0
2048 3986 0
2048 1943 0
2048 18341 0
2048 6065 0
2048 6068 0
2048 2722 0
6147 6147 0
6147 20 0
6147 6165 0
6147 8389 0
6147 4155 0
6147 4256 0
6147 1736 0
6147 8377 0
6147 2249 0
6147 4311 0
6147 263 0
6147 8467 0
6147 8469 1
6147 2331 0
6147 10535 0
6147 338 0
6147 18902 0
6147 4463 0
6147 6560 0
6147 6561 0
6147 4524 0
6147 4525 0
6147 6583 0
6147 495 0
6147 2583 0
6147 4641 0
6147 2594 0
6147 6730 1
6147 4739 0
6147 4745 1
6147 2722 0
6147 4803 0
6147 14072 0
6147 6867 0
6147 729 0
6147 13061 0
6147 11038 0
6147 2861 0
6147 4916 0
6147 4925 0
6147 2962 1
6147 5025 0
6147 5029 0
6147 2997 0
6147 972 0
6147 15309 0
6147 5080 0
6147 988 0
6147 11236 0
6147 13355 0
6147 5188 0
6147 1098 0
6147 5204 0
6147 5243 0
6147 17534 0
6147 1170 0
6147 1221 0
6147 1223 0
6147 19879 0
6147 19689 0
6147 1259 0
6147 3352 0
6147 3356 0
6147 1335 0
6147 3426 0
6147 1383 0
6147 1384 0
6147 1385 0
6147 5529 0
6147 5640 0
6147 6065 0
6147 7077 0
6147 1620 0
6147 5723 0
6147 1638 0
6147 1653 0
6147 8375 0
6147 3729 0
6147 1741 0
6147 5855 0
6147 5937 0
6147 3927 0
6147 8024 0
6147 21340 0
6147 5994 0
6147 8065 0
6147 18098 0
6147 3986 0
6147 1943 0
6147 16308 0
6147 14319 0
6147 14675 0
4100 4100 0
4100 6165 0
4100 1062 1
4100 568 0
4100 865 0
4100 1620 0
4100 6754 0
4100 1674 0
4100 7317 0
4100 168 0
4100 1221 0
4100 1223 0
4100 1741 0
4100 4339 0
4100 3352 0
4100 3353 0
4100 287 0
4100 2338 0
4100 827 0
4100 861 0
4100 863 0
4100 866 0
4100 1927 1
4100 5525 0
4100 4536 0
4100 11236 0
6153 6153 0
6153 6669 0
6153 2069 0
6153 6167 0
6153 13061 0
6153 2594 0
6153 5723 0
6153 7721 0
6153 13355 0
6153 13356 0
6153 4957 0
6153 561 0
6153 3634 0
6153 7740 0
6153 6739 0
6153 1620 0
6153 1638 0
6153 117 0
6153 5772 1
6153 5773 1
6153 3729 0
6153 4547 0
6153 2708 0
6153 16022 0
6153 5487 0
6153 3266 0
6153 3267 0
6153 1221 0
6153 1741 0
6153 7893 0
6153 729 0
6153 3802 0
6153 1765 0
6153 722 1
6153 301 0
6153 4916 0
6153 337 0
6153 338 0
6153 4956 0
6153 861 0
6153 4958 0
6153 15504 0
6153 3426 0
6153 5994 0
6153 4459 0
6153 4925 0
6153 2936 0
6153 8065 0
6153 389 0
6153 3986 0
6153 6560 0
6153 1943 0
6153 6065 0
6153 16308 0
6153 2997 0
6153 1472 0
6153 3533 0
6153 481 0
6153 11236 0
2059 2059 0
2059 20 0
2059 5469 0
2059 4300 0
2059 4339 0
2059 287 0
2059 4524 0
2059 4536 0
2059 2635 0
2059 14925 0
2059 795 0
2059 729 0
2059 13061 0
2059 807 0
2059 827 0
2059 4925 0
2059 1022 0
2059 5253 0
2059 1170 0
2059 1197 0
2059 1259 0
2059 1335 0
2059 3469 0
2059 5523 0
2059 5578 0
2059 15893 0
2059 1680 0
2059 5785 0
2059 3844 0
2059 1885 1
2059 1927 1
2059 1943 0
2059 3745 0
2733 4579 1
2733 3283 1
2733 1667 0
2733 18332 0
20 20 0
20 2069 0
20 8287 0
20 117 0
20 6165 0
20 4300 0
20 4339 0
20 287 0
20 2338 0
20 389 0
20 6560 0
20 4536 0
20 4547 0
20 3844 0
20 561 0
20 6754 0
20 2708 0
20 8867 0
20 1478 0
20 706 0
20 711 0
20 4822 0
20 729 0
20 827 0
20 861 0
20 863 0
20 865 0
20 866 0
20 892 0
20 2962 1
20 21396 0
20 3043 0
20 1158 0
20 1170 0
20 3266 0
20 1259 0
20 5456 0
20 5469 0
20 1384 0
20 5487 0
20 2635 0
20 1620 0
20 5723 0
20 1667 0
20 1687 0
20 5785 0
20 1741 0
20 7893 0
20 5855 0
20 1765 0
20 988 0
20 5981 0
20 1927 1
20 3986 0
20 1957 0
6165 2069 0
6165 16388 0
6165 53 0
6165 4155 0
6165 4256 0
6165 168 0
6165 6359 0
6165 6165 0
6165 263 0
6165 8467 0
6165 287 0
6165 2338 0
6165 337 0
6165 4465 0
6165 4524 0
6165 4525 0
6165 4534 0
6165 6583 0
6165 4536 0
6165 6586 0
6165 4547 0
6165 19879 0
6165 2594 0
6165 2599 0
6165 2600 0
6165 2602 0
6165 2606 0
6165 561 0
6165 481 0
6165 6739 0
6165 6741 0
6165 6754 0
6165 2703 0
6165 2708 0
6165 2709 0
6165 2722 0
6165 8893 0
6165 14072 0
6165 6867 0
6165 729 0
6165 861 0
6165 2997 0
6165 5087 0
6165 1022 0
6165 5204 0
6165 5243 0
6165 5254 0
6165 3236 0
6165 13512 0
6165 3283 1
6165 3284 0
6165 1259 0
6165 3426 0
6165 1383 0
6165 7064 0
6165 5529 0
6165 1472 0
6165 7633 0
6165 3561 0
6165 7698 0
6165 15893 0
6165 1573 0
6165 1591 0
6165 16308 0
6165 7740 0
6165 1620 0
6165 1638 0
6165 1680 0
6165 3745 0
6165 7893 0
6165 3802 0
6165 5855 0
6165 1765 0
6165 5893 0
6165 5981 0
6165 16241 0
6165 8065 0
6165 1927 1
6165 3986 0
6165 1943 0
6165 18332 0
6165 12954 0
6165 6065 0
6165 6068 0
6165 8867 0
6165 8160 0
6165 4081 0
6167 16388 0
6167 6167 0
6167 13061 0
6167 8065 0
6167 2600 0
6167 2602 0
6167 6739 0
6167 1638 0
6167 8469 1
6167 1223 0
6167 3283 1
6167 7893 0
6167 8918 0
6167 1765 0
6167 6904 0
6167 4371 0
6167 8995 0
6167 7699 0
6167 1383 0
6167 1384 0
6167 3986 0
6167 1943 0
6167 12954 0
6167 16295 0
6167 6065 0
6167 16308 0
6167 2997 0
6167 6584 1
6167 3561 0
16388 4256 0
16388 237 0
16388 238 0
16388 338 0
16388 6584 1
16388 6586 0
16388 6669 0
16388 2594 0
16388 2600 0
16388 2602 0
16388 2606 0
16388 6739 0
16388 6741 0
16388 2722 0
16388 15504 0
16388 13061 0
16388 4916 0
16388 4956 0
16388 4957 0
16388 4958 0
16388 3561 0
16388 2936 0
16388 7077 0
16388 861 0
16388 1098 0
16388 7698 0
16388 5243 0
16388 7317 0
16388 13512 0
16388 3283 1
16388 3284 0
16388 1379 0
16388 3429 0
16388 1383 0
16388 1384 0
16388 19879 0
16388 7635 0
16388 5029 0
16388 1591 0
16388 1653 0
16388 3729 0
16388 3356 0
16388 1736 0
16388 7893 0
16388 3802 0
16388 8024 0
16388 8065 0
16388 3986 0
16388 18332 0
16388 12954 0
16388 16292 0
16388 16295 0
16388 16308 0
8220 11294 0
8220 2635 0
8220 8918 0
8220 1244 1
8220 4579 1
8220 7402 0
29 25 0
29 29 0
29 30 0
29 31 0
29 4641 0
29 1572 0
29 1573 0
29 45 0
29 6739 0
29 1626 0
29 2144 1
29 2695 1
29 3236 0
29 685 0
29 711 0
29 13185 0
29 19760 0
29 18759 0
29 1379 0
29 3986 0
29 2470 0
29 2472 0
29 11197 0
29 2500 0
29 457 0
29 6627 0
30 13185 0
30 2695 1
30 25 0
30 18759 0
30 1572 0
30 1573 0
30 2470 0
30 2472 0
30 45 0
30 19760 0
30 11197 0
30 711 0
30 457 0
30 1626 0
30 2144 1
30 6627 0
30 31 0
31 13185 0
31 2695 1
31 25 0
31 1572 0
31 1573 0
31 2470 0
31 2472 0
31 18759 0
31 45 0
31 19760 0
31 18227 0
31 11197 0
31 711 0
31 457 0
31 1620 0
31 1626 0
31 2144 1
31 6627 0
45 13185 0
45 2695 1
45 4745 1
45 5143 0
45 25 0
45 1572 0
45 1573 0
45 2470 0
45 2472 0
45 18759 0
45 19760 0
45 11197 0
45 711 0
45 457 0
45 1626 0
45 3426 0
45 6627 0
45 7507 0
53 53 0
53 117 0
53 4256 0
53 168 0
53 6359 0
53 250 0
53 287 0
53 2338 0
53 301 0
53 8503 0
53 337 0
53 338 0
53 4463 0
53 4464 0
53 4465 0
53 4536 0
53 2500 0
53 2501 0
53 6604 0
53 19879 0
53 2594 0
53 2599 0
53 2606 0
53 6741 0
53 2695 1
53 2703 0
53 2708 0
53 2722 0
53 8867 0
53 6867 0
53 729 0
53 5253 0
53 9009 0
53 4956 0
53 4957 0
53 4958 0
53 7064 0
53 5029 0
53 2997 0
53 5080 0
53 988 0
53 1022 0
53 21340 0
53 861 0
53 5243 0
53 5245 0
53 15504 0
53 1170 0
53 3283 1
53 19689 0
53 3354 0
53 1335 0
53 5469 0
53 1383 0
53 1384 0
53 5487 0
53 5529 0
53 3533 0
53 6739 0
53 11236 0
53 7721 0
53 1591 0
53 1626 0
53 1653 0
53 1667 0
53 18060 0
53 1680 0
53 3729 0
53 16022 0
53 1687 0
53 3745 0
53 1736 0
53 1741 0
53 3802 0
53 5855 0
53 5865 0
53 5893 0
53 7986 0
53 14157 0
53 3927 0
53 5981 0
53 1927 1
53 1943 0
53 6065 0
53 6068 0
53 5793 0
53 8160 0
4155 287 0
4155 8867 0
4155 4524 0
4155 4525 0
4155 561 0
4155 827 0
4155 863 0
4155 1223 0
4155 3283 1
4155 861 0
4155 865 0
4155 866 0
4155 5091 0
4155 8469 1
4181 1943 0
4181 1062 1
4181 1063 1
4181 4339 0
4181 19005 0
4181 5440 0
4181 4181 0
4182 1063 1
4182 5440 0
4182 4182 0
4182 1062 1
8283 9094 1
8283 10661 1
8283 2600 1
8283 18227 1
8283 3533 1
8283 7633 1
8283 5091 1
8283 1379 1
8283 1653 1
8283 1022 1
8287 13356 0
8287 5981 0
8287 6068 0
8287 1620 0
8287 5723 0
8287 8287 0
8287 2703 0
8287 1680 0
8287 3729 0
8287 2708 0
8287 2709 0
8287 2722 0
8287 168 0
8287 1741 0
8287 722 1
8287 5855 0
8287 5865 0
8287 8467 0
8287 8469 1
8287 3352 0
8287 3353 0
8287 3354 0
8287 3356 0
8287 287 0
8287 9009 0
8287 301 0
8287 18060 0
8287 337 0
8287 338 0
8287 5469 0
8287 21340 0
8287 972 0
8287 7633 0
8287 5087 0
8287 11236 0
8287 3561 0
2144 129 1
2144 4610 1
2144 3729 1
2144 1626 1
2144 2338 1
2144 1572 1
2144 1573 1
2144 2470 1
2144 2472 1
2144 18332 1
2144 19760 1
2144 9009 1
2144 4609 1
2144 11197 1
2144 13185 1
2144 18759 1
2144 457 1
2144 2144 2
4211 5893 0
4211 4745 1
4211 25 0
4211 4214 1
4211 4215 1
4212 3267 0
4212 2500 0
4212 2599 0
4212 4745 1
4212 5994 0
4212 4739 0
4212 4212 0
4212 4213 0
4212 4215 1
4212 12443 1
4213 4745 1
4213 4739 0
4213 4215 1
4214 2338 1
4214 4739 1
4214 4745 2
4214 5456 1
4214 4214 2
4214 4215 2
4215 4739 1
4215 5893 1
4215 2695 2
4215 4745 2
4215 8893 1
4215 10896 1
4215 8723 1
4215 3862 1
4215 2583 1
4215 7064 1
4215 12443 2
4215 5937 1
4215 6814 1
4215 8375 1
4215 8377 1
4215 8100 1
4215 1472 1
4215 2500 1
4215 1478 1
4215 6730 2
4215 14157 1
4215 6359 1
4215 988 1
4215 8805 1
4215 8160 1
4215 13587 1
4215 4215 2
4215 5243 1
6266 1667 0
6266 4916 0
6266 3283 1
6266 3284 0
6266 4579 1
6266 3561 0
6266 5994 0
6266 1653 0
6266 6266 0
2069 15504 0
2069 6669 0
2069 2069 0
2069 5893 0
2069 2594 0
2069 4956 0
2069 13355 0
2069 4957 0
2069 561 0
2069 3634 0
2069 13061 0
2069 4958 0
2069 16308 0
2069 578 0
2069 1620 0
2069 117 0
2069 1667 0
2069 5254 0
2069 1160 0
2069 5772 1
2069 5773 1
2069 1680 0
2069 4547 0
2069 2709 0
2069 16022 0
2069 1687 0
2069 12954 0
2069 18060 0
2069 8389 0
2069 11038 0
2069 3266 0
2069 3267 0
2069 1221 0
2069 1741 0
2069 722 1
2069 3283 1
2069 7893 0
2069 3802 0
2069 5855 0
2069 7721 0
2069 13356 0
2069 8467 0
2069 3354 0
2069 2338 0
2069 301 0
2069 5440 0
2069 338 0
2069 861 0
2069 3426 0
2069 3729 0
2069 21340 0
2069 2936 0
2069 8065 0
2069 3986 0
2069 1943 0
2069 6065 0
2069 2997 0
2069 1478 0
2069 481 0
2069 11236 0
2069 3561 0
2069 20083 0
2069 5204 0
2069 1022 0
129 685 0
129 3844 0
129 2600 0
129 2606 0
129 5469 0
129 1591 0
129 5243 0
129 129 0
129 1158 0
129 2695 1
129 4747 1
129 2703 0
129 4803 0
129 2709 0
129 168 0
129 1197 0
129 2249 0
129 3284 0
129 237 0
129 238 0
129 2338 0
129 5254 0
129 5928 1
129 337 0
129 338 0
129 7317 0
129 1927 1
129 2967 0
129 5981 0
129 2472 0
129 4524 0
129 4525 0
129 6068 0
129 4534 0
129 4536 0
129 4256 0
129 4547 0
129 14072 0
129 8160 0
129 5523 0
129 1022 0
3095 3844 1
3095 2708 1
3095 3095 2
3095 2338 1
3095 4648 1
3095 4524 1
3095 4525 1
3095 4641 1
3095 16601 1
3095 988 1
3095 7273 1
3095 4463 1
3095 4464 1
3095 4465 1
141 2600 0
141 3634 0
141 2635 0
141 20785 0
141 7273 0
141 1653 0
141 1385 0
141 141 0
141 7317 0
141 5793 0
141 1197 0
141 18098 0
141 11294 0
141 4311 0
141 7635 0
141 8918 0
141 6361 1
141 3354 0
141 2338 0
141 301 0
141 6459 1
141 15309 0
141 10091 0
141 5487 0
141 18299 0
141 11674 0
141 7077 0
141 4523 0
141 6584 1
141 3561 0
141 11760 0
25 13185 0
25 2695 1
25 4745 1
25 1197 0
25 5143 0
25 18759 0
25 1572 0
25 1573 0
25 2470 0
25 2472 0
25 19760 0
25 12915 0
25 11197 0
25 711 0
25 457 0
25 6627 0
25 1626 0
25 18299 0
25 17534 0
12443 5793 1
12443 5985 1
12443 4745 2
12443 287 1
4256 117 0
4256 1736 0
4256 6359 0
4256 237 0
4256 238 0
4256 6583 0
4256 6584 1
4256 1098 0
4256 2500 0
4256 5204 0
4256 13061 0
4256 2594 0
4256 2599 0
4256 2600 0
4256 2602 0
4256 2606 0
4256 4536 0
4256 6739 0
4256 2722 0
4256 4822 0
4256 4916 0
4256 2936 0
4256 2967 0
4256 5029 0
4256 2997 0
4256 1022 0
4256 5243 0
4256 3283 1
4256 861 0
4256 1379 0
4256 1383 0
4256 1384 0
4256 5529 0
4256 19879 0
4256 3533 0
4256 7635 0
4256 3561 0
4256 7698 0
4256 1591 0
4256 16308 0
4256 1653 0
4256 1680 0
4256 1741 0
4256 7893 0
4256 3802 0
4256 5855 0
4256 301 0
4256 5981 0
4256 8065 0
4256 3986 0
4256 1943 0
4256 18332 0
4256 16292 0
4256 6065 0
4256 6068 0
4256 8160 0
168 168 0
168 4300 0
168 4339 0
168 287 0
168 301 0
168 337 0
168 338 0
168 4459 0
168 4463 0
168 4464 0
168 4465 0
168 4534 0
168 4547 0
168 2594 0
168 561 0
168 6754 0
168 2708 0
168 2709 0
168 2722 0
168 706 0
168 722 1
168 9009 0
168 861 0
168 872 1
168 7064 0
168 5025 0
168 7077 0
168 3010 0
168 972 0
168 1022 0
168 13356 0
168 5243 0
168 1158 0
168 1160 0
168 1197 0
168 1221 0
168 1223 0
168 1259 0
168 3353 0
168 3354 0
168 5469 0
168 1384 0
168 5487 0
168 19879 0
168 389 0
168 7699 0
168 1620 0
168 5723 0
168 1680 0
168 1687 0
168 1741 0
168 14072 0
168 3844 0
168 18190 0
168 5981 0
168 6068 0
8375 2599 0
8375 6739 0
8375 1620 0
8375 5723 0
8375 1653 0
8375 1667 0
8375 1170 0
8375 2338 0
8375 6359 0
8375 250 0
8375 17158 0
8375 14157 0
8375 338 0
8375 3426 0
8375 3429 0
8375 2962 1
8375 10106 0
8375 14220 0
8375 3986 0
8375 5529 0
8375 18332 0
8375 19879 0
8375 6068 0
8375 988 0
8375 7147 0
8377 6739 0
8377 1620 0
8377 5723 0
8377 5243 0
8377 1667 0
8377 18060 0
8377 1170 0
8377 7317 0
8377 6867 0
8377 2773 0
8377 6359 0
8377 729 0
8377 5855 0
8377 19689 0
8377 7893 0
8377 13587 0
8377 16308 0
8377 861 0
8377 2338 0
8377 7986 0
8377 4916 0
8377 338 0
8377 4956 0
8377 4957 0
8377 4958 0
8377 3426 0
8377 3429 0
8377 21340 0
8377 2962 1
8377 8065 0
8377 3986 0
8377 1943 0
8377 2470 0
8377 6065 0
8377 6068 0
8377 2997 0
8377 5080 0
8377 988 0
8377 11236 0
8377 6741 0
4284 18787 1
4284 1653 1
2242 4648 0
2242 3745 0
2242 2242 0
2242 1741 0
2242 5928 1
2242 10894 0
2242 1927 1
2242 6604 0
8389 4641 0
8389 2600 0
8389 2606 0
8389 8469 1
8389 5254 0
8389 2695 1
8389 2708 0
8389 2709 0
8389 685 0
8389 3802 0
8389 1765 0
8389 1259 0
8389 238 0
8389 5855 0
8389 1384 0
8389 5029 0
8389 4524 0
8389 6068 0
8389 3533 0
8389 988 0
8389 1022 0
2249 1620 0
2249 5254 0
2249 3745 0
2249 711 0
2249 2249 0
2249 722 1
2249 6867 0
2249 13061 0
2249 1751 0
2249 3353 0
2249 5928 1
2249 5937 0
2249 1927 1
2249 3986 0
2249 7147 0
4300 4609 0
4300 5469 0
4300 561 0
4300 5981 0
4300 6739 0
4300 1620 0
4300 5772 1
4300 5773 1
4300 1170 0
4300 1687 0
4300 3266 0
4300 1221 0
4300 4300 0
4300 1741 0
4300 4822 0
4300 4339 0
4300 729 0
4300 5072 0
4300 3802 0
4300 2338 0
4300 5928 1
4300 1335 0
4300 1885 1
4300 4459 0
4300 7317 0
4300 1259 0
4300 1927 1
4300 1928 0
4300 2962 1
4300 2967 0
4300 3986 0
4300 7077 0
4300 19879 0
4300 3533 0
4300 5523 0
14546 2837 1
14546 2967 1
14546 8995 1
14546 8918 1
14546 2782 1
4311 11294 0
4311 3634 0
4311 8918 0
4311 1765 0
4311 3354 0
4311 4426 1
4311 4579 1
4311 7317 0
16601 1927 1
16601 16308 0
16601 4534 0
12520 12915 1
8427 4547 0
8427 5772 1
8427 5773 1
8427 7698 0
8427 7699 0
8427 287 0
237 14072 0
237 11236 0
237 2594 0
237 2600 0
237 2602 0
237 2606 0
237 16292 0
237 1591 0
237 16308 0
237 1098 0
237 1620 0
237 6741 0
237 6584 1
237 1638 0
237 1653 0
237 1667 0
237 18332 0
237 2722 0
237 1736 0
237 1741 0
237 3283 1
237 7893 0
237 3802 0
237 237 0
237 238 0
237 4648 0
237 6359 0
237 3353 0
237 2338 0
237 5529 0
237 5855 0
237 7507 0
237 3426 0
237 1379 0
237 3429 0
237 3986 0
237 2936 0
237 2962 1
237 6867 0
237 1943 0
237 2997 0
237 7633 0
237 7635 0
237 5029 0
237 3561 0
237 19879 0
237 495 0
237 6739 0
238 2600 0
238 2606 0
238 1591 0
238 1098 0
238 1379 0
238 6741 0
238 1638 0
238 1667 0
238 2722 0
238 1736 0
238 14072 0
238 4648 0
238 3283 1
238 13061 0
238 3353 0
238 2338 0
238 3426 0
238 3986 0
238 2936 0
238 8065 0
238 2962 1
238 6867 0
238 18332 0
238 6584 1
238 7633 0
238 5080 0
238 16292 0
238 5029 0
238 6739 0
4339 2606 0
4339 5469 0
4339 1591 0
4339 1620 0
4339 4803 0
4339 3266 0
4339 4371 0
4339 2338 0
4339 10958 0
4339 729 0
4339 7633 0
4339 8467 0
4339 1885 1
4339 3986 0
4339 1927 1
4339 1928 0
4339 2962 1
4339 2967 0
4339 5981 0
4339 4524 0
4339 4525 0
4339 4534 0
4339 6072 0
4339 19879 0
250 1591 0
250 4534 0
250 1653 0
250 5793 0
250 4524 0
250 6359 0
250 6361 1
250 263 0
250 8467 0
250 8995 0
250 5855 0
250 14157 0
250 4579 1
250 4956 0
250 5469 0
250 863 0
250 2472 0
250 6068 0
250 5091 0
250 3561 0
4822 561 0
4822 5855 0
4822 3729 0
4822 16022 0
4822 1687 0
4822 1197 0
4822 706 0
4822 2338 0
4822 1741 0
4822 722 1
4822 3283 1
4822 2773 0
4822 4822 0
4822 3802 0
4822 892 0
4822 748 0
4822 4371 0
4822 6361 1
4822 7077 0
4822 301 0
4822 8503 0
4822 827 0
4822 861 0
4822 862 0
4822 863 0
4822 865 0
4822 866 0
4822 872 1
4822 5994 0
4822 4463 0
4822 3986 0
4822 5523 0
4822 1957 0
4822 4524 0
4822 6072 0
4822 2500 0
4822 2501 0
4822 5578 0
4822 3043 0
4822 19879 0
4822 495 0
263 2594 0
263 2600 0
263 4957 0
263 8867 0
263 15893 0
263 1160 0
263 2709 0
263 4803 0
263 1221 0
263 6359 0
263 5855 0
263 1259 0
263 263 0
263 12915 0
263 8469 1
263 2338 0
263 861 0
263 3429 0
263 16241 0
263 7317 0
263 1927 1
263 1928 0
263 7064 0
263 8089 0
263 16292 0
263 5981 0
263 4524 0
263 4525 0
263 6583 0
263 988 0
4371 7698 0
4371 2606 0
4371 18227 0
4371 1620 0
4371 6741 0
4371 7699 0
4371 1160 0
4371 5772 1
4371 3729 0
4371 1687 0
4371 1478 0
4371 1197 0
4371 4803 0
4371 1221 0
4371 722 1
4371 3283 1
4371 1259 0
4371 4371 0
4371 3353 0
4371 3354 0
4371 8484 0
4371 8503 0
4371 827 0
4371 3043 0
4371 861 0
4371 865 0
4371 5994 0
4371 6005 0
4371 7045 0
4371 3986 0
4371 5523 0
4371 1957 0
4371 5981 0
4371 2500 0
4371 2501 0
4371 4551 0
4371 5855 0
4371 5072 0
4371 7077 0
4371 19879 0
8469 20226 1
8469 4641 1
8469 13355 1
8469 5188 1
8469 1098 1
8469 6739 1
8469 6741 1
8469 1638 1
8469 5233 1
8469 2708 1
8469 7317 1
8469 13512 1
8469 8995 1
8469 7893 1
8469 1765 1
8469 5865 1
8469 18165 1
8469 5937 1
8469 861 1
8469 5985 1
8469 3426 1
8469 3986 1
8469 16308 1
8469 6583 1
8469 1478 1
8469 5087 1
8469 8160 1
8469 1022 1
2331 5640 0
2331 7698 0
2331 11294 0
2331 6720 0
2331 7699 0
2331 1158 0
2331 5772 1
2331 5773 1
2331 1687 0
2331 8918 0
2331 5855 0
2331 2331 0
2331 10535 0
2331 8065 0
2331 7077 0
2331 2500 0
2331 4551 0
2331 11760 0
287 287 0
287 8629 0
287 523 0
287 711 0
287 795 0
287 9009 0
287 827 0
287 862 0
287 863 0
287 866 0
287 1063 1
287 1221 0
287 1259 0
287 1335 0
287 15255 0
287 1478 0
287 1572 0
287 1620 0
287 18165 0
287 18190 0
287 20785 0
287 8503 0
287 1885 1
287 2338 0
287 2472 0
287 18902 0
287 2594 0
287 2656 1
287 10896 0
287 2708 0
287 2782 0
287 2861 0
287 11197 0
287 3043 0
287 11236 0
287 3266 0
287 3352 0
287 3354 0
287 3426 0
287 3429 0
287 1751 0
287 19879 0
287 1957 0
287 3729 0
287 3745 0
287 4465 0
287 4536 0
287 12735 0
287 4609 0
287 4610 0
287 12954 0
287 4916 0
287 4957 0
287 13185 0
287 5025 0
287 5029 0
287 13355 0
287 5204 0
287 5243 0
287 5254 0
287 13479 0
287 5487 0
287 5529 0
287 14072 0
287 5994 0
287 14220 0
287 6561 0
287 6739 0
287 7273 0
287 7317 0
287 15893 0
287 7893 0
287 16241 0
287 8089 0
2338 2338 0
2338 4463 0
2338 4464 0
2338 4465 0
2338 2472 0
2338 6604 0
2338 6669 0
2338 2583 0
2338 4641 0
2338 2594 0
2338 2599 0
2338 2600 0
2338 2602 0
2338 8775 0
2338 2635 0
2338 6739 0
2338 2695 1
2338 2709 0
2338 2722 0
2338 8867 0
2338 1478 0
2338 681 0
2338 14072 0
2338 6867 0
2338 729 0
2338 2962 1
2338 2967 0
2338 5029 0
2338 2995 0
2338 2997 0
2338 5072 0
2338 5087 0
2338 1022 0
2338 5981 0
2338 5243 0
2338 5245 0
2338 5253 0
2338 5254 0
2338 1170 0
2338 7317 0
2338 1197 0
2338 3283 1
2338 2606 0
2338 3354 0
2338 1335 0
2338 5469 0
2338 3426 0
2338 1383 0
2338 1384 0
2338 1385 0
2338 4547 0
2338 7064 0
2338 19879 0
2338 1472 0
2338 7698 0
2338 1573 0
2338 1591 0
2338 1620 0
2338 20083 0
2338 1653 0
2338 1674 0
2338 1680 0
2338 1687 0
2338 5785 0
2338 3745 0
2338 3757 0
2338 1741 0
2338 3802 0
2338 5865 0
2338 5893 0
2338 988 0
2338 3927 0
2338 8024 0
2338 1885 1
2338 5994 0
2338 7633 0
2338 6065 0
2338 1927 1
2338 1928 0
2338 3986 0
2338 1943 0
2338 12954 0
2338 6068 0
8484 561 0
8484 1160 0
8484 5772 1
8484 5773 1
8484 16022 0
8484 1687 0
8484 5785 0
8484 18098 0
8484 1741 0
8484 5855 0
8484 1259 0
8484 6904 0
8484 8484 0
8484 301 0
8484 863 0
8484 1384 0
8484 6005 0
8484 6560 0
8484 1957 0
8484 6072 0
8484 4551 0
8484 972 0
8484 5072 0
8484 10661 0
8484 3043 0
10535 8065 0
10535 1667 0
10535 5640 0
10535 5772 1
10535 7698 0
10535 7077 0
10535 301 0
10535 4916 0
10535 2500 0
10535 1741 0
10535 5773 1
10535 1259 0
10535 3986 0
10535 7699 0
10535 1653 0
10535 13356 0
301 7698 0
301 7699 0
301 2585 0
301 5469 0
301 561 0
301 7077 0
301 6720 0
301 8775 0
301 1620 0
301 9009 0
301 1160 0
301 2703 0
301 16022 0
301 1687 0
301 2722 0
301 8867 0
301 1197 0
301 6341 0
301 1741 0
301 722 1
301 1751 0
301 2782 0
301 5855 0
301 1259 0
301 6904 0
301 3352 0
301 3354 0
301 7455 0
301 301 0
301 4916 0
301 8503 0
301 827 0
301 3927 0
301 4443 0
301 865 0
301 866 0
301 5994 0
301 5523 0
301 6005 0
301 892 0
301 7045 0
301 1927 1
301 4463 0
301 6867 0
301 8089 0
301 6560 0
301 6561 0
301 5981 0
301 6068 0
301 4534 0
301 4547 0
301 2500 0
301 20917 0
301 6604 0
301 5080 0
301 3043 0
301 4551 0
301 495 0
20785 6459 1
20785 3469 0
20785 4579 1
8503 5643 0
8503 13061 0
8503 6739 0
8503 15893 0
8503 1158 0
8503 1160 0
8503 3729 0
8503 1687 0
8503 1741 0
8503 3283 1
8503 5855 0
8503 18299 0
8503 6867 0
8503 561 0
8503 2861 0
8503 8503 0
8503 827 0
8503 1765 0
8503 5994 0
8503 6005 0
8503 389 0
8503 3469 0
8503 5523 0
8503 7077 0
8503 10995 0
8503 4547 0
8503 2500 0
8503 5080 0
8503 481 0
8503 4579 1
6459 13719 1
6459 9753 1
6459 3354 1
6459 11674 1
6459 1221 1
6459 4523 1
6459 18098 1
6459 19005 1
6459 12735 1
6459 2635 1
6459 3152 1
6459 724 1
6459 18829 1
6459 985 1
6459 862 1
6459 7273 1
6459 10091 1
6459 7402 1
6459 5579 1
18759 2695 1
18759 10896 0
18759 21396 0
18759 1572 0
18759 1573 0
18759 2470 0
18759 2472 0
18759 18759 0
18759 19760 0
18759 13185 0
18759 711 0
18759 457 0
18759 1751 0
18759 1626 0
18759 4443 0
18759 6627 0
18759 11197 0
18759 4465 0
4426 1160 1
4426 1751 1
4426 7698 1
4426 3634 1
4426 6072 1
4426 8775 1
4426 339 1
4426 4443 1
4426 3043 1
4426 11760 1
337 3757 0
337 8024 0
337 2594 0
337 2606 0
337 5981 0
337 6730 1
337 1620 0
337 1638 0
337 5243 0
337 2703 0
337 2709 0
337 4551 0
337 1197 0
337 20083 0
337 1221 0
337 3802 0
337 14072 0
337 3844 0
337 8867 0
337 5855 0
337 1674 0
337 18060 0
337 337 0
337 338 0
337 4579 1
337 5469 0
337 4459 0
337 7317 0
337 1927 1
337 12954 0
337 19879 0
337 6584 1
337 3745 0
337 972 0
337 7635 0
337 8089 0
337 3043 0
337 4081 0
337 5204 0
337 1022 0
338 5469 0
338 1736 0
338 6359 0
338 3802 0
338 338 0
338 4459 0
338 6584 1
338 2501 0
338 4551 0
338 2594 0
338 2599 0
338 2600 0
338 2602 0
338 2606 0
338 2703 0
338 12954 0
338 2722 0
338 8867 0
338 681 0
338 4956 0
338 862 0
338 863 0
338 866 0
338 2967 0
338 972 0
338 988 0
338 1022 0
338 7317 0
338 1221 0
338 1223 0
338 1383 0
338 1384 0
338 5487 0
338 19879 0
338 1472 0
338 7635 0
338 1591 0
338 1620 0
338 1638 0
338 20083 0
338 1674 0
338 3745 0
338 3757 0
338 3844 0
338 3927 0
338 8024 0
338 5981 0
338 10896 0
338 2709 0
338 1927 1
338 6068 0
338 4081 0
14675 1927 1
14675 3469 0
14675 3729 0
14675 7740 0
14675 6739 0
14675 1620 0
14675 4579 1
14675 6867 0
4443 561 0
4443 117 0
4443 5772 1
4443 5773 1
4443 10896 0
4443 3729 0
4443 16022 0
4443 1687 0
4443 8867 0
4443 1653 0
4443 1741 0
4443 5855 0
4443 7633 0
4443 748 0
4443 2861 0
4443 8024 0
4443 4443 0
4443 861 0
4443 866 0
4443 7534 0
4443 21396 0
4443 389 0
4443 3986 0
4443 6072 0
4443 4551 0
4443 5072 0
4443 5073 0
14690 5928 2
14690 5772 2
14690 3043 1
14690 5773 2
18787 6730 1
2406 1158 0
2406 2962 1
2406 16022 0
2406 2583 0
2406 2594 0
2406 1221 0
2406 1223 0
2406 3283 1
2406 5254 0
2406 1765 0
2406 2406 0
2406 14072 0
4459 2962 1
4459 3352 0
4459 2599 0
4459 4536 0
4459 16241 0
4459 1221 0
4459 1223 0
4459 1885 1
4459 11236 0
4459 1259 0
4463 4463 0
4463 4464 0
4463 4465 0
4463 4524 0
4463 4525 0
4463 4536 0
4463 4547 0
4463 2500 0
4463 4551 0
4463 18902 0
4463 14925 0
4463 6739 0
4463 6741 0
4463 10894 0
4463 2708 0
4463 6867 0
4463 827 0
4463 861 0
4463 863 0
4463 865 0
4463 866 0
4463 2936 0
4463 7064 0
4463 7077 0
4463 2997 0
4463 972 0
4463 1022 0
4463 3927 0
4463 13355 0
4463 5253 0
4463 1158 0
4463 1170 0
4463 13512 0
4463 561 0
4463 5529 0
4463 389 0
4463 1472 0
4463 7698 0
4463 7740 0
4463 20083 0
4463 3729 0
4463 3745 0
4463 3757 0
4463 1741 0
4463 7893 0
4463 5855 0
4463 8065 0
4463 1927 1
4463 3986 0
4463 1943 0
4463 8089 0
4463 6065 0
4463 16308 0
4463 6072 0
4464 7698 0
4464 11294 0
4464 5981 0
4464 561 0
4464 1591 0
4464 14925 0
4464 6739 0
4464 6754 0
4464 1383 0
4464 20083 0
4464 1653 0
4464 5253 0
4464 3718 1
4464 1674 0
4464 10894 0
4464 2708 0
4464 3745 0
4464 3757 0
4464 3802 0
4464 5865 0
4464 13355 0
4464 7986 0
4464 1335 0
4464 4925 0
4464 3927 0
4464 861 0
4464 4465 0
4464 1927 1
4464 1928 0
4464 3469 0
4464 19345 0
4464 3986 0
4464 7064 0
4464 18098 0
4464 495 0
4464 4524 0
4464 4525 0
4464 6604 0
4465 19879 0
4465 7698 0
4465 4957 0
4465 6741 0
4465 1383 0
4465 1653 0
4465 5243 0
4465 10894 0
4465 2708 0
4465 2709 0
4465 3745 0
4465 1741 0
4465 3283 1
4465 5855 0
4465 13355 0
4465 9094 0
4465 561 0
4465 827 0
4465 4925 0
4465 3927 0
4465 4956 0
4465 861 0
4465 863 0
4465 16241 0
4465 389 0
4465 1927 1
4465 8089 0
4465 7064 0
4465 5529 0
4465 18332 0
4465 4958 0
4465 4524 0
4465 4525 0
4465 6072 0
4465 2500 0
4465 6604 0
4465 6068 0
4465 495 0
4465 1022 0
389 13355 0
389 561 0
389 568 0
389 7740 0
389 5723 0
389 1653 0
389 1158 0
389 1687 0
389 1197 0
389 117 0
389 3267 0
389 13512 0
389 5855 0
389 4745 1
389 4956 0
389 4957 0
389 1765 0
389 3426 0
389 389 0
389 6068 0
389 6586 0
389 4547 0
389 2500 0
389 4579 1
18829 3469 0
18829 6739 0
18829 5855 0
18829 3426 0
18829 4579 1
16782 1927 1
16782 5928 1
6560 7698 0
6560 7699 0
6560 561 0
6560 6720 0
6560 6739 0
6560 1653 0
6560 1160 0
6560 5772 1
6560 5773 1
6560 1687 0
6560 5785 0
6560 3745 0
6560 8867 0
6560 1197 0
6560 18098 0
6560 1741 0
6560 1751 0
6560 5855 0
6560 1765 0
6560 3353 0
6560 3354 0
6560 5981 0
6560 1384 0
6560 6005 0
6560 6560 0
6560 1957 0
6560 4524 0
6560 6072 0
6560 972 0
6560 5072 0
6560 5073 0
6560 3043 0
6560 6904 0
6560 495 0
6561 8065 0
6561 5072 0
6561 5772 1
6561 5773 1
6561 2500 0
6561 5073 0
6561 7077 0
6561 561 0
6561 6072 0
6561 2501 0
6561 1741 0
6561 8867 0
6561 3043 0
6561 10995 0
6561 1653 0
10661 1379 0
10661 1653 0
10661 1667 0
10661 2709 0
10661 685 0
10661 7867 1
10661 16941 0
10661 18332 0
10661 3008 0
2470 1572 0
2470 1573 0
2470 13355 0
2470 861 0
2470 1626 0
2470 1667 0
2470 15504 0
2470 3729 0
2470 8867 0
2470 1223 0
2470 13512 0
2470 7893 0
2470 7986 0
2470 13061 0
2470 13185 0
2470 2695 1
2470 19760 0
2470 5981 0
2470 3426 0
2470 8065 0
2470 3986 0
2470 1943 0
2470 2472 0
2470 11197 0
2470 457 0
2470 5080 0
2472 1572 0
2472 1573 0
2472 861 0
2472 3426 0
2472 1620 0
2472 1626 0
2472 4739 0
2472 18332 0
2472 3729 0
2472 2722 0
2472 1223 0
2472 7893 0
2472 5855 0
2472 2695 1
2472 19760 0
2472 7986 0
2472 5981 0
2472 1379 0
2472 13185 0
2472 3986 0
2472 11197 0
2472 457 0
4523 11294 0
4523 8775 0
4523 8918 0
4523 18299 0
4523 3469 0
4523 4523 0
4523 4547 0
4523 4579 1
4524 1741 0
4524 8467 0
4524 4524 0
4524 4525 0
4524 2500 0
4524 495 0
4524 4609 0
4524 2594 0
4524 2599 0
4524 6739 0
4524 2722 0
4524 706 0
4524 807 0
4524 4925 0
4524 4957 0
4524 892 0
4524 7064 0
4524 2995 0
4524 2997 0
4524 5072 0
4524 1022 0
4524 1158 0
4524 1170 0
4524 1259 0
4524 7459 0
4524 5469 0
4524 3561 0
4524 15893 0
4524 1620 0
4524 1667 0
4524 5855 0
4524 20226 0
4524 16241 0
4524 1927 1
4524 8089 0
4524 8100 0
4524 1957 0
4524 6072 0
4524 6341 0
4525 4609 0
4525 2594 0
4525 2599 0
4525 2997 0
4525 15893 0
4525 6005 0
4525 1158 0
4525 2722 0
4525 1221 0
4525 1741 0
4525 5469 0
4525 892 0
4525 1927 1
4525 3986 0
4525 1957 0
4525 6072 0
4525 988 0
4525 495 0
10995 4648 0
10995 2606 0
10995 2635 0
10995 12886 1
10995 7273 0
10995 1667 0
10995 2709 0
10995 18098 0
10995 10995 0
10995 9009 0
10995 13655 0
10995 1385 0
10995 10091 0
10995 6584 1
10995 5578 0
10995 5579 0
10995 481 0
20917 5772 1
20917 5773 1
20917 13355 0
20917 6072 0
20917 1741 0
20917 5072 0
20917 18299 0
20917 11294 0
4534 8467 0
4534 1765 0
4534 4609 0
4534 4534 0
4534 2703 0
4534 685 0
4534 729 0
4534 807 0
4534 2967 0
4534 7064 0
4534 3008 0
4534 972 0
4534 13061 0
4534 1160 0
4534 3283 1
4534 3284 0
4534 1259 0
4534 1335 0
4534 5469 0
4534 1384 0
4534 19879 0
4534 3561 0
4534 1591 0
4534 1620 0
4534 1653 0
4534 1687 0
4534 3745 0
4534 5855 0
4534 1927 1
4534 3986 0
4534 6072 0
6583 5723 0
6583 13355 0
6583 3426 0
6583 6739 0
6583 1620 0
6583 4745 1
6583 6867 0
6583 1259 0
6583 18165 0
6583 20226 0
6583 13061 0
6583 17158 0
6583 3352 0
6583 3353 0
6583 3354 0
6583 11038 0
6583 3043 0
6583 5981 0
6583 5985 0
6583 8065 0
6583 3986 0
6583 972 0
6583 11236 0
4536 1591 0
4536 1620 0
4536 1653 0
4536 1160 0
4536 4547 0
4536 2708 0
4536 1687 0
4536 3745 0
4536 685 0
4536 722 1
4536 3283 1
4536 3284 0
4536 5855 0
4536 1765 0
4536 807 0
4536 1335 0
4536 5469 0
4536 1384 0
4536 8065 0
4536 4551 0
4536 2967 0
4536 8089 0
4536 19879 0
4536 6068 0
4536 4536 0
4536 1472 0
4536 972 0
4536 5523 0
6586 6669 0
6586 13061 0
6586 4641 0
6586 13356 0
6586 861 0
6586 561 0
6586 7740 0
6586 6739 0
6586 1620 0
6586 18332 0
6586 5772 1
6586 5773 1
6586 15504 0
6586 1687 0
6586 1741 0
6586 7893 0
6586 4916 0
6586 4925 0
6586 4956 0
6586 4957 0
6586 4958 0
6586 863 0
6586 8065 0
6586 3986 0
6586 5529 0
6586 16308 0
6586 8629 0
6586 6586 0
6586 2500 0
6586 2501 0
6586 481 0
12735 3844 0
12735 3469 0
12735 7058 1
12735 11294 0
12735 1653 0
4547 6669 0
4547 2594 0
4547 13356 0
4547 2606 0
4547 4957 0
4547 561 0
4547 4958 0
4547 16308 0
4547 7740 0
4547 6739 0
4547 1620 0
4547 5723 0
4547 1653 0
4547 1667 0
4547 5772 1
4547 5773 1
4547 15504 0
4547 3729 0
4547 4803 0
4547 2709 0
4547 16022 0
4547 1687 0
4547 5529 0
4547 2722 0
4547 8867 0
4547 117 0
4547 3266 0
4547 3267 0
4547 1221 0
4547 1223 0
4547 1741 0
4547 3283 1
4547 7893 0
4547 7986 0
4547 5855 0
4547 11038 0
4547 6867 0
4547 13355 0
4547 13061 0
4547 18060 0
4547 4956 0
4547 861 0
4547 3426 0
4547 1384 0
4547 5994 0
4547 3986 0
4547 2936 0
4547 8065 0
4547 1943 0
4547 18332 0
4547 6065 0
4547 6068 0
4547 2997 0
4547 1472 0
4547 4547 0
4547 972 0
4547 7633 0
4547 988 0
4547 7077 0
4547 3043 0
2500 117 0
2500 2501 0
2500 495 0
2500 6669 0
2500 2599 0
2500 561 0
2500 6720 0
2500 2703 0
2500 2708 0
2500 2709 0
2500 2722 0
2500 722 1
2500 724 0
2500 2861 0
2500 4916 0
2500 892 0
2500 7045 0
2500 7053 0
2500 7058 1
2500 7077 0
2500 3043 0
2500 13356 0
2500 7698 0
2500 1158 0
2500 1160 0
2500 1197 0
2500 1221 0
2500 1223 0
2500 1244 1
2500 1259 0
2500 3352 0
2500 3353 0
2500 3354 0
2500 3356 0
2500 2500 0
2500 1384 0
2500 5523 0
2500 5525 0
2500 19879 0
2500 5578 0
2500 7699 0
2500 1667 0
2500 1680 0
2500 3729 0
2500 1687 0
2500 5793 0
2500 1741 0
2500 5855 0
2500 5893 0
2500 3927 0
2500 5981 0
2500 5994 0
2500 8065 0
2500 1943 0
2501 117 0
2501 18163 0
2501 495 0
2501 561 0
2501 2708 0
2501 2709 0
2501 12954 0
2501 2501 0
2501 2722 0
2501 724 0
2501 13061 0
2501 2861 0
2501 4916 0
2501 866 0
2501 7045 0
2501 7053 0
2501 7058 1
2501 7077 0
2501 13355 0
2501 13356 0
2501 1158 0
2501 1160 0
2501 1221 0
2501 1223 0
2501 10106 0
2501 3353 0
2501 1384 0
2501 5523 0
2501 19879 0
2501 5578 0
2501 3561 0
2501 7698 0
2501 7699 0
2501 8467 0
2501 1653 0
2501 5772 1
2501 5773 1
2501 1680 0
2501 3729 0
2501 1741 0
2501 7893 0
2501 5855 0
2501 1765 0
2501 3725 0
2501 3927 0
2501 3986 0
2501 16308 0
4551 117 0
4551 5523 0
4551 6669 0
4551 561 0
4551 4551 0
4551 685 0
4551 706 0
4551 722 1
4551 2773 0
4551 6904 0
4551 861 0
4551 892 0
4551 2967 0
4551 7064 0
4551 5072 0
4551 3043 0
4551 13356 0
4551 1160 0
4551 1197 0
4551 3353 0
4551 3426 0
4551 5525 0
4551 1620 0
4551 1674 0
4551 5773 1
4551 3729 0
4551 1741 0
4551 1751 0
4551 5855 0
4551 1765 0
4551 3986 0
4551 1957 0
4551 6068 0
4551 6072 0
457 13185 0
457 2695 1
457 1572 0
457 1573 0
457 19760 0
457 11197 0
457 457 0
457 1626 0
6604 15893 0
6604 13061 0
6604 14925 0
6604 10894 0
6604 2703 0
6604 3745 0
6604 2722 0
6604 3757 0
6604 1741 0
6604 3283 1
6604 7986 0
6604 5253 0
6604 1927 1
6604 861 0
6604 7064 0
6604 1022 0
18902 3469 0
18902 18098 0
18902 6584 1
18902 7633 0
18902 3283 1
18902 3986 0
481 7740 0
481 1062 1
481 19879 0
481 561 0
481 6730 1
481 1653 0
481 12954 0
481 117 0
481 1741 0
481 5855 0
481 1765 0
481 827 0
481 8024 0
481 861 0
481 5487 0
481 16295 0
481 481 0
481 3561 0
6627 13185 0
6627 2695 1
6627 4745 1
6627 19760 0
6627 11197 0
6627 1626 0
495 5469 0
495 6739 0
495 6741 0
495 7273 0
495 1653 0
495 5772 1
495 3725 0
495 1687 0
495 972 0
495 1741 0
495 7893 0
495 1259 0
495 6904 0
495 8467 0
495 561 0
495 827 0
495 5773 1
495 861 0
495 863 0
495 865 0
495 3426 0
495 872 1
495 5523 0
495 8089 0
495 7077 0
495 985 0
495 495 0
4609 4609 0
4609 4610 0
4609 5981 0
4609 568 0
4609 865 0
4609 866 0
4609 1158 0
4609 18098 0
4609 1751 0
4609 1259 0
4609 9009 0
4609 827 0
4609 861 0
4609 863 0
4609 1927 1
4609 1928 0
4610 4610 0
4610 1928 0
4610 1927 1
4610 1472 0
4610 1221 0
4610 1223 0
4610 5981 0
4610 1259 0
4610 1653 0
523 1062 1
523 1063 1
6669 8024 0
6669 1591 0
6669 1620 0
6669 1638 0
6669 117 0
6669 2708 0
6669 2709 0
6669 12954 0
6669 1197 0
6669 5578 0
6669 3283 1
6669 19879 0
6669 3426 0
6669 3429 0
6669 7045 0
6669 1927 1
6669 20083 0
6669 2997 0
6669 6584 1
6669 16295 0
8723 3729 0
8723 5928 1
8723 972 0
8723 6741 0
8723 8160 0
8723 16241 0
8723 8723 0
2583 13355 0
2583 5773 1
2583 13061 0
2583 1385 0
2583 16241 0
2583 3986 0
2583 1943 0
2583 3008 0
2583 5072 0
2583 7635 0
2585 1158 0
2585 5793 0
2585 2649 1
2585 1244 1
2585 4957 0
2585 1653 0
4641 4641 0
4641 4648 0
4641 6739 0
4641 5243 0
4641 5254 0
4641 2703 0
4641 3729 0
4641 2708 0
4641 2709 0
4641 3236 0
4641 685 0
4641 20226 0
4641 13355 0
4641 5893 0
4641 8467 0
4641 11038 0
4641 4916 0
4641 4925 0
4641 5981 0
4641 16253 0
4641 3986 0
4641 18332 0
4641 7633 0
2594 1385 0
2594 1736 0
2594 6341 0
2594 6359 0
2594 8467 0
2594 13061 0
2594 2594 0
2594 2599 0
2594 2600 0
2594 2602 0
2594 2606 0
2594 561 0
2594 6720 0
2594 6739 0
2594 6741 0
2594 2703 0
2594 2709 0
2594 2722 0
2594 8867 0
2594 685 0
2594 4916 0
2594 4956 0
2594 861 0
2594 4958 0
2594 2936 0
2594 5029 0
2594 2997 0
2594 972 0
2594 11236 0
2594 1022 0
2594 4957 0
2594 5243 0
2594 3267 0
2594 1221 0
2594 1223 0
2594 3283 1
2594 3284 0
2594 1259 0
2594 3426 0
2594 3429 0
2594 1383 0
2594 1384 0
2594 5487 0
2594 7064 0
2594 5529 0
2594 19879 0
2594 3533 0
2594 3561 0
2594 15504 0
2594 1591 0
2594 16308 0
2594 1653 0
2594 1680 0
2594 3745 0
2594 1741 0
2594 7893 0
2594 3802 0
2594 5855 0
2594 1765 0
2594 14072 0
2594 7986 0
2594 3927 0
2594 5994 0
2594 16241 0
2594 16253 0
2594 8065 0
2594 1927 1
2594 3986 0
2594 1943 0
2594 18332 0
2594 12954 0
2594 6065 0
2594 6068 0
2594 8160 0
2594 4081 0
2599 19879 0
2599 2599 0
2599 2600 0
2599 2606 0
2599 4957 0
2599 561 0
2599 16308 0
2599 6739 0
2599 6741 0
2599 5243 0
2599 2695 1
2599 4746 1
2599 1680 0
2599 2708 0
2599 2722 0
2599 1741 0
2599 6359 0
2599 3802 0
2599 1765 0
2599 2602 0
2599 7893 0
2599 7053 0
2599 8467 0
2599 5529 0
2599 7986 0
2599 11236 0
2599 4956 0
2599 861 0
2599 4958 0
2599 15504 0
2599 3426 0
2599 1383 0
2599 1384 0
2599 5994 0
2599 16241 0
2599 3729 0
2599 8065 0
2599 1927 1
2599 3469 0
2599 3986 0
2599 1943 0
2599 5029 0
2599 6065 0
2599 2997 0
2599 1472 0
2599 1478 0
2599 3533 0
2599 14072 0
2599 8160 0
2599 3561 0
2599 4081 0
2600 6584 1
2600 4579 1
2600 4648 0
2600 2602 0
2600 2606 0
2600 6739 0
2600 6741 0
2600 2709 0
2600 2722 0
2600 8867 0
2600 4803 0
2600 6867 0
2600 13061 0
2600 4956 0
2600 4957 0
2600 866 0
2600 2936 0
2600 13220 0
2600 5029 0
2600 11236 0
2600 13355 0
2600 861 0
2600 4958 0
2600 13512 0
2600 3426 0
2600 1384 0
2600 5529 0
2600 1591 0
2600 2997 0
2600 1620 0
2600 1638 0
2600 1653 0
2600 1667 0
2600 3729 0
2600 1741 0
2600 7893 0
2600 5855 0
2600 14072 0
2600 5981 0
2600 16241 0
2600 8065 0
2600 3986 0
2600 1943 0
2600 18332 0
2600 12954 0
2600 6065 0
2600 16308 0
2602 2602 0
2602 2606 0
2602 1591 0
2602 16308 0
2602 6741 0
2602 4746 1
2602 1741 0
2602 7893 0
2602 5529 0
2602 861 0
2602 3426 0
2602 1384 0
2602 5487 0
2602 16241 0
2602 2936 0
2602 8065 0
2602 1943 0
2602 18332 0
2602 6068 0
2602 6584 1
2602 5029 0
2602 11236 0
2602 3561 0
2602 6739 0
16941 4746 1
16941 3986 0
16941 18227 0
16941 6739 0
16941 1620 0
16941 3283 1
16941 1022 0
2606 6341 0
2606 6359 0
2606 6584 1
2606 14072 0
2606 6739 0
2606 6741 0
2606 2695 1
2606 2709 0
2606 2722 0
2606 4916 0
2606 4956 0
2606 4957 0
2606 4958 0
2606 866 0
2606 2936 0
2606 2962 1
2606 5029 0
2606 11236 0
2606 3927 0
2606 861 0
2606 13061 0
2606 1098 0
2606 3152 0
2606 13512 0
2606 7459 0
2606 3426 0
2606 1379 0
2606 3429 0
2606 1383 0
2606 1384 0
2606 5529 0
2606 19879 0
2606 7633 0
2606 7635 0
2606 3561 0
2606 15504 0
2606 7721 0
2606 1591 0
2606 7740 0
2606 2997 0
2606 2999 0
2606 1653 0
2606 1667 0
2606 3729 0
2606 1687 0
2606 3745 0
2606 1736 0
2606 7893 0
2606 3802 0
2606 5855 0
2606 1765 0
2606 3844 0
2606 7986 0
2606 8024 0
2606 5981 0
2606 5994 0
2606 16241 0
2606 3986 0
2606 1943 0
2606 16292 0
2606 12954 0
2606 6065 0
2606 16308 0
561 117 0
561 561 0
561 4745 1
561 706 0
561 724 0
561 6904 0
561 11038 0
561 827 0
561 4956 0
561 4957 0
561 4958 0
561 863 0
561 866 0
561 892 0
561 7045 0
561 3043 0
561 7147 0
561 1062 1
561 861 0
561 865 0
561 7273 0
561 5243 0
561 1158 0
561 1160 0
561 1221 0
561 1259 0
561 3353 0
561 3354 0
561 1365 0
561 7534 0
561 5523 0
561 5525 0
561 19879 0
561 1472 0
561 7740 0
561 5723 0
561 1680 0
561 3729 0
561 1687 0
561 1741 0
561 1751 0
561 5855 0
561 5865 0
561 5981 0
561 5994 0
561 6005 0
561 10106 0
561 1927 1
561 8089 0
561 6068 0
561 6072 0
568 6068 0
568 6730 1
568 6739 0
568 7317 0
568 1765 0
568 568 0
568 5981 0
568 1927 1
568 3986 0
568 18332 0
568 11197 0
568 3008 0
19005 18299 0
19005 13512 0
19005 11294 0
19005 4579 1
8629 5773 1
8629 3354 0
8629 19879 0
8629 13355 0
8629 1736 0
8629 5072 0
8629 3283 1
8629 5204 0
8629 3802 0
8629 117 0
6720 1943 0
6720 5772 1
6720 7077 0
6720 13355 0
6720 13356 0
6720 6072 0
6720 1741 0
6720 5072 0
6720 722 1
6720 5855 0
6720 5073 0
6720 5074 0
6720 2773 0
578 5772 1
578 5773 1
578 861 0
578 16241 0
578 3267 0
578 6741 0
578 6359 0
8775 8775 0
8775 5772 1
8775 11294 0
8775 1741 0
8775 8918 0
8775 11674 0
8775 5072 0
8775 985 0
8775 11760 0
6730 9094 1
6730 4745 2
6730 3986 1
6730 6072 1
6730 6814 1
6730 13479 1
2635 11294 0
2635 13512 0
2635 6361 1
2635 3043 0
2635 3352 0
2635 4579 1
2635 5469 0
2635 18299 0
2635 3469 0
2635 7058 1
2635 15309 0
2635 11760 0
14925 6754 0
14925 20083 0
14925 15807 0
14925 5253 0
14925 10894 0
14925 1170 0
14925 3745 0
14925 3757 0
14925 3283 1
14925 5865 0
14925 1335 0
14925 1927 1
14925 1928 0
14925 19345 0
14925 988 0
14925 1022 0
6584 4648 1
6584 5469 1
6584 1591 1
6584 1098 1
6584 1379 1
6584 1620 1
6584 1638 1
6584 17534 1
6584 1667 1
6584 5254 1
6584 15504 1
6584 2722 1
6584 3757 1
6584 1221 1
6584 1223 1
6584 1736 1
6584 3283 2
6584 7893 1
6584 7986 1
6584 19689 1
6584 6867 1
6584 8467 1
6584 11236 1
6584 4956 1
6584 4957 1
6584 4958 1
6584 1384 1
6584 16241 1
6584 2936 1
6584 18332 1
6584 16308 1
6584 6584 2
6584 3561 1
6584 14072 1
6584 5080 1
6584 16292 1
6584 5029 1
6584 16295 1
6584 6739 1
6739 1383 0
6739 6359 0
6739 8467 0
6739 5188 0
6739 19879 0
6739 6739 0
6739 6741 0
6739 4747 1
6739 2703 0
6739 2708 0
6739 2709 0
6739 2722 0
6739 8867 0
6739 685 0
6739 6867 0
6739 7635 0
6739 8995 0
6739 4925 0
6739 4957 0
6739 4958 0
6739 863 0
6739 2936 0
6739 5029 0
6739 14157 0
6739 988 0
6739 1022 0
6739 18163 0
6739 5243 0
6739 5254 0
6739 3236 0
6739 19689 0
6739 1259 0
6739 7455 0
6739 3429 0
6739 1384 0
6739 1385 0
6739 5487 0
6739 5529 0
6739 1472 0
6739 3561 0
6739 14072 0
6739 1591 0
6739 1638 0
6739 13587 0
6739 1653 0
6739 1667 0
6739 1674 0
6739 1680 0
6739 1736 0
6739 1741 0
6739 3802 0
6739 1765 0
6739 18165 0
6739 5893 0
6739 4746 1
6739 3927 0
6739 5981 0
6739 1927 1
6739 3986 0
6739 18341 0
6739 12954 0
6739 16295 0
6739 6068 0
6739 4081 0
12885 2695 1
12885 4745 1
12885 8100 0
12885 12885 0
12885 5981 0
12886 3469 1
12886 12886 2
12886 20083 1
12886 10106 1
2649 1158 1
2649 1160 1
2649 5132 1
2649 3352 1
2649 3353 1
2649 3356 1
2649 1957 1
2649 2861 1
2649 3043 1
2649 7147 1
2649 1915 1
2649 892 1
6754 5253 0
6754 1927 1
6754 7064 0
6754 3745 0
6754 3757 0
6754 7633 0
6754 1620 0
6754 729 0
6754 6754 0
6754 4579 1
6754 1022 0
6754 15893 0
8805 4745 1
8805 5855 0
12915 1160 0
12915 1680 0
12915 8467 0
12915 5525 0
12915 9753 0
12915 18332 0
12915 3561 0
12915 5870 1
4739 1620 0
4739 3353 0
4739 1653 0
4739 6068 0
4739 5579 0
2695 13185 1
2695 4745 2
2695 3986 1
2695 5143 1
2695 1572 1
2695 1573 1
2695 13061 1
2695 11197 1
2695 5529 1
2695 706 1
2695 711 1
2695 7507 1
2695 1626 1
2695 19760 1
2695 5981 1
2695 15504 1
2695 866 1
2695 7893 1
2695 2783 1
2695 1957 1
4745 5143 1
4745 1572 1
4745 1626 1
4745 7273 1
4745 4745 2
4745 2703 1
4745 3745 1
4745 3236 1
4745 13479 1
4745 8893 1
4745 711 1
4745 2782 1
4745 2783 1
4745 13061 1
4745 8467 1
4745 3862 1
4745 18060 1
4745 21340 1
4745 6814 1
4745 13185 1
4745 15255 1
4745 972 1
4745 988 1
4745 5087 1
4745 3561 1
4746 3986 1
4746 4916 1
4746 2997 1
4746 1335 1
4746 7740 1
4746 15807 1
4746 6341 1
4746 861 1
4746 7633 1
4747 5254 1
4747 8065 1
4747 3729 1
4747 3986 1
4747 8467 1
4747 15255 1
4747 5529 1
4747 3236 1
4747 7507 1
4747 13355 1
4747 6068 1
4747 3927 1
4747 861 1
4747 6005 1
4747 3561 1
4747 2936 1
4747 16253 1
10894 3757 0
10894 20083 0
10894 5253 0
10894 3745 0
10894 2722 0
10894 1197 0
10894 5865 0
10894 807 0
10894 1335 0
10894 1674 0
10894 10106 0
10894 1927 1
10894 1928 0
10894 19345 0
10894 7064 0
10894 988 0
10894 4579 1
10894 1022 0
2703 6361 1
2703 4648 0
2703 6741 0
2703 2703 0
2703 2709 0
2703 12954 0
2703 2722 0
2703 8867 0
2703 2773 0
2703 7633 0
2703 11038 0
2703 7986 0
2703 4916 0
2703 2936 0
2703 7045 0
2703 7053 0
2703 2997 0
2703 972 0
2703 11236 0
2703 1022 0
2703 5243 0
2703 13512 0
2703 3426 0
2703 3429 0
2703 1943 0
2703 5529 0
2703 1472 0
2703 3533 0
2703 5029 0
2703 15893 0
2703 7721 0
2703 1591 0
2703 1620 0
2703 1667 0
2703 18060 0
2703 3729 0
2703 3745 0
2703 5855 0
2703 5937 0
2703 3927 0
2703 8065 0
2703 3986 0
2703 18332 0
2703 1957 0
2703 6065 0
2703 6068 0
10896 5772 1
10896 10896 0
10896 8467 0
10896 1765 0
10896 3561 0
10896 748 0
10896 7534 0
10896 21396 0
2708 117 0
2708 8467 0
2708 729 0
2708 6741 0
2708 2709 0
2708 2722 0
2708 6867 0
2708 13061 0
2708 8995 0
2708 827 0
2708 861 0
2708 862 0
2708 7077 0
2708 1022 0
2708 13355 0
2708 5233 0
2708 5243 0
2708 5254 0
2708 1221 0
2708 13512 0
2708 3353 0
2708 3354 0
2708 19879 0
2708 3533 0
2708 7633 0
2708 3561 0
2708 7698 0
2708 7721 0
2708 1620 0
2708 5723 0
2708 5772 1
2708 5773 1
2708 5793 0
2708 1741 0
2708 3802 0
2708 5855 0
2708 14072 0
2708 5937 0
2708 3927 0
2708 5981 0
2708 8065 0
2708 3986 0
2708 6068 0
2709 117 0
2709 8467 0
2709 6741 0
2709 2709 0
2709 2722 0
2709 2773 0
2709 729 0
2709 6904 0
2709 13061 0
2709 17158 0
2709 4916 0
2709 4956 0
2709 861 0
2709 4958 0
2709 2936 0
2709 2962 1
2709 7064 0
2709 11236 0
2709 20083 0
2709 4957 0
2709 5254 0
2709 1170 0
2709 4648 0
2709 3426 0
2709 1384 0
2709 5529 0
2709 19879 0
2709 3561 0
2709 7699 0
2709 16308 0
2709 1620 0
2709 5745 1
2709 1687 0
2709 3745 0
2709 1736 0
2709 7893 0
2709 3802 0
2709 5855 0
2709 5928 1
2709 7986 0
2709 18227 0
2709 5981 0
2709 10106 0
2709 8065 0
2709 14220 0
2709 3986 0
2709 1943 0
2709 18332 0
2709 12954 0
2709 6068 0
2709 6096 0
2709 4081 0
12954 5143 0
12954 1591 0
12954 1653 0
12954 5487 0
12954 1221 0
12954 1736 0
12954 1741 0
12954 3283 1
12954 7893 0
12954 16308 0
12954 7986 0
12954 827 0
12954 3927 0
12954 861 0
12954 1383 0
12954 1384 0
12954 4925 0
12954 2936 0
12954 13355 0
12954 1927 1
12954 3986 0
12954 16295 0
12954 6068 0
12954 3561 0
6814 13061 0
6814 3986 0
6814 5143 0
6814 3426 0
2722 1383 0
2722 6359 0
2722 8467 0
2722 5523 0
2722 19879 0
2722 13061 0
2722 6741 0
2722 2722 0
2722 6867 0
2722 11038 0
2722 7986 0
2722 9009 0
2722 21340 0
2722 861 0
2722 862 0
2722 863 0
2722 866 0
2722 2936 0
2722 2962 1
2722 7064 0
2722 5029 0
2722 972 0
2722 3043 0
2722 1098 0
2722 5233 0
2722 5243 0
2722 15504 0
2722 1170 0
2722 1221 0
2722 1223 0
2722 19689 0
2722 1259 0
2722 4648 0
2722 5469 0
2722 3426 0
2722 1379 0
2722 3429 0
2722 1384 0
2722 3533 0
2722 7633 0
2722 7635 0
2722 3561 0
2722 15893 0
2722 7721 0
2722 1591 0
2722 16308 0
2722 2997 0
2722 1620 0
2722 5723 0
2722 1638 0
2722 1653 0
2722 1667 0
2722 18060 0
2722 1680 0
2722 3729 0
2722 3745 0
2722 1736 0
2722 1741 0
2722 7893 0
2722 3802 0
2722 5855 0
2722 14072 0
2722 5981 0
2722 8065 0
2722 1927 1
2722 14220 0
2722 3986 0
2722 1943 0
2722 18332 0
2722 16292 0
2722 6065 0
2722 6068 0
2722 8160 0
2722 4081 0
8867 6359 0
8867 8867 0
8867 8893 0
8867 729 0
8867 6904 0
8867 11038 0
8867 861 0
8867 7064 0
8867 7077 0
8867 3043 0
8867 11236 0
8867 1022 0
8867 13061 0
8867 5243 0
8867 1170 0
8867 3236 0
8867 3283 1
8867 3284 0
8867 3426 0
8867 1383 0
8867 1385 0
8867 5529 0
8867 19879 0
8867 1472 0
8867 7633 0
8867 1573 0
8867 1591 0
8867 16308 0
8867 1620 0
8867 1638 0
8867 1667 0
8867 5772 1
8867 1680 0
8867 3729 0
8867 3745 0
8867 1741 0
8867 7893 0
8867 3802 0
8867 5865 0
8867 8065 0
8867 3986 0
8867 1943 0
8867 18332 0
8867 6068 0
680 1158 0
680 5773 1
680 680 0
680 681 0
680 8918 0
680 1751 0
680 892 0
680 5074 0
680 9009 0
680 339 0
680 1927 1
680 3469 0
681 1158 0
681 1927 1
681 1160 0
681 3729 0
681 1573 0
681 681 0
681 5469 0
681 3927 0
681 1638 0
681 5928 1
681 117 0
681 892 0
685 13355 0
685 13061 0
685 1620 0
685 5745 1
685 1653 0
685 1221 0
685 1223 0
685 13512 0
685 1765 0
685 5893 0
685 5928 1
685 18227 0
685 4916 0
685 827 0
685 4956 0
685 4957 0
685 4958 0
685 1379 0
685 8065 0
685 3986 0
685 5529 0
685 18332 0
685 6068 0
685 3008 0
685 7893 0
685 1022 0
8893 3718 1
117 19879 0
117 13061 0
117 4957 0
117 5204 0
117 1653 0
117 5243 0
117 5254 0
117 1160 0
117 5772 1
117 3725 0
117 16022 0
117 1687 0
117 5793 0
117 13479 0
117 117 0
117 3266 0
117 1741 0
117 3283 1
117 3802 0
117 7986 0
117 5855 0
117 1765 0
117 1259 0
117 7893 0
117 18190 0
117 827 0
117 8467 0
117 5773 1
117 3927 0
117 8024 0
117 861 0
117 15504 0
117 4956 0
117 5994 0
117 3986 0
117 8065 0
117 7053 0
117 5469 0
117 1943 0
117 4958 0
117 7077 0
117 6065 0
117 16308 0
117 2997 0
117 5072 0
117 7633 0
117 3043 0
117 3561 0
706 4916 0
706 6068 0
706 827 0
706 706 0
706 5132 0
706 4579 1
706 3043 0
4803 13355 0
4803 1591 0
4803 16308 0
4803 6741 0
4803 8467 0
4803 5752 0
4803 5243 0
4803 16241 0
4803 4803 0
4803 3283 1
4803 7893 0
4803 5855 0
4803 1259 0
4803 13061 0
4803 11038 0
4803 7986 0
4803 4916 0
4803 827 0
4803 3426 0
4803 3729 0
4803 5994 0
4803 6005 0
4803 2936 0
4803 1927 1
4803 1928 0
4803 6068 0
4803 7633 0
4803 1022 0
711 13185 0
711 13061 0
711 1680 0
711 3986 0
711 3236 0
711 19760 0
711 11197 0
711 711 0
711 1741 0
711 1626 0
711 3426 0
711 3561 0
10958 2962 1
10958 1063 1
10958 5855 0
722 8065 1
722 1160 1
722 1687 1
722 3352 1
722 3353 1
722 3354 1
722 3356 1
722 5793 1
722 1957 1
722 3634 1
722 7077 1
722 827 1
722 5578 1
722 1751 1
722 5855 1
722 3043 1
722 11236 1
722 5523 1
722 892 1
722 5525 1
6867 13356 0
6867 13061 0
6867 1591 0
6867 16308 0
6867 14072 0
6867 6741 0
6867 1638 0
6867 1653 0
6867 5243 0
6867 1667 0
6867 1160 0
6867 1736 0
6867 1741 0
6867 3283 1
6867 7893 0
6867 6359 0
6867 1765 0
6867 1259 0
6867 4648 0
6867 3844 0
6867 8467 0
6867 7986 0
6867 4916 0
6867 5981 0
6867 3729 0
6867 5994 0
6867 8065 0
6867 3986 0
6867 6867 0
6867 7064 0
6867 18332 0
6867 3533 0
6867 7635 0
6867 13220 0
724 7698 0
724 7699 0
724 1751 0
724 724 0
724 2861 0
724 8024 0
724 3469 0
724 7077 0
724 6072 0
724 4579 1
2773 6361 1
2773 5578 0
2773 2773 0
2773 1244 1
2773 861 0
2773 5243 0
2773 14072 0
8918 8918 0
8918 1244 1
8918 1765 0
8918 7402 0
8918 3745 0
8918 3429 0
8918 11760 0
729 3757 0
729 5469 0
729 1591 0
729 3152 0
729 1620 0
729 5243 0
729 1170 0
729 3745 0
729 1197 0
729 6359 0
729 729 0
729 1259 0
729 3354 0
729 1885 1
729 3986 0
729 2962 1
729 5525 0
729 2967 0
729 7064 0
729 5981 0
729 2997 0
729 2999 0
729 14072 0
729 5523 0
2782 5254 0
2782 1674 0
2782 3986 0
2782 5523 0
2782 3236 0
2782 5981 0
2782 2782 0
2783 3986 0
2783 8467 0
2783 861 0
2783 2783 0
2783 3561 0
2783 1653 0
748 1160 0
748 5772 1
748 1741 0
748 748 0
748 8024 0
748 862 0
748 3426 0
748 7534 0
748 3469 0
748 21396 0
748 985 0
748 4579 1
7635 1591 0
7635 1098 0
7635 1638 0
7635 1653 0
7635 3802 0
7635 3844 0
7635 5893 0
7635 16292 0
7635 5981 0
7635 2936 0
7635 1927 1
7635 3469 0
7635 3986 0
7635 1943 0
7635 5029 0
7635 19879 0
7635 4579 1
7635 3561 0
6904 7698 0
6904 1160 0
6904 5772 1
6904 5773 1
6904 16022 0
6904 1687 0
6904 5785 0
6904 18098 0
6904 1741 0
6904 1751 0
6904 5855 0
6904 6904 0
6904 3354 0
6904 1384 0
6904 6005 0
6904 7045 0
6904 5523 0
6904 5525 0
6904 1957 0
6904 6068 0
6904 6072 0
6904 5072 0
6904 5073 0
6904 3043 0
13061 1383 0
13061 827 0
13061 4956 0
13061 2936 0
13061 7064 0
13061 3008 0
13061 7147 0
13061 1022 0
13061 13061 0
13061 1098 0
13061 1197 0
13061 3266 0
13061 3283 1
13061 3284 0
13061 1259 0
13061 4648 0
13061 13587 0
13061 5469 0
13061 3426 0
13061 3429 0
13061 1384 0
13061 5529 0
13061 19879 0
13061 1472 0
13061 18341 0
13061 1591 0
13061 16308 0
13061 20083 0
13061 1653 0
13061 1667 0
13061 1680 0
13061 1736 0
13061 7893 0
13061 3802 0
13061 5855 0
13061 1765 0
13061 5893 0
13061 3927 0
13061 5981 0
13061 14072 0
13061 1927 1
13061 1928 0
13061 6068 0
13061 8160 0
13061 4081 0
17158 1927 1
17158 14072 0
17158 3862 0
17158 1591 0
17158 6359 0
17158 8024 0
17158 2962 1
17158 5487 0
17158 5243 0
2837 1943 0
2837 1062 1
2837 807 0
2837 5855 0
2837 1221 0
2837 1223 0
2837 5072 0
795 3008 0
795 3010 0
795 1062 1
795 1063 1
795 5469 0
795 2995 0
11038 4648 0
11038 1591 0
11038 1098 0
11038 6741 0
11038 8467 0
11038 11294 0
11038 3802 0
11038 11038 0
11038 5937 0
11038 3927 0
11038 3429 0
11038 1383 0
11038 16241 0
11038 18299 0
11038 1927 1
11038 6068 0
11038 1472 0
11038 988 0
11038 8160 0
11038 4579 1
8995 13356 0
8995 6741 0
8995 1221 0
8995 1223 0
8995 8995 0
8995 1259 0
8995 5981 0
8995 1379 0
8995 16241 0
8995 16253 0
8995 3986 0
8995 6068 0
8995 5204 0
1158 1197 0
1158 7698 0
1158 1158 0
1158 1160 0
1158 1687 0
1158 1221 0
1158 5855 0
1158 5772 1
1158 5994 0
1158 1915 0
1158 892 0
1158 1943 0
1158 1259 0
1158 3043 0
807 1062 1
807 1063 1
807 1620 0
807 1653 0
807 3008 0
807 1687 0
807 3745 0
807 807 0
807 4925 0
807 5469 0
807 1927 1
807 1943 0
807 5523 0
807 7064 0
807 2997 0
807 3539 0
2861 7698 0
2861 7699 0
2861 866 0
2861 6741 0
2861 1653 0
2861 1160 0
2861 3729 0
2861 1687 0
2861 1244 1
2861 5865 0
2861 4957 0
9009 19879 0
9009 5469 0
9009 1620 0
9009 5723 0
9009 1667 0
9009 1674 0
9009 18332 0
9009 1221 0
9009 1223 0
9009 1736 0
9009 1765 0
9009 5865 0
9009 8467 0
9009 9009 0
9009 827 0
9009 4579 1
9009 861 0
9009 862 0
9009 863 0
9009 865 0
9009 866 0
9009 5994 0
9009 3986 0
9009 6068 0
9009 972 0
9009 985 0
9009 3561 0
4916 1383 0
4916 4916 0
4916 827 0
4916 4925 0
4916 4956 0
4916 7064 0
4916 5188 0
4916 1098 0
4916 3236 0
4916 1221 0
4916 1223 0
4916 7045 0
4916 5456 0
4916 3429 0
4916 1384 0
4916 1472 0
4916 3561 0
4916 5723 0
4916 1653 0
4916 1667 0
4916 7867 1
4916 1736 0
4916 3802 0
4916 5855 0
4916 1765 0
4916 5893 0
4916 8024 0
4916 5981 0
4916 1928 0
4916 16292 0
4916 6068 0
4916 8160 0
4916 4081 0
4921 20226 0
4921 19879 0
4921 3729 0
4921 3986 0
4921 1943 0
4921 1062 1
4921 13355 0
4921 4921 0
4921 3426 0
4921 4579 1
4921 13479 0
827 1741 0
827 7633 0
827 827 0
827 4956 0
827 4957 0
827 4958 0
827 866 0
827 872 1
827 5025 0
827 2997 0
827 3043 0
827 861 0
827 862 0
827 3266 0
827 1221 0
827 1223 0
827 3283 1
827 3284 0
827 1335 0
827 5469 0
827 1383 0
827 5529 0
827 19879 0
827 1478 0
827 16308 0
827 1620 0
827 5723 0
827 1653 0
827 1674 0
827 3729 0
827 5793 0
827 7893 0
827 3802 0
827 5855 0
827 985 0
827 5981 0
827 5994 0
827 8065 0
827 1927 1
827 1687 0
827 3986 0
827 1943 0
827 18332 0
827 8100 0
827 6065 0
827 6068 0
4925 15893 0
4925 18332 0
4925 1736 0
4925 3283 1
4925 3284 0
4925 5855 0
4925 1765 0
4925 13355 0
4925 4925 0
4925 5469 0
4925 3426 0
4925 1927 1
4925 1928 0
4925 3986 0
4925 5529 0
4925 7064 0
4925 2997 0
4925 5091 0
4579 339 1
4579 5893 1
4579 862 1
4579 865 1
4579 19345 1
4579 7058 2
4579 11760 1
4579 7064 1
4579 5025 1
4579 15309 1
4579 985 1
4579 11294 1
4579 5204 1
4579 10091 1
4579 1221 1
4579 3284 1
4579 7402 1
4579 1259 1
4579 7459 1
4579 5456 1
4579 13655 1
4579 1385 1
4579 5487 1
4579 19840 1
4579 13719 1
4579 11674 1
4579 5579 1
4579 15893 1
4579 9753 1
4579 5793 1
4579 18098 1
4579 18163 1
4579 18165 1
4579 18190 1
4579 5994 1
4579 6005 1
4579 18299 1
4579 8100 1
4579 1976 1
4579 6118 1
4579 14319 1
21340 1674 0
21340 18060 0
21340 7633 0
21340 5723 0
21340 7525 1
21340 1638 0
861 14072 0
861 6741 0
861 8160 0
861 4956 0
861 861 0
861 862 0
861 865 0
861 866 0
861 872 1
861 2936 0
861 5029 0
861 985 0
861 5087 0
861 3043 0
861 1022 0
861 4957 0
861 4958 0
861 1098 0
861 5204 0
861 15893 0
861 5253 0
861 1160 0
861 3236 0
861 3266 0
861 1221 0
861 3283 1
861 3284 0
861 1259 0
861 4648 0
861 3353 0
861 3354 0
861 5469 0
861 3426 0
861 1383 0
861 1384 0
861 7064 0
861 19879 0
861 1472 0
861 1591 0
861 7740 0
861 20083 0
861 1653 0
861 1674 0
861 3725 0
861 1680 0
861 1687 0
861 3745 0
861 3757 0
861 1736 0
861 1741 0
861 3802 0
861 5855 0
861 5865 0
861 5893 0
861 8024 0
861 5994 0
861 1927 1
861 1928 0
861 3986 0
861 8100 0
861 18341 0
861 6068 0
861 4081 0
862 3469 0
862 6361 1
862 6741 0
862 985 0
862 3043 0
862 872 1
863 3426 0
863 3729 0
863 1221 0
863 1741 0
863 3283 1
863 3284 0
863 5855 0
863 3353 0
863 3354 0
863 4956 0
863 5469 0
863 865 0
863 866 0
863 872 1
863 3986 0
863 7064 0
863 6068 0
863 3043 0
863 6741 0
865 5469 0
865 866 0
865 1653 0
865 3729 0
865 1221 0
865 1741 0
865 3283 1
865 3284 0
865 1259 0
865 5855 0
865 3043 0
865 865 0
865 872 1
865 3986 0
865 19879 0
865 3426 0
866 4957 0
866 4958 0
866 3426 0
866 1160 0
866 5772 1
866 1687 0
866 1221 0
866 1741 0
866 3283 1
866 3284 0
866 5855 0
866 3352 0
866 7534 0
866 4956 0
866 866 0
866 5469 0
866 5487 0
866 6072 0
866 3043 0
872 3725 1
872 6741 1
2936 1383 0
2936 6359 0
2936 6741 0
2936 1472 0
2936 4956 0
2936 4957 0
2936 4958 0
2936 7064 0
2936 5029 0
2936 13355 0
2936 1098 0
2936 5254 0
2936 15504 0
2936 3426 0
2936 1379 0
2936 3429 0
2936 1384 0
2936 3469 0
2936 5529 0
2936 19879 0
2936 3561 0
2936 1591 0
2936 2997 0
2936 1653 0
2936 1687 0
2936 1736 0
2936 1741 0
2936 7893 0
2936 3802 0
2936 1765 0
2936 8065 0
2936 1927 1
2936 3986 0
2936 1943 0
2936 18332 0
2936 16292 0
2936 6065 0
2936 16308 0
892 7698 0
892 7699 0
892 1620 0
892 1653 0
892 1160 0
892 3729 0
892 1687 0
892 1197 0
892 1741 0
892 5855 0
892 3354 0
892 892 0
892 5523 0
892 5525 0
892 3043 0
13185 19760 0
13185 1572 0
13185 1573 0
13185 11197 0
13185 1626 0
7045 7045 0
7045 1927 1
7045 5772 1
7045 3986 0
7045 6072 0
7045 1741 0
7045 5072 0
7045 3927 0
7045 5855 0
7045 6005 0
7053 1667 0
7053 1927 1
7053 7740 0
7053 1736 0
7053 7053 0
7053 3283 1
7053 5204 0
19345 5253 0
19345 1927 1
19345 15893 0
19345 7064 0
19345 3745 0
19345 3757 0
7058 5643 1
7058 5793 1
7058 3043 1
7058 5523 1
7058 15309 1
7058 7699 1
7058 7698 1
7058 1244 2
21396 1160 0
21396 5772 1
21396 5773 1
21396 11294 0
21396 13512 0
21396 1741 0
21396 5072 0
21396 7534 0
21396 21396 0
21396 7317 0
15255 1572 0
15255 1653 0
7064 1572 0
7064 7721 0
7064 13355 0
7064 4957 0
7064 16308 0
7064 20083 0
7064 5253 0
7064 1674 0
7064 3745 0
7064 1197 0
7064 3757 0
7064 7893 0
7064 6359 0
7064 5855 0
7064 5865 0
7064 1259 0
7064 8467 0
7064 1335 0
7064 4956 0
7064 4958 0
7064 3426 0
7064 5994 0
7064 1927 1
7064 1928 0
7064 3469 0
7064 2962 1
7064 5469 0
7064 1943 0
7064 5529 0
7064 3986 0
7064 13220 0
7064 6065 0
7064 6068 0
7064 2997 0
7064 988 0
7064 1022 0
5025 3844 0
5025 1687 0
5025 5025 0
5025 5981 0
5025 1221 0
5025 1741 0
5025 3283 1
5025 1638 0
5025 5469 0
5025 1653 0
13220 13220 0
13220 3283 1
13220 1751 0
13220 4956 0
13220 1927 1
13220 3986 0
13220 16292 0
13220 3236 0
13220 4081 0
13220 1022 0
7077 5640 0
7077 5132 0
7077 7698 0
7077 8065 0
7077 5469 0
7077 5981 0
7077 7699 0
7077 1667 0
7077 1160 0
7077 5772 1
7077 3729 0
7077 1687 0
7077 1197 0
7077 1221 0
7077 1741 0
7077 1765 0
7077 3043 0
7077 5893 0
7077 5855 0
7077 5773 1
7077 3927 0
7077 1384 0
7077 5523 0
7077 7077 0
7077 5578 0
7077 5072 0
7077 6359 0
2994 1062 1
2994 1063 1
2994 2994 0
2994 3008 0
2995 1927 1
2995 1943 0
2995 18332 0
2995 2995 0
2995 3010 0
2995 6096 0
2995 5469 0
2995 1063 1
2997 1383 0
2997 1384 0
2997 1478 0
2997 2962 1
2997 5029 0
2997 3008 0
2997 988 0
2997 1022 0
2997 1098 0
2997 3236 0
2997 3283 1
2997 3284 0
2997 4648 0
2997 3426 0
2997 3429 0
2997 19879 0
2997 1472 0
2997 15893 0
2997 1591 0
2997 2997 0
2997 1680 0
2997 3745 0
2997 1736 0
2997 3802 0
2997 1765 0
2997 5893 0
2997 14157 0
2997 3927 0
2997 5981 0
2997 1927 1
2997 1928 0
2997 1943 0
2997 6065 0
2997 6068 0
2997 8160 0
2999 1943 0
2999 18332 0
2999 1062 1
2999 5981 0
2999 3008 0
2999 3010 0
2999 3539 0
2999 1620 0
2999 1885 1
2999 1765 0
11193 5772 1
11193 5773 1
11197 1927 1
11197 19760 0
11197 1572 0
11197 1573 0
11197 1626 0
3008 1062 1
3008 6068 0
3008 1653 0
3008 6359 0
3008 18227 0
3008 4956 0
3008 4957 0
3008 4958 0
3008 6065 0
3008 1927 1
3008 1928 0
3008 3986 0
3008 1943 0
3008 8089 0
3008 18332 0
3008 3008 0
3008 3010 0
3008 3539 0
3010 1927 1
3010 1928 0
3010 1943 0
3010 1063 1
3010 1335 0
3010 3010 0
3010 4081 0
3010 1620 0
3010 5469 0
972 7698 0
972 6741 0
972 7699 0
972 1653 0
972 5243 0
972 1160 0
972 3729 0
972 1687 0
972 5487 0
972 1221 0
972 1736 0
972 1741 0
972 6361 1
972 5855 0
972 1259 0
972 3353 0
972 3354 0
972 5469 0
972 1383 0
972 5994 0
972 16241 0
972 3986 0
972 3745 0
972 972 0
972 14072 0
972 8160 0
972 1022 0
15309 1221 0
15309 8467 0
15309 3469 0
15309 3561 0
5072 7698 0
5072 7699 0
5072 1620 0
5072 17534 0
5072 1160 0
5072 5772 1
5072 5773 1
5072 16022 0
5072 1687 0
5072 1197 0
5072 1741 0
5072 1259 0
5072 3353 0
5072 7455 0
5072 7459 0
5072 5469 0
5072 5994 0
5072 6072 0
5072 5072 0
5073 5772 1
5073 5773 1
5073 6068 0
5073 6072 0
5073 5073 0
5074 1160 0
5074 5772 1
5074 5773 1
5074 7699 0
5074 6072 0
5074 6741 0
5080 1638 0
5080 5243 0
5080 1765 0
5080 3802 0
5080 5981 0
5080 5994 0
5080 10091 0
5080 1927 1
5080 5029 0
985 3469 0
985 3236 0
985 6741 0
985 985 0
985 18299 0
988 7699 0
988 1591 0
988 3152 0
988 5243 0
988 5253 0
988 1170 0
988 3745 0
988 1741 0
988 6359 0
988 14072 0
988 1927 1
988 1335 0
988 5981 0
988 1383 0
988 1385 0
988 1943 0
988 5529 0
988 6065 0
988 988 0
988 1620 0
988 1022 0
5087 5855 0
5087 5087 0
3043 6359 0
3043 3043 0
3043 5243 0
3043 5253 0
3043 1160 0
3043 1197 0
3043 3266 0
3043 1221 0
3043 1223 0
3043 1244 1
3043 3353 0
3043 3354 0
3043 7455 0
3043 5523 0
3043 7698 0
3043 7699 0
3043 3729 0
3043 16022 0
3043 1687 0
3043 1741 0
3043 1751 0
3043 1765 0
3043 5865 0
3043 3844 0
3043 5981 0
3043 5994 0
3043 6005 0
3043 1927 1
3043 1943 0
3043 8089 0
3043 1957 0
3043 6072 0
11236 6359 0
11236 5029 0
11236 11236 0
11236 1022 0
11236 5243 0
11236 3236 0
11236 1223 0
11236 1259 0
11236 3353 0
11236 3354 0
11236 3356 0
11236 1384 0
11236 1591 0
11236 1638 0
11236 3352 0
11236 1741 0
11236 3802 0
11236 5855 0
11236 14072 0
11236 8024 0
11236 5981 0
11236 1927 1
11236 6068 0
11236 8160 0
7147 13355 0
7147 16308 0
7147 7740 0
7147 1098 0
7147 5855 0
7147 1259 0
7147 3283 1
7147 4956 0
7147 4958 0
7147 5981 0
7147 15807 0
7147 7147 0
1022 8467 0
1022 6741 0
1022 7986 0
1022 4956 0
1022 4958 0
1022 5029 0
1022 1022 0
1022 13355 0
1022 4957 0
1022 5188 0
1022 5253 0
1022 7317 0
1022 5469 0
1022 3426 0
1022 1379 0
1022 5529 0
1022 19879 0
1022 15893 0
1022 7721 0
1022 6068 0
1022 3725 0
1022 1687 0
1022 3745 0
1022 1741 0
1022 7893 0
1022 5855 0
1022 5893 0
1022 1335 0
1022 14157 0
1022 5994 0
1022 16241 0
1022 8065 0
1022 1927 1
1022 3986 0
1022 1943 0
1022 18332 0
1022 6065 0
1022 16308 0
1957 7699 0
1957 6072 0
1957 1620 0
1957 1160 0
1957 16022 0
1957 1687 0
1957 1197 0
1957 1221 0
1957 14157 0
1957 1223 0
1957 1741 0
1957 1751 0
1957 3802 0
1957 3283 1
1957 3353 0
1957 3354 0
1957 5994 0
1957 7507 0
1957 6005 0
1957 1957 0
1957 5204 0
5132 1927 1
5132 5132 0
5132 1653 0
5143 1626 0
5143 1653 0
5143 17534 0
11294 3469 0
11294 11294 0
11294 19660 1
11294 1927 1
11294 13655 0
11294 7633 0
11294 11760 0
11294 9753 0
11294 18165 0
11294 3862 0
11294 10091 0
11294 18299 0
11294 6118 0
1062 5440 1
1062 14220 1
1062 1943 1
1062 1062 2
1062 6096 1
1062 1874 1
1062 3539 1
1062 1365 1
1062 5981 1
1062 18341 1
1062 5222 1
1062 1063 2
1062 4081 1
1062 1653 1
1062 5752 1
1063 14220 1
1063 20226 1
1063 1943 1
1063 4081 1
1063 18341 1
1063 7986 1
1063 5440 1
1063 3267 1
1063 6096 1
1063 3539 1
1063 1365 1
1063 5222 1
1063 5233 1
1063 5752 1
1063 5245 1
4956 1383 0
4956 6741 0
4956 4956 0
4956 4957 0
4956 4958 0
4956 5029 0
4956 1098 0
4956 5243 0
4956 3266 0
4956 1223 0
4956 3283 1
4956 3284 0
4956 3354 0
4956 13479 0
4956 3426 0
4956 1384 0
4956 19879 0
4956 18332 0
4956 15807 0
4956 3561 0
4956 1591 0
4956 7740 0
4956 1620 0
4956 1653 0
4956 1674 0
4956 3745 0
4956 3757 0
4956 1736 0
4956 7893 0
4956 3802 0
4956 5855 0
4956 1765 0
4956 7986 0
4956 3927 0
4956 5981 0
4956 1927 1
4956 3986 0
4956 1943 0
4956 16295 0
13355 1736 0
13355 8467 0
13355 14072 0
13355 1478 0
13355 5188 0
13355 1098 0
13355 1221 0
13355 1223 0
13355 3283 1
13355 3429 0
13355 5529 0
13355 19879 0
13355 1472 0
13355 3561 0
13355 16295 0
13355 7740 0
13355 1653 0
13355 3745 0
13355 3757 0
13355 7893 0
13355 3802 0
13355 5855 0
13355 1765 0
13355 5893 0
13355 1927 1
13355 1928 0
13355 1943 0
13355 6068 0
13355 8160 0
13355 4081 0
13356 1591 0
13356 3152 0
13356 6359 0
13356 3283 1
13356 1927 1
13356 1928 0
13356 19879 0
5981 8467 0
5981 1170 0
5981 1221 0
5981 1223 0
5981 1591 0
5981 1620 0
5981 1667 0
5981 1687 0
5981 1736 0
5981 18165 0
5981 1943 0
5981 2962 1
5981 3284 0
5981 19689 0
5981 3352 0
5981 3354 0
5981 3426 0
5981 3429 0
5981 19879 0
5981 3561 0
5981 3729 0
5981 3802 0
5981 3844 0
5981 3986 0
5981 4957 0
5981 4958 0
5981 5091 0
5981 5233 0
5981 13479 0
5981 5469 0
5981 5772 1
5981 5855 0
5981 5893 0
5981 5981 0
5981 5985 0
5981 6005 0
5981 6065 0
5981 6068 0
5981 6341 0
5981 6359 0
5981 20226 0
5981 6741 0
5981 7273 0
5981 7317 0
5981 7740 0
5981 16022 0
5981 7893 0
5981 16253 0
5981 8089 0
5981 16308 0
4958 6741 0
4958 4957 0
4958 4958 0
4958 5029 0
4958 1098 0
4958 5243 0
4958 3266 0
4958 1223 0
4958 3284 0
4958 3426 0
4958 1383 0
4958 1384 0
4958 19879 0
4958 15807 0
4958 3561 0
4958 1591 0
4958 7740 0
4958 1620 0
4958 1653 0
4958 1674 0
4958 3757 0
4958 1736 0
4958 3802 0
4958 1765 0
4958 3927 0
4958 1927 1
4958 16295 0
4958 3745 0
5188 5188 0
5188 1620 0
5188 1765 0
5188 3426 0
5188 1927 1
5188 1928 0
5188 7633 0
1098 5893 0
1098 1591 0
1098 1098 0
1098 1379 0
1098 1620 0
1098 1653 0
1098 5254 0
1098 18332 0
1098 1736 0
1098 7893 0
1098 3802 0
1098 19879 0
1098 8467 0
1098 7459 0
1098 5529 0
1098 16292 0
1098 4957 0
1098 3986 0
1098 6065 0
1098 16308 0
1098 5029 0
1098 3561 0
3152 1170 0
3152 7317 0
3152 13512 0
3152 2962 1
5204 5204 0
5204 5723 0
5204 3729 0
5204 1687 0
5204 1653 0
5204 1221 0
5204 1741 0
5204 3283 1
5204 1751 0
5204 5855 0
5204 3469 0
5204 3426 0
5204 3986 0
5204 1943 0
5204 19879 0
5222 20226 0
5222 1170 0
7273 1620 0
7273 8467 0
7273 5091 0
7273 3561 0
5233 20226 0
5233 6741 0
5233 5233 0
5233 8467 0
5233 5579 0
5243 6359 0
5243 6741 0
5243 4957 0
5243 5029 0
5243 1170 0
5243 7317 0
5243 19689 0
5243 3426 0
5243 3429 0
5243 1383 0
5243 1384 0
5243 2962 1
5243 1943 0
5243 5529 0
5243 19879 0
5243 3533 0
5243 15893 0
5243 1591 0
5243 1620 0
5243 1653 0
5243 1667 0
5243 1680 0
5243 3729 0
5243 16022 0
5243 1736 0
5243 1741 0
5243 3802 0
5243 5855 0
5243 5893 0
5243 7986 0
5243 8065 0
5243 3986 0
5243 18332 0
5243 6065 0
5243 6068 0
5243 8160 0
5245 1927 1
5245 1591 0
5245 5245 0
17534 5994 0
17534 3283 1
5253 20083 0
5253 15807 0
5253 5253 0
5253 5254 0
5253 1674 0
5253 1680 0
5253 3745 0
5253 3757 0
5253 5865 0
5253 8467 0
5253 7960 1
5253 3353 0
5253 7986 0
5253 1335 0
5253 1927 1
5253 1928 0
5253 3561 0
5254 19840 0
5254 6741 0
5254 5254 0
5254 7317 0
5254 3283 1
5254 5523 0
5254 1674 0
5254 1741 0
5254 7893 0
5254 14072 0
5254 16241 0
5254 8065 0
5254 14220 0
5254 3986 0
5254 16308 0
5254 8160 0
1160 5469 0
1160 4957 0
1160 7698 0
1160 1160 0
1160 3267 0
1160 1221 0
1160 1223 0
1160 1259 0
1160 3352 0
1160 3353 0
1160 3354 0
1160 7455 0
1160 7459 0
1160 1384 0
1160 7534 0
1160 5523 0
1160 5525 0
1160 5578 0
1160 7699 0
1160 7740 0
1160 1653 0
1160 5772 1
1160 3725 0
1160 3729 0
1160 16022 0
1160 1687 0
1160 5785 0
1160 3745 0
1160 1741 0
1160 1751 0
1160 5855 0
1160 1765 0
1160 18163 0
1160 18060 0
1160 3927 0
1160 5994 0
1160 6072 0
15504 3283 1
15504 3284 0
15504 3802 0
15504 3927 0
15504 1765 0
15504 1384 0
1170 6359 0
1170 1478 0
1170 2962 1
1170 2967 0
1170 3266 0
1170 3283 1
1170 3354 0
1170 5456 0
1170 5469 0
1170 1383 0
1170 1384 0
1170 1385 0
1170 5525 0
1170 7633 0
1170 1591 0
1170 1620 0
1170 5785 0
1170 5855 0
1170 14072 0
1170 18060 0
1170 1927 1
1170 1928 0
1170 3986 0
7317 6361 1
7317 8467 0
7317 3844 0
7317 3561 0
7317 2967 0
7317 1885 1
7317 5994 0
7317 3352 0
7317 3353 0
7317 3354 0
7317 1620 0
7317 3356 0
7317 20226 0
7317 6005 0
7317 3986 0
6341 5772 1
6341 6341 0
6341 1741 0
6341 16241 0
6341 3986 0
6341 6068 0
3236 3426 0
3236 5723 0
3236 18060 0
3236 1680 0
3236 3236 0
3236 3267 0
3236 1259 0
3236 5893 0
3236 7507 0
3236 1765 0
3236 3986 0
3236 1943 0
3236 5529 0
3236 6065 0
3236 14072 0
13479 1674 0
13479 3757 0
13479 1221 0
13479 5994 0
13479 6005 0
13479 1927 1
13479 8089 0
13479 6068 0
1197 1591 0
1197 1620 0
1197 1653 0
1197 1687 0
1197 1197 0
1197 1221 0
1197 1223 0
1197 1741 0
1197 7893 0
1197 1751 0
1197 5855 0
1197 1765 0
1197 3354 0
1197 7525 1
1197 1927 1
1197 16308 0
1197 5523 0
3266 5772 1
3266 5773 1
3266 8467 0
3266 5469 0
3266 4957 0
3266 3561 0
3266 3986 0
3266 1915 0
3267 1591 0
3267 1680 0
3267 7507 0
3267 1927 1
1221 3426 0
1221 19840 0
1221 7455 0
1221 13512 0
1221 1221 0
1221 1223 0
1221 1244 1
1221 1259 0
1221 5469 0
1221 1383 0
1221 3469 0
1221 19879 0
1221 3533 0
1221 7698 0
1221 7699 0
1221 7721 0
1221 7740 0
1221 1620 0
1221 1638 0
1221 8467 0
1221 1653 0
1221 5772 1
1221 3725 0
1221 3729 0
1221 5793 0
1221 18098 0
1221 20083 0
1221 1741 0
1221 7893 0
1221 3802 0
1221 5855 0
1221 8024 0
1221 8065 0
1221 3986 0
1221 1943 0
1221 16308 0
1221 6072 0
1221 3745 0
1223 5723 0
1223 5772 1
1223 3729 0
1223 1741 0
1223 3802 0
1223 5855 0
1223 1259 0
1223 13512 0
1223 19840 0
1223 8024 0
1223 4957 0
1223 3986 0
1223 7534 0
1223 5793 0
1223 6072 0
1223 4081 0
13512 1653 0
13512 1680 0
13512 9753 0
13512 3283 1
13512 5855 0
13512 7402 0
13512 13512 0
13512 3927 0
13512 8024 0
13512 5469 0
13512 1385 0
13512 2962 1
13512 16295 0
19660 19660 2
3283 19879 1
3283 7721 1
3283 16292 1
3283 16308 1
3283 8467 1
3283 1667 1
3283 1674 1
3283 1680 1
3283 3729 1
3283 3283 2
3283 3284 1
3283 3802 1
3283 5855 1
3283 1259 1
3283 3354 1
3283 3927 1
3283 8024 1
3283 3426 1
3283 3429 1
3283 1383 1
3283 7740 1
3283 5994 1
3283 5487 1
3283 18299 1
3283 19840 1
3283 1927 2
3283 3986 1
3283 1943 1
3283 18332 1
3283 16295 1
3283 6065 1
3283 6068 1
3283 14319 1
3283 3533 1
3283 3561 1
3283 7893 1
3284 1653 0
3284 1667 0
3284 7893 0
3284 3426 0
3284 5487 0
3284 3986 0
3284 1943 0
3284 18332 0
3284 6065 0
3284 16308 0
1244 5643 1
1244 1765 1
1244 5793 1
1244 1915 1
18299 13655 0
18299 1385 0
18299 3469 0
18299 9753 0
18299 10091 0
18299 18299 0
19689 5893 0
19689 1927 1
19689 3745 0
19689 1591 0
19689 14072 0
19689 6359 0
19689 1379 0
19689 1638 0
7402 3469 0
7402 6361 1
1259 6359 0
1259 8467 0
1259 6741 0
1259 3353 0
1259 3354 0
1259 7459 0
1259 5469 0
1259 3426 0
1259 1384 0
1259 5578 0
1259 3561 0
1259 5640 0
1259 15893 0
1259 7721 0
1259 1620 0
1259 1653 0
1259 1667 0
1259 1687 0
1259 5793 0
1259 1741 0
1259 3927 0
1259 5985 0
1259 16241 0
1259 3986 0
1259 16308 0
4648 1591 0
4648 1638 0
4648 1667 0
4648 3729 0
4648 14072 0
4648 8467 0
4648 3426 0
4648 8065 0
4648 1928 0
4648 3986 0
4648 5529 0
4648 18332 0
4648 6065 0
4648 7633 0
4648 20083 0
4648 3561 0
6359 19879 0
6359 5029 0
6359 13587 0
6359 3426 0
6359 1383 0
6359 1384 0
6359 5529 0
6359 3533 0
6359 15893 0
6359 1591 0
6359 1620 0
6359 1680 0
6359 3729 0
6359 16022 0
6359 1736 0
6359 1741 0
6359 3802 0
6359 5855 0
6359 5928 1
6359 5937 0
6359 7986 0
6359 10106 0
6359 8065 0
6359 3986 0
6359 18332 0
6359 8160 0
13587 14220 0
13587 2962 1
13587 8467 0
13587 1943 0
13587 18332 0
13587 1620 0
13587 7893 0
13587 3426 0
13587 3561 0
6361 1687 1
6361 5785 1
6361 3354 1
6361 3802 1
6361 18163 1
3352 1687 0
3352 5855 0
3352 1765 0
3352 3844 0
3352 3352 0
3352 3353 0
3352 3354 0
3352 3356 0
3352 1384 0
3352 5523 0
3352 18163 0
3352 5578 0
3353 2967 0
3353 3353 0
3353 3354 0
3353 3356 0
3353 1335 0
3353 1472 0
3353 7698 0
3353 1591 0
3353 5723 0
3353 1653 0
3353 3729 0
3353 16022 0
3353 1687 0
3353 1741 0
3353 5855 0
3353 3844 0
3353 8089 0
3354 6741 0
3354 3354 0
3354 3356 0
3354 1335 0
3354 1383 0
3354 1384 0
3354 3469 0
3354 5578 0
3354 7633 0
3354 7698 0
3354 1638 0
3354 3729 0
3354 1687 0
3354 1741 0
3354 1751 0
3354 5855 0
3354 18163 0
3354 3844 0
3354 8065 0
3354 16022 0
3354 1927 1
3354 8089 0
3354 6072 0
3356 3844 0
3356 1927 1
3356 1687 0
3356 5578 0
3356 1384 0
3356 1653 0
7455 7698 0
7455 6741 0
7455 18332 0
7455 5772 1
7455 5773 1
7455 1687 0
7455 5855 0
7455 7455 0
7455 19879 0
7455 6072 0
7459 3469 0
7459 5523 0
7459 7459 0
7459 5773 1
7459 1478 0
7459 18060 0
7459 5723 0
19760 3986 0
19760 1572 0
19760 1573 0
19760 18341 0
19760 1626 0
1335 15893 0
1335 3745 0
1335 5469 0
1335 1927 1
1335 1943 0
5440 1943 0
5440 5440 0
5456 1674 0
5456 5469 0
7507 3561 0
7507 8467 0
1365 1927 1
1365 1943 0
1365 1620 0
13655 1885 1
5469 5523 0
5469 1927 1
5469 1478 0
5469 2962 1
5469 2967 0
5469 3927 0
5469 5469 0
5469 5487 0
5469 5525 0
5469 1620 0
5469 1667 0
5469 1674 0
5469 5773 1
5469 1680 0
5469 16022 0
5469 1687 0
5469 5785 0
5469 1741 0
5469 1751 0
5469 5855 0
5469 1765 0
5469 3844 0
5469 8024 0
5469 7633 0
5469 1928 0
5469 3986 0
5469 1943 0
5469 6072 0
3426 1379 0
3426 1383 0
3426 1736 0
3426 16308 0
3426 14072 0
3426 5029 0
3426 4957 0
3426 14157 0
3426 3426 0
3426 3429 0
3426 1384 0
3426 1385 0
3426 5529 0
3426 19879 0
3426 1472 0
3426 5723 0
3426 1591 0
3426 1667 0
3426 1680 0
3426 1687 0
3426 3745 0
3426 3802 0
3426 1765 0
3426 5893 0
3426 3862 0
3426 8065 0
3426 1927 1
3426 1928 0
3426 3986 0
3426 1943 0
3426 16292 0
3426 6065 0
3426 6068 0
3426 8160 0
3426 4081 0
1379 1591 0
1379 18332 0
1379 1736 0
1379 7893 0
1379 8467 0
1379 5529 0
1379 18227 0
1379 8065 0
1379 1943 0
1379 3986 0
1379 16292 0
1379 5029 0
1379 3561 0
3429 8065 0
3429 1591 0
3429 6741 0
3429 18332 0
3429 1680 0
3429 1687 0
3429 3745 0
3429 3757 0
3429 1736 0
3429 3802 0
3429 14072 0
3429 8024 0
3429 4957 0
3429 1384 0
3429 3986 0
3429 1927 1
3429 1928 0
3429 1943 0
3429 6065 0
3429 16308 0
3429 14157 0
3429 7633 0
1383 6741 0
1383 4957 0
1383 2962 1
1383 5029 0
1383 1384 0
1383 5487 0
1383 5529 0
1383 19879 0
1383 3533 0
1383 3561 0
1383 1653 0
1383 18060 0
1383 1680 0
1383 3729 0
1383 1741 0
1383 7893 0
1383 3802 0
1383 5855 0
1383 1765 0
1383 3844 0
1383 16241 0
1383 8065 0
1383 3986 0
1383 1943 0
1383 18332 0
1383 16295 0
1383 6065 0
1383 16308 0
1383 8160 0
1384 8467 0
1384 6741 0
1384 4957 0
1384 2962 1
1384 3927 0
1384 1384 0
1384 5529 0
1384 19879 0
1384 3533 0
1384 5029 0
1384 3561 0
1384 1680 0
1384 1687 0
1384 1736 0
1384 1741 0
1384 7893 0
1384 3802 0
1384 5855 0
1384 1765 0
1384 8024 0
1384 5994 0
1384 3986 0
1384 1943 0
1384 18332 0
1384 16295 0
1384 6065 0
1384 16308 0
1384 8160 0
1385 7893 0
1385 3927 0
1385 2962 1
1385 5487 0
1385 3986 0
1385 1943 0
1385 18332 0
1385 6065 0
1385 16308 0
1385 8160 0
2962 1591 1
2962 14072 1
2962 5893 1
2962 8467 1
2962 14157 1
2962 3986 1
2962 2967 1
2962 6065 1
2962 1620 1
7534 1653 0
7534 5772 1
7534 5773 1
7534 1741 0
7534 5855 0
7534 8024 0
7534 7534 0
7534 6072 0
5487 18098 0
5487 8467 0
5487 5487 0
5487 7633 0
5487 15893 0
5487 7740 0
5487 1638 0
5487 1741 0
5487 3802 0
5487 8024 0
5487 3986 0
19840 3986 0
19840 5723 0
19840 1472 0
19840 1765 0
19840 3561 0
19840 8467 0
4957 6741 0
4957 5029 0
4957 5523 0
4957 19879 0
4957 1472 0
4957 3561 0
4957 1591 0
4957 7740 0
4957 1620 0
4957 15807 0
4957 1653 0
4957 1674 0
4957 5793 0
4957 3757 0
4957 1736 0
4957 3802 0
4957 5855 0
4957 1765 0
4957 20226 0
4957 7986 0
4957 14157 0
4957 3927 0
4957 1927 1
4957 1943 0
4957 16295 0
4957 3745 0
2967 3986 0
2967 5525 0
2967 2967 0
3469 18098 0
3469 13719 0
3469 15893 0
3469 9753 0
3469 1667 0
3469 5772 1
3469 10091 0
3469 6118 0
5523 1572 0
5523 1620 0
5523 8467 0
5523 1653 0
5523 1687 0
5523 1741 0
5523 18163 0
5523 5893 0
5523 5928 1
5523 1885 1
5523 5523 0
5523 3986 0
5523 5525 0
5523 5029 0
5523 3561 0
5525 7699 0
5525 1885 1
5525 1620 0
5525 1687 0
5525 1741 0
5525 5525 0
5525 1943 0
5529 1591 0
5529 7740 0
5529 6741 0
5529 1653 0
5529 1680 0
5529 1741 0
5529 3802 0
5529 19879 0
5529 7867 1
5529 14072 0
5529 7893 0
5529 5529 0
5529 3927 0
5529 1927 1
5529 3986 0
5529 1478 0
5529 8160 0
5529 3561 0
5529 5029 0
11674 11674 0
11674 3634 0
19879 6741 0
19879 5091 0
19879 19879 0
19879 3533 0
19879 5029 0
19879 3561 0
19879 1591 0
19879 16308 0
19879 8467 0
19879 1653 0
19879 1674 0
19879 1680 0
19879 16022 0
19879 1687 0
19879 5793 0
19879 1736 0
19879 1741 0
19879 7893 0
19879 3802 0
19879 5855 0
19879 1765 0
19879 7986 0
19879 3927 0
19879 6005 0
19879 8065 0
19879 1927 1
19879 1928 0
19879 3986 0
19879 1943 0
19879 18332 0
19879 16292 0
19879 6065 0
19879 6068 0
19879 8160 0
15807 15893 0
15807 3745 0
15807 3757 0
15807 1927 1
15807 7633 0
1472 1620 0
1472 15893 0
1472 3729 0
1472 7893 0
1472 16241 0
1472 1927 1
1472 3986 0
1472 1943 0
1472 8089 0
1472 6065 0
1472 16308 0
1478 1620 0
1478 1674 0
1478 3986 0
1478 1943 0
1478 18332 0
1478 6065 0
1478 7633 0
5578 5772 1
5578 1687 0
5578 5578 0
5578 1741 0
5578 8065 0
5579 20226 0
3533 1591 0
3533 1680 0
3533 3745 0
3533 3802 0
3533 5029 0
3533 3533 0
3533 8160 0
7633 8467 0
7633 7633 0
7633 15893 0
7633 7721 0
7633 5723 0
7633 18060 0
7633 3802 0
7633 1765 0
7633 5937 0
7633 5994 0
7633 16241 0
7633 4081 0
3539 1943 0
3539 3539 0
16292 1591 0
16292 1653 0
16292 1667 0
16292 1736 0
16292 3802 0
16292 16292 0
16292 3986 0
16292 16308 0
16292 5029 0
16292 3561 0
5029 1736 0
5029 6741 0
5029 3561 0
5029 3802 0
5029 1591 0
5029 16308 0
5029 1653 0
5029 1680 0
5029 1741 0
5029 7893 0
5029 5855 0
5029 7986 0
5029 1927 1
5029 3986 0
5029 1943 0
5029 18332 0
5029 6065 0
5029 6068 0
5029 8160 0
3561 16241 0
3561 16295 0
3561 1573 0
3561 1591 0
3561 1653 0
3561 1667 0
3561 3718 1
3561 5772 1
3561 1736 0
3561 3802 0
3561 5855 0
3561 14072 0
3561 18227 0
3561 3986 0
3561 8160 0
7525 18060 1
7525 1687 1
7525 1736 1
7525 5723 1
7525 16253 1
6741 14072 0
6741 6741 0
6741 1591 0
6741 8467 0
6741 1653 0
6741 5772 1
6741 1680 0
6741 3729 0
6741 3745 0
6741 1741 0
6741 3802 0
6741 1765 0
6741 18165 0
6741 3844 0
6741 16241 0
6741 3986 0
6741 18332 0
6741 16295 0
6741 6068 0
6741 8160 0
5640 8065 0
5640 1667 0
5640 5640 0
5640 5772 1
5640 5773 1
5640 7698 0
5640 7699 0
5640 5723 0
5640 1653 0
7698 7698 0
7698 7699 0
7698 1667 0
7698 5772 1
7698 3725 0
7698 1687 0
7698 1741 0
7698 1751 0
7698 5855 0
7698 1765 0
7698 5773 1
7698 5994 0
7698 8065 0
7698 6072 0
7699 5772 1
7699 3725 0
7699 16022 0
7699 1687 0
7699 1741 0
7699 5773 1
7699 5994 0
7699 6005 0
7699 8065 0
7699 8089 0
7699 6072 0
15893 5723 0
15893 15893 0
15893 1765 0
15893 1927 1
15893 3986 0
15893 1943 0
15893 6065 0
1572 8065 0
1572 3986 0
1572 1573 0
1572 1626 0
1573 1573 0
1573 1626 0
1573 7893 0
1573 14072 0
1573 8467 0
1573 3986 0
7721 5893 0
7721 1591 0
7721 20083 0
7721 1653 0
7721 1680 0
7721 3745 0
7721 3844 0
7721 1927 1
7721 1928 0
7721 6068 0
3634 5793 0
3634 3634 0
1591 1736 0
1591 8467 0
1591 1591 0
1591 1620 0
1591 1638 0
1591 1653 0
1591 1667 0
1591 1687 0
1591 7893 0
1591 3802 0
1591 5855 0
1591 14072 0
1591 8024 0
1591 3986 0
1591 1943 0
1591 8089 0
1591 18332 0
1591 6065 0
1591 16308 0
6068 1741 0
6068 16308 0
6068 1626 0
6068 1653 0
6068 7893 0
6068 5855 0
6068 18165 0
6068 5893 0
6068 14157 0
6068 16241 0
6068 6005 0
6068 8065 0
6068 1928 0
6068 3986 0
6068 1943 0
6068 18332 0
6068 6065 0
6068 6068 0
6068 4081 0
7740 7740 0
7740 1653 0
7740 1667 0
7740 1680 0
7740 1687 0
7740 3802 0
7740 5855 0
7740 5865 0
7740 7893 0
7740 8024 0
7740 1927 1
7740 1928 0
7740 16295 0
7740 16308 0
1976 1927 1
1620 14072 0
1620 1620 0
1620 1667 0
1620 1674 0
1620 5773 1
1620 3757 0
1620 1736 0
1620 1741 0
1620 5855 0
1620 1765 0
1620 5865 0
1620 3844 0
1620 3986 0
1620 1943 0
1620 18332 0
1620 8100 0
1620 8160 0
1620 4081 0
1626 3986 0
5723 5723 0
5723 1638 0
5723 3718 1
5723 1687 0
5723 3745 0
5723 18060 0
1638 1638 0
1638 1653 0
1638 1667 0
1638 18060 0
1638 3745 0
1638 16241 0
1638 14072 0
1638 7986 0
1638 3986 0
1638 18332 0
5745 5745 2
5745 4081 1
5745 5785 1
8467 1736 0
8467 8467 0
8467 1667 0
8467 3718 1
8467 5772 1
8467 14072 0
8467 18227 0
8467 8160 0
8467 5994 0
8467 14220 0
8467 16308 0
1653 1653 0
1653 1674 0
1653 1751 0
1653 1765 0
1653 18190 0
1653 10106 0
1653 1943 0
1653 20083 0
1653 3729 0
1653 3802 0
1653 20226 0
1653 3927 0
1653 3986 0
1653 5091 0
1653 5855 0
1653 5865 0
1653 14220 0
1653 6065 0
1653 7867 1
1653 7893 0
1653 7986 0
1653 16241 0
1653 16308 0
5752 1943 0
1667 3757 0
1667 18227 0
1667 14072 0
1667 1667 0
1667 5772 1
1667 3745 0
1667 1741 0
1667 7893 0
1667 1765 0
1667 7986 0
1667 3986 0
1667 8065 0
1667 18332 0
1667 6065 0
1667 16308 0
3718 18060 1
3718 1765 1
3718 3718 2
3718 1680 1
1674 1674 0
1674 1687 0
1674 3745 0
1674 1765 0
1674 7986 0
1674 3927 0
1674 1927 1
1674 3986 0
1674 16308 0
5772 5772 2
5772 1680 1
5772 16022 1
5772 1687 1
5772 1741 1
5772 8024 1
5772 5994 1
5772 8089 1
3725 1927 1
3725 3725 0
3725 1687 0
3725 1765 0
1680 1736 0
1680 7893 0
1680 3802 0
1680 14072 0
1680 3986 0
1680 1943 0
1680 18332 0
1680 6065 0
1680 16308 0
1680 8160 0
1680 4081 0
3729 1736 0
3729 3729 0
3729 1687 0
3729 1741 0
3729 3802 0
3729 5855 0
3729 5893 0
3729 3927 0
3729 16253 0
3729 1927 1
3729 1943 0
3729 16295 0
3729 6072 0
3729 8160 0
16022 5773 1
16022 16022 0
16022 1687 0
16022 1741 0
16022 5855 0
16022 1765 0
16022 8089 0
16022 6072 0
1687 1687 0
1687 1741 0
1687 1751 0
1687 5855 0
1687 1765 0
1687 18163 0
1687 5994 0
1687 6072 0
5793 5793 0
5793 3802 0
5793 3927 0
3757 20083 0
3757 3745 0
3757 1736 0
3757 1741 0
3757 5855 0
3757 7986 0
3757 1927 1
3757 3986 0
3757 16295 0
18098 18098 0
18098 10091 0
18098 10106 0
18098 3986 0
18098 1943 0
20083 3745 0
20083 1741 0
20083 7893 0
20083 7986 0
20083 1927 1
7867 18227 1
1736 7893 0
1736 3802 0
1736 5855 0
1736 7986 0
1736 3986 0
1736 1943 0
1736 6065 0
1736 16308 0
1741 5773 1
1741 3745 0
1741 1741 0
1741 3802 0
1741 5855 0
1741 1765 0
1741 3927 0
1741 8024 0
1741 5994 0
1741 8065 0
1741 1927 1
1741 1928 0
1741 8089 0
1741 16295 0
1741 4081 0
7893 7893 0
7893 3802 0
7893 14072 0
7893 14157 0
7893 16308 0
7893 5855 0
7893 1765 0
7893 5893 0
7893 3927 0
7893 8024 0
7893 6005 0
7893 8065 0
7893 1927 1
7893 1928 0
7893 16295 0
7893 8160 0
7893 4081 0
1751 1751 0
1751 3802 0
1751 5855 0
1751 5994 0
3802 3927 0
3802 3802 0
3802 5855 0
3802 7986 0
3802 3986 0
3802 1943 0
3802 6065 0
3802 16308 0
3802 3745 0
3802 8160 0
5855 14072 0
5855 7986 0
5855 5773 1
5855 3745 0
5855 5855 0
5855 1765 0
5855 5865 0
5855 5893 0
5855 16308 0
5855 8024 0
5855 5985 0
5855 5994 0
5855 16241 0
5855 6005 0
5855 8065 0
5855 1927 1
5855 8089 0
5855 6072 0
5855 8160 0
1765 18163 0
1765 1765 0
1765 3927 0
1765 6005 0
1765 3986 0
1765 1943 0
1765 6065 0
1765 16308 0
1765 4081 0
5865 3745 0
5865 5865 0
5865 7986 0
5865 1927 1
5865 3986 0
18163 18163 0
18165 20226 0
18165 5985 0
18165 16253 0
18165 3986 0
14072 7986 0
14072 8065 0
14072 1943 0
14072 18332 0
14072 3986 0
14072 6065 0
14072 16308 0
20226 20226 0
20226 5937 0
20226 3986 0
20226 4081 0
3844 3844 0
3844 8024 0
3844 1885 1
3844 3986 0
5893 8065 0
5893 16308 0
5893 7986 0
5893 14220 0
5893 14157 0
5893 3986 0
5893 1943 0
5893 18332 0
5893 6065 0
18190 1885 1
5928 1928 1
5928 1943 1
5928 5928 2
5937 5985 0
7986 3745 0
7986 3927 0
7986 8024 0
7986 1927 1
18227 18332 0
18227 4081 0
18060 8024 0
18060 18060 0
14157 16308 0
14157 3986 0
14157 18332 0
5773 8089 1
5773 5773 2
5773 5994 1
1874 1885 1
5091 1927 1
5091 5091 0
3927 3927 0
3927 5994 0
3927 8065 0
3927 3986 0
3927 1943 0
3927 6065 0
3927 16308 0
8024 16308 0
8024 16241 0
8024 3986 0
8024 6072 0
1885 1885 2
1885 6118 1
5985 5985 0
5985 16253 0
5994 3745 0
5994 5994 0
5994 6005 0
5994 8065 0
5994 8089 0
16241 16241 0
16241 1927 1
16241 8160 0
6005 6005 0
6005 16308 0
10106 1927 1
10106 3745 0
10106 16308 0
8065 3745 0
8065 8065 0
8065 1927 1
8065 8160 0
8065 4081 0
1927 3745 1
1927 1928 1
1927 3986 1
1927 1943 1
1927 6065 1
1927 16308 1
1928 16308 0
1928 3745 0
1928 1928 0
1928 1943 0
1928 6065 0
3986 3745 0
3986 3986 0
3986 4081 0
3986 8089 0
3986 8100 0
3986 16295 0
3986 8160 0
1943 3745 0
1943 1943 0
1943 8160 0
8089 8089 0
18332 8160 0
18332 4081 0
8100 8100 0
16295 16308 0
6065 3745 0
6065 6065 0
6065 8160 0
16308 16308 0
6072 6072 0
3745 3745 0
6096 6096 0
8160 8160 0
4081 4081 0
339 339 0
