13760 5634 0
13760 2436 1
13760 5232 1
5634 2107 0
5634 2789 1
5634 4333 0
5634 2436 1
5634 3781 1
2436 4449 2
2436 2212 1
2436 2789 2
2436 2790 2
2436 2508 1
2436 2509 1
2436 3781 2
2436 340 2
2436 3861 2
2436 2436 2
2436 2107 1
2436 18332 1
3717 3717 0
3717 704 0
3717 2270 1
3717 4449 1
3717 4205 0
7179 2113 0
7179 2212 0
7179 4449 1
7179 3861 1
7179 2070 0
7179 2136 0
7179 2107 0
7179 3231 0
4205 704 0
4205 2270 1
4205 4449 1
4205 4205 0
146 7011 2
146 146 2
146 18332 1
146 2046 1
3861 2070 1
3861 3862 1
3861 20889 1
3861 18332 1
3861 3231 1
3861 2212 1
3861 21167 1
3861 2107 1
3861 2113 1
3861 2508 1
3861 2509 1
3861 7379 1
3861 340 2
3861 2136 1
3861 16100 1
3861 2270 2
3861 4449 2
2070 18332 0
2070 3231 0
2070 2212 0
2070 2107 0
2070 2136 0
2070 4449 1
20889 3862 0
20889 3231 0
20889 2212 0
20889 21167 0
20889 2107 0
20889 4449 1
20889 16100 0
18332 2136 0
18332 2212 0
18332 2270 1
18332 4449 1
18332 7379 0
18332 2508 0
18332 2509 0
18332 18854 0
18332 14905 0
18332 4925 0
18332 5232 1
18332 3387 1
18332 3781 1
18332 16100 0
18332 2046 0
3231 2113 0
3231 2212 0
3231 3862 0
3231 4449 1
3231 2508 0
3231 2509 0
3231 2136 0
3231 2107 0
3231 2270 1
2212 3862 0
2212 21167 0
2212 2107 0
2212 4925 0
2212 2113 0
2212 2508 0
2212 2509 0
2212 7379 0
2212 340 1
2212 2136 0
2212 2270 1
2212 4449 1
2212 16100 0
18854 2107 0
18854 3781 1
18854 14905 0
18854 340 1
18854 5232 1
15402 3781 1
15402 340 1
21167 4449 1
21167 3862 0
21167 2107 0
3254 3781 1
3254 3387 1
14905 5232 1
14905 340 1
2107 3862 0
2107 2113 0
2107 2508 0
2107 2509 0
2107 340 1
2107 2136 0
2107 2270 1
2107 4449 1
2107 16100 0
2107 2789 1
2107 4333 0
4925 2270 1
4925 4925 0
4925 4449 1
4925 7379 0
4925 2509 0
704 704 0
704 4449 1
704 2270 1
2113 4449 1
2113 2136 0
3781 2789 2
3781 2790 2
3781 4333 1
2508 3387 1
2508 2509 0
2508 340 1
2508 2270 1
2508 4449 1
2508 2789 1
2509 3387 1
2509 2509 0
2509 340 1
2509 2270 1
2509 4449 1
2509 2789 1
7379 7379 0
7379 4449 1
340 4449 2
340 2790 2
340 4333 1
3862 4449 1
3862 16100 0
2136 4449 1
2270 4449 2
2270 2790 2
2270 5232 2
4449 4333 1
4449 4449 2
4449 16100 1
2789 2790 2
4333 5232 1
7011 2046 1
