1665 3248 1
800 2606 0
800 18530 1
800 4870 1
800 8493 0
800 6977 0
800 4971 0
800 5033 0
13355 16389 0
13355 2418 1
13355 8493 0
13355 12954 0
13355 4966 0
13355 4971 0
13355 7219 1
13355 4547 0
13355 951 0
13355 1653 0
13355 8477 0
17363 16389 0
17363 7219 1
17363 1591 0
17363 16444 0
17363 4547 0
17363 12954 0
17363 4256 0
17363 4870 1
16389 16389 0
16389 16444 0
16389 18530 1
16389 4256 0
16389 8493 0
16389 313 0
16389 338 0
16389 4547 0
16389 8881 0
16389 2606 0
16389 6739 0
16389 12954 0
16389 669 0
16389 13061 0
16389 4916 0
16389 6977 0
16389 4956 0
16389 4957 0
16389 4958 0
16389 4966 0
16389 4971 0
16389 4990 0
16389 7077 0
16389 5033 0
16389 7219 1
16389 861 0
16389 5679 0
16389 1591 0
16389 1653 0
16389 3729 0
16389 8477 0
16389 1741 0
16389 16241 0
16389 3986 0
4870 13061 1
4870 2606 1
4870 4957 1
4870 561 1
4870 12875 1
4870 6739 1
4870 3729 1
4870 7317 1
4870 2793 1
4870 861 1
4870 4145 1
4870 1350 1
4870 4956 1
4870 5981 1
4870 4958 1
4870 4971 1
4870 9961 1
4870 16534 1
4870 951 1
4870 4547 1
4870 8881 1
8477 18530 1
8477 4256 0
8477 8493 0
8477 2606 0
8477 6739 0
8477 12954 0
8477 8881 0
8477 13061 0
8477 4916 0
8477 6977 0
8477 4956 0
8477 4957 0
8477 4958 0
8477 4971 0
8477 4990 0
8477 5033 0
8477 861 0
8477 4966 0
8477 5679 0
8477 2967 1
8477 7666 1
8477 1591 0
8477 1653 0
8477 1741 0
8477 5981 0
8477 16241 0
8477 3986 0
1197 13061 0
1197 1591 0
1197 1653 0
1197 4551 0
1197 1197 0
1197 8881 0
1197 3270 1
1197 1741 0
1197 3886 0
1197 7219 1
1197 6048 0
1197 4550 0
1197 7077 0
8081 4145 0
8081 7219 1
8081 4956 0
8081 861 0
8081 2418 1
8081 8081 0
8081 4547 0
3986 16534 0
3986 8493 0
3986 8881 0
3986 861 0
3986 1591 0
3986 1653 0
3986 18530 1
3986 2418 1
3986 2606 0
3986 2962 0
3986 2967 1
3986 3986 0
3986 4145 0
3986 4256 0
3986 4547 0
3986 4550 0
3986 4551 0
3986 12954 0
3986 4956 0
3986 4966 0
3986 4971 0
3986 5033 0
3986 5469 0
3986 5679 0
3986 5981 0
3986 6739 0
3986 7317 0
3886 2606 0
3886 5981 0
3886 669 0
3886 3886 0
3886 338 0
3886 5469 0
3886 4966 0
3886 16241 0
3886 2418 1
3886 2967 1
3886 7077 0
3886 5033 0
3886 3036 0
16534 7219 1
16534 16534 0
16534 861 0
2967 7317 1
2967 669 1
2967 3353 1
2967 313 1
2967 338 1
2967 5469 1
2967 2962 1
2967 2967 2
2967 4256 1
2967 4550 1
2967 4551 1
2967 3036 1
3353 2418 1
3353 4550 0
3353 4551 0
3353 561 0
3353 8881 0
3353 861 0
3353 7317 0
3353 3353 0
3353 7666 1
3353 1591 0
3353 1653 0
3353 3729 0
3353 1741 0
12954 8881 0
12954 2606 0
12954 7219 1
12954 13364 0
12954 1591 0
12954 6739 0
12954 1653 0
12954 6977 0
12954 1741 0
12954 4966 0
12954 338 0
12954 861 0
12954 2418 1
12954 5033 0
861 4145 0
861 4256 0
861 2418 1
861 4547 0
861 4550 0
861 4551 0
861 2606 0
861 561 0
861 8881 0
861 4956 0
861 861 0
861 4957 0
861 13364 0
861 4958 0
861 4966 0
861 4990 0
861 5469 0
861 5033 0
861 5679 0
861 1591 0
861 1653 0
861 1741 0
861 313 0
669 338 0
669 2418 1
669 6739 0
669 669 0
669 4916 0
669 3036 0
669 1653 0
669 3729 0
669 1741 0
669 5981 0
13061 4256 0
13061 4547 0
13061 2606 0
13061 4956 0
13061 4966 0
13061 4990 0
13061 7219 1
13061 13061 0
13061 5469 0
13061 5679 0
13061 1591 0
13061 1653 0
13061 8493 0
13061 5981 0
6048 1653 0
6048 1741 0
6048 2418 1
6048 6048 0
6048 4547 0
6048 7666 1
4957 4145 0
4957 2418 1
4957 4547 0
4957 2606 0
4957 561 0
4957 6739 0
4957 4956 0
4957 4958 0
4957 4966 0
4957 1591 0
4957 1653 0
4957 5981 0
7077 5469 0
7077 12342 0
7077 5679 0
7077 5981 0
7077 7243 0
7077 3729 0
7077 1741 0
7077 6977 0
7077 1350 0
7077 2418 1
7077 7077 0
7077 4547 0
7077 7666 1
4145 4145 0
4145 4547 0
4145 561 0
4145 6739 0
4145 4956 0
4145 4958 0
4145 4966 0
4145 7219 1
4145 7243 0
4145 8493 0
4145 5033 0
4145 1591 0
4145 5981 0
5033 18530 1
5033 4256 0
5033 8493 0
5033 338 0
5033 2418 1
5033 2606 0
5033 561 0
5033 6739 0
5033 8881 0
5033 4916 0
5033 4966 0
5033 4971 0
5033 4990 0
5033 7243 0
5033 5679 0
5033 1591 0
5033 951 0
5033 1653 0
5033 1741 0
1963 2418 1
1963 7666 1
8493 8881 0
8493 2606 0
8493 5679 0
8493 7219 1
8493 1591 0
8493 6739 0
8493 18530 1
8493 1653 0
8493 3729 0
8493 4256 0
8493 1741 0
8493 4916 0
8493 6977 0
8493 4966 0
8493 4971 0
8493 4990 0
8493 951 0
2606 18530 1
2606 4256 0
2606 338 0
2606 4547 0
2606 6739 0
2606 8881 0
2606 2793 0
2606 4916 0
2606 6977 0
2606 4956 0
2606 4958 0
2606 4966 0
2606 4971 0
2606 4990 0
2606 2962 0
2606 7219 1
2606 5679 0
2606 1591 0
2606 1653 0
2606 3729 0
2606 5981 0
2606 16241 0
2606 951 0
5679 8881 0
5679 1591 0
5679 6739 0
5679 18530 1
5679 1653 0
5679 3729 0
5679 4256 0
5679 4990 0
5679 4966 0
5679 4971 0
5679 2418 1
3248 561 0
3248 3248 0
3248 2418 1
3248 4551 0
561 16444 0
561 2418 1
561 4547 0
561 4550 0
561 4551 0
561 561 0
561 2793 0
561 4956 0
561 4958 0
561 4990 0
561 6977 0
561 3036 0
561 7666 1
561 3729 0
561 1741 0
561 5981 0
7219 9961 1
7219 4000 1
7219 4551 1
7219 4916 1
7219 951 1
7219 6977 1
7219 1350 1
7219 12875 1
7219 1741 1
7219 2793 1
7219 4971 1
13364 3270 1
13364 1741 0
13364 18530 1
4958 2418 1
4958 4547 0
4958 6739 0
4958 4956 0
4958 4958 0
4958 4966 0
4958 1591 0
4958 1653 0
4958 5981 0
12342 7666 1
12342 2418 1
951 6977 0
951 4966 0
951 4971 0
951 4990 0
4916 18530 1
4916 4256 0
4916 16444 0
4916 2418 1
4916 4916 0
4916 6977 0
4916 4956 0
4916 4966 0
4916 4971 0
4916 4990 0
4916 1653 0
4916 5981 0
16444 1653 0
16444 4256 0
16444 1741 0
16444 18530 1
16444 6977 0
16444 16444 0
16444 16241 0
16444 2418 1
1653 8881 0
1653 1591 0
1653 1653 0
1653 18530 1
1653 3270 1
1653 3729 0
1653 4000 0
1653 4256 0
1653 4547 0
1653 4956 0
1653 4966 0
1653 4971 0
1653 4990 0
1653 6739 0
1653 6977 0
1653 16241 0
6977 4256 0
6977 2418 1
6977 4547 0
6977 6977 0
4547 6739 0
4547 3729 0
4547 1741 0
4547 4956 0
4547 2418 1
4547 4547 0
4547 8881 0
18530 1591 1
18530 6739 1
18530 4256 1
18530 8881 1
18530 1741 1
18530 4966 1
18530 4971 1
18530 4990 1
3270 3270 2
3270 338 1
4551 338 0
4551 2418 1
4551 4550 0
4551 4551 0
4551 2793 0
4551 3036 0
4551 3729 0
4551 1741 0
4550 338 0
4550 2418 1
4550 4550 0
4550 3036 0
4550 3729 0
4550 1741 0
7243 1591 0
7243 7243 0
7243 6739 0
7243 3729 0
7243 1741 0
7243 4966 0
7243 2418 1
7243 7666 1
1741 8881 0
1741 4256 0
1741 6739 0
1741 4971 0
1741 4990 0
1741 4966 0
1741 5469 0
1741 3729 0
1741 1741 0
1591 4256 0
1591 338 0
1591 2418 1
1591 6739 0
1591 8881 0
1591 4956 0
1591 4971 0
1591 4990 0
1591 4966 0
1591 2962 0
1591 5981 0
1591 1591 0
338 5469 0
338 313 0
338 338 0
338 4956 0
338 4966 0
338 4990 0
338 7317 0
338 5981 0
4000 8881 0
4000 2418 1
313 2418 1
3036 3036 0
3036 5469 0
3036 2418 1
5981 8881 0
5981 1350 0
5981 2962 0
5981 3729 0
5981 4256 0
5981 4956 0
5981 4990 0
5981 5469 0
5981 5981 0
5981 6739 0
5981 7317 0
5981 7666 1
19806 2418 1
19806 7666 1
8881 8881 0
8881 6739 0
8881 4966 0
8881 4971 0
8881 4990 0
8881 5469 0
8881 3729 0
8881 16241 0
1350 6739 0
1350 1350 0
4966 4256 0
4966 2418 1
4966 6739 0
4966 4956 0
4966 4971 0
4966 4990 0
3729 2418 1
3729 3729 0
4956 2418 1
4956 4956 0
2793 4971 0
2793 16241 0
4971 4256 0
4971 6739 0
4971 4971 0
4971 4990 0
4971 5469 0
2962 5469 0
2962 2418 1
16241 2418 1
16241 7666 1
16241 16241 0
6739 4256 0
6739 2418 1
6739 6739 0
5469 2418 1
5469 5469 0
2418 2418 2
2418 4990 1
4256 4990 0
