2048 2048 0
2048 20 0
2048 16444 0
2048 8254 0
2048 6225 0
2048 2338 0
2048 8500 0
2048 4409 0
2048 2382 0
2048 389 0
2048 8654 0
2048 2604 0
2048 2709 0
2048 2712 0
2048 2718 0
2048 8867 0
2048 17064 0
2048 6883 1
2048 8934 0
2048 760 0
2048 4859 0
2048 3141 0
2048 5207 0
2048 13512 1
2048 1259 0
2048 1388 0
2048 1591 0
2048 1687 0
2048 7858 0
2048 1741 0
2048 5858 0
2048 1779 0
2048 8503 0
2048 3927 0
2048 5981 0
2048 5994 0
2048 3986 0
2048 6068 0
2048 2722 0
1538 4551 1
1538 4550 1
1538 6225 1
1538 1197 1
7084 5469 0
7084 7077 0
7084 1160 0
7084 1687 0
7084 1197 0
7084 722 0
7084 1751 0
7084 5855 0
7084 6883 1
7084 1259 0
7084 1779 0
7084 6904 0
7084 4859 0
7084 301 1
7084 3353 0
7084 3354 0
7084 8500 0
7084 3893 0
7084 4409 0
7084 5858 0
7084 9064 0
7084 3927 0
7084 2408 0
7084 3446 0
7084 892 0
7084 7084 0
7084 5365 0
7084 6560 0
7084 6561 0
7084 2524 0
7084 3043 0
1546 1546 0
1546 12838 0
1546 1653 0
1546 7301 0
1546 2709 0
1546 13512 1
1546 722 0
1546 5855 0
1546 1259 0
1546 5882 0
1546 5469 0
1546 3461 1
1546 3986 0
685 16444 0
685 1653 0
685 1159 0
685 2718 0
685 13512 1
685 760 0
685 3446 0
685 3986 0
685 6068 0
685 4551 0
685 2029 1
6162 6162 0
6162 20 0
6162 8256 0
6162 2408 0
6162 2338 0
6162 2548 1
6162 2703 0
6162 2712 0
6162 669 0
6162 2718 0
6162 672 0
6162 2722 0
6162 8867 0
6162 17064 0
6162 4795 0
6162 9009 0
6162 3141 0
6162 1197 0
6162 5469 0
6162 3461 1
6162 5543 0
6162 18049 0
6162 5855 0
6162 5882 0
6162 3986 0
6162 6068 0
6162 7165 0
8211 8211 0
8211 6728 0
8211 6267 0
8211 1687 0
8211 2718 0
8211 13512 1
8211 5855 0
8211 5858 0
8211 2338 0
8211 301 1
8211 8503 0
8211 5469 0
8211 3986 0
8211 464 1
20 20 0
20 8254 0
20 8287 0
20 8391 0
20 4300 0
20 2338 0
20 4409 0
20 389 0
20 6560 0
20 464 1
20 561 0
20 2712 0
20 2718 0
20 8867 0
20 6883 1
20 866 0
20 892 0
20 3043 0
20 1158 0
20 1259 0
20 5432 0
20 5469 0
20 3446 0
20 1687 0
20 1718 0
20 1741 0
20 5855 0
20 5858 0
20 5981 0
20 1927 0
20 3986 0
20 1957 0
1882 1160 0
1882 5523 0
1882 7060 1
1882 2718 0
1882 2338 0
1882 1197 0
1882 3141 0
1882 6728 0
1882 4300 0
1882 1882 0
1882 15138 1
1882 5469 0
1882 1259 0
4642 4642 0
4642 20158 1
4642 2703 0
4642 659 0
4642 2709 0
4642 2712 0
4642 5855 0
4642 7455 0
4642 301 1
4642 5981 0
4642 5994 0
4642 3446 0
4642 13200 0
4642 3986 0
4642 8089 0
4642 2524 0
6180 6180 0
6180 389 0
6180 1160 0
6180 1687 0
6180 158 1
6180 1444 0
6180 4524 0
6180 301 1
6180 2718 0
6180 5432 0
6180 4550 0
6180 4551 0
6180 1741 0
6180 1742 0
6180 2382 0
6180 4443 0
6180 5994 0
6180 6005 0
7717 3986 0
7717 2712 0
7717 13512 1
7717 6883 1
12838 12838 0
12838 3141 0
12838 1653 0
12838 13512 1
12838 16073 0
12838 5855 0
12838 5858 0
12838 8934 0
12838 5367 0
12838 5372 0
12838 3353 0
12838 3354 0
12838 2338 0
12838 4409 0
12838 4413 0
12838 6883 1
12838 4437 0
12838 5978 0
12838 5980 0
12838 5981 0
12838 3446 0
12838 4524 0
12838 5052 0
12838 4555 0
12838 6904 0
12838 3043 0
9255 9255 2
2604 8254 0
2604 1388 0
2604 4300 0
2604 2338 0
2604 8500 0
2604 6883 1
2604 4437 0
2604 4555 0
2604 2604 0
2604 6728 0
2604 8867 0
2604 17064 0
2604 4551 0
2604 892 0
2604 7165 0
2604 13512 1
2604 1259 0
2604 5469 0
2604 3446 0
2604 1591 0
2604 6068 0
2604 1653 0
2604 3354 0
2604 7851 0
2604 7858 0
2604 1741 0
2604 5855 0
2604 5981 0
2604 5994 0
2604 6005 0
2604 3986 0
5981 8254 0
5981 8287 0
5981 301 1
5981 8507 0
5981 8654 0
5981 561 0
5981 669 0
5981 17064 0
5981 705 0
5981 760 0
5981 1350 0
5981 1388 0
5981 1591 0
5981 18049 0
5981 1687 0
5981 1718 0
5981 1742 0
5981 8500 0
5981 10152 0
5981 2029 1
5981 2130 0
5981 2338 0
5981 3141 0
5981 2470 0
5981 2500 0
5981 2524 0
5981 2709 0
5981 2712 0
5981 2722 0
5981 3043 0
5981 3354 0
5981 3446 0
5981 3461 1
5981 3986 0
5981 4300 0
5981 4409 0
5981 4859 0
5981 13200 0
5981 5052 0
5981 5207 0
5981 5432 0
5981 5469 0
5981 5855 0
5981 5882 0
5981 5981 0
5981 6005 0
5981 6068 0
5981 6267 0
5981 6560 0
5981 6728 0
5981 6883 1
5981 7077 0
5981 7165 0
5981 7858 0
5981 16073 0
5981 8089 0
5981 8090 0
561 2132 0
561 2415 0
561 169 0
561 8391 0
561 4300 0
561 16444 0
561 301 1
561 8503 0
561 4409 0
561 4413 0
561 4428 0
561 4443 0
561 2408 0
561 4463 0
561 389 0
561 6560 0
561 6561 0
561 2500 0
561 2501 0
561 4550 0
561 4551 0
561 2524 0
561 561 0
561 2712 0
561 2718 0
561 6828 0
561 6883 1
561 6904 0
561 4859 0
561 8484 0
561 4961 0
561 866 0
561 9064 0
561 892 0
561 3043 0
561 7301 0
561 1158 0
561 1160 0
561 1259 0
561 5365 0
561 5367 0
561 5372 0
561 3353 0
561 3354 0
561 5432 0
561 1388 0
561 3461 1
561 5523 0
561 5729 0
561 1687 0
561 1741 0
561 1751 0
561 5855 0
561 5858 0
561 1779 0
561 3884 0
561 3893 0
561 5980 0
561 5994 0
561 6005 0
561 1927 0
561 8089 0
561 6068 0
17276 13512 1
17276 6883 1
17276 1653 0
4409 8254 0
4409 2338 0
4409 4409 0
4409 4413 0
4409 4443 0
4409 2408 0
4409 4463 0
4409 389 0
4409 4551 0
4409 4550 0
4409 4859 0
4409 2415 0
4409 866 0
4409 1158 0
4409 1160 0
4409 13512 1
4409 5365 0
4409 5367 0
4409 7455 0
4409 5469 0
4409 1388 0
4409 15909 1
4409 1591 0
4409 1653 0
4409 1687 0
4409 1741 0
4409 3884 0
4409 3927 0
4409 3986 0
1591 6828 0
1591 6225 0
1591 6267 0
1591 3446 0
1591 8391 0
1591 2338 0
1591 8500 0
1591 4413 0
1591 2382 0
1591 4437 0
1591 8611 0
1591 2703 0
1591 659 0
1591 2712 0
1591 2715 0
1591 2718 0
1591 2722 0
1591 8867 0
1591 4795 0
1591 6883 1
1591 4961 0
1591 4985 0
1591 4988 0
1591 7301 0
1591 1197 0
1591 3353 0
1591 1388 0
1591 1444 0
1591 10152 0
1591 15909 1
1591 1591 0
1591 1653 0
1591 1687 0
1591 7851 0
1591 7858 0
1591 5855 0
1591 8507 0
1591 3986 0
1591 8089 0
16444 4859 0
16444 5980 0
16444 2133 1
16444 1653 0
16444 1158 0
16444 2703 0
16444 7851 0
16444 8391 0
16444 1741 0
16444 8934 0
16444 1779 0
16444 6403 0
16444 301 1
16444 6068 0
16444 16444 0
16444 5994 0
16444 1388 0
16444 10152 0
16444 2500 0
16444 2501 0
16444 7165 0
8254 5207 0
8254 2709 0
8254 669 0
8254 17064 0
8254 7851 0
8254 7858 0
8254 1741 0
8254 6883 1
8254 13512 1
8254 2338 0
8254 8500 0
8254 2361 0
8254 1388 0
8254 3986 0
8254 2500 0
8254 4550 0
8254 3043 0
8256 3461 1
8256 3353 0
8256 3354 0
8256 4524 0
8256 6068 0
8256 19777 0
8256 13512 1
8256 8654 0
8256 5855 0
8256 760 0
3141 3141 0
3141 1653 0
3141 2709 0
3141 2712 0
3141 2718 0
3141 2722 0
3141 1718 0
3141 6005 0
3141 8391 0
3141 5855 0
3141 3353 0
3141 3354 0
3141 5427 1
3141 3893 0
3141 8507 0
3141 5994 0
3141 3986 0
3141 5490 1
3141 6561 0
3141 16073 0
6728 6225 0
6728 1718 0
6728 8934 0
6728 768 0
6728 6728 0
6728 464 1
6728 2044 1
6225 6225 0
6225 8500 0
6225 4413 0
6225 8611 0
6225 2718 0
6225 4961 0
6225 4988 0
6225 866 0
6225 9064 0
6225 1197 0
6225 13512 1
6225 4985 0
6225 1388 0
6225 1653 0
6225 7851 0
6225 1718 0
6225 972 0
6225 1741 0
6225 1745 0
6225 5855 0
6225 3986 0
2130 6267 0
2130 1160 0
2130 1687 0
2130 169 0
2130 5365 0
2130 5367 0
2130 5372 0
2130 5432 0
2130 5978 0
2130 4443 0
2130 5980 0
2130 8063 1
2130 5523 0
2130 7077 0
2130 5052 0
2130 2500 0
2130 4550 0
2130 4551 0
2130 16357 1
2132 1751 0
2132 7077 0
2132 4524 0
2132 1197 0
2132 5432 0
2132 4443 0
2132 2269 1
2132 16357 1
2132 3446 0
2133 6828 1
2133 1687 1
2133 1957 1
2133 6057 1
2133 4524 1
2133 5432 1
2133 2501 1
2133 4550 1
2133 4551 1
2133 16357 2
2133 4443 1
2133 1779 1
2133 2044 2
5207 5978 0
5207 5980 0
5207 5207 0
5207 1653 0
5207 2712 0
5207 17064 0
5207 13512 1
5207 1741 0
5207 8934 0
5207 4859 0
5207 301 1
5207 3884 0
5207 8500 0
5207 5432 0
5207 2361 0
5207 5434 0
5207 7858 0
5207 3927 0
5207 5994 0
5207 4463 0
5207 3446 0
5207 891 0
5207 3986 0
5207 5469 0
5207 5052 0
5207 2500 0
5207 2501 0
5207 4550 0
8287 6068 0
8287 8287 0
8287 2703 0
8287 2709 0
8287 2718 0
8287 2722 0
8287 1718 0
8287 4795 0
8287 1741 0
8287 722 0
8287 5855 0
8287 5882 0
8287 3353 0
8287 3354 0
8287 9009 0
8287 3884 0
8287 301 1
8287 2361 0
8287 1350 0
8287 5980 0
8287 5469 0
8287 1919 0
8287 2712 0
8287 8090 0
8287 5543 0
8287 972 0
8287 464 1
8287 2524 0
8287 4859 0
5729 1653 0
5729 1687 0
5729 2267 1
5729 5855 0
5729 891 0
5729 1259 0
5729 2338 0
5729 5432 0
5729 1886 0
5729 5994 0
5729 8063 1
5729 4524 0
5729 3043 0
15981 7301 0
15981 1388 0
15981 7851 0
15981 4300 0
15981 8934 0
15981 8063 1
15981 6403 0
15981 2338 0
15981 5422 0
15981 5427 1
15981 8500 0
15981 2500 0
15981 2501 0
9064 18049 0
9064 20158 1
9064 1653 0
9064 5855 0
9064 1322 1
9064 9064 0
9064 3446 0
9064 389 0
9064 1957 0
9064 6068 0
9064 4550 0
9064 4551 0
1653 8391 0
1653 8500 0
1653 389 0
1653 8611 0
1653 464 1
1653 669 0
1653 891 0
1653 892 0
1653 972 0
1653 1160 0
1653 1197 0
1653 1259 0
1653 1388 0
1653 1653 0
1653 1751 0
1653 1779 0
1653 18181 0
1653 2044 1
1653 2338 0
1653 2361 0
1653 2382 0
1653 2501 0
1653 5882 0
1653 2722 0
1653 3353 0
1653 3880 0
1653 3927 0
1653 3986 0
1653 4443 0
1653 4985 0
1653 13512 1
1653 5367 0
1653 5523 0
1653 5855 0
1653 6068 0
1653 6403 0
1653 6560 0
1653 6561 0
1653 7165 0
1653 7301 0
1653 7851 0
1653 7858 0
6267 6267 0
6267 18758 0
6267 1687 0
6267 1741 0
6267 5855 0
6267 5882 0
6267 3354 0
6267 301 1
6267 21300 0
6267 5432 0
6267 2361 0
6267 5994 0
6267 6005 0
6267 891 0
6267 7077 0
6267 2500 0
6267 2501 0
6267 2029 1
18049 18049 0
18049 669 0
18049 672 0
18049 5855 0
18049 5858 0
18049 6883 1
18049 301 1
18049 8503 0
18049 5978 0
18049 5980 0
18049 3446 0
18049 5052 0
6275 6828 0
6275 301 1
6275 2361 0
6275 18624 0
6275 5994 0
6275 6005 0
6275 5882 0
6275 2044 1
7301 13512 1
7301 7301 0
7301 1388 0
7301 7851 0
7301 6828 0
7301 8934 0
7301 6403 0
7301 8500 0
7301 4985 0
7301 4988 0
7301 3986 0
7301 16357 1
1158 1197 0
1158 1158 0
1158 1159 0
1158 1160 0
1158 1687 0
1158 4548 0
1158 2501 0
1158 169 0
1158 6828 0
1158 2269 1
1158 5855 0
1158 5365 0
1158 3880 0
1158 5427 1
1158 3893 0
1158 8503 0
1158 2361 0
1158 19777 0
1158 1350 0
1158 4428 0
1158 2381 0
1158 5994 0
1158 4463 0
1158 892 0
1158 8063 1
1158 389 0
1158 4524 0
1158 1259 0
1158 2500 0
1158 2382 0
1158 3043 0
1159 1197 0
1159 1159 0
1159 1160 0
1159 1687 0
1159 2718 0
1159 1751 0
1159 1259 0
1159 8063 1
1159 6403 0
1159 3354 0
1159 301 1
1159 3893 0
1159 8503 0
1159 5994 0
1159 6005 0
1159 891 0
1159 892 0
1159 389 0
1159 1957 0
1159 4524 0
1159 4550 0
1159 4551 0
1159 4555 0
1159 3043 0
1159 2470 0
1160 5469 0
1160 2408 0
1160 8484 0
1160 301 1
1160 8500 0
1160 8503 0
1160 6560 0
1160 2500 0
1160 2501 0
1160 4550 0
1160 4551 0
1160 6828 0
1160 722 0
1160 8934 0
1160 6904 0
1160 4859 0
1160 2524 0
1160 2881 0
1160 866 0
1160 891 0
1160 892 0
1160 7077 0
1160 972 0
1160 3043 0
1160 1160 0
1160 1259 0
1160 5365 0
1160 5367 0
1160 2361 0
1160 3353 0
1160 3354 0
1160 7455 0
1160 5427 1
1160 5434 0
1160 19777 0
1160 1388 0
1160 3446 0
1160 5523 0
1160 1957 0
1160 1687 0
1160 1741 0
1160 1742 0
1160 1751 0
1160 5855 0
1160 5858 0
1160 3880 0
1160 5432 0
1160 3927 0
1160 5994 0
1160 1919 0
1160 1350 0
1160 2044 1
16523 16523 0
16523 2715 0
16523 13512 1
16523 1741 0
16523 5855 0
16523 301 1
16523 5422 0
16523 18758 0
2703 301 1
2703 2361 0
2703 2500 0
2703 2703 0
2703 2709 0
2703 2712 0
2703 2718 0
2703 2721 0
2703 2722 0
2703 8867 0
2703 464 1
2703 4859 0
2703 2881 0
2703 13200 0
2703 972 0
2703 13512 1
2703 5427 1
2703 3461 1
2703 5543 0
2703 7851 0
2703 5855 0
2703 1779 0
2703 5882 0
2703 3884 0
2703 3927 0
2703 3986 0
2703 8090 0
2703 1957 0
2703 6068 0
659 659 0
659 2709 0
659 2712 0
659 13512 1
659 5855 0
659 6883 1
659 5365 0
659 5882 0
659 4859 0
659 3353 0
659 2338 0
659 8484 0
659 3884 0
659 4463 0
659 3461 1
659 3986 0
659 4524 0
659 4550 0
659 4551 0
659 8654 0
659 760 0
2709 17064 0
2709 2338 0
2709 8500 0
2709 2500 0
2709 2501 0
2709 2881 0
2709 2709 0
2709 2712 0
2709 669 0
2709 2718 0
2709 2722 0
2709 4795 0
2709 705 0
2709 6883 1
2709 6904 0
2709 4859 0
2709 13200 0
2709 5432 0
2709 1388 0
2709 3461 1
2709 1687 0
2709 16073 0
2709 5855 0
2709 5882 0
2709 3884 0
2709 3986 0
2709 6068 0
1687 891 0
1687 169 0
1687 4300 0
1687 2338 0
1687 8484 0
1687 301 1
1687 8503 0
1687 2361 0
1687 4443 0
1687 2408 0
1687 389 0
1687 6560 0
1687 2500 0
1687 4550 0
1687 4555 0
1687 2524 0
1687 2721 0
1687 722 0
1687 6883 1
1687 6904 0
1687 4859 0
1687 866 0
1687 892 0
1687 972 0
1687 3043 0
1687 7165 0
1687 1197 0
1687 1259 0
1687 5365 0
1687 5367 0
1687 3353 0
1687 3354 0
1687 7455 0
1687 5427 1
1687 5432 0
1687 5434 0
1687 19777 0
1687 5469 0
1687 5490 1
1687 3446 0
1687 5523 0
1687 7077 0
1687 1687 0
1687 1741 0
1687 1742 0
1687 1751 0
1687 5855 0
1687 5858 0
1687 5882 0
1687 3884 0
1687 3893 0
1687 8500 0
1687 5994 0
1687 1919 0
1687 1957 0
1687 16357 1
2712 7851 0
2712 8391 0
2712 17064 0
2712 2338 0
2712 4428 0
2712 4463 0
2712 389 0
2712 2500 0
2712 2501 0
2712 4555 0
2712 2524 0
2712 2548 1
2712 2712 0
2712 2718 0
2712 2721 0
2712 2722 0
2712 8867 0
2712 4795 0
2712 4859 0
2712 2881 0
2712 13200 0
2712 5052 0
2712 3043 0
2712 13512 1
2712 1259 0
2712 3354 0
2712 5432 0
2712 3446 0
2712 3461 1
2712 7077 0
2712 1741 0
2712 1742 0
2712 5855 0
2712 5882 0
2712 3884 0
2712 5978 0
2712 5980 0
2712 3986 0
2712 8090 0
2712 6068 0
2500 301 1
2500 8500 0
2500 8503 0
2500 2361 0
2500 4428 0
2500 4463 0
2500 389 0
2500 6561 0
2500 4524 0
2500 4548 0
2500 2501 0
2500 4555 0
2500 2524 0
2500 18181 0
2500 2718 0
2500 2722 0
2500 722 0
2500 760 0
2500 4859 0
2500 891 0
2500 892 0
2500 7077 0
2500 3043 0
2500 1197 0
2500 1259 0
2500 5365 0
2500 5367 0
2500 5372 0
2500 3353 0
2500 3354 0
2500 5422 0
2500 5434 0
2500 19777 0
2500 1350 0
2500 2500 0
2500 3446 0
2500 5523 0
2500 1444 0
2500 1741 0
2500 5855 0
2500 5858 0
2500 1779 0
2500 3884 0
2500 3893 0
2500 8654 0
2500 5432 0
2500 3927 0
2500 5994 0
2500 16357 1
16026 3353 0
16026 16026 0
16026 7455 0
16026 301 1
16026 5432 0
16026 2361 0
16026 7371 1
2715 2715 0
2715 13512 1
2715 1741 0
2715 5882 0
2715 301 1
2715 5432 0
2715 1350 0
2715 5994 0
669 301 1
669 2361 0
669 669 0
669 2718 0
669 8867 0
669 4795 0
669 4859 0
669 2881 0
669 13200 0
669 972 0
669 5432 0
669 3461 1
669 7858 0
669 1741 0
669 1742 0
669 1745 0
669 5882 0
669 3884 0
669 1927 0
2718 169 0
2718 8391 0
2718 2338 0
2718 301 1
2718 8503 0
2718 2361 0
2718 4413 0
2718 2381 0
2718 5523 0
2718 4524 0
2718 4550 0
2718 464 1
2718 2524 0
2718 2548 1
2718 2718 0
2718 2501 0
2718 2722 0
2718 4795 0
2718 4859 0
2718 9009 0
2718 2881 0
2718 866 0
2718 4988 0
2718 972 0
2718 3043 0
2718 4961 0
2718 5432 0
2718 5469 0
2718 3446 0
2718 3461 1
2718 5543 0
2718 1718 0
2718 1741 0
2718 1742 0
2718 5855 0
2718 5882 0
2718 3880 0
2718 3884 0
2718 1902 0
2718 1927 0
2718 3986 0
2718 6068 0
2718 2382 0
2718 7165 0
672 672 0
672 1741 0
672 1742 0
672 5882 0
672 4859 0
672 301 1
672 3353 0
672 3884 0
672 2361 0
672 3461 1
672 2881 0
672 5543 0
672 972 0
2721 3461 1
2721 5523 0
2721 2721 0
2721 2722 0
2721 5543 0
2721 301 1
2721 1718 0
2721 2361 0
2721 4795 0
2721 9009 0
2721 1741 0
2721 2524 0
2721 5469 0
2721 5855 0
2721 1902 0
2722 169 0
2722 8391 0
2722 2338 0
2722 301 1
2722 5523 0
2722 8611 0
2722 4524 0
2722 2501 0
2722 2524 0
2722 2548 1
2722 2881 0
2722 2722 0
2722 4795 0
2722 6883 1
2722 4859 0
2722 9009 0
2722 4961 0
2722 866 0
2722 4985 0
2722 4988 0
2722 972 0
2722 3043 0
2722 1902 0
2722 1259 0
2722 1322 1
2722 5432 0
2722 5469 0
2722 1388 0
2722 3446 0
2722 3461 1
2722 7851 0
2722 7858 0
2722 1741 0
2722 5855 0
2722 5882 0
2722 3884 0
2722 5978 0
2722 1927 0
2722 3986 0
2722 10152 0
2722 6068 0
8867 2338 0
8867 301 1
8867 4443 0
8867 6561 0
8867 2470 0
8867 6560 0
8867 8867 0
8867 4795 0
8867 6904 0
8867 7077 0
8867 3043 0
8867 1919 0
8867 1388 0
8867 3446 0
8867 3461 1
8867 7851 0
8867 1741 0
8867 1742 0
8867 3884 0
8867 3986 0
8867 10152 0
8867 6068 0
8867 2029 1
17064 3353 0
17064 7851 0
17064 13512 1
17064 1741 0
17064 6883 1
17064 8500 0
17064 3927 0
17064 3986 0
17064 7858 0
17064 7165 0
169 169 0
169 4795 0
169 1741 0
169 1259 0
169 18181 0
169 301 1
169 9009 0
169 2382 0
169 3446 0
169 1919 0
169 2029 1
169 972 0
7851 1388 0
7851 2338 0
7851 8500 0
7851 8611 0
7851 8934 0
7851 4961 0
7851 4985 0
7851 13512 1
7851 7851 0
7851 7858 0
7851 1741 0
7851 6403 0
7851 3986 0
7851 10152 0
7851 2044 1
6828 5994 0
6828 6828 0
6828 705 0
6828 1742 0
6828 1741 0
6828 5858 0
6828 891 0
6828 4859 0
6828 301 1
6828 5422 0
6828 5434 0
6828 5855 0
6828 4463 0
6828 6005 0
6828 3446 0
6828 4985 0
6828 4988 0
6828 972 0
6828 2524 0
6828 3043 0
6828 2044 1
1197 4551 0
1197 1197 0
1197 705 0
1197 1741 0
1197 1751 0
1197 5855 0
1197 4859 0
1197 3354 0
1197 2338 0
1197 301 1
1197 5432 0
1197 2361 0
1197 2881 0
1197 892 0
1197 389 0
1197 1927 0
1197 1957 0
1197 4550 0
1197 4555 0
1197 7077 0
1197 3043 0
1197 6560 0
1197 5523 0
1197 7165 0
7858 13512 1
7858 15909 1
7858 7858 0
7858 4985 0
7858 8611 0
7858 4859 0
7858 8090 0
7858 2338 0
7858 3884 0
7858 8500 0
7858 3927 0
7858 4961 0
7858 5994 0
7858 1388 0
7858 4463 0
7858 3986 0
7858 1957 0
7858 3043 0
1718 1718 0
1718 20158 1
1718 4300 0
1718 1741 0
1718 1259 0
1718 2338 0
1718 1322 1
1718 5980 0
1718 5469 0
1718 5523 0
1718 14405 0
1718 4524 0
1718 5052 0
4795 4795 0
4795 4555 0
4795 8391 0
4795 301 1
4795 9009 0
4795 2361 0
4795 5469 0
4795 3461 1
4795 8089 0
4795 4524 0
4795 6068 0
4795 4548 0
4795 4550 0
4795 4551 0
4795 8654 0
3260 916 1
20158 301 2
20158 2361 1
20158 20158 2
20158 705 1
20158 1741 1
20158 1742 1
20158 1886 1
20158 13174 1
18624 13512 1
18624 6883 1
705 705 0
705 5855 0
705 1259 0
705 5882 0
705 301 1
705 5422 0
705 5432 0
705 2881 0
705 5978 0
705 5980 0
705 5469 0
705 6005 0
705 892 0
705 5052 0
705 4550 0
705 4551 0
705 4555 0
705 972 0
3446 301 1
3446 8500 0
3446 8503 0
3446 2361 0
3446 2382 0
3446 4443 0
3446 4463 0
3446 2524 0
3446 6883 1
3446 4859 0
3446 5052 0
3446 3043 0
3446 7165 0
3446 6005 0
3446 13512 1
3446 5365 0
3446 5372 0
3446 19777 0
3446 1350 0
3446 5469 0
3446 1388 0
3446 3446 0
3446 389 0
3446 1741 0
3446 1742 0
3446 5855 0
3446 5858 0
3446 5978 0
3446 5980 0
3446 5994 0
3446 1919 0
3446 6068 0
8391 5469 0
8391 8391 0
8391 1741 0
8391 5858 0
8391 6883 1
8391 1779 0
8391 301 1
8391 2361 0
8391 2881 0
8391 3986 0
8391 2524 0
8391 3043 0
8391 5523 0
13512 6403 1
13512 14405 1
13512 18758 1
13512 16073 1
13512 5855 1
13512 5858 1
13512 6883 2
13512 8934 1
13512 10152 1
13512 5365 1
13512 5367 1
13512 760 1
13512 251 1
13512 5372 1
13512 13512 2
13512 8500 1
13512 4413 1
13512 3927 1
13512 5980 1
13512 5469 1
13512 1388 1
13512 4463 1
13512 4988 1
13512 8507 1
13512 389 1
13512 8611 1
13512 2470 1
13512 4555 1
13512 2524 1
13512 7165 1
16073 3461 1
16073 3353 0
16073 2470 0
7371 7371 2
4300 5469 0
4300 4300 0
4300 1741 0
4300 18181 0
4300 768 0
4300 2338 0
4300 1259 0
4300 1927 0
4300 3986 0
4300 7077 0
4300 4555 0
4300 464 1
4300 5523 0
4300 2044 1
1741 158 1
1741 2338 0
1741 8484 0
1741 301 1
1741 8500 0
1741 8503 0
1741 4413 0
1741 4428 0
1741 4443 0
1741 2408 0
1741 4463 0
1741 8063 1
1741 6561 0
1741 4524 0
1741 2501 0
1741 4550 0
1741 4551 0
1741 4555 0
1741 2524 0
1741 6904 0
1741 4859 0
1741 21300 0
1741 866 0
1741 4985 0
1741 891 0
1741 892 0
1741 972 0
1741 3043 0
1741 4961 0
1741 1259 0
1741 5365 0
1741 5372 0
1741 3353 0
1741 3354 0
1741 5432 0
1741 5434 0
1741 5469 0
1741 1388 0
1741 3461 1
1741 5523 0
1741 7077 0
1741 1741 0
1741 1742 0
1741 5855 0
1741 1779 0
1741 3884 0
1741 3893 0
1741 3927 0
1741 8507 0
1741 5994 0
1741 1902 0
1741 1919 0
1741 1927 0
1741 8089 0
1741 1957 0
1741 6068 0
1741 2382 0
1741 6560 0
1742 5469 0
1742 158 1
1742 1742 0
1742 6904 0
1742 5372 0
1742 3354 0
1742 8484 0
1742 8500 0
1742 8503 0
1742 5432 0
1742 21300 0
1742 4443 0
1742 3353 0
1742 6560 0
1742 6561 0
1742 4550 0
1742 8063 1
1745 158 1
1745 21300 0
1745 5432 0
1745 6561 0
1745 1745 0
1745 6904 0
1745 8063 1
722 3353 0
722 3354 0
722 1957 0
722 301 1
722 5427 1
722 7077 0
722 4551 0
722 1751 0
722 2524 0
722 5855 0
722 3043 0
722 5523 0
722 892 0
18181 3461 1
18181 18181 0
18181 3986 0
18181 7077 0
18181 301 1
18181 6068 0
18181 2501 0
18181 5855 0
18181 1259 0
18181 2029 1
18181 5882 0
1751 1751 0
1751 5855 0
1751 6904 0
1751 8063 1
1751 3354 0
1751 3884 0
1751 301 1
1751 5432 0
1751 2361 0
1751 1350 0
1751 5469 0
1751 5994 0
1751 6560 0
1751 1444 0
1751 1957 0
1751 4550 0
1751 4551 0
1751 4555 0
1751 3043 0
2267 3880 1
2267 5432 1
2267 2269 2
2269 3043 1
2269 1957 1
2269 4428 1
2269 2269 2
15909 3986 1
15909 4413 1
15909 2381 1
15909 4463 1
15909 4988 1
5858 8611 0
5858 5855 0
5858 5858 0
5858 6883 1
5858 3353 0
5858 3354 0
5858 5422 0
5858 2881 0
5858 1350 0
5858 8503 0
5858 5994 0
5858 6005 0
5858 19777 0
5858 8089 0
5858 8090 0
5858 4524 0
5858 2501 0
5858 972 0
6883 19777 1
6883 972 1
6883 2338 1
6883 6883 2
6883 8934 1
6883 4859 1
6883 3353 1
6883 3354 1
6883 3884 1
6883 3893 1
6883 5855 1
6883 2881 1
6883 1350 1
6883 3927 1
6883 4961 1
6883 5994 1
6883 1388 1
6883 6005 1
6883 4985 1
6883 892 1
6883 389 1
6883 8090 1
6883 8611 1
6883 5543 1
6883 6068 1
6883 8654 1
6883 7165 1
8934 1779 0
8934 5367 0
8934 6403 0
8934 8500 0
8934 3927 0
8934 1388 0
8934 3986 0
4988 8611 0
4988 1388 0
4988 4985 0
4988 5855 0
4988 4859 0
4988 3353 0
4988 2338 0
4988 3884 0
4988 9009 0
4988 8503 0
4988 8507 0
4988 2881 0
4988 4437 0
4988 5978 0
4988 4961 0
4988 3461 1
4988 5052 0
4988 972 0
4988 6068 0
1259 8484 0
1259 301 1
1259 2381 0
1259 2382 0
1259 4437 0
1259 4524 0
1259 4555 0
1259 2524 0
1259 2881 0
1259 891 0
1259 972 0
1259 7165 0
1259 5365 0
1259 3353 0
1259 3354 0
1259 5422 0
1259 5432 0
1259 1350 0
1259 5469 0
1259 1388 0
1259 1779 0
1259 5882 0
1259 3884 0
1259 3927 0
1259 1919 0
1259 3986 0
1259 2044 1
1779 5980 0
1779 7077 0
1779 1779 0
1779 6904 0
1779 4859 0
1779 301 1
1779 5855 0
1779 4437 0
1779 4443 0
1779 1388 0
1779 6068 0
1779 2501 0
1779 7165 0
5365 2408 0
5365 3354 0
5365 891 0
5365 5365 0
5365 5367 0
5365 3353 0
5365 5432 0
5365 2361 0
5365 5855 0
5365 301 1
5365 3927 0
5365 8507 0
5365 892 0
5365 1919 0
5365 3986 0
5365 5523 0
5365 10152 0
5365 6057 0
5365 2501 0
5365 2524 0
5365 7077 0
5365 6560 0
5365 5372 0
5365 5543 0
5365 6904 0
5367 5855 0
5367 5367 0
5367 2361 0
5367 3353 0
5367 3354 0
5367 2338 0
5367 301 1
5367 5422 0
5367 5432 0
5367 2881 0
5367 3927 0
5367 2408 0
5367 892 0
5367 3986 0
5367 6560 0
5367 1957 0
5367 5543 0
5367 6904 0
5367 6068 0
5367 2501 0
5367 7077 0
5367 3043 0
5367 5372 0
760 5855 0
760 3353 0
760 3461 1
760 3986 0
760 6068 0
760 4555 0
760 8654 0
760 7077 0
760 7165 0
5882 2382 0
5882 14405 0
5882 6561 0
5882 4555 0
5882 9009 0
5882 2881 0
5882 5052 0
5882 972 0
5882 3043 0
5882 5427 1
5882 3461 1
5882 5882 0
5882 5978 0
5882 5980 0
5882 6005 0
5882 1927 0
4859 301 1
4859 8503 0
4859 2361 0
4859 4428 0
4859 2382 0
4859 2408 0
4859 389 0
4859 6560 0
4859 2501 0
4859 4550 0
4859 8654 0
4859 2524 0
4859 4524 0
4859 4859 0
4859 2881 0
4859 7077 0
4859 5052 0
4859 972 0
4859 3043 0
4859 7165 0
4859 892 0
4859 3354 0
4859 5432 0
4859 5434 0
4859 1388 0
4859 5523 0
4859 1444 0
4859 5855 0
4859 3884 0
4859 5978 0
4859 5980 0
4859 1927 0
4859 3986 0
4859 1957 0
5372 6904 0
5372 8484 0
5372 301 1
5372 2361 0
5372 3043 0
5372 5469 0
5372 6560 0
5372 1957 0
5372 2501 0
2361 5469 0
2361 158 1
2361 6005 0
2361 5855 0
2361 301 1
2361 3354 0
2361 8484 0
2361 3884 0
2361 8503 0
2361 2361 0
2361 1350 0
2361 4428 0
2361 2382 0
2361 4443 0
2361 5980 0
2361 5994 0
2361 1902 0
2361 5523 0
2361 891 0
2361 892 0
2361 8063 1
2361 8089 0
2361 6560 0
2361 6561 0
2361 1957 0
2361 4524 0
2361 2501 0
2361 4550 0
2361 4551 0
2361 4555 0
2361 3043 0
2361 6904 0
768 5427 1
768 5490 1
6403 19777 0
6403 6403 0
6403 2338 0
6403 8500 0
6403 1388 0
6403 3986 0
6403 972 0
6403 2044 1
1285 1294 1
1285 1295 1
1285 13200 1
1285 3880 1
1285 1322 2
1285 5422 1
1285 5434 1
1285 4425 1
1294 1295 0
1294 1322 1
1295 1322 1
1295 4425 0
3353 6560 0
3353 2501 0
3353 4550 0
3353 4551 0
3353 4555 0
3353 13200 0
3353 5052 0
3353 972 0
3353 3043 0
3353 5978 0
3353 3353 0
3353 3354 0
3353 5427 1
3353 5432 0
3353 19777 0
3353 1957 0
3353 5855 0
3353 5980 0
3353 8089 0
3354 2338 0
3354 301 1
3354 2382 0
3354 6560 0
3354 4550 0
3354 2524 0
3354 4555 0
3354 6904 0
3354 4961 0
3354 891 0
3354 892 0
3354 13200 0
3354 972 0
3354 3043 0
3354 7165 0
3354 3354 0
3354 5427 1
3354 19777 0
3354 5490 1
3354 5855 0
3354 3880 0
3354 5432 0
3354 1919 0
3354 1927 0
3354 8089 0
3354 1957 0
7455 158 1
7455 5855 0
7455 7455 0
7455 301 1
7455 2415 0
7455 4555 0
7455 3043 0
2338 14405 0
2338 81 0
2338 2338 0
2338 8500 0
2338 4463 0
2338 8611 0
2338 4550 0
2338 464 1
2338 8654 0
2338 4961 0
2338 5052 0
2338 4985 0
2338 5432 0
2338 5978 0
2338 5469 0
2338 1388 0
2338 3461 1
2338 3927 0
2338 5980 0
2338 5994 0
2338 1927 0
2338 3986 0
2338 10152 0
2338 6068 0
2338 2044 1
1919 5469 0
1919 301 1
1919 2382 0
1919 2381 0
1919 6904 0
1919 2029 1
1919 892 0
1919 1919 0
8484 5855 0
8484 6904 0
8484 8484 0
8484 301 1
8484 8500 0
8484 2881 0
8484 6005 0
8484 8063 1
8484 6560 0
8484 1957 0
8484 4550 0
8484 4551 0
8484 972 0
8484 2524 0
8484 3043 0
3880 3880 0
3880 1322 1
1322 5543 1
1322 4524 1
1322 5432 1
1322 5434 1
1322 4425 1
1322 13174 1
1927 301 1
1927 4463 0
1927 4524 0
1927 2881 0
1927 3043 0
1927 5469 0
1927 3461 1
1927 5855 0
1927 3986 0
3884 6904 0
3884 7077 0
3884 3884 0
3884 301 1
3884 8503 0
3884 5432 0
3884 2881 0
3884 4428 0
3884 2382 0
3884 3927 0
3884 892 0
3884 5523 0
3884 1957 0
3884 4524 0
3884 6068 0
3884 2501 0
3884 972 0
3884 6560 0
3884 7165 0
301 5469 1
301 7077 1
301 81 1
301 9009 1
301 4437 1
301 1902 1
301 4548 1
301 158 2
301 18758 1
301 21300 1
301 5855 1
301 6904 1
301 301 2
301 8503 1
301 1350 1
301 4428 1
301 2381 1
301 2382 1
301 5432 1
301 3927 1
301 4443 1
301 866 1
301 5994 1
301 2415 1
301 5490 2
301 5523 1
301 6005 1
301 891 1
301 892 1
301 4463 1
301 8089 1
301 6560 1
301 6561 1
301 1444 1
301 10152 1
301 6057 1
301 6068 1
301 4550 1
301 4555 1
301 2524 1
301 3043 1
301 4551 1
301 2044 2
5422 4428 0
5422 4437 0
5422 2501 0
5422 13174 0
5422 5422 0
5422 1444 0
5422 7077 0
5422 6005 0
5422 8089 0
5422 8090 0
5422 6057 0
5422 2044 1
9009 5469 0
9009 9009 0
9009 8500 0
9009 2881 0
9009 866 0
9009 5994 0
9009 1902 0
9009 3461 1
9009 3986 0
9009 6068 0
9009 972 0
9009 5543 0
818 3461 1
818 2470 0
818 818 0
818 2548 1
5427 1444 1
5427 4524 1
5427 5427 2
5427 5432 1
5427 5994 1
5427 2044 2
5427 7165 1
8500 8500 0
8500 1388 0
8500 8063 1
8500 3986 0
8500 6560 0
8500 1957 0
8500 2501 0
8500 7077 0
8500 6904 0
3893 5432 0
3893 4428 0
3893 3043 0
3893 5855 0
3893 891 0
3893 2044 1
8503 5855 0
8503 3461 1
8503 8503 0
8503 5994 0
8503 6005 0
8503 891 0
8503 389 0
8503 5523 0
8503 7077 0
5432 389 0
5432 4428 0
5432 2408 0
5432 2501 0
5432 4550 0
5432 4555 0
5432 2524 0
5432 4551 0
5432 892 0
5432 7077 0
5432 7165 0
5432 5432 0
5432 5434 0
5432 5469 0
5432 5490 1
5432 5523 0
5432 1444 0
5432 5855 0
5432 3043 0
5432 1886 0
5432 6005 0
5432 2044 1
21300 2044 1
5434 5855 0
5434 5994 0
5434 6005 0
5434 892 0
5434 1444 0
5434 2501 0
5434 4550 0
5434 4551 0
5855 19777 0
5855 7165 0
5855 2381 0
5855 2382 0
5855 4443 0
5855 4463 0
5855 13174 0
5855 389 0
5855 6560 0
5855 8611 0
5855 4524 0
5855 2501 0
5855 4551 0
5855 4555 0
5855 6904 0
5855 2524 0
5855 4550 0
5855 8654 0
5855 2881 0
5855 866 0
5855 4985 0
5855 892 0
5855 5052 0
5855 972 0
5855 4961 0
5855 1350 0
5855 5469 0
5855 3461 1
5855 1444 0
5855 5543 0
5855 10152 0
5855 7077 0
5855 5855 0
5855 5978 0
5855 5980 0
5855 5994 0
5855 6005 0
5855 8089 0
5855 8090 0
5855 6057 0
5855 6068 0
4413 2415 0
4413 4413 0
4413 4443 0
4413 5469 0
4413 2408 0
4413 4463 0
4413 1957 0
19777 3461 1
19777 7165 0
19777 19777 0
19777 1350 0
19777 5994 0
19777 8089 0
19777 6005 0
18758 18758 0
4425 3986 0
4428 4428 0
4428 5469 0
4428 866 0
4428 1957 0
4428 4524 0
4428 3043 0
2381 2381 0
2381 891 0
2381 4524 0
2381 3043 0
2382 2382 0
2382 4463 0
2382 6560 0
2382 8611 0
2382 4524 0
2382 4550 0
2382 4551 0
2382 891 0
2382 892 0
2382 3043 0
2382 7165 0
2382 3461 1
2382 5543 0
4437 158 1
4437 4437 0
4437 6057 0
4437 4985 0
3927 3927 0
3927 5469 0
3927 5994 0
3927 4463 0
3927 3986 0
3927 7077 0
3927 2501 0
5978 6068 0
5978 1350 0
5978 5978 0
5978 5469 0
5978 4961 0
5978 4985 0
5978 3461 1
5978 5052 0
5978 3043 0
5978 2029 1
4443 4443 0
4443 866 0
4443 389 0
4443 3986 0
4443 4550 0
4443 4551 0
5980 2881 0
5980 1350 0
5980 5469 0
5980 3461 1
5980 3986 0
5980 6068 0
5980 3043 0
5980 2029 1
5469 5523 0
5469 4524 0
5469 464 1
5469 2524 0
5469 2881 0
5469 866 0
5469 7077 0
5469 5052 0
5469 972 0
5469 5469 0
5469 3986 0
1886 5523 0
1886 7060 1
1886 1886 0
4961 1388 0
4961 8507 0
4961 4985 0
4961 3461 1
4961 3986 0
4961 5052 0
4961 8611 0
866 1902 0
866 2415 0
866 866 0
866 4463 0
866 13174 0
866 2501 0
866 3043 0
866 2044 1
8507 8611 0
8507 5994 0
8507 1388 0
8507 4985 0
8507 3461 1
2408 2408 0
2408 1388 0
2408 2415 0
2408 8063 1
2408 6560 0
2408 6904 0
2408 3043 0
2408 2044 1
5994 2524 0
5994 972 0
5994 3043 0
5994 1350 0
5994 1388 0
5994 3461 1
5994 1444 0
5994 5994 0
5994 6005 0
5994 8089 0
5994 1957 0
5994 2044 1
1388 1388 0
1388 8611 0
1388 4985 0
1388 3043 0
1388 3461 1
1388 3986 0
1388 10152 0
1902 2881 0
1902 3461 1
1902 3986 0
1902 8090 0
1902 5543 0
1902 972 0
2415 8063 1
5490 7077 1
5490 5490 2
6005 6904 0
6005 3043 0
6005 1350 0
6005 6005 0
6005 6068 0
6005 6560 0
6005 2524 0
6005 1957 0
13174 1350 0
13174 4555 0
13174 7165 0
251 3986 0
251 2548 1
4985 8611 0
4985 10152 0
4985 3461 1
4985 5052 0
4985 6068 0
916 2027 1
916 2029 1
916 916 0
891 8063 1
891 891 0
891 892 0
891 1957 0
891 2501 0
891 4550 0
891 4551 0
891 4555 0
891 3043 0
892 1350 0
892 892 0
892 5523 0
892 4524 0
892 4550 0
892 4551 0
892 4555 0
892 3043 0
8063 1957 1
8063 6560 1
8063 4548 1
8063 2501 1
8063 6904 1
3461 8090 1
3461 2881 1
3461 3461 2
3461 13200 1
3461 3986 1
3461 2470 1
3461 5052 1
3461 4550 1
3461 4551 1
3461 4555 1
3461 972 1
3461 8654 1
3461 3043 1
81 464 1
2881 7165 0
2881 2881 0
2881 4463 0
2881 972 0
2881 1957 0
2881 3043 0
2881 6560 0
13200 13200 0
13200 3986 0
3986 8654 0
3986 972 0
3986 10152 0
3986 2470 0
3986 2501 0
3986 3986 0
3986 4463 0
3986 4550 0
3986 4551 0
3986 5523 0
3986 6068 0
3986 14405 0
3986 8089 0
3986 8090 0
5523 7077 0
5523 4555 0
5523 3043 0
5523 6904 0
5523 1350 0
5523 5523 0
5523 4551 0
5523 2501 0
5523 4550 0
5523 2524 0
5523 16357 1
8089 4463 0
8089 8089 0
8089 4524 0
8089 464 1
8089 3043 0
14405 464 1
6560 6560 0
6560 1957 0
6560 4524 0
6560 4550 0
6560 4555 0
6560 972 0
6560 3043 0
6560 6904 0
6561 158 1
6561 7077 0
6561 2501 0
6561 3043 0
6561 2044 1
8611 10152 0
8611 7165 0
1444 7077 0
1444 2501 0
1444 1444 0
1350 1350 0
1350 2501 0
1350 389 0
1350 7077 0
1350 5052 0
5543 389 0
5543 5543 0
5543 4524 0
389 4463 0
389 389 0
389 6068 0
389 2524 0
4524 4463 0
4524 4524 0
4524 7165 0
4524 1957 0
6068 4550 0
6068 6904 0
6068 2524 0
6068 4551 0
6068 8654 0
6068 5052 0
6068 7165 0
6068 6068 0
158 2044 2
5052 5052 0
5052 3043 0
5052 2029 1
4548 4548 0
4548 10152 0
2501 2524 0
2501 2501 0
2501 7077 0
2501 16357 1
4550 4463 0
4550 4550 0
4550 4551 0
4550 4555 0
4550 2524 0
4550 6904 0
4550 3043 0
4550 1957 0
4550 2044 1
4551 4463 0
4551 4555 0
4551 2524 0
4551 4551 0
4551 6904 0
4551 3043 0
4551 1957 0
4555 1957 0
4555 4555 0
4555 8654 0
4555 3043 0
972 7165 0
972 4463 0
972 972 0
8654 7077 0
464 464 2
6904 6904 0
6904 1957 0
6904 2524 0
6904 3043 0
6904 2044 1
2524 7077 0
2524 2524 0
2524 3043 0
7077 3043 0
7077 4463 0
7077 7077 0
3043 3043 0
3043 1957 0
3043 2044 1
4463 4463 0
2027 2027 2
2027 2029 2
10152 10152 0
7165 7165 0
1957 1957 0
