4859 4305 0
4859 6378 0
4859 301 1
4859 8503 0
4859 2361 0
4859 4442 1
4859 6560 0
4859 20917 0
4859 4534 0
4859 2500 0
4859 4550 0
4859 4524 0
4859 561 0
4859 2678 0
4859 2722 0
4859 6828 0
4859 4859 0
4859 869 0
4859 7077 0
4859 3043 0
4859 5207 0
4859 1160 0
4859 892 0
4859 5363 0
4859 3354 0
4859 7461 0
4859 5432 0
4859 3446 0
4859 5523 0
4859 7699 0
4859 5657 0
4859 16022 0
4859 1687 0
4859 1779 0
4859 3884 0
4859 5981 0
6153 6153 0
6153 2069 0
6153 561 0
6153 1620 0
6153 16022 0
6153 301 1
6153 4442 1
6153 5994 0
6153 891 0
6153 6560 0
6153 6078 0
3594 1620 0
3594 1160 0
3594 1224 0
3594 1869 1
3594 5469 0
3594 4469 1
3594 892 0
3594 5523 0
3594 4550 0
6160 6160 0
6160 287 0
6160 4442 1
6160 4555 0
6160 2722 0
6160 3081 1
6160 5278 0
6160 5469 0
6160 1620 0
6160 7836 0
6160 5981 0
6160 16367 0
7698 7698 0
7698 7699 0
7698 1160 0
7698 1687 0
7698 7836 0
7698 6828 0
7698 5363 0
7698 5365 0
7698 301 1
7698 3354 0
7698 3884 0
7698 2361 0
7698 5432 0
7698 4442 1
7698 5994 0
7698 4463 0
7698 892 0
7698 6560 0
7698 7077 0
7698 2500 0
7698 6904 0
7698 3043 0
7699 1160 0
7699 16022 0
7699 1687 0
7699 7836 0
7699 5365 0
7699 301 1
7699 3884 0
7699 5432 0
7699 2361 0
7699 4442 1
7699 5994 0
7699 892 0
7699 8089 0
7699 6560 0
7699 2500 0
7699 7077 0
7699 3043 0
2069 2069 0
2069 561 0
2069 1620 0
2069 16353 1
2069 1160 0
2069 16022 0
2069 1687 0
2069 4305 0
2069 3354 0
2069 301 1
2069 4442 1
2069 3446 0
2069 891 0
2069 4555 0
2069 1004 0
5657 5657 0
5657 5207 0
5657 1687 0
5657 4305 0
5657 1259 0
5657 301 1
5657 4442 1
5657 5994 0
5657 4463 0
5657 7045 0
5657 4521 0
6180 6180 0
6180 7430 0
6180 1160 0
6180 1687 0
6180 158 0
6180 4524 0
6180 301 1
6180 5432 0
6180 6720 0
6180 4550 0
6180 4442 1
6180 4443 0
6180 7931 0
6180 5994 0
5469 301 1
5469 5523 0
5469 4524 0
5469 4525 0
5469 4526 0
5469 4534 0
5469 2722 0
5469 719 0
5469 11075 1
5469 869 0
5469 7077 0
5469 5981 0
5469 5207 0
5469 1160 0
5469 1259 0
5469 7461 0
5469 5432 0
5469 5469 0
5469 3446 0
5469 1620 0
5469 16022 0
5469 1687 0
5469 2361 0
5469 1919 0
561 6378 0
561 301 1
561 8503 0
561 4443 0
561 4463 0
561 4469 1
561 6560 0
561 6561 0
561 4521 0
561 2500 0
561 4550 0
561 561 0
561 2678 0
561 6828 0
561 4822 0
561 2793 0
561 6904 0
561 8484 0
561 869 0
561 892 0
561 7045 0
561 3043 0
561 7249 0
561 1160 0
561 5278 0
561 1224 0
561 1259 0
561 5363 0
561 5365 0
561 3354 0
561 5432 0
561 5523 0
561 5729 0
561 1687 0
561 1779 0
561 7931 0
561 3884 0
561 5981 0
561 5994 0
561 8089 0
17460 3354 0
17460 301 1
17460 7249 0
17460 4442 1
17460 1259 0
3081 4534 1
14346 4442 1
14346 301 1
20917 301 1
20917 4442 1
6720 6560 0
6720 7077 0
6720 301 1
6720 2500 0
6720 4442 1
6720 5363 0
6720 3446 0
7249 7249 0
7249 2678 0
7249 16022 0
7249 1687 0
7249 2722 0
7249 1259 0
7249 301 1
7249 5432 0
7249 4442 1
7249 2500 0
1620 287 0
1620 2361 0
1620 4442 1
1620 5523 0
1620 4524 0
1620 4534 0
1620 4550 0
1620 455 0
1620 4555 0
1620 4711 0
1620 2722 0
1620 676 0
1620 698 0
1620 719 0
1620 892 0
1620 1004 0
1620 1259 0
1620 5432 0
1620 1620 0
1620 5880 0
1620 301 1
1620 5981 0
1620 4095 0
1109 5413 1
1109 301 1
1109 5981 0
5207 5207 0
5207 4305 0
5207 5363 0
5207 301 1
5207 3884 0
5207 5432 0
5207 2361 0
5207 4442 1
5207 5994 0
5207 4463 0
5207 3446 0
5207 891 0
5207 5981 0
5207 2500 0
5207 4550 0
5729 4534 0
5729 1687 0
5729 698 0
5729 1224 0
5729 4822 0
5729 891 0
5729 1259 0
5729 5413 1
5729 5432 0
5729 4442 1
5729 5994 0
5729 4521 0
5729 4524 0
5729 6078 0
5729 3043 0
4711 3243 1
4711 4711 0
4711 4534 0
4711 1259 0
4711 3412 1
2678 2678 0
2678 15509 0
2678 1687 0
2678 6904 0
2678 8484 0
2678 301 1
2678 1869 1
2678 6560 0
2678 6561 0
2678 6078 0
2678 16367 0
6275 6828 0
6275 301 1
6275 2361 0
6275 4442 1
6275 5994 0
1160 8484 0
1160 301 1
1160 8503 0
1160 4442 1
1160 6560 0
1160 4534 0
1160 2500 0
1160 4550 0
1160 6828 0
1160 6904 0
1160 891 0
1160 892 0
1160 7077 0
1160 3043 0
1160 1160 0
1160 1259 0
1160 5363 0
1160 5365 0
1160 2361 0
1160 3354 0
1160 7461 0
1160 3446 0
1160 5523 0
1160 16022 0
1160 1687 0
1160 5432 0
1160 5994 0
1160 1919 0
1160 16367 0
15509 16353 1
15509 4463 0
15509 4469 1
16022 16022 0
16022 1687 0
16022 4822 0
16022 6904 0
16022 3354 0
16022 8484 0
16022 3884 0
16022 301 1
16022 2361 0
16022 4442 1
16022 4443 0
16022 5981 0
16022 891 0
16022 8089 0
16022 4550 0
16022 3043 0
16022 16367 0
1687 891 0
1687 4305 0
1687 4822 0
1687 8484 0
1687 301 1
1687 8503 0
1687 2361 0
1687 4442 1
1687 4443 0
1687 6560 0
1687 4521 0
1687 4534 0
1687 2500 0
1687 4550 0
1687 4555 0
1687 6904 0
1687 869 0
1687 892 0
1687 3043 0
1687 5981 0
1687 5278 0
1687 1259 0
1687 5363 0
1687 5365 0
1687 3354 0
1687 7461 0
1687 5432 0
1687 3446 0
1687 5523 0
1687 7077 0
1687 1687 0
1687 3884 0
1687 5994 0
1687 1919 0
1687 6078 0
1687 16367 0
7836 7836 0
7836 1259 0
7836 3354 0
7836 287 0
7836 3884 0
7836 301 1
7836 5432 0
7836 4442 1
7836 5994 0
7836 7077 0
7836 4550 0
158 6561 0
158 301 1
158 2361 0
158 4442 1
2722 301 1
2722 4442 1
2722 5523 0
2722 4524 0
2722 4525 0
2722 2500 0
2722 6604 0
2722 2722 0
2722 676 0
2722 869 0
2722 3043 0
2722 1259 0
2722 5432 0
2722 3446 0
2722 3884 0
2722 5981 0
676 676 0
676 5880 0
676 287 0
676 301 1
676 2361 0
676 3412 1
676 4524 0
676 3043 0
3242 4521 1
3242 3243 2
3242 1004 1
3242 5523 1
3243 5523 1
3243 3243 2
3243 1224 1
3243 4305 1
3243 1004 1
6828 5994 0
6828 6828 0
6828 891 0
6828 301 1
6828 4442 1
6828 4463 0
6828 3446 0
6828 3043 0
698 301 1
698 698 0
698 1869 1
698 892 0
1224 1224 0
1224 4305 0
1224 2793 0
1224 1259 0
1224 1779 0
1224 2500 0
1224 1869 1
1224 869 0
1224 5994 0
1224 4463 0
719 4524 0
719 719 0
719 1259 0
719 287 0
719 301 1
719 4463 0
719 4442 1
719 4550 0
4305 7077 0
4305 1259 0
4305 3354 0
4305 287 0
4305 5432 0
4305 4443 0
4305 4442 1
4305 869 0
4305 6560 0
4305 4524 0
4305 4525 0
4305 4526 0
4305 6078 0
4305 2500 0
4305 3043 0
17107 301 1
17107 4442 1
17107 6078 0
4822 6378 0
4822 5278 0
4822 4550 0
4822 4822 0
4822 892 0
4822 5363 0
4822 5365 0
4822 7077 0
4822 301 1
4822 8503 0
4822 5432 0
4822 4442 1
4822 869 0
4822 5994 0
4822 4463 0
4822 3446 0
4822 891 0
4822 1919 0
4822 5523 0
4822 4524 0
4822 2500 0
4822 4555 0
4822 3043 0
5413 5363 1
5413 5880 1
5413 287 1
5413 5413 2
5413 6078 1
5413 4095 1
2793 6378 0
2793 287 0
2793 301 1
2793 6604 0
2793 5432 0
2793 3446 0
2793 1869 1
6378 6378 0
6378 1779 0
6378 3354 0
6378 301 1
6378 8503 0
6378 4442 1
6378 3446 0
6378 5981 0
6378 6604 0
1259 287 0
1259 8484 0
1259 301 1
1259 4442 1
1259 4524 0
1259 4534 0
1259 2500 0
1259 4555 0
1259 891 0
1259 5365 0
1259 3354 0
1259 5432 0
1259 7500 0
1259 1779 0
1259 3884 0
1259 1919 0
1259 6078 0
5363 5365 0
5363 2361 0
5363 301 1
5363 3446 0
5363 891 0
5363 892 0
5363 2500 0
5365 3354 0
5365 891 0
5365 5365 0
5365 5432 0
5365 2361 0
5365 301 1
5365 4442 1
5365 3446 0
5365 892 0
5365 1919 0
5365 5523 0
5365 2500 0
5365 5880 0
5365 7077 0
5365 6560 0
5365 6904 0
6904 1779 0
6904 6904 0
6904 3354 0
6904 8484 0
6904 7461 0
6904 3884 0
6904 301 1
6904 2361 0
6904 4442 1
6904 1919 0
6904 7045 0
6904 5523 0
6904 16367 0
6904 6560 0
6904 4550 0
6904 3043 0
7931 4442 1
7931 7430 0
7931 3354 0
7931 287 0
7931 7461 0
7931 301 1
7931 4443 0
7931 869 0
7430 4442 1
7430 301 1
7430 2361 0
7430 4443 0
7430 869 0
3354 287 0
3354 301 1
3354 2361 0
3354 4442 1
3354 6560 0
3354 2500 0
3354 4550 0
3354 4555 0
3354 869 0
3354 891 0
3354 892 0
3354 3043 0
3354 3354 0
3354 7500 0
3354 5432 0
3354 5981 0
3354 1919 0
3354 8089 0
3354 16367 0
287 287 0
287 1004 0
287 8503 0
287 3043 0
287 3446 0
287 4442 1
287 4555 0
287 5994 0
287 6078 0
287 6561 0
287 8089 0
8484 8484 0
8484 301 1
8484 2361 0
8484 4442 1
8484 6560 0
8484 4550 0
8484 3043 0
7461 7461 0
7461 3884 0
7461 301 1
7461 4442 1
7461 4443 0
7461 3043 0
3884 7077 0
3884 3884 0
3884 301 1
3884 8503 0
3884 5432 0
3884 2361 0
3884 4442 1
3884 869 0
3884 892 0
3884 5523 0
3884 4524 0
3884 4525 0
3884 4526 0
3884 4534 0
3884 2500 0
3884 7500 0
3884 6560 0
3884 1004 0
301 7077 1
301 455 1
301 1779 1
301 301 2
301 5278 1
301 8503 1
301 2361 1
301 6465 1
301 5432 1
301 4443 1
301 869 1
301 5994 1
301 5523 1
301 3446 1
301 891 1
301 892 1
301 1919 1
301 7045 1
301 4463 1
301 8089 1
301 16367 1
301 6560 1
301 6561 1
301 5981 1
301 4534 1
301 6078 1
301 2500 1
301 4550 1
301 4555 1
301 6604 1
301 3043 1
301 4095 1
8503 8503 0
8503 2361 0
8503 4442 1
8503 5994 0
8503 3446 0
8503 891 0
8503 5523 0
8503 7077 0
8503 6078 0
8503 2500 0
5432 4442 1
5432 4534 0
5432 2500 0
5432 4550 0
5432 455 0
5432 4555 0
5432 892 0
5432 7077 0
5432 5278 0
5432 5432 0
5432 5523 0
5432 3043 0
5432 5981 0
5432 6078 0
2361 6604 0
2361 2361 0
2361 6465 0
2361 4442 1
2361 4443 0
2361 5994 0
2361 5523 0
2361 3446 0
2361 891 0
2361 892 0
2361 7045 0
2361 8089 0
2361 16367 0
2361 6560 0
2361 6561 0
2361 4524 0
2361 2500 0
2361 4550 0
2361 4555 0
2361 3043 0
2361 1004 0
6465 4442 1
7498 7498 2
7500 4442 1
7500 5981 0
7500 4463 0
7500 4469 1
1869 4524 1
1869 4525 1
1869 4526 1
1869 4534 1
1869 1869 2
3412 3412 2
4442 4534 1
4442 1779 1
4442 4442 2
4442 4443 1
4442 5981 1
4442 869 1
4442 5994 1
4442 3446 1
4442 891 1
4442 892 1
4442 1919 1
4442 7045 1
4442 8089 1
4442 6561 1
4442 7077 1
4442 4521 1
4442 6560 1
4442 2500 1
4442 4550 1
4442 455 1
4442 4555 1
4442 6604 1
4442 3043 1
4442 1004 1
4442 16367 1
4443 455 0
4443 1779 0
4443 4443 0
4443 869 0
4443 3446 0
4443 4550 0
5981 1004 0
5981 2500 0
5981 3043 0
5981 3446 0
5981 5981 0
5981 6078 0
5981 6560 0
5981 7077 0
5981 8089 0
869 869 0
869 4463 0
869 3446 0
869 5523 0
869 5278 0
869 3043 0
5994 4521 0
5994 2500 0
5994 3043 0
5994 3446 0
5994 5994 0
5994 8089 0
5994 16367 0
4463 4463 0
4463 4469 1
4463 4524 0
4463 4525 0
4463 4526 0
4463 2500 0
4463 4550 0
4463 7077 0
4463 5278 0
4463 3446 0
4463 8089 0
4469 4524 1
4469 4525 1
4469 4526 1
4469 4469 2
3446 2500 0
3446 3043 0
3446 1004 0
3446 3446 0
3446 5880 0
3446 1919 0
891 5278 0
891 891 0
891 892 0
891 2500 0
891 4550 0
891 4555 0
891 3043 0
892 892 0
892 1919 0
892 5523 0
892 4524 0
892 4525 0
892 4526 0
892 2500 0
892 4550 0
892 4555 0
892 3043 0
1919 5278 0
1919 1919 0
7045 7045 0
7045 2500 0
5523 7077 0
5523 4555 0
5523 3043 0
5523 5523 0
5523 2500 0
5523 4550 0
8089 8089 0
8089 4524 0
8089 3043 0
6560 16367 0
6560 6560 0
6560 4524 0
6560 4550 0
6560 4555 0
6560 3043 0
6561 2500 0
6561 7077 0
6561 3043 0
7077 1779 0
7077 3043 0
7077 7077 0
7077 6078 0
7077 2500 0
4521 4521 0
4524 4524 0
4524 4525 0
4524 4526 0
4524 2500 0
4525 4526 0
1779 1779 0
1779 2500 0
5278 16353 1
5278 5278 0
5278 6078 0
4534 4534 0
6078 2500 0
6078 1004 0
6078 6078 0
6078 4095 0
2500 4555 0
2500 3043 0
2500 2500 0
2500 16367 0
4550 4550 0
4550 4555 0
4550 3043 0
455 455 0
4555 4555 0
4555 3043 0
5880 5880 0
5880 16353 1
5880 1004 0
3043 3043 0
3043 16367 0
1004 1004 0
16367 16367 0
4095 4095 0
