3008 1062 1
3008 1653 0
3008 5759 0
3008 5764 0
3008 2751 1
3008 8391 0
3008 807 0
3008 3986 0
3008 1943 0
3008 2999 0
3008 3008 0
3008 3535 0
3008 3539 0
5764 5440 0
5764 1943 0
5764 1062 1
5764 1066 1
5764 6283 1
5764 3535 0
5764 3539 0
5764 1365 0
5764 4182 0
5764 1653 0
5764 5759 0
8918 8918 0
8918 1914 1
8918 6078 1
649 649 0
649 1066 1
649 1075 1
6283 4182 1
6283 3363 1
6283 11975 1
6283 1075 2
6283 4286 1
6283 5440 1
6283 13891 1
6283 1365 1
6283 4181 1
6283 5759 1
8941 4818 1
8941 5981 0
8941 3937 1
8941 8941 0
8941 3986 0
3729 287 0
3729 2382 0
3729 2501 0
3729 7084 0
3729 7267 0
3729 5432 0
3729 1653 0
3729 3729 0
3729 5965 0
3729 5981 0
3729 3937 1
3729 1943 0
3729 6078 1
3986 20 0
3986 8391 0
3986 1601 0
3986 1620 0
3986 1653 0
3986 2501 0
3986 3937 1
3986 3986 0
3986 3992 0
3986 4081 0
3986 687 0
3986 4818 1
3986 5965 0
3986 5981 0
3986 7267 0
20 20 0
20 8391 0
20 287 0
20 4546 0
20 4818 1
20 6907 0
20 7209 0
20 5432 0
20 1620 0
20 3801 0
20 5981 0
20 3937 1
5781 1601 1
5781 3767 1
5781 3535 1
5781 3539 1
1943 4181 0
1943 8391 0
1943 687 0
1943 2751 1
1943 807 0
1943 2999 0
1943 1062 1
1943 3363 0
1943 5432 0
1943 5440 0
1943 1365 0
1943 3539 0
1943 1601 0
1943 1620 0
1943 1653 0
1943 5759 0
1943 3767 0
1943 5981 0
1943 1943 0
1943 6078 1
3992 1062 1
3992 1066 1
3992 1653 0
4100 4100 0
4100 1062 1
4100 1620 0
4100 5759 0
4100 3801 0
4100 287 0
4100 3937 1
4100 5539 0
5759 5981 0
5759 1075 1
5759 5759 0
5759 287 0
5759 5440 0
5759 2999 0
5759 6078 1
287 287 0
287 1601 0
287 1620 0
287 2382 0
287 3363 0
287 4818 1
287 5539 0
287 5874 0
287 6078 1
287 7209 0
5539 6078 1
5539 4818 1
5539 2382 0
5539 5539 0
5539 2501 0
18341 1062 1
18341 1066 1
1062 5440 1
1062 3363 1
1062 1062 2
1062 807 1
1062 687 1
1062 2999 1
1062 13891 1
1062 5965 1
1062 3535 1
1062 1874 1
1062 3539 1
1062 1365 1
1062 4182 1
1062 5981 1
1062 4081 1
1062 1653 1
1062 4602 1
1062 4181 1
807 1620 0
807 1653 0
807 4546 0
807 807 0
807 6078 1
807 3539 0
7209 6078 1
7209 4818 1
7209 1620 0
7209 1653 0
1066 5440 1
1066 3363 1
1066 687 1
1066 5432 1
1066 1874 1
1066 4182 1
1066 3767 1
1066 4602 1
1066 1066 2
1066 4181 1
11975 6078 1
7084 3937 1
7084 7084 0
7084 6078 1
1075 13891 1
1075 4286 1
2999 5981 0
2999 2751 1
2999 3539 0
2999 1620 0
5432 4546 0
5432 2501 0
5432 4181 0
5432 4182 0
5432 5432 0
5432 1620 0
5432 3801 0
5432 5981 0
5432 6078 1
6078 8391 1
6078 2382 1
6078 4546 1
6078 2501 1
6078 6907 1
6078 7267 1
6078 1601 1
6078 1653 1
6078 5874 1
6078 5965 1
6078 5981 1
6078 6078 2
6078 4081 1
2751 4546 1
2751 1620 1
5440 5440 0
5440 4181 0
5440 4182 0
1601 1601 0
1601 1620 0
1601 8391 0
1601 5981 0
4546 1620 0
4546 2382 0
4546 4546 0
13891 13891 0
2501 2501 0
2501 1653 0
2501 1914 1
8391 1653 0
8391 8391 0
8391 4818 1
3767 3767 0
5965 1620 0
2382 2382 0
2382 1653 0
2382 3937 1
3535 1365 0
4818 1620 1
4818 7267 1
4818 4818 2
4818 3801 1
4818 6907 1
1620 7267 0
1620 6907 0
1620 1365 0
1620 1620 0
1620 3801 0
1620 5981 0
1620 4081 0
1365 1498 1
4182 4182 0
3801 6907 0
3801 3937 1
5981 5981 0
5981 6907 0
5981 7267 0
3937 3937 2
3937 5874 1
4602 4602 0
1653 1653 0
4081 4081 0
5874 5874 0
3539 3539 0
1914 1914 2
6907 6907 0
4181 4181 0
