3073 3073 0
3073 3078 1
3073 1927 1
3073 3081 0
3073 4524 0
3073 5180 0
6147 6147 0
6147 6163 0
6147 20 0
6147 4196 0
6147 263 0
6147 8467 0
6147 8469 1
6147 2340 0
6147 338 0
6147 4442 1
6147 4460 0
6147 4463 0
6147 4497 0
6147 6560 0
6147 6561 0
6147 4524 0
6147 4525 0
6147 4553 0
6147 16845 0
6147 8707 0
6147 2582 0
6147 2594 0
6147 2604 0
6147 6774 0
6147 2718 0
6147 2722 0
6147 15061 0
6147 4859 0
6147 13061 0
6147 8968 0
6147 2976 0
6147 2997 0
6147 1004 0
6147 13355 0
6147 5188 0
6147 1098 0
6147 5243 0
6147 5247 0
6147 1170 0
6147 1199 0
6147 1221 0
6147 1223 0
6147 6792 0
6147 1259 0
6147 7462 0
6147 3426 0
6147 1384 0
6147 3446 0
6147 3462 0
6147 7560 0
6147 5521 0
6147 5529 0
6147 5620 1
6147 6065 0
6147 1620 0
6147 5836 0
6147 1741 0
6147 16079 0
6147 5855 0
6147 1779 0
6147 3884 0
6147 3886 0
6147 5994 0
6147 8065 0
6147 3978 0
6147 3986 0
6147 1943 0
6147 16308 0
3078 2085 1
3078 3078 2
3078 3081 1
3078 15603 1
3078 18325 1
3078 8101 2
3592 386 0
3592 1927 1
3592 1160 0
3592 2718 0
3592 3874 0
3592 5924 0
3592 1957 1
3592 3592 0
3592 5022 0
3592 4534 0
3592 5321 0
3592 4550 0
3592 4551 0
3592 1741 0
3592 4560 0
3592 5855 0
3592 3043 0
3592 892 0
3081 8101 1
3081 6160 0
3081 4534 0
3594 2059 1
3594 2582 1
3594 2601 1
3594 1620 1
3594 4196 1
3594 6774 1
3594 1160 1
3594 6293 1
3594 2712 1
3594 2718 1
3594 1197 1
3594 1199 1
3594 5321 1
3594 1741 1
3594 4341 1
3594 5882 1
3594 3844 1
3594 3870 1
3594 3874 1
3594 5924 1
3594 3886 1
3594 7496 1
3594 1869 1
3594 1882 2
3594 5469 1
3594 892 1
3594 386 1
3594 1927 2
3594 3978 1
3594 3986 1
3594 5523 1
3594 5022 1
3594 1957 2
3594 4550 1
3594 4551 1
3594 4566 1
2059 2059 0
2059 6156 0
2059 20 0
2059 22 0
2059 8232 0
2059 5469 0
2059 4185 1
2059 3101 0
2059 4300 0
2059 4339 0
2059 16663 0
2059 287 0
2059 2340 0
2059 2361 0
2059 4524 0
2059 12838 0
2059 2604 0
2059 579 0
2059 4681 0
2059 4704 0
2059 4715 0
2059 2718 0
2059 719 1
2059 4818 0
2059 13061 0
2059 807 0
2059 827 0
2059 3036 0
2059 1022 0
2059 5247 0
2059 1170 0
2059 1197 0
2059 4301 0
2059 1259 0
2059 5419 0
2059 5432 0
2059 5521 0
2059 5523 0
2059 3772 0
2059 5828 0
2059 5835 0
2059 3801 0
2059 5885 0
2059 3844 0
2059 6792 0
2059 1927 1
2059 1930 0
2059 1943 0
2059 6062 0
2059 6063 0
6156 6156 0
6156 3101 0
6156 8232 0
6156 2601 0
6156 4664 0
6156 4681 0
6156 1620 0
6156 4185 1
6156 2718 0
6156 719 1
6156 4818 0
6156 7893 0
6156 7209 0
6156 5882 0
6156 5885 0
6156 3844 0
6156 16663 0
6156 7986 0
6156 3886 0
6156 3382 0
6156 7496 0
6156 1359 0
6156 5469 0
6156 4464 0
6156 2936 0
6156 5523 0
6156 1943 0
6156 3036 0
6156 13284 0
8207 18967 1
8207 8844 0
8207 6163 0
8207 2594 0
8207 12954 0
8207 2604 0
8207 13880 0
8207 861 0
8207 6739 0
8207 5620 1
8207 4479 0
6160 6163 0
6160 20 0
6160 6160 0
6160 4301 0
6160 287 0
6160 2338 0
6160 338 0
6160 4442 1
6160 4555 0
6160 4560 0
6160 6739 0
6160 2703 0
6160 2709 0
6160 12954 0
6160 2718 0
6160 2722 0
6160 2881 0
6160 5022 0
6160 13284 0
6160 17478 0
6160 5243 0
6160 7317 0
6160 1221 0
6160 5321 0
6160 7496 0
6160 5469 0
6160 3426 0
6160 3462 0
6160 2997 0
6160 1620 0
6160 1674 0
6160 7836 0
6160 7893 0
6160 5924 0
6160 5978 0
6160 5981 0
6160 16241 0
6160 8065 0
6160 3986 0
6160 1943 0
6160 1957 1
6160 6065 0
6160 16367 0
7877 17731 0
7877 7877 0
7877 13512 0
7877 4312 1
7877 1259 0
7877 20226 0
7877 3844 0
7877 7500 0
7877 5978 0
7877 5981 0
7877 7317 0
7877 10489 0
7877 5620 1
6163 6163 0
6163 20 0
6163 4300 0
6163 263 0
6163 287 0
6163 2338 0
6163 4396 0
6163 8503 0
6163 338 0
6163 4442 1
6163 4534 0
6163 6604 0
6163 18982 0
6163 2599 0
6163 2601 0
6163 6739 0
6163 6740 0
6163 2703 0
6163 2712 0
6163 12954 0
6163 8881 0
6163 13061 0
6163 13284 0
6163 1022 0
6163 3101 0
6163 861 0
6163 5220 0
6163 3182 0
6163 5243 0
6163 1170 0
6163 1199 0
6163 5379 0
6163 5469 0
6163 3426 0
6163 3429 0
6163 1384 0
6163 3462 0
6163 1472 0
6163 2997 0
6163 7836 0
6163 7851 0
6163 3772 0
6163 7893 0
6163 5855 0
6163 3848 0
6163 5924 0
6163 3884 0
6163 5978 0
6163 5981 0
6163 16241 0
6163 8065 0
6163 1927 1
6163 3986 0
6163 1943 0
6163 8089 0
20 20 0
20 22 0
20 4185 1
20 8287 0
20 4300 0
20 4301 0
20 4339 0
20 287 0
20 2338 0
20 2340 0
20 4460 0
20 6560 0
20 3844 0
20 579 0
20 4694 0
20 2712 0
20 2718 0
20 719 1
20 4818 0
20 4822 0
20 827 0
20 861 0
20 869 0
20 892 0
20 3036 0
20 3043 0
20 7209 0
20 5247 0
20 1170 0
20 1259 0
20 5419 0
20 5432 0
20 5469 0
20 1384 0
20 3446 0
20 1576 0
20 1620 0
20 3704 0
20 1687 0
20 1741 0
20 7893 0
20 3801 0
20 5855 0
20 5885 0
20 3886 0
20 5981 0
20 1927 1
20 3986 0
20 1957 1
20 6062 0
2582 7699 0
2582 2582 0
2582 5657 0
2582 7858 0
2582 11328 0
2582 1687 0
2582 2722 0
2582 1197 0
2582 5855 0
2582 1259 0
2582 7406 0
2582 6904 0
2582 4859 0
2582 4371 0
2582 3354 0
2582 8484 0
2582 3884 0
2582 2361 0
2582 4442 1
2582 5523 0
2582 5022 0
2582 6560 0
2582 4550 0
2582 4555 0
2582 1004 0
18967 18967 2
18967 5657 1
18967 2594 1
18967 2599 1
18967 2601 1
18967 13355 1
18967 2604 1
18967 18982 1
18967 6739 1
18967 5207 1
18967 5220 1
18967 8295 1
18967 8298 1
18967 8467 1
18967 8844 1
18967 2712 1
18967 12954 1
18967 16031 1
18967 16241 1
18967 7851 1
18967 4780 1
18967 7858 1
18967 15539 1
18967 1717 1
18967 1221 1
18967 13512 1
18967 1741 1
18967 7893 1
18967 1259 1
18967 7209 1
18967 13055 1
18967 13061 1
18967 8977 1
18967 8477 1
18967 3878 1
18967 4396 1
18967 7986 1
18967 13880 1
18967 3426 1
18967 3429 1
18967 1384 1
18967 4463 1
18967 4464 1
18967 4465 1
18967 2936 1
18967 4479 1
18967 8065 1
18967 3986 1
18967 5525 1
18967 1943 1
18967 5529 1
18967 17478 1
18967 6065 1
18967 16308 1
18967 2997 1
18967 1472 1
18967 3036 1
3874 1160 0
3874 5978 0
3874 1197 0
3874 4550 0
3874 4551 0
3874 4555 0
3874 4557 0
3874 4442 1
3874 5981 0
3874 3043 0
3874 891 0
5657 5657 0
5657 5180 0
5657 6728 0
5657 5207 0
5657 8298 0
5657 1687 0
5657 2712 0
5657 1221 0
5657 1223 0
5657 18982 0
5657 4305 0
5657 1259 0
5657 4859 0
5657 301 0
5657 5855 0
5657 4442 1
5657 5994 0
5657 4463 0
5657 2936 0
5657 7045 0
5657 1927 1
5657 3986 0
5657 4521 0
5657 6582 0
5657 1472 0
3759 1927 1
3759 1674 0
3759 16419 0
3759 8467 0
3759 4185 1
3759 7986 0
3759 13284 0
3759 53 0
3759 5432 0
3759 16031 0
3759 1359 0
3759 4956 0
3759 4957 0
3759 4958 0
3759 356 0
3759 4464 0
3101 5521 0
3101 1170 0
3101 3801 0
3101 3101 0
3101 2718 0
3101 2338 0
3101 2340 0
3101 1576 0
3101 3010 0
3101 719 1
3101 4818 0
3101 5469 0
3101 4704 0
3101 1259 0
3101 16241 0
3101 4339 0
3101 4185 1
3101 5247 0
11294 4312 1
11294 4464 0
11294 18513 1
11294 4521 0
11294 11294 0
11294 3182 0
11294 14978 0
11294 1927 1
11294 17731 0
11294 16316 0
546 3844 0
546 18325 0
546 2718 0
546 546 0
546 1957 1
546 719 1
546 5755 0
16419 3986 0
16419 5529 0
16419 1957 1
16419 8881 0
16419 301 0
16419 16419 0
16419 5978 0
16419 5981 0
16419 5855 0
16419 5984 1
16419 5985 0
16419 869 0
16419 5997 0
2085 18513 1
18982 18982 0
18982 2594 0
18982 8881 0
18982 2601 0
18982 2604 0
18982 5981 0
18982 16308 0
18982 8287 0
18982 5188 0
18982 6739 0
18982 5207 0
18982 5220 0
18982 8298 0
18982 8467 0
18982 8844 0
18982 2712 0
18982 16031 0
18982 2718 0
18982 1223 0
18982 1741 0
18982 7893 0
18982 7851 0
18982 8065 0
18982 8295 0
18982 8477 0
18982 4396 0
18982 12954 0
18982 4956 0
18982 4957 0
18982 4958 0
18982 5984 1
18982 1384 0
18982 4463 0
18982 2936 0
18982 3986 0
18982 1943 0
18982 17478 0
18982 1472 0
2599 2594 0
2599 2599 0
2599 2601 0
2599 2712 0
2599 2604 0
2599 4957 0
2599 53 0
2599 16308 0
2599 6739 0
2599 6740 0
2599 5207 0
2599 6582 0
2599 5243 0
2599 2718 0
2599 2722 0
2599 5828 0
2599 5835 0
2599 1741 0
2599 3802 0
2599 7893 0
2599 3848 0
2599 8467 0
2599 8477 0
2599 2338 0
2599 5529 0
2599 7986 0
2599 338 0
2599 4956 0
2599 861 0
2599 4958 0
2599 3426 0
2599 869 0
2599 1384 0
2599 5994 0
2599 16241 0
2599 3446 0
2599 8065 0
2599 1927 1
2599 3978 0
2599 3986 0
2599 1943 0
2599 4524 0
2599 4525 0
2599 6065 0
2599 2997 0
2599 16031 0
2599 1472 0
2599 2500 0
2599 4553 0
2599 4560 0
2599 8881 0
8232 13061 0
8232 4694 0
8232 4183 0
8232 719 1
8232 7893 0
8232 16663 0
8232 287 0
8232 3978 0
8232 1359 0
8232 13284 0
8232 5981 0
8232 10596 0
8232 1927 1
8232 1930 0
8232 1943 0
8232 16308 0
8232 6604 0
7209 287 0
7209 4553 0
7209 4681 0
7209 3884 0
7209 3886 0
7209 4704 0
7209 4818 0
7209 1620 0
7209 3036 0
7209 4196 0
7209 4305 0
7209 5620 1
7209 4859 0
7209 5885 0
13355 8467 0
13355 8469 1
13355 287 0
13355 4396 0
13355 4463 0
13355 4464 0
13355 4465 0
13355 4479 0
13355 6582 0
13355 8977 0
13355 6793 0
13355 12954 0
13355 732 0
13355 13145 0
13355 2936 0
13355 3030 0
13355 1022 0
13355 5188 0
13355 1098 0
13355 5207 0
13355 1199 0
13355 1221 0
13355 1223 0
13355 3283 0
13355 3429 0
13355 5529 0
13355 1472 0
13355 8477 0
13355 7893 0
13355 3802 0
13355 5855 0
13355 16131 0
13355 1927 1
13355 1928 0
13355 1943 0
13355 16297 0
2604 8295 0
2604 129 0
2604 4300 0
2604 4305 0
2604 4312 1
2604 8467 0
2604 8477 0
2604 2338 0
2604 4396 0
2604 2375 0
2604 338 0
2604 4555 0
2604 2594 0
2604 2601 0
2604 2604 0
2604 6728 0
2604 6739 0
2604 6740 0
2604 8844 0
2604 12954 0
2604 4551 0
2604 8881 0
2604 827 0
2604 4956 0
2604 4957 0
2604 4958 0
2604 869 0
2604 892 0
2604 2997 0
2604 861 0
2604 17478 0
2604 7317 0
2604 13512 0
2604 1259 0
2604 5380 0
2604 5469 0
2604 3426 0
2604 1384 0
2604 3446 0
2604 5529 0
2604 1620 0
2604 3802 0
2604 3354 0
2604 16031 0
2604 7851 0
2604 7858 0
2604 1741 0
2604 7893 0
2604 5855 0
2604 3844 0
2604 3848 0
2604 5981 0
2604 5994 0
2604 3978 0
2604 3986 0
2604 1943 0
2604 6062 0
2604 6065 0
2604 16308 0
1581 719 1
1581 5432 0
1581 4185 1
1581 287 0
5469 22 0
5469 53 0
5469 4183 0
5469 4185 1
5469 8287 0
5469 4196 0
5469 129 0
5469 131 0
5469 4300 0
5469 4339 0
5469 4341 0
5469 2340 0
5469 301 0
5469 338 0
5469 5523 0
5469 4524 0
5469 4525 0
5469 4534 0
5469 1927 1
5469 4681 0
5469 2338 0
5469 4694 0
5469 4704 0
5469 2718 0
5469 2722 0
5469 8881 0
5469 719 1
5469 4818 0
5469 13061 0
5469 807 0
5469 812 0
5469 827 0
5469 2881 0
5469 842 0
5469 861 0
5469 869 0
5469 3010 0
5469 3036 0
5469 1022 0
5469 5981 0
5469 5180 0
5469 5207 0
5469 5247 0
5469 1160 0
5469 1170 0
5469 1221 0
5469 13512 0
5469 1882 1
5469 1259 0
5469 5419 0
5469 5432 0
5469 5469 0
5469 3446 0
5469 5521 0
5469 5525 0
5469 1576 0
5469 1620 0
5469 3704 0
5469 5755 0
5469 1674 0
5469 16022 0
5469 1687 0
5469 5835 0
5469 1741 0
5469 5855 0
5469 5885 0
5469 3844 0
5469 3886 0
5469 2361 0
5469 5978 0
5469 1928 0
5469 3986 0
5469 1943 0
5469 6072 0
5469 6792 0
1800 2338 0
1800 4442 1
1800 1927 1
3634 3634 0
3634 2361 0
3634 4550 0
3634 4312 1
3634 4442 1
3634 891 0
53 53 0
53 60 0
53 4301 0
53 4341 0
53 287 0
53 2338 0
53 301 0
53 8503 0
53 338 0
53 4463 0
53 4464 0
53 4465 0
53 2500 0
53 6604 0
53 2594 0
53 2601 0
53 6740 0
53 2703 0
53 2712 0
53 2718 0
53 2722 0
53 4780 0
53 8881 0
53 719 1
53 4956 0
53 4957 0
53 4958 0
53 2997 0
53 1022 0
53 861 0
53 5243 0
53 5247 0
53 1170 0
53 3283 0
53 3354 0
53 1384 0
53 3446 0
53 5529 0
53 6739 0
53 13284 0
53 16022 0
53 1687 0
53 16031 0
53 7851 0
53 1741 0
53 3802 0
53 5855 0
53 5865 0
53 3848 0
53 7986 0
53 14157 0
53 5978 0
53 5981 0
53 1927 1
53 3978 0
53 1943 0
53 6065 0
568 6739 0
568 6774 0
568 7317 0
568 16663 0
568 719 1
568 5432 0
568 568 0
568 5981 0
568 5984 1
568 1927 1
568 3986 0
568 16031 0
6072 7699 0
6072 1160 0
6072 16022 0
6072 1687 0
6072 1221 0
6072 1223 0
6072 4822 0
6072 8484 0
6072 5855 0
6072 6904 0
6072 3354 0
6072 4442 1
6072 4463 0
6072 4465 0
6072 3446 0
6072 891 0
6072 7045 0
6072 5521 0
6072 6560 0
6072 6561 0
6072 1957 1
6072 4524 0
6072 4525 0
6072 4339 0
6072 4534 0
6072 6072 0
6072 4550 0
6072 4551 0
6072 3043 0
6072 16367 0
60 13061 0
60 60 0
60 10596 0
60 4196 0
60 129 0
60 6792 0
60 1674 0
60 16663 0
60 2718 0
60 2722 0
60 5835 0
60 5836 0
60 16079 0
60 7406 0
60 1779 0
60 5882 0
60 4859 0
60 5885 0
60 2338 0
60 3884 0
60 3886 0
60 8503 0
60 5432 0
60 2881 0
60 1359 0
60 861 0
60 3426 0
60 356 0
60 4464 0
60 4465 0
60 3462 0
60 1927 1
60 1943 0
60 2997 0
60 4341 0
60 4553 0
60 13284 0
60 5620 1
5924 3986 0
5924 3353 0
5924 3354 0
5924 2338 0
5924 5022 0
5924 4520 0
5924 4550 0
5924 4551 0
5924 4681 0
5924 1741 0
5924 719 1
5924 4305 0
5924 7406 0
5924 5981 0
11328 14978 0
11328 18513 1
11328 4312 1
11328 5882 0
5984 4630 1
5984 5981 1
5984 4958 1
5984 5180 1
5984 4686 1
5984 6293 1
5984 1199 1
5984 16845 1
5984 4305 1
5984 15061 1
5984 5855 1
5984 20226 1
5984 16131 1
5984 4874 1
5984 270 1
5984 812 1
5984 827 1
5984 5978 1
5984 861 1
5984 5984 2
5984 5985 1
5984 869 1
5984 5997 1
5984 3446 1
5984 4957 1
5984 16297 1
1741 8881 0
1741 8287 0
1741 2152 0
1741 8298 0
1741 4300 0
1741 2338 0
1741 8484 0
1741 301 0
1741 8503 0
1741 2375 0
1741 4463 0
1741 4465 0
1741 4479 0
1741 8586 0
1741 4497 0
1741 6561 0
1741 4524 0
1741 4525 0
1741 2500 0
1741 4550 0
1741 4551 0
1741 4553 0
1741 4555 0
1741 4557 0
1741 2594 0
1741 4664 0
1741 6739 0
1741 4694 0
1741 2712 0
1741 2718 0
1741 2722 0
1741 6604 0
1741 719 1
1741 4822 0
1741 732 0
1741 6904 0
1741 4859 0
1741 8968 0
1741 827 0
1741 861 0
1741 869 0
1741 2936 0
1741 891 0
1741 892 0
1741 7045 0
1741 5022 0
1741 3043 0
1741 3045 0
1741 1022 0
1741 5207 0
1741 5243 0
1741 5247 0
1741 1160 0
1741 1197 0
1741 1221 0
1741 1223 0
1741 4301 0
1741 1259 0
1741 7406 0
1741 3353 0
1741 3354 0
1741 5419 0
1741 5432 0
1741 1359 0
1741 1384 0
1741 3446 0
1741 5523 0
1741 5525 0
1741 5529 0
1741 7699 0
1741 1576 0
1741 16079 0
1741 1620 0
1741 3704 0
1741 16022 0
1741 1687 0
1741 7836 0
1741 7851 0
1741 8477 0
1741 1717 0
1741 1741 0
1741 3802 0
1741 5855 0
1741 1779 0
1741 5885 0
1741 3884 0
1741 5994 0
1741 8065 0
1741 1927 1
1741 1928 0
1741 3978 0
1741 8089 0
1741 1957 1
1741 12954 0
1741 7496 0
1741 6560 0
1741 16367 0
579 16845 0
579 579 0
579 4686 0
579 5207 0
579 2718 0
579 2338 0
579 719 1
579 4339 0
579 4859 0
579 287 0
579 1359 0
579 1384 0
579 1927 1
579 5525 0
579 2976 0
579 6062 0
579 4534 0
579 4550 0
5188 5188 0
5188 6739 0
5188 1620 0
5188 16079 0
5188 8469 1
5188 3426 0
5188 1927 1
5188 1928 0
5188 4557 0
5188 1022 0
4534 129 0
4534 131 0
4534 4339 0
4534 4341 0
4534 8467 0
4534 301 0
4534 316 0
4534 4442 1
4534 4534 0
4534 4694 0
4534 2703 0
4534 2718 0
4534 4780 0
4534 4859 0
4534 807 0
4534 6972 0
4534 2881 0
4534 842 0
4534 13061 0
4534 5247 0
4534 1160 0
4534 3283 0
4534 1259 0
4534 5432 0
4534 7496 0
4534 1384 0
4534 1576 0
4534 4704 0
4534 1620 0
4534 1687 0
4534 5855 0
4534 3870 0
4534 3878 0
4534 3884 0
4534 3886 0
4534 1869 0
4534 1927 1
4534 3986 0
17478 2594 0
17478 2601 0
17478 5220 0
17478 8295 0
17478 8298 0
17478 8844 0
17478 7851 0
17478 1577 1
17478 8477 0
17478 4396 0
17478 1384 0
17478 3986 0
17478 12954 0
16316 4305 0
16316 719 1
16316 13055 0
16316 1882 1
16316 16308 0
16316 16316 0
16316 3010 0
6728 22 0
6728 4874 0
6728 4681 0
6728 1620 0
6728 4185 1
6728 3801 0
6728 5419 0
6728 1882 1
6728 5981 0
6728 7560 0
6728 6728 0
5132 1927 1
5132 6792 0
5132 5132 0
5132 16079 0
5132 5620 1
1098 861 0
1098 13061 0
1098 1098 0
1098 1620 0
1098 4185 1
1098 6792 0
1098 2722 0
1098 7851 0
1098 4780 0
1098 7858 0
1098 7893 0
1098 3802 0
1098 8467 0
1098 8469 1
1098 8477 0
1098 5529 0
1098 3382 0
1098 4956 0
1098 4957 0
1098 4958 0
1098 2936 0
1098 3978 0
1098 3986 0
1098 6065 0
1098 16308 0
1098 2997 0
4686 1927 1
4686 10596 0
4686 3986 0
4686 16663 0
4686 1199 0
4686 287 0
4686 1359 0
4686 13284 0
4686 356 0
4686 4464 0
18513 17731 1
18513 18325 1
18513 14626 1
18513 2226 1
18513 3895 1
18513 8134 1
18513 15603 1
18513 10489 1
18514 1927 1
18514 3848 0
18514 16031 0
18514 8881 0
18514 5180 0
18514 18514 0
18514 6739 0
18514 4185 1
18514 5981 0
18514 5994 0
18514 1779 0
2594 8295 0
2594 263 0
2594 270 0
2594 8467 0
2594 287 0
2594 2338 0
2594 4396 0
2594 2361 0
2594 338 0
2594 4479 0
2594 4497 0
2594 4524 0
2594 4525 0
2594 4553 0
2594 5207 0
2594 13061 0
2594 2594 0
2594 2601 0
2594 6739 0
2594 6740 0
2594 8477 0
2594 8844 0
2594 2703 0
2594 2709 0
2594 2718 0
2594 2722 0
2594 8881 0
2594 15061 0
2594 8977 0
2594 842 0
2594 4956 0
2594 861 0
2594 4958 0
2594 869 0
2594 2936 0
2594 2997 0
2594 1022 0
2594 4957 0
2594 5220 0
2594 3182 0
2594 5243 0
2594 1221 0
2594 1223 0
2594 3283 0
2594 1259 0
2594 3426 0
2594 3429 0
2594 1384 0
2594 5529 0
2594 16308 0
2594 16031 0
2594 7851 0
2594 7858 0
2594 7893 0
2594 3802 0
2594 5855 0
2594 3848 0
2594 3870 0
2594 3886 0
2594 7986 0
2594 5994 0
2594 16241 0
2594 8065 0
2594 1927 1
2594 3978 0
2594 2712 0
2594 3986 0
2594 1943 0
2594 12954 0
2594 6065 0
6740 2152 0
6740 4223 0
6740 129 0
6740 8467 0
6740 8469 1
6740 8477 0
6740 301 0
6740 2361 0
6740 2601 0
6740 6739 0
6740 2703 0
6740 2709 0
6740 2718 0
6740 2722 0
6740 8881 0
6740 15061 0
6740 4859 0
6740 8977 0
6740 2936 0
6740 1022 0
6740 5220 0
6740 5243 0
6740 5379 0
6740 3429 0
6740 1384 0
6740 3802 0
6740 3848 0
6740 5981 0
6740 3978 0
6740 2712 0
6740 3986 0
6740 1943 0
6740 1957 1
6740 16031 0
4694 4681 0
4694 1620 0
4694 4694 0
4694 4185 1
4694 1674 0
4694 3010 0
4694 1170 0
4694 1221 0
4694 1223 0
4694 719 1
4694 4305 0
4694 1259 0
4694 2338 0
4694 3886 0
4694 3382 0
4694 827 0
4694 861 0
4694 869 0
4694 1930 0
4694 3986 0
4694 5525 0
4694 4550 0
4694 3036 0
4694 5523 0
4183 5521 0
4183 1170 0
4183 5525 0
4183 2338 0
4183 2341 0
4183 5523 0
4183 4664 0
4183 3010 0
4183 7496 0
4183 4300 0
4183 719 1
4183 4818 0
4183 1620 0
4183 4183 0
4183 4185 1
4183 4704 0
4183 1004 0
4183 3986 0
4183 4339 0
4183 5755 0
4183 5247 0
16131 8707 0
16131 3986 0
16131 8469 1
16131 1943 0
16131 2997 0
16131 3772 0
16131 1223 0
16131 5985 0
4185 22 1
4185 1576 1
4185 4664 1
4185 4681 1
4185 1620 1
4185 4185 2
4185 4704 1
4185 3704 1
4185 5247 1
4185 14978 1
4185 131 1
4185 1170 1
4185 3182 1
4185 2718 1
4185 4300 1
4185 4301 1
4185 719 2
4185 4818 1
4185 3801 1
4185 3311 1
4185 4339 1
4185 3844 1
4185 4874 1
4185 2338 1
4185 2339 1
4185 2340 1
4185 2341 1
4185 7496 1
4185 20871 1
4185 8586 1
4185 5521 1
4185 3986 1
4185 5523 1
4185 5525 1
4185 6062 1
4185 6063 1
4185 3010 1
4185 4566 1
4185 3036 1
8287 8707 0
8287 5981 0
8287 4664 0
8287 4681 0
8287 1620 0
8287 8287 0
8287 5753 0
8287 2703 0
8287 2709 0
8287 2718 0
8287 2722 0
8287 5855 0
8287 5865 0
8287 5882 0
8287 4479 0
8287 5885 0
8287 270 0
8287 8467 0
8287 8469 1
8287 3353 0
8287 3354 0
8287 287 0
8287 3884 0
8287 301 0
8287 2361 0
8287 338 0
8287 5997 0
8287 3462 0
8287 2712 0
8287 2976 0
8287 4859 0
8287 5620 1
4704 1576 0
4704 4681 0
4704 1620 0
4704 5835 0
4704 1170 0
4704 1197 0
4704 4300 0
4704 4301 0
4704 719 1
4704 4560 0
4704 1259 0
4704 4339 0
4704 5247 0
4704 8477 0
4704 2338 0
4704 2339 0
4704 5419 0
4704 5521 0
4704 3986 0
4704 5525 0
4704 6065 0
4704 4551 0
4704 4704 0
4704 3036 0
4704 5523 0
5220 13061 0
5220 8881 0
5220 6739 0
5220 5220 0
5220 8298 0
5220 8467 0
5220 8844 0
5220 16031 0
5220 7851 0
5220 1384 0
5220 2936 0
5220 891 0
5220 1927 1
5220 3986 0
5220 12954 0
5220 16308 0
4196 4196 0
4196 4223 0
4196 2718 0
4196 8968 0
4196 287 0
4196 4396 0
4196 5022 0
4196 4524 0
4196 3010 0
4196 4555 0
4196 4560 0
4196 5620 1
1927 356 1
1927 4223 1
1927 129 1
1927 4300 1
1927 4339 1
1927 10489 1
1927 263 1
1927 16663 1
1927 2338 1
1927 301 1
1927 316 1
1927 2375 1
1927 338 1
1927 10596 1
1927 4463 1
1927 4464 1
1927 4465 1
1927 4524 1
1927 4525 1
1927 4553 1
1927 6604 1
1927 4681 1
1927 6739 1
1927 14978 1
1927 6792 1
1927 6793 1
1927 12954 1
1927 2718 1
1927 2722 1
1927 4780 1
1927 719 2
1927 4859 1
1927 13061 1
1927 807 1
1927 812 1
1927 827 1
1927 2881 1
1927 842 1
1927 4956 1
1927 4957 1
1927 4958 1
1927 2936 1
1927 7045 1
1927 5022 1
1927 2997 1
1927 3010 1
1927 3030 1
1927 13284 1
1927 1022 1
1927 861 1
1927 5202 1
1927 1170 1
1927 1197 1
1927 3283 1
1927 7406 1
1927 3043 1
1927 3354 1
1927 1359 1
1927 3426 1
1927 5476 1
1927 3429 1
1927 3462 1
1927 5521 1
1927 5529 1
1927 1472 1
1927 5620 2
1927 13880 1
1927 3772 1
1927 5836 1
1927 16079 1
1927 7893 1
1927 5855 1
1927 5865 1
1927 5882 1
1927 7986 1
1927 3895 1
1927 18236 1
1927 1674 1
1927 16241 1
1927 8065 1
1927 1928 1
1927 1930 1
1927 3986 1
1927 1943 1
1927 6065 1
1927 16308 1
1927 4043 1
1927 4088 1
8295 1577 1
8295 8844 0
8295 12954 0
8295 7851 0
8295 2601 0
8295 8477 0
8295 4396 0
8295 1384 0
2152 2152 0
2152 5243 0
2152 1160 0
2152 1687 0
2152 5855 0
2152 1259 0
2152 4859 0
2152 8968 0
2152 3353 0
2152 3354 0
2152 4442 1
2152 861 0
2152 5994 0
2152 892 0
2152 5620 1
5476 4442 1
5476 1160 0
5476 2709 0
5476 1687 0
5476 8881 0
5476 4300 0
5476 263 0
5476 3354 0
5476 3895 0
5476 5432 0
5476 5476 0
5476 5994 0
5476 6293 0
5476 1943 0
5476 4550 0
5476 4551 0
8298 4957 0
8298 5207 0
8298 3182 0
8298 4223 0
8298 8844 0
8298 1687 0
8298 2712 0
8298 1223 0
8298 7851 0
8298 8467 0
8298 4442 1
8298 4956 0
8298 5981 0
8298 4958 0
8298 3429 0
8298 1384 0
8298 4463 0
8298 2936 0
8298 7317 0
8298 12954 0
8298 16308 0
8298 1472 0
4715 131 0
4715 3986 0
4715 4715 0
4715 2345 1
4715 4550 0
4715 719 1
4715 1620 0
4715 7893 0
4715 1259 0
4715 5755 0
3182 7858 0
3182 7317 0
3182 7836 0
3182 13512 0
3182 4312 1
3182 4305 0
3182 2338 0
8467 4301 0
8467 4339 0
8467 386 0
8467 5523 0
8467 8586 0
8467 4497 0
8467 4524 0
8467 6582 0
8467 6739 0
8467 2709 0
8467 2718 0
8467 2722 0
8467 8881 0
8467 719 1
8467 15061 0
8467 13055 0
8467 8977 0
8467 7317 0
8467 2976 0
8467 8707 0
8467 5207 0
8467 5247 0
8467 1221 0
8467 3283 0
8467 1259 0
8467 5379 0
8467 5432 0
8467 1384 0
8467 8467 0
8467 16031 0
8467 7851 0
8467 6774 0
8467 13284 0
8467 5981 0
8467 5994 0
8467 16297 0
8467 16308 0
8467 4039 1
8467 1022 0
7699 1160 0
7699 2709 0
7699 16022 0
7699 1687 0
7699 7836 0
7699 1221 0
7699 4859 0
7699 5379 0
7699 301 0
7699 4371 0
7699 3878 0
7699 3884 0
7699 3886 0
7699 5432 0
7699 2361 0
7699 4442 1
7699 5994 0
7699 892 0
7699 8065 0
7699 5525 0
7699 8089 0
7699 1957 1
7699 6560 0
7699 2500 0
7699 3043 0
18236 356 0
18236 2361 0
18236 4442 1
18236 13284 0
18236 2718 0
6774 14978 0
6774 3986 0
6774 5022 0
6774 4442 1
6774 5882 0
3704 263 0
3704 1687 0
3704 2338 0
3704 5419 0
3704 6792 0
3704 5432 0
3704 2881 0
3704 5835 0
3704 1620 0
3704 4442 1
3704 5855 0
3704 3043 0
3704 1259 0
5753 5978 0
5753 12838 0
5753 16079 0
5753 6582 0
5753 5753 0
5753 5755 0
5753 1687 0
5753 1197 0
5753 1223 0
5753 4300 0
5753 4301 0
5753 719 1
5753 5865 0
5753 1259 0
5753 5885 0
5753 270 0
5753 4371 0
5753 3353 0
5753 3354 0
5753 807 0
5753 5432 0
5753 316 0
5753 2881 0
5753 842 0
5753 7500 0
5753 13880 0
5753 8089 0
5753 2718 0
5753 1004 0
5753 5620 1
5243 129 0
5243 4301 0
5243 287 0
5243 2338 0
5243 4442 1
5243 4465 0
5243 4630 0
5243 2601 0
5243 4664 0
5243 6739 0
5243 6792 0
5243 2703 0
5243 2712 0
5243 2718 0
5243 2722 0
5243 8881 0
5243 4859 0
5243 2881 0
5243 4956 0
5243 4957 0
5243 4958 0
5243 3043 0
5243 5247 0
5243 1170 0
5243 7317 0
5243 5380 0
5243 3426 0
5243 3429 0
5243 1384 0
5243 3446 0
5243 3462 0
5243 1943 0
5243 5529 0
5243 5620 1
5243 1620 0
5243 16022 0
5243 16031 0
5243 5835 0
5243 5836 0
5243 16079 0
5243 3802 0
5243 5855 0
5243 5882 0
5243 5885 0
5243 3848 0
5243 3884 0
5243 3886 0
5243 7986 0
5243 8065 0
5243 3978 0
5243 3986 0
5243 6062 0
5243 6065 0
4223 5180 0
4223 3772 0
4223 4312 1
4223 2338 0
4223 6792 0
4223 5432 0
4223 4956 0
4223 16241 0
4223 3462 0
4223 1957 1
4223 2500 0
129 3844 0
129 2601 0
129 129 0
129 131 0
129 2703 0
129 2709 0
129 1197 0
129 732 0
129 12838 0
129 2338 0
129 2345 1
129 338 0
129 3446 0
129 7317 0
129 5981 0
129 4524 0
129 4525 0
129 7496 0
129 5523 0
129 1022 0
14978 14978 0
14978 4305 0
14978 4874 0
131 1620 0
131 2718 0
131 2722 0
131 1197 0
131 719 1
131 861 0
131 3884 0
131 3886 0
131 5978 0
131 5981 0
131 3446 0
131 4524 0
131 4525 0
131 4550 0
131 4551 0
131 4553 0
131 4555 0
131 4557 0
22 3844 0
22 1170 0
22 5523 0
22 22 0
22 2338 0
22 4300 0
22 719 1
22 1620 0
22 3801 0
22 3986 0
22 4339 0
22 3446 0
22 892 0
1160 263 0
1160 4371 0
1160 8484 0
1160 301 0
1160 8503 0
1160 4442 1
1160 386 0
1160 6560 0
1160 2500 0
1160 4550 0
1160 4551 0
1160 4557 0
1160 6792 0
1160 6904 0
1160 4859 0
1160 8968 0
1160 2881 0
1160 4957 0
1160 891 0
1160 892 0
1160 5022 0
1160 3043 0
1160 861 0
1160 1160 0
1160 1221 0
1160 1223 0
1160 1259 0
1160 7406 0
1160 2361 0
1160 3353 0
1160 3354 0
1160 1384 0
1160 3446 0
1160 5521 0
1160 5523 0
1160 5525 0
1160 1957 1
1160 16022 0
1160 1687 0
1160 5855 0
1160 3878 0
1160 5432 0
1160 1882 1
1160 5994 0
1160 16367 0
6793 6793 0
6793 3986 0
6793 13061 0
6793 3886 0
6793 1472 0
6793 2881 0
6793 4555 0
6793 6739 0
6793 1620 0
6793 5620 1
6793 5247 0
1674 4957 0
1674 4681 0
1674 6739 0
1674 1620 0
1674 1674 0
1674 1687 0
1674 4551 0
1674 3283 0
1674 861 0
1674 16663 0
1674 8477 0
1674 2338 0
1674 7986 0
1674 827 0
1674 1359 0
1674 338 0
1674 1882 1
1674 4956 0
1674 4958 0
1674 10596 0
1674 4464 0
1674 8586 0
1674 5521 0
1674 3986 0
1674 16308 0
1674 4550 0
5978 8707 0
5978 5207 0
5978 4630 0
5978 12838 0
5978 5985 0
5978 1620 0
5978 6792 0
5978 7317 0
5978 2712 0
5978 2722 0
5978 8881 0
5978 5835 0
5978 5836 0
5978 16079 0
5978 3801 0
5978 5855 0
5978 5882 0
5978 4859 0
5978 5885 0
5978 20226 0
5978 3844 0
5978 3848 0
5978 270 0
5978 3353 0
5978 2338 0
5978 3886 0
5978 316 0
5978 338 0
5978 5978 0
5978 3426 0
5978 3429 0
5978 3446 0
5978 3462 0
5978 3978 0
5978 2976 0
5978 2997 0
5978 4553 0
5978 3043 0
5978 5620 1
8844 8881 0
8844 2601 0
8844 7858 0
8844 7317 0
8844 16031 0
8844 7851 0
8844 7893 0
8844 13512 0
8844 8477 0
8844 287 0
8844 4396 0
8844 3429 0
8844 1384 0
8844 3986 0
8844 1943 0
8844 1957 1
8844 12954 0
8844 6063 0
8844 16308 0
2703 6293 0
2703 301 0
2703 2361 0
2703 316 0
2703 338 0
2703 4479 0
2703 2500 0
2703 6604 0
2703 4560 0
2703 4566 0
2703 4630 0
2703 4664 0
2703 6739 0
2703 6792 0
2703 2703 0
2703 2709 0
2703 2712 0
2703 12954 0
2703 2718 0
2703 2722 0
2703 8881 0
2703 4859 0
2703 7986 0
2703 2881 0
2703 869 0
2703 2936 0
2703 7045 0
2703 2997 0
2703 1022 0
2703 5247 0
2703 13512 0
2703 5380 0
2703 3426 0
2703 3429 0
2703 3462 0
2703 1943 0
2703 5529 0
2703 1472 0
2703 5620 1
2703 1620 0
2703 16031 0
2703 7851 0
2703 5835 0
2703 5836 0
2703 16079 0
2703 5855 0
2703 1779 0
2703 5882 0
2703 5885 0
2703 3848 0
2703 3884 0
2703 3886 0
2703 8065 0
2703 3978 0
2703 3986 0
2703 1957 1
2703 6065 0
1170 4300 0
1170 4301 0
1170 2338 0
1170 4463 0
1170 4524 0
1170 4555 0
1170 4681 0
1170 2709 0
1170 2712 0
1170 2722 0
1170 732 0
1170 5247 0
1170 1199 0
1170 3283 0
1170 3354 0
1170 5419 0
1170 5432 0
1170 1384 0
1170 5525 0
1170 1620 0
1170 3772 0
1170 3801 0
1170 5855 0
1170 1882 1
1170 5981 0
1170 1928 0
1170 3986 0
1170 6062 0
7317 4300 0
7317 263 0
7317 8469 1
7317 287 0
7317 2338 0
7317 338 0
7317 8707 0
7317 3844 0
7317 12838 0
7317 2712 0
7317 4874 0
7317 1022 0
7317 5994 0
7317 3353 0
7317 3354 0
7317 3382 0
7317 5521 0
7317 5620 1
7317 1620 0
7317 20226 0
7317 3848 0
7317 3895 0
7317 5981 0
7317 3986 0
16022 16022 0
16022 1687 0
16022 4822 0
16022 5855 0
16022 6904 0
16022 4859 0
16022 8968 0
16022 3353 0
16022 3354 0
16022 8484 0
16022 3884 0
16022 301 0
16022 2361 0
16022 4442 1
16022 5981 0
16022 891 0
16022 8089 0
16022 1957 1
16022 4550 0
16022 3043 0
16022 16367 0
8707 1577 1
8707 2709 0
8707 4312 1
8707 732 0
8707 5865 0
8707 5380 0
8707 3382 0
8707 8707 0
8707 5985 0
8707 5997 0
2712 7851 0
2712 4301 0
2712 16079 0
2712 287 0
2712 2338 0
2712 2375 0
2712 338 0
2712 4463 0
2712 4465 0
2712 4479 0
2712 4497 0
2712 2500 0
2712 4555 0
2712 6604 0
2712 4560 0
2712 4630 0
2712 2601 0
2712 4664 0
2712 6739 0
2712 6792 0
2712 2709 0
2712 2712 0
2712 2718 0
2712 2722 0
2712 8881 0
2712 4822 0
2712 4859 0
2712 8968 0
2712 7986 0
2712 2881 0
2712 4956 0
2712 861 0
2712 4958 0
2712 2936 0
2712 2976 0
2712 2997 0
2712 3036 0
2712 3043 0
2712 1022 0
2712 4957 0
2712 5207 0
2712 5247 0
2712 13512 0
2712 1259 0
2712 5380 0
2712 3354 0
2712 5432 0
2712 3426 0
2712 3429 0
2712 1384 0
2712 3446 0
2712 3462 0
2712 5529 0
2712 1472 0
2712 5620 1
2712 1620 0
2712 16031 0
2712 5835 0
2712 5836 0
2712 3802 0
2712 5855 0
2712 5882 0
2712 5885 0
2712 3848 0
2712 3884 0
2712 3886 0
2712 14157 0
2712 5981 0
2712 3978 0
2712 3986 0
2712 1943 0
2712 6065 0
4557 8881 0
4557 5180 0
4557 5202 0
4557 1620 0
4557 1197 0
4557 1221 0
4557 1223 0
4557 2338 0
4557 4822 0
4557 5855 0
4557 1259 0
4557 5882 0
4557 5247 0
4557 3353 0
4557 3354 0
4557 3878 0
4557 2361 0
4557 842 0
4557 338 0
4557 4442 1
4557 892 0
4557 5022 0
4557 1957 1
4557 2500 0
4557 4553 0
4557 4555 0
4557 4557 0
4557 4560 0
4557 3043 0
4557 3045 0
4557 1004 0
7836 5380 0
7836 8065 0
7836 7836 0
7836 7893 0
7836 1259 0
7836 4874 0
7836 3354 0
7836 3870 0
7836 287 0
7836 3884 0
7836 301 0
7836 3886 0
7836 5432 0
7836 4442 1
7836 5994 0
7836 4479 0
7836 5521 0
7836 4550 0
7836 4551 0
7836 5620 1
2718 287 0
2718 2338 0
2718 301 0
2718 7560 0
2718 8503 0
2718 2361 0
2718 5521 0
2718 5523 0
2718 4479 0
2718 4497 0
2718 4520 0
2718 4521 0
2718 4524 0
2718 4525 0
2718 2500 0
2718 4550 0
2718 6604 0
2718 4566 0
2718 2601 0
2718 4664 0
2718 4681 0
2718 6739 0
2718 6792 0
2718 2709 0
2718 2718 0
2718 2722 0
2718 8881 0
2718 719 1
2718 4859 0
2718 8968 0
2718 7986 0
2718 827 0
2718 2881 0
2718 861 0
2718 869 0
2718 5022 0
2718 2976 0
2718 3036 0
2718 3043 0
2718 13145 0
2718 5247 0
2718 1223 0
2718 1221 0
2718 1882 1
2718 7406 0
2718 5432 0
2718 3426 0
2718 3429 0
2718 1384 0
2718 3446 0
2718 3462 0
2718 1943 0
2718 1472 0
2718 5620 1
2718 1620 0
2718 5755 0
2718 5835 0
2718 16079 0
2718 3802 0
2718 5855 0
2718 5882 0
2718 3848 0
2718 3884 0
2718 14157 0
2718 16241 0
2718 8065 0
2718 3978 0
2718 3986 0
2718 6065 0
2718 16031 0
16031 8469 1
16031 6582 0
16031 4566 0
16031 2601 0
16031 6739 0
16031 8477 0
16031 2709 0
16031 12954 0
16031 2722 0
16031 8881 0
16031 13061 0
16031 8968 0
16031 8977 0
16031 861 0
16031 2936 0
16031 3426 0
16031 1384 0
16031 5521 0
16031 5529 0
16031 16031 0
16031 7851 0
16031 7858 0
16031 3802 0
16031 5981 0
16031 8065 0
16031 3978 0
16031 3986 0
16031 1943 0
16031 1022 0
2722 8477 0
2722 2338 0
2722 301 0
2722 338 0
2722 4442 1
2722 5521 0
2722 5523 0
2722 4497 0
2722 4520 0
2722 4524 0
2722 4525 0
2722 2500 0
2722 4553 0
2722 6604 0
2722 2881 0
2722 13061 0
2722 2601 0
2722 4664 0
2722 4681 0
2722 6739 0
2722 6792 0
2722 2709 0
2722 2722 0
2722 4859 0
2722 8968 0
2722 8977 0
2722 7986 0
2722 861 0
2722 869 0
2722 2936 0
2722 5022 0
2722 3036 0
2722 3043 0
2722 5247 0
2722 1221 0
2722 1223 0
2722 1259 0
2722 5380 0
2722 5432 0
2722 1359 0
2722 3426 0
2722 3429 0
2722 1384 0
2722 3446 0
2722 3462 0
2722 5620 1
2722 16308 0
2722 2997 0
2722 1620 0
2722 7851 0
2722 7858 0
2722 16079 0
2722 7893 0
2722 3802 0
2722 5855 0
2722 5882 0
2722 3884 0
2722 5981 0
2722 8065 0
2722 3978 0
2722 3986 0
2722 1943 0
2722 6065 0
5836 2709 0
5836 1199 0
5836 5828 0
5836 5835 0
5836 5836 0
5836 719 1
5836 5882 0
5836 5885 0
5836 14157 0
5836 5981 0
5836 5521 0
5836 1022 0
8134 2338 0
8134 1957 1
16241 5828 0
16241 263 0
16241 8477 0
16241 287 0
16241 4465 0
16241 4480 0
16241 386 0
16241 4524 0
16241 2601 0
16241 3848 0
16241 6792 0
16241 8881 0
16241 4859 0
16241 8977 0
16241 2881 0
16241 2976 0
16241 1022 0
16241 1259 0
16241 3446 0
16241 1472 0
16241 7858 0
16241 5855 0
16241 1779 0
16241 3878 0
16241 3884 0
16241 3886 0
16241 16241 0
16241 3978 0
7851 8477 0
7851 2338 0
7851 4396 0
7851 4460 0
7851 2601 0
7851 6739 0
7851 12954 0
7851 13055 0
7851 4874 0
7851 861 0
7851 2936 0
7851 2997 0
7851 13512 0
7851 1384 0
7851 5529 0
7851 6065 0
7851 1577 1
7851 7851 0
7851 7858 0
7851 7893 0
7851 3802 0
7851 8065 0
7851 3978 0
7851 3986 0
7851 1943 0
7851 16308 0
4780 5981 0
4780 5207 0
4780 16663 0
4780 5529 0
4780 4780 0
4780 5828 0
4780 5321 0
4780 5835 0
4780 4300 0
4780 719 1
4780 3801 0
4780 4339 0
4780 4341 0
4780 5885 0
4780 3844 0
4780 270 0
4780 4681 0
4780 316 0
4780 2375 0
4780 842 0
4780 861 0
4780 6065 0
4780 1928 0
4780 5521 0
4780 5523 0
4780 1943 0
4780 6062 0
4780 6063 0
4780 2997 0
4780 4039 1
4780 4566 0
4780 13284 0
4780 1022 0
1197 13061 0
1197 1620 0
1197 1687 0
1197 4551 0
1197 1197 0
1197 8881 0
1197 3870 0
1197 1221 0
1197 1223 0
1197 5321 0
1197 7406 0
1197 7893 0
1197 4822 0
1197 5855 0
1197 4859 0
1197 4371 0
1197 3354 0
1197 2338 0
1197 301 0
1197 3886 0
1197 5432 0
1197 2361 0
1197 2881 0
1197 5620 1
1197 1882 1
1197 892 0
1197 5247 0
1197 5521 0
1197 5022 0
1197 1957 1
1197 16308 0
1197 6582 0
1197 2976 0
1197 2500 0
1197 4550 0
1197 4553 0
1197 4555 0
1197 4560 0
1197 4566 0
1197 7500 0
1197 3043 0
1197 6560 0
1197 5523 0
1197 5202 0
1199 861 0
1199 1620 0
1199 6792 0
1199 5855 0
1199 15061 0
1199 13061 0
1199 8968 0
1199 2338 0
1199 2375 0
1199 7496 0
1199 3426 0
1199 5521 0
1199 2709 0
1199 8065 0
1199 4497 0
1199 3986 0
1199 1943 0
1199 5529 0
1199 6561 0
1199 6065 0
1199 2997 0
1199 4553 0
8881 8881 0
8881 4339 0
8881 263 0
8881 2338 0
8881 4442 1
8881 4465 0
8881 4553 0
8881 5882 0
8881 2601 0
8881 6739 0
8881 2709 0
8881 6904 0
8881 8977 0
8881 2881 0
8881 861 0
8881 2936 0
8881 2976 0
8881 3043 0
8881 3045 0
8881 1022 0
8881 8968 0
8881 5207 0
8881 5247 0
8881 1221 0
8881 1259 0
8881 3353 0
8881 1384 0
8881 3446 0
8881 3462 0
8881 5521 0
8881 5523 0
8881 1472 0
8881 5620 1
8881 8477 0
8881 7858 0
8881 287 0
8881 3802 0
8881 5855 0
8881 3848 0
8881 3884 0
8881 5981 0
8881 5994 0
8881 3978 0
8881 3986 0
8881 8089 0
8881 12954 0
8881 1957 1
8881 4043 0
2226 8469 1
15539 1577 1
1717 1957 1
1717 1717 0
1717 2361 0
1717 3043 0
1717 6904 0
1779 4818 0
1779 3802 0
1779 1259 0
1779 7406 0
1779 1779 0
1779 6904 0
1779 4859 0
1779 4371 0
1779 301 0
1779 5855 0
1779 827 0
1779 1359 0
1779 4442 1
1779 861 0
1779 1384 0
1779 5180 0
1779 2936 0
1779 3978 0
1779 6062 0
1779 2500 0
1779 3036 0
1779 13284 0
1779 5620 1
3772 861 0
3772 356 0
3772 5855 0
3772 13055 0
3772 16663 0
3772 2338 0
3772 7986 0
3772 827 0
3772 316 0
3772 1359 0
3772 338 0
3772 4956 0
3772 4957 0
3772 4958 0
3772 4464 0
3772 3462 0
3772 3986 0
3772 1957 1
4043 5521 0
4043 5523 0
4043 1957 1
4043 5981 0
4043 8089 0
4043 4859 0
5828 6792 0
5828 5828 0
5828 1221 0
5828 1223 0
5828 5835 0
5828 719 1
5828 16079 0
5828 5882 0
5828 4859 0
5828 3886 0
5828 5432 0
5828 842 0
5828 3043 0
5828 5981 0
5828 2881 0
5828 1004 0
5828 5620 1
1221 3426 0
1221 3446 0
1221 4300 0
1221 4305 0
1221 4341 0
1221 263 0
1221 4371 0
1221 4396 0
1221 338 0
1221 8586 0
1221 4525 0
1221 2500 0
1221 4550 0
1221 4575 0
1221 4664 0
1221 12954 0
1221 719 1
1221 4859 0
1221 13055 0
1221 2837 0
1221 827 0
1221 12838 0
1221 861 0
1221 869 0
1221 3043 0
1221 5207 0
1221 13512 0
1221 1221 0
1221 1223 0
1221 1259 0
1221 7406 0
1221 5432 0
1221 5521 0
1221 1957 1
1221 1620 0
1221 287 0
1221 7893 0
1221 3802 0
1221 5855 0
1221 3886 0
1221 1869 0
1221 5981 0
1221 8065 0
1221 3978 0
1221 3986 0
1221 1943 0
1221 16308 0
1221 4088 0
1223 4664 0
1223 4575 0
1223 719 1
1223 4305 0
1223 3802 0
1223 5855 0
1223 1259 0
1223 4859 0
1223 2837 0
1223 13512 0
1223 7462 0
1223 4396 0
1223 3886 0
1223 5432 0
1223 827 0
1223 1869 0
1223 338 0
1223 5981 0
1223 4956 0
1223 4957 0
1223 4958 0
1223 3986 0
1223 8586 0
1223 8968 0
1223 1957 1
1223 2500 0
1223 4555 0
1223 3043 0
13512 12838 0
13512 5207 0
13512 7858 0
13512 3283 0
13512 4312 1
13512 5855 0
13512 8977 0
13512 8469 1
13512 13512 0
13512 4463 0
13512 3446 0
13512 17731 0
13512 4555 0
5321 3844 0
5321 5022 0
5321 7560 0
5321 3382 0
5321 4550 0
5321 4551 0
5321 5835 0
5321 5994 0
5321 7406 0
5321 5620 1
5835 1576 0
5835 5981 0
5835 4681 0
5835 1620 0
5835 6792 0
5835 2709 0
5835 5835 0
5835 4300 0
5835 2338 0
5835 719 1
5835 5882 0
5835 5885 0
5835 8477 0
5835 5419 0
5835 316 0
5835 14157 0
5835 5521 0
5835 5994 0
5835 4463 0
5835 2881 0
5835 4550 0
5835 4555 0
5835 3036 0
5835 5620 1
5835 1022 0
4300 1576 0
4300 4664 0
4300 5981 0
4300 4681 0
4300 6739 0
4300 1620 0
4300 5755 0
4300 1687 0
4300 4300 0
4300 4301 0
4300 4818 0
4300 4822 0
4300 2340 0
4300 4339 0
4300 5247 0
4300 3802 0
4300 2338 0
4300 5419 0
4300 3886 0
4300 3382 0
4300 842 0
4300 1882 1
4300 1259 0
4300 1928 0
4300 3986 0
4300 6062 0
4300 4555 0
4300 3036 0
4300 3801 0
4300 5523 0
4301 4664 0
4301 6739 0
4301 5207 0
4301 5247 0
4301 2709 0
4301 5755 0
4301 287 0
4301 2338 0
4301 5419 0
4301 3884 0
4301 1882 1
4301 3986 0
4301 5523 0
4301 6065 0
4301 2997 0
4301 1620 0
719 4524 1
719 12838 1
719 1576 1
719 1620 1
719 16663 1
719 2709 1
719 807 1
719 719 2
719 4818 1
719 1259 1
719 3311 1
719 4339 1
719 4341 1
719 5882 1
719 5885 1
719 3848 1
719 10596 1
719 2837 1
719 3353 1
719 287 1
719 2339 1
719 2340 1
719 5419 1
719 301 1
719 3382 1
719 316 1
719 8586 1
719 2375 1
719 1359 1
719 4664 1
719 4956 1
719 4957 1
719 4958 1
719 356 1
719 4463 1
719 4479 1
719 4480 1
719 1930 1
719 4442 2
719 3986 1
719 2976 1
719 6063 1
719 4550 1
719 4551 1
719 3030 1
719 4575 1
719 13284 1
719 1022 1
4305 2601 0
4305 5207 0
4305 5855 0
4305 1687 0
4305 1259 0
4305 5882 0
4305 4859 0
4305 7893 0
4305 20226 0
4305 4874 0
4305 4371 0
4305 3353 0
4305 3354 0
4305 287 0
4305 3886 0
4305 5432 0
4305 827 0
4305 4442 1
4305 861 0
4305 869 0
4305 1384 0
4305 7560 0
4305 12954 0
4305 6560 0
4305 1957 1
4305 4524 0
4305 4525 0
4305 2997 0
4305 2500 0
4305 3043 0
4305 5885 0
4818 1620 0
4818 5247 0
4818 4818 0
4818 3801 0
4818 4339 0
4818 287 0
4818 2338 0
4818 7560 0
4818 3986 0
4818 5529 0
3283 16308 0
3283 5180 0
3283 12954 0
3283 3283 0
3283 4822 0
3283 3802 0
3283 5855 0
3283 1259 0
3283 13061 0
3283 4371 0
3283 3354 0
3283 2338 0
3283 8503 0
3283 827 0
3283 4956 0
3283 861 0
3283 3426 0
3283 3429 0
3283 5994 0
3283 4465 0
3283 3986 0
3283 1943 0
3283 2976 0
3283 1957 1
3283 6065 0
3283 2997 0
3283 6604 0
3283 7893 0
3283 869 0
2837 1943 0
2837 807 0
2837 5855 0
2837 4442 1
7893 7893 0
7893 8469 1
7893 3802 0
7893 287 0
7893 4396 0
7893 4463 0
7893 4479 0
7893 4550 0
7893 2601 0
7893 2709 0
7893 732 0
7893 13061 0
7893 8977 0
7893 827 0
7893 4956 0
7893 2936 0
7893 14157 0
7893 13284 0
7893 1022 0
7893 5207 0
7893 1930 0
7893 1384 0
7893 5529 0
7893 1472 0
7893 16308 0
7893 8477 0
7893 7858 0
7893 5855 0
7893 5981 0
7893 8065 0
7893 1928 0
7893 3978 0
7893 12954 0
7893 2375 0
4822 4874 0
4822 5855 0
4822 1687 0
4822 4550 0
4822 2338 0
4822 4822 0
4822 3802 0
4822 892 0
4822 4371 0
4822 301 0
4822 8503 0
4822 5432 0
4822 827 0
4822 4442 1
4822 861 0
4822 869 0
4822 5994 0
4822 4463 0
4822 3446 0
4822 891 0
4822 3986 0
4822 5523 0
4822 1957 1
4822 4524 0
4822 2500 0
4822 4555 0
4822 3043 0
4822 16297 0
4312 8968 1
4312 3978 1
4312 4525 1
4312 3354 1
4312 7462 1
4312 8503 1
4312 2500 1
4312 17731 1
4312 4312 2
4312 3802 1
4312 1259 1
2340 3844 0
2340 287 0
2340 2338 0
2340 2340 0
2340 4551 0
2340 4550 0
2340 4560 0
2340 1620 0
2340 3036 0
5207 13061 0
5207 861 0
5207 5207 0
5207 12954 0
5207 4859 0
5207 301 0
5207 3884 0
5207 7986 0
5207 5432 0
5207 2361 0
5207 7858 0
5207 338 0
5207 4442 1
5207 4956 0
5207 4957 0
5207 4958 0
5207 3426 0
5207 3429 0
5207 1384 0
5207 5994 0
5207 4463 0
5207 3446 0
5207 2936 0
5207 891 0
5207 6293 0
5207 8065 0
5207 3986 0
5207 1943 0
5207 5529 0
5207 5981 0
5207 6065 0
5207 16308 0
5207 2997 0
5207 1472 0
5207 2500 0
5207 4550 0
16079 2601 0
16079 3426 0
16079 6792 0
16079 2709 0
16079 16079 0
16079 5882 0
16079 5885 0
16079 270 0
16079 287 0
16079 3884 0
16079 301 0
16079 2881 0
16079 1359 0
16079 338 0
16079 5981 0
16079 5994 0
16079 8065 0
16079 1943 0
16079 2976 0
16079 2500 0
16079 4566 0
16079 5620 1
16079 1022 0
732 2709 0
732 5855 0
732 13061 0
732 8469 1
732 2338 0
732 4442 1
732 861 0
732 5985 0
732 3426 0
732 869 0
732 3986 0
732 5529 0
732 16308 0
3802 8477 0
3802 2338 0
3802 338 0
3802 4464 0
3802 13061 0
3802 2601 0
3802 6739 0
3802 2709 0
3802 4859 0
3802 827 0
3802 4956 0
3802 4957 0
3802 4958 0
3802 869 0
3802 2936 0
3802 2997 0
3802 861 0
3802 5432 0
3802 3446 0
3802 3426 0
3802 3429 0
3802 1384 0
3802 5529 0
3802 7858 0
3802 3802 0
3802 5855 0
3802 3848 0
3802 7986 0
3802 2361 0
3802 5981 0
3802 3978 0
3802 3986 0
3802 1943 0
3802 1957 1
3802 6065 0
3802 16308 0
5855 263 0
5855 4371 0
5855 8484 0
5855 301 0
5855 8503 0
5855 2361 0
5855 4463 0
5855 4465 0
5855 4479 0
5855 8586 0
5855 6560 0
5855 4520 0
5855 4524 0
5855 2500 0
5855 4551 0
5855 4553 0
5855 4555 0
5855 6904 0
5855 4566 0
5855 13061 0
5855 2601 0
5855 4664 0
5855 4681 0
5855 8977 0
5855 2709 0
5855 4550 0
5855 4859 0
5855 4874 0
5855 7986 0
5855 827 0
5855 2881 0
5855 842 0
5855 4956 0
5855 861 0
5855 869 0
5855 892 0
5855 7045 0
5855 1022 0
5855 8968 0
5855 6582 0
5855 4957 0
5855 12838 0
5855 5380 0
5855 3353 0
5855 3354 0
5855 5432 0
5855 1359 0
5855 1384 0
5855 3446 0
5855 1620 0
5855 1687 0
5855 5855 0
5855 5865 0
5855 3848 0
5855 3870 0
5855 3886 0
5855 16308 0
5855 13284 0
5855 5981 0
5855 5985 0
5855 5994 0
5855 8065 0
5855 3978 0
5855 8089 0
5855 16297 0
5755 5755 0
5755 5885 0
5755 4371 0
5755 3354 0
5755 287 0
5755 807 0
5755 5432 0
5755 827 0
5755 7500 0
5755 1882 1
5755 5981 0
5755 1259 0
5755 842 0
5755 1004 0
5755 5620 1
12838 12838 0
12838 5202 0
12838 6739 0
12838 1620 0
12838 5885 0
12838 8977 0
12838 3353 0
12838 3354 0
12838 2338 0
12838 338 0
12838 5981 0
12838 5997 0
12838 3446 0
12838 4524 0
12838 4555 0
12838 6904 0
12838 3043 0
12838 5620 1
5865 6792 0
5865 5865 0
5865 8469 1
5865 16663 0
5865 2338 0
5865 7986 0
5865 5432 0
5865 1359 0
5865 861 0
5865 356 0
5865 4464 0
5865 3986 0
5865 3043 0
5865 3045 0
5865 1620 0
1259 263 0
1259 287 0
1259 8484 0
1259 301 0
1259 4442 1
1259 4524 0
1259 2500 0
1259 4555 0
1259 4664 0
1259 13061 0
1259 2881 0
1259 861 0
1259 891 0
1259 5180 0
1259 3311 0
1259 3353 0
1259 3354 0
1259 5419 0
1259 5432 0
1259 7496 0
1259 7500 0
1259 3426 0
1259 1384 0
1259 6739 0
1259 1576 0
1259 1620 0
1259 4371 0
1259 1687 0
1259 5882 0
1259 3884 0
1259 1882 1
1259 5985 0
1259 1930 0
1259 3986 0
1259 16308 0
7406 1687 0
7406 7406 0
7406 4859 0
7406 287 0
7406 3884 0
7406 2361 0
7406 4956 0
7406 892 0
7406 5521 0
7406 5523 0
7406 1943 0
7406 5022 0
7406 1957 1
7406 4550 0
7406 4551 0
3311 3382 0
3311 5981 0
3311 3311 0
8089 5247 0
8089 1472 0
8089 5885 0
8089 263 0
8089 3353 0
8089 3354 0
8089 287 0
8089 5419 0
8089 301 0
8089 2361 0
8089 4442 1
8089 5981 0
8089 5994 0
8089 4463 0
8089 4465 0
8089 3986 0
8089 8089 0
8089 4524 0
8089 6582 0
8089 4553 0
8089 3043 0
8089 5620 1
1576 1576 0
1576 4681 0
1576 1620 0
1576 5247 0
1576 2338 0
1576 5885 0
1576 3354 0
1576 5419 0
1576 3986 0
1576 6062 0
1576 3036 0
4341 16663 0
4341 842 0
4341 1620 0
4341 316 0
4341 4339 0
4341 4341 0
4341 4521 0
3844 4442 1
3844 4664 0
3844 1620 0
3844 3844 0
3844 8977 0
3844 3353 0
3844 3354 0
3844 3462 0
3844 338 0
3844 1882 1
3844 5997 0
3844 3446 0
3844 3986 0
3844 5981 0
3844 3043 0
1577 12954 1
1577 1577 2
1577 4396 1
1577 5432 1
1577 16845 1
1577 16297 1
1577 13145 1
1577 4088 1
6904 2709 0
6904 1687 0
6904 6904 0
6904 4874 0
6904 3354 0
6904 8484 0
6904 3884 0
6904 301 0
6904 2361 0
6904 4442 1
6904 1384 0
6904 5997 0
6904 7045 0
6904 5523 0
6904 5525 0
6904 16367 0
6904 6560 0
6904 1957 1
6904 4550 0
6904 4551 0
6904 4553 0
6904 3043 0
10489 5885 0
10489 287 0
10489 4560 0
5882 270 0
5882 6561 0
5882 4555 0
5882 4566 0
5882 6792 0
5882 2881 0
5882 842 0
5882 3043 0
5882 1022 0
5882 869 0
5882 5620 1
5882 1620 0
5882 1687 0
5882 5882 0
5882 5885 0
5882 20226 0
5882 5981 0
5882 2709 0
4859 4371 0
4859 301 0
4859 8503 0
4859 2361 0
4859 4442 1
4859 4480 0
4859 386 0
4859 8586 0
4859 6560 0
4859 2500 0
4859 4550 0
4859 4524 0
4859 4681 0
4859 6792 0
4859 2709 0
4859 4859 0
4859 2881 0
4859 869 0
4859 2936 0
4859 3043 0
4859 1022 0
4859 892 0
4859 3354 0
4859 5432 0
4859 3446 0
4859 5521 0
4859 5523 0
4859 5620 1
4859 1687 0
4859 7858 0
4859 3870 0
4859 3884 0
4859 3886 0
4859 14157 0
4859 5981 0
4859 5997 0
4859 3986 0
4859 1957 1
4859 6065 0
1928 861 0
1928 4664 0
1928 16308 0
1928 5202 0
1928 3801 0
1928 4339 0
1928 13061 0
1928 263 0
1928 16663 0
1928 2338 0
1928 3884 0
1928 1359 0
1928 3426 0
1928 356 0
1928 3429 0
1928 4464 0
1928 1928 0
1928 1943 0
1928 16297 0
1928 6065 0
1928 2997 0
1928 3010 0
1928 4555 0
1928 13284 0
1928 5620 1
5885 270 0
5885 287 0
5885 3462 0
5885 338 0
5885 4465 0
5885 4479 0
5885 4560 0
5885 4566 0
5885 4630 0
5885 2709 0
5885 807 0
5885 2881 0
5885 842 0
5885 2976 0
5885 3036 0
5885 8968 0
5885 5180 0
5885 5523 0
5885 1472 0
5885 5620 1
5885 5885 0
5885 3848 0
5885 6792 0
5885 14157 0
5885 5981 0
5885 5994 0
5885 5997 0
5885 3978 0
5885 3986 0
15061 3986 0
15061 1957 1
15061 5419 0
15061 5985 0
15061 842 0
15061 5981 0
16641 8065 0
16641 1957 1
16641 3878 0
16641 16641 0
16641 2361 0
16641 4442 1
20226 20226 0
20226 8469 1
20226 4957 0
20226 3986 0
20226 5981 0
20226 4524 0
5379 6739 0
5379 4371 0
5379 5994 0
5379 891 0
5379 5379 0
5379 3848 0
5379 8469 1
5379 5981 0
5379 3429 0
5379 1957 1
5379 3043 0
5380 2601 0
5380 1687 0
5380 5380 0
5380 4371 0
5380 8469 1
5380 3878 0
5380 5981 0
5380 5994 0
5380 6293 0
5380 1957 1
5380 2500 0
5380 3043 0
5380 6739 0
13061 8477 0
13061 8503 0
13061 2375 0
13061 4479 0
13061 4520 0
13061 6604 0
13061 2601 0
13061 2709 0
13061 827 0
13061 4956 0
13061 2936 0
13061 2976 0
13061 3030 0
13061 13284 0
13061 1022 0
13061 13061 0
13061 1930 0
13061 3426 0
13061 3429 0
13061 1384 0
13061 5521 0
13061 5529 0
13061 1472 0
13061 16308 0
13061 7858 0
13061 5981 0
13061 3978 0
861 7858 0
861 263 0
861 4371 0
861 8469 1
861 4396 0
861 2375 0
861 4460 0
861 4463 0
861 4464 0
861 4465 0
861 4550 0
861 4551 0
861 6604 0
861 4560 0
861 2601 0
861 6792 0
861 2709 0
861 12954 0
861 8977 0
861 827 0
861 4956 0
861 861 0
861 2936 0
861 891 0
861 3043 0
861 13284 0
861 1022 0
861 4957 0
861 4958 0
861 3353 0
861 3354 0
861 5432 0
861 1359 0
861 3426 0
861 1384 0
861 3446 0
861 1472 0
861 1687 0
861 8477 0
861 3848 0
861 3895 0
861 5994 0
861 3986 0
263 4957 0
263 4681 0
263 2709 0
263 263 0
263 10596 0
263 8469 1
263 2338 0
263 3878 0
263 3884 0
263 3429 0
263 5981 0
263 4524 0
263 4525 0
8968 2709 0
8968 1687 0
8968 4371 0
8968 287 0
8968 6792 0
8968 5432 0
8968 4442 1
8968 5981 0
8968 3986 0
8968 4464 0
8968 8065 0
8968 2500 0
8968 4575 0
8968 6739 0
10596 6604 0
10596 1359 0
10596 13284 0
4874 4371 0
4874 2338 0
4874 2341 0
4874 8503 0
4874 6582 0
4874 2500 0
4874 4520 0
4874 4874 0
4874 2881 0
4874 2936 0
4874 5180 0
4874 3446 0
4874 3895 0
4874 5981 0
4874 5994 0
270 4664 0
270 3446 0
270 270 0
270 5981 0
270 5994 0
270 5997 0
270 3462 0
270 2976 0
270 6582 0
270 5620 1
8977 2601 0
8977 6739 0
8977 2709 0
8977 1687 0
8977 7858 0
8977 3848 0
8977 8977 0
8977 8477 0
8977 1359 0
8977 4442 1
8977 4956 0
8977 4957 0
8977 4958 0
8977 3426 0
8977 1384 0
8977 2936 0
8977 3986 0
8977 16308 0
4371 1620 0
4371 6293 0
4371 1687 0
4371 4339 0
4371 4371 0
4371 3353 0
4371 3354 0
4371 3870 0
4371 8484 0
4371 3884 0
4371 8503 0
4371 5432 0
4371 2361 0
4371 827 0
4371 7500 0
4371 3043 0
4371 4442 1
4371 5994 0
4371 3446 0
4371 7045 0
4371 5521 0
4371 3986 0
4371 5523 0
4371 1957 1
4371 5981 0
4371 2500 0
4371 4551 0
4371 4550 0
4371 5202 0
8469 4630 1
8469 6739 1
8469 3848 1
8469 3382 1
8469 5985 1
8469 3426 1
8469 3986 1
8469 16308 1
8469 6582 1
8469 1022 1
16663 807 0
16663 812 0
16663 316 0
16663 1359 0
16663 4465 0
16663 1930 0
16663 6604 0
16663 13284 0
16663 1022 0
3353 316 0
3353 4442 1
3353 4479 0
3353 6560 0
3353 2500 0
3353 4550 0
3353 4551 0
3353 4555 0
3353 869 0
3353 3043 0
3353 3353 0
3353 3354 0
3353 5432 0
3353 7500 0
3353 1472 0
3353 1957 1
3353 1687 0
3353 3895 0
3354 6293 0
3354 287 0
3354 2338 0
3354 301 0
3354 2361 0
3354 4442 1
3354 4479 0
3354 6560 0
3354 2500 0
3354 4550 0
3354 4555 0
3354 4956 0
3354 869 0
3354 891 0
3354 892 0
3354 3043 0
3354 3045 0
3354 3354 0
3354 7500 0
3354 1384 0
3354 5620 1
3354 1687 0
3354 3895 0
3354 5432 0
3354 5981 0
3354 8065 0
3354 3978 0
3354 1957 1
3354 6063 0
3354 16367 0
8477 4339 0
8477 287 0
8477 2338 0
8477 4396 0
8477 4463 0
8477 2601 0
8477 6739 0
8477 12954 0
8477 4956 0
8477 4957 0
8477 4958 0
8477 869 0
8477 2936 0
8477 1472 0
8477 3426 0
8477 3429 0
8477 1384 0
8477 5529 0
8477 2997 0
8477 7858 0
8477 3848 0
8477 1882 1
8477 5981 0
8477 3978 0
8477 3986 0
8477 1943 0
8477 6065 0
8477 16308 0
3870 1687 0
3870 8065 0
3870 1957 1
3870 4551 0
3870 4524 0
3870 2500 0
3870 3043 0
3870 3045 0
3870 5994 0
287 287 0
287 386 0
287 827 0
287 1004 0
287 17731 0
287 1620 0
287 8503 0
287 1930 0
287 2338 0
287 2375 0
287 3043 0
287 3426 0
287 3429 0
287 3446 0
287 1957 1
287 4442 1
287 4465 0
287 4497 0
287 4553 0
287 4555 0
287 4575 0
287 4681 0
287 12954 0
287 4957 0
287 13284 0
287 5202 0
287 5247 0
287 5529 0
287 5994 0
287 6561 0
287 6739 0
2338 4339 0
2338 3801 0
2338 2338 0
2338 2339 0
2338 4497 0
2338 4463 0
2338 4464 0
2338 4465 0
2338 4550 0
2338 6604 0
2338 7858 0
2338 4575 0
2338 2601 0
2338 4681 0
2338 6739 0
2338 2709 0
2338 812 0
2338 842 0
2338 5022 0
2338 2997 0
2338 3030 0
2338 3036 0
2338 13284 0
2338 1004 0
2338 1022 0
2338 5981 0
2338 5247 0
2338 5419 0
2338 5432 0
2338 1359 0
2338 3426 0
2338 1384 0
2338 1472 0
2338 1620 0
2338 1687 0
2338 16297 0
2338 3878 0
2338 1882 1
2338 5994 0
2338 6065 0
2338 3986 0
2338 1943 0
2338 12954 0
2338 6062 0
2338 6063 0
2339 4681 0
2339 1620 0
2339 5247 0
8484 1687 0
8484 8484 0
8484 301 0
8484 6792 0
8484 2361 0
8484 2881 0
8484 4442 1
8484 1384 0
8484 6560 0
8484 1957 1
8484 4550 0
8484 4551 0
8484 3043 0
2341 3884 0
2341 1620 0
2341 1882 1
7462 4442 1
807 1620 0
807 1687 0
807 807 0
807 1869 0
807 1359 0
807 1930 0
807 1943 0
807 5523 0
807 4524 0
807 6063 0
807 2997 0
807 13284 0
2345 16367 1
2345 5180 1
4630 5981 0
4630 5985 0
4630 3426 0
4630 2709 0
4630 3978 0
4630 1943 0
4630 6065 0
4630 2997 0
5419 1620 0
5419 5247 0
5419 4339 0
5419 3801 0
5419 5419 0
5419 1882 1
5419 3986 0
5419 4550 0
4396 12954 0
4396 2601 0
4396 13055 0
4396 4396 0
4396 1384 0
4396 5994 0
4396 3986 0
4396 1957 1
4396 16308 0
301 4664 0
301 1620 0
301 1687 0
301 3884 0
301 301 0
301 8503 0
301 2361 0
301 827 0
301 5432 0
301 869 0
301 5994 0
301 5523 0
301 3446 0
301 891 0
301 892 0
301 7045 0
301 4497 0
301 4463 0
301 16367 0
301 6560 0
301 6561 0
301 5981 0
301 2500 0
301 4550 0
301 4555 0
301 6604 0
301 3043 0
301 4551 0
3886 5981 0
3886 6792 0
3886 2709 0
3886 1687 0
3886 3884 0
3886 3886 0
3886 316 0
3886 2881 0
3886 338 0
3886 3429 0
3886 5994 0
3886 5997 0
3886 8065 0
3886 386 0
3886 3462 0
3886 5521 0
3886 5022 0
3886 2500 0
3886 4566 0
3886 3036 0
3886 1004 0
3886 5620 1
3886 1022 0
6792 316 0
6792 4460 0
6792 4464 0
6792 4465 0
6792 4480 0
6792 6560 0
6792 16845 0
6792 6792 0
6792 2881 0
6792 2976 0
6792 3036 0
6792 13284 0
6792 1022 0
6792 1359 0
6792 3462 0
6792 1472 0
6792 5620 1
6792 1620 0
6792 3884 0
6792 5981 0
6792 2709 0
7986 4460 0
7986 4464 0
7986 6604 0
7986 4575 0
7986 2601 0
7986 12954 0
7986 812 0
7986 4956 0
7986 4957 0
7986 13284 0
7986 1022 0
7986 1359 0
7986 7858 0
7986 2709 0
7986 3978 0
3382 5180 0
3382 7560 0
3382 1930 0
8503 6739 0
8503 1687 0
8503 3884 0
8503 8503 0
8503 2361 0
8503 827 0
8503 842 0
8503 4442 1
8503 5994 0
8503 3446 0
8503 891 0
8503 5523 0
8503 2500 0
5432 4442 1
5432 2500 0
5432 4550 0
5432 4555 0
5432 2709 0
5432 4551 0
5432 827 0
5432 6972 0
5432 892 0
5432 5247 0
5432 5432 0
5432 1359 0
5432 1384 0
5432 5521 0
5432 5523 0
5432 1620 0
5432 1687 0
5432 3801 0
5432 3884 0
5432 3895 0
5432 3043 0
5432 5981 0
5432 1943 0
5432 4088 0
2361 1620 0
2361 1687 0
2361 6604 0
2361 3884 0
2361 2361 0
2361 4442 1
2361 5994 0
2361 5523 0
2361 3446 0
2361 891 0
2361 892 0
2361 7045 0
2361 5997 0
2361 4497 0
2361 5525 0
2361 16367 0
2361 6560 0
2361 6561 0
2361 1957 1
2361 4524 0
2361 2500 0
2361 4550 0
2361 4551 0
2361 4553 0
2361 4555 0
2361 3043 0
2361 1004 0
2361 1022 0
827 2375 0
827 4460 0
827 4463 0
827 4465 0
827 4479 0
827 4480 0
827 4553 0
827 4560 0
827 4566 0
827 827 0
827 4956 0
827 4957 0
827 4958 0
827 2997 0
827 3043 0
827 5529 0
827 13880 0
827 16308 0
827 1620 0
827 5981 0
827 5994 0
827 8065 0
827 1687 0
827 3986 0
827 1943 0
827 12954 0
827 6065 0
316 6062 0
316 6739 0
316 4339 0
316 316 0
316 13284 0
316 5981 0
316 3446 0
316 4524 0
316 4525 0
316 6063 0
316 4039 1
316 4555 0
8586 8586 0
8586 1472 0
8586 2500 0
8586 1620 0
8586 3446 0
8586 869 0
2881 6739 0
2881 2709 0
2881 3884 0
2881 2881 0
2881 5620 1
2881 338 0
2881 4442 1
2881 1384 0
2881 4460 0
2881 4463 0
2881 4479 0
2881 3462 0
2881 2976 0
2881 14157 0
2881 4566 0
2881 1957 1
2881 3043 0
2881 6560 0
2881 1022 0
2375 16308 0
2375 1620 0
2375 2709 0
2375 2375 0
2375 7496 0
2375 13145 0
2375 3426 0
2375 3446 0
2375 3986 0
2375 5523 0
2375 1004 0
7496 4664 0
7496 7496 0
7496 3986 0
842 5981 0
842 4566 0
842 842 0
842 1359 0
842 338 0
842 3426 0
842 356 0
842 5529 0
842 6062 0
842 1472 0
842 4039 1
842 4555 0
842 13284 0
3895 1943 0
3895 5022 0
3895 2500 0
7500 1957 1
7500 3884 0
7500 4442 1
7500 5981 0
7500 4463 0
7500 4464 0
7500 4465 0
7500 1022 0
7500 4479 0
14157 3426 0
14157 6739 0
14157 3429 0
14157 5247 0
14157 16308 0
14157 3884 0
14157 4957 0
14157 3986 0
14157 3462 0
14157 1957 1
14157 2997 0
14157 5620 1
14157 1022 0
1359 4664 0
1359 812 0
1359 338 0
1359 356 0
1359 3429 0
1359 3986 0
1359 4463 0
1359 4464 0
1359 4465 0
1359 3462 0
1359 1930 0
1359 1943 0
1359 4553 0
1359 6604 0
1359 13284 0
1359 1022 0
13880 4497 0
338 338 0
338 4460 0
338 4479 0
338 4550 0
338 4551 0
338 4560 0
338 2601 0
338 12954 0
338 4956 0
338 13284 0
338 1022 0
338 5202 0
338 1384 0
338 3446 0
338 5521 0
338 1472 0
338 5620 1
338 1620 0
338 5981 0
338 2709 0
338 3978 0
3878 386 0
3878 6739 0
3878 7045 0
3878 5981 0
3878 2500 0
3878 4555 0
3878 4560 0
3878 4442 1
3878 3043 0
3878 3045 0
13145 3848 0
13145 1957 1
13145 16308 0
13145 6739 0
4442 6582 1
4442 1620 1
4442 3884 1
4442 6972 1
4442 4442 2
4442 5981 1
4442 869 1
4442 5994 1
4442 4460 1
4442 3446 1
4442 891 1
4442 892 1
4442 7045 1
4442 7560 1
4442 1687 1
4442 5525 1
4442 6561 1
4442 4520 1
4442 4521 1
4442 6560 1
4442 2500 1
4442 4550 1
4442 4555 1
4442 6604 1
4442 4560 1
4442 4575 1
4442 3043 1
4442 3045 1
4442 1004 1
4442 16367 1
3030 16308 0
3030 13284 0
4956 4465 0
4956 2601 0
4956 2709 0
4956 13055 0
4956 4956 0
4956 4957 0
4956 4958 0
4956 2936 0
4956 13284 0
4956 1022 0
4956 3426 0
4956 1384 0
4956 1620 0
4956 7858 0
4956 5981 0
4956 3986 0
4956 1943 0
4957 4465 0
4957 4524 0
4957 2601 0
4957 6739 0
4957 2709 0
4957 4958 0
4957 2936 0
4957 13284 0
4957 1022 0
4957 3426 0
4957 3429 0
4957 1384 0
4957 5523 0
4957 1472 0
4957 1620 0
4957 7858 0
4957 5981 0
4957 1943 0
4958 4465 0
4958 2601 0
4958 6739 0
4958 2709 0
4958 4958 0
4958 2936 0
4958 13284 0
4958 1022 0
4958 3426 0
4958 1384 0
4958 1620 0
4958 7858 0
4958 5981 0
2709 4465 0
2709 4520 0
2709 2500 0
2709 4575 0
2709 2601 0
2709 4664 0
2709 6739 0
2709 2709 0
2709 869 0
2709 2936 0
2709 1004 0
2709 5247 0
2709 3426 0
2709 1384 0
2709 3462 0
2709 5529 0
2709 5620 1
2709 16308 0
2709 1620 0
2709 1687 0
2709 3801 0
2709 3848 0
2709 3884 0
2709 5981 0
2709 8065 0
2709 3978 0
2709 3986 0
2709 1943 0
2709 12954 0
5985 6293 0
5985 5981 0
5985 5985 0
5985 5997 0
5985 3446 0
5985 16297 0
5985 16845 0
3426 16308 0
3426 4479 0
3426 4520 0
3426 4550 0
3426 4551 0
3426 4566 0
3426 2601 0
3426 2936 0
3426 2997 0
3426 1004 0
3426 1022 0
3426 5997 0
3426 3426 0
3426 3429 0
3426 1384 0
3426 5529 0
3426 5981 0
3426 1472 0
3426 5620 1
3426 1687 0
3426 8065 0
3426 3986 0
3426 1943 0
3426 16297 0
3426 6065 0
356 4463 0
356 6604 0
356 1022 0
3429 8065 0
3429 5981 0
3429 6739 0
3429 1687 0
3429 7858 0
3429 3848 0
3429 1384 0
3429 3986 0
3429 2936 0
3429 891 0
3429 3978 0
3429 5521 0
3429 1943 0
3429 6065 0
3429 16308 0
3429 2997 0
4497 1620 0
4497 4479 0
4497 4497 0
4497 3986 0
4497 1957 1
4497 5620 1
1384 6560 0
1384 2500 0
1384 2601 0
1384 6739 0
1384 12954 0
1384 13055 0
1384 869 0
1384 2936 0
1384 5247 0
1384 1384 0
1384 3446 0
1384 5529 0
1384 5620 1
1384 2997 0
1384 1687 0
1384 7858 0
1384 3848 0
1384 5994 0
1384 3978 0
1384 3986 0
1384 1943 0
1384 6065 0
1384 16308 0
5180 5981 0
5180 5180 0
5180 6065 0
5180 2997 0
5180 4664 0
5994 6293 0
5994 4521 0
5994 2500 0
5994 4560 0
5994 4664 0
5994 6972 0
5994 3043 0
5994 1022 0
5994 3446 0
5994 5521 0
5994 1687 0
5994 7858 0
5994 5994 0
5994 8065 0
5994 1957 1
5994 16367 0
4460 6063 0
4460 4555 0
4460 1957 1
4460 5620 1
5997 4664 0
5997 4553 0
5997 5981 0
5997 5997 0
5997 3446 0
5997 1943 0
5997 1957 1
3848 2601 0
3848 7858 0
3848 5981 0
3848 4681 0
3848 6739 0
3848 3848 0
3848 2936 0
3848 3978 0
3848 6582 0
3848 1022 0
4463 4463 0
4463 4464 0
4463 4465 0
4463 4524 0
4463 4525 0
4463 2500 0
4463 4550 0
4463 4551 0
4463 4664 0
4463 4681 0
4463 6739 0
4463 4566 0
4463 869 0
4463 2936 0
4463 2997 0
4463 13284 0
4463 1022 0
4463 3446 0
4463 3462 0
4463 7560 0
4463 5529 0
4463 1472 0
4463 7858 0
4463 8065 0
4463 3986 0
4463 1943 0
4463 6065 0
4463 16308 0
4464 5981 0
4464 4681 0
4464 6739 0
4464 4465 0
4464 3986 0
4464 4524 0
4464 4525 0
4464 6604 0
4464 7858 0
4464 13284 0
4464 13055 0
4465 7560 0
4465 3462 0
4465 5529 0
4465 4524 0
4465 4525 0
4465 2500 0
4465 4550 0
4465 6604 0
4465 4566 0
4465 3036 0
4465 13284 0
4465 1022 0
3446 386 0
3446 2500 0
3446 4681 0
3446 869 0
3446 3043 0
3446 3045 0
3446 1004 0
3446 3446 0
3446 7560 0
3446 1687 0
3446 5981 0
2936 4566 0
2936 2601 0
2936 6739 0
2936 1472 0
2936 12954 0
2936 869 0
2936 5529 0
2936 2997 0
2936 1687 0
2936 7858 0
2936 8065 0
2936 3978 0
2936 3986 0
2936 1943 0
2936 6065 0
2936 16308 0
891 1687 0
891 6972 0
891 891 0
891 892 0
891 386 0
891 1957 1
891 2500 0
891 4550 0
891 4551 0
891 4555 0
891 3043 0
892 1620 0
892 1687 0
892 3884 0
892 892 0
892 386 0
892 5523 0
892 5525 0
892 5022 0
892 4524 0
892 4525 0
892 2500 0
892 4550 0
892 4551 0
892 4553 0
892 4555 0
892 3043 0
4479 6739 0
4479 1620 0
4479 4480 0
4479 8065 0
4479 5981 0
4479 3462 0
4479 3986 0
4479 1943 0
4479 6065 0
4479 2997 0
4479 2500 0
4479 16308 0
4479 4553 0
4479 5620 1
4479 1022 0
4480 1620 0
4480 4480 0
4480 1882 1
4480 5523 0
4480 3462 0
4480 4520 0
4480 2500 0
4480 3036 0
4480 1022 0
8065 6561 0
8065 4520 0
8065 4521 0
8065 2500 0
8065 1022 0
8065 5620 1
8065 3884 0
8065 8065 0
386 1687 0
386 386 0
386 7045 0
386 1957 1
386 3043 0
7045 7045 0
7045 3986 0
7045 2500 0
3462 2601 0
3462 7858 0
3462 5202 0
3462 1620 0
3462 13284 0
3462 5981 0
3462 3462 0
3462 2976 0
3462 4524 0
3462 4525 0
3462 5620 1
3462 1022 0
20871 20871 0
20871 1620 0
20871 6062 0
20871 1882 1
7560 3986 0
7560 16308 0
7560 5620 1
7560 3801 0
3978 4550 0
3978 2601 0
3978 6739 0
3978 12954 0
3978 869 0
3978 5022 0
3978 2997 0
3978 5529 0
3978 1472 0
3978 1687 0
3978 7858 0
3978 5981 0
3978 3978 0
3978 3986 0
3978 1943 0
3978 16308 0
1687 6560 0
1687 4520 0
1687 4521 0
1687 2500 0
1687 4550 0
1687 4555 0
1687 4560 0
1687 869 0
1687 3043 0
1687 3045 0
1687 1022 0
1687 5981 0
1687 5521 0
1687 5523 0
1687 5525 0
1687 1687 0
1687 3884 0
1687 1957 1
1687 16367 0
5521 4681 0
5521 1620 0
5521 3043 0
5521 5521 0
5521 3986 0
5521 5523 0
5521 5525 0
5521 2976 0
5521 2500 0
5521 4551 0
5521 4566 0
5521 3036 0
5521 1957 1
3986 1022 0
3986 1472 0
3986 1620 0
3986 2601 0
3986 3986 0
3986 4339 0
3986 4520 0
3986 4525 0
3986 4550 0
3986 4551 0
3986 4566 0
3986 4681 0
3986 12954 0
3986 5022 0
3986 13284 0
3986 5247 0
3986 5523 0
3986 5529 0
3986 5981 0
3986 6063 0
3986 6582 0
3986 6739 0
3986 7858 0
5523 4681 0
5523 1620 0
5523 4555 0
5523 3043 0
5523 3036 0
5523 3884 0
5523 1882 1
5523 869 0
5523 5523 0
5523 4551 0
5523 5525 0
5523 2976 0
5523 2500 0
5523 4550 0
5523 4566 0
5523 5620 1
5525 1620 0
5525 5247 0
5525 3884 0
5525 5525 0
5525 1943 0
5525 2500 0
5525 4550 0
5525 4551 0
5525 3036 0
1943 7858 0
1943 2500 0
1943 2601 0
1943 2997 0
1943 3010 0
1943 3043 0
1943 1022 0
1943 1930 0
1943 1472 0
1943 1620 0
1943 5981 0
1943 1943 0
5529 7858 0
5529 2601 0
5529 5529 0
5529 4566 0
5529 6739 0
5529 1022 0
14626 1004 0
14626 1882 1
12954 6739 0
12954 16308 0
12954 2601 0
12954 4575 0
5022 1882 1
5022 5022 0
5022 1957 1
5022 4550 0
5022 4551 0
5022 4553 0
5022 4555 0
6560 16367 0
6560 4664 0
6560 6739 0
6560 3884 0
6560 5981 0
6560 6560 0
6560 1957 1
6560 4524 0
6560 4550 0
6560 4555 0
6560 3043 0
6561 2500 0
6561 3043 0
6561 5620 1
1957 1620 1
1957 7858 1
1957 4555 1
1957 13055 1
1957 3884 1
1957 5620 2
1957 6972 1
1957 1957 2
1957 4521 1
1957 4524 1
1957 4525 1
1957 4550 1
1957 4551 1
1957 4553 1
1957 3043 1
1957 3045 1
1957 1004 1
5981 16845 0
5981 1004 0
5981 1620 0
5981 1930 0
5981 2500 0
5981 2601 0
5981 2976 0
5981 2997 0
5981 3043 0
5981 4339 0
5981 4664 0
5981 13284 0
5981 5620 1
5981 5981 0
5981 6065 0
5981 6582 0
5981 6739 0
5981 7858 0
5981 16297 0
5981 16308 0
3884 6739 0
3884 7858 0
3884 3884 0
3884 869 0
3884 4524 0
3884 4525 0
3884 2500 0
3884 1004 0
3884 5620 1
3884 1022 0
4520 1620 0
4520 4520 0
4520 4521 0
4520 5620 1
4521 4521 0
4521 5620 1
4524 4339 0
4524 4524 0
4524 4525 0
4524 2500 0
4524 6739 0
4524 2997 0
4524 1022 0
4524 1620 0
4524 1869 0
4525 2997 0
4525 4339 0
4525 1869 0
6062 1620 0
6062 4550 0
6062 4339 0
6062 3036 0
6062 1882 1
6062 4560 0
6062 3043 0
6063 6063 0
6063 1620 0
6065 2601 0
6065 2997 0
6065 1022 0
6065 1472 0
6065 16297 0
6065 6065 0
4339 4681 0
4339 1620 0
4339 5247 0
4339 3801 0
4339 1882 1
4339 3036 0
16308 2601 0
16308 13284 0
16308 1022 0
16308 1930 0
16308 1472 0
16308 16308 0
16308 7858 0
2997 7858 0
2997 2601 0
2997 4681 0
2997 1022 0
2997 1472 0
2997 2997 0
2997 16297 0
6582 6582 0
4681 4681 0
4681 1620 0
4681 5247 0
4681 3801 0
4681 4664 0
4681 3010 0
4681 3036 0
4681 1022 0
2601 2601 0
2601 6739 0
2601 869 0
2601 5247 0
2601 1620 0
2601 7858 0
5247 3036 0
5247 1620 0
5247 4550 0
5247 1882 1
5247 3010 0
5247 4553 0
5247 4555 0
5247 1022 0
1472 6739 0
1472 1620 0
2976 6739 0
2976 2976 0
2976 4555 0
2976 5620 1
3010 3010 0
3010 1620 0
2500 6293 0
2500 4555 0
2500 3043 0
2500 2500 0
2500 16367 0
4550 4550 0
4550 4551 0
4550 4553 0
4550 4555 0
4550 4560 0
4550 4566 0
4550 3036 0
4550 3043 0
4550 3045 0
4550 5202 0
4550 1620 0
4551 3801 0
4551 4553 0
4551 4555 0
4551 4560 0
4551 4551 0
4551 3036 0
4551 3043 0
4551 3045 0
4551 5202 0
4551 1620 0
4664 4664 0
4664 13284 0
4553 6972 0
4553 5620 1
4553 4553 0
4553 4555 0
6293 1882 1
4555 5202 0
4555 1620 0
4555 4555 0
4555 4560 0
4555 3043 0
4555 3045 0
4555 5620 1
6604 13055 0
6604 1930 0
6604 13284 0
6604 1022 0
16845 16845 0
16845 16297 0
1869 1869 0
1869 1882 1
4560 5202 0
4560 1620 0
4560 869 0
4560 4560 0
4560 5620 1
16297 1620 0
16297 3801 0
1882 3801 1
1882 1882 2
1882 15138 1
1882 3036 1
1882 869 1
4566 1620 0
4566 4566 0
4566 6739 0
4566 5620 1
7858 6739 0
7858 1620 0
7858 869 0
7858 7858 0
7858 3043 0
15138 5620 1
3036 1620 0
3036 3801 0
3036 3036 0
4575 4575 0
4575 1004 0
3043 6972 0
3043 869 0
3043 3043 0
3043 3045 0
3043 5202 0
3043 16367 0
13284 1620 0
13284 13055 0
13284 1930 0
13284 1022 0
3801 1620 0
1004 1620 0
1004 1004 0
5202 5620 1
5202 5202 0
5202 1620 0
1930 1620 0
16367 16367 0
6739 6739 0
6739 1022 0
5620 5620 2
5620 1022 1
812 1620 0
869 869 0
4088 4088 0
1620 1620 0
13055 13055 0
1022 1022 0
