2048 2048 0
2048 16388 0
2048 20 0
2048 6165 0
2048 6167 0
2048 53 0
2048 16444 0
2048 8254 0
2048 8267 0
2048 2249 0
2048 237 0
2048 16308 0
2048 2338 0
2048 4409 0
2048 2375 0
2048 6543 0
2048 4547 0
2048 2594 0
2048 2599 0
2048 2600 0
2048 2604 0
2048 2606 0
2048 6737 0
2048 6738 0
2048 6739 0
2048 6740 0
2048 6741 0
2048 4746 1
2048 2718 0
2048 8867 0
2048 2724 0
2048 8875 0
2048 8933 0
2048 8934 0
2048 832 0
2048 4956 0
2048 861 0
2048 4958 0
2048 5026 0
2048 2997 0
2048 13355 0
2048 4957 0
2048 13512 0
2048 3283 1
2048 1259 0
2048 3408 0
2048 3426 0
2048 1383 0
2048 1388 0
2048 19879 0
2048 1472 0
2048 1824 0
2048 15888 0
2048 1680 0
2048 1687 0
2048 16031 0
2048 3782 0
2048 1741 0
2048 7893 0
2048 3802 0
2048 1765 0
2048 3927 0
2048 5981 0
2048 5994 0
2048 3978 0
2048 3986 0
2048 1943 0
2048 6065 0
2048 6068 0
2048 2722 0
16388 6165 0
16388 6167 0
16388 10286 0
16388 16444 0
16388 8254 0
16388 8267 0
16388 1388 0
16388 6378 0
16388 237 0
16388 238 0
16388 4461 0
16388 6543 0
16388 2458 0
16388 6573 0
16388 6584 0
16388 6586 0
16388 16900 0
16388 6669 0
16388 2594 0
16388 2596 0
16388 4647 0
16388 2600 0
16388 2602 0
16388 2604 0
16388 2606 0
16388 15431 0
16388 8768 0
16388 6737 0
16388 6738 0
16388 6739 0
16388 6740 0
16388 6741 0
16388 2714 0
16388 2718 0
16388 2722 0
16388 2724 0
16388 8879 0
16388 8886 0
16388 19135 0
16388 8933 0
16388 8934 0
16388 4864 0
16388 13061 0
16388 17552 0
16388 4916 0
16388 821 0
16388 6977 0
16388 4956 0
16388 4957 0
16388 4958 0
16388 4971 0
16388 3561 0
16388 832 0
16388 17363 0
16388 861 0
16388 5220 0
16388 7300 0
16388 13512 0
16388 3283 1
16388 3284 0
16388 7438 0
16388 5392 0
16388 5395 1
16388 13631 0
16388 5464 0
16388 1371 0
16388 3429 0
16388 1383 0
16388 3446 0
16388 19879 0
16388 7678 0
16388 15888 0
16388 6403 0
16388 1653 0
16388 3729 0
16388 16031 0
16388 7861 0
16388 15988 0
16388 3782 0
16388 7893 0
16388 3802 0
16388 7945 0
16388 8065 0
16388 3978 0
16388 3986 0
16388 18332 0
16388 12954 0
16388 16292 0
16388 16295 0
16388 10152 0
16388 8112 0
16388 16308 0
16388 8185 0
20 20 0
20 2069 0
20 8254 0
20 117 0
20 6165 0
20 138 0
20 6378 0
20 4339 0
20 2338 0
20 4403 0
20 4409 0
20 4547 0
20 453 1
20 561 0
20 563 0
20 2718 0
20 8867 0
20 2724 0
20 719 0
20 4822 0
20 827 0
20 861 0
20 865 0
20 869 0
20 3043 0
20 1058 0
20 1170 0
20 1259 0
20 5432 0
20 5464 0
20 1371 0
20 5469 0
20 5487 0
20 3446 0
20 1620 0
20 1667 1
20 1687 0
20 1714 0
20 1728 1
20 3782 0
20 1741 0
20 7893 0
20 5855 0
20 1765 0
20 5981 0
20 1927 1
20 3986 0
20 1957 0
20 8112 0
6165 2069 0
6165 53 0
6165 65 0
6165 6165 0
6165 263 0
6165 8467 0
6165 2338 0
6165 4647 0
6165 337 0
6165 4465 0
6165 383 0
6165 2458 0
6165 4524 0
6165 4534 0
6165 6586 0
6165 4547 0
6165 4553 0
6165 19879 0
6165 2594 0
6165 2599 0
6165 2600 0
6165 2602 0
6165 2604 0
6165 2606 0
6165 561 0
6165 6739 0
6165 6740 0
6165 6741 0
6165 6792 0
6165 2714 0
6165 2718 0
6165 2722 0
6165 8879 0
6165 6867 0
6165 4864 0
6165 832 0
6165 861 0
6165 21378 0
6165 13200 0
6165 2997 0
6165 9173 0
6165 1022 0
6165 5204 0
6165 5220 0
6165 5254 0
6165 3246 0
6165 13512 0
6165 3283 1
6165 3284 0
6165 1259 0
6165 5464 0
6165 1371 0
6165 3426 0
6165 1383 0
6165 1388 0
6165 5494 0
6165 8768 0
6165 7064 0
6165 5529 0
6165 1472 0
6165 7633 0
6165 3561 0
6165 16308 0
6165 7740 0
6165 1620 0
6165 1680 0
6165 3745 0
6165 7893 0
6165 3802 0
6165 5855 0
6165 5856 0
6165 1765 0
6165 18179 0
6165 1824 0
6165 3929 0
6165 5981 0
6165 8065 0
6165 1927 1
6165 3978 0
6165 3986 0
6165 1943 0
6165 18332 0
6165 12954 0
6165 10152 0
6165 8112 0
6165 6065 0
6165 6068 0
6165 16031 0
6165 8867 0
6165 2724 0
6165 8185 0
6167 4624 0
6167 6167 0
6167 16900 0
6167 13061 0
6167 8065 0
6167 2600 0
6167 2602 0
6167 2604 0
6167 10286 0
6167 7945 0
6167 16444 0
6167 8267 0
6167 6739 0
6167 5220 0
6167 5395 1
6167 7300 0
6167 4461 0
6167 17552 0
6167 7861 0
6167 8886 0
6167 15988 0
6167 3283 1
6167 7893 0
6167 8918 0
6167 1765 0
6167 8934 0
6167 8941 0
6167 8438 0
6167 4354 1
6167 6403 0
6167 7438 0
6167 5392 0
6167 4371 0
6167 306 0
6167 6977 0
6167 8933 0
6167 1383 0
6167 1388 0
6167 832 0
6167 6543 0
6167 3986 0
6167 1943 0
6167 12954 0
6167 16295 0
6167 10152 0
6167 6573 0
6167 6065 0
6167 16308 0
6167 2997 0
6167 6584 0
6167 5569 0
6167 17363 0
6167 3561 0
6167 7678 0
10286 8254 0
10286 8267 0
10286 2171 0
10286 1388 0
10286 6378 0
10286 8467 0
10286 6543 0
10286 8933 0
10286 4461 0
10286 6573 0
10286 16900 0
10286 2594 0
10286 2596 0
10286 2600 0
10286 2604 0
10286 2606 0
10286 12954 0
10286 8886 0
10286 8934 0
10286 832 0
10286 15431 0
10286 5220 0
10286 7300 0
10286 17552 0
10286 3283 1
10286 7438 0
10286 5392 0
10286 5395 1
10286 1383 0
10286 3446 0
10286 1400 1
10286 3561 0
10286 7678 0
10286 15888 0
10286 6403 0
10286 7861 0
10286 15988 0
10286 5818 0
10286 3782 0
10286 5855 0
10286 7945 0
10286 3986 0
10286 16295 0
53 53 0
53 65 0
53 68 0
53 117 0
53 2338 0
53 4409 0
53 12619 0
53 337 0
53 4464 0
53 4465 0
53 2458 0
53 2500 0
53 6604 0
53 19879 0
53 4624 0
53 2594 0
53 2596 0
53 2599 0
53 2606 0
53 8768 0
53 6740 0
53 6741 0
53 2718 0
53 2722 0
53 8867 0
53 2724 0
53 8875 0
53 17086 0
53 2762 0
53 719 0
53 6867 0
53 5253 0
53 821 0
53 4956 0
53 4957 0
53 4958 0
53 873 0
53 7064 0
53 935 0
53 2997 0
53 9173 0
53 1016 0
53 1022 0
53 861 0
53 5245 0
53 13200 0
53 1170 0
53 3283 1
53 3354 0
53 1335 0
53 5464 0
53 5469 0
53 1383 0
53 1388 0
53 5487 0
53 3446 0
53 5529 0
53 7584 0
53 6739 0
53 11236 0
53 7721 0
53 7741 0
53 1653 0
53 1667 1
53 1680 0
53 3729 0
53 1687 0
53 16031 0
53 3745 0
53 3753 0
53 3759 0
53 1714 0
53 1741 0
53 3802 0
53 5855 0
53 5865 0
53 5866 1
53 17363 0
53 7986 0
53 3927 0
53 3929 0
53 5981 0
53 1927 1
53 3978 0
53 1943 0
53 6065 0
53 6068 0
53 6078 0
16444 3757 0
16444 15888 0
16444 561 0
16444 8768 0
16444 8296 0
16444 1653 0
16444 1667 1
16444 4746 1
16444 16900 0
16444 8879 0
16444 4803 0
16444 8886 0
16444 1741 0
16444 3802 0
16444 17363 0
16444 8934 0
16444 6378 0
16444 15988 0
16444 4864 0
16444 6403 0
16444 5392 0
16444 4371 0
16444 18732 0
16444 4916 0
16444 16292 0
16444 6977 0
16444 2375 0
16444 8467 0
16444 6068 0
16444 1359 0
16444 1765 0
16444 1383 0
16444 16444 0
16444 5994 0
16444 1388 0
16444 5494 0
16444 3978 0
16444 935 0
16444 10152 0
16444 13619 0
16444 1472 0
16444 2500 0
16444 3753 0
16444 8185 0
16444 7678 0
8254 15888 0
8254 5464 0
8254 16900 0
8254 2594 0
8254 2596 0
8254 2599 0
8254 2600 0
8254 2604 0
8254 2606 0
8254 5981 0
8254 8267 0
8254 6737 0
8254 6739 0
8254 6741 0
8254 869 0
8254 1383 0
8254 1170 0
8254 12954 0
8254 16031 0
8254 13474 0
8254 3757 0
8254 7861 0
8254 8886 0
8254 5494 0
8254 3782 0
8254 1741 0
8254 3283 1
8254 7893 0
8254 3802 0
8254 4864 0
8254 13061 0
8254 8065 0
8254 5392 0
8254 5395 1
8254 13512 0
8254 2338 0
8254 4916 0
8254 4409 0
8254 832 0
8254 6977 0
8254 4956 0
8254 4957 0
8254 4958 0
8254 17552 0
8254 3426 0
8254 3429 0
8254 1388 0
8254 6543 0
8254 15988 0
8254 3986 0
8254 1943 0
8254 5529 0
8254 2458 0
8254 19879 0
8254 18332 0
8254 15431 0
8254 6573 0
8254 6065 0
8254 16308 0
8254 2997 0
8254 6078 0
8254 2500 0
8254 8185 0
8254 3043 0
8254 6740 0
65 9222 0
65 1197 0
65 4624 0
65 4636 1
65 13061 0
65 7721 0
65 13355 0
65 16308 0
65 68 0
65 14925 0
65 1620 0
65 10596 0
65 1653 0
65 10894 0
65 2714 0
65 3745 0
65 2722 0
65 694 0
65 19135 0
65 3757 0
65 2762 0
65 1741 0
65 3814 0
65 5865 0
65 5866 1
65 5868 0
65 6388 0
65 7414 0
65 7893 0
65 9477 0
65 263 0
65 21378 0
65 16663 0
65 5253 0
65 2338 0
65 15150 0
65 821 0
65 12600 0
65 843 0
65 1359 0
65 3929 0
65 3426 0
65 356 0
65 873 0
65 3950 0
65 4464 0
65 8065 0
65 1259 0
65 1927 1
65 6536 0
65 13200 0
65 3986 0
65 1943 0
65 7064 0
65 8112 0
65 6065 0
65 6068 0
65 2997 0
65 3008 0
65 12619 0
65 6604 0
65 9173 0
65 3043 0
68 4624 0
68 68 0
68 19135 0
68 2714 0
68 3740 1
68 8867 0
68 12479 0
68 5865 0
68 5866 1
68 5868 0
68 6536 0
8886 8267 0
8886 1388 0
8886 3782 0
8886 237 0
8886 238 0
8886 337 0
8886 4461 0
8886 6543 0
8886 6573 0
8886 6584 0
8886 4547 0
8886 16900 0
8886 6669 0
8886 2594 0
8886 2596 0
8886 2600 0
8886 2602 0
8886 2604 0
8886 2606 0
8886 8768 0
8886 6739 0
8886 12954 0
8886 2724 0
8886 8879 0
8886 8933 0
8886 8934 0
8886 4916 0
8886 832 0
8886 4956 0
8886 4957 0
8886 4958 0
8886 17552 0
8886 4971 0
8886 11236 0
8886 13355 0
8886 15431 0
8886 5220 0
8886 7300 0
8886 13512 0
8886 7438 0
8886 5392 0
8886 5395 1
8886 1335 0
8886 1383 0
8886 5529 0
8886 1472 0
8886 7633 0
8886 3561 0
8886 7678 0
8886 15888 0
8886 6403 0
8886 3354 0
8886 16031 0
8886 3757 0
8886 7861 0
8886 15988 0
8886 7893 0
8886 5855 0
8886 5865 0
8886 5866 1
8886 18179 0
8886 7945 0
8886 8065 0
8886 3978 0
8886 3986 0
8886 18332 0
8886 16292 0
8886 16295 0
8886 10152 0
8886 16308 0
14407 6536 0
14407 5392 0
14407 5395 1
14407 185 0
14407 7867 1
14407 873 0
14407 1016 0
8267 15888 0
8267 8879 0
8267 2594 0
8267 2596 0
8267 2600 0
8267 13355 0
8267 2604 0
8267 2606 0
8267 16308 0
8267 15431 0
8267 6739 0
8267 5220 0
8267 8296 0
8267 8467 0
8267 1653 0
8267 7300 0
8267 16900 0
8267 17552 0
8267 5487 0
8267 16031 0
8267 7861 0
8267 4803 0
8267 3782 0
8267 1741 0
8267 3283 1
8267 1765 0
8267 8934 0
8267 6403 0
8267 263 0
8267 7945 0
8267 7438 0
8267 5392 0
8267 5395 1
8267 832 0
8267 3927 0
8267 861 0
8267 1383 0
8267 1388 0
8267 4461 0
8267 6543 0
8267 15988 0
8267 3986 0
8267 12954 0
8267 935 0
8267 6573 0
8267 6586 0
8267 1472 0
8267 4547 0
8267 3561 0
8267 16295 0
8267 8933 0
8267 7678 0
13667 5646 1
13667 11294 0
13667 8299 0
13667 8300 0
13667 3182 0
13667 13667 0
13667 13512 0
13667 4311 1
13667 8918 0
13667 5395 1
13667 8467 0
13667 7051 0
10596 263 0
10596 1674 0
10596 1927 1
10596 2249 0
10596 6604 0
10596 719 0
10596 9173 0
10596 5464 0
10596 1359 0
10596 21343 0
10596 5866 1
8296 2599 0
8296 2606 0
8296 1667 1
8296 2714 0
8296 3757 0
8296 17363 0
8296 7438 0
8296 4916 0
8296 13631 0
8296 861 0
8296 1383 0
8296 1400 1
8296 832 0
8296 15276 0
8296 6068 0
8296 2500 0
8296 7678 0
8299 18277 0
8299 12840 0
8299 8299 0
8299 8300 0
8299 11294 0
8299 19641 0
8299 4311 1
8299 13528 0
8299 5395 1
8299 7051 0
8299 11210 0
8300 11294 0
8300 12840 0
8300 4311 1
8300 5395 1
8300 7051 0
8300 3469 0
18543 5729 1
18543 3986 0
18543 1957 0
18543 2599 0
18543 2600 0
18543 2375 0
18543 6068 0
18543 3283 1
18543 3284 0
18543 2724 0
18543 1680 0
18543 3043 0
117 19879 0
117 6669 0
117 2069 0
117 13061 0
117 4957 0
117 561 0
117 5204 0
117 1653 0
117 4971 0
117 5254 0
117 1687 0
117 16031 0
117 698 0
117 117 0
117 1728 1
117 6792 0
117 1741 0
117 3283 1
117 3802 0
117 7986 0
117 5855 0
117 1765 0
117 1259 0
117 7893 0
117 4403 0
117 5432 0
117 4409 0
117 827 0
117 8467 0
117 3927 0
117 861 0
117 4956 0
117 5994 0
117 3986 0
117 8065 0
117 7053 0
117 5469 0
117 1943 0
117 2458 0
117 4958 0
117 8112 0
117 6065 0
117 16308 0
117 2997 0
117 6078 0
117 7414 0
117 4547 0
117 2500 0
117 7633 0
117 3043 0
117 4551 0
117 3561 0
117 3574 0
117 8185 0
6266 6078 0
6266 1667 1
6266 4916 0
6266 6977 0
6266 1615 0
6266 3283 1
6266 3284 0
6266 3561 0
6266 5994 0
6266 1653 0
6266 6266 0
6266 6378 0
19135 6669 0
19135 2069 0
19135 2596 0
19135 2599 0
19135 2606 0
19135 5204 0
19135 18332 0
19135 3740 1
19135 3782 0
19135 2594 0
19135 3802 0
19135 2604 0
19135 5395 1
19135 821 0
19135 3429 0
19135 1383 0
19135 1927 1
19135 3978 0
19135 19879 0
4223 4636 1
4223 6740 0
4223 7300 0
4223 3729 0
4223 4311 1
4223 5395 1
4223 2338 0
4223 6792 0
4223 5432 0
4223 7051 0
4223 4956 0
4223 18277 0
4223 1927 1
4223 1957 0
4223 6078 0
4223 2500 0
4223 8185 0
138 9222 0
138 4956 0
138 13355 0
138 5469 0
138 11840 0
138 14925 0
138 1620 0
138 10894 0
138 1170 0
138 2714 0
138 3745 0
138 1714 0
138 238 0
138 8438 0
138 4354 1
138 9477 0
138 263 0
138 2338 0
138 15150 0
138 1335 0
138 12600 0
138 1359 0
138 337 0
138 4957 0
138 4958 0
138 3426 0
138 3950 0
138 1927 1
138 3986 0
138 1943 0
138 6065 0
138 2997 0
138 11236 0
138 6739 0
138 1022 0
2201 8473 1
2201 2201 2
2201 15388 1
2201 4647 1
2201 719 1
2201 21343 1
2201 20710 1
2201 10106 1
185 6739 0
185 1620 0
185 16031 0
185 694 0
185 3283 1
185 18227 0
185 3408 0
185 21343 0
185 8112 0
185 453 1
185 10661 0
12479 5865 0
12479 5866 1
12479 13631 0
12479 3740 1
5494 2594 0
5494 13355 0
5494 861 0
5494 6737 0
5494 6739 0
5494 6740 0
5494 6741 0
5494 1653 0
5494 1667 1
5494 1674 0
5494 16031 0
5494 3745 0
5494 1765 0
5494 5866 1
5494 3802 0
5494 4916 0
5494 5981 0
5494 5494 0
5494 3986 0
5494 1943 0
5494 2458 0
5494 19879 0
5494 8112 0
5494 6078 0
5494 11236 0
2249 9222 0
2249 1620 0
2249 1149 1
2249 5254 0
2249 3745 0
2249 2249 0
2249 6867 0
2249 13061 0
2249 16663 0
2249 1359 0
2249 9064 0
2249 3950 0
2249 3446 0
2249 1927 1
2249 3986 0
2249 356 0
2249 9173 0
4311 11294 1
4311 12840 1
4311 21045 1
4311 3182 1
4311 19641 1
4311 8918 1
4311 13528 1
4311 5856 1
4311 1765 1
4311 3354 1
4311 18732 1
4311 306 1
4311 9534 1
4311 18277 1
4311 7051 1
4311 19368 1
4311 18364 1
4311 11210 1
20710 561 0
20710 453 1
20710 869 0
20710 6378 0
6378 4624 0
6378 4636 1
6378 2600 0
6378 13355 0
6378 13356 0
6378 4957 0
6378 561 0
6378 8779 0
6378 6738 0
6378 6739 0
6378 6792 0
6378 4461 0
6378 8768 0
6378 3745 0
6378 8875 0
6378 1728 1
6378 3283 1
6378 3802 0
6378 1765 0
6378 6378 0
6378 8941 0
6378 4822 0
6378 4371 0
6378 3354 0
6378 4916 0
6378 5855 0
6378 4925 0
6378 13631 0
6378 6977 0
6378 1359 0
6378 8016 0
6378 4956 0
6378 861 0
6378 3429 0
6378 1388 0
6378 3446 0
6378 8065 0
6378 3986 0
6378 7064 0
6378 5026 0
6378 4958 0
6378 5981 0
6378 8112 0
6378 1472 0
6378 6604 0
6378 6737 0
237 8879 0
237 11236 0
237 2594 0
237 2600 0
237 2602 0
237 2606 0
237 16292 0
237 16308 0
237 8768 0
237 6738 0
237 1620 0
237 6741 0
237 6584 0
237 15988 0
237 1653 0
237 1667 1
237 6792 0
237 18332 0
237 2718 0
237 16031 0
237 2722 0
237 2724 0
237 3782 0
237 1741 0
237 3283 1
237 7893 0
237 3802 0
237 8112 0
237 237 0
237 238 0
237 4648 0
237 4864 0
237 2338 0
237 5529 0
237 5855 0
237 6977 0
237 3929 0
237 3426 0
237 3429 0
237 4971 0
237 1388 0
237 3986 0
237 3978 0
237 6867 0
237 1943 0
237 5026 0
237 2997 0
237 8875 0
237 7633 0
237 6737 0
237 3561 0
237 19879 0
237 10152 0
237 6739 0
237 1016 0
237 6740 0
238 8112 0
238 2600 0
238 2606 0
238 8768 0
238 6738 0
238 6741 0
238 9064 0
238 1667 1
238 6792 0
238 1388 0
238 16031 0
238 2722 0
238 2724 0
238 8879 0
238 4648 0
238 3283 1
238 13061 0
238 2338 0
238 306 0
238 3408 0
238 3426 0
238 4971 0
238 3986 0
238 8065 0
238 3978 0
238 6867 0
238 2458 0
238 10152 0
238 18332 0
238 17323 0
238 6584 0
238 7633 0
238 16292 0
238 6739 0
238 1016 0
4339 2596 0
4339 2606 0
4339 5469 0
4339 1078 1
4339 1620 0
4339 4803 0
4339 3264 1
4339 4371 0
4339 2338 0
4339 719 0
4339 7633 0
4339 5866 1
4339 8467 0
4339 3986 0
4339 1927 1
4339 13200 0
4339 5981 0
4339 4524 0
4339 4534 0
4339 19879 0
6388 9222 0
6388 9477 0
6388 14925 0
6388 1653 0
6388 5253 0
6388 6792 0
6388 1674 0
6388 10894 0
6388 3729 0
6388 3745 0
6388 3759 0
6388 694 0
6388 696 0
6388 17086 0
6388 5866 1
6388 7414 0
6388 13061 0
6388 21378 0
6388 16663 0
6388 8473 0
6388 15150 0
6388 7986 0
6388 12600 0
6388 12619 0
6388 1359 0
6388 5464 0
6388 356 0
6388 3950 0
6388 4464 0
6388 1927 1
6388 7064 0
6388 15807 0
6388 6604 0
6388 9173 0
8438 18003 1
8438 1149 1
8438 2718 0
8438 696 0
8438 2470 0
4354 4354 2
4354 5569 1
4354 2069 1
4354 18332 1
4354 10527 1
4354 2594 1
4354 2602 1
4354 6078 1
4354 8768 1
4354 8016 1
4354 5204 1
4354 3802 1
4354 9571 1
4354 3046 1
6403 5220 0
6403 1653 0
6403 1667 1
6403 7300 0
6403 16900 0
6403 2724 0
6403 3757 0
6403 7861 0
6403 15988 0
6403 13512 0
6403 7893 0
6403 8933 0
6403 8934 0
6403 6403 0
6403 8065 0
6403 7945 0
6403 7438 0
6403 5392 0
6403 5395 1
6403 2338 0
6403 4916 0
6403 6977 0
6403 861 0
6403 17552 0
6403 1383 0
6403 1388 0
6403 4461 0
6403 5487 0
6403 832 0
6403 6543 0
6403 3986 0
6403 1943 0
6403 5529 0
6403 12954 0
6403 16295 0
6403 6573 0
6403 6065 0
6403 16308 0
6403 2997 0
6403 3561 0
6403 7678 0
4822 561 0
4822 5855 0
4822 5729 1
4822 9064 0
4822 3729 0
4822 1687 0
4822 1197 0
4822 703 0
4822 2338 0
4822 1741 0
4822 3283 1
4822 4822 0
4822 3802 0
4822 4371 0
4822 5432 0
4822 827 0
4822 861 0
4822 865 0
4822 869 0
4822 5994 0
4822 3446 0
4822 3986 0
4822 1957 0
4822 4524 0
4822 2500 0
4822 3043 0
4822 19879 0
263 2594 0
263 2600 0
263 4957 0
263 8867 0
263 694 0
263 5729 1
263 15988 0
263 1688 0
263 4803 0
263 3782 0
263 5855 0
263 3814 0
263 1259 0
263 5868 0
263 18179 0
263 263 0
263 2338 0
263 1371 0
263 861 0
263 3429 0
263 915 0
263 21378 0
263 1927 1
263 7064 0
263 16292 0
263 5981 0
263 4524 0
263 9173 0
263 3046 0
263 8185 0
8466 3986 0
8466 3354 0
8466 10661 0
8466 18227 0
8466 3283 1
8466 18294 1
8467 2069 0
8467 2171 0
8467 4647 0
8467 4409 0
8467 4524 0
8467 4534 0
8467 6584 0
8467 2594 0
8467 2596 0
8467 2599 0
8467 2604 0
8467 8768 0
8467 6737 0
8467 6739 0
8467 6740 0
8467 6741 0
8467 2718 0
8467 2722 0
8467 2724 0
8467 4803 0
8467 719 0
8467 6867 0
8467 8941 0
8467 4864 0
8467 6977 0
8467 873 0
8467 4971 0
8467 2938 0
8467 2976 0
8467 5026 0
8467 15276 0
8467 3782 0
8467 13355 0
8467 5220 0
8467 5253 0
8467 3283 1
8467 19879 0
8467 1259 0
8467 4648 0
8467 7414 0
8467 13619 0
8467 5432 0
8467 1371 0
8467 1388 0
8467 5487 0
8467 7064 0
8467 5569 0
8467 7633 0
8467 7678 0
8467 8467 0
8467 1667 1
8467 16031 0
8467 3759 0
8467 7861 0
8467 5856 0
8467 9173 0
8467 18227 0
8467 15888 0
8467 8016 0
8467 5981 0
8467 5994 0
8467 16308 0
8467 1022 0
16663 568 0
16663 694 0
16663 15807 0
16663 5253 0
16663 1674 0
16663 10894 0
16663 3757 0
16663 696 0
16663 719 0
16663 5865 0
16663 5866 1
16663 1359 0
16663 5464 0
16663 21343 0
16663 4465 0
16663 1927 1
16663 6604 0
16663 9173 0
16663 3046 0
16663 17086 0
16663 1022 0
8473 15712 0
8473 2493 0
8473 1667 1
8473 5254 0
8473 7867 1
8473 8473 0
8473 3043 0
8473 3561 0
16666 8779 1
16666 18332 1
10527 3986 0
10527 7187 1
10527 18332 0
10527 2724 0
10527 4916 0
10527 6078 0
10527 383 0
10527 9571 0
10527 4371 0
10527 1653 0
10527 12028 0
2338 2069 0
2338 2338 0
2338 4403 0
2338 4409 0
2338 4464 0
2338 4465 0
2338 6543 0
2338 6604 0
2338 6669 0
2338 2594 0
2338 2596 0
2338 2599 0
2338 2600 0
2338 2602 0
2338 2604 0
2338 4658 0
2338 563 0
2338 8768 0
2338 6739 0
2338 2714 0
2338 2718 0
2338 2722 0
2338 8867 0
2338 2724 0
2338 696 0
2338 17086 0
2338 6867 0
2338 4855 0
2338 4971 0
2338 2997 0
2338 9173 0
2338 1022 0
2338 1058 0
2338 5981 0
2338 3182 0
2338 5245 0
2338 5253 0
2338 5254 0
2338 1170 0
2338 1197 0
2338 12830 0
2338 3283 1
2338 7414 0
2338 2606 0
2338 3354 0
2338 13619 0
2338 1335 0
2338 5432 0
2338 1359 0
2338 5464 0
2338 5469 0
2338 3426 0
2338 1383 0
2338 1388 0
2338 4547 0
2338 7064 0
2338 19879 0
2338 1472 0
2338 1615 0
2338 1620 0
2338 5729 1
2338 15988 0
2338 1653 0
2338 1674 0
2338 1680 0
2338 1687 0
2338 3745 0
2338 3753 0
2338 3757 0
2338 1714 0
2338 1741 0
2338 3802 0
2338 5865 0
2338 5866 1
2338 3927 0
2338 5994 0
2338 7633 0
2338 6065 0
2338 1927 1
2338 3986 0
2338 1943 0
2338 12954 0
2338 10152 0
2338 6068 0
18732 4524 0
18732 12840 0
18732 6739 0
18732 6740 0
18732 6741 0
18732 1667 1
18732 5254 0
18732 3729 0
18732 1688 0
18732 16031 0
18732 18732 0
18732 4916 0
18732 5981 0
18732 1388 0
18732 2938 0
18732 3986 0
18732 11210 0
18732 3561 0
306 6792 0
306 5818 0
306 3782 0
306 5395 1
306 306 0
306 8933 0
306 5994 0
306 3446 0
306 8185 0
4403 4956 0
4403 4957 0
4403 6739 0
4403 6741 0
4403 3729 0
4403 8875 0
4403 1728 1
4403 4864 0
4403 861 0
4403 4916 0
4403 827 0
4403 5469 0
4403 4958 0
4403 1388 0
4403 3986 0
4403 453 1
12600 1714 0
12600 15807 0
12600 5253 0
12600 3753 0
12600 3757 0
12600 3759 0
12600 694 0
12600 696 0
12600 5818 0
12600 17086 0
12600 5865 0
12600 5866 1
12600 5868 0
12600 7414 0
12600 1335 0
12600 1359 0
12600 5464 0
12600 4464 0
12600 4465 0
12600 1927 1
12600 5569 0
12600 6604 0
12600 9173 0
12600 3046 0
12600 1022 0
4409 4409 0
4409 2458 0
4409 6586 0
4409 4547 0
4409 4551 0
4409 4864 0
4409 16900 0
4409 2600 0
4409 2606 0
4409 561 0
4409 6738 0
4409 6740 0
4409 8875 0
4409 13061 0
4409 827 0
4409 6977 0
4409 4956 0
4409 861 0
4409 17363 0
4409 11236 0
4409 13355 0
4409 869 0
4409 8768 0
4409 13512 0
4409 5395 1
4409 1371 0
4409 5469 0
4409 3426 0
4409 1388 0
4409 5569 0
4409 3561 0
4409 7740 0
4409 1653 0
4409 1687 0
4409 16031 0
4409 1728 1
4409 1741 0
4409 7893 0
4409 3802 0
4409 1765 0
4409 18227 0
4409 3927 0
4409 5981 0
4409 3729 0
4409 3986 0
4409 16308 0
4409 6078 0
4409 6141 0
2375 2069 0
2375 13061 0
2375 2604 0
2375 1076 1
2375 1078 1
2375 16308 0
2375 1620 0
2375 12887 0
2375 3008 0
2375 1741 0
2375 719 0
2375 7893 0
2375 18227 0
2375 827 0
2375 4925 0
2375 2375 0
2375 861 0
2375 3426 0
2375 3446 0
2375 1927 1
2375 3986 0
2375 13220 0
2375 2724 0
12619 1714 0
12619 694 0
12619 5253 0
12619 1674 0
12619 10894 0
12619 2718 0
12619 3745 0
12619 3753 0
12619 3759 0
12619 696 0
12619 17086 0
12619 5865 0
12619 5866 1
12619 5868 0
12619 9173 0
12619 1335 0
12619 1359 0
12619 5464 0
12619 4464 0
12619 4465 0
12619 1927 1
12619 6604 0
12619 1022 0
337 3757 0
337 2594 0
337 2604 0
337 2606 0
337 5981 0
337 1620 0
337 7300 0
337 2718 0
337 3782 0
337 3753 0
337 4551 0
337 1197 0
337 3802 0
337 5868 0
337 8867 0
337 1824 0
337 2976 0
337 5855 0
337 1674 0
337 337 0
337 5464 0
337 5469 0
337 3446 0
337 21378 0
337 1927 1
337 3978 0
337 2458 0
337 12954 0
337 19879 0
337 10152 0
337 6584 0
337 453 1
337 3745 0
337 3043 0
337 8176 0
337 5204 0
337 1022 0
356 16941 0
356 694 0
356 15807 0
356 5253 0
356 10894 0
356 3757 0
356 3759 0
356 1714 0
356 696 0
356 5818 0
356 17086 0
356 719 0
356 5865 0
356 5866 1
356 9173 0
356 13619 0
356 1335 0
356 1359 0
356 5464 0
356 1927 1
356 915 0
356 7064 0
356 6604 0
356 1022 0
4461 16900 0
4461 13355 0
4461 19879 0
4461 8934 0
4461 5220 0
4461 7300 0
4461 17552 0
4461 16031 0
4461 1197 0
4461 7861 0
4461 3283 1
4461 1765 0
4461 7945 0
4461 7438 0
4461 5392 0
4461 5395 1
4461 8933 0
4461 1383 0
4461 1388 0
4461 5487 0
4461 832 0
4461 3978 0
4461 6543 0
4461 15988 0
4461 3986 0
4461 2458 0
4461 12954 0
4461 5026 0
4461 6573 0
4461 4925 0
4461 17363 0
4461 3561 0
4461 16295 0
4461 7678 0
4464 11294 0
4464 2596 0
4464 5981 0
4464 561 0
4464 11840 0
4464 14925 0
4464 6739 0
4464 1383 0
4464 1653 0
4464 5253 0
4464 6792 0
4464 1674 0
4464 10894 0
4464 3745 0
4464 3757 0
4464 3759 0
4464 1714 0
4464 694 0
4464 696 0
4464 5818 0
4464 17086 0
4464 3802 0
4464 5865 0
4464 5866 1
4464 5868 0
4464 9173 0
4464 13355 0
4464 9477 0
4464 7986 0
4464 1335 0
4464 4925 0
4464 6977 0
4464 1359 0
4464 3408 0
4464 3927 0
4464 5464 0
4464 861 0
4464 873 0
4464 1388 0
4464 3950 0
4464 4465 0
4464 1927 1
4464 3469 0
4464 3986 0
4464 7064 0
4464 4524 0
4464 2493 0
4464 6604 0
4464 8185 0
4465 19879 0
4465 4957 0
4465 6741 0
4465 1383 0
4465 1653 0
4465 6792 0
4465 10894 0
4465 3745 0
4465 696 0
4465 5818 0
4465 1741 0
4465 3283 1
4465 2596 0
4465 5855 0
4465 5868 0
4465 9173 0
4465 13355 0
4465 561 0
4465 827 0
4465 4925 0
4465 1359 0
4465 3408 0
4465 3927 0
4465 4956 0
4465 861 0
4465 873 0
4465 4971 0
4465 1927 1
4465 7064 0
4465 5529 0
4465 18332 0
4465 4958 0
4465 4524 0
4465 2493 0
4465 2500 0
4465 6604 0
4465 17363 0
4465 6068 0
4465 8185 0
4465 1022 0
383 1667 1
383 1472 0
383 3283 1
6536 7187 1
6536 2069 0
6536 13355 0
6536 861 0
6536 16308 0
6536 13512 0
6536 5395 1
6536 5487 0
6536 6536 0
6536 6068 0
6543 6669 0
6543 15888 0
6543 16900 0
6543 2594 0
6543 2596 0
6543 2600 0
6543 2604 0
6543 2606 0
6543 7861 0
6543 7945 0
6543 15431 0
6543 6739 0
6543 7438 0
6543 5220 0
6543 1653 0
6543 7300 0
6543 17552 0
6543 2724 0
6543 15988 0
6543 3782 0
6543 13512 0
6543 7893 0
6543 8933 0
6543 8934 0
6543 4648 0
6543 7721 0
6543 5392 0
6543 5395 1
6543 7986 0
6543 1383 0
6543 1388 0
6543 832 0
6543 3978 0
6543 6543 0
6543 12954 0
6543 16295 0
6543 17323 0
6543 6573 0
6543 16308 0
6543 6584 0
6543 6586 0
6543 3561 0
6543 18003 1
6543 7678 0
2458 19879 0
2458 2069 0
2458 2594 0
2458 2596 0
2458 2599 0
2458 561 0
2458 563 0
2458 7740 0
2458 6737 0
2458 6738 0
2458 6739 0
2458 1620 0
2458 6741 0
2458 1653 0
2458 1680 0
2458 4547 0
2458 2718 0
2458 8867 0
2458 8879 0
2458 1741 0
2458 3283 1
2458 3802 0
2458 17363 0
2458 5856 0
2458 4647 0
2458 8185 0
2458 4371 0
2458 13355 0
2458 5569 0
2458 7219 0
2458 4916 0
2458 5855 0
2458 3927 0
2458 1371 0
2458 5981 0
2458 3426 0
2458 3429 0
2458 1388 0
2458 2458 0
2458 453 1
2458 6867 0
2458 3574 0
2458 6740 0
10661 7187 1
10661 5555 0
10661 4719 0
10661 1653 0
10661 1667 1
10661 7867 1
10661 16941 0
10661 18332 0
10661 3008 0
2470 7187 1
2470 13355 0
2470 861 0
2470 7741 0
2470 1667 1
2470 3729 0
2470 16031 0
2470 8867 0
2470 694 0
2470 13512 0
2470 7893 0
2470 7986 0
2470 13061 0
2470 5981 0
2470 3426 0
2470 8065 0
2470 3986 0
2470 1943 0
4524 2171 0
4524 1741 0
4524 4524 0
4524 2500 0
4524 2594 0
4524 2599 0
4524 6739 0
4524 2714 0
4524 2718 0
4524 2722 0
4524 719 0
4524 4925 0
4524 4957 0
4524 915 0
4524 7064 0
4524 19368 0
4524 2997 0
4524 1022 0
4524 1170 0
4524 1259 0
4524 5469 0
4524 1400 1
4524 3561 0
4524 1620 0
4524 5729 1
4524 1667 1
4524 5855 0
4524 1927 1
4524 1957 0
4524 2724 0
6573 15888 0
6573 16900 0
6573 2594 0
6573 2596 0
6573 2600 0
6573 2604 0
6573 2606 0
6573 15431 0
6573 5220 0
6573 7300 0
6573 1388 0
6573 17552 0
6573 7861 0
6573 15988 0
6573 3782 0
6573 13512 0
6573 3283 1
6573 5855 0
6573 1765 0
6573 8934 0
6573 7945 0
6573 7438 0
6573 5392 0
6573 5395 1
6573 8933 0
6573 1383 0
6573 832 0
6573 12954 0
6573 16295 0
6573 6068 0
6573 3561 0
6573 7678 0
4534 2171 0
4534 1765 0
4534 4534 0
4534 2714 0
4534 2718 0
4534 17086 0
4534 873 0
4534 4971 0
4534 915 0
4534 7064 0
4534 5026 0
4534 3008 0
4534 13061 0
4534 3283 1
4534 3284 0
4534 1259 0
4534 7414 0
4534 1335 0
4534 5432 0
4534 5469 0
4534 19879 0
4534 3535 0
4534 3561 0
4534 1620 0
4534 5729 1
4534 1653 0
4534 1687 0
4534 3745 0
4534 5855 0
4534 1927 1
4534 3986 0
6584 6669 0
6584 4648 0
6584 2602 0
6584 2604 0
6584 2606 0
6584 5469 0
6584 1620 0
6584 1667 1
6584 5254 0
6584 1388 0
6584 2722 0
6584 2724 0
6584 3757 0
6584 8879 0
6584 7861 0
6584 3283 1
6584 7893 0
6584 7986 0
6584 2600 0
6584 6867 0
6584 11236 0
6584 4956 0
6584 4957 0
6584 4958 0
6584 8768 0
6584 3978 0
6584 10152 0
6584 18332 0
6584 8112 0
6584 16308 0
6584 6584 0
6584 3561 0
6584 16292 0
6584 16295 0
6584 6739 0
6584 1016 0
6586 6669 0
6586 13061 0
6586 13356 0
6586 861 0
6586 561 0
6586 7740 0
6586 6739 0
6586 1620 0
6586 18332 0
6586 1687 0
6586 453 1
6586 1741 0
6586 7893 0
6586 5856 0
6586 4916 0
6586 4925 0
6586 6977 0
6586 4956 0
6586 4957 0
6586 4958 0
6586 8065 0
6586 3986 0
6586 5529 0
6586 16308 0
6586 6586 0
6586 2500 0
6586 18003 1
2493 861 0
2493 6739 0
2493 1620 0
2493 1653 0
2493 2718 0
2493 2722 0
2493 3283 1
2493 13355 0
2493 5395 1
2493 5432 0
2493 6977 0
2493 4956 0
2493 4957 0
2493 4958 0
2493 8065 0
2493 3986 0
2493 2493 0
2493 2500 0
2493 3043 0
2493 8185 0
4547 6669 0
4547 2069 0
4547 2594 0
4547 13356 0
4547 2606 0
4547 4957 0
4547 561 0
4547 4958 0
4547 16308 0
4547 7740 0
4547 7741 0
4547 6739 0
4547 1620 0
4547 5220 0
4547 1653 0
4547 1667 1
4547 6792 0
4547 3729 0
4547 4803 0
4547 1687 0
4547 2718 0
4547 5529 0
4547 2722 0
4547 8867 0
4547 8879 0
4547 7861 0
4547 3267 0
4547 1741 0
4547 3283 1
4547 7893 0
4547 7986 0
4547 17363 0
4547 5855 0
4547 6867 0
4547 13355 0
4547 13061 0
4547 5432 0
4547 832 0
4547 3929 0
4547 4956 0
4547 861 0
4547 3426 0
4547 5994 0
4547 1388 0
4547 3986 0
4547 9064 0
4547 2938 0
4547 8065 0
4547 6977 0
4547 3978 0
4547 915 0
4547 1943 0
4547 18332 0
4547 10789 0
4547 6065 0
4547 6068 0
4547 2997 0
4547 1472 0
4547 4547 0
4547 453 1
4547 7633 0
4547 3043 0
4547 3574 0
4547 6141 0
2500 4371 0
2500 6669 0
2500 2599 0
2500 561 0
2500 563 0
2500 6737 0
2500 2718 0
2500 453 1
2500 2722 0
2500 2724 0
2500 8933 0
2500 4916 0
2500 6977 0
2500 843 0
2500 873 0
2500 7053 0
2500 935 0
2500 17363 0
2500 3043 0
2500 13356 0
2500 8768 0
2500 1197 0
2500 1259 0
2500 3354 0
2500 2500 0
2500 1371 0
2500 3446 0
2500 19879 0
2500 1667 1
2500 1680 0
2500 3729 0
2500 1687 0
2500 1728 1
2500 1741 0
2500 5855 0
2500 5432 0
2500 3927 0
2500 5981 0
2500 5994 0
2500 8065 0
2500 1943 0
2500 6078 0
2500 8185 0
453 561 1
453 563 1
453 568 1
453 7740 1
453 1620 1
453 869 1
453 1687 1
453 2718 1
453 3267 1
453 5855 1
453 1765 1
453 4864 1
453 6792 1
453 7305 1
453 5432 1
453 832 1
453 4956 1
453 4957 1
453 4958 1
453 3426 1
453 9064 1
453 873 1
453 3446 1
453 935 1
453 8112 1
453 6068 1
453 453 2
453 19879 1
453 1022 1
453 3574 1
453 6141 1
4551 4371 0
4551 4553 0
4551 6669 0
4551 2604 0
4551 561 0
4551 4719 0
4551 4551 0
4551 719 0
4551 8933 0
4551 861 0
4551 9064 0
4551 7064 0
4551 3043 0
4551 13356 0
4551 7219 0
4551 13471 0
4551 1197 0
4551 3264 1
4551 5432 0
4551 3426 0
4551 1620 0
4551 1674 0
4551 3729 0
4551 1741 0
4551 5855 0
4551 5856 0
4551 1765 0
4551 5866 1
4551 1824 0
4551 3929 0
4551 3986 0
4551 1957 0
4551 6068 0
4553 6669 0
4553 2594 0
4553 2596 0
4553 2599 0
4553 1653 0
4553 2171 0
4553 2722 0
4553 1197 0
4553 703 0
4553 3264 1
4553 1741 0
4553 5464 0
4553 5855 0
4553 1667 1
4553 8875 0
4553 4916 0
4553 827 0
4553 1359 0
4553 4971 0
4553 1927 1
4553 2724 0
4553 1957 0
4553 4553 0
4553 18003 1
6604 9222 0
6604 13061 0
6604 14925 0
6604 10894 0
6604 3745 0
6604 2722 0
6604 3757 0
6604 694 0
6604 1741 0
6604 3283 1
6604 7986 0
6604 7414 0
6604 9477 0
6604 5253 0
6604 1927 1
6604 15150 0
6604 5464 0
6604 861 0
6604 3950 0
6604 21378 0
6604 7064 0
6604 915 0
6604 2718 0
6604 9173 0
6604 1359 0
6604 1022 0
14830 7579 1
14830 15712 0
14830 18294 1
16900 15888 0
16900 2594 0
16900 2596 0
16900 2600 0
16900 13355 0
16900 2604 0
16900 2606 0
16900 15431 0
16900 6739 0
16900 5220 0
16900 7300 0
16900 1388 0
16900 17552 0
16900 7861 0
16900 15988 0
16900 1728 1
16900 3782 0
16900 13512 0
16900 8933 0
16900 8934 0
16900 7945 0
16900 7438 0
16900 5392 0
16900 5395 1
16900 4916 0
16900 832 0
16900 1383 0
16900 3986 0
16900 12954 0
16900 16295 0
16900 13619 0
16900 16308 0
16900 3561 0
16900 6141 0
16900 7678 0
524 1927 1
524 524 0
524 1620 0
524 5469 0
524 5729 1
6669 15888 0
6669 2069 0
6669 2604 0
6669 1620 0
6669 7300 0
6669 12954 0
6669 2724 0
6669 1197 0
6669 2762 0
6669 3283 1
6669 5856 0
6669 19879 0
6669 5392 0
6669 13619 0
6669 821 0
6669 1359 0
6669 5464 0
6669 3426 0
6669 3429 0
6669 1927 1
6669 935 0
6669 2997 0
6669 16295 0
6669 10152 0
6669 3574 0
4624 4624 0
4624 2069 0
4624 4636 1
4624 2594 0
4624 2596 0
4624 4647 0
4624 2600 0
4624 4650 0
4624 4658 0
4624 7741 0
4624 5395 1
4624 13200 0
4624 1680 0
4624 2714 0
4624 2718 0
4624 8867 0
4624 6867 0
4624 3802 0
4624 7633 0
4624 4648 0
4624 17363 0
4624 4371 0
4624 8112 0
4624 6792 0
4624 3927 0
4624 3929 0
4624 5981 0
4624 865 0
4624 3429 0
4624 3729 0
4624 5487 0
4624 3446 0
4624 3986 0
4624 915 0
4624 18332 0
4624 6065 0
4624 6068 0
4624 2997 0
4624 2722 0
4624 2724 0
4624 6741 0
4636 6792 1
4636 3469 1
4636 4636 2
4636 8879 1
4636 4647 1
4636 4648 1
4636 4650 1
4636 4658 1
4636 7861 1
4636 3782 1
4636 13512 1
4636 4855 1
4636 17363 1
4636 13200 1
4636 19368 1
12830 7187 1
12830 1667 1
12830 11210 0
2594 2069 0
2594 13061 0
2594 2594 0
2594 2596 0
2594 2599 0
2594 2600 0
2594 2602 0
2594 2604 0
2594 2606 0
2594 561 0
2594 6737 0
2594 6739 0
2594 6740 0
2594 6741 0
2594 2714 0
2594 2718 0
2594 2722 0
2594 8867 0
2594 2724 0
2594 2762 0
2594 8933 0
2594 8934 0
2594 4864 0
2594 4916 0
2594 821 0
2594 832 0
2594 6977 0
2594 4956 0
2594 861 0
2594 4958 0
2594 869 0
2594 4971 0
2594 5026 0
2594 2997 0
2594 11236 0
2594 3046 0
2594 1022 0
2594 7187 1
2594 4957 0
2594 15431 0
2594 17552 0
2594 5220 0
2594 3182 0
2594 7300 0
2594 3267 0
2594 3283 1
2594 3284 0
2594 1259 0
2594 5395 1
2594 1371 0
2594 3426 0
2594 3429 0
2594 1383 0
2594 1388 0
2594 5487 0
2594 7064 0
2594 5529 0
2594 19879 0
2594 3561 0
2594 7678 0
2594 15888 0
2594 16308 0
2594 1653 0
2594 1680 0
2594 16031 0
2594 3745 0
2594 3753 0
2594 7861 0
2594 15988 0
2594 3782 0
2594 1741 0
2594 7893 0
2594 3802 0
2594 5855 0
2594 1765 0
2594 7986 0
2594 3927 0
2594 3929 0
2594 5994 0
2594 8065 0
2594 1927 1
2594 3978 0
2594 3986 0
2594 1943 0
2594 18332 0
2594 12954 0
2594 6065 0
2594 6068 0
2594 6078 0
2594 8176 0
2596 8112 0
2596 2596 0
2596 2599 0
2596 2600 0
2596 2602 0
2596 2604 0
2596 2606 0
2596 5981 0
2596 561 0
2596 16308 0
2596 7741 0
2596 15431 0
2596 6737 0
2596 6738 0
2596 6739 0
2596 6741 0
2596 3429 0
2596 15888 0
2596 1653 0
2596 1388 0
2596 1680 0
2596 2714 0
2596 2718 0
2596 16031 0
2596 2722 0
2596 8867 0
2596 3753 0
2596 15988 0
2596 7861 0
2596 3782 0
2596 2762 0
2596 1741 0
2596 3283 1
2596 3802 0
2596 5855 0
2596 1259 0
2596 7721 0
2596 7893 0
2596 21378 0
2596 5392 0
2596 5395 1
2596 800 0
2596 8875 0
2596 5529 0
2596 7986 0
2596 821 0
2596 832 0
2596 6977 0
2596 3267 0
2596 3408 0
2596 4956 0
2596 4957 0
2596 4958 0
2596 17552 0
2596 3426 0
2596 869 0
2596 1383 0
2596 873 0
2596 12954 0
2596 8065 0
2596 3978 0
2596 3986 0
2596 1943 0
2596 18332 0
2596 5026 0
2596 19879 0
2596 6065 0
2596 2997 0
2596 6078 0
2596 2724 0
2596 11236 0
2596 3574 0
2596 6740 0
10789 1667 1
10789 1927 1
10789 18332 0
10789 4971 0
4647 4647 0
4647 4648 0
4647 4650 0
4647 4658 0
4647 6737 0
4647 6738 0
4647 1620 0
4647 8879 0
4647 13355 0
4647 6741 0
4647 7893 0
4647 5868 0
4647 13061 0
4647 3929 0
4647 1371 0
4647 861 0
4647 3426 0
4647 3429 0
4647 3446 0
4647 3729 0
4647 8065 0
4647 13200 0
4647 3986 0
4647 915 0
4647 5529 0
4647 8112 0
4647 6065 0
4647 16308 0
4647 2997 0
4647 7633 0
4647 11236 0
4647 3561 0
4647 6739 0
4647 6740 0
4648 13061 0
4648 2600 0
4648 4650 0
4648 4658 0
4648 563 0
4648 8768 0
4648 1667 1
4648 3729 0
4648 2722 0
4648 2724 0
4648 8879 0
4648 6867 0
4648 3929 0
4648 861 0
4648 3426 0
4648 8065 0
4648 13200 0
4648 3986 0
4648 5529 0
4648 18332 0
4648 5026 0
4648 10152 0
4648 8112 0
4648 6065 0
4648 2997 0
4648 7633 0
4648 3561 0
4648 1016 0
2602 8875 0
2602 7187 1
2602 2599 0
2602 2600 0
2602 2602 0
2602 2604 0
2602 2606 0
2602 16308 0
2602 6737 0
2602 6740 0
2602 6741 0
2602 1388 0
2602 4746 1
2602 2714 0
2602 16031 0
2602 3782 0
2602 1741 0
2602 7893 0
2602 5529 0
2602 6977 0
2602 3408 0
2602 861 0
2602 3426 0
2602 4971 0
2602 5487 0
2602 8065 0
2602 3978 0
2602 1943 0
2602 10152 0
2602 18332 0
2602 6068 0
2602 6078 0
2602 11236 0
2602 3561 0
2602 6739 0
2602 7678 0
2604 2069 0
2604 1388 0
2604 2599 0
2604 2600 0
2604 2604 0
2604 2606 0
2604 6737 0
2604 6739 0
2604 6740 0
2604 6741 0
2604 12954 0
2604 8867 0
2604 4803 0
2604 2762 0
2604 821 0
2604 827 0
2604 832 0
2604 6977 0
2604 4956 0
2604 4957 0
2604 4958 0
2604 869 0
2604 5026 0
2604 2997 0
2604 11236 0
2604 13356 0
2604 861 0
2604 15431 0
2604 17552 0
2604 13512 0
2604 1259 0
2604 7438 0
2604 5392 0
2604 5395 1
2604 5464 0
2604 5469 0
2604 3426 0
2604 5487 0
2604 3446 0
2604 5529 0
2604 5569 0
2604 7633 0
2604 1620 0
2604 3802 0
2604 15888 0
2604 7721 0
2604 6068 0
2604 1653 0
2604 1667 1
2604 3729 0
2604 3354 0
2604 16031 0
2604 7861 0
2604 15988 0
2604 3782 0
2604 1741 0
2604 7893 0
2604 5855 0
2604 5868 0
2604 5981 0
2604 5994 0
2604 3978 0
2604 3986 0
2604 1943 0
2604 18332 0
2604 8112 0
2604 6065 0
2604 16308 0
2604 6078 0
16941 4746 1
16941 3986 0
16941 2976 0
16941 18227 0
16941 6739 0
16941 1620 0
16941 21343 0
16941 3283 1
16941 2938 0
16941 1022 0
2606 4371 0
2606 2599 0
2606 2600 0
2606 15431 0
2606 8768 0
2606 6739 0
2606 6740 0
2606 6741 0
2606 6792 0
2606 2714 0
2606 2722 0
2606 2762 0
2606 4864 0
2606 17552 0
2606 800 0
2606 4916 0
2606 821 0
2606 832 0
2606 6977 0
2606 4956 0
2606 4957 0
2606 4958 0
2606 869 0
2606 4971 0
2606 5026 0
2606 11236 0
2606 3927 0
2606 861 0
2606 7219 0
2606 13061 0
2606 5220 0
2606 873 0
2606 7300 0
2606 13512 0
2606 7438 0
2606 5392 0
2606 5395 1
2606 13631 0
2606 3408 0
2606 3426 0
2606 3429 0
2606 1383 0
2606 1388 0
2606 3446 0
2606 5529 0
2606 19879 0
2606 7633 0
2606 3561 0
2606 3574 0
2606 7678 0
2606 15888 0
2606 7721 0
2606 7740 0
2606 2997 0
2606 1653 0
2606 1667 1
2606 3729 0
2606 1687 0
2606 16031 0
2606 3745 0
2606 7861 0
2606 15988 0
2606 1728 1
2606 3782 0
2606 7893 0
2606 3802 0
2606 5855 0
2606 1765 0
2606 7986 0
2606 13619 0
2606 5981 0
2606 5994 0
2606 3978 0
2606 3986 0
2606 1943 0
2606 16292 0
2606 12954 0
2606 10152 0
2606 8112 0
2606 6065 0
2606 16308 0
2606 6078 0
2606 8176 0
561 2069 0
561 1400 1
561 2599 0
561 561 0
561 563 0
561 8768 0
561 2718 0
561 2724 0
561 696 0
561 827 0
561 4956 0
561 4957 0
561 4958 0
561 869 0
561 9064 0
561 873 0
561 6977 0
561 3043 0
561 3046 0
561 861 0
561 865 0
561 1259 0
561 3354 0
561 5432 0
561 1365 0
561 1371 0
561 1388 0
561 19879 0
561 1472 0
561 5569 0
561 3574 0
561 7740 0
561 18003 1
561 5729 1
561 15988 0
561 1680 0
561 3729 0
561 1687 0
561 5818 0
561 1728 1
561 1741 0
561 5855 0
561 5856 0
561 5865 0
561 5981 0
561 5994 0
561 10106 0
561 1927 1
561 3978 0
561 8112 0
561 6068 0
4658 4650 0
4658 4658 0
4658 1667 1
4658 3426 0
4658 8112 0
4658 7633 0
563 861 0
563 563 0
563 5855 0
563 3354 0
563 5432 0
563 4956 0
563 4957 0
563 9064 0
563 1927 1
21045 13528 0
21045 19641 0
21045 7633 0
21045 861 0
21045 18277 0
21045 5395 1
568 6068 0
568 7741 0
568 6739 0
568 8879 0
568 719 0
568 1765 0
568 7414 0
568 5432 0
568 568 0
568 5981 0
568 1927 1
568 3986 0
568 18332 0
568 15276 0
568 16031 0
568 6078 0
568 3008 0
8768 13356 0
8768 2600 0
8768 8768 0
8768 6739 0
8768 6741 0
8768 12954 0
8768 2722 0
8768 8867 0
8768 2724 0
8768 8879 0
8768 17086 0
8768 6867 0
8768 4864 0
8768 13061 0
8768 4916 0
8768 6977 0
8768 4956 0
8768 4957 0
8768 4958 0
8768 869 0
8768 13200 0
8768 5026 0
8768 17363 0
8768 1016 0
8768 9222 0
8768 873 0
8768 3267 0
8768 3271 0
8768 2938 0
8768 1259 0
8768 1388 0
8768 3446 0
8768 1472 0
8768 7633 0
8768 6068 0
8768 1667 1
8768 3729 0
8768 1687 0
8768 1741 0
8768 7893 0
8768 7986 0
8768 3929 0
8768 5981 0
8768 8065 0
8768 3978 0
8768 3986 0
8768 1943 0
8768 18332 0
8768 16292 0
8768 10152 0
8768 8112 0
8768 6065 0
8768 16308 0
8768 8185 0
12840 7051 0
12840 11294 0
12840 5729 1
12840 3182 0
8779 1927 1
8779 3986 0
8779 915 0
8779 8879 0
8779 2718 0
8779 4916 0
8779 827 0
8779 5981 0
8779 15988 0
14925 694 0
14925 15807 0
14925 5253 0
14925 10894 0
14925 1170 0
14925 3745 0
14925 3753 0
14925 3757 0
14925 3759 0
14925 1714 0
14925 696 0
14925 17086 0
14925 3283 1
14925 5865 0
14925 5866 1
14925 5868 0
14925 1335 0
14925 1359 0
14925 5464 0
14925 1927 1
14925 9173 0
14925 1022 0
6737 1388 0
6737 3446 0
6737 2599 0
6737 2600 0
6737 6738 0
6737 6739 0
6737 6740 0
6737 6741 0
6737 2718 0
6737 2722 0
6737 8875 0
6737 8879 0
6737 5253 0
6737 861 0
6737 3046 0
6737 13355 0
6737 5392 0
6737 5395 1
6737 1371 0
6737 3426 0
6737 3429 0
6737 1383 0
6737 7633 0
6737 1620 0
6737 1653 0
6737 1680 0
6737 16031 0
6737 1728 1
6737 3802 0
6737 5855 0
6737 1765 0
6737 8016 0
6737 5981 0
6737 3978 0
6737 3986 0
6738 2599 0
6738 2600 0
6738 6738 0
6738 6739 0
6738 6740 0
6738 6741 0
6738 2718 0
6738 2722 0
6738 2724 0
6738 8875 0
6738 8879 0
6738 4916 0
6738 4925 0
6738 6977 0
6738 7053 0
6738 9064 0
6738 1259 0
6738 5392 0
6738 5395 1
6738 1371 0
6738 3426 0
6738 3429 0
6738 1388 0
6738 3446 0
6738 19879 0
6738 1667 1
6738 1680 0
6738 3729 0
6738 16031 0
6738 7861 0
6738 1728 1
6738 3802 0
6738 5855 0
6738 1765 0
6738 5981 0
6738 6068 0
6739 8875 0
6739 1383 0
6739 19879 0
6739 2599 0
6739 2600 0
6739 6739 0
6739 6740 0
6739 6741 0
6739 2714 0
6739 2718 0
6739 2722 0
6739 8867 0
6739 2724 0
6739 8879 0
6739 6867 0
6739 8933 0
6739 8934 0
6739 4864 0
6739 4925 0
6739 4957 0
6739 4958 0
6739 4971 0
6739 2938 0
6739 832 0
6739 15988 0
6739 2976 0
6739 7678 0
6739 1022 0
6739 7187 1
6739 5220 0
6739 7300 0
6739 5254 0
6739 1259 0
6739 7438 0
6739 5392 0
6739 5395 1
6739 5464 0
6739 1371 0
6739 3429 0
6739 1388 0
6739 5487 0
6739 5529 0
6739 1472 0
6739 5569 0
6739 3561 0
6739 1653 0
6739 1667 1
6739 1674 0
6739 1680 0
6739 7861 0
6739 3782 0
6739 1741 0
6739 3802 0
6739 1765 0
6739 7945 0
6739 1824 0
6739 8176 0
6739 4746 1
6739 8016 0
6739 3927 0
6739 5981 0
6739 1927 1
6739 3978 0
6739 3986 0
6739 12954 0
6739 16295 0
6739 10152 0
6739 8112 0
6739 6068 0
6739 16031 0
6739 8185 0
6740 2069 0
6740 2599 0
6740 2600 0
6740 6741 0
6740 2718 0
6740 2722 0
6740 8867 0
6740 2724 0
6740 8875 0
6740 8879 0
6740 4803 0
6740 3046 0
6740 1022 0
6740 3927 0
6740 5220 0
6740 873 0
6740 5254 0
6740 5392 0
6740 5395 1
6740 1371 0
6740 3429 0
6740 1383 0
6740 1388 0
6740 19879 0
6740 3561 0
6740 15988 0
6740 1653 0
6740 1667 1
6740 1680 0
6740 3782 0
6740 3802 0
6740 1765 0
6740 5981 0
6740 3978 0
6740 3986 0
6740 1943 0
6740 1957 0
6740 10152 0
6740 6068 0
6740 16031 0
6740 6078 0
6740 8185 0
6741 4371 0
6741 2599 0
6741 2600 0
6741 6741 0
6741 6977 0
6741 6792 0
6741 2718 0
6741 2722 0
6741 2724 0
6741 8875 0
6741 8879 0
6741 4803 0
6741 6867 0
6741 8941 0
6741 4855 0
6741 832 0
6741 4956 0
6741 4957 0
6741 4958 0
6741 869 0
6741 2976 0
6741 7678 0
6741 1022 0
6741 861 0
6741 5220 0
6741 5254 0
6741 2938 0
6741 1259 0
6741 5392 0
6741 5395 1
6741 3354 0
6741 5464 0
6741 1371 0
6741 3429 0
6741 1383 0
6741 1388 0
6741 3446 0
6741 5529 0
6741 19879 0
6741 1653 0
6741 1680 0
6741 3729 0
6741 3740 1
6741 16031 0
6741 3745 0
6741 3753 0
6741 3759 0
6741 3782 0
6741 1741 0
6741 3802 0
6741 1765 0
6741 9064 0
6741 5981 0
6741 3978 0
6741 3986 0
6741 18332 0
6741 16295 0
6741 6068 0
6741 8176 0
6741 8185 0
12887 21343 0
12887 3246 0
12887 1653 0
12887 3264 1
12887 719 0
12887 18227 0
12887 3992 1
12887 3046 0
4719 1076 1
4719 1077 1
4719 1620 0
4719 4719 0
4719 1259 0
4719 2997 0
4719 3046 0
6792 1383 0
6792 2171 0
6792 6792 0
6792 2718 0
6792 2722 0
6792 2724 0
6792 8879 0
6792 703 0
6792 4855 0
6792 861 0
6792 2976 0
6792 1022 0
6792 5204 0
6792 1359 0
6792 1371 0
6792 5469 0
6792 1472 0
6792 5569 0
6792 5026 0
6792 7633 0
6792 1620 0
6792 3729 0
6792 3745 0
6792 3753 0
6792 3757 0
6792 5865 0
6792 1824 0
6792 5981 0
6792 1927 1
6792 8185 0
4746 3986 1
4746 2599 1
4746 4916 1
4746 2997 1
4746 1335 1
4746 7740 1
4746 15807 1
4746 861 1
4746 8933 1
4746 7633 1
10894 9222 0
10894 3757 0
10894 1714 0
10894 5253 0
10894 3745 0
10894 2722 0
10894 3753 0
10894 1197 0
10894 3759 0
10894 694 0
10894 696 0
10894 5818 0
10894 17086 0
10894 5865 0
10894 5866 1
10894 5868 0
10894 15150 0
10894 1335 0
10894 1674 0
10894 1359 0
10894 5464 0
10894 3950 0
10894 10106 0
10894 1927 1
10894 7064 0
10894 9173 0
10894 1022 0
2714 2714 0
2714 19879 0
2714 2599 0
2714 2600 0
2714 2718 0
2714 2722 0
2714 8867 0
2714 827 0
2714 4956 0
2714 4957 0
2714 4958 0
2714 2938 0
2714 13200 0
2714 915 0
2714 2976 0
2714 5026 0
2714 19368 0
2714 2997 0
2714 1170 0
2714 3271 0
2714 13512 0
2714 5432 0
2714 3426 0
2714 1400 1
2714 5569 0
2714 7633 0
2714 7678 0
2714 7721 0
2714 16308 0
2714 7741 0
2714 1620 0
2714 5729 1
2714 3729 0
2714 15988 0
2714 1741 0
2714 5855 0
2714 9523 0
2714 3929 0
2714 5981 0
2714 5994 0
2714 3986 0
2714 1943 0
2714 12954 0
2714 8112 0
2714 6065 0
2714 6068 0
10351 1667 1
10351 7741 0
10351 3283 1
10351 4956 0
10351 4957 0
10351 4958 0
10351 3561 0
2718 19879 0
2718 2599 0
2718 5569 0
2718 2718 0
2718 2722 0
2718 2724 0
2718 8875 0
2718 719 0
2718 7986 0
2718 827 0
2718 843 0
2718 861 0
2718 865 0
2718 869 0
2718 873 0
2718 2938 0
2718 915 0
2718 2976 0
2718 3043 0
2718 3271 0
2718 9523 0
2718 5432 0
2718 3408 0
2718 5464 0
2718 5469 0
2718 3426 0
2718 3429 0
2718 1383 0
2718 3446 0
2718 1943 0
2718 5026 0
2718 1472 0
2718 3535 0
2718 7633 0
2718 7721 0
2718 7741 0
2718 1620 0
2718 15988 0
2718 1680 0
2718 3729 0
2718 1688 0
2718 3745 0
2718 1741 0
2718 3802 0
2718 5855 0
2718 18179 0
2718 1824 0
2718 3929 0
2718 8065 0
2718 1927 1
2718 3978 0
2718 3986 0
2718 3992 1
2718 18332 0
2718 8112 0
2718 6065 0
2718 6068 0
2718 16031 0
2718 6078 0
2718 3753 0
2722 1383 0
2722 19879 0
2722 13061 0
2722 2599 0
2722 2600 0
2722 2722 0
2722 8879 0
2722 6867 0
2722 4864 0
2722 7986 0
2722 6977 0
2722 861 0
2722 869 0
2722 4971 0
2722 21378 0
2722 915 0
2722 7064 0
2722 5026 0
2722 3043 0
2722 1016 0
2722 873 0
2722 1170 0
2722 1259 0
2722 9523 0
2722 5432 0
2722 1359 0
2722 5464 0
2722 5469 0
2722 3426 0
2722 3429 0
2722 1388 0
2722 3446 0
2722 7633 0
2722 3561 0
2722 7721 0
2722 16308 0
2722 2997 0
2722 1620 0
2722 15988 0
2722 1653 0
2722 1667 1
2722 1680 0
2722 3729 0
2722 16031 0
2722 3745 0
2722 3753 0
2722 1741 0
2722 7893 0
2722 3802 0
2722 5855 0
2722 1824 0
2722 3929 0
2722 5981 0
2722 3950 0
2722 8065 0
2722 1927 1
2722 3978 0
2722 3986 0
2722 1943 0
2722 18332 0
2722 16292 0
2722 10152 0
2722 8112 0
2722 6065 0
2722 6068 0
2722 2724 0
8867 1400 1
8867 2600 0
8867 8867 0
8867 8879 0
8867 4864 0
8867 832 0
8867 861 0
8867 21378 0
8867 7064 0
8867 5026 0
8867 3043 0
8867 11236 0
8867 1022 0
8867 13061 0
8867 1170 0
8867 3283 1
8867 3284 0
8867 3426 0
8867 1383 0
8867 1388 0
8867 3446 0
8867 5529 0
8867 19879 0
8867 1472 0
8867 7633 0
8867 16308 0
8867 1620 0
8867 1667 1
8867 1680 0
8867 3729 0
8867 3745 0
8867 1741 0
8867 7893 0
8867 3802 0
8867 5865 0
8867 1824 0
8867 3929 0
8867 8065 0
8867 3986 0
8867 1943 0
8867 18332 0
8867 10152 0
8867 6068 0
8867 15888 0
8867 8185 0
2724 6867 0
2724 13061 0
2724 2599 0
2724 2600 0
2724 12954 0
2724 2724 0
2724 8879 0
2724 703 0
2724 6977 0
2724 843 0
2724 861 0
2724 869 0
2724 21378 0
2724 915 0
2724 5026 0
2724 3008 0
2724 11236 0
2724 1016 0
2724 7187 1
2724 11294 0
2724 3182 0
2724 1197 0
2724 7721 0
2724 5395 1
2724 3426 0
2724 1383 0
2724 5529 0
2724 19879 0
2724 3561 0
2724 16308 0
2724 2997 0
2724 1620 0
2724 1667 1
2724 1680 0
2724 3729 0
2724 16031 0
2724 3753 0
2724 1741 0
2724 7893 0
2724 3802 0
2724 7945 0
2724 7986 0
2724 3929 0
2724 5981 0
2724 8065 0
2724 3978 0
2724 3986 0
2724 1943 0
2724 18332 0
2724 16295 0
2724 10152 0
2724 8112 0
2724 6065 0
2724 6068 0
8875 2599 0
8875 2600 0
8875 1667 1
8875 18332 0
8875 8875 0
8875 703 0
8875 1728 1
8875 3802 0
8875 5855 0
8875 1765 0
8875 5392 0
8875 1371 0
8875 861 0
8875 1383 0
8875 4957 0
8875 1687 0
8875 3986 0
8875 5981 0
8875 5555 0
8875 19879 0
2733 3283 1
2733 1667 1
2733 9173 0
2733 18332 0
8879 2600 0
8879 13355 0
8879 1620 0
8879 5220 0
8879 1667 1
8879 3729 0
8879 1741 0
8879 6867 0
8879 7893 0
8879 2938 0
8879 17363 0
8879 13061 0
8879 5392 0
8879 9523 0
8879 4916 0
8879 832 0
8879 1371 0
8879 861 0
8879 3426 0
8879 3429 0
8879 8065 0
8879 3986 0
8879 1943 0
8879 5529 0
8879 18332 0
8879 10152 0
8879 6065 0
8879 16308 0
8879 2997 0
8879 1472 0
8879 1016 0
694 9222 0
694 13061 0
694 15150 0
694 1653 0
694 5253 0
694 1674 0
694 3745 0
694 3757 0
694 3759 0
694 1714 0
694 696 0
694 5818 0
694 17086 0
694 7893 0
694 5865 0
694 5866 1
694 5868 0
694 7414 0
694 9173 0
694 9477 0
694 7986 0
694 1335 0
694 1359 0
694 5464 0
694 3426 0
694 1927 1
694 7064 0
694 16308 0
694 1022 0
696 9222 0
696 13061 0
696 13356 0
696 7740 0
696 11840 0
696 5253 0
696 3729 0
696 3745 0
696 1741 0
696 7893 0
696 5855 0
696 5856 0
696 5866 1
696 9477 0
696 15150 0
696 7986 0
696 5432 0
696 1359 0
696 861 0
696 3426 0
696 3950 0
696 1927 1
696 3986 0
696 1943 0
696 7064 0
696 18332 0
696 17323 0
696 8112 0
696 6065 0
696 16308 0
696 2997 0
696 6078 0
696 7414 0
696 7633 0
696 9173 0
698 698 0
698 3283 1
698 1620 0
698 5855 0
698 5729 1
2069 2069 0
2069 4956 0
2069 13355 0
2069 4957 0
2069 13061 0
2069 4958 0
2069 16308 0
2069 1620 0
2069 1667 1
2069 5254 0
2069 5569 0
2069 1680 0
2069 1687 0
2069 12954 0
2069 7678 0
2069 3267 0
2069 2762 0
2069 1741 0
2069 3283 1
2069 7893 0
2069 3802 0
2069 5855 0
2069 5856 0
2069 7721 0
2069 13356 0
2069 3354 0
2069 6977 0
2069 861 0
2069 3426 0
2069 3729 0
2069 1388 0
2069 3446 0
2069 8065 0
2069 3986 0
2069 1943 0
2069 6065 0
2069 2997 0
2069 16031 0
2069 11236 0
2069 3046 0
2069 3561 0
2069 3574 0
2069 5204 0
2069 1022 0
17086 5253 0
17086 1927 1
17086 1674 0
17086 15150 0
17086 1943 0
17086 7064 0
17086 9477 0
17086 17552 0
17086 3745 0
17086 13356 0
17086 17086 0
17086 9173 0
17086 1371 0
17086 5866 1
17086 3950 0
703 5432 0
703 703 0
703 3283 1
703 3284 0
703 5729 1
4803 15888 0
4803 2600 0
4803 13355 0
4803 16308 0
4803 15988 0
4803 4803 0
4803 3782 0
4803 3283 1
4803 7893 0
4803 5855 0
4803 1259 0
4803 13061 0
4803 4371 0
4803 7986 0
4803 4916 0
4803 827 0
4803 13631 0
4803 6977 0
4803 3426 0
4803 3729 0
4803 5994 0
4803 1388 0
4803 3446 0
4803 1927 1
4803 6068 0
4803 7633 0
4803 17363 0
4803 1022 0
2762 11294 0
2762 2599 0
2762 1620 0
2762 3740 1
2762 2762 0
2762 3802 0
2762 5395 1
2762 3929 0
2762 5981 0
2762 1383 0
2762 1927 1
2762 3978 0
2762 19879 0
2762 5204 0
719 5469 0
719 6068 0
719 1620 0
719 1741 0
719 719 0
719 1259 0
719 9523 0
719 1359 0
719 3929 0
719 4956 0
719 4957 0
719 4958 0
719 2938 0
719 1927 1
719 3986 0
719 2976 0
719 3561 0
719 1022 0
6867 9222 0
6867 2600 0
6867 13356 0
6867 13061 0
6867 16308 0
6867 17363 0
6867 1653 0
6867 1667 1
6867 16031 0
6867 1741 0
6867 3283 1
6867 7893 0
6867 1765 0
6867 1259 0
6867 4864 0
6867 7438 0
6867 7986 0
6867 4916 0
6867 6977 0
6867 5981 0
6867 869 0
6867 3729 0
6867 5994 0
6867 2938 0
6867 8065 0
6867 13200 0
6867 3986 0
6867 6867 0
6867 7064 0
6867 5026 0
6867 10152 0
6867 18332 0
6867 8112 0
6867 13220 0
6867 1016 0
8918 8918 0
8918 1765 0
8918 13528 0
8918 5395 1
8918 3745 0
8918 3429 0
8918 9534 0
8918 6078 0
8918 11210 0
2171 5729 1
2171 2171 0
2171 1197 0
2171 5818 0
2171 7414 0
2171 5432 0
2171 827 0
2171 5469 0
2171 1400 1
2171 7584 0
8933 19879 0
8933 5220 0
8933 7300 0
8933 17552 0
8933 16031 0
8933 3753 0
8933 7861 0
8933 15988 0
8933 13512 0
8933 1741 0
8933 7893 0
8933 8933 0
8933 8934 0
8933 7945 0
8933 7438 0
8933 5392 0
8933 5395 1
8933 4916 0
8933 821 0
8933 832 0
8933 6977 0
8933 1359 0
8933 18277 0
8933 4956 0
8933 4957 0
8933 4958 0
8933 1383 0
8933 1388 0
8933 5487 0
8933 3986 0
8933 16295 0
8933 1943 0
8933 5529 0
8933 12954 0
8933 13619 0
8933 8112 0
8933 6065 0
8933 16308 0
8933 2997 0
8933 6078 0
8933 11236 0
8933 3561 0
8933 3574 0
8933 7678 0
8934 13061 0
8934 19879 0
8934 7945 0
8934 7740 0
8934 5220 0
8934 7300 0
8934 16031 0
8934 7861 0
8934 15988 0
8934 13512 0
8934 3283 1
8934 7893 0
8934 1765 0
8934 8941 0
8934 17552 0
8934 7438 0
8934 5392 0
8934 5395 1
8934 821 0
8934 1335 0
8934 832 0
8934 3408 0
8934 3927 0
8934 1383 0
8934 1388 0
8934 5487 0
8934 6977 0
8934 3986 0
8934 1943 0
8934 12954 0
8934 16308 0
8934 11236 0
8934 3561 0
8934 16295 0
8934 3574 0
8934 7678 0
8941 5729 1
8941 1765 0
8941 7414 0
8941 5395 1
8941 3354 0
8941 9523 0
8941 5981 0
8941 3561 0
8941 8941 0
8941 3986 0
4855 2600 0
4855 4855 0
4855 861 0
4855 1022 0
4855 17552 0
4855 5432 0
4855 1383 0
4855 3535 0
4855 7678 0
4855 5729 1
4855 1667 1
4855 1687 0
4855 1927 1
4864 15388 0
4864 13355 0
4864 15988 0
4864 1653 0
4864 1388 0
4864 1741 0
4864 13528 0
4864 3802 0
4864 1765 0
4864 4864 0
4864 5395 1
4864 5529 0
4864 4916 0
4864 16292 0
4864 861 0
4864 4971 0
4864 8065 0
4864 1943 0
4864 3986 0
4864 19879 0
4864 6065 0
4864 2997 0
4864 16031 0
4864 15807 0
4864 13474 0
4864 3561 0
13061 1383 0
13061 18179 0
13061 2600 0
13061 827 0
13061 4956 0
13061 7064 0
13061 2976 0
13061 935 0
13061 3008 0
13061 3046 0
13061 1022 0
13061 7219 0
13061 13061 0
13061 5220 0
13061 1197 0
13061 3283 1
13061 3284 0
13061 1259 0
13061 5469 0
13061 3426 0
13061 3429 0
13061 1388 0
13061 5529 0
13061 19879 0
13061 1472 0
13061 16308 0
13061 18003 1
13061 15988 0
13061 1653 0
13061 1667 1
13061 1680 0
13061 16031 0
13061 7893 0
13061 3802 0
13061 5855 0
13061 1765 0
13061 1824 0
13061 3927 0
13061 5981 0
13061 1927 1
13061 3978 0
13061 8112 0
13061 6068 0
13061 8176 0
13061 8185 0
800 1383 0
800 1388 0
800 18179 0
800 18003 1
800 1728 1
800 6977 0
800 3927 0
800 869 0
800 4971 0
800 7053 0
800 8176 0
800 19879 0
15150 3757 0
15150 1714 0
15150 5818 0
15150 5868 0
15150 1335 0
15150 1359 0
15150 5464 0
15150 5866 1
15150 1927 1
15150 7064 0
15150 15807 0
15150 9173 0
15150 3046 0
15150 1022 0
4916 17323 0
4916 1383 0
4916 1388 0
4916 3446 0
4916 4916 0
4916 827 0
4916 4925 0
4916 6977 0
4916 843 0
4916 4956 0
4916 873 0
4916 4971 0
4916 7064 0
4916 935 0
4916 7678 0
4916 7219 0
4916 5392 0
4916 1371 0
4916 3429 0
4916 1472 0
4916 5569 0
4916 3561 0
4916 15888 0
4916 1653 0
4916 1667 1
4916 7861 0
4916 15988 0
4916 7867 1
4916 3802 0
4916 5855 0
4916 1765 0
4916 13619 0
4916 5981 0
4916 3978 0
4916 16292 0
4916 6068 0
4916 3408 0
4916 8176 0
4916 8185 0
821 2599 0
821 5204 0
821 3782 0
821 3802 0
821 3008 0
821 1765 0
821 5395 1
821 821 0
821 3927 0
821 5981 0
821 3429 0
821 1383 0
821 1927 1
821 19879 0
821 2997 0
827 17363 0
827 1741 0
827 4371 0
827 7633 0
827 827 0
827 4956 0
827 4957 0
827 4958 0
827 2997 0
827 3043 0
827 861 0
827 7305 0
827 3283 1
827 3284 0
827 1335 0
827 5432 0
827 5469 0
827 1383 0
827 5529 0
827 19879 0
827 5569 0
827 16308 0
827 1620 0
827 1653 0
827 1674 0
827 3729 0
827 7893 0
827 3802 0
827 5855 0
827 5856 0
827 18179 0
827 5981 0
827 5994 0
827 8065 0
827 1927 1
827 1687 0
827 3986 0
827 1943 0
827 18332 0
827 12954 0
827 8112 0
827 6065 0
827 6068 0
4925 7945 0
4925 12954 0
4925 18332 0
4925 3283 1
4925 3284 0
4925 5855 0
4925 1765 0
4925 13355 0
4925 4925 0
4925 5469 0
4925 3426 0
4925 2938 0
4925 1927 1
4925 3986 0
4925 5529 0
4925 7064 0
4925 2997 0
4925 3046 0
4925 10152 0
832 7945 0
832 15888 0
832 9173 0
832 2600 0
832 861 0
832 15431 0
832 5220 0
832 7300 0
832 16031 0
832 7861 0
832 15988 0
832 3782 0
832 13512 0
832 7893 0
832 17363 0
832 8065 0
832 7438 0
832 5392 0
832 5395 1
832 832 0
832 4956 0
832 4957 0
832 4958 0
832 17552 0
832 3429 0
832 1383 0
832 873 0
832 1388 0
832 13631 0
832 6977 0
832 3986 0
832 5529 0
832 12954 0
832 16308 0
832 1472 0
832 16292 0
832 3561 0
832 16295 0
832 7678 0
832 7740 0
6977 2599 0
6977 2600 0
6977 12954 0
6977 6977 0
6977 935 0
6977 2997 0
6977 3046 0
6977 1022 0
6977 7219 0
6977 5220 0
6977 3283 1
6977 3284 0
6977 5392 0
6977 1371 0
6977 1383 0
6977 1388 0
6977 5487 0
6977 3574 0
6977 7678 0
6977 15888 0
6977 7740 0
6977 18003 1
6977 5729 1
6977 15988 0
6977 1653 0
6977 1680 0
6977 3745 0
6977 3782 0
6977 3802 0
6977 5856 0
6977 1824 0
6977 13619 0
6977 3927 0
6977 8185 0
843 5981 0
843 1620 0
843 1687 0
843 3283 1
843 1259 0
843 3354 0
843 843 0
843 5469 0
843 3446 0
843 2938 0
843 7064 0
843 915 0
843 3992 1
843 3046 0
843 5204 0
4956 1383 0
4956 2599 0
4956 2600 0
4956 1388 0
4956 4956 0
4956 4957 0
4956 4958 0
4956 7064 0
4956 935 0
4956 3008 0
4956 1022 0
4956 3283 1
4956 3284 0
4956 861 0
4956 5395 1
4956 3354 0
4956 5464 0
4956 1371 0
4956 3426 0
4956 19879 0
4956 18332 0
4956 15807 0
4956 13220 0
4956 3561 0
4956 3574 0
4956 7678 0
4956 15888 0
4956 7740 0
4956 18003 1
4956 1620 0
4956 15988 0
4956 1653 0
4956 1674 0
4956 3745 0
4956 3757 0
4956 3759 0
4956 1728 1
4956 3782 0
4956 7893 0
4956 3802 0
4956 5855 0
4956 5856 0
4956 1765 0
4956 5866 1
4956 7945 0
4956 7986 0
4956 3927 0
4956 5981 0
4956 1927 1
4956 3986 0
4956 1943 0
4956 16295 0
4956 8185 0
4956 6141 0
861 4371 0
861 2599 0
861 2600 0
861 12954 0
861 861 0
861 865 0
861 935 0
861 9173 0
861 3043 0
861 3046 0
861 1022 0
861 4957 0
861 4958 0
861 5204 0
861 15888 0
861 5253 0
861 7305 0
861 3283 1
861 3284 0
861 1259 0
861 7438 0
861 5392 0
861 3354 0
861 5432 0
861 1359 0
861 5464 0
861 5469 0
861 3426 0
861 1383 0
861 1388 0
861 3446 0
861 7064 0
861 19879 0
861 1472 0
861 5569 0
861 10152 0
861 7740 0
861 1653 0
861 1674 0
861 1680 0
861 1687 0
861 3745 0
861 3753 0
861 3757 0
861 7861 0
861 3782 0
861 1741 0
861 3802 0
861 5855 0
861 5856 0
861 5865 0
861 5866 1
861 5868 0
861 1824 0
861 5994 0
861 1927 1
861 3986 0
861 6068 0
861 16031 0
861 6078 0
861 8185 0
4958 6078 0
4958 2599 0
4958 2600 0
4958 1388 0
4958 4957 0
4958 4958 0
4958 7064 0
4958 935 0
4958 3008 0
4958 3574 0
4958 1022 0
4958 3284 0
4958 5395 1
4958 5464 0
4958 1371 0
4958 3426 0
4958 1383 0
4958 19879 0
4958 15807 0
4958 3561 0
4958 7678 0
4958 15888 0
4958 7740 0
4958 18003 1
4958 1620 0
4958 15988 0
4958 1653 0
4958 1674 0
4958 3757 0
4958 3759 0
4958 3782 0
4958 3802 0
4958 1765 0
4958 5866 1
4958 7945 0
4958 3927 0
4958 5981 0
4958 1927 1
4958 16295 0
4958 3745 0
4958 8185 0
21343 1667 1
21343 9523 0
9056 1076 1
9056 1077 1
865 5469 0
865 18003 1
865 5220 0
865 1653 0
865 3729 0
865 1741 0
865 3283 1
865 3284 0
865 1259 0
865 7438 0
865 4371 0
865 5855 0
865 3043 0
865 865 0
865 873 0
865 3986 0
865 19879 0
865 3426 0
869 2599 0
869 1653 0
869 5569 0
869 3729 0
869 1687 0
869 1741 0
869 3283 1
869 3284 0
869 3802 0
869 3354 0
869 5855 0
869 5469 0
869 869 0
869 3446 0
869 3978 0
869 17363 0
869 3043 0
869 8185 0
869 7678 0
9064 7740 0
9064 1680 0
9064 1653 0
9064 1728 1
9064 5855 0
9064 5856 0
9064 4371 0
9064 9064 0
9064 5487 0
9064 3446 0
9064 1957 0
9064 6068 0
9064 6078 0
9064 8185 0
873 5395 1
873 3729 0
873 3757 0
873 5855 0
873 17363 0
873 4371 0
873 3802 0
873 5432 0
873 3426 0
873 3429 0
873 873 0
873 5994 0
873 3446 0
873 1943 0
873 7064 0
873 19879 0
873 8112 0
873 6078 0
873 13474 0
873 3561 0
873 8185 0
4971 2600 0
4971 4971 0
4971 7053 0
4971 13355 0
4971 7219 0
4971 5350 0
4971 5432 0
4971 5469 0
4971 3426 0
4971 1388 0
4971 5529 0
4971 19879 0
4971 3561 0
4971 2997 0
4971 18003 1
4971 15988 0
4971 1653 0
4971 16031 0
4971 1728 1
4971 3782 0
4971 1741 0
4971 7893 0
4971 3802 0
4971 7986 0
4971 3978 0
4971 3986 0
4971 1943 0
4971 16292 0
4971 10152 0
4971 6065 0
4971 8176 0
2938 15276 0
2938 2600 0
2938 1667 1
2938 5254 0
2938 3782 0
2938 3283 1
2938 3284 0
2938 1765 0
2938 1259 0
2938 1824 0
2938 1371 0
2938 1383 0
2938 12954 0
2938 2938 0
2938 1943 0
2938 18332 0
2938 3008 0
2938 3010 0
2938 3561 0
2938 8185 0
21378 2599 0
21378 12954 0
21378 3745 0
21378 1400 1
21378 3802 0
21378 9173 0
21378 5994 0
21378 7633 0
21378 21378 0
21378 1927 1
21378 935 0
21378 6068 0
21378 1022 0
7051 5395 1
7051 11294 0
7051 19641 0
7051 7051 0
7051 13512 0
7051 11210 0
7051 18277 0
7051 3182 0
7053 1667 1
7053 1927 1
7053 935 0
7053 7740 0
7053 7053 0
7053 3283 1
7053 5204 0
7053 1371 0
7053 5220 0
7053 2599 0
13200 3283 1
13200 3354 0
13200 13631 0
13200 3929 0
13200 5981 0
13200 13200 0
13200 3986 0
13200 8112 0
13200 5204 0
915 6068 0
915 5729 1
915 1667 1
915 3283 1
915 16031 0
915 1335 0
915 5981 0
915 5994 0
915 915 0
7064 7721 0
7064 13355 0
7064 4957 0
7064 16308 0
7064 5253 0
7064 1674 0
7064 3745 0
7064 3753 0
7064 1197 0
7064 3759 0
7064 1714 0
7064 5818 0
7064 3757 0
7064 7893 0
7064 5855 0
7064 5865 0
7064 5866 1
7064 1259 0
7064 5868 0
7064 7414 0
7064 1335 0
7064 1359 0
7064 5464 0
7064 3426 0
7064 5994 0
7064 3950 0
7064 1927 1
7064 3469 0
7064 5469 0
7064 1943 0
7064 5529 0
7064 3986 0
7064 5026 0
7064 13220 0
7064 6065 0
7064 6068 0
7064 2997 0
7064 9173 0
7064 1022 0
2976 2600 0
2976 15988 0
2976 1667 1
2976 3729 0
2976 1197 0
2976 3283 1
2976 5981 0
2976 2976 0
2976 7633 0
5026 1687 0
5026 3757 0
5026 3782 0
5026 3283 1
5026 3802 0
5026 1765 0
5026 5395 1
5026 3927 0
5026 1371 0
5026 5469 0
5026 1383 0
5026 1388 0
5026 3978 0
5026 19879 0
5026 3561 0
5026 8176 0
5026 1016 0
13220 2600 0
13220 4650 0
13220 13220 0
13220 3283 1
13220 1927 1
13220 3986 0
13220 16292 0
13220 8185 0
13220 1022 0
935 13355 0
935 13356 0
935 5981 0
935 1653 0
935 5994 0
935 1667 1
935 3729 0
935 1687 0
935 1741 0
935 7893 0
935 4371 0
935 4957 0
935 3986 0
935 935 0
935 6065 0
935 16308 0
935 2997 0
935 17363 0
19368 19368 0
19368 19641 0
19368 7633 0
17323 5729 1
17323 1653 0
17323 1728 1
17323 3284 0
17323 5855 0
17323 13471 0
15276 1927 1
15276 3986 0
15276 2600 0
15276 1620 0
15276 3561 0
15276 18294 1
2997 1383 0
2997 2599 0
2997 2600 0
2997 3008 0
2997 1022 0
2997 3246 0
2997 3283 1
2997 3284 0
2997 5392 0
2997 3426 0
2997 3429 0
2997 19879 0
2997 1472 0
2997 2997 0
2997 1680 0
2997 3745 0
2997 3753 0
2997 1714 0
2997 15988 0
2997 3782 0
2997 3802 0
2997 1765 0
2997 3927 0
2997 5981 0
2997 1927 1
2997 3978 0
2997 1943 0
2997 6065 0
2997 6068 0
2997 8176 0
2997 8185 0
3008 1078 1
3008 6068 0
3008 11840 0
3008 1653 0
3008 3246 0
3008 18227 0
3008 4957 0
3008 6065 0
3008 1927 1
3008 3986 0
3008 1943 0
3008 18332 0
3008 3008 0
3008 3010 0
3008 3535 0
3010 1927 1
3010 1943 0
3010 1335 0
3010 3010 0
3010 1078 1
3010 1620 0
3010 5469 0
11210 5646 1
17363 19879 0
17363 2599 0
17363 2600 0
17363 13356 0
17363 7219 0
17363 1383 0
17363 1667 1
17363 7305 0
17363 12954 0
17363 16031 0
17363 3745 0
17363 3782 0
17363 3284 0
17363 3802 0
17363 5855 0
17363 5432 0
17363 3446 0
17363 3978 0
17363 1687 0
17363 15988 0
17363 5569 0
17363 7678 0
9173 9222 0
9173 15807 0
9173 5253 0
9173 1674 0
9173 3745 0
9173 3759 0
9173 1714 0
9173 5818 0
9173 3757 0
9173 5865 0
9173 5866 1
9173 7414 0
9173 9477 0
9173 1335 0
9173 1359 0
9173 3927 0
9173 5464 0
9173 3950 0
9173 1927 1
9173 7633 0
9173 3046 0
9173 3561 0
9173 1022 0
3043 4371 0
3043 3043 0
3043 5253 0
3043 1197 0
3043 3354 0
3043 5464 0
3043 1388 0
3043 3446 0
3043 7678 0
3043 5729 1
3043 3729 0
3043 1687 0
3043 1688 0
3043 3782 0
3043 1741 0
3043 1765 0
3043 5865 0
3043 5866 1
3043 5432 0
3043 5981 0
3043 5994 0
3043 1927 1
3043 1943 0
3043 1957 0
11236 3446 0
11236 2599 0
11236 2600 0
11236 11236 0
11236 1016 0
11236 1022 0
11236 1259 0
11236 7414 0
11236 5395 1
11236 3354 0
11236 5464 0
11236 1388 0
11236 1741 0
11236 3802 0
11236 5855 0
11236 1824 0
11236 8016 0
11236 5981 0
11236 1927 1
11236 3978 0
11236 10152 0
11236 6068 0
11236 8185 0
3046 16308 0
3046 3429 0
3046 3745 0
3046 13512 0
3046 1741 0
3046 1400 1
3046 7893 0
3046 1259 0
3046 9477 0
3046 7986 0
3046 9523 0
3046 5469 0
3046 3426 0
3046 1927 1
3046 3986 0
3046 1359 0
3046 1620 0
1016 2600 0
1016 1667 1
1016 17552 0
1016 3246 0
1016 5395 1
1016 7986 0
1016 3929 0
1016 3986 0
1016 1943 0
1016 18332 0
1016 10152 0
1016 8176 0
1022 1714 0
1022 7986 0
1022 1022 0
1022 9222 0
1022 13355 0
1022 4957 0
1022 5253 0
1022 7414 0
1022 9477 0
1022 1359 0
1022 3408 0
1022 5469 0
1022 3426 0
1022 5529 0
1022 19879 0
1022 7721 0
1022 6068 0
1022 5729 1
1022 1687 0
1022 16031 0
1022 3745 0
1022 7861 0
1022 1741 0
1022 7893 0
1022 5855 0
1022 1335 0
1022 5994 0
1022 3950 0
1022 8065 0
1022 1927 1
1022 3986 0
1022 1943 0
1022 18332 0
1022 8112 0
1022 6065 0
1022 16308 0
9222 1714 0
9222 5253 0
9222 3757 0
9222 3246 0
9222 3759 0
9222 5818 0
9222 5865 0
9222 5866 1
9222 5868 0
9222 1335 0
9222 1674 0
9222 1359 0
9222 5464 0
9222 1927 1
9222 15807 0
7187 15888 1
7187 3729 1
7187 3986 1
7187 7187 2
7187 16031 1
7187 7721 1
7187 18227 1
7187 6078 1
7187 1472 1
7187 13471 1
7187 18332 1
7187 13528 1
7187 9571 1
7187 4371 1
15388 5395 1
15388 5981 0
15388 3182 0
11294 3469 0
11294 11294 0
11294 3182 0
11294 19641 0
11294 5395 1
11294 1927 1
11294 7633 0
1058 3264 1
1058 7399 1
1058 1170 0
13355 1371 0
13355 2600 0
13355 12954 0
13355 18179 0
13355 7219 0
13355 3283 1
13355 5392 0
13355 13619 0
13355 5464 0
13355 3429 0
13355 5529 0
13355 19879 0
13355 1472 0
13355 5569 0
13355 3561 0
13355 16295 0
13355 3574 0
13355 7678 0
13355 7740 0
13355 18003 1
13355 1653 0
13355 3745 0
13355 3757 0
13355 7861 0
13355 15988 0
13355 7893 0
13355 3802 0
13355 5855 0
13355 5856 0
13355 1765 0
13355 7945 0
13355 1824 0
13355 1927 1
13355 1943 0
13355 8112 0
13355 6068 0
13355 8176 0
13356 15988 0
13356 3283 1
13356 1371 0
13356 3446 0
13356 1927 1
13356 5569 0
13356 19879 0
13356 8176 0
13356 8185 0
4957 2599 0
4957 2600 0
4957 1388 0
4957 5395 1
4957 3408 0
4957 5464 0
4957 1371 0
4957 3426 0
4957 3429 0
4957 1383 0
4957 19879 0
4957 1472 0
4957 3561 0
4957 3574 0
4957 7678 0
4957 15888 0
4957 7740 0
4957 18003 1
4957 1620 0
4957 15807 0
4957 15988 0
4957 1653 0
4957 1674 0
4957 3757 0
4957 3759 0
4957 3782 0
4957 3802 0
4957 5855 0
4957 5856 0
4957 1765 0
4957 5866 1
4957 7945 0
4957 7986 0
4957 3927 0
4957 5981 0
4957 1927 1
4957 1943 0
4957 16295 0
4957 8112 0
4957 3745 0
4957 8185 0
4957 6141 0
7219 1197 0
7219 3757 0
7219 16308 0
7219 1728 1
7219 1741 0
7219 3283 1
7219 12954 0
7219 7893 0
1076 18332 1
1076 1365 1
1076 1082 1
1076 6078 1
1077 1943 1
1077 1082 1
1078 3535 1
1082 6078 0
15431 15888 0
15431 2600 0
15431 17552 0
15431 12954 0
15431 7861 0
15431 3782 0
15431 3283 1
15431 5395 1
15431 15988 0
15431 15807 0
15431 7678 0
5204 5204 0
5204 3729 0
5204 1687 0
5204 1653 0
5204 1741 0
5204 3283 1
5204 5855 0
5204 3469 0
5204 3426 0
5204 3446 0
5204 3986 0
5204 1943 0
5204 1957 0
5204 19879 0
5204 8112 0
5204 6078 0
5204 5569 0
5220 5220 0
5220 7300 0
5220 17552 0
5220 16031 0
5220 7861 0
5220 15988 0
5220 1765 0
5220 7945 0
5220 7438 0
5220 5392 0
5220 5395 1
5220 1383 0
5220 1388 0
5220 5487 0
5220 1927 1
5220 3986 0
5220 12954 0
5220 16295 0
5220 16308 0
5220 3561 0
5220 7678 0
3182 1714 0
3182 5818 0
3182 13512 0
3182 5395 1
3182 8016 0
3182 18277 0
5245 5392 0
5245 1927 1
5245 1400 1
5245 5245 0
7300 6068 0
7300 7300 0
7300 1388 0
7300 17552 0
7300 16031 0
7300 13474 0
7300 7861 0
7300 15988 0
7300 3264 1
7300 7945 0
7300 7438 0
7300 5392 0
7300 5395 1
7300 16308 0
7300 8016 0
7300 5981 0
7300 1383 0
7300 3986 0
7300 1943 0
7300 12954 0
7300 16295 0
7300 3561 0
7300 7678 0
5253 11840 0
5253 15807 0
5253 5253 0
5253 5254 0
5253 1674 0
5253 1680 0
5253 3745 0
5253 3753 0
5253 3757 0
5253 3759 0
5253 5818 0
5253 5865 0
5253 5866 1
5253 5868 0
5253 9477 0
5253 7945 0
5253 7986 0
5253 1335 0
5253 1359 0
5253 5464 0
5253 3950 0
5253 1927 1
5253 3561 0
5254 5254 0
5254 3283 1
5254 7399 1
5254 7414 0
5254 5569 0
5254 15888 0
5254 1674 0
5254 16031 0
5254 3759 0
5254 7861 0
5254 3782 0
5254 1741 0
5254 7893 0
5254 5856 0
5254 8065 0
5254 3986 0
5254 8112 0
5254 16308 0
7305 1927 1
7305 3426 0
17552 15888 0
17552 2600 0
17552 1667 1
17552 13474 0
17552 7861 0
17552 15988 0
17552 3782 0
17552 7945 0
17552 7438 0
17552 5392 0
17552 5395 1
17552 8016 0
17552 1371 0
17552 1383 0
17552 1388 0
17552 3469 0
17552 12954 0
17552 16295 0
17552 13619 0
17552 3561 0
17552 7678 0
1170 3283 1
1170 3354 0
1170 5432 0
1170 5469 0
1170 1383 0
1170 1388 0
1170 7633 0
1170 1620 0
1170 1714 0
1170 5855 0
1170 5981 0
1170 1927 1
1170 3986 0
1170 8112 0
13471 5395 1
13471 13471 0
13471 1259 0
13474 1667 1
13474 5395 1
13474 8016 0
13474 15988 0
1197 1620 0
1197 1653 0
1197 1687 0
1197 1197 0
1197 1714 0
1197 5818 0
1197 3264 1
1197 1741 0
1197 7893 0
1197 5855 0
1197 1765 0
1197 3814 0
1197 4371 0
1197 3354 0
1197 5432 0
1197 3408 0
1197 1927 1
1197 1957 0
1197 16308 0
3246 1620 0
3246 3729 0
3246 3745 0
3246 5395 1
3246 1359 0
3246 3426 0
3246 3429 0
3246 3950 0
3246 1927 1
3246 1943 0
3246 19879 0
3246 6065 0
19641 5646 1
3264 18332 1
3264 9523 1
3264 7633 1
3267 1680 0
3267 5818 0
3267 5856 0
3267 1927 1
3267 3574 0
3271 1667 1
3271 7584 0
3271 3283 1
13512 2600 0
13512 15988 0
13512 1653 0
13512 1680 0
13512 3283 1
13512 5855 0
13512 10152 0
13512 13512 0
13512 3927 0
13512 5469 0
13512 1388 0
13512 3446 0
13512 8112 0
13512 8185 0
13512 16295 0
13512 7678 0
3283 19879 1
3283 7721 1
3283 16292 1
3283 16308 1
3283 1615 1
3283 1667 2
3283 7584 1
3283 1674 1
3283 1680 1
3283 3729 1
3283 12954 1
3283 3782 1
3283 3283 2
3283 3284 1
3283 3802 1
3283 5855 1
3283 1259 1
3283 7945 1
3283 4371 1
3283 3354 1
3283 1824 1
3283 3408 1
3283 3927 1
3283 3426 1
3283 3429 1
3283 1383 1
3283 7740 1
3283 5994 1
3283 5487 1
3283 1927 2
3283 3986 1
3283 1943 1
3283 18332 1
3283 1957 1
3283 16295 1
3283 6065 1
3283 5555 1
3283 6068 1
3283 5569 1
3283 8016 1
3283 3561 1
3283 7893 1
3283 3574 1
3283 8185 1
3284 1615 0
3284 1653 0
3284 1667 1
3284 3782 0
3284 7893 0
3284 5464 0
3284 5981 0
3284 3426 0
3284 5487 0
3284 3986 0
3284 1943 0
3284 18332 0
3284 6065 0
3284 16308 0
13528 13528 0
13528 9534 0
13528 1765 0
13528 5994 0
5350 1728 1
5350 5729 1
7399 3561 1
7399 1680 1
2599 19879 0
2599 15888 0
2599 2599 0
2599 2600 0
2599 16308 0
2599 1680 0
2599 3753 0
2599 5818 0
2599 18294 1
2599 1741 0
2599 3802 0
2599 1765 0
2599 7414 0
2599 7893 0
2599 5529 0
2599 7986 0
2599 3426 0
2599 1383 0
2599 5994 0
2599 3446 0
2599 3729 0
2599 8065 0
2599 1927 1
2599 3978 0
2599 3469 0
2599 3986 0
2599 1943 0
2599 6065 0
2599 16031 0
2599 6078 0
2599 1472 0
2599 3561 0
2600 1388 0
2600 3782 0
2600 7414 0
2600 5395 1
2600 3426 0
2600 5529 0
2600 15888 0
2600 7741 0
2600 1620 0
2600 1653 0
2600 1667 1
2600 3729 0
2600 16031 0
2600 7861 0
2600 15988 0
2600 1741 0
2600 7893 0
2600 5855 0
2600 3929 0
2600 5981 0
2600 8065 0
2600 3978 0
2600 3986 0
2600 1943 0
2600 18332 0
2600 12954 0
2600 10152 0
2600 6065 0
2600 16308 0
7414 16308 0
7414 15807 0
7414 3729 0
7414 3745 0
7414 3753 0
7414 3757 0
7414 3759 0
7414 1714 0
7414 5855 0
7414 5865 0
7414 5866 1
7414 5868 0
7414 5464 0
7414 5994 0
7414 3446 0
7414 1927 1
7414 7633 0
4650 1653 0
4650 5866 1
4650 5981 0
4650 1943 0
4650 7633 0
9477 1714 0
9477 15807 0
9477 3745 0
9477 3753 0
9477 3757 0
9477 3759 0
9477 5865 0
9477 5866 1
9477 5868 0
9477 1335 0
9477 1674 0
9477 1359 0
9477 5464 0
9477 1927 1
7438 16308 0
7438 1388 0
7438 16031 0
7438 7861 0
7438 15988 0
7438 1765 0
7438 7945 0
7438 7438 0
7438 5392 0
7438 5395 1
7438 1383 0
7438 5487 0
7438 3446 0
7438 13631 0
7438 1927 1
7438 3469 0
7438 3986 0
7438 12954 0
7438 16295 0
7438 6068 0
7438 3561 0
7438 7678 0
5392 3729 0
5392 16031 0
5392 7861 0
5392 15988 0
5392 7893 0
5392 5868 0
5392 7945 0
5392 5395 1
5392 3354 0
5392 7986 0
5392 1383 0
5392 1388 0
5392 5487 0
5392 1400 1
5392 3986 0
5392 1943 0
5392 12954 0
5392 16295 0
5392 6065 0
5392 16308 0
5392 6078 0
5392 3561 0
5392 7678 0
5395 7945 1
5395 7740 1
5395 1383 1
5395 18179 1
5395 7861 1
5395 15988 1
5395 3782 1
5395 7893 1
5395 7986 1
5395 5395 2
5395 9534 1
5395 3927 1
5395 3929 1
5395 18277 1
5395 1388 1
5395 5487 1
5395 3978 1
5395 16031 1
5395 1943 1
5395 12954 1
5395 16295 1
5395 10152 1
5395 18364 1
5395 8112 1
5395 16308 1
5395 1472 1
5395 15888 1
5395 3561 1
5395 7678 1
3354 4371 0
3354 1259 0
3354 3354 0
3354 1335 0
3354 3408 0
3354 1383 0
3354 3469 0
3354 7633 0
3354 3729 0
3354 1687 0
3354 1688 0
3354 1741 0
3354 5855 0
3354 8016 0
3354 5432 0
3354 5981 0
3354 8065 0
3354 1927 1
3354 3978 0
3354 1957 0
9523 1620 0
9523 1667 1
1335 5729 1
1335 3745 0
1335 1359 0
1335 5469 0
1335 3950 0
1335 1927 1
1335 1943 0
5432 3757 0
5432 4371 0
5432 1259 0
5432 5432 0
5432 1359 0
5432 5464 0
5432 5469 0
5432 1383 0
5432 1400 1
5432 1620 0
5432 5729 1
5432 3729 0
5432 1687 0
5432 1688 0
5432 3745 0
5432 3759 0
5432 1741 0
5432 3802 0
5432 5855 0
5432 3814 0
5432 5865 0
5432 5866 1
5432 5868 0
5432 5981 0
5432 1943 0
5432 6078 0
9534 9534 0
9534 5487 0
13631 3814 0
13631 13631 0
13631 5994 0
13631 1388 0
13631 1400 1
13631 1927 1
1359 18003 1
1359 15807 0
1359 3745 0
1359 3757 0
1359 3759 0
1359 1714 0
1359 5818 0
1359 1741 0
1359 5855 0
1359 5865 0
1359 5868 0
1359 7986 0
1359 1674 0
1359 5464 0
1359 3429 0
1359 3986 0
1359 3950 0
1359 1927 1
1359 1943 0
1359 18332 0
1359 5569 0
1359 3561 0
3408 5729 1
3408 3729 0
3408 1687 0
3408 1688 0
3408 3408 0
3408 1383 0
3408 8065 0
3408 1472 0
1365 1927 1
1365 1943 0
1365 3535 0
1365 1620 0
5464 3757 0
5464 1667 1
5464 3745 0
5464 1741 0
5464 1400 1
5464 1765 0
5464 7986 0
5464 1388 0
5464 3950 0
5464 1927 1
5464 3986 0
5464 5529 0
5464 6068 0
5464 5469 0
1371 1259 0
1371 1371 0
1371 3429 0
1371 3446 0
1371 3729 0
1371 1687 0
1371 16031 0
1371 7861 0
1371 1728 1
1371 7893 0
1371 5855 0
1371 1765 0
1371 5866 1
1371 5981 0
1371 8065 0
1371 3978 0
1371 3986 0
1371 8112 0
1371 16308 0
1371 6141 0
5469 1927 1
5469 3927 0
5469 5981 0
5469 1259 0
5469 5469 0
5469 5487 0
5469 3446 0
5469 1620 0
5469 1667 1
5469 1674 0
5469 1680 0
5469 1687 0
5469 1741 0
5469 5855 0
5469 1765 0
5469 3929 0
5469 7633 0
5469 3986 0
5469 1943 0
5469 3992 1
5469 8176 0
15712 7579 1
15712 18294 1
3426 1383 0
3426 16308 0
3426 1259 0
3426 3426 0
3426 3429 0
3426 1388 0
3426 5529 0
3426 5981 0
3426 19879 0
3426 1472 0
3426 15988 0
3426 1667 1
3426 1680 0
3426 1687 0
3426 3745 0
3426 3753 0
3426 3782 0
3426 3802 0
3426 1765 0
3426 3814 0
3426 5868 0
3426 18179 0
3426 1824 0
3426 8065 0
3426 1927 1
3426 3986 0
3426 1943 0
3426 16292 0
3426 8112 0
3426 6065 0
3426 6068 0
3426 16031 0
3426 8176 0
3429 8065 0
3429 5981 0
3429 18332 0
3429 1680 0
3429 1687 0
3429 3745 0
3429 3757 0
3429 3802 0
3429 1388 0
3429 3986 0
3429 1927 1
3429 3978 0
3429 1943 0
3429 6065 0
3429 16308 0
3429 7633 0
3429 15988 0
1383 1388 0
1383 12954 0
1383 5487 0
1383 5529 0
1383 19879 0
1383 3561 0
1383 7678 0
1383 15888 0
1383 1653 0
1383 1680 0
1383 3729 0
1383 16031 0
1383 3753 0
1383 7861 0
1383 15988 0
1383 3782 0
1383 1741 0
1383 7893 0
1383 3802 0
1383 5855 0
1383 1765 0
1383 5866 1
1383 7945 0
1383 3929 0
1383 8065 0
1383 3978 0
1383 3986 0
1383 1943 0
1383 18332 0
1383 16295 0
1383 6065 0
1383 16308 0
1383 6078 0
1388 1388 0
1388 12954 0
1388 1259 0
1388 3446 0
1388 5529 0
1388 19879 0
1388 3561 0
1388 3574 0
1388 7678 0
1388 15888 0
1388 1653 0
1388 1667 1
1388 16031 0
1388 7861 0
1388 15988 0
1388 3782 0
1388 1741 0
1388 7893 0
1388 3802 0
1388 1765 0
1388 7945 0
1388 7986 0
1388 13619 0
1388 5981 0
1388 5994 0
1388 8065 0
1388 3978 0
1388 3986 0
1388 1943 0
1388 18332 0
1388 16292 0
1388 16295 0
1388 10152 0
1388 6065 0
1388 16308 0
5487 12954 0
5487 5487 0
5487 7633 0
5487 7678 0
5487 7740 0
5487 16031 0
5487 3759 0
5487 3782 0
5487 1741 0
5487 3802 0
5487 7945 0
5487 3978 0
5487 3986 0
3446 4371 0
3446 3446 0
3446 19879 0
3446 3574 0
3446 7740 0
3446 1687 0
3446 1714 0
3446 1728 1
3446 3782 0
3446 1741 0
3446 3802 0
3446 5855 0
3446 5981 0
3446 5994 0
3446 6068 0
3446 8185 0
1400 7584 1
1400 1957 1
1400 3753 1
1400 5994 1
1400 13619 1
1400 5818 1
1400 3814 1
1400 3561 1
1400 1400 2
1259 3561 0
1259 7678 0
1259 7721 0
1259 1620 0
1259 5729 1
1259 4371 0
1259 1653 0
1259 1667 1
1259 1687 0
1259 1688 0
1259 3782 0
1259 1741 0
1259 3927 0
1259 3986 0
1259 8112 0
1259 16308 0
1259 6078 0
3469 1667 1
3469 5818 0
3469 5856 0
3469 6141 0
5529 7740 0
5529 15988 0
5529 1653 0
5529 1680 0
5529 16031 0
5529 3782 0
5529 1741 0
5529 3802 0
5529 19879 0
5529 7867 1
5529 7893 0
5529 1824 0
5529 5529 0
5529 3927 0
5529 1927 1
5529 3978 0
5529 3986 0
5529 7584 0
5529 8185 0
5529 3561 0
7579 1653 1
7584 3986 0
7584 1653 0
19879 4371 0
19879 13619 0
19879 19879 0
19879 3561 0
19879 16308 0
19879 5729 1
19879 15988 0
19879 1653 0
19879 1674 0
19879 1680 0
19879 1687 0
19879 1688 0
19879 16031 0
19879 3753 0
19879 3782 0
19879 1741 0
19879 7893 0
19879 3802 0
19879 5855 0
19879 1765 0
19879 12028 0
19879 1824 0
19879 7986 0
19879 8016 0
19879 3927 0
19879 3929 0
19879 5981 0
19879 8065 0
19879 1927 1
19879 3978 0
19879 3986 0
19879 1943 0
19879 18332 0
19879 16292 0
19879 8112 0
19879 6065 0
19879 6068 0
19879 8176 0
19879 8185 0
13619 1653 0
13619 1741 0
13619 1927 1
5555 1667 1
5555 6068 0
5555 5855 0
15807 7741 0
15807 3745 0
15807 3757 0
15807 1927 1
15807 7633 0
1472 1620 0
1472 3729 0
1472 7893 0
1472 5866 1
1472 3950 0
1472 1927 1
1472 3978 0
1472 3986 0
1472 1943 0
1472 6065 0
1472 16308 0
5569 16308 0
5569 1680 0
5569 7893 0
5569 3802 0
5569 3986 0
5569 1943 0
5569 5569 0
5569 3561 0
3535 16031 0
3535 5855 0
3535 5729 1
7633 7633 0
7633 7721 0
7633 5729 1
7633 3802 0
7633 1765 0
7633 5994 0
3561 7861 0
3561 12954 0
3561 16295 0
3561 7678 0
3561 1653 0
3561 1667 1
3561 16031 0
3561 3759 0
3561 15988 0
3561 3782 0
3561 3802 0
3561 5855 0
3561 5856 0
3561 7945 0
3561 18227 0
3561 5981 0
3561 3986 0
3561 16292 0
3561 15888 0
3574 5981 0
3574 7740 0
3574 1687 0
3574 3782 0
3574 7893 0
3574 7986 0
3574 3986 0
3574 8112 0
3574 16308 0
3574 3574 0
7678 15888 0
7678 5981 0
7678 16031 0
7678 7861 0
7678 1741 0
7678 7893 0
7678 5855 0
7678 8065 0
7678 7945 0
7678 7740 0
7678 1927 1
7678 15988 0
7678 3986 0
7678 12954 0
7678 16295 0
7678 16308 0
5646 5646 2
15888 15888 0
15888 12954 0
15888 16031 0
15888 7861 0
15888 15988 0
15888 3782 0
15888 7893 0
15888 1765 0
15888 3986 0
15888 1943 0
15888 6065 0
15888 16308 0
7721 15988 0
7721 1653 0
7721 1680 0
7721 3745 0
7721 1824 0
7721 1927 1
7721 6068 0
7721 16031 0
7721 8176 0
6068 1741 0
6068 16308 0
6068 8112 0
6068 7741 0
6068 1653 0
6068 5818 0
6068 7893 0
6068 5855 0
6068 5856 0
6068 18179 0
6068 3929 0
6068 5981 0
6068 8065 0
6068 3986 0
6068 1943 0
6068 18332 0
6068 12954 0
6068 6065 0
6068 6068 0
7740 7740 0
7740 1653 0
7740 1667 1
7740 1680 0
7740 1687 0
7740 3802 0
7740 5855 0
7740 5856 0
7740 5865 0
7740 7893 0
7740 1927 1
7740 5981 0
7740 16295 0
7740 16308 0
7741 1667 1
7741 3757 0
7741 1653 0
7741 1927 1
7741 3978 0
7741 3745 0
11840 1927 1
11840 5865 0
11840 5866 1
1615 1667 1
1615 1615 0
1615 1620 0
1615 5994 0
18003 16308 1
18003 1765 1
1620 4371 0
1620 1620 0
1620 1667 1
1620 1674 0
1620 3757 0
1620 1714 0
1620 1741 0
1620 5855 0
1620 1765 0
1620 5865 0
1620 5868 0
1620 5981 0
1620 3986 0
1620 1943 0
1620 18332 0
1620 1957 0
1620 8112 0
5729 1653 1
5729 3729 1
5729 1687 1
5729 1688 1
5729 1714 1
5729 5855 1
5729 1765 1
5729 5994 1
5729 3978 1
5729 6078 1
4371 18227 0
4371 3729 0
4371 1687 0
4371 4371 0
4371 5994 0
4371 3986 0
4371 1957 0
4371 5981 0
4371 5855 0
15988 1653 0
15988 1667 1
15988 3729 0
15988 16031 0
15988 7861 0
15988 15988 0
15988 3782 0
15988 7893 0
15988 3802 0
15988 7945 0
15988 3927 0
15988 5994 0
15988 8065 0
15988 3978 0
15988 3986 0
15988 1943 0
15988 18332 0
15988 16292 0
15988 12954 0
15988 16295 0
15988 8112 0
15988 6065 0
15988 16308 0
15988 6078 0
1653 1653 0
1653 1674 0
1653 1688 0
1653 1714 0
1653 1765 0
1653 18179 0
1653 10106 0
1653 1943 0
1653 3729 0
1653 3802 0
1653 3927 0
1653 3986 0
1653 3992 1
1653 12954 0
1653 5855 0
1653 5865 0
1653 6065 0
1653 6078 0
1653 16031 0
1653 7867 1
1653 7893 0
1653 7945 0
1653 7986 0
1653 16292 0
1653 16308 0
1653 8176 0
1667 3757 1
1667 5981 1
1667 18227 1
1667 1667 2
1667 1688 1
1667 3745 1
1667 3759 1
1667 1741 1
1667 7893 1
1667 1765 1
1667 12028 1
1667 18179 1
1667 1824 1
1667 7986 1
1667 3929 1
1667 3986 1
1667 8065 1
1667 18332 1
1667 16292 1
1667 10152 1
1667 6065 1
1667 16308 1
1667 8185 1
1667 8176 1
1674 1674 0
1674 1687 0
1674 3745 0
1674 3759 0
1674 1765 0
1674 7986 0
1674 3927 0
1674 1927 1
1674 3986 0
1674 16308 0
1680 5856 0
1680 16031 0
1680 3753 0
1680 3759 0
1680 3782 0
1680 7893 0
1680 3802 0
1680 3978 0
1680 3986 0
1680 1943 0
1680 18332 0
1680 8112 0
1680 6065 0
1680 16308 0
3729 10152 0
3729 3729 0
3729 1687 0
3729 1741 0
3729 3802 0
3729 5855 0
3729 5856 0
3729 18179 0
3729 3927 0
3729 5981 0
3729 1927 1
3729 3978 0
3729 1943 0
3729 16295 0
3729 8112 0
3729 6078 0
3729 8185 0
1687 5981 0
1687 1687 0
1687 1688 0
1687 1741 0
1687 5855 0
1687 5856 0
1687 1765 0
1687 5994 0
1687 3978 0
1687 1957 0
1687 6078 0
1687 6141 0
1688 1688 0
1688 1765 0
1688 5981 0
1688 6078 0
3740 5866 2
16031 12954 0
16031 16031 0
16031 3759 0
16031 1728 1
16031 3782 0
16031 3802 0
16031 1765 0
16031 8016 0
16031 3927 0
16031 5981 0
16031 8065 0
16031 3978 0
16031 3986 0
16031 1943 0
16031 16295 0
16031 8176 0
16031 8185 0
3745 1714 0
3745 5994 0
3745 3745 0
3745 3753 0
3745 3757 0
3745 3759 0
3745 1741 0
3745 3802 0
3745 5855 0
3745 5865 0
3745 5866 1
3745 5868 0
3745 7986 0
3745 10106 0
3745 8065 0
3745 1927 1
3745 3986 0
3745 1943 0
3745 8112 0
3745 6065 0
3753 12954 0
3753 1741 0
3753 3802 0
3753 1765 0
3753 5866 1
3753 7986 0
3753 3950 0
3753 3978 0
3753 1943 0
3753 6065 0
3753 6078 0
3757 1741 0
3757 5855 0
3757 7986 0
3757 3950 0
3757 1927 1
3757 3986 0
3757 16295 0
3759 1927 1
3759 7986 0
3759 3950 0
1714 1714 0
1714 3927 0
1714 5981 0
1714 3950 0
1714 1927 1
1714 3986 0
1714 1943 0
1714 6065 0
7861 3782 0
7861 7945 0
7861 3986 0
7861 12954 0
7861 16295 0
5818 3950 0
5818 1927 1
7867 18227 1
7867 12028 1
1728 7893 1
1728 5981 1
1728 5855 1
1728 6141 1
3782 12954 0
3782 1741 0
3782 3802 0
3782 5855 0
3782 1765 0
3782 7986 0
3782 3927 0
3782 5981 0
3782 5994 0
3782 3978 0
3782 3986 0
3782 1943 0
3782 18332 0
3782 10152 0
3782 6065 0
3782 6078 0
1741 1741 0
1741 3802 0
1741 5855 0
1741 1765 0
1741 3927 0
1741 5994 0
1741 8065 0
1741 1927 1
1741 3978 0
1741 1957 0
1741 12954 0
1741 16295 0
1741 8176 0
1741 8185 0
7893 7893 0
7893 3802 0
7893 16308 0
7893 5855 0
7893 1765 0
7893 7945 0
7893 1824 0
7893 3927 0
7893 5981 0
7893 8065 0
7893 1927 1
7893 3978 0
7893 12954 0
7893 16295 0
7893 8185 0
3802 3927 0
3802 3802 0
3802 5855 0
3802 7986 0
3802 5981 0
3802 3978 0
3802 3986 0
3802 1943 0
3802 16292 0
3802 1957 0
3802 8112 0
3802 6065 0
3802 16308 0
3802 6078 0
5855 7986 0
5855 10152 0
5855 5855 0
5855 5856 0
5855 1765 0
5855 5865 0
5855 5868 0
5855 18179 0
5855 16308 0
5855 5981 0
5855 5994 0
5855 8065 0
5855 1927 1
5855 3978 0
5855 8176 0
5855 8112 0
5855 6078 0
5855 8185 0
5856 1824 0
5856 5981 0
5856 5994 0
5856 1927 1
5856 8185 0
1765 1765 0
1765 1824 0
1765 3927 0
1765 3978 0
1765 3986 0
1765 1943 0
1765 6065 0
1765 16308 0
1765 18364 0
3814 5865 0
3814 5866 1
5865 5865 0
5865 5866 1
5865 5868 0
5865 7986 0
5865 3950 0
5865 1927 1
5865 3986 0
5866 5866 2
5866 5868 1
5866 7945 1
5866 3927 1
5866 3950 1
5866 1927 2
5868 1824 0
5868 7986 0
5868 3950 0
5868 1927 1
5868 3986 0
5868 8176 0
18179 3978 0
18179 3986 0
18179 8112 0
18179 8176 0
7945 3986 0
7945 12954 0
7945 16295 0
7945 8112 0
7945 16308 0
1824 1824 0
1824 3929 0
1824 8065 0
1824 3986 0
1824 1943 0
1824 18332 0
1824 8112 0
1824 6065 0
1824 16308 0
7986 12954 0
7986 3927 0
7986 1927 1
7986 3978 0
7986 10152 0
18227 18332 0
8016 8016 0
8016 5981 0
8016 3986 0
8016 1943 0
8016 8112 0
3927 12954 0
3927 3927 0
3927 5994 0
3927 8065 0
3927 3986 0
3927 1943 0
3927 8112 0
3927 6065 0
3927 16308 0
3929 3929 0
3929 3978 0
3929 8112 0
5981 1943 0
5981 10152 0
5981 3978 0
5981 3986 0
5981 5981 0
5981 6065 0
5981 6078 0
5981 8112 0
5981 16308 0
5981 8176 0
5981 8185 0
5994 5994 0
5994 8065 0
5994 1957 0
5994 8185 0
3950 1927 1
18294 18294 2
10106 1927 1
10106 16308 0
8065 8065 0
8065 1927 1
8065 8185 0
1927 12954 1
1927 3986 1
1927 1943 1
1927 6065 1
1927 16308 1
1927 6078 1
1927 8176 1
3978 12954 0
3978 3978 0
3978 3986 0
3978 1943 0
3978 18332 0
3978 16292 0
3978 10152 0
3978 16308 0
3978 8176 0
3986 10152 0
3986 3986 0
3986 3992 1
3986 12954 0
3986 16292 0
3986 16295 0
3986 8112 0
3986 8176 0
3986 8185 0
1943 1943 0
1943 6078 0
1943 8176 0
1943 8185 0
18332 10152 0
18332 8112 0
18332 8185 0
12954 16308 0
12954 16295 0
16292 16292 0
16292 16308 0
1957 1957 0
16295 16308 0
10152 10152 0
8112 8112 0
8112 8185 0
6065 6065 0
6065 8176 0
6065 8185 0
16308 16308 0
16308 8185 0
6078 6078 0
6078 8185 0
8176 8176 0
8185 8185 0
