2059 2059 0
2059 5469 0
2059 4300 0
2059 4339 0
2059 2340 0
2059 8575 0
2059 8623 0
2059 4681 0
2059 4704 0
2059 2718 0
2059 719 0
2059 4818 0
2059 729 0
2059 730 0
2059 6907 0
2059 827 0
2059 3036 0
2059 1022 0
2059 2904 0
2059 3123 1
2059 5247 0
2059 1170 0
2059 3225 0
2059 5432 0
2059 5521 0
2059 5523 0
2059 1489 0
2059 5835 1
2059 20251 0
2059 6792 0
2069 2069 0
2069 5183 1
2069 5185 1
2069 1620 0
2069 8881 0
2069 6740 0
2069 1216 0
2069 2338 0
2069 4818 0
2069 3986 0
2069 2997 0
2069 16031 0
2069 4555 0
2069 7634 0
2069 1022 0
33 8879 0
33 20759 0
33 3986 0
33 6040 0
33 18332 0
33 1438 0
33 33 0
33 6043 0
33 8881 0
33 2997 0
33 1722 1
33 5183 1
33 5184 1
33 6739 0
33 6741 0
33 4069 0
1570 18332 1
1570 1584 1
1570 19742 1
1570 3767 1
1570 1216 1
1570 5500 1
2599 2599 0
2599 6739 0
2599 6740 0
2599 6741 0
2599 3225 0
2599 2718 0
2599 5835 1
2599 4867 1
2599 8477 0
2599 2338 0
2599 821 0
2599 2904 0
2599 5994 0
2599 3986 0
2599 2997 0
2599 16031 0
2599 14072 0
2599 8881 0
1576 1576 0
1576 3123 1
1576 4681 0
1576 1620 0
1576 4704 0
1576 5247 0
1576 3225 0
1576 5835 1
1576 4300 0
1576 2338 0
1576 729 0
1576 719 0
1576 5469 0
1576 3986 0
1576 5526 0
1576 8623 0
1576 1489 0
1576 3035 0
1576 3036 0
1576 3037 1
41 7726 0
41 3986 0
41 1177 0
41 41 0
41 1196 0
41 5183 1
41 5184 1
41 16031 0
41 6739 0
41 6740 0
41 5981 0
41 5247 0
7726 8477 0
7726 2338 0
7726 6741 0
7726 6792 0
7726 2718 0
7726 1022 0
7726 5183 1
7726 5184 1
7726 1108 0
7726 7726 0
7726 3784 0
7726 14072 0
7726 5981 0
7726 1891 0
7726 5994 0
5981 16661 0
5981 8881 0
5981 729 0
5981 730 0
5981 821 0
5981 827 0
5981 1170 0
5981 1620 0
5981 8477 0
5981 2338 0
5981 18784 0
5981 2997 0
5981 3225 0
5981 3784 0
5981 3986 0
5981 4186 0
5981 4300 0
5981 4339 0
5981 5183 1
5981 5432 0
5981 5469 0
5981 5835 1
5981 5981 0
5981 6005 0
5981 6739 0
5981 6740 0
5981 6741 0
5981 6792 0
5981 20251 0
5981 6907 0
5981 7109 0
5981 7267 0
5981 7634 0
5981 16031 0
1584 1584 0
1584 1588 1
1586 1588 2
3123 2904 1
3123 1170 1
3123 1171 1
3123 5525 1
3123 5469 1
3123 3225 1
3123 20251 1
3123 2338 1
3123 2339 1
3123 2340 1
3123 5521 1
3123 821 1
3123 4535 1
3123 4818 1
3123 5432 1
3123 5526 1
3123 4300 1
3123 1489 1
3123 4183 2
3123 729 1
3123 730 1
3123 3036 1
3123 3037 2
3123 4704 1
3123 2961 1
3123 3123 2
3123 4339 1
3123 6907 1
3123 1022 1
3123 8575 1
1588 719 1
1588 8881 1
5183 5184 2
5183 5185 2
5183 6739 1
5183 6740 1
5183 6741 1
5183 4186 1
5183 7267 1
5183 1177 1
5183 16031 1
5183 1196 1
5183 8879 1
5183 8881 1
5183 3806 1
5183 3831 1
5183 14072 1
5183 3834 1
5183 6399 1
5183 3840 1
5183 20759 1
5183 1891 1
5183 18784 1
5183 3444 1
5183 7041 1
5183 7042 1
5183 7043 1
5183 3986 1
5183 6040 1
5183 6043 1
5183 18332 1
5183 1438 1
5183 2997 1
5183 7109 1
5183 4069 1
5183 3839 1
5184 3444 1
5184 5185 2
5184 6739 1
5184 1108 1
5184 6741 1
5184 4186 1
5184 16031 1
5184 4259 1
5184 1196 1
5184 8881 1
5184 3806 1
5184 3834 1
5184 6399 1
5184 3840 1
5184 16661 1
5184 20759 1
5184 19742 1
5184 18784 1
5184 1891 1
5184 7041 1
5184 7042 1
5184 7043 1
5184 6040 1
5184 6043 1
5184 1438 1
5184 2997 1
5184 4069 1
5184 6740 1
5184 3839 1
5185 7041 1
5185 5186 2
5185 1891 1
5185 16661 1
5185 325 1
5185 20759 1
5185 7042 1
5185 6399 1
5185 7043 1
5185 3831 1
5185 4069 1
5186 7041 1
5186 7042 1
5186 1891 1
5186 4069 1
5186 7043 1
5186 20759 1
5186 6399 1
4681 4704 0
4681 4681 0
4681 1620 0
4681 5247 0
4681 1170 0
4681 1171 0
4681 3225 0
4681 2718 0
4681 5835 1
4681 4300 0
4681 729 0
4681 4339 0
4681 4867 1
4681 20251 0
4681 2338 0
4681 2339 0
4681 5469 0
4681 5521 0
4681 3986 0
4681 2997 0
4681 3036 0
4681 5523 0
4681 1022 0
6739 4186 0
6739 4259 0
6739 3784 0
6739 4300 0
6739 2338 0
6739 18784 0
6739 8623 0
6739 6739 0
6739 6740 0
6739 6741 0
6739 8823 0
6739 2718 0
6739 8879 0
6739 8881 0
6739 7109 0
6739 1022 0
6739 7267 0
6739 7041 0
6739 5500 0
6739 7634 0
6739 14072 0
6739 8477 0
6739 3831 0
6739 3986 0
6739 325 0
6739 16031 0
1108 6040 0
1108 6043 0
1108 3037 1
1108 3806 0
1108 5500 0
6741 18784 0
6741 14072 0
6741 6740 0
6741 6741 0
6741 8477 0
6741 8823 0
6741 6792 0
6741 2718 0
6741 8879 0
6741 8881 0
6741 7109 0
6741 1022 0
6741 1177 0
6741 16031 0
6741 3784 0
6741 3986 0
6741 18332 0
4183 5521 1
4183 1170 1
4183 1171 1
4183 5525 1
4183 5526 1
4183 729 1
4183 2338 1
4183 5523 1
4183 7496 1
4183 4300 1
4183 719 1
4183 4818 1
4183 1620 1
4183 4183 2
4183 3035 1
4183 5469 1
4183 4704 1
4183 3986 1
4183 4339 1
4183 8823 1
4183 5244 1
4183 5247 1
4186 3986 0
4186 5525 0
4186 5526 0
4186 1438 0
4186 2997 0
4186 4186 0
4186 3834 0
4704 1620 0
4704 5835 1
4704 1170 0
4704 1171 0
4704 3225 0
4704 4300 0
4704 719 0
4704 729 0
4704 730 0
4704 4339 0
4704 5247 0
4704 4867 1
4704 8477 0
4704 2338 0
4704 2339 0
4704 5469 0
4704 5521 0
4704 2961 0
4704 3986 0
4704 5525 0
4704 5526 0
4704 4535 0
4704 4704 0
4704 3035 0
4704 3036 0
4704 6907 0
4704 4069 0
4704 5523 0
7267 1620 0
7267 1170 0
7267 2718 0
7267 5835 1
7267 4818 0
7267 14072 0
7267 2338 0
7267 3986 0
7267 3036 0
7267 1022 0
17006 17006 0
17006 2169 1
17006 5835 1
17006 5994 0
17006 7043 0
7283 5523 0
7283 5526 0
7283 5525 0
7283 5428 1
7283 3037 1
7283 5521 0
7283 5994 0
7283 7283 0
8823 8881 0
8823 6740 0
8823 16031 0
8823 3037 1
2169 2176 1
2169 4867 2
2169 8881 1
2169 2169 2
2169 2175 1
5244 2338 0
5244 4300 0
5244 1170 0
5244 4339 0
5244 5469 0
5244 3035 0
5244 3037 1
2175 4867 1
2175 3976 1
2176 3976 1
6792 325 0
6792 18784 0
6792 14072 0
6792 4535 0
6792 6792 0
6792 2718 0
6792 8879 0
6792 4867 1
6792 3036 0
6792 3037 1
6792 1022 0
6792 3225 0
6792 5469 0
6792 1620 0
6792 7109 0
6792 5835 1
1170 4300 0
1170 2338 0
1170 8623 0
1170 4555 0
1170 4867 1
1170 729 0
1170 730 0
1170 1489 0
1170 6907 0
1170 5247 0
1170 1171 0
1170 5432 0
1170 5469 0
1170 5525 0
1170 5526 0
1170 1620 0
1170 14072 0
1170 20251 0
1170 3986 0
1171 1620 0
1171 5247 0
1171 1171 0
1171 4300 0
1171 729 0
1171 730 0
1171 6907 0
1171 2338 0
1171 2961 0
1171 3986 0
1171 5525 0
1171 5526 0
1171 8623 0
1171 1489 0
1177 8623 0
1177 1177 0
1177 730 0
1177 8477 0
1177 4550 0
1177 3037 1
2718 2338 0
2718 5521 0
2718 5523 0
2718 4535 0
2718 4550 0
2718 6740 0
2718 2718 0
2718 8881 0
2718 719 0
2718 4867 1
2718 827 0
2718 3035 0
2718 3036 0
2718 5247 0
2718 3225 0
2718 1216 0
2718 5432 0
2718 5469 0
2718 5500 0
2718 7634 0
2718 1620 0
2718 5835 1
2718 14072 0
2718 3986 0
2718 18332 0
2718 16031 0
16031 4259 0
16031 8623 0
16031 14072 0
16031 6740 0
16031 8477 0
16031 8881 0
16031 5500 0
16031 5521 0
16031 16031 0
16031 3784 0
16031 3986 0
16031 1022 0
4259 1620 0
4259 8879 0
4259 8881 0
4259 18332 0
4259 5835 1
4259 14072 0
4259 3839 0
4259 3840 0
4259 16661 0
4259 8477 0
4259 2338 0
4259 5432 0
4259 5500 0
4259 3986 0
4259 6740 0
4259 1022 0
1196 3986 0
1196 3444 0
8879 14072 0
8879 1620 0
8879 5835 1
8879 5500 0
8879 3986 0
8879 18332 0
8879 2997 0
8879 6740 0
6740 8477 0
6740 14072 0
6740 6907 0
6740 8881 0
6740 7109 0
6740 1022 0
6740 3784 0
6740 3986 0
8881 8881 0
8881 3784 0
8881 4339 0
8881 2338 0
8881 4535 0
8881 14072 0
8881 1022 0
8881 5247 0
8881 1216 0
8881 5469 0
8881 3444 0
8881 5500 0
8881 5521 0
8881 5523 0
8881 8477 0
8881 3834 0
8881 5994 0
8881 3986 0
8881 18332 0
3767 5835 1
3767 821 0
3767 3767 0
1722 3986 1
1722 1722 2
1722 827 1
1722 7109 1
1722 2408 1
1216 1620 0
1216 5835 1
1216 20251 0
1216 5432 0
1216 3986 0
1216 2997 0
1216 1022 0
5323 7496 1
5323 5323 2
3784 2408 0
3784 5835 1
3784 3784 0
3784 5432 0
3784 3986 0
3784 3036 0
3784 3037 1
5835 14072 1
5835 1620 1
5835 6005 1
5835 5835 2
5835 4300 1
5835 2338 1
5835 719 1
5835 729 1
5835 20251 1
5835 8477 1
5835 325 1
5835 5469 1
5835 18784 1
5835 5521 1
5835 5994 1
5835 5500 1
5835 7634 1
5835 4535 1
5835 4550 1
5835 4555 1
5835 3035 1
5835 3036 1
5835 8623 1
5835 1022 1
4300 8623 0
4300 5469 0
4300 1620 0
4300 20251 0
4300 3225 0
4300 4300 0
4300 4818 0
4300 2340 0
4300 730 0
4300 4339 0
4300 5247 0
4300 4867 1
4300 729 0
4300 2338 0
4300 2904 0
4300 2961 0
4300 3986 0
4300 7109 0
4300 4555 0
4300 1489 0
4300 3035 0
4300 3036 0
4300 3037 1
4300 6907 0
4300 5523 0
719 5469 0
719 1620 0
719 7109 0
719 719 0
719 4818 0
719 4339 0
719 2339 0
719 2340 0
719 3986 0
719 4550 0
719 1022 0
4818 1620 0
4818 5247 0
4818 3225 0
4818 4818 0
4818 4339 0
4818 6907 0
4818 2338 0
4818 5469 0
4818 3986 0
4818 8623 0
4818 1489 0
729 4867 1
729 5469 0
729 1620 0
729 5247 0
729 3225 0
729 729 0
729 730 0
729 4339 0
729 2338 0
729 2904 0
729 3986 0
729 8575 0
729 2961 0
729 5525 0
729 5526 0
729 20251 0
729 2997 0
729 8623 0
729 4555 0
729 14072 0
729 5523 0
730 4867 1
730 3225 0
730 2338 0
730 20251 0
730 1620 0
730 730 0
730 5469 0
730 3986 0
730 5247 0
3806 16661 0
3806 3831 0
3806 3834 0
3806 3839 0
3806 3840 0
3806 5994 0
3806 6040 0
3806 6043 0
3806 2997 0
4339 5469 0
4339 1620 0
4339 5247 0
4339 3225 0
4339 2338 0
4339 4867 1
4339 3986 0
4339 8477 0
4339 2961 0
4339 8623 0
4339 1489 0
4339 3035 0
4339 3036 0
3831 3834 0
3831 3839 0
3831 3840 0
3831 16661 0
3831 3986 0
3831 6040 0
3831 6043 0
3831 18332 0
3831 1438 0
14072 1620 0
14072 5247 0
14072 3839 0
14072 2338 0
14072 5432 0
14072 5500 0
14072 18332 0
14072 3986 0
3834 3839 0
3834 3840 0
3834 1891 0
3834 6040 0
3834 6043 0
3834 4069 0
6907 3225 0
6907 2338 0
6907 3035 0
6907 6907 0
6907 1620 0
6907 3036 0
6907 3037 1
6399 7041 0
6399 7042 0
6399 7043 0
6399 20759 0
6399 4069 0
6399 1891 0
3840 3839 0
3840 8477 0
3840 7041 0
3840 6040 0
3840 6043 0
4867 4867 2
4867 3976 2
4867 3986 1
4867 5523 1
4867 2338 1
4867 2340 1
4867 8477 1
4867 5432 1
4867 4550 1
4867 4555 1
4867 1489 1
4867 2339 1
4867 1620 1
4867 5469 1
4867 5247 1
16661 3986 0
16661 18332 0
16661 1022 0
20759 7041 0
20759 7043 0
20759 20759 0
20759 7042 0
20759 1438 0
20251 1620 0
20251 5994 0
20251 3225 0
20251 20251 0
20251 2338 0
20251 5469 0
20251 2961 0
20251 8623 0
20251 1022 0
8477 2338 0
8477 18784 0
8477 8623 0
8477 821 0
8477 2904 0
8477 2997 0
8477 3986 0
8477 18332 0
2338 2338 0
2338 2339 0
2338 8575 0
2338 8623 0
2338 4550 0
2338 2961 0
2338 2997 0
2338 3035 0
2338 3036 0
2338 1022 0
2338 5247 0
2338 5432 0
2338 5469 0
2338 1438 0
2338 1489 0
2338 1620 0
2338 2340 0
2338 1891 0
2338 5994 0
2338 3986 0
2339 1620 0
2339 5247 0
2340 2340 0
2340 4550 0
2340 1489 0
2340 1620 0
2340 3036 0
2340 5469 0
5428 5428 2
5428 5432 1
5428 5994 1
5428 6005 1
821 5247 0
821 821 0
821 8623 0
821 2997 0
821 3037 1
5432 2408 0
5432 4550 0
5432 4555 0
5432 827 0
5432 5247 0
5432 5432 0
5432 5469 0
5432 5521 0
5432 5523 0
5432 1620 0
5432 6005 0
827 4535 0
827 8623 0
827 827 0
827 2997 0
827 7109 0
827 3037 1
827 5469 0
827 1620 0
827 5994 0
827 3986 0
827 18332 0
325 325 0
325 5469 0
325 3986 0
325 4555 0
7496 7496 0
7496 3986 0
7496 6043 0
2904 5523 0
2904 5525 0
2904 5526 0
2904 3035 0
2904 3037 1
5469 5523 0
5469 8623 0
5469 3036 0
5469 1022 0
5469 5247 0
5469 5469 0
5469 5521 0
5469 5525 0
5469 5526 0
5469 1489 0
5469 1620 0
5469 3986 0
18784 1620 0
18784 5247 0
18784 18332 0
1891 3444 0
1891 1438 0
1891 4069 0
5521 1620 0
5521 3225 0
5521 5994 0
5521 5521 0
5521 3986 0
5521 5523 0
5521 5525 0
5521 5526 0
5521 3035 0
5521 3036 0
5521 3037 1
2408 2408 0
2408 3037 1
5994 1022 0
5994 5994 0
5994 6005 0
3444 3986 0
3444 2997 0
3444 3444 0
6005 6005 0
5500 7043 0
5500 18332 0
5500 1620 0
8575 3986 0
8575 3035 0
8575 3036 0
8575 3037 1
8575 8575 0
8575 5247 0
7041 7043 0
7041 7042 0
7041 1438 0
7041 4069 0
7042 7043 0
7042 1438 0
7042 4069 0
7043 3986 0
7043 1438 0
7043 1620 0
7043 4069 0
5247 3036 0
5247 1620 0
5247 3225 0
5247 4550 0
5247 3986 0
5247 2961 0
5247 5525 0
5247 5526 0
5247 4555 0
5247 1489 0
5247 1022 0
2961 2961 0
2961 1489 0
2961 3035 0
2961 3037 1
3986 8623 0
3986 1022 0
3986 1438 0
3986 1620 0
3986 3035 0
3986 3986 0
3986 4069 0
3986 4550 0
3986 5523 0
3986 5526 0
3986 7109 0
5523 1620 0
5523 4555 0
5523 3225 0
5523 3035 0
5523 3036 0
5523 5523 0
5523 5526 0
5523 5525 0
5523 4550 0
5523 3037 1
5523 8623 0
5525 1620 0
5525 3225 0
5525 7109 0
5525 5525 0
5525 5526 0
5525 4550 0
5525 3035 0
5525 3036 0
5525 3037 1
5526 5526 0
5526 1438 0
5526 4550 0
5526 3037 1
5526 1620 0
5526 3035 0
5526 3036 0
3225 8623 0
3225 3225 0
3225 7109 0
3225 4550 0
3225 4555 0
3225 1489 0
3225 3037 1
6040 3839 0
6040 6043 0
6043 3839 0
6043 4069 0
18332 1022 0
18332 1620 0
1438 1438 0
1438 4069 0
8623 8623 0
8623 4550 0
8623 3037 1
2997 1022 0
2997 2997 0
4535 1620 0
4535 4535 0
7109 7109 0
7109 4550 0
4550 4550 0
4550 4555 0
4550 3036 0
4550 1620 0
4555 1620 0
4555 4555 0
1489 1489 0
1489 1620 0
7634 3037 1
7634 1620 0
7634 7634 0
3035 3035 0
3035 3037 1
3035 1620 0
3036 1620 0
3036 3036 0
3036 3037 1
3037 3037 2
1620 1620 0
1022 1022 0
