6147 6147 0
6147 8467 0
6147 2594 0
6147 729 0
6147 2962 0
6147 5016 0
6147 2997 0
6147 972 0
6147 988 0
6147 5247 0
6147 1170 0
6147 2598 0
6147 3426 0
6147 3446 0
6147 5521 0
6147 6065 0
6147 7741 0
6147 1653 0
6147 5787 0
6147 1714 0
6147 1722 1
6147 5836 1
6147 1741 0
6147 3986 0
6147 1943 0
6665 3140 0
6665 6737 0
6665 6738 0
6665 6739 0
6665 6740 0
6665 6741 0
6665 8881 0
6665 4796 1
6665 2937 0
6665 3802 0
6665 6484 0
6665 2904 1
6665 1371 0
6665 861 0
6665 3426 0
6665 3848 0
6665 3446 0
6665 5016 0
6665 16031 0
6665 2503 0
6665 988 0
2059 2059 0
2059 5469 0
2059 4300 0
2059 4339 0
2059 287 0
2059 4537 0
2059 4704 0
2059 719 0
2059 729 0
2059 6975 0
2059 3036 0
2059 1022 0
2059 2904 1
2059 3123 1
2059 5247 0
2059 1170 0
2059 3225 0
2059 1197 0
2059 4301 0
2059 1254 1
2059 3336 0
2059 5432 0
2059 5521 0
2059 5523 0
2059 1489 0
2059 1680 0
2059 1714 0
2059 5828 0
2059 5835 0
2059 1927 0
2059 1943 0
972 2594 0
972 8881 0
972 60 0
972 6741 0
972 3160 1
972 4704 0
972 1653 0
972 4547 0
972 5828 0
972 5835 0
972 5836 1
972 1741 0
972 5787 0
972 5469 0
972 3986 0
972 4534 0
972 972 0
972 1022 0
3035 4704 0
3035 7851 0
3035 5835 0
3035 4300 0
3035 5850 0
3035 4339 0
3035 2338 0
3035 3378 0
3035 2890 1
3035 2904 1
3035 5521 0
3035 3446 0
3035 3986 0
3035 5523 0
3035 5525 0
3035 5526 0
3035 4534 0
3035 3035 0
3035 3037 0
13843 13843 0
13843 3154 0
13843 3160 1
13843 3168 0
13843 1653 0
13843 5247 0
13843 1170 0
13843 729 0
13843 2338 0
13843 5980 0
13843 2962 0
13843 3150 1
13843 3151 0
13843 3036 0
13843 6739 0
2594 2115 0
2594 79 1
2594 174 0
2594 237 0
2594 8467 0
2594 5850 0
2594 287 0
2594 2338 0
2594 6484 0
2594 2399 0
2594 6526 0
2594 4547 0
2594 14790 0
2594 2594 0
2594 2598 0
2594 2606 0
2594 6737 0
2594 6739 0
2594 6740 0
2594 6741 0
2594 8881 0
2594 6977 0
2594 861 0
2594 5016 0
2594 5026 0
2594 2997 0
2594 1022 0
2594 3150 1
2594 3151 0
2594 3154 0
2594 3160 1
2594 3168 0
2594 3225 0
2594 3267 1
2594 2937 0
2594 3378 0
2594 1371 0
2594 3426 0
2594 3561 0
2594 1519 1
2594 1653 0
2594 1680 0
2594 16031 0
2594 7851 0
2594 1741 0
2594 3802 0
2594 3848 0
2594 7986 0
2594 5974 0
2594 1927 0
2594 3986 0
2594 1943 0
2594 6065 0
2598 2937 0
2598 237 0
2598 8467 0
2598 2338 0
2598 6484 0
2598 6526 0
2598 4547 0
2598 2598 0
2598 2606 0
2598 6739 0
2598 6740 0
2598 6741 0
2598 8881 0
2598 2904 1
2598 861 0
2598 6977 0
2598 5016 0
2598 3378 0
2598 3426 0
2598 3561 0
2598 2997 0
2598 5850 0
2598 1653 0
2598 16031 0
2598 7851 0
2598 5836 1
2598 1741 0
2598 3802 0
2598 3848 0
2598 7986 0
2598 5974 0
2598 3986 0
2598 1943 0
2598 6065 0
2606 129 0
2606 2280 0
2606 237 0
2606 4339 0
2606 5850 0
2606 2338 0
2606 6484 0
2606 6526 0
2606 4547 0
2606 14790 0
2606 6739 0
2606 6740 0
2606 6741 0
2606 2503 0
2606 8881 0
2606 6977 0
2606 2904 1
2606 2962 0
2606 5016 0
2606 5026 0
2606 861 0
2606 2937 0
2606 3378 0
2606 3426 0
2606 3446 0
2606 3561 0
2606 2997 0
2606 4704 0
2606 1653 0
2606 16031 0
2606 7851 0
2606 5836 1
2606 3802 0
2606 5880 0
2606 3848 0
2606 7986 0
2606 5974 0
2606 3986 0
2606 1943 0
2606 6065 0
861 8875 0
861 60 0
861 2115 0
861 5850 0
861 2399 0
861 4547 0
861 6737 0
861 6741 0
861 8881 0
861 861 0
861 2937 0
861 5016 0
861 3043 0
861 1022 0
861 3336 0
861 5432 0
861 5469 0
861 3426 0
861 3446 0
861 15843 1
861 1519 1
861 1653 0
861 1680 0
861 7851 0
861 1741 0
861 3802 0
861 5880 0
861 3848 0
861 1927 0
861 3986 0
861 16031 0
3848 2115 0
3848 3150 1
3848 3151 0
3848 6737 0
3848 3154 0
3848 6740 0
3848 6741 0
3848 3160 1
3848 3168 0
3848 7809 0
3848 8875 0
3848 719 0
3848 3802 0
3848 6739 0
3848 3848 0
3848 6484 0
3848 1371 0
3848 5980 0
3848 2937 0
3848 5016 0
3848 14790 0
3848 8881 0
3848 6738 0
3848 1022 0
5682 2201 1
5682 8642 1
3123 3336 1
3123 3722 1
3123 2904 2
3123 1170 1
3123 5525 1
3123 5469 1
3123 3225 1
3123 2338 1
3123 5521 1
3123 4534 1
3123 5432 1
3123 5526 1
3123 5729 1
3123 4300 1
3123 4299 1
3123 4301 1
3123 1489 1
3123 729 1
3123 3036 1
3123 3037 1
3123 4704 1
3123 7526 1
3123 3123 2
3123 4718 1
3123 4339 1
3123 5880 1
3123 1022 1
19515 3168 0
19515 3150 1
19515 3154 0
19515 3160 1
60 60 0
60 6977 0
60 129 0
60 3267 1
60 5835 0
60 5836 1
60 2280 0
60 2338 0
60 5432 0
60 4437 0
60 13200 0
60 3426 0
60 2937 0
60 6526 0
60 1927 0
60 1943 0
60 5026 0
60 2997 0
7741 4704 0
7741 2115 0
7741 3150 1
7741 3151 0
7741 3154 0
7741 3160 1
7741 3168 0
7741 13962 0
7741 174 0
7741 1653 0
7741 5880 0
7741 2849 0
7741 5980 0
7741 1927 0
7741 4547 0
7741 1519 1
3168 11810 0
3168 3150 1
3168 3151 0
3168 6737 0
3168 3154 0
3168 6740 0
3168 6741 0
3168 3160 1
3168 5247 0
3168 13962 0
3168 1170 0
3168 16031 0
3168 7851 0
3168 174 0
3168 8881 0
3168 1714 0
3168 4301 0
3168 729 0
3168 14718 0
3168 2849 0
3168 2338 0
3168 5432 0
3168 4482 0
3168 2962 0
3168 1943 0
3168 5026 0
3168 2997 0
3168 988 0
3168 3043 0
3168 6739 0
2115 8875 0
2115 2115 0
2115 6737 0
2115 6739 0
2115 6741 0
2115 8881 0
2115 129 0
2115 1680 0
2115 3225 0
2115 6740 0
2115 5836 1
2115 1741 0
2115 729 0
2115 3802 0
2115 287 0
2115 2338 0
2115 6977 0
2115 3267 1
2115 4437 0
2115 3426 0
2115 3446 0
2115 3986 0
2115 5469 0
2115 1943 0
2115 6065 0
2115 2997 0
2115 16031 0
2115 988 0
3140 6737 0
3140 6739 0
3140 6741 0
3140 1653 0
3140 16031 0
3140 8881 0
3140 4796 1
3140 4797 1
3140 3426 0
3140 5521 0
3140 3986 0
3140 5523 0
3150 8875 1
3150 8881 1
3150 3151 1
3150 6737 1
3150 3154 1
3150 6739 1
3150 6740 1
3150 6741 1
3150 3160 2
3150 5729 1
3150 5247 1
3150 129 1
3150 13962 1
3150 1170 1
3150 14718 1
3150 5787 1
3150 16031 1
3150 7851 1
3150 174 1
3150 1714 1
3150 4301 1
3150 1741 1
3150 729 1
3150 1762 1
3150 2280 1
3150 237 1
3150 6526 1
3150 2844 1
3150 2849 1
3150 2338 1
3150 3378 1
3150 7986 1
3150 6977 1
3150 6484 1
3150 4437 1
3150 5974 1
3150 11810 1
3150 3446 1
3150 4482 1
3150 13200 1
3150 2962 1
3150 5523 1
3150 1943 1
3150 5026 1
3150 10395 1
3150 20575 1
3150 6065 1
3150 2997 1
3150 4537 1
3150 14790 1
3150 2503 1
3150 988 1
3150 6738 1
3150 4592 1
79 3722 1
79 2338 1
79 5432 1
79 3426 1
6737 3446 0
6737 237 0
6737 8467 0
6737 287 0
6737 6484 0
6737 14790 0
6737 6738 0
6737 6739 0
6737 6740 0
6737 6741 0
6737 8875 0
6737 8881 0
6737 5016 0
6737 3151 0
6737 3154 0
6737 3160 1
6737 1371 0
6737 3426 0
6737 1653 0
6737 7809 0
6737 1680 0
6737 16031 0
6737 3802 0
6737 3986 0
3154 129 0
3154 4301 0
3154 8875 0
3154 13962 0
3154 4482 0
3154 1170 0
3154 1943 0
3154 5026 0
3154 2849 0
3154 3426 0
3154 20575 0
3154 7851 0
3154 3378 0
3154 174 0
3154 6740 0
3154 8881 0
3154 1714 0
3154 16031 0
3154 14790 0
3154 199 1
3154 11810 0
3154 2338 0
3154 3151 0
3154 6739 0
3154 6741 0
3154 3160 1
3154 729 0
3154 988 0
3154 1762 0
3154 2962 0
3154 6484 0
3154 14718 0
3154 5247 0
6739 8875 0
6739 4300 0
6739 4301 0
6739 237 0
6739 8467 0
6739 5850 0
6739 2338 0
6739 6484 0
6739 2399 0
6739 6526 0
6739 4482 0
6739 4547 0
6739 14790 0
6739 20953 0
6739 6738 0
6739 6739 0
6739 6740 0
6739 6741 0
6739 8881 0
6739 2937 0
6739 5016 0
6739 988 0
6739 1022 0
6739 5974 0
6739 3151 0
6739 3160 1
6739 5286 0
6739 3351 0
6739 1371 0
6739 3561 0
6739 1653 0
6739 1680 0
6739 7851 0
6739 287 0
6739 1741 0
6739 3802 0
6739 5880 0
6739 1927 0
6739 3986 0
6739 16031 0
6740 129 0
6740 237 0
6740 8467 0
6740 6484 0
6740 2399 0
6740 14790 0
6740 6738 0
6740 6741 0
6740 8875 0
6740 8881 0
6740 5016 0
6740 1022 0
6740 3151 0
6740 3160 1
6740 2937 0
6740 1371 0
6740 3561 0
6740 1519 1
6740 1653 0
6740 1680 0
6740 3802 0
6740 5880 0
6740 3986 0
6740 1943 0
6740 16031 0
6741 237 0
6741 5850 0
6741 6484 0
6741 14790 0
6741 6738 0
6741 6741 0
6741 6977 0
6741 8875 0
6741 8881 0
6741 5016 0
6741 1022 0
6741 5974 0
6741 3151 0
6741 3160 1
6741 2937 0
6741 1371 0
6741 3446 0
6741 8467 0
6741 1653 0
6741 7809 0
6741 1680 0
6741 16031 0
6741 7851 0
6741 1741 0
6741 3802 0
6741 5880 0
6741 3986 0
4299 3336 0
4299 787 1
4299 2338 0
4299 4299 0
4299 4704 0
3160 129 1
3160 4482 1
3160 8875 1
3160 13962 1
3160 1170 1
3160 14718 1
3160 1943 1
3160 5787 1
3160 2844 1
3160 5026 1
3160 2849 1
3160 10395 1
3160 8881 1
3160 7851 1
3160 3378 1
3160 174 1
3160 6065 1
3160 1714 1
3160 2997 1
3160 16031 1
3160 14790 1
3160 2503 1
3160 2338 1
3160 1741 1
3160 3151 1
3160 6484 1
3160 4437 1
3160 729 1
3160 7986 1
3160 988 1
3160 5469 1
3160 4301 1
3160 13200 1
3160 1762 1
3160 20575 1
3160 2280 1
3160 2962 1
3160 4592 1
3160 11810 1
3160 6738 1
3160 1653 1
3160 3446 1
3160 6526 1
3160 5247 1
20575 3151 0
4704 1653 0
4704 5835 0
4704 1170 0
4704 3225 0
4704 1197 0
4704 4300 0
4704 4301 0
4704 719 0
4704 729 0
4704 1254 1
4704 4339 0
4704 5247 0
4704 2338 0
4704 5469 0
4704 5521 0
4704 3986 0
4704 5525 0
4704 5526 0
4704 6065 0
4704 4534 0
4704 4704 0
4704 3036 0
4704 5523 0
5729 4534 0
5729 1653 0
5729 1714 0
5729 2338 0
5729 5432 0
5729 6977 0
5729 3043 0
5729 1022 0
9295 3043 1
4718 3986 0
4718 3225 0
4718 2338 0
4718 2890 1
4718 729 0
4718 3036 0
4718 4718 0
4718 4339 0
787 788 1
787 789 1
787 3225 1
787 2338 1
787 4300 1
787 4301 1
787 1489 1
787 3802 1
787 7526 1
787 4339 1
1653 237 0
1653 8642 1
1653 8881 0
1653 1197 0
1653 1254 1
1653 1653 0
1653 1714 0
1653 1943 0
1653 2338 0
1653 2904 1
1653 2937 0
1653 3336 0
1653 3561 0
1653 3802 0
1653 3986 0
1653 4482 0
1653 4534 0
1653 4537 0
1653 4547 0
1653 20953 0
1653 5016 0
1653 5523 0
1653 5787 0
1653 5828 0
1653 5835 0
1653 5850 0
1653 6065 0
1653 6484 0
1653 6975 0
1653 6977 0
1653 16031 0
1653 7851 0
1653 7986 0
5758 6402 1
5758 3986 1
5758 6958 1
5758 18227 1
5758 15536 1
5758 10531 1
5758 20953 1
5758 2399 1
5758 3426 1
5758 3043 1
5758 5758 2
5247 3036 0
5247 3151 0
5247 8881 0
5247 1170 0
5247 3225 0
5247 10395 0
5247 1197 0
5247 4300 0
5247 1741 0
5247 4301 0
5247 729 0
5247 4339 0
5247 3336 0
5247 8467 0
5247 287 0
5247 2849 0
5247 2338 0
5247 988 0
5247 5432 0
5247 2890 1
5247 1371 0
5247 5469 0
5247 7526 0
5247 3986 0
5247 4547 0
5247 2962 0
5247 5525 0
5247 5526 0
5247 4534 0
5247 1489 0
5247 3561 0
5247 1022 0
7809 6738 0
7809 7809 0
7809 8875 0
7809 1197 0
7809 8881 0
7809 1714 0
7809 4796 1
7809 4797 1
7809 3802 0
7809 6484 0
7809 5974 0
7809 1371 0
7809 3986 0
7809 4547 0
7809 14790 0
7809 988 0
7809 3561 0
3722 1197 0
3722 3802 0
3722 1371 0
3722 1927 0
3722 5525 0
3722 6738 0
3722 1022 0
1680 2338 0
1680 6484 0
1680 8642 1
1680 2503 0
1680 6738 0
1680 8881 0
1680 6977 0
1680 2997 0
1680 3225 0
1680 3267 1
1680 5469 0
1680 3426 0
1680 16031 0
1680 3802 0
1680 3986 0
1680 1943 0
1680 6065 0
1170 10395 0
1170 4300 0
1170 4301 0
1170 2280 0
1170 2338 0
1170 4796 1
1170 729 0
1170 1489 0
1170 6975 0
1170 2962 0
1170 5016 0
1170 988 0
1170 3151 0
1170 15536 0
1170 5432 0
1170 5469 0
1170 5525 0
1170 5526 0
1170 1714 0
1170 1927 0
1170 3986 0
3225 3225 0
3225 1197 0
3225 4300 0
3225 1741 0
3225 729 0
3225 1254 1
3225 4339 0
3225 3336 0
3225 3802 0
3225 5521 0
3225 5523 0
3225 5525 0
3225 1489 0
3225 3037 0
3225 4534 0
5787 5787 0
5787 2338 0
5787 7986 0
5787 5974 0
5787 1927 0
5787 3986 0
5787 4537 0
16031 237 0
16031 8467 0
16031 5850 0
16031 6484 0
16031 14790 0
16031 6738 0
16031 8881 0
16031 5016 0
16031 3151 0
16031 5286 0
16031 2937 0
16031 1371 0
16031 3426 0
16031 5521 0
16031 3561 0
16031 16031 0
16031 7851 0
16031 3802 0
16031 5880 0
16031 5974 0
16031 3986 0
16031 1943 0
16031 1022 0
5286 129 0
5286 3986 0
5286 174 0
5286 7628 1
5286 5835 0
5286 5836 1
5286 3426 0
7851 2937 0
7851 174 0
7851 237 0
7851 8467 0
7851 2338 0
7851 6977 0
7851 5016 0
7851 2997 0
7851 3151 0
7851 3378 0
7851 3561 0
7851 6065 0
7851 7851 0
7851 1741 0
7851 3802 0
7851 5974 0
7851 3986 0
7851 1943 0
1197 129 0
1197 1197 0
1197 8881 0
1197 1714 0
1197 1741 0
1197 729 0
1197 2338 0
1197 5432 0
1197 2890 1
1197 5603 1
1197 2399 0
1197 1927 0
1197 5521 0
1197 4537 0
1197 2503 0
1197 3043 0
1197 5523 0
174 174 0
174 2849 0
174 2338 0
174 2844 0
174 287 0
174 7986 0
174 1371 0
174 7526 0
174 1943 0
174 5026 0
174 4592 0
15536 2338 0
15536 3378 0
15536 199 1
8881 8881 0
8881 237 0
8881 4339 0
8881 8467 0
8881 5850 0
8881 2338 0
8881 6484 0
8881 2399 0
8881 4547 0
8881 14790 0
8881 6738 0
8881 8875 0
8881 5016 0
8881 3043 0
8881 1022 0
8881 3151 0
8881 2937 0
8881 1371 0
8881 5469 0
8881 3446 0
8881 5521 0
8881 5523 0
8881 3561 0
8881 1519 1
8881 287 0
8881 1741 0
8881 3802 0
8881 5880 0
8881 5980 0
8881 3986 0
1714 3151 0
1714 1714 0
1714 2338 0
1714 5980 0
1714 3446 0
1714 1927 0
1714 3986 0
1714 1943 0
1714 6065 0
1714 2997 0
1714 988 0
1714 1022 0
1722 3986 1
1722 1722 2
4796 287 1
4796 4797 2
4796 6738 1
4796 1371 1
4796 4339 1
4797 4547 1
4797 1371 1
8895 4592 1
3267 5850 1
3267 6402 1
3267 6975 1
3267 5980 1
3267 2399 1
3267 10087 1
3267 1927 1
3267 4547 1
5828 5828 0
5828 5835 0
5828 5836 1
5828 719 0
5828 3336 0
5828 5432 0
5828 6977 0
5828 3043 0
5828 5603 1
199 6402 1
199 10531 1
199 6958 1
199 20953 1
4300 5469 0
4300 5835 0
4300 4300 0
4300 1741 0
4300 4301 0
4300 1254 1
4300 4339 0
4300 729 0
4300 3802 0
4300 2338 0
4300 2904 1
4300 1927 0
4300 2962 0
4300 3986 0
4300 1489 0
4300 3036 0
4300 3037 0
4300 5523 0
5835 5836 1
5835 5835 0
5835 2338 0
5835 719 0
5835 729 0
5835 237 0
5835 5980 0
5835 5469 0
5835 5521 0
5835 5016 0
5835 4547 0
5835 3036 0
5835 5603 1
5835 1022 0
5836 5836 2
5836 719 1
5836 237 1
5836 5880 1
5836 780 1
5836 3351 1
5836 1371 1
5836 5980 1
5836 1927 1
5836 5521 1
5836 5016 1
5836 4547 1
5836 5603 2
5836 1022 1
1741 2280 0
1741 237 0
1741 5850 0
1741 2338 0
1741 4547 0
1741 719 0
1741 5016 0
1741 988 0
1741 3043 0
1741 1022 0
1741 4301 0
1741 2937 0
1741 5432 0
1741 5469 0
1741 3446 0
1741 5523 0
1741 5525 0
1741 1519 1
1741 1741 0
1741 3802 0
1741 5880 0
1741 1927 0
4301 8467 0
4301 729 0
4301 287 0
4301 2338 0
4301 2962 0
4301 3986 0
4301 5523 0
4301 6065 0
4301 2997 0
4301 3151 0
4301 3561 0
729 5469 0
729 3151 0
729 729 0
729 2280 0
729 4339 0
729 3336 0
729 2338 0
729 2904 1
729 7526 0
729 3986 0
729 2962 0
729 5525 0
729 5526 0
729 2997 0
729 4534 0
729 5523 0
5850 5974 0
5850 3802 0
5850 237 0
5850 5850 0
5850 287 0
5850 6977 0
5850 2904 1
5850 3986 0
5850 3446 0
5850 2937 0
5850 4482 0
5850 6065 0
5850 2997 0
5850 4534 0
5850 4547 0
5850 2503 0
5850 3043 0
719 5469 0
719 2201 1
719 719 0
719 4339 0
719 8467 0
719 2844 0
719 287 0
719 1927 0
719 3986 0
719 3561 0
719 1022 0
1762 3151 0
1254 1254 2
1254 3336 1
1254 3036 1
1254 5525 1
1254 788 1
1254 5526 1
1254 988 1
1254 789 1
2280 3151 0
2280 8875 0
2280 2280 0
2280 6526 0
2280 2849 0
2280 3426 0
2280 3446 0
2280 3986 0
2280 5016 0
237 6738 0
237 129 0
237 3802 0
237 237 0
237 6526 0
237 14790 0
237 2338 0
237 3378 0
237 6977 0
237 6484 0
237 5974 0
237 3426 0
237 3986 0
237 2937 0
237 2962 0
237 1943 0
237 5016 0
237 5026 0
237 2997 0
237 8875 0
237 2503 0
237 3561 0
4339 5469 0
4339 2338 0
4339 3336 0
4339 8467 0
4339 3986 0
4339 1927 0
4339 13200 0
4339 2962 0
4339 4534 0
4339 1489 0
4339 3036 0
6526 3802 0
6526 6526 0
6526 5016 0
5880 3426 0
5880 6738 0
5880 129 0
5880 18227 0
5880 8875 0
5880 3336 0
5880 6977 0
5880 6484 0
5880 3446 0
5880 3986 0
5880 8642 1
5880 5880 0
5880 1022 0
3043 287 0
3043 4482 0
3043 4547 0
3043 2503 0
3043 3043 0
3043 3446 0
3043 5521 0
3043 5523 0
3043 5432 0
3043 5980 0
3043 1927 0
3043 1943 0
6402 287 0
6402 2338 0
129 5469 0
129 3151 0
129 129 0
129 2338 0
129 5980 0
129 3446 0
129 1927 0
129 4534 0
129 4547 0
129 5523 0
129 1022 0
3336 3336 0
3336 2338 0
3336 7986 0
3336 2904 1
3336 5980 0
3336 3986 0
3336 5523 0
3336 5525 0
3336 5469 0
3336 5026 0
3336 2997 0
3336 4547 0
3336 1489 0
3336 3036 0
780 2201 1
8467 10531 0
8467 6484 0
8467 5523 0
8467 4534 0
8467 8642 1
8467 2503 0
8467 6977 0
8467 2937 0
8467 2962 0
8467 5016 0
8467 5026 0
8467 3378 0
8467 5432 0
8467 1371 0
8467 7628 1
8467 8467 0
8467 18227 0
8467 5974 0
8467 1022 0
788 788 0
788 789 0
789 789 0
3351 3351 0
3351 287 0
3351 5603 1
2844 1943 0
3802 2338 0
3802 6484 0
3802 4437 0
3802 14790 0
3802 6738 0
3802 8875 0
3802 6977 0
3802 2904 1
3802 3561 0
3802 5016 0
3802 5026 0
3802 2997 0
3802 2937 0
3802 5432 0
3802 3446 0
3802 3426 0
3802 2503 0
3802 3802 0
3802 7986 0
3802 5974 0
3802 3986 0
3802 1943 0
3802 6065 0
287 287 0
287 8642 1
287 2338 0
287 2503 0
287 2903 0
287 3426 0
287 3446 0
287 13200 0
287 5526 0
287 5603 1
287 5980 0
2849 2849 0
2849 10531 0
2849 6977 0
2849 3426 0
2849 13200 0
2849 1943 0
2849 6065 0
2338 2338 0
2338 2399 0
2338 4592 0
2338 14790 0
2338 6975 0
2338 2937 0
2338 2962 0
2338 5016 0
2338 2997 0
2338 2890 1
2338 3036 0
2338 1022 0
2338 3151 0
2338 5432 0
2338 5469 0
2338 3426 0
2338 4547 0
2338 1489 0
2338 988 0
2338 5980 0
2338 6065 0
2338 1927 0
2338 3986 0
2338 1943 0
10531 3561 0
8875 3151 0
8875 14790 0
8875 8875 0
8875 1371 0
8875 3986 0
8875 6738 0
8875 6484 0
3036 3036 0
3036 2890 1
3036 5469 0
3036 5521 0
3036 5523 0
3036 5525 0
3036 5526 0
3036 3037 0
7986 4547 0
7986 5016 0
7986 1022 0
7986 3151 0
7986 1927 0
3378 3151 0
3378 2937 0
3378 3378 0
3378 5974 0
3378 5980 0
3378 3426 0
3378 5016 0
18227 8642 1
18227 3561 0
5432 4534 0
5432 4547 0
5432 2962 0
5432 5432 0
5432 5469 0
5432 5521 0
5432 5523 0
5432 1943 0
6975 5469 0
6975 2201 1
6975 6065 0
6975 2997 0
6977 4547 0
6977 6977 0
6977 5016 0
6977 2997 0
6977 1022 0
6977 3151 0
6977 2937 0
6977 1371 0
6977 5603 1
6977 6738 0
2890 5521 1
2890 5525 1
2890 2890 2
2890 2903 1
2890 2904 2
2890 3037 1
6484 1371 0
6484 2937 0
6484 10395 0
6484 4547 0
6484 14790 0
6484 6738 0
6484 5016 0
6484 1022 0
6484 3151 0
6484 3986 0
4437 3151 0
4437 4437 0
5974 2503 0
5974 2904 1
5974 2937 0
5974 3561 0
5974 3986 0
5974 1943 0
2903 2904 1
2904 2937 1
2904 5523 1
2904 5525 1
2904 5526 1
2904 5016 1
2904 3037 1
1371 14790 0
1371 5016 0
1371 5026 0
1371 2937 0
1371 1371 0
1371 3446 0
1371 5521 0
1371 6738 0
1371 3986 0
5980 5469 0
5980 3426 0
5980 3446 0
5980 3986 0
5980 1943 0
5980 6065 0
5980 2997 0
5469 5523 0
5469 4534 0
5469 4537 0
5469 1927 0
5469 2962 0
5469 5026 0
5469 1022 0
5469 5469 0
5469 3446 0
5469 5521 0
5469 5525 0
5469 5526 0
5469 1489 0
5469 5603 1
5469 3986 0
5469 1943 0
2399 3986 0
2399 1943 0
2399 6065 0
2399 2997 0
2399 4534 0
2399 3446 0
2399 2399 0
2399 3426 0
3426 4482 0
3426 4547 0
3426 6738 0
3426 2937 0
3426 5016 0
3426 2997 0
3426 1022 0
3426 3151 0
3426 3426 0
3426 1519 1
3426 1927 0
3426 3986 0
3426 1943 0
3426 6065 0
10087 10087 0
10087 8642 1
3986 1022 0
3986 1519 1
3986 1927 0
3986 2503 0
3986 2937 0
3986 2962 0
3986 3561 0
3986 3986 0
3986 4534 0
3986 4547 0
3986 13200 0
3986 5016 0
3986 5521 0
3986 5523 0
3986 5526 0
3446 6738 0
3446 2937 0
3446 5016 0
3446 3151 0
3446 3446 0
2937 4547 0
2937 14790 0
2937 5016 0
2937 2997 0
2937 3561 0
2937 1943 0
2937 12188 1
2937 6065 0
4482 3151 0
4482 1519 1
4482 4592 0
1927 4534 0
1927 2997 0
1927 988 0
1927 1022 0
1927 5521 0
1927 1943 0
1927 6065 0
1943 5525 0
1943 4547 0
1943 5016 0
1943 2997 0
1943 988 0
1943 1022 0
1943 3151 0
1943 1943 0
13200 13200 0
5521 5521 0
5521 5523 0
5521 5525 0
5521 5526 0
5521 4537 0
5521 3037 0
2962 3151 0
2962 6065 0
2962 2997 0
5523 5523 0
5523 5526 0
5523 5525 0
5523 4537 0
5523 3037 0
5523 3561 0
5525 5525 0
5525 5526 0
5525 3037 0
5526 5526 0
5526 6065 0
5526 3037 0
2201 2201 2
5016 6738 0
5016 5026 0
5016 3561 0
5016 2997 0
5016 6065 0
5026 3151 0
5026 4534 0
5026 4537 0
5026 3561 0
10395 14790 0
10395 3151 0
10395 988 0
6065 4547 0
6065 2997 0
6065 988 0
6065 1022 0
6065 3151 0
6065 6065 0
2997 4547 0
2997 988 0
2997 1022 0
2997 2997 0
4534 4537 0
4534 4534 0
4534 5603 1
4534 3561 0
4537 5603 1
4537 4537 0
8642 3561 1
4547 4547 0
4547 2503 0
4547 988 0
14790 3151 0
14790 6738 0
14790 1022 0
2503 3151 0
2503 3561 0
7628 3561 1
1489 1489 0
20953 20953 0
3151 988 0
3151 4592 0
3151 6738 0
988 988 0
988 1022 0
3037 3037 0
6738 6738 0
1022 1022 0
