4115 561 1
4115 4822 1
4115 483 1
4115 486 1
6164 6165 0
6164 6164 0
6164 8403 1
6164 2338 0
6164 338 0
6164 4463 0
6164 2712 0
6164 8867 0
6164 4925 0
6164 861 0
6164 1653 0
6164 16034 0
6164 1741 0
6164 5857 0
6164 3848 0
6164 16271 1
6165 53 1
6165 168 0
6165 8403 1
6165 6165 0
6165 263 0
6165 8467 0
6165 287 0
6165 2338 0
6165 19879 0
6165 2606 0
6165 561 0
6165 2708 0
6165 2712 0
6165 2718 0
6165 13431 0
6165 861 0
6165 7131 0
6165 1022 0
6165 1259 0
6165 5365 0
6165 5422 0
6165 1620 0
6165 5744 0
6165 1680 0
6165 16034 0
6165 5855 0
6165 5857 0
6165 3848 0
6165 14094 0
6165 5981 0
6165 16241 0
6165 3978 0
6165 8867 0
6165 2724 0
21529 15519 0
21529 2338 0
21529 53 1
21529 15843 1
21529 5365 0
21529 5366 0
21529 5367 0
21529 5368 0
21529 5369 0
21529 5370 0
21529 5371 0
21529 5372 0
7716 3848 0
7716 16271 1
7716 13099 1
7716 5994 0
7716 1335 0
7716 6078 0
7716 14094 0
21029 16034 1
21029 17323 1
21029 5981 1
21029 7920 1
21543 53 1
21543 15240 1
21543 7131 0
2606 53 1
2606 8403 1
2606 2338 0
2606 4409 0
2606 338 0
2606 4694 0
2606 6977 0
2606 861 0
2606 19879 0
2606 1653 0
2606 1667 0
2606 3729 0
2606 1687 0
2606 5855 0
2606 3848 0
2606 14094 0
2606 5981 0
2606 5994 0
2606 16241 0
2606 3978 0
2606 6078 0
861 53 1
861 117 0
861 168 0
861 16616 0
861 6378 0
861 4822 0
861 263 0
861 4409 0
861 4463 0
861 6613 0
861 561 0
861 4694 0
861 6761 0
861 2708 0
861 2712 0
861 2718 0
861 8867 0
861 6838 0
861 4865 0
861 861 0
861 1022 0
861 7284 0
861 15519 0
861 1224 0
861 1259 0
861 7380 0
861 15612 0
861 3336 0
861 3354 0
861 5432 0
861 19879 0
861 15843 1
861 1653 0
861 1680 0
861 1687 0
861 1741 0
861 5855 0
861 3848 0
861 5994 0
861 6078 0
861 2724 0
561 117 0
561 168 0
561 6378 0
561 4409 0
561 4463 0
561 2500 0
561 2501 0
561 6613 0
561 2524 0
561 561 0
561 2712 0
561 2718 0
561 2724 0
561 4822 0
561 4828 0
561 6977 0
561 17298 0
561 13431 0
561 1224 0
561 7380 0
561 1259 0
561 5365 0
561 5366 0
561 5367 0
561 5368 0
561 5370 0
561 5372 0
561 1277 1
561 3354 0
561 5432 0
561 5521 0
561 19879 0
561 5729 1
561 1680 0
561 3729 0
561 1687 0
561 1741 0
561 5855 0
561 5981 0
561 5994 0
561 6005 0
561 3978 0
561 8144 0
53 53 2
53 693 1
53 117 1
53 168 1
53 16616 1
53 287 1
53 2338 1
53 4409 1
53 338 1
53 4463 1
53 2500 1
53 2501 1
53 6613 1
53 483 1
53 486 1
53 19879 1
53 2708 1
53 2712 1
53 2718 1
53 8867 1
53 2724 1
53 6838 1
53 719 1
53 4865 1
53 17192 1
53 17298 1
53 7131 1
53 1022 1
53 5176 1
53 15519 1
53 1224 1
53 7380 1
53 5365 1
53 5366 1
53 5367 1
53 5368 1
53 5369 1
53 5370 1
53 5371 1
53 5372 1
53 3336 1
53 3354 1
53 1335 1
53 1653 1
53 1667 1
53 1680 1
53 3729 1
53 1687 1
53 5787 1
53 1714 1
53 1741 1
53 5855 1
53 3848 1
53 14094 1
53 5948 1
53 5981 1
53 8064 1
53 3978 1
53 6078 1
53 8144 1
5176 13099 1
1620 168 0
1620 287 0
1620 2338 0
1620 338 0
1620 4475 0
1620 6596 1
1620 4694 0
1620 2708 0
1620 2712 0
1620 2718 0
1620 8867 0
1620 6838 0
1620 719 0
1620 1259 0
1620 8403 1
1620 3336 0
1620 5432 0
1620 5521 0
1620 8505 0
1620 1620 0
1620 5744 0
1620 1667 0
1620 1714 0
1620 1720 0
1620 1741 0
1620 5855 0
1620 5981 0
1620 8064 0
1620 5787 0
1620 2724 0
4694 4694 0
4694 168 0
4694 1714 0
4694 1741 0
4694 719 0
4694 1259 0
4694 5370 0
4694 2338 0
4694 13099 1
4694 6005 0
4694 15240 1
6748 8403 1
6748 17694 1
6748 2718 0
6748 8467 0
6748 1653 0
5213 5213 0
5213 6761 0
5213 8467 0
5213 2712 0
5213 4463 0
5213 1741 0
5213 3848 0
5213 4874 0
5213 6977 0
5213 4409 0
5213 16271 1
5213 8403 1
5729 1653 1
5729 3729 1
5729 1687 1
5729 1714 1
5729 1720 1
5729 1224 1
5729 4822 1
5729 5855 1
5729 5350 1
5729 1259 1
5729 263 1
5729 2338 1
5729 1335 1
5729 5432 1
5729 16698 1
5729 6977 1
5729 5994 1
5729 1915 1
5729 18753 1
5729 3978 1
5729 19879 1
5729 17323 1
5729 6078 1
5729 1022 1
13927 13927 2
6761 6761 0
6761 2708 0
6761 16034 0
6761 5855 0
6761 16616 0
6761 7920 0
6761 9086 0
6761 5857 0
6761 5975 0
6761 5994 0
6761 4475 0
6761 16271 1
6761 13431 0
6761 6596 1
6761 8144 0
6761 486 0
6761 1022 0
5744 5744 0
5744 1741 0
5744 719 0
5744 5855 0
5744 13099 1
5744 16271 1
7284 7284 0
7284 1653 0
7284 1687 0
7284 2501 0
7284 1741 0
7284 7380 0
7284 4828 0
7284 5855 0
7284 1277 1
7284 6596 1
7284 2338 0
7284 5422 0
7284 6977 0
7284 15843 1
7284 5994 0
7284 2500 0
7284 2524 0
117 19879 0
117 1653 0
117 2708 0
117 1687 0
117 6838 0
117 117 0
117 1741 0
117 5855 0
117 8144 0
117 1259 0
117 1277 1
117 3848 0
117 5432 0
117 4409 0
117 8467 0
117 15843 1
117 5994 0
117 6078 0
117 2500 0
117 2501 0
117 2524 0
13431 13431 0
13431 16034 0
13431 8867 0
13431 1653 0
13431 5855 0
13431 5857 0
13431 5350 0
13431 7920 0
13431 8505 0
13431 5975 0
13431 16271 1
13431 6596 1
12820 2718 1
12820 287 1
1667 5981 0
1667 1667 0
1667 2724 0
1667 1741 0
1667 1259 0
1667 5366 0
1667 5368 0
1667 8467 0
1667 13099 1
1667 8505 0
1667 2500 0
1667 5367 0
1667 8867 0
1680 168 0
1680 8403 1
1680 2338 0
1680 2500 0
1680 2501 0
1680 2712 0
1680 2718 0
1680 8867 0
1680 6838 0
1680 6977 0
1680 5372 0
1680 19879 0
1680 3978 0
1680 2724 0
3729 287 0
3729 4409 0
3729 4463 0
3729 2500 0
3729 2501 0
3729 2524 0
3729 2718 0
3729 8867 0
3729 2724 0
3729 4822 0
3729 5365 0
3729 5366 0
3729 5367 0
3729 15612 0
3729 3354 0
3729 5432 0
3729 1653 0
3729 3729 0
3729 1687 0
3729 1741 0
3729 5855 0
3729 5981 0
3729 3978 0
3729 6078 0
2708 168 0
2708 8403 1
2708 8467 0
2708 287 0
2708 4463 0
2708 2500 0
2708 2501 0
2708 2524 0
2708 3848 0
2708 2712 0
2708 2718 0
2708 2724 0
2708 4828 0
2708 15240 1
2708 1022 0
2708 3354 0
2708 5432 0
2708 19879 0
2708 1741 0
2708 5855 0
2708 5857 0
2708 14094 0
2708 5981 0
2708 8064 0
2708 6078 0
2708 8144 0
1687 168 0
1687 8403 1
1687 4822 0
1687 2338 0
1687 2500 0
1687 6613 0
1687 2524 0
1687 1022 0
1687 5981 0
1687 1259 0
1687 5365 0
1687 5366 0
1687 5367 0
1687 5368 0
1687 8064 0
1687 3352 0
1687 3354 0
1687 5432 0
1687 5521 0
1687 19879 0
1687 1687 0
1687 1741 0
1687 5855 0
1687 5857 0
1687 4409 0
1687 5994 0
1687 3978 0
1687 6078 0
1687 8144 0
2712 168 0
2712 287 0
2712 2338 0
2712 338 0
2712 4463 0
2712 2500 0
2712 2501 0
2712 2524 0
2712 2712 0
2712 2718 0
2712 8867 0
2712 2724 0
2712 693 0
2712 6838 0
2712 4822 0
2712 4828 0
2712 6977 0
2712 15240 1
2712 1022 0
2712 1259 0
2712 3354 0
2712 5432 0
2712 19879 0
2712 1714 0
2712 1741 0
2712 5855 0
2712 3848 0
2712 5981 0
2712 8064 0
2712 3978 0
2712 6078 0
2500 4463 0
2500 2501 0
2500 6613 0
2500 2524 0
2500 2718 0
2500 2724 0
2500 4828 0
2500 4865 0
2500 4874 0
2500 6977 0
2500 15240 1
2500 1224 0
2500 7380 0
2500 1259 0
2500 5365 0
2500 5366 0
2500 5367 0
2500 5368 0
2500 5369 0
2500 5370 0
2500 5371 0
2500 5372 0
2500 3352 0
2500 3354 0
2500 5422 0
2500 2500 0
2500 5521 0
2500 19879 0
2500 4822 0
2500 17694 1
2500 1741 0
2500 5855 0
2500 5432 0
2500 5981 0
2500 5994 0
2500 6078 0
5787 1653 0
5787 5787 0
5787 2718 0
5787 1259 0
5787 2338 0
5787 16271 1
2718 1720 0
2718 168 0
2718 8467 0
2718 287 0
2718 2338 0
2718 5521 0
2718 2524 0
2718 19879 0
2718 2718 0
2718 2501 0
2718 2724 0
2718 719 0
2718 4828 0
2718 15612 0
2718 3336 0
2718 5432 0
2718 1741 0
2718 5855 0
2718 3848 0
2718 14094 0
2718 16241 0
2718 8064 0
2718 3978 0
2718 6078 0
15519 287 0
15519 6977 0
15519 6613 0
15519 15843 1
15519 17323 0
15519 5365 0
15519 5366 0
15519 5367 0
15519 5368 0
15519 5369 0
15519 5370 0
15519 5371 0
15519 5372 0
16034 16034 0
16034 7920 0
16034 8467 0
16034 4925 0
16034 5857 0
16034 5975 0
16034 8064 0
16034 6596 1
8867 8403 1
8867 263 0
8867 2338 0
8867 338 0
8867 8867 0
8867 1022 0
8867 19879 0
8867 1741 0
8867 5857 0
8867 3848 0
2724 8467 0
2724 2338 0
2724 2724 0
2724 6977 0
2724 15240 1
2724 19879 0
2724 287 0
2724 1741 0
2724 3848 0
2724 14094 0
2724 8505 0
2724 5981 0
2724 3978 0
168 168 0
168 8403 1
168 287 0
168 338 0
168 4463 0
168 1022 0
168 1259 0
168 5366 0
168 5367 0
168 5368 0
168 3354 0
168 5521 0
168 19879 0
168 1741 0
168 5981 0
168 3978 0
1714 1714 0
1714 2338 0
1714 5981 0
1714 1653 0
1714 1022 0
693 1653 0
693 16616 0
693 8467 0
693 338 0
693 16271 1
6838 8467 0
6838 6596 1
6838 6838 0
6838 18753 0
6838 1741 0
1720 8064 0
1720 2338 0
1720 1720 0
1720 5981 0
1720 5855 0
1720 8403 1
1653 17323 0
1653 1259 0
1653 8403 1
1653 1653 0
1653 2338 0
1653 2501 0
1653 3336 0
1653 19879 0
1653 4409 0
1653 13099 1
1653 5367 0
1653 5368 0
1653 5855 0
1653 6078 0
1653 6613 0
1653 6977 0
1653 7380 0
1653 16241 0
1653 8064 0
1224 19879 0
1224 8467 0
1224 1224 0
1224 1741 0
1224 5855 0
1224 5857 0
1224 1259 0
1224 263 0
1224 3336 0
1224 14094 0
1224 5994 0
1224 4463 0
1741 2338 0
1741 4828 0
1741 4409 0
1741 4463 0
1741 2501 0
1741 6613 0
1741 2524 0
1741 719 0
1741 4822 0
1741 15240 1
1741 1022 0
1741 7380 0
1741 1259 0
1741 5365 0
1741 5366 0
1741 5368 0
1741 5369 0
1741 5371 0
1741 5372 0
1741 3354 0
1741 5432 0
1741 19879 0
1741 1741 0
1741 5855 0
1741 5994 0
1741 3978 0
1741 8144 0
719 719 0
719 1259 0
719 8064 0
719 13099 1
719 3848 0
719 8467 0
719 287 0
719 4463 0
719 1022 0
8403 8467 1
8403 6005 1
8403 5857 1
8403 16616 1
8403 5369 1
8403 15612 1
8403 4865 1
8403 3848 1
8403 14094 1
8403 3352 1
8403 3354 1
8403 18900 1
8403 4409 1
8403 17298 1
8403 5975 1
8403 4463 1
8403 16241 1
8403 5521 1
8403 6613 1
8403 2524 1
7380 7380 0
7380 4828 0
7380 5855 0
7380 5365 0
7380 5366 0
7380 5367 0
7380 5368 0
7380 5370 0
7380 5372 0
7380 4865 0
7380 14094 0
7380 5422 0
7380 15843 1
7380 4409 0
7380 2501 0
7380 6613 0
4822 6378 0
4822 4874 0
4822 5855 0
4822 2338 0
4822 4822 0
4822 4828 0
4822 5365 0
4822 5432 0
4822 5994 0
4822 4463 0
4822 5366 0
4822 2501 0
4822 2524 0
4822 19879 0
4828 5855 0
4828 5365 0
4828 5366 0
4828 5367 0
4828 5368 0
4828 5369 0
4828 17694 1
4828 2338 0
4828 5422 0
4828 5432 0
4828 4925 0
4828 6977 0
4828 6078 0
4828 2501 0
4828 1277 1
4828 6613 0
5855 17323 0
5855 6378 0
5855 263 0
5855 18753 0
5855 4463 0
5855 2501 0
5855 6613 0
5855 2524 0
5855 19879 0
5855 4874 0
5855 4925 0
5855 1022 0
5855 5365 0
5855 5366 0
5855 5369 0
5855 5370 0
5855 3336 0
5855 3352 0
5855 3354 0
5855 5432 0
5855 5367 0
5855 5855 0
5855 5857 0
5855 3848 0
5855 5981 0
5855 5994 0
5855 16241 0
5855 6005 0
5855 3978 0
5855 16271 1
5855 6078 0
5857 16616 0
5857 1259 0
5857 8467 0
5857 287 0
5857 2338 0
5857 5975 0
5857 4463 0
5857 16271 1
4475 16271 1
4475 13099 1
4475 5981 0
5350 6596 1
16616 16616 0
16616 1259 0
16616 287 0
16616 5981 0
4842 2338 1
4842 5948 1
1259 263 0
1259 8467 0
1259 287 0
1259 2524 0
1259 5365 0
1259 3354 0
1259 5422 0
1259 5432 0
1259 17694 1
1259 14094 0
1259 16241 0
1259 8064 0
1259 18753 0
1259 6078 0
7920 5369 0
7920 16271 1
5365 19879 0
5365 3354 0
5365 5365 0
5365 5366 0
5365 5367 0
5365 5368 0
5365 5369 0
5365 5370 0
5365 5371 0
5365 4865 0
5365 5432 0
5365 4409 0
5365 17298 0
5365 6977 0
5365 1915 0
5365 5521 0
5365 2501 0
5365 6613 0
5365 2524 0
5365 15843 1
5365 5372 0
5366 5366 0
5366 5367 0
5366 5368 0
5366 5369 0
5366 5370 0
5366 5371 0
5366 5372 0
5366 4865 0
5366 287 0
5366 5422 0
5366 4409 0
5366 15843 1
5366 4463 0
5366 17298 0
5366 2501 0
5366 6613 0
5367 5367 0
5367 5368 0
5367 5369 0
5367 5370 0
5367 5371 0
5367 4865 0
5367 3336 0
5367 8467 0
5367 3354 0
5367 2338 0
5367 5422 0
5367 5432 0
5367 4409 0
5367 15843 1
5367 17298 0
5367 8064 0
5367 6977 0
5367 6078 0
5367 2501 0
5367 6613 0
5367 5372 0
5368 5369 0
5368 5370 0
5368 5371 0
5368 5372 0
5368 4865 0
5368 8467 0
5368 3354 0
5368 2338 0
5368 5422 0
5368 5432 0
5368 6977 0
5368 338 0
5368 15843 1
5368 4409 0
5368 17298 0
5368 2501 0
5368 6613 0
5369 15843 1
5369 5370 0
5369 5371 0
5369 5372 0
5369 4865 0
5369 4874 0
5369 2338 0
5369 5422 0
5369 4409 0
5369 17298 0
5369 2501 0
5369 6613 0
5370 4865 0
5370 5372 0
5370 2338 0
5370 4409 0
5370 2501 0
5370 15843 1
5370 17298 0
5370 5371 0
5370 6613 0
5371 4865 0
5371 17298 0
5371 2338 0
5371 4409 0
5371 2501 0
5371 15843 1
5371 6613 0
5371 5372 0
15612 15612 0
15612 8467 0
15612 3978 0
15612 6596 1
15612 2524 0
1277 3336 1
1277 6378 1
1277 3352 1
4865 2501 0
4865 6613 0
4865 5372 0
4865 17298 0
263 16698 0
263 263 0
263 2338 0
263 16241 0
263 16271 1
263 5981 0
3336 3336 0
3336 2338 0
3336 4925 0
4874 2338 0
4874 18753 0
4874 4874 0
4874 17192 0
4874 15240 1
4874 6378 0
4874 5981 0
4874 5994 0
4874 8064 0
4874 16271 1
14094 4409 0
14094 3978 0
14094 2501 0
14094 6613 0
14094 1022 0
8467 4409 0
8467 2501 0
8467 6613 0
8467 6977 0
8467 19879 0
8467 5372 0
8467 5432 0
8467 16271 1
8467 8467 0
8467 8505 0
8467 5981 0
8467 5994 0
8467 8064 0
8467 1022 0
3352 5372 0
3352 3352 0
3352 3354 0
3352 287 0
3352 5981 0
3352 17323 0
3354 6378 0
3354 287 0
3354 2338 0
3354 6613 0
3354 2524 0
3354 17298 0
3354 3354 0
3354 1335 0
3354 5432 0
3354 5981 0
3354 3978 0
17694 18753 1
17694 2501 1
17694 5994 1
17694 5422 1
17694 1915 1
17694 6005 1
287 287 0
287 1335 0
287 2338 0
287 19879 0
287 13099 1
287 5948 0
287 5994 0
287 6078 0
287 16241 0
2338 2338 0
2338 4409 0
2338 4463 0
2338 1022 0
2338 5981 0
2338 1335 0
2338 5432 0
2338 19879 0
2338 5994 0
17192 15240 1
13099 4925 1
13099 9086 1
13099 18900 1
5422 6378 0
5422 2501 0
5422 6613 0
5422 5422 0
5422 15843 1
5422 6005 0
1335 1022 0
5432 2501 0
5432 2524 0
5432 15240 1
5432 5432 0
5432 5521 0
5432 5981 0
5432 6005 0
5432 6078 0
4409 4409 0
4409 4463 0
4409 6977 0
4409 5981 0
4409 6078 0
16698 15240 1
5948 5948 0
4925 6378 0
4925 4925 0
4925 6596 1
338 338 0
338 6596 1
338 2501 0
338 7131 0
338 1022 0
338 5521 0
338 19879 0
338 5981 0
338 3978 0
5975 16271 1
5975 4463 0
5981 2524 0
5981 19879 0
5981 3848 0
5981 3978 0
5981 5981 0
5981 6005 0
5981 6078 0
5981 6378 0
5981 8064 0
5994 2524 0
5994 1022 0
5994 5521 0
5994 5994 0
5994 6005 0
3848 6078 0
3848 3848 0
3848 16241 0
3848 3978 0
3848 1022 0
4463 4463 0
4463 6977 0
4463 1022 0
4463 8064 0
16241 15240 1
16241 1022 0
16241 16241 0
16241 3978 0
6005 6005 0
6005 19879 0
6005 2524 0
6378 6378 0
6378 8064 0
6378 15240 1
6378 6977 0
9086 16271 1
8064 8064 0
8064 15240 1
8064 2524 0
6977 2501 0
6977 6613 0
6977 6977 0
6977 15240 1
6977 1022 0
6977 8144 0
15240 15240 2
15240 8505 1
15240 6596 2
15240 7131 1
3978 19879 0
3978 3978 0
16271 8505 1
16271 8144 1
5521 5521 0
5521 6596 1
17298 17298 0
17298 6613 0
17298 5372 0
19879 2501 0
19879 1022 0
19879 19879 0
19879 8144 0
6078 2501 0
6078 2524 0
6078 6078 0
6596 6596 2
6596 2524 1
2501 6613 0
2501 2524 0
2501 2501 0
2501 5372 0
6613 5372 0
6613 15843 1
7131 7131 0
2524 2524 0
15843 5372 1
1022 1022 0
