25 13185 0
25 2695 0
25 1197 0
25 8835 0
25 19226 0
25 2333 0
25 2334 0
25 2335 0
25 2336 0
25 18759 0
25 45 0
25 29 0
25 19760 0
25 30 0
25 31 0
25 11197 0
25 711 1
25 5712 0
25 5412 1
25 1626 0
25 3806 0
25 5413 0
25 4095 0
26 4524 0
26 1680 0
26 1943 1
26 19879 0
26 26 0
26 18332 0
26 1824 0
26 3108 1
26 4520 0
26 4521 0
26 13355 0
26 6068 0
26 1221 0
26 1223 0
26 337 0
26 1620 0
26 16354 1
26 3561 0
26 3986 0
29 29 0
29 30 0
29 31 0
29 45 0
29 5712 0
29 1626 0
29 8835 0
29 2695 0
29 3232 0
29 3236 0
29 711 1
29 1268 0
29 13185 0
29 19226 0
29 2333 0
29 2334 0
29 2335 0
29 2336 0
29 5412 1
29 5413 0
29 19760 0
29 18759 0
29 1379 0
29 3986 0
29 421 0
29 11197 0
29 2500 0
29 4095 0
30 13185 0
30 8835 0
30 2695 0
30 19226 0
30 2333 0
30 2336 0
30 18759 0
30 45 0
30 19760 0
30 2334 0
30 2335 0
30 11197 0
30 711 1
30 5712 0
30 5412 1
30 1626 0
30 5413 0
30 31 0
30 4095 0
31 13185 0
31 8835 0
31 2695 0
31 19226 0
31 2333 0
31 2334 0
31 2335 0
31 2336 0
31 18759 0
31 45 0
31 19760 0
31 11197 0
31 711 1
31 5712 0
31 1620 0
31 5412 1
31 1626 0
31 5413 0
31 4095 0
45 13185 0
45 8835 0
45 2695 0
45 19226 0
45 2333 0
45 2334 0
45 2335 0
45 2336 0
45 18759 0
45 19760 0
45 11197 0
45 711 1
45 5712 0
45 5412 1
45 1626 0
45 5413 0
45 3426 0
45 4095 0
53 4110 0
53 6165 0
53 20505 1
53 53 0
53 60 0
53 2115 0
53 8549 0
53 117 0
53 16527 0
53 168 0
53 4344 0
53 8472 0
53 287 0
53 2338 0
53 301 0
53 8503 0
53 337 0
53 338 0
53 413 0
53 8623 0
53 4536 0
53 2500 0
53 2501 0
53 4554 0
53 19879 0
53 2599 0
53 8768 0
53 2695 0
53 2703 0
53 2708 0
53 2712 0
53 2718 0
53 2722 0
53 8867 0
53 2724 0
53 4780 1
53 8881 0
53 8909 0
53 719 0
53 4981 0
53 911 0
53 912 0
53 7064 0
53 5017 0
53 2997 0
53 1016 0
53 1022 0
53 861 0
53 3141 0
53 5243 0
53 195 0
53 1224 0
53 5365 0
53 3354 0
53 1383 0
53 1388 0
53 19836 0
53 5529 0
53 1591 0
53 1626 0
53 1653 0
53 1680 0
53 16022 0
53 1687 0
53 3745 0
53 1741 0
53 3799 0
53 5855 0
53 10036 1
53 3927 0
53 5980 0
53 5981 0
53 8064 0
53 1927 0
53 3978 0
53 1943 1
53 6068 0
53 6078 0
53 8130 0
53 8160 0
60 7726 0
60 1591 0
60 60 0
60 8768 0
60 1626 0
60 4196 0
60 6977 0
60 1674 0
60 16527 0
60 2718 0
60 3745 0
60 2722 0
60 8867 0
60 5835 0
60 2280 0
60 1779 0
60 5881 0
60 4859 0
60 5885 0
60 8472 0
60 2338 0
60 8503 0
60 5432 0
60 10036 1
60 2881 0
60 861 0
60 3426 0
60 19836 0
60 1927 0
60 911 0
60 912 0
60 1943 1
60 7064 0
60 18332 0
60 2997 0
60 4553 0
103 416 0
103 180 0
103 4812 0
103 5072 0
103 8027 1
103 103 0
103 6895 1
117 19879 0
117 6153 0
117 2577 0
117 2069 0
117 7430 0
117 7726 0
117 3143 0
117 4681 0
117 5204 0
117 4196 0
117 7931 0
117 1653 0
117 2678 0
117 5243 0
117 1160 0
117 5017 0
117 2708 0
117 2709 0
117 16022 0
117 1687 0
117 1479 0
117 3248 0
117 8881 0
117 117 0
117 4812 0
117 1741 0
117 5852 0
117 5855 0
117 1765 0
117 1259 0
117 5881 0
117 4859 0
117 5432 0
117 827 0
117 2881 0
117 3927 0
117 4443 0
117 861 0
117 5994 0
117 3986 0
117 1919 0
117 1943 1
117 413 0
117 4520 0
117 8112 0
117 2997 0
117 6078 0
117 4547 0
117 2500 0
117 2501 0
117 4550 0
117 5072 0
117 16354 1
117 3043 0
117 4551 0
117 3561 0
117 5885 0
117 496 0
117 8185 0
128 2338 1
128 4524 1
128 337 1
128 338 1
128 7384 1
168 6162 0
168 6163 0
168 6165 0
168 20505 1
168 2115 0
168 8287 0
168 4196 0
168 168 0
168 169 0
168 4812 0
168 4300 0
168 2280 0
168 287 0
168 301 0
168 337 0
168 338 0
168 4450 0
168 8549 0
168 4477 0
168 4534 0
168 4535 0
168 4546 0
168 4547 0
168 4555 0
168 4557 0
168 2582 0
168 4644 0
168 2708 0
168 2709 0
168 2712 0
168 2714 0
168 2718 0
168 2722 0
168 2728 0
168 1479 0
168 4780 1
168 2881 0
168 861 0
168 7064 0
168 5025 0
168 2989 1
168 9158 0
168 1022 0
168 17419 0
168 5016 0
168 3191 0
168 5243 0
168 1158 0
168 1160 0
168 3232 0
168 1197 0
168 1221 0
168 1223 0
168 1259 0
168 3353 0
168 3354 0
168 3464 1
168 19879 0
168 17324 0
168 1546 0
168 7699 0
168 1604 0
168 1620 0
168 1680 0
168 1687 0
168 1741 0
168 1779 0
168 14072 0
168 5885 0
168 3844 0
168 1824 0
168 5981 0
168 1919 0
168 3978 0
168 6068 0
168 16354 1
168 2019 0
169 6666 0
169 17419 0
169 6165 0
169 2582 0
169 1620 0
169 4196 0
169 1158 0
169 4547 0
169 1687 0
169 2714 0
169 2718 0
169 2722 0
169 169 0
169 4780 1
169 1741 0
169 1259 0
169 274 0
169 287 0
169 301 0
169 338 0
169 1919 0
169 3464 1
169 2989 1
169 4546 0
169 2019 0
174 4110 0
174 6162 0
174 6163 0
174 1180 0
174 174 0
174 2849 0
174 2338 0
174 274 0
174 287 0
174 5412 1
174 4423 1
174 19808 0
174 1943 1
174 6560 0
180 18332 0
180 3986 0
180 1943 1
180 8860 0
180 4250 0
180 3232 0
180 3236 0
180 5981 0
180 2500 0
180 5413 0
180 6895 1
180 4966 0
195 5207 0
195 4704 0
195 2718 0
195 3745 0
195 2724 0
195 195 0
195 4300 0
195 8909 0
195 3284 0
195 5365 0
195 6907 0
195 2338 0
195 16527 0
195 3464 1
195 5523 0
195 19879 0
195 2989 1
195 4550 0
195 3036 0
195 3037 0
195 16123 0
237 4859 0
237 4110 0
237 14072 0
237 8881 0
237 1591 0
237 8768 0
237 1620 0
237 8977 0
237 15988 0
237 1653 0
237 15551 0
237 18332 0
237 2718 0
237 2722 0
237 2724 0
237 8477 0
237 3248 0
237 5835 0
237 1741 0
237 8409 0
237 8112 0
237 237 0
237 5881 0
237 3353 0
237 2338 0
237 5529 0
237 5855 0
237 316 0
237 6977 0
237 7480 0
237 4961 0
237 3426 0
237 1379 0
237 4966 0
237 1388 0
237 3986 0
237 4981 0
237 4986 0
237 3978 0
237 1943 1
237 5016 0
237 5017 0
237 421 0
237 5015 0
237 2997 0
237 9158 0
237 7635 0
237 16354 1
237 3561 0
237 19879 0
237 4520 0
237 1016 0
274 2588 0
274 4144 0
274 593 0
274 1129 1
274 4812 0
274 274 0
274 287 0
274 2849 0
274 4423 1
274 1943 1
274 418 0
274 6068 0
274 4553 0
274 5072 0
274 3037 0
274 1004 0
287 8287 0
287 8477 0
287 287 0
287 313 0
287 416 0
287 421 0
287 8625 0
287 8768 0
287 8860 0
287 8881 0
287 711 1
287 8909 0
287 719 0
287 827 0
287 911 0
287 1004 0
287 1159 0
287 1180 0
287 1221 0
287 1259 0
287 1268 0
287 1603 0
287 17992 0
287 1620 0
287 1683 0
287 8503 0
287 1894 0
287 2059 0
287 2115 0
287 2338 0
287 413 0
287 2577 0
287 2708 0
287 2712 0
287 2718 0
287 2728 0
287 2831 0
287 2956 1
287 2989 1
287 11197 0
287 3043 0
287 3142 0
287 3248 0
287 3354 0
287 3426 0
287 3464 1
287 19879 0
287 3745 0
287 3806 0
287 4110 0
287 4129 0
287 4196 0
287 4250 0
287 4305 0
287 4319 0
287 21211 0
287 4442 1
287 4450 0
287 4536 0
287 4540 0
287 4553 0
287 4554 0
287 4555 0
287 4626 0
287 4681 0
287 4760 0
287 13185 0
287 5025 0
287 13355 0
287 5204 0
287 5243 0
287 5413 0
287 5529 0
287 5712 0
287 14072 0
287 5885 0
287 5980 0
287 5994 0
287 6078 0
287 6160 0
287 6163 0
287 6165 0
287 21518 1
287 6708 0
287 6712 0
287 7209 0
287 7480 0
287 7836 0
287 7931 0
287 2724 0
287 8163 0
291 2059 0
291 20505 1
291 5835 0
291 4300 0
291 2338 0
291 6861 0
291 4305 0
291 5895 0
291 3628 0
291 291 0
291 316 0
291 8067 0
291 1943 1
291 3522 0
291 4555 0
291 19427 0
301 7698 0
301 7699 0
301 6164 0
301 2069 0
301 2588 0
301 4642 0
301 6180 0
301 5657 0
301 6720 0
301 2115 0
301 1620 0
301 5207 0
301 8287 0
301 7931 0
301 2678 0
301 6977 0
301 16354 1
301 1159 0
301 1160 0
301 2703 0
301 16022 0
301 1687 0
301 7836 0
301 2722 0
301 8867 0
301 455 1
301 1197 0
301 8053 0
301 1741 0
301 719 0
301 4822 0
301 5855 0
301 1259 0
301 1779 0
301 5365 0
301 6904 0
301 4859 0
301 7430 0
301 3354 0
301 8484 0
301 301 0
301 8503 0
301 2361 0
301 827 0
301 5432 0
301 3927 0
301 4443 0
301 1894 0
301 5994 0
301 5523 0
301 1919 0
301 1927 0
301 6560 0
301 5981 0
301 6068 0
301 2718 0
301 4534 0
301 4535 0
301 9145 0
301 6078 0
301 3522 0
301 4547 0
301 2500 0
301 4550 0
301 4555 0
301 6153 0
301 3043 0
301 4551 0
301 4095 0
313 3108 1
313 861 0
313 8768 0
313 1379 0
313 1620 0
313 6078 0
313 5529 0
313 5413 0
313 337 0
313 338 0
313 7005 0
313 1388 0
313 1943 1
313 2967 0
313 7064 0
313 16113 0
313 6068 0
313 438 0
313 1472 0
313 16337 0
313 8160 0
313 1005 0
313 8185 0
316 1546 0
316 6062 0
316 3628 0
316 3191 0
316 1147 1
316 2703 0
316 4780 1
316 5835 0
316 719 0
316 5895 0
316 3353 0
316 316 0
316 5980 0
316 5981 0
316 1927 0
316 1429 0
316 11671 0
316 4524 0
316 4534 0
316 4546 0
316 4555 0
316 1016 0
316 509 0
337 1545 0
337 1546 0
337 6160 0
337 6162 0
337 6163 0
337 6164 0
337 6165 0
337 2604 0
337 5981 0
337 6153 0
337 3143 0
337 1620 0
337 4110 0
337 8287 0
337 3191 0
337 5243 0
337 2703 0
337 2709 0
337 2712 0
337 2718 0
337 4551 0
337 1197 0
337 1221 0
337 8409 0
337 5852 0
337 4319 0
337 14072 0
337 5885 0
337 3844 0
337 2831 0
337 8867 0
337 1824 0
337 5855 0
337 1674 0
337 2881 0
337 337 0
337 338 0
337 4450 0
337 5476 0
337 4966 0
337 4460 0
337 4981 0
337 1927 0
337 3464 1
337 3978 0
337 911 0
337 5015 0
337 5017 0
337 413 0
337 418 0
337 19879 0
337 5980 0
337 4550 0
337 3745 0
337 4554 0
337 4557 0
337 7635 0
337 3035 0
337 3043 0
337 5204 0
337 1022 0
337 4961 0
338 6147 0
338 6153 0
338 4110 0
338 6160 0
338 6162 0
338 6163 0
338 6164 0
338 2069 0
338 2115 0
338 8287 0
338 8409 0
338 4319 0
338 338 0
338 4450 0
338 4460 0
338 4535 0
338 2501 0
338 4550 0
338 4551 0
338 4557 0
338 4560 0
338 2599 0
338 2604 0
338 2678 0
338 2703 0
338 2712 0
338 2722 0
338 8867 0
338 2831 0
338 2881 0
338 7005 0
338 4961 0
338 4966 0
338 4981 0
338 4986 0
338 2967 0
338 5016 0
338 5017 0
338 1005 0
338 1016 0
338 1022 0
338 3141 0
338 3143 0
338 5207 0
338 1221 0
338 1223 0
338 5466 0
338 911 0
338 19808 0
338 1383 0
338 3464 1
338 19879 0
338 1472 0
338 7635 0
338 1546 0
338 1591 0
338 1620 0
338 1674 0
338 3745 0
338 5885 0
338 3844 0
338 1824 0
338 3927 0
338 5980 0
338 5981 0
338 2709 0
338 1927 0
338 3978 0
338 6068 0
338 16354 1
338 8185 0
413 4110 0
413 6160 0
413 6163 0
413 6165 0
413 8112 0
413 2599 0
413 5981 0
413 3650 1
413 2115 0
413 3141 0
413 1620 0
413 1383 0
413 6162 0
413 5243 0
413 2703 0
413 1680 0
413 2709 0
413 2712 0
413 2718 0
413 3745 0
413 2722 0
413 8867 0
413 2724 0
413 1221 0
413 5835 0
413 5017 0
413 5855 0
413 2338 0
413 5529 0
413 861 0
413 3426 0
413 3444 0
413 4981 0
413 3978 0
413 3986 0
413 1943 1
413 5016 0
413 18332 0
413 418 0
413 421 0
413 19532 0
413 4554 0
413 8160 0
413 4859 0
413 3561 0
413 19879 0
416 6164 0
416 3232 0
416 8867 0
416 3236 0
416 5417 0
416 6162 0
416 711 1
416 17992 0
416 6895 1
416 4450 0
416 6163 0
418 6163 0
418 8112 0
418 6708 0
418 1591 0
418 3650 1
418 19532 0
418 1620 0
418 4196 0
418 6162 0
418 5243 0
418 6165 0
418 1159 0
418 5017 0
418 2718 0
418 2722 0
418 8867 0
418 1741 0
418 4305 0
418 3806 0
418 1779 0
418 4344 0
418 2338 0
418 861 0
418 3426 0
418 3444 0
418 1943 1
418 3986 0
418 5015 0
418 5529 0
418 18332 0
418 421 0
418 2997 0
418 4551 0
421 4110 0
421 1591 0
421 8768 0
421 19808 0
421 3650 1
421 3654 0
421 1620 0
421 1159 0
421 1388 0
421 18332 0
421 3248 0
421 8409 0
421 1779 0
421 8112 0
421 8477 0
421 5529 0
421 7480 0
421 5981 0
421 4961 0
421 3426 0
421 4966 0
421 4986 0
421 3978 0
421 5015 0
421 3986 0
421 1943 1
421 5016 0
421 5017 0
421 9158 0
421 19532 0
421 1379 0
421 1022 0
438 1674 0
438 438 0
438 9158 0
438 4442 1
438 3561 0
438 1147 1
455 14978 1
455 13355 1
455 5895 1
455 3986 1
455 4642 1
455 3108 2
455 19750 1
455 5432 1
455 455 2
455 1741 1
455 6861 1
455 5072 1
455 1620 1
455 4442 2
455 4443 1
455 19427 1
455 6251 1
455 3441 1
455 5881 1
455 16123 1
496 4110 0
496 2582 0
496 1197 0
496 1147 1
496 2703 0
496 1180 0
496 2718 0
496 4305 0
496 5855 0
496 2599 0
496 6915 0
496 4371 0
496 5412 1
496 827 0
496 2881 0
496 861 0
496 5994 0
496 4477 0
496 4524 0
496 2989 1
496 4534 0
496 4550 0
496 4551 0
496 4553 0
496 4554 0
496 4555 0
496 4557 0
496 496 0
509 6147 0
509 2059 0
509 6160 0
509 6163 0
509 6165 0
509 8287 0
509 4704 0
509 6162 0
509 6164 0
509 2708 0
509 2712 0
509 2718 0
509 8867 0
509 2724 0
509 4780 1
509 1221 0
509 1223 0
509 4300 0
509 4822 0
509 5855 0
509 2280 0
509 2338 0
509 3036 0
509 5981 0
509 3986 0
509 2989 1
509 6062 0
509 4553 0
509 509 0
509 1022 0
593 6401 0
593 1943 1
593 4780 1
593 5233 0
711 13185 1
711 13314 1
711 8835 1
711 2695 1
711 911 1
711 1680 1
711 3986 1
711 1683 1
711 4250 1
711 2333 1
711 2334 1
711 18759 1
711 3236 1
711 5413 1
711 2727 1
711 5417 1
711 3232 1
711 19760 1
711 19226 1
711 11197 1
711 2336 1
711 8130 1
711 20481 1
711 711 2
711 17992 1
711 19532 1
711 1741 1
711 5712 1
711 5412 2
711 1626 1
711 4704 1
711 912 1
711 3426 1
711 3561 1
711 2335 1
711 5365 1
711 3453 1
711 4095 1
719 4524 0
719 2059 0
719 6068 0
719 4677 1
719 1620 0
719 4704 0
719 2709 0
719 2718 0
719 4780 1
719 1221 0
719 1223 0
719 5835 0
719 1741 0
719 719 0
719 1259 0
719 6380 0
719 5885 0
719 8064 0
719 2837 0
719 3353 0
719 4477 0
719 1927 0
719 4442 1
719 3986 0
719 2967 0
719 2989 1
719 4550 0
719 4551 0
719 3561 0
719 1022 0
827 2059 0
827 4129 0
827 6180 0
827 1741 0
827 4305 0
827 2280 0
827 4371 0
827 8503 0
827 4460 0
827 2453 0
827 4535 0
827 4553 0
827 4560 0
827 4566 0
827 2577 0
827 8623 0
827 2604 0
827 2708 0
827 2714 0
827 2718 0
827 4822 0
827 6915 0
827 827 0
827 5025 0
827 17324 0
827 2997 0
827 3037 0
827 3043 0
827 861 0
827 3220 0
827 3232 0
827 1221 0
827 1223 0
827 1224 0
827 3284 0
827 5432 0
827 3395 0
827 1383 0
827 5529 0
827 19879 0
827 1603 0
827 5712 0
827 1620 0
827 1653 0
827 1674 0
827 3735 0
827 5852 0
827 5855 0
827 1779 0
827 3918 0
827 5981 0
827 5994 0
827 1919 0
827 1927 0
827 1687 0
827 3986 0
827 1943 1
827 18332 0
827 1429 0
827 8112 0
827 6068 0
827 16354 1
827 4095 0
861 6153 0
861 6162 0
861 6163 0
861 2069 0
861 16431 0
861 4144 0
861 2115 0
861 2152 0
861 6164 0
861 6165 0
861 16527 0
861 4129 0
861 4305 0
861 4319 0
861 4822 0
861 4371 0
861 4443 0
861 2399 0
861 4450 0
861 8549 0
861 4460 0
861 4477 0
861 11671 0
861 2453 0
861 4539 0
861 3220 0
861 4547 0
861 4550 0
861 4551 0
861 4560 0
861 14072 0
861 2577 0
861 4626 0
861 4644 0
861 2599 0
861 6708 0
861 8160 0
861 2678 0
861 8835 0
861 2708 0
861 2709 0
861 2712 0
861 2718 0
861 2722 0
861 8867 0
861 2727 0
861 4780 1
861 8881 0
861 8977 0
861 861 0
861 4981 0
861 4986 0
861 911 0
861 5015 0
861 5016 0
861 7089 1
861 3043 0
861 1005 0
861 19450 0
861 1022 0
861 3141 0
861 3142 0
861 4961 0
861 5204 0
861 5207 0
861 4966 0
861 1159 0
861 1160 0
861 3232 0
861 3236 0
861 1221 0
861 1224 0
861 3284 0
861 1259 0
861 2604 0
861 3353 0
861 3354 0
861 5432 0
861 5466 0
861 3426 0
861 1383 0
861 1388 0
861 3444 0
861 7064 0
861 5017 0
861 19879 0
861 1472 0
861 1479 0
861 3628 0
861 1591 0
861 1603 0
861 1604 0
861 3654 0
861 5712 0
861 1653 0
861 1674 0
861 1680 0
861 1687 0
861 5791 0
861 3745 0
861 9158 0
861 8477 0
861 1741 0
861 5855 0
861 16113 0
861 1779 0
861 1824 0
861 5965 0
861 7480 0
861 3939 0
861 5994 0
861 1919 0
861 1927 0
861 1928 0
861 4760 0
861 3986 0
861 6068 0
861 6078 0
861 2724 0
861 8185 0
861 4095 0
911 20481 0
911 6163 0
911 6165 0
911 4129 0
911 18478 0
911 21047 0
911 2115 0
911 17992 0
911 3426 0
911 1620 0
911 1159 0
911 1680 0
911 5791 0
911 3232 0
911 3745 0
911 8867 0
911 3236 0
911 2727 0
911 1741 0
911 4305 0
911 4319 0
911 6380 0
911 8472 0
911 2338 0
911 5412 1
911 6708 0
911 6977 0
911 3918 0
911 4450 0
911 3444 0
911 4477 0
911 1927 0
911 912 0
911 3986 0
911 1943 1
911 7064 0
911 19879 0
911 4524 0
911 2997 0
911 4546 0
911 4553 0
911 14072 0
911 7635 0
911 3919 0
911 8163 0
911 4095 0
912 1927 0
912 7064 0
912 3232 0
912 3745 0
912 2338 0
912 3236 0
912 21047 0
912 5412 1
912 3919 0
912 912 0
1004 6147 0
1004 2069 0
1004 2582 0
1004 1620 0
1004 2709 0
1004 2724 0
1004 3243 1
1004 6401 0
1004 2849 0
1004 2338 0
1004 7480 0
1004 2361 0
1004 4442 1
1004 5981 0
1004 3426 0
1004 18332 0
1004 4423 1
1004 6078 0
1004 4557 0
1004 7635 0
1004 1004 0
1005 1159 0
1005 1943 1
1005 3986 0
1005 7726 0
1005 7064 0
1005 18332 0
1005 2997 0
1005 1765 0
1005 4626 0
1005 1147 1
1016 13314 0
1016 6162 0
1016 1591 0
1016 8768 0
1016 5015 0
1016 2709 0
1016 2722 0
1016 2724 0
1016 4780 1
1016 3246 0
1016 3248 0
1016 4626 0
1016 1221 0
1016 8409 0
1016 5895 0
1016 5400 0
1016 7480 0
1016 3444 0
1016 4477 0
1016 3986 0
1016 1943 1
1016 18332 0
1016 14072 0
1022 2059 0
1022 6163 0
1022 2069 0
1022 6165 0
1022 2338 0
1022 2361 0
1022 4524 0
1022 4681 0
1022 2703 0
1022 2708 0
1022 2712 0
1022 8867 0
1022 4780 1
1022 8881 0
1022 4859 0
1022 6622 0
1022 6977 0
1022 2881 0
1022 7064 0
1022 2997 0
1022 9158 0
1022 1022 0
1022 13355 0
1022 3426 0
1022 1379 0
1022 17304 0
1022 5529 0
1022 19879 0
1022 7726 0
1022 6068 0
1022 3654 0
1022 1687 0
1022 3745 0
1022 5835 0
1022 1741 0
1022 5855 0
1022 5994 0
1022 1927 0
1022 4760 0
1022 3986 0
1022 1943 1
1022 18332 0
1022 8112 0
1096 1943 1
1096 18332 0
1096 6068 0
1096 6895 1
1096 9846 0
1129 19808 1
1129 2849 1
1129 3566 1
1129 4344 1
1147 8064 1
1147 2582 1
1147 1288 1
1147 4110 1
1147 1680 1
1147 3986 1
1147 18332 1
1147 1824 1
1147 4129 1
1147 8112 1
1147 15988 1
1147 3806 1
1147 3561 1
1147 6380 1
1147 2709 1
1158 1197 0
1158 2577 0
1158 6666 0
1158 1894 0
1158 7698 0
1158 1158 0
1158 1159 0
1158 1160 0
1158 1687 0
1158 2501 0
1158 1221 0
1158 5855 0
1158 5365 0
1158 8503 0
1158 2361 0
1158 5476 0
1158 5994 0
1158 8053 0
1158 3453 0
1158 2956 1
1158 1943 1
1158 4524 0
1158 1259 0
1158 2500 0
1158 1482 0
1158 16354 1
1158 3043 0
1158 3045 0
1159 1197 0
1159 2577 0
1159 6163 0
1159 4129 0
1159 6708 0
1159 8768 0
1159 2115 0
1159 1379 0
1159 9158 0
1159 6160 0
1159 6380 0
1159 5243 0
1159 3008 0
1159 1159 0
1159 1160 0
1159 1674 0
1159 1680 0
1159 16022 0
1159 1687 0
1159 2714 0
1159 7836 0
1159 2718 0
1159 3232 0
1159 2727 0
1159 8881 0
1159 1221 0
1159 1223 0
1159 4822 0
1159 4319 0
1159 2280 0
1159 1259 0
1159 4371 0
1159 8472 0
1159 3354 0
1159 8503 0
1159 2399 0
1159 8549 0
1159 5994 0
1159 3444 0
1159 2956 1
1159 1943 1
1159 3236 0
1159 8860 0
1159 4524 0
1159 17992 0
1159 4534 0
1159 4535 0
1159 4536 0
1159 4539 0
1159 4540 0
1159 4546 0
1159 4550 0
1159 4551 0
1159 4555 0
1159 4557 0
1159 2724 0
1159 3043 0
1160 6164 0
1160 2069 0
1160 6180 0
1160 4144 0
1160 2152 0
1160 4371 0
1160 8484 0
1160 8503 0
1160 4442 1
1160 6560 0
1160 8623 0
1160 4534 0
1160 4535 0
1160 4536 0
1160 4539 0
1160 4540 0
1160 4546 0
1160 2500 0
1160 2501 0
1160 4550 0
1160 4551 0
1160 4557 0
1160 6666 0
1160 2577 0
1160 2588 0
1160 4644 0
1160 8797 0
1160 3522 0
1160 4812 0
1160 6904 0
1160 4859 0
1160 2881 0
1160 5072 0
1160 5074 0
1160 3043 0
1160 3142 0
1160 7698 0
1160 1160 0
1160 1221 0
1160 1223 0
1160 1259 0
1160 5365 0
1160 2361 0
1160 3353 0
1160 3354 0
1160 5476 0
1160 1388 0
1160 3464 1
1160 5523 0
1160 5525 0
1160 7699 0
1160 1653 0
1160 16022 0
1160 1687 0
1160 3745 0
1160 1741 0
1160 5855 0
1160 1765 0
1160 3874 0
1160 5432 0
1160 3927 0
1160 1894 0
1160 5994 0
1160 1919 0
1160 6072 0
1160 4426 0
1160 8185 0
1180 2708 0
1180 2714 0
1180 1180 0
1180 1197 0
1180 5855 0
1180 1259 0
1180 4340 0
1180 5412 1
1180 5417 0
1180 3444 0
1180 2956 1
1180 5523 0
1180 2500 0
1197 2059 0
1197 6162 0
1197 2582 0
1197 2588 0
1197 5466 0
1197 1591 0
1197 6666 0
1197 1603 0
1197 1620 0
1197 4704 0
1197 3874 0
1197 1653 0
1197 3220 0
1197 1687 0
1197 2724 0
1197 4551 0
1197 1197 0
1197 8881 0
1197 1221 0
1197 1223 0
1197 1224 0
1197 1741 0
1197 4822 0
1197 5855 0
1197 5072 0
1197 1765 0
1197 4344 0
1197 4859 0
1197 4371 0
1197 3354 0
1197 2338 0
1197 5432 0
1197 2361 0
1197 2881 0
1197 3918 0
1197 3919 0
1197 2399 0
1197 20505 1
1197 4981 0
1197 1927 0
1197 7064 0
1197 2989 1
1197 8623 0
1197 2500 0
1197 4550 0
1197 4553 0
1197 4555 0
1197 4557 0
1197 4560 0
1197 4566 0
1197 3043 0
1197 6560 0
1197 5523 0
1197 8797 0
1221 6147 0
1221 6153 0
1221 6160 0
1221 2069 0
1221 8881 0
1221 3426 0
1221 4300 0
1221 4305 0
1221 2280 0
1221 4371 0
1221 4547 0
1221 2500 0
1221 2501 0
1221 4550 0
1221 4557 0
1221 2577 0
1221 18967 0
1221 4711 0
1221 2708 0
1221 2718 0
1221 2722 0
1221 4859 0
1221 2837 0
1221 4966 0
1221 5016 0
1221 5025 0
1221 2989 1
1221 3043 0
1221 3248 0
1221 13355 0
1221 5204 0
1221 5207 0
1221 3220 0
1221 1221 0
1221 1223 0
1221 1224 0
1221 1259 0
1221 5432 0
1221 5466 0
1221 1383 0
1221 20505 1
1221 19879 0
1221 5552 0
1221 1545 0
1221 1546 0
1221 1547 0
1221 7698 0
1221 7699 0
1221 5657 0
1221 1603 0
1221 1620 0
1221 1653 0
1221 16354 1
1221 18098 0
1221 1741 0
1221 5852 0
1221 5855 0
1221 5981 0
1221 3978 0
1221 3986 0
1221 1943 1
1221 8860 0
1221 6072 0
1221 6078 0
1221 3745 0
1223 6147 0
1223 1546 0
1223 2577 0
1223 8064 0
1223 5657 0
1223 8112 0
1223 4711 0
1223 2678 0
1223 16354 1
1223 8860 0
1223 2718 0
1223 2722 0
1223 3248 0
1223 13355 0
1223 1224 0
1223 1741 0
1223 4305 0
1223 5852 0
1223 5855 0
1223 1259 0
1223 4859 0
1223 2837 0
1223 5432 0
1223 5981 0
1223 19808 0
1223 3986 0
1223 2989 1
1223 5552 0
1223 6072 0
1223 3522 0
1223 4547 0
1223 2500 0
1223 2501 0
1223 4555 0
1223 4557 0
1223 3043 0
1224 6147 0
1224 19879 0
1224 4546 0
1224 3243 1
1224 1224 0
1224 1741 0
1224 4305 0
1224 5852 0
1224 5855 0
1224 1259 0
1224 6401 0
1224 1779 0
1224 4371 0
1224 2881 0
1224 2500 0
1224 5994 0
1224 20505 1
1224 4477 0
1224 21239 0
1224 3986 0
1224 5525 0
1224 1943 1
1224 5529 0
1224 5025 0
1224 2989 1
1224 6068 0
1224 2997 0
1224 1472 0
1224 1479 0
1224 5072 0
1224 16354 1
1259 6147 0
1259 2059 0
1259 4110 0
1259 6165 0
1259 2152 0
1259 4300 0
1259 4305 0
1259 4319 0
1259 8484 0
1259 4442 1
1259 4524 0
1259 4534 0
1259 6583 0
1259 2500 0
1259 4555 0
1259 4557 0
1259 2582 0
1259 2588 0
1259 2604 0
1259 8768 0
1259 4677 1
1259 4711 0
1259 2712 0
1259 2722 0
1259 8881 0
1259 2881 0
1259 7064 0
1259 9158 0
1259 5072 0
1259 18967 0
1259 3236 0
1259 7384 0
1259 5365 0
1259 3353 0
1259 3354 0
1259 5432 0
1259 3426 0
1259 1388 0
1259 3522 0
1259 3561 0
1259 1545 0
1259 1546 0
1259 1547 0
1259 5657 0
1259 3628 0
1259 4704 0
1259 1620 0
1259 4371 0
1259 1653 0
1259 1687 0
1259 7836 0
1259 1741 0
1259 5852 0
1259 1779 0
1259 3927 0
1259 1894 0
1259 1919 0
1259 8064 0
1259 3986 0
1259 8112 0
1259 6078 0
1259 16354 1
1268 2956 1
1268 2837 0
1268 1943 1
1268 18332 0
1268 3232 0
1268 4129 0
1268 8112 0
1268 3236 0
1268 4550 0
1288 20505 1
1288 3441 0
1288 4780 1
1288 10036 1
1288 4534 0
1288 5835 0
1288 7635 0
1288 3799 0
1288 3800 0
1288 6078 0
1354 4780 1
1354 2500 0
1354 5855 0
1354 16354 1
1379 1591 0
1379 8768 0
1379 3654 0
1379 18332 0
1379 2718 0
1379 2722 0
1379 2724 0
1379 3248 0
1379 5835 0
1379 8409 0
1379 8977 0
1379 5529 0
1379 7480 0
1379 6977 0
1379 4961 0
1379 3426 0
1379 4966 0
1379 1388 0
1379 4986 0
1379 3978 0
1379 1943 1
1379 5016 0
1379 3986 0
1379 5015 0
1379 5017 0
1379 8112 0
1379 9158 0
1379 4553 0
1379 16354 1
1379 3561 0
1383 6147 0
1383 4110 0
1383 6165 0
1383 8881 0
1383 2115 0
1383 1388 0
1383 4305 0
1383 8477 0
1383 2338 0
1383 4546 0
1383 2599 0
1383 2712 0
1383 2718 0
1383 2722 0
1383 8867 0
1383 2724 0
1383 4780 1
1383 8933 0
1383 4859 0
1383 8977 0
1383 6977 0
1383 4966 0
1383 4981 0
1383 5016 0
1383 5017 0
1383 2997 0
1383 3141 0
1383 5243 0
1383 3354 0
1383 5432 0
1383 3426 0
1383 5015 0
1383 5529 0
1383 19879 0
1383 3561 0
1383 17929 0
1383 7726 0
1383 1653 0
1383 1680 0
1383 15988 0
1383 1741 0
1383 5855 0
1383 1765 0
1383 1779 0
1383 5881 0
1383 5885 0
1383 3844 0
1383 3978 0
1383 3986 0
1383 1943 1
1383 18332 0
1383 6078 0
1383 8160 0
1388 6147 0
1388 6153 0
1388 2069 0
1388 8881 0
1388 15551 0
1388 6165 0
1388 1388 0
1388 8409 0
1388 2338 0
1388 8623 0
1388 4547 0
1388 4566 0
1388 2604 0
1388 8768 0
1388 2678 0
1388 2709 0
1388 4760 0
1388 2722 0
1388 8867 0
1388 8933 0
1388 4859 0
1388 6977 0
1388 4961 0
1388 4981 0
1388 4986 0
1388 5015 0
1388 5016 0
1388 5017 0
1388 9158 0
1388 3043 0
1388 3108 1
1388 17929 0
1388 4966 0
1388 7480 0
1388 3426 0
1388 5529 0
1388 19879 0
1388 7635 0
1388 3561 0
1388 1591 0
1388 1653 0
1388 8477 0
1388 15988 0
1388 1741 0
1388 5852 0
1388 1765 0
1388 1779 0
1388 5885 0
1388 5981 0
1388 5994 0
1388 3978 0
1388 3986 0
1388 1943 1
1388 18332 0
1429 3844 0
1429 3986 0
1429 1943 1
1429 7064 0
1429 2338 0
1429 3108 1
1429 4780 1
1429 4642 0
1429 2019 0
1472 6153 0
1472 6163 0
1472 6165 0
1472 18967 0
1472 2599 0
1472 13355 0
1472 21047 0
1472 8768 0
1472 1603 0
1472 4536 0
1472 1620 0
1472 5207 0
1472 2703 0
1472 5657 0
1472 2712 0
1472 2718 0
1472 8867 0
1472 8881 0
1472 8409 0
1472 5852 0
1472 5885 0
1472 5400 0
1472 3353 0
1472 8477 0
1472 2338 0
1472 3919 0
1472 3426 0
1472 8064 0
1472 1927 0
1472 3978 0
1472 3986 0
1472 1943 1
1472 2997 0
1472 4547 0
1472 9158 0
1472 16354 1
1479 9738 1
1479 6165 0
1479 13355 0
1479 4681 0
1479 2708 0
1479 2709 0
1479 8867 0
1479 4822 0
1479 5855 0
1479 1779 0
1479 8503 0
1479 5432 0
1479 6977 0
1479 3453 0
1479 3986 0
1479 5523 0
1479 2500 0
1479 2501 0
1479 1479 0
1479 1482 0
1479 16354 1
1479 8185 0
1482 9738 1
1482 2501 0
1482 6977 0
1482 2500 0
1482 8185 0
1482 16354 1
1482 5994 0
1482 1779 0
1545 3844 0
1545 1545 0
1545 1546 0
1545 1547 0
1545 6147 0
1545 3353 0
1545 3354 0
1545 4780 1
1545 8112 0
1545 16354 1
1546 6147 0
1546 1546 0
1546 1547 0
1546 1653 0
1546 2709 0
1546 4780 1
1546 5855 0
1546 4340 0
1546 6915 0
1546 19808 0
1546 3986 0
1546 7064 0
1546 4520 0
1546 2989 1
1546 4534 0
1546 4535 0
1546 6078 0
1546 16354 1
1547 6147 0
1547 1547 0
1547 9738 1
1547 4477 0
1547 3986 0
1547 4521 0
1547 8112 0
1547 16354 1
1591 4110 0
1591 6163 0
1591 6164 0
1591 6165 0
1591 2115 0
1591 8409 0
1591 4319 0
1591 2280 0
1591 6380 0
1591 2338 0
1591 15551 0
1591 4534 0
1591 4535 0
1591 4536 0
1591 4539 0
1591 4540 0
1591 4546 0
1591 6622 0
1591 4623 0
1591 2582 0
1591 18967 0
1591 2604 0
1591 8768 0
1591 2703 0
1591 2712 0
1591 2714 0
1591 2718 0
1591 2722 0
1591 8867 0
1591 2724 0
1591 2727 0
1591 4780 1
1591 8881 0
1591 8977 0
1591 17541 0
1591 4961 0
1591 4981 0
1591 4986 0
1591 5015 0
1591 5016 0
1591 5017 0
1591 9158 0
1591 4966 0
1591 5243 0
1591 4646 0
1591 3353 0
1591 7480 0
1591 3426 0
1591 5529 0
1591 5981 0
1591 19879 0
1591 7005 0
1591 7635 0
1591 3561 0
1591 1591 0
1591 2997 0
1591 1603 0
1591 1604 0
1591 1620 0
1591 15988 0
1591 1653 0
1591 1683 0
1591 1687 0
1591 8477 0
1591 5855 0
1591 14072 0
1591 3978 0
1591 3986 0
1591 1943 1
1591 18332 0
1591 16337 0
1591 16354 1
1591 8163 0
1603 4129 0
1603 2604 0
1603 6712 0
1603 1603 0
1603 1604 0
1603 5204 0
1603 6078 0
1603 3191 0
1603 2714 0
1603 4300 0
1603 4319 0
1603 4859 0
1603 5885 0
1603 6401 0
1603 7726 0
1603 2338 0
1603 5412 1
1603 3426 0
1603 8549 0
1603 3220 0
1603 6977 0
1603 3986 0
1603 1943 1
1603 5529 0
1603 18332 0
1603 8112 0
1603 2997 0
1603 4534 0
1603 4553 0
1603 3043 0
1603 19879 0
1604 6162 0
1604 6163 0
1604 1604 0
1604 4681 0
1604 1620 0
1604 8881 0
1604 3191 0
1604 8933 0
1604 2338 0
1604 6977 0
1604 8163 0
1604 3426 0
1604 3986 0
1604 1943 1
1604 5529 0
1604 19879 0
1604 18332 0
1604 16354 1
1620 6147 0
1620 4110 0
1620 6160 0
1620 6162 0
1620 2069 0
1620 6153 0
1620 2115 0
1620 6165 0
1620 4300 0
1620 2280 0
1620 6380 0
1620 4340 0
1620 4371 0
1620 2338 0
1620 2361 0
1620 4442 1
1620 2399 0
1620 5523 0
1620 4477 0
1620 4520 0
1620 4524 0
1620 4534 0
1620 4535 0
1620 4536 0
1620 4539 0
1620 4540 0
1620 4546 0
1620 4550 0
1620 4555 0
1620 4557 0
1620 4560 0
1620 4566 0
1620 6622 0
1620 6666 0
1620 4646 0
1620 2604 0
1620 6712 0
1620 4681 0
1620 4704 0
1620 4711 0
1620 2703 0
1620 4547 0
1620 2708 0
1620 2709 0
1620 2712 0
1620 2714 0
1620 8860 0
1620 2718 0
1620 2722 0
1620 8867 0
1620 14072 0
1620 6907 0
1620 2831 0
1620 2849 0
1620 6915 0
1620 4981 0
1620 2989 1
1620 3035 0
1620 3036 0
1620 7209 0
1620 8287 0
1620 3141 0
1620 1894 0
1620 5243 0
1620 3246 0
1620 3248 0
1620 5432 0
1620 6583 0
1620 5525 0
1620 4551 0
1620 8797 0
1620 3654 0
1620 1620 0
1620 1674 0
1620 5835 0
1620 1741 0
1620 5855 0
1620 5072 0
1620 1765 0
1620 3844 0
1620 5965 0
1620 7480 0
1620 5980 0
1620 5981 0
1620 8064 0
1620 3986 0
1620 1943 1
1620 18332 0
1620 6062 0
1620 8112 0
1620 16337 0
1620 2724 0
1620 8160 0
1620 2019 0
1620 4095 0
1626 5712 0
1626 8835 0
1626 2695 0
1626 5881 0
1626 19226 0
1626 2333 0
1626 2334 0
1626 2335 0
1626 2336 0
1626 19760 0
1626 5412 1
1626 5413 0
1626 18759 0
1626 13185 0
1626 3986 0
1626 6068 0
1626 11197 0
1626 4095 0
1653 16527 0
1653 8477 0
1653 8860 0
1653 8881 0
1653 8977 0
1653 9158 0
1653 17929 0
1653 1653 0
1653 1674 0
1653 1765 0
1653 1779 0
1653 1943 1
1653 18478 0
1653 2338 0
1653 2361 0
1653 2501 0
1653 8625 0
1653 2604 0
1653 2722 0
1653 3008 0
1653 3045 0
1653 3141 0
1653 3284 0
1653 3353 0
1653 19750 0
1653 3453 0
1653 19879 0
1653 3561 0
1653 3628 0
1653 3927 0
1653 3986 0
1653 20481 0
1653 4110 0
1653 4129 0
1653 19808 0
1653 4443 0
1653 4450 0
1653 4520 0
1653 4534 0
1653 4536 0
1653 4540 0
1653 4547 0
1653 4553 0
1653 4560 0
1653 4566 0
1653 4677 1
1653 4681 0
1653 4704 0
1653 4966 0
1653 4986 0
1653 5015 0
1653 5016 0
1653 5017 0
1653 5025 0
1653 13355 0
1653 5204 0
1653 5207 0
1653 5243 0
1653 5400 0
1653 5523 0
1653 5529 0
1653 5835 0
1653 5855 0
1653 5997 0
1653 6068 0
1653 6078 0
1653 6147 0
1653 6160 0
1653 6163 0
1653 6164 0
1653 6380 0
1653 6560 0
1653 6915 0
1653 6977 0
1653 7005 0
1653 7014 0
1653 7209 0
1653 15551 0
1653 7480 0
1653 7635 0
1653 15988 0
1653 7836 0
1653 16113 0
1653 8064 0
1653 16354 1
1674 6160 0
1674 20505 1
1674 4681 0
1674 1674 0
1674 1687 0
1674 3745 0
1674 4551 0
1674 1765 0
1674 8477 0
1674 2338 0
1674 3927 0
1674 8064 0
1674 1927 0
1674 3986 0
1674 7064 0
1674 19879 0
1674 8130 0
1674 4550 0
1674 16354 1
1680 2069 0
1680 4144 0
1680 2115 0
1680 8287 0
1680 6165 0
1680 4250 0
1680 4319 0
1680 4344 0
1680 2336 0
1680 2338 0
1680 4450 0
1680 11671 0
1680 2059 0
1680 2500 0
1680 2501 0
1680 2599 0
1680 6708 0
1680 21047 0
1680 2712 0
1680 2718 0
1680 2722 0
1680 8867 0
1680 8881 0
1680 5243 0
1680 6977 0
1680 4981 0
1680 5017 0
1680 2997 0
1680 9145 0
1680 3141 0
1680 3232 0
1680 3236 0
1680 5412 1
1680 5472 0
1680 3426 0
1680 5529 0
1680 19879 0
1680 17929 0
1680 3628 0
1680 1683 0
1680 14072 0
1680 5965 0
1680 3919 0
1680 3978 0
1680 3986 0
1680 1943 1
1680 18332 0
1680 8112 0
1680 5791 0
1680 2724 0
1680 8160 0
1680 8182 0
1683 8860 0
1683 2336 0
1683 5413 0
1683 2727 0
1683 6708 0
1683 4319 0
1683 2115 0
1683 21047 0
1683 5965 0
1683 3919 0
1683 5791 0
1683 5412 1
1687 4110 0
1687 2069 0
1687 6180 0
1687 2115 0
1687 3426 0
1687 5476 0
1687 2152 0
1687 4300 0
1687 4305 0
1687 4319 0
1687 4344 0
1687 6401 0
1687 4822 0
1687 4371 0
1687 2338 0
1687 8484 0
1687 3464 1
1687 8503 0
1687 2361 0
1687 4442 1
1687 4443 0
1687 4477 0
1687 6560 0
1687 4520 0
1687 4521 0
1687 4534 0
1687 4535 0
1687 4536 0
1687 4547 0
1687 2500 0
1687 4550 0
1687 4555 0
1687 4560 0
1687 6666 0
1687 2582 0
1687 2588 0
1687 8741 0
1687 8768 0
1687 4677 1
1687 8797 0
1687 2678 0
1687 2709 0
1687 4812 0
1687 6904 0
1687 4859 0
1687 8977 0
1687 5025 0
1687 5072 0
1687 3043 0
1687 3045 0
1687 5981 0
1687 3142 0
1687 5204 0
1687 5365 0
1687 8064 0
1687 3353 0
1687 3354 0
1687 5432 0
1687 5523 0
1687 5525 0
1687 19879 0
1687 7698 0
1687 7699 0
1687 5657 0
1687 16022 0
1687 1687 0
1687 1741 0
1687 5855 0
1687 1765 0
1687 1894 0
1687 5994 0
1687 8053 0
1687 1919 0
1687 3978 0
1687 6072 0
1687 6078 0
1687 16354 1
1741 6147 0
1741 6153 0
1741 2069 0
1741 6180 0
1741 8881 0
1741 8287 0
1741 2152 0
1741 6164 0
1741 16527 0
1741 4300 0
1741 2280 0
1741 2338 0
1741 8484 0
1741 8503 0
1741 4443 0
1741 4450 0
1741 8549 0
1741 4477 0
1741 2115 0
1741 4524 0
1741 8623 0
1741 4546 0
1741 4547 0
1741 2500 0
1741 2501 0
1741 4550 0
1741 4551 0
1741 4553 0
1741 4554 0
1741 4555 0
1741 4557 0
1741 7931 0
1741 18967 0
1741 2588 0
1741 2599 0
1741 2604 0
1741 6720 0
1741 8797 0
1741 2678 0
1741 2708 0
1741 2712 0
1741 2714 0
1741 2718 0
1741 2722 0
1741 8867 0
1741 2724 0
1741 4812 0
1741 4822 0
1741 8933 0
1741 6904 0
1741 4859 0
1741 6915 0
1741 4981 0
1741 5015 0
1741 5016 0
1741 5017 0
1741 5025 0
1741 2989 1
1741 9158 0
1741 5072 0
1741 3043 0
1741 3045 0
1741 2831 0
1741 4961 0
1741 5204 0
1741 5207 0
1741 4966 0
1741 5243 0
1741 15535 0
1741 15551 0
1741 4644 0
1741 4646 0
1741 5365 0
1741 7430 0
1741 7726 0
1741 3353 0
1741 3354 0
1741 5432 0
1741 5466 0
1741 8768 0
1741 5523 0
1741 5525 0
1741 5529 0
1741 19879 0
1741 7698 0
1741 7699 0
1741 3735 0
1741 5712 0
1741 16022 0
1741 7836 0
1741 3745 0
1741 8477 0
1741 1741 0
1741 5852 0
1741 5855 0
1741 1765 0
1741 1779 0
1741 5885 0
1741 3919 0
1741 3927 0
1741 1894 0
1741 5994 0
1741 8053 0
1741 1919 0
1741 1927 0
1741 1928 0
1741 3978 0
1741 6068 0
1741 8130 0
1741 19450 0
1741 16354 1
1741 6560 0
1741 8185 0
1765 6153 0
1765 6163 0
1765 6165 0
1765 18478 0
1765 19808 0
1765 2115 0
1765 4129 0
1765 4319 0
1765 6401 0
1765 8503 0
1765 4450 0
1765 6560 0
1765 8623 0
1765 4534 0
1765 4535 0
1765 4536 0
1765 4539 0
1765 4540 0
1765 4546 0
1765 2501 0
1765 4550 0
1765 4551 0
1765 6622 0
1765 2577 0
1765 2599 0
1765 8797 0
1765 8977 0
1765 2678 0
1765 8860 0
1765 2727 0
1765 2728 0
1765 8881 0
1765 2997 0
1765 9158 0
1765 3043 0
1765 13355 0
1765 3142 0
1765 3236 0
1765 5412 1
1765 5466 0
1765 3426 0
1765 3441 0
1765 19879 0
1765 3522 0
1765 7698 0
1765 3628 0
1765 5712 0
1765 16354 1
1765 16022 0
1765 5855 0
1765 1765 0
1765 1779 0
1765 5881 0
1765 1824 0
1765 5965 0
1765 3927 0
1765 3978 0
1765 3986 0
1765 1943 1
1779 6147 0
1779 6666 0
1779 8623 0
1779 3108 1
1779 5980 0
1779 18478 0
1779 7005 0
1779 9158 0
1779 15988 0
1779 8409 0
1779 2703 0
1779 2714 0
1779 4812 0
1779 21211 0
1779 4319 0
1779 1779 0
1779 6904 0
1779 4859 0
1779 4371 0
1779 5400 0
1779 5855 0
1779 6977 0
1779 4442 1
1779 4443 0
1779 3978 0
1779 6062 0
1779 8112 0
1779 6068 0
1779 2500 0
1779 2501 0
1779 8933 0
1779 3036 0
1779 8160 0
1779 16354 1
1779 8185 0
1824 6165 0
1824 13355 0
1824 4704 0
1824 2709 0
1824 2718 0
1824 2722 0
1824 8867 0
1824 8472 0
1824 1824 0
1824 2849 0
1824 6977 0
1824 3426 0
1824 3986 0
1824 1943 1
1824 5529 0
1824 18332 0
1824 8112 0
1824 4551 0
1824 16354 1
1824 19879 0
1877 16354 1
1877 21518 1
1894 3108 1
1894 17419 0
1894 5207 0
1894 9158 0
1894 18098 0
1894 5855 0
1894 4340 0
1894 5885 0
1894 8958 0
1894 3354 0
1894 5432 0
1894 3353 0
1894 5981 0
1894 3426 0
1894 5476 0
1894 1894 0
1894 1919 0
1894 5523 0
1894 3008 0
1894 4550 0
1894 16354 1
1919 6163 0
1919 8053 0
1919 6165 0
1919 3354 0
1919 2588 0
1919 6147 0
1919 8867 0
1919 5365 0
1919 8160 0
1919 4812 0
1919 6904 0
1919 4822 0
1919 4442 1
1919 8287 0
1919 16354 1
1919 4371 0
1919 1919 0
1927 2059 0
1927 6163 0
1927 6165 0
1927 16527 0
1927 4300 0
1927 2338 0
1927 4524 0
1927 4534 0
1927 4553 0
1927 2599 0
1927 4681 0
1927 14978 0
1927 2718 0
1927 2722 0
1927 4780 1
1927 4859 0
1927 2881 0
1927 7064 0
1927 2997 0
1927 11197 0
1927 3008 0
1927 13355 0
1927 3246 0
1927 3043 0
1927 3354 0
1927 5466 0
1927 3426 0
1927 5476 0
1927 5529 0
1927 19879 0
1927 7635 0
1927 5657 0
1927 3745 0
1927 5855 0
1927 1928 0
1927 3986 0
1927 1943 1
1927 6078 0
1927 8130 0
1928 13355 0
1928 2714 0
1928 3745 0
1928 4780 1
1928 4300 0
1928 2338 0
1928 3395 0
1928 19808 0
1928 3426 0
1928 1928 0
1928 1943 1
1928 7064 0
1928 19879 0
1928 6068 0
1928 2997 0
1928 3008 0
1928 4555 0
1943 6147 1
1943 6153 1
1943 6163 1
1943 6164 1
1943 2069 1
1943 4129 1
1943 5525 1
1943 16431 1
1943 4144 1
1943 2059 1
1943 6160 1
1943 6162 1
1943 6165 1
1943 16527 1
1943 2115 1
1943 8409 1
1943 4319 1
1943 6380 1
1943 9146 1
1943 4340 1
1943 4344 1
1943 6401 1
1943 8472 1
1943 2338 1
1943 2399 1
1943 4450 1
1943 8549 1
1943 4477 1
1943 2453 1
1943 8625 1
1943 4535 1
1943 4539 1
1943 4547 1
1943 2500 1
1943 6622 1
1943 19879 1
1943 5207 1
1943 4623 1
1943 2577 1
1943 4626 1
1943 4633 1
1943 2599 1
1943 2604 1
1943 6708 1
1943 6720 1
1943 8067 1
1943 6760 1
1943 2678 1
1943 8835 1
1943 2703 1
1943 2709 1
1943 2712 1
1943 2714 1
1943 8860 1
1943 2718 1
1943 2722 1
1943 8867 1
1943 2724 1
1943 2727 1
1943 2728 1
1943 4780 2
1943 4812 1
1943 8909 1
1943 8933 1
1943 7635 1
1943 2837 1
1943 17541 1
1943 2849 1
1943 4961 1
1943 4966 1
1943 4981 1
1943 5015 1
1943 5016 1
1943 2997 1
1943 3008 1
1943 3043 1
1943 19450 1
1943 15535 1
1943 3141 1
1943 3142 1
1943 5204 1
1943 7014 1
1943 5243 1
1943 16337 1
1943 4631 1
1943 3220 1
1943 3232 1
1943 3236 1
1943 3246 1
1943 3248 1
1943 15551 1
1943 3284 1
1943 4986 1
1943 7005 1
1943 3322 1
1943 5400 1
1943 5432 1
1943 18967 1
1943 5478 1
1943 3395 1
1943 5466 1
1943 5472 1
1943 3426 1
1943 5476 1
1943 3444 1
1943 8768 1
1943 3470 1
1943 7064 1
1943 5017 1
1943 17304 1
1943 3539 1
1943 3628 1
1943 3654 1
1943 5712 1
1943 15988 1
1943 8130 1
1943 5778 1
1943 5791 1
1943 3745 1
1943 9158 1
1943 8477 1
1943 13355 1
1943 5852 1
1943 3806 1
1943 16113 1
1943 14072 1
1943 7480 1
1943 3927 1
1943 5980 1
1943 5981 1
1943 3939 1
1943 5997 1
1943 18098 1
1943 3978 1
1943 4760 1
1943 1943 2
1943 18478 1
1943 6068 1
1943 6078 1
1943 8160 1
1943 8163 1
1943 8185 1
1943 4095 1
2019 6147 0
2019 4110 0
2019 6165 0
2019 2599 0
2019 13355 0
2019 8768 0
2019 4196 0
2019 2708 0
2019 8867 0
2019 8053 0
2019 5855 0
2019 5885 0
2019 6401 0
2019 4371 0
2019 8477 0
2019 7480 0
2019 2881 0
2019 4986 0
2019 5523 0
2019 5025 0
2019 4520 0
2019 4521 0
2019 17324 0
2019 2989 1
2019 6068 0
2019 4534 0
2019 6583 0
2019 4536 0
2019 4555 0
2019 16354 1
2019 2019 0
2019 3561 0
2059 2059 0
2059 4300 0
2059 4340 0
2059 2361 0
2059 4524 0
2059 8623 0
2059 4536 0
2059 4539 0
2059 4546 0
2059 2604 0
2059 4681 0
2059 4704 0
2059 4711 0
2059 2718 0
2059 6907 0
2059 2989 1
2059 3036 0
2059 7430 0
2059 5432 0
2059 5523 0
2059 5835 0
2059 5885 0
2059 3844 0
2059 8064 0
2059 6062 0
2059 3745 0
2069 6153 0
2069 6666 0
2069 4110 0
2069 2577 0
2069 2069 0
2069 13355 0
2069 2604 0
2069 8881 0
2069 4196 0
2069 2152 0
2069 6165 0
2069 4547 0
2069 2709 0
2069 16022 0
2069 5791 0
2069 4305 0
2069 3800 0
2069 5855 0
2069 16354 1
2069 3354 0
2069 2338 0
2069 6977 0
2069 4442 1
2069 3426 0
2069 8064 0
2069 3986 0
2069 6062 0
2069 2997 0
2069 4555 0
2069 3561 0
2069 5204 0
2115 4110 0
2115 6163 0
2115 6165 0
2115 2599 0
2115 2115 0
2115 3141 0
2115 3654 0
2115 4681 0
2115 14072 0
2115 5712 0
2115 8881 0
2115 5885 0
2115 6162 0
2115 5243 0
2115 5204 0
2115 2712 0
2115 2718 0
2115 5791 0
2115 2722 0
2115 8867 0
2115 2724 0
2115 5017 0
2115 5855 0
2115 4319 0
2115 5965 0
2115 16354 1
2115 8860 0
2115 2338 0
2115 5412 1
2115 5529 0
2115 6977 0
2115 20481 0
2115 8503 0
2115 17992 0
2115 3426 0
2115 4981 0
2115 3464 1
2115 3978 0
2115 3986 0
2115 18332 0
2115 8112 0
2115 2997 0
2115 4540 0
2115 4550 0
2115 4554 0
2115 5881 0
2115 8160 0
2115 8163 0
2115 19879 0
2115 4095 0
2152 6153 0
2152 6666 0
2152 6180 0
2152 8797 0
2152 6760 0
2152 2152 0
2152 5243 0
2152 16354 1
2152 3232 0
2152 5855 0
2152 4859 0
2152 7430 0
2152 16123 0
2152 3353 0
2152 3354 0
2152 3918 0
2152 4442 1
2152 4443 0
2152 5994 0
2152 16274 0
2152 2453 0
2152 6078 0
2152 4547 0
2152 7931 0
2229 3464 1
2229 5791 0
2229 5412 1
2229 3426 0
2229 8163 0
2280 17929 0
2280 5207 0
2280 6163 0
2280 6165 0
2280 3108 1
2280 2599 0
2280 6760 0
2280 6251 0
2280 2709 0
2280 7836 0
2280 7384 0
2280 21211 0
2280 5855 0
2280 2280 0
2280 2849 0
2280 6915 0
2280 2361 0
2280 3927 0
2280 5981 0
2280 3426 0
2280 4986 0
2280 3464 1
2280 3986 0
2280 5015 0
2280 5016 0
2280 5017 0
2280 2989 1
2280 4555 0
2280 8867 0
2280 8185 0
2333 13185 0
2333 2695 0
2333 5412 1
2333 18759 0
2333 19760 0
2333 11197 0
2333 4553 0
2333 5965 0
2333 5413 0
2334 13185 0
2334 5413 0
2334 2695 0
2334 2334 0
2334 5412 1
2334 19760 0
2334 11197 0
2334 18759 0
2334 5855 0
2335 13185 0
2335 18759 0
2335 5412 1
2335 2695 0
2335 11197 0
2335 19760 0
2335 2335 0
2335 5413 0
2336 13185 0
2336 5413 0
2336 2695 0
2336 8860 0
2336 2727 0
2336 18759 0
2336 19760 0
2336 6708 0
2336 11197 0
2336 5712 0
2336 4305 0
2336 5412 1
2336 5791 0
2338 6160 0
2338 6162 0
2338 6163 0
2338 4144 0
2338 16527 0
2338 4300 0
2338 8409 0
2338 4319 0
2338 4340 0
2338 2338 0
2338 2399 0
2338 4450 0
2338 8549 0
2338 8623 0
2338 8625 0
2338 4550 0
2338 6666 0
2338 2599 0
2338 2604 0
2338 8768 0
2338 4681 0
2338 4704 0
2338 4711 0
2338 8477 0
2338 2695 0
2338 2709 0
2338 2712 0
2338 2714 0
2338 2718 0
2338 2722 0
2338 8867 0
2338 2724 0
2338 8881 0
2338 14072 0
2338 4557 0
2338 4822 0
2338 6907 0
2338 6164 0
2338 6915 0
2338 6165 0
2338 4961 0
2338 4986 0
2338 2967 0
2338 5016 0
2338 5017 0
2338 2989 1
2338 2997 0
2338 5072 0
2338 3035 0
2338 3036 0
2338 15535 0
2338 5981 0
2338 3142 0
2338 5243 0
2338 3243 1
2338 7430 0
2338 3354 0
2338 19750 0
2338 5432 0
2338 5466 0
2338 3426 0
2338 4547 0
2338 19836 0
2338 7064 0
2338 19879 0
2338 7698 0
2338 7726 0
2338 15988 0
2338 3745 0
2338 5835 0
2338 16113 0
2338 17929 0
2338 7480 0
2338 3927 0
2338 5980 0
2338 5994 0
2338 8067 0
2338 3986 0
2338 3395 0
2338 6062 0
2338 6068 0
2338 8130 0
2338 4095 0
2361 7698 0
2361 7699 0
2361 6164 0
2361 2582 0
2361 8027 1
2361 3142 0
2361 5207 0
2361 8797 0
2361 8287 0
2361 5233 0
2361 4371 0
2361 3191 0
2361 2703 0
2361 4547 0
2361 16022 0
2361 8860 0
2361 4554 0
2361 5855 0
2361 5965 0
2361 5365 0
2361 4859 0
2361 17995 0
2361 7430 0
2361 3354 0
2361 8484 0
2361 8503 0
2361 2361 0
2361 4426 0
2361 4442 1
2361 4443 0
2361 5980 0
2361 5994 0
2361 5523 0
2361 8064 0
2361 5997 0
2361 5525 0
2361 6560 0
2361 4524 0
2361 2718 0
2361 3522 0
2361 2500 0
2361 2501 0
2361 4550 0
2361 4551 0
2361 4553 0
2361 4555 0
2361 4557 0
2361 5073 0
2361 8185 0
2361 2724 0
2361 3043 0
2361 6904 0
2361 5204 0
2399 14978 0
2399 3464 1
2399 3986 0
2399 8881 0
2399 18967 0
2399 13355 0
2399 2997 0
2399 4534 0
2399 4539 0
2399 4550 0
2399 19427 0
2399 4555 0
2399 2399 0
2399 3426 0
2453 19879 0
2453 6666 0
2453 3986 0
2453 2997 0
2453 4534 0
2453 4535 0
2453 4536 0
2453 4546 0
2453 4557 0
2453 16354 1
2500 4305 0
2500 4371 0
2500 8503 0
2500 4442 1
2500 8549 0
2500 4524 0
2500 2501 0
2500 4555 0
2500 4557 0
2500 6666 0
2500 2599 0
2500 6720 0
2500 2703 0
2500 2708 0
2500 2709 0
2500 2712 0
2500 2718 0
2500 2722 0
2500 2724 0
2500 4812 0
2500 8933 0
2500 4859 0
2500 6977 0
2500 9145 0
2500 9158 0
2500 3043 0
2500 3143 0
2500 5207 0
2500 7698 0
2500 8768 0
2500 5365 0
2500 8409 0
2500 3353 0
2500 3354 0
2500 2500 0
2500 3453 0
2500 5523 0
2500 5525 0
2500 19879 0
2500 4822 0
2500 3522 0
2500 7699 0
2500 5852 0
2500 5855 0
2500 5432 0
2500 3927 0
2500 5981 0
2500 5994 0
2500 6078 0
2500 8185 0
2501 8409 0
2501 4822 0
2501 4371 0
2501 6666 0
2501 8768 0
2501 2708 0
2501 2709 0
2501 2712 0
2501 2718 0
2501 2501 0
2501 2722 0
2501 4812 0
2501 8933 0
2501 4859 0
2501 6977 0
2501 2989 1
2501 9145 0
2501 9158 0
2501 13355 0
2501 5207 0
2501 2577 0
2501 5365 0
2501 3353 0
2501 5432 0
2501 3453 0
2501 5523 0
2501 19879 0
2501 3522 0
2501 3561 0
2501 7698 0
2501 7699 0
2501 7726 0
2501 5852 0
2501 5855 0
2501 3927 0
2501 3986 0
2501 8112 0
2501 6078 0
2501 16354 1
2577 7699 0
2577 4129 0
2577 2599 0
2577 2703 0
2577 2718 0
2577 4812 0
2577 5855 0
2577 8477 0
2577 5432 0
2577 4442 1
2577 5994 0
2577 2967 0
2577 19879 0
2577 4534 0
2577 5072 0
2577 3043 0
2582 6147 0
2582 7699 0
2582 6165 0
2582 2582 0
2582 5657 0
2582 2722 0
2582 4644 0
2582 5852 0
2582 5855 0
2582 6904 0
2582 4859 0
2582 4371 0
2582 3354 0
2582 8484 0
2582 4442 1
2582 4443 0
2582 8053 0
2582 8064 0
2582 5523 0
2582 6560 0
2582 6078 0
2582 4550 0
2582 4555 0
2582 5072 0
2582 5074 0
2582 8185 0
2588 6147 0
2588 7699 0
2588 2588 0
2588 4443 0
2588 6180 0
2588 6720 0
2588 8797 0
2588 2678 0
2588 16022 0
2588 3354 0
2588 8881 0
2588 5855 0
2588 6904 0
2588 7931 0
2588 7430 0
2588 8484 0
2588 5432 0
2588 8027 1
2588 3353 0
2588 7005 0
2588 5476 0
2588 5994 0
2588 6560 0
2588 7836 0
2588 6072 0
2588 4550 0
2588 4551 0
2588 16354 1
2588 4520 0
2588 4521 0
2599 19879 0
2599 4110 0
2599 6163 0
2599 6165 0
2599 18967 0
2599 4129 0
2599 2599 0
2599 2712 0
2599 2604 0
2599 8835 0
2599 5207 0
2599 6164 0
2599 5243 0
2599 2695 0
2599 2708 0
2599 2714 0
2599 2718 0
2599 3232 0
2599 2722 0
2599 2724 0
2599 4677 1
2599 5835 0
2599 5017 0
2599 4319 0
2599 16337 0
2599 6401 0
2599 8477 0
2599 5529 0
2599 6977 0
2599 3426 0
2599 5994 0
2599 4981 0
2599 3978 0
2599 3986 0
2599 3141 0
2599 4524 0
2599 2997 0
2599 6078 0
2599 4553 0
2599 4560 0
2599 14072 0
2599 8881 0
2599 6622 0
2599 8160 0
2599 3561 0
2604 6147 0
2604 4110 0
2604 6164 0
2604 4129 0
2604 6165 0
2604 4300 0
2604 4305 0
2604 4319 0
2604 6380 0
2604 8477 0
2604 8623 0
2604 4546 0
2604 4555 0
2604 18967 0
2604 2604 0
2604 2678 0
2604 2708 0
2604 8867 0
2604 4551 0
2604 8881 0
2604 6977 0
2604 2997 0
2604 4536 0
2604 5400 0
2604 3426 0
2604 5529 0
2604 6068 0
2604 3354 0
2604 15988 0
2604 5855 0
2604 3844 0
2604 5981 0
2604 5994 0
2604 3978 0
2604 3986 0
2604 18332 0
2604 6062 0
2604 8112 0
2604 6078 0
2604 8182 0
2604 16354 1
2678 6666 0
2678 6163 0
2678 3142 0
2678 2678 0
2678 5243 0
2678 8409 0
2678 5855 0
2678 6904 0
2678 4859 0
2678 5885 0
2678 8977 0
2678 8477 0
2678 8484 0
2678 3426 0
2678 3986 0
2678 6560 0
2678 5525 0
2678 8623 0
2678 8112 0
2678 7089 1
2678 6078 0
2678 3561 0
2695 8835 0
2695 5413 0
2695 13185 0
2695 3986 0
2695 19226 0
2695 18759 0
2695 11197 0
2695 5529 0
2695 4555 0
2695 5712 0
2695 5412 1
2695 19760 0
2695 5981 0
2695 4095 0
2703 4110 0
2703 6160 0
2703 6162 0
2703 6163 0
2703 6165 0
2703 8287 0
2703 6401 0
2703 4534 0
2703 4560 0
2703 4566 0
2703 4623 0
2703 4626 0
2703 4631 0
2703 4643 0
2703 4644 0
2703 4646 0
2703 2703 0
2703 2709 0
2703 2712 0
2703 8860 0
2703 2718 0
2703 2722 0
2703 8867 0
2703 2724 0
2703 2728 0
2703 8881 0
2703 4859 0
2703 2881 0
2703 2997 0
2703 19450 0
2703 5243 0
2703 4633 0
2703 4642 0
2703 3426 0
2703 3464 1
2703 5529 0
2703 4344 0
2703 7726 0
2703 3745 0
2703 5835 0
2703 5855 0
2703 5881 0
2703 5885 0
2703 3927 0
2703 3978 0
2703 3986 0
2703 18332 0
2703 6068 0
2703 6078 0
2703 16337 0
2708 6153 0
2708 4110 0
2708 6165 0
2708 8287 0
2708 8549 0
2708 4520 0
2708 4535 0
2708 4536 0
2708 4554 0
2708 6708 0
2708 4677 1
2708 2709 0
2708 2712 0
2708 2714 0
2708 8860 0
2708 2718 0
2708 2722 0
2708 2724 0
2708 2727 0
2708 2728 0
2708 8881 0
2708 4859 0
2708 5016 0
2708 17324 0
2708 9145 0
2708 13355 0
2708 3142 0
2708 5233 0
2708 5243 0
2708 5997 0
2708 3353 0
2708 3354 0
2708 5412 1
2708 5432 0
2708 3464 1
2708 19879 0
2708 3561 0
2708 7698 0
2708 3628 0
2708 5855 0
2708 14072 0
2708 5885 0
2708 3927 0
2708 5981 0
2708 8064 0
2708 3986 0
2708 8112 0
2708 6068 0
2708 6078 0
2708 16354 1
2709 4110 0
2709 6160 0
2709 8287 0
2709 6165 0
2709 6380 0
2709 6401 0
2709 4520 0
2709 4547 0
2709 4554 0
2709 5885 0
2709 2881 0
2709 4623 0
2709 4626 0
2709 4631 0
2709 4643 0
2709 4644 0
2709 4646 0
2709 6708 0
2709 8768 0
2709 2709 0
2709 2712 0
2709 2714 0
2709 8860 0
2709 2718 0
2709 2722 0
2709 2728 0
2709 8881 0
2709 6904 0
2709 4859 0
2709 8977 0
2709 6977 0
2709 7064 0
2709 3141 0
2709 3220 0
2709 4633 0
2709 3246 0
2709 4642 0
2709 5432 0
2709 3395 0
2709 5466 0
2709 3426 0
2709 5476 0
2709 5016 0
2709 5529 0
2709 19879 0
2709 3561 0
2709 7699 0
2709 3628 0
2709 16354 1
2709 3745 0
2709 5835 0
2709 5855 0
2709 5881 0
2709 5965 0
2709 5981 0
2709 8064 0
2709 3978 0
2709 3986 0
2709 18332 0
2709 8112 0
2709 6068 0
2709 6078 0
2709 2724 0
2709 8163 0
2712 4110 0
2712 6162 0
2712 6163 0
2712 6165 0
2712 8287 0
2712 6164 0
2712 17541 0
2712 4555 0
2712 4560 0
2712 4623 0
2712 4626 0
2712 4631 0
2712 4643 0
2712 2712 0
2712 2714 0
2712 8860 0
2712 2718 0
2712 2722 0
2712 8867 0
2712 2724 0
2712 2728 0
2712 8881 0
2712 4822 0
2712 4859 0
2712 2881 0
2712 4981 0
2712 6977 0
2712 5017 0
2712 2997 0
2712 3036 0
2712 3043 0
2712 3141 0
2712 5207 0
2712 5233 0
2712 5243 0
2712 18967 0
2712 3220 0
2712 4633 0
2712 4642 0
2712 3284 0
2712 4644 0
2712 4646 0
2712 5400 0
2712 3354 0
2712 5412 1
2712 5432 0
2712 3426 0
2712 4547 0
2712 5529 0
2712 19879 0
2712 5657 0
2712 7726 0
2712 5835 0
2712 5852 0
2712 5855 0
2712 14072 0
2712 5881 0
2712 5885 0
2712 5980 0
2712 5981 0
2712 8064 0
2712 3978 0
2712 3986 0
2712 18332 0
2712 6068 0
2712 6078 0
2712 8160 0
2714 2714 0
2714 6147 0
2714 6153 0
2714 6164 0
2714 6165 0
2714 8287 0
2714 6162 0
2714 4319 0
2714 4344 0
2714 4524 0
2714 4534 0
2714 4535 0
2714 4536 0
2714 4539 0
2714 4540 0
2714 4546 0
2714 19879 0
2714 4646 0
2714 8860 0
2714 2718 0
2714 2722 0
2714 8867 0
2714 6160 0
2714 8881 0
2714 2881 0
2714 2956 1
2714 2997 0
2714 3143 0
2714 3220 0
2714 5365 0
2714 5432 0
2714 5466 0
2714 3426 0
2714 5523 0
2714 17929 0
2714 3628 0
2714 5791 0
2714 15988 0
2714 5855 0
2714 14072 0
2714 5981 0
2714 5994 0
2714 8053 0
2714 8064 0
2714 3986 0
2714 8112 0
2714 6068 0
2714 16337 0
2714 8164 0
2718 6147 0
2718 4110 0
2718 6160 0
2718 6162 0
2718 6165 0
2718 4129 0
2718 6180 0
2718 8287 0
2718 4196 0
2718 8409 0
2718 4319 0
2718 8503 0
2718 8549 0
2718 5523 0
2718 4520 0
2718 4521 0
2718 4524 0
2718 4534 0
2718 4535 0
2718 4536 0
2718 4539 0
2718 4540 0
2718 4546 0
2718 4547 0
2718 4550 0
2718 4554 0
2718 4566 0
2718 8472 0
2718 19879 0
2718 4633 0
2718 4646 0
2718 4681 0
2718 4760 0
2718 2718 0
2718 2722 0
2718 2724 0
2718 8881 0
2718 4859 0
2718 2831 0
2718 2881 0
2718 4981 0
2718 7089 1
2718 3035 0
2718 3036 0
2718 3043 0
2718 8027 1
2718 3141 0
2718 4961 0
2718 4966 0
2718 5233 0
2718 5243 0
2718 3232 0
2718 5412 1
2718 5432 0
2718 3426 0
2718 3464 1
2718 5016 0
2718 5017 0
2718 5025 0
2718 7726 0
2718 15988 0
2718 3745 0
2718 5835 0
2718 5855 0
2718 14072 0
2718 5881 0
2718 8064 0
2718 3978 0
2718 3986 0
2718 18332 0
2718 8860 0
2718 8112 0
2718 6068 0
2718 6078 0
2718 8160 0
2718 16354 1
2718 2727 0
2722 6147 0
2722 4110 0
2722 6160 0
2722 6162 0
2722 6165 0
2722 4129 0
2722 15551 0
2722 8287 0
2722 8409 0
2722 4319 0
2722 8477 0
2722 4442 1
2722 8549 0
2722 5523 0
2722 4520 0
2722 4524 0
2722 4539 0
2722 4546 0
2722 4547 0
2722 4553 0
2722 4554 0
2722 8472 0
2722 19879 0
2722 2881 0
2722 4623 0
2722 4633 0
2722 8768 0
2722 4681 0
2722 8860 0
2722 2722 0
2722 2727 0
2722 4859 0
2722 8977 0
2722 6977 0
2722 4961 0
2722 4966 0
2722 4981 0
2722 4986 0
2722 5015 0
2722 7064 0
2722 5017 0
2722 9158 0
2722 3036 0
2722 3043 0
2722 3141 0
2722 3142 0
2722 5233 0
2722 5243 0
2722 3232 0
2722 3248 0
2722 4646 0
2722 5432 0
2722 3426 0
2722 5016 0
2722 7635 0
2722 3561 0
2722 7726 0
2722 2997 0
2722 15988 0
2722 3745 0
2722 5855 0
2722 14072 0
2722 7480 0
2722 5981 0
2722 8064 0
2722 3978 0
2722 3986 0
2722 18332 0
2722 8112 0
2722 6068 0
2722 2724 0
2722 8160 0
2722 16354 1
2724 20481 0
2724 4110 0
2724 6163 0
2724 6165 0
2724 8287 0
2724 8409 0
2724 4340 0
2724 4344 0
2724 4524 0
2724 4553 0
2724 8768 0
2724 2724 0
2724 2727 0
2724 8881 0
2724 6861 0
2724 8977 0
2724 6977 0
2724 4981 0
2724 5016 0
2724 5017 0
2724 3008 0
2724 19427 0
2724 3141 0
2724 5243 0
2724 17541 0
2724 5400 0
2724 7480 0
2724 8160 0
2724 3426 0
2724 5529 0
2724 19879 0
2724 3561 0
2724 2997 0
2724 3353 0
2724 14072 0
2724 5981 0
2724 3978 0
2724 3986 0
2724 18332 0
2724 8112 0
2724 6068 0
2724 16354 1
2724 8163 0
2727 3628 0
2727 6708 0
2727 8860 0
2727 5791 0
2727 4305 0
2727 14072 0
2727 5885 0
2727 7726 0
2727 5412 1
2727 5413 0
2727 5965 0
2727 4450 0
2727 8549 0
2727 5997 0
2727 6068 0
2727 2997 0
2727 6078 0
2728 4110 0
2728 7726 0
2728 8287 0
2728 8860 0
2728 5855 0
2728 14072 0
2728 5412 1
2728 5981 0
2728 19808 0
2728 3986 0
2728 4521 0
2728 8112 0
2728 4539 0
2728 16337 0
2831 2989 1
2831 6160 0
2831 6162 0
2831 6163 0
2831 6165 0
2831 7209 0
2831 4681 0
2831 4704 0
2831 4196 0
2831 4300 0
2831 2837 0
2831 5855 0
2831 6907 0
2831 6915 0
2831 3844 0
2831 2831 0
2831 5981 0
2831 3464 1
2831 2956 1
2831 3986 0
2831 5523 0
2831 2967 0
2831 18332 0
2831 4536 0
2831 3008 0
2831 9158 0
2831 3035 0
2831 3036 0
2837 3141 0
2837 5855 0
2837 4442 1
2837 5072 0
2837 4344 0
2837 3322 0
2849 4110 0
2849 6162 0
2849 4196 0
2849 2849 0
2849 5881 0
2849 6977 0
2849 3426 0
2881 6160 0
2881 8881 0
2881 3142 0
2881 6583 0
2881 5243 0
2881 8835 0
2881 17541 0
2881 4547 0
2881 5835 0
2881 14072 0
2881 5855 0
2881 5881 0
2881 4859 0
2881 6915 0
2881 7726 0
2881 8484 0
2881 2881 0
2881 3919 0
2881 4442 1
2881 5980 0
2881 4966 0
2881 4460 0
2881 4477 0
2881 7064 0
2881 17324 0
2881 2989 1
2881 4534 0
2881 4535 0
2881 4536 0
2881 4540 0
2881 4546 0
2881 4566 0
2881 8160 0
2881 3043 0
2881 6560 0
2881 5885 0
2895 6915 0
2895 20505 1
2895 2989 1
2895 8503 0
2895 4546 0
2895 3035 0
2895 3036 0
2895 3037 0
2895 4704 0
2956 14978 1
2956 2956 2
2956 2967 1
2956 5657 1
2956 3522 1
2956 4553 1
2956 6861 1
2956 19427 1
2956 4822 1
2956 3939 1
2967 6160 0
2967 7209 0
2967 4681 0
2967 4704 0
2967 4711 0
2967 4300 0
2967 6907 0
2967 6915 0
2967 3353 0
2967 8477 0
2967 5432 0
2967 4477 0
2967 3986 0
2967 5525 0
2967 2967 0
2967 4520 0
2967 4521 0
2967 2989 1
2967 6062 0
2967 8623 0
2967 4534 0
2967 4535 0
2967 4536 0
2967 4539 0
2967 4540 0
2967 4546 0
2967 4550 0
2967 4551 0
2967 3035 0
2967 3036 0
2989 6160 1
2989 6162 1
2989 6163 1
2989 6164 1
2989 6165 1
2989 7209 1
2989 7726 1
2989 6712 1
2989 4681 1
2989 4704 1
2989 4196 1
2989 4711 1
2989 4300 1
2989 4340 1
2989 6907 1
2989 6915 1
2989 3844 1
2989 3354 1
2989 5981 1
2989 8053 1
2989 3986 1
2989 5025 1
2989 19879 1
2989 4520 1
2989 4521 1
2989 17324 1
2989 2989 2
2989 8623 1
2989 4534 1
2989 4535 1
2989 4536 1
2989 4539 1
2989 4540 1
2989 4546 1
2989 4550 1
2989 4551 1
2989 4553 1
2989 4554 1
2989 4555 1
2989 4557 1
2989 3035 1
2989 3036 1
2989 3037 1
2989 16354 2
2997 6147 0
2997 6153 0
2997 6160 0
2997 6162 0
2997 6163 0
2997 4144 0
2997 6165 0
2997 4129 0
2997 4305 0
2997 4319 0
2997 18478 0
2997 4450 0
2997 8549 0
2997 4477 0
2997 4524 0
2997 4547 0
2997 6622 0
2997 6666 0
2997 6708 0
2997 4681 0
2997 6977 0
2997 8835 0
2997 8860 0
2997 4780 1
2997 8933 0
2997 17541 0
2997 7005 0
2997 4981 0
2997 4986 0
2997 5015 0
2997 5016 0
2997 5017 0
2997 3008 0
2997 9158 0
2997 15535 0
2997 3141 0
2997 3142 0
2997 5207 0
2997 18967 0
2997 3220 0
2997 3232 0
2997 3236 0
2997 3246 0
2997 15551 0
2997 3284 0
2997 5400 0
2997 19750 0
2997 7480 0
2997 5478 0
2997 5472 0
2997 3426 0
2997 3444 0
2997 7064 0
2997 19879 0
2997 3628 0
2997 2997 0
2997 5712 0
2997 5765 1
2997 5778 0
2997 3745 0
2997 8477 0
2997 15988 0
2997 5852 0
2997 3806 0
2997 3927 0
2997 5980 0
2997 5981 0
2997 8067 0
2997 3978 0
2997 6068 0
2997 8160 0
2997 8185 0
2997 4095 0
3008 6160 0
3008 6068 0
3008 4681 0
3008 5765 1
3008 3246 0
3008 3248 0
3008 3918 0
3008 3919 0
3008 3939 0
3008 3986 0
3008 18332 0
3008 4534 0
3008 3008 0
3008 3539 0
3008 6622 0
3035 7209 0
3035 4704 0
3035 4711 0
3035 5835 0
3035 4300 0
3035 8409 0
3035 4340 0
3035 6907 0
3035 6915 0
3035 4371 0
3035 3986 0
3035 5523 0
3035 5525 0
3035 19879 0
3035 4534 0
3035 4546 0
3035 4566 0
3035 3035 0
3035 3037 0
3035 8160 0
3035 16354 1
3036 6915 0
3036 18967 0
3036 7209 0
3036 3141 0
3036 4681 0
3036 4704 0
3036 4711 0
3036 3243 1
3036 5835 0
3036 4300 0
3036 4340 0
3036 6907 0
3036 5885 0
3036 8409 0
3036 3036 0
3036 4450 0
3036 4477 0
3036 3464 1
3036 5523 0
3036 5525 0
3036 6062 0
3036 6068 0
3036 6078 0
3036 4550 0
3036 4551 0
3036 3037 0
3037 6915 0
3037 7209 0
3037 8287 0
3037 4711 0
3037 3243 1
3037 4300 0
3037 8409 0
3037 6907 0
3037 8549 0
3037 5523 0
3037 5525 0
3037 8623 0
3037 3037 0
3043 16431 0
3043 4305 0
3043 4371 0
3043 8484 0
3043 4426 0
3043 4442 1
3043 6560 0
3043 6583 0
3043 4547 0
3043 4550 0
3043 4551 0
3043 4555 0
3043 4557 0
3043 8867 0
3043 8881 0
3043 4822 0
3043 6904 0
3043 4859 0
3043 3043 0
3043 3045 0
3043 3142 0
3043 5243 0
3043 3353 0
3043 3354 0
3043 5466 0
3043 5523 0
3043 7698 0
3043 7699 0
3043 16022 0
3043 5852 0
3043 3844 0
3043 3874 0
3043 5432 0
3043 5980 0
3043 5981 0
3043 5994 0
3043 6062 0
3043 6072 0
3043 16354 1
3045 16354 1
3045 3354 0
3045 8130 0
3045 4550 0
3045 4551 0
3045 4555 0
3045 4557 0
3045 4442 1
3045 8881 0
3108 4623 1
3108 6160 1
3108 6162 1
3108 6163 1
3108 6164 1
3108 6165 1
3108 4631 1
3108 3108 2
3108 5895 1
3108 7726 1
3108 21047 1
3108 6712 1
3108 7698 1
3108 3191 1
3108 4633 1
3108 8867 1
3108 8881 1
3108 4626 1
3108 21239 1
3108 8958 1
3108 13355 1
3108 3353 1
3108 21211 1
3108 8484 1
3108 4426 1
3108 3919 1
3108 19808 1
3108 7014 1
3108 3986 1
3108 17304 1
3108 5529 1
3108 8112 1
3108 5552 1
3108 9146 1
3108 6078 1
3108 16337 1
3141 6162 0
3141 6165 0
3141 5017 0
3141 13355 0
3141 5981 0
3141 8768 0
3141 3141 0
3141 3142 0
3141 3143 0
3141 5476 0
3141 8160 0
3141 6760 0
3141 5243 0
3141 4780 1
3141 3248 0
3141 8881 0
3141 5855 0
3141 19879 0
3141 7931 0
3141 3353 0
3141 3354 0
3141 5529 0
3141 6977 0
3141 3426 0
3141 5994 0
3141 3986 0
3141 4981 0
3141 4477 0
3141 3978 0
3141 5015 0
3141 8112 0
3141 18332 0
3141 5885 0
3142 3142 0
3142 3143 0
3142 8160 0
3142 4780 1
3142 8881 0
3142 5855 0
3142 5365 0
3142 4859 0
3142 3441 0
3142 3986 0
3142 4520 0
3142 4521 0
3142 8112 0
3142 5881 0
3142 16354 1
3142 3426 0
3143 19879 0
3143 5204 0
3143 4780 1
3143 5852 0
3143 4859 0
3143 8503 0
3143 3986 0
3143 4557 0
3143 16354 1
3191 3986 0
3191 7726 0
3191 19879 0
3191 4780 1
3191 21343 0
3191 5994 0
3191 6380 0
3191 5233 0
3191 21239 0
3220 8860 0
3220 14072 0
3220 4442 1
3220 5523 0
3220 4524 0
3220 8112 0
3220 6068 0
3220 4535 0
3220 6078 0
3220 4550 0
3220 4551 0
3220 4553 0
3220 4554 0
3220 4555 0
3220 4557 0
3220 8185 0
3232 6165 0
3232 17992 0
3232 3426 0
3232 5712 0
3232 4250 0
3232 5791 0
3232 3232 0
3232 8867 0
3232 3236 0
3232 4319 0
3232 14072 0
3232 5412 1
3232 5417 0
3232 8503 0
3232 21047 0
3232 3919 0
3232 4450 0
3232 3986 0
3232 5529 0
3232 8112 0
3232 18332 0
3232 9145 0
3236 13314 0
3236 6163 0
3236 6165 0
3236 4144 0
3236 17992 0
3236 3426 0
3236 8881 0
3236 6160 0
3236 4250 0
3236 8867 0
3236 3236 0
3236 4319 0
3236 16337 0
3236 5412 1
3236 5417 0
3236 21047 0
3236 3919 0
3236 4450 0
3236 3986 0
3236 5529 0
3236 8112 0
3236 9145 0
3236 5791 0
3236 9158 0
3236 4553 0
3236 14072 0
3243 5523 1
3243 18332 1
3243 7209 1
3243 3243 2
3243 4305 1
3243 4704 1
3243 4711 1
3246 6165 0
3246 4129 0
3246 4711 0
3246 6760 0
3246 3745 0
3246 4780 1
3246 3248 0
3246 5400 0
3246 5412 1
3246 3426 0
3246 19879 0
3246 9158 0
3248 4704 0
3248 3248 0
3248 6380 0
3248 6401 0
3248 5400 0
3248 5412 1
3248 5965 0
3248 4551 0
3284 4110 0
3284 6165 0
3284 6712 0
3284 8867 0
3284 4780 1
3284 5365 0
3284 6977 0
3284 5981 0
3284 3426 0
3284 3986 0
3284 18332 0
3284 4534 0
3284 4535 0
3284 4536 0
3284 4539 0
3284 4540 0
3284 4546 0
3322 4780 1
3322 3322 0
3322 18332 0
3353 8287 0
3353 4305 0
3353 4371 0
3353 4442 1
3353 6560 0
3353 8623 0
3353 6583 0
3353 4550 0
3353 4551 0
3353 4555 0
3353 4557 0
3353 8881 0
3353 5017 0
3353 5072 0
3353 5365 0
3353 3353 0
3353 3354 0
3353 5412 1
3353 5432 0
3353 5466 0
3353 5472 0
3353 7698 0
3353 15988 0
3353 16022 0
3353 5855 0
3353 7931 0
3353 3844 0
3353 5980 0
3353 8112 0
3354 8287 0
3354 4305 0
3354 4344 0
3354 4371 0
3354 4442 1
3354 6560 0
3354 6583 0
3354 4550 0
3354 4557 0
3354 4555 0
3354 6904 0
3354 4859 0
3354 4961 0
3354 5365 0
3354 3354 0
3354 5466 0
3354 5476 0
3354 7698 0
3354 7836 0
3354 5855 0
3354 7931 0
3354 3844 0
3354 5432 0
3354 5981 0
3354 16022 0
3354 3978 0
3354 6072 0
3395 8067 0
3395 8027 1
3395 5981 0
3395 13355 0
3395 4300 0
3395 5073 0
3395 5074 0
3395 3986 0
3395 5243 0
3426 6147 0
3426 6153 0
3426 6163 0
3426 6164 0
3426 4129 0
3426 16431 0
3426 4144 0
3426 6160 0
3426 6162 0
3426 6165 0
3426 4319 0
3426 18967 0
3426 8472 0
3426 8477 0
3426 21047 0
3426 4450 0
3426 8549 0
3426 4520 0
3426 4547 0
3426 4550 0
3426 4551 0
3426 14072 0
3426 4566 0
3426 6622 0
3426 5204 0
3426 6666 0
3426 4631 0
3426 4633 0
3426 6583 0
3426 8835 0
3426 8860 0
3426 8867 0
3426 8977 0
3426 4981 0
3426 4986 0
3426 5016 0
3426 5017 0
3426 9158 0
3426 15535 0
3426 4961 0
3426 5207 0
3426 5243 0
3426 5997 0
3426 5400 0
3426 7480 0
3426 6708 0
3426 3426 0
3426 7064 0
3426 5529 0
3426 5981 0
3426 19879 0
3426 7005 0
3426 3628 0
3426 7726 0
3426 5712 0
3426 9145 0
3426 15988 0
3426 5791 0
3426 3745 0
3426 16113 0
3426 5965 0
3426 3918 0
3426 3919 0
3426 5980 0
3426 8064 0
3426 8067 0
3426 4760 0
3426 3986 0
3426 8112 0
3426 6068 0
3426 8130 0
3426 8160 0
3426 4095 0
3441 4305 0
3441 8503 0
3441 4550 0
3441 4780 1
3441 3441 0
3441 17995 0
3441 6078 0
3444 4110 0
3444 3986 0
3444 5412 1
3444 18478 0
3444 8112 0
3444 8881 0
3444 16527 0
3444 5997 0
3444 3444 0
3453 6666 0
3453 3978 0
3453 7698 0
3453 5432 0
3453 4442 1
3464 6160 1
3464 6162 1
3464 6163 1
3464 6164 1
3464 6165 1
3464 4642 1
3464 4643 1
3464 4644 1
3464 7209 1
3464 16431 1
3464 17995 1
3464 8287 1
3464 4704 1
3464 4196 1
3464 3735 1
3464 4760 1
3464 8867 1
3464 15535 1
3464 4300 1
3464 5881 1
3464 6907 1
3464 5885 1
3464 3844 1
3464 5965 1
3464 8549 1
3464 16123 1
3464 8053 1
3464 8067 1
3464 3464 2
3464 4521 1
3464 6583 1
3464 9145 1
3464 3522 1
3464 4560 1
3464 4566 1
3464 19450 1
3470 21518 1
3470 3470 0
3470 4344 0
3522 6666 0
3522 13355 0
3522 5204 0
3522 5855 0
3522 3522 0
3522 16354 1
3539 5765 1
3539 3539 0
3539 4344 0
3561 8881 0
3561 15551 0
3561 8287 0
3561 19879 0
3561 6165 0
3561 8477 0
3561 5523 0
3561 17324 0
3561 4524 0
3561 4534 0
3561 4566 0
3561 4643 0
3561 6708 0
3561 4760 0
3561 8933 0
3561 7635 0
3561 4966 0
3561 4986 0
3561 5015 0
3561 5016 0
3561 5017 0
3561 9158 0
3561 19427 0
3561 13355 0
3561 5207 0
3561 17929 0
3561 4633 0
3561 4642 0
3561 7384 0
3561 4646 0
3561 7480 0
3561 5478 0
3561 16274 0
3561 5529 0
3561 17995 0
3561 15988 0
3561 5855 0
3561 14072 0
3561 5895 0
3561 5981 0
3561 8067 0
3561 3986 0
3561 8182 0
3561 8160 0
3566 3566 0
3566 6895 1
3628 20505 1
3628 13355 0
3628 3628 0
3628 7726 0
3628 6708 0
3628 5835 0
3628 8860 0
3628 3745 0
3628 3800 0
3628 5885 0
3628 4460 0
3628 4524 0
3628 5791 0
3628 4555 0
3650 19532 1
3650 5432 1
3654 6162 0
3654 5412 1
3654 3655 0
3654 5413 0
3654 5885 0
3655 5412 1
3655 5413 0
3655 4780 1
3735 4442 1
3745 6163 0
3745 6165 0
3745 16431 0
3745 16527 0
3745 4450 0
3745 4477 0
3745 6560 0
3745 4534 0
3745 4535 0
3745 4536 0
3745 4539 0
3745 4540 0
3745 4546 0
3745 6622 0
3745 8867 0
3745 4780 1
3745 6977 0
3745 4981 0
3745 7064 0
3745 13355 0
3745 5994 0
3745 5417 0
3745 5432 0
3745 5466 0
3745 7726 0
3745 3745 0
3745 5835 0
3745 5855 0
3745 3986 0
3745 8112 0
3745 8130 0
3799 4547 0
3799 20505 1
3799 4780 1
3799 10036 1
3799 4550 0
3799 3800 0
3800 20505 1
3800 7836 0
3800 4780 1
3800 10036 1
3800 4534 0
3800 4535 0
3800 4536 0
3800 4539 0
3800 4540 0
3800 4546 0
3800 4547 0
3800 5965 0
3806 19760 0
3806 5994 0
3806 9158 0
3844 4442 1
3844 4780 1
3844 8933 0
3844 3844 0
3844 8977 0
3844 5980 0
3844 5997 0
3844 8053 0
3844 3986 0
3844 5017 0
3844 5025 0
3844 5981 0
3844 7635 0
3874 6165 0
3874 8867 0
3874 7089 1
3874 4550 0
3874 4551 0
3874 4555 0
3874 4557 0
3874 4442 1
3874 5980 0
3874 5981 0
3918 21047 0
3918 17992 0
3918 5204 0
3918 4780 1
3918 5412 1
3918 5417 0
3918 3918 0
3918 3919 0
3918 18332 0
3918 4520 0
3918 7635 0
3919 4110 0
3919 4623 0
3919 6165 0
3919 4129 0
3919 6708 0
3919 21047 0
3919 6068 0
3919 8768 0
3919 17992 0
3919 5204 0
3919 8860 0
3919 5412 1
3919 3919 0
3919 4477 0
3919 5016 0
3919 5791 0
3927 6147 0
3927 7209 0
3927 5207 0
3927 15988 0
3927 4780 1
3927 8881 0
3927 4305 0
3927 5365 0
3927 6977 0
3927 3927 0
3927 5994 0
3927 3986 0
3927 5529 0
3927 19879 0
3927 4521 0
3927 8112 0
3927 9145 0
3927 5881 0
3939 4859 0
3978 6147 0
3978 6165 0
3978 8409 0
3978 6401 0
3978 8477 0
3978 4547 0
3978 4550 0
3978 4623 0
3978 4643 0
3978 8768 0
3978 8881 0
3978 4961 0
3978 4966 0
3978 4986 0
3978 5015 0
3978 5016 0
3978 5017 0
3978 9158 0
3978 5243 0
3978 4633 0
3978 4981 0
3978 5400 0
3978 7480 0
3978 5529 0
3978 19879 0
3978 15988 0
3978 5855 0
3978 5885 0
3978 5980 0
3978 5981 0
3978 3978 0
3978 3986 0
3978 18332 0
3978 8160 0
3978 16354 1
3986 8409 0
3986 8472 0
3986 8477 0
3986 8549 0
3986 8623 0
3986 8768 0
3986 8867 0
3986 8881 0
3986 8933 0
3986 8977 0
3986 17304 0
3986 9146 0
3986 9158 0
3986 17541 0
3986 17929 0
3986 18098 0
3986 14072 0
3986 19450 0
3986 19750 0
3986 19760 0
3986 19836 0
3986 19879 0
3986 3986 0
3986 8860 0
3986 4095 0
3986 4129 0
3986 4144 0
3986 4250 0
3986 4300 0
3986 4319 0
3986 4340 0
3986 4371 0
3986 21211 0
3986 4443 0
3986 4450 0
3986 4477 0
3986 4520 0
3986 4534 0
3986 4547 0
3986 4550 0
3986 4551 0
3986 4554 0
3986 4566 0
3986 4623 0
3986 4626 0
3986 4642 0
3986 4643 0
3986 4644 0
3986 4646 0
3986 4681 0
3986 4704 0
3986 4711 0
3986 4760 0
3986 4822 0
3986 4859 0
3986 4961 0
3986 4966 0
3986 5015 0
3986 5016 0
3986 5017 0
3986 5204 0
3986 5207 0
3986 5243 0
3986 5365 0
3986 5417 0
3986 18967 0
3986 5466 0
3986 5478 0
3986 5523 0
3986 5529 0
3986 17324 0
3986 5657 0
3986 5791 0
3986 15988 0
3986 5885 0
3986 5965 0
3986 5980 0
3986 5981 0
3986 6068 0
3986 6147 0
3986 6153 0
3986 6160 0
3986 6162 0
3986 6163 0
3986 6164 0
3986 6165 0
3986 6401 0
3986 16113 0
3986 6583 0
3986 6622 0
3986 6915 0
3986 7005 0
3986 7064 0
3986 15535 0
3986 15551 0
3986 7430 0
3986 7635 0
3986 7915 0
3986 16123 0
3986 8064 0
3986 8112 0
3986 8130 0
3986 16337 0
3986 8160 0
3986 8163 0
3986 8182 0
3986 8185 0
4095 20481 0
4095 4110 0
4095 6165 0
4095 18478 0
4095 17992 0
4095 5712 0
4095 11197 0
4095 8835 0
4095 5791 0
4095 8867 0
4095 8881 0
4095 5412 1
4095 5413 0
4095 19760 0
4095 18759 0
4095 5965 0
4095 13185 0
4095 6078 0
4095 4547 0
4095 4095 0
4110 4110 0
4110 6162 0
4110 8287 0
4110 6164 0
4110 4642 0
4110 8477 0
4110 8549 0
4110 4550 0
4110 14072 0
4110 4623 0
4110 4626 0
4110 4631 0
4110 4633 0
4110 4643 0
4110 8768 0
4110 4780 1
4110 5243 0
4110 4966 0
4110 4981 0
4110 5015 0
4110 9145 0
4110 19450 0
4110 5204 0
4110 5207 0
4110 15535 0
4110 4644 0
4110 4646 0
4110 19879 0
4110 17324 0
4110 5657 0
4110 15988 0
4110 7836 0
4110 5965 0
4110 5980 0
4110 5981 0
4110 5997 0
4110 6068 0
4110 8160 0
4110 8164 0
4129 6162 0
4129 6165 0
4129 6712 0
4129 8768 0
4129 5712 0
4129 18478 0
4129 5778 0
4129 8860 0
4129 5791 0
4129 8881 0
4129 4300 0
4129 5855 0
4129 5885 0
4129 5895 0
4129 7726 0
4129 5412 1
4129 6977 0
4129 21047 0
4129 4319 0
4129 8067 0
4129 5529 0
4129 18332 0
4129 19879 0
4129 8112 0
4129 6078 0
4129 4553 0
4129 8625 0
4144 13314 0
4144 7726 0
4144 4144 0
4144 5712 0
4144 5791 0
4144 8881 0
4144 5855 0
4144 5885 0
4144 5412 1
4144 5981 0
4144 8112 0
4144 6078 0
4144 8163 0
4144 8182 0
4196 6147 0
4196 7209 0
4196 4196 0
4196 4711 0
4196 6164 0
4196 4546 0
4196 8867 0
4196 5852 0
4196 19750 0
4196 8053 0
4196 5025 0
4196 4524 0
4196 4535 0
4196 4536 0
4196 4540 0
4196 4555 0
4196 4560 0
4250 5412 1
4250 5417 0
4250 5791 0
4300 6163 0
4300 8623 0
4300 4704 0
4300 5981 0
4300 4681 0
4300 4780 1
4300 5835 0
4300 4300 0
4300 4822 0
4300 4340 0
4300 5072 0
4300 6915 0
4300 5476 0
4300 19879 0
4300 6062 0
4300 4555 0
4300 16354 1
4300 6907 0
4300 5523 0
4305 5657 0
4305 6708 0
4305 5207 0
4305 5855 0
4305 15988 0
4305 14978 0
4305 4760 0
4305 4319 0
4305 4812 0
4305 5852 0
4305 7209 0
4305 5881 0
4305 4859 0
4305 6401 0
4305 5895 0
4305 4371 0
4305 18478 0
4305 5412 1
4305 5432 0
4305 4443 0
4305 21047 0
4305 4442 1
4305 5980 0
4305 4450 0
4305 4477 0
4305 6560 0
4305 4524 0
4305 6078 0
4305 5885 0
4305 8182 0
4319 6165 0
4319 18478 0
4319 5712 0
4319 5243 0
4319 5791 0
4319 8867 0
4319 4780 1
4319 8881 0
4319 4319 0
4319 4859 0
4319 4371 0
4319 8064 0
4319 5529 0
4319 18332 0
4319 19879 0
4319 8112 0
4319 6068 0
4319 4534 0
4319 4554 0
4319 8163 0
4340 8623 0
4340 4704 0
4340 4340 0
4340 5855 0
4340 5466 0
4340 19879 0
4340 6062 0
4340 4534 0
4344 4859 0
4344 4344 0
4371 7698 0
4371 9145 0
4371 7699 0
4371 16354 1
4371 4812 0
4371 4822 0
4371 4859 0
4371 4371 0
4371 7726 0
4371 8484 0
4371 8503 0
4371 5432 0
4371 4442 1
4371 5994 0
4371 8064 0
4371 5523 0
4371 5981 0
4371 5365 0
4371 4551 0
4371 4550 0
4371 4554 0
4371 5855 0
4371 5072 0
4371 19879 0
4426 7698 0
4426 8027 1
4426 7089 1
4426 6072 0
4426 4442 1
4426 4443 0
4442 6147 1
4442 6153 1
4442 6160 1
4442 7698 1
4442 6163 1
4442 5657 1
4442 6180 1
4442 4646 1
4442 6720 1
4442 4534 1
4442 5207 1
4442 8797 1
4442 7931 1
4442 7699 1
4442 5243 1
4442 16022 1
4442 7836 1
4442 9158 1
4442 8881 1
4442 4812 1
4442 4822 1
4442 5072 1
4442 19836 1
4442 5365 1
4442 6904 1
4442 4859 1
4442 7430 1
4442 8977 1
4442 8484 1
4442 8503 1
4442 5432 1
4442 4442 2
4442 4443 1
4442 5981 1
4442 5476 1
4442 5994 1
4442 4460 1
4442 5525 1
4442 4520 1
4442 4521 1
4442 6072 1
4442 6560 1
4442 4550 1
4442 4555 1
4442 4557 1
4442 4560 1
4442 5073 1
4442 5074 1
4442 8164 1
4443 6164 0
4443 8027 1
4443 6180 0
4443 8797 0
4443 16022 0
4443 8867 0
4443 4812 0
4443 5855 0
4443 7931 0
4443 7430 0
4443 18759 0
4443 4443 0
4443 19808 0
4443 5476 0
4443 6072 0
4443 4550 0
4443 4551 0
4443 5072 0
4443 5073 0
4450 6165 0
4450 5657 0
4450 6708 0
4450 8881 0
4450 4822 0
4450 5412 1
4450 4450 0
4450 8112 0
4460 6162 0
4460 6147 0
4460 18332 0
4460 6068 0
4460 4540 0
4460 7005 0
4460 4555 0
4460 8027 1
4460 6078 0
4460 4477 0
4477 4646 0
4477 21047 0
4477 6072 0
4477 7836 0
4477 4780 1
4477 4859 0
4477 5412 1
4477 5855 0
4477 8549 0
4477 4547 0
4477 5525 0
4477 5025 0
4477 19879 0
4477 4520 0
4477 6068 0
4477 4536 0
4477 4550 0
4477 4551 0
4477 5204 0
4520 6162 0
4520 6165 0
4520 8797 0
4520 5855 0
4520 5895 0
4520 4520 0
4520 4521 0
4520 17324 0
4520 6068 0
4520 8182 0
4521 5657 0
4521 8797 0
4521 6251 0
4521 18098 0
4521 8958 0
4521 5895 0
4521 19427 0
4521 5994 0
4521 4521 0
4521 17324 0
4521 8182 0
4524 6147 0
4524 6165 0
4524 20505 1
4524 6180 0
4524 6560 0
4524 4524 0
4524 4644 0
4524 8741 0
4524 4812 0
4524 4822 0
4524 4859 0
4524 7064 0
4524 5072 0
4524 5466 0
4524 5855 0
4524 6072 0
4534 6163 0
4534 6165 0
4534 20505 1
4534 4535 0
4534 4546 0
4534 4554 0
4534 6666 0
4534 8741 0
4534 4534 0
4534 4711 0
4534 4780 1
4534 4812 0
4534 4859 0
4534 7014 0
4534 7064 0
4534 5965 0
4534 8027 1
4534 5432 0
4534 19879 0
4534 4704 0
4534 5852 0
4534 5855 0
4534 8064 0
4534 6072 0
4535 6666 0
4535 6163 0
4535 20505 1
4535 4711 0
4535 8881 0
4535 5835 0
4535 4822 0
4535 5852 0
4535 19879 0
4535 4535 0
4535 4536 0
4535 4553 0
4535 4557 0
4535 4704 0
4536 6160 0
4536 6163 0
4536 6165 0
4536 16431 0
4536 4711 0
4536 4547 0
4536 5791 0
4536 8881 0
4536 8053 0
4536 5835 0
4536 5852 0
4536 5855 0
4536 5432 0
4536 20505 1
4536 4551 0
4536 19879 0
4536 6068 0
4536 4536 0
4536 6078 0
4536 4546 0
4536 4550 0
4536 5523 0
4539 4704 0
4539 4711 0
4539 5852 0
4539 19808 0
4539 19879 0
4539 4539 0
4539 6078 0
4540 6147 0
4540 4780 1
4540 6162 0
4540 6164 0
4540 6165 0
4540 5207 0
4540 4711 0
4540 5852 0
4540 19879 0
4540 6078 0
4540 4546 0
4540 4560 0
4546 19879 0
4546 6160 0
4546 6163 0
4546 6165 0
4546 20505 1
4546 8287 0
4546 4711 0
4546 8867 0
4546 4822 0
4546 5852 0
4546 4859 0
4546 5885 0
4546 6164 0
4546 5432 0
4546 6560 0
4546 5025 0
4546 8053 0
4546 6078 0
4546 4546 0
4546 4550 0
4546 4551 0
4546 4554 0
4546 4560 0
4547 6666 0
4547 6160 0
4547 6163 0
4547 18967 0
4547 6153 0
4547 5207 0
4547 16022 0
4547 5529 0
4547 8867 0
4547 20505 1
4547 5835 0
4547 5852 0
4547 5855 0
4547 4859 0
4547 13355 0
4547 5400 0
4547 5432 0
4547 6165 0
4547 17929 0
4547 8503 0
4547 5994 0
4547 6977 0
4547 5017 0
4547 18332 0
4547 5657 0
4547 6068 0
4547 4547 0
4547 4555 0
4547 4557 0
4547 8881 0
4550 20505 1
4550 6180 0
4550 18478 0
4550 4812 0
4550 8484 0
4550 8623 0
4550 6560 0
4550 4550 0
4550 4551 0
4550 4553 0
4550 4555 0
4550 4560 0
4550 4566 0
4550 6666 0
4550 8741 0
4550 4822 0
4550 6904 0
4550 4859 0
4550 7064 0
4550 5025 0
4550 5072 0
4550 5207 0
4550 5432 0
4550 5476 0
4550 5016 0
4550 5523 0
4550 5525 0
4550 8797 0
4550 5778 0
4550 16022 0
4550 7836 0
4550 5835 0
4550 5852 0
4550 5855 0
4550 8064 0
4550 17324 0
4550 6062 0
4550 6068 0
4550 6072 0
4551 20505 1
4551 6180 0
4551 6401 0
4551 8484 0
4551 5523 0
4551 4553 0
4551 4555 0
4551 4560 0
4551 6666 0
4551 4677 1
4551 4704 0
4551 4711 0
4551 8835 0
4551 4551 0
4551 8933 0
4551 6904 0
4551 4986 0
4551 7064 0
4551 17324 0
4551 5072 0
4551 5016 0
4551 8064 0
4551 5432 0
4551 5476 0
4551 5525 0
4551 5778 0
4551 7836 0
4551 5852 0
4551 5855 0
4551 6068 0
4551 6072 0
4553 6147 0
4553 6401 0
4553 6666 0
4553 6165 0
4553 7209 0
4553 8881 0
4553 4812 0
4553 5855 0
4553 5997 0
4553 4553 0
4553 4554 0
4553 4555 0
4553 4557 0
4553 5072 0
4553 6904 0
4554 6147 0
4554 6666 0
4554 6160 0
4554 6162 0
4554 6163 0
4554 6164 0
4554 6165 0
4554 5243 0
4554 5855 0
4554 7089 1
4554 4554 0
4554 5072 0
4555 6666 0
4555 6160 0
4555 6165 0
4555 5791 0
4555 4812 0
4555 5835 0
4555 4822 0
4555 5855 0
4555 8549 0
4555 19836 0
4555 5072 0
4555 16123 0
4555 5432 0
4555 5523 0
4555 5025 0
4555 17324 0
4555 4555 0
4555 4557 0
4555 4560 0
4555 16354 1
4555 6560 0
4557 6666 0
4557 20505 1
4557 8881 0
4557 16431 0
4557 4822 0
4557 5855 0
4557 5072 0
4557 16123 0
4557 4557 0
4557 4560 0
4560 6160 0
4560 6162 0
4560 6165 0
4560 4704 0
4560 5885 0
4560 5994 0
4560 7064 0
4560 6062 0
4560 6068 0
4560 4560 0
4560 16123 0
4566 4780 1
4566 5855 0
4566 5885 0
4566 7005 0
4566 5523 0
4566 5529 0
4566 19879 0
4566 4566 0
4623 4623 0
4623 4626 0
4623 4631 0
4623 4633 0
4623 4642 0
4623 4643 0
4623 4646 0
4623 6712 0
4623 4644 0
4623 16337 0
4623 5885 0
4623 7726 0
4623 21047 0
4623 5980 0
4623 5981 0
4623 19808 0
4623 8112 0
4623 6068 0
4623 6078 0
4626 6165 0
4626 4631 0
4626 4633 0
4626 4642 0
4626 4643 0
4626 4646 0
4626 4644 0
4626 16337 0
4626 5981 0
4626 5997 0
4626 8112 0
4631 6165 0
4631 4631 0
4631 4633 0
4631 4642 0
4631 4643 0
4631 4646 0
4631 4644 0
4631 5855 0
4631 7726 0
4631 6078 0
4631 5885 0
4633 4642 0
4633 4643 0
4633 4646 0
4633 4644 0
4633 5885 0
4633 5981 0
4633 6078 0
4642 4642 0
4642 4643 0
4642 4644 0
4642 4646 0
4642 8860 0
4642 5855 0
4642 5885 0
4642 13355 0
4642 7480 0
4642 5981 0
4642 5994 0
4642 18332 0
4642 8112 0
4642 6078 0
4642 9158 0
4643 4644 0
4643 4646 0
4643 4822 0
4643 5885 0
4643 5895 0
4643 7726 0
4643 8027 1
4643 5981 0
4643 19879 0
4643 8112 0
4643 6068 0
4643 16337 0
4643 8163 0
4644 19879 0
4644 4644 0
4644 4646 0
4644 4677 1
4644 5243 0
4644 16337 0
4644 4812 0
4644 5855 0
4644 5885 0
4644 13355 0
4644 5432 0
4644 8027 1
4644 8064 0
4644 18332 0
4644 6560 0
4644 5981 0
4644 8112 0
4644 7089 1
4644 6072 0
4644 5072 0
4646 6165 0
4646 6712 0
4646 4677 1
4646 8287 0
4646 5885 0
4646 13355 0
4646 7726 0
4646 5981 0
4646 8064 0
4646 19879 0
4646 8112 0
4646 16337 0
4677 7915 1
4677 16274 1
4677 8625 1
4677 6068 1
4677 4677 2
4677 8881 1
4677 5855 1
4681 7209 0
4681 5895 0
4681 4704 0
4681 4681 0
4681 8287 0
4681 4780 1
4681 5835 0
4681 5855 0
4681 19750 0
4681 4859 0
4681 7064 0
4681 16123 0
4681 5523 0
4704 6915 0
4704 7209 0
4704 5835 0
4704 8477 0
4704 5525 0
4704 4704 0
4704 6907 0
4704 5523 0
4711 18332 0
4711 4711 0
4760 8112 0
4760 7726 0
4760 17541 0
4760 8741 0
4760 7064 0
4760 5529 0
4780 8741 1
4780 18478 1
4780 5981 1
4780 6666 1
4780 17419 1
4780 5204 1
4780 5207 1
4780 6977 1
4780 16527 1
4780 20505 2
4780 5529 1
4780 4780 2
4780 8053 1
4780 5835 1
4780 8909 1
4780 5852 1
4780 19750 1
4780 7915 1
4780 16113 1
4780 5885 1
4780 6401 1
4780 7384 1
4780 10036 2
4780 18967 1
4780 17929 1
4780 4961 1
4780 7014 1
4780 4981 1
4780 4986 1
4780 19836 1
4780 11671 1
4780 5523 1
4780 7064 1
4780 5017 1
4780 5025 1
4780 6062 1
4780 8182 1
4812 7698 0
4812 7699 0
4812 6720 0
4812 16022 0
4812 7836 0
4812 4812 0
4812 6904 0
4812 8484 0
4812 5432 0
4812 6560 0
4812 5072 0
4812 5073 0
4812 5074 0
4812 16354 1
4812 19879 0
4822 5855 0
4822 16022 0
4822 4822 0
4822 5365 0
4822 6401 0
4822 5852 0
4822 8503 0
4822 5432 0
4822 8163 0
4822 5994 0
4822 5523 0
4822 6072 0
4822 16354 1
4822 19879 0
4859 6147 0
4859 20505 1
4859 8287 0
4859 8409 0
4859 7209 0
4859 8503 0
4859 6560 0
4859 6583 0
4859 6907 0
4859 8768 0
4859 8797 0
4859 4859 0
4859 4966 0
4859 5016 0
4859 9158 0
4859 5072 0
4859 5207 0
4859 5243 0
4859 17541 0
4859 5400 0
4859 5417 0
4859 5432 0
4859 5523 0
4859 19879 0
4859 7699 0
4859 5657 0
4859 7726 0
4859 17995 0
4859 16022 0
4859 5855 0
4859 14072 0
4859 7480 0
4859 5980 0
4859 5981 0
4859 5997 0
4859 8160 0
4859 16354 1
4961 6163 0
4961 8112 0
4961 8881 0
4961 13355 0
4961 6712 0
4961 8768 0
4961 7726 0
4961 6977 0
4961 9158 0
4961 8409 0
4961 5855 0
4961 5529 0
4961 7480 0
4961 4966 0
4961 4981 0
4961 4986 0
4961 5015 0
4961 5016 0
4961 5017 0
4961 19879 0
4966 6147 0
4966 6162 0
4966 6163 0
4966 6164 0
4966 6165 0
4966 4981 0
4966 8409 0
4966 8477 0
4966 8881 0
4966 4986 0
4966 5015 0
4966 5016 0
4966 5017 0
4966 9158 0
4966 13355 0
4966 15551 0
4966 7480 0
4966 8768 0
4966 5529 0
4966 19879 0
4966 7005 0
4966 7635 0
4966 15988 0
4966 5855 0
4966 18332 0
4966 8112 0
4966 6068 0
4966 16354 1
4981 8112 0
4981 5981 0
4981 6068 0
4981 7726 0
4981 6078 0
4981 5243 0
4981 6977 0
4981 5017 0
4981 7480 0
4981 4981 0
4981 4986 0
4981 5015 0
4981 5016 0
4981 8881 0
4981 8160 0
4981 19879 0
4986 6163 0
4986 6164 0
4986 13355 0
4986 8768 0
4986 15988 0
4986 15551 0
4986 8477 0
4986 8409 0
4986 5855 0
4986 7480 0
4986 5015 0
4986 5016 0
4986 5017 0
4986 9158 0
4986 7635 0
4986 19879 0
5015 6147 0
5015 6163 0
5015 6164 0
5015 8409 0
5015 8477 0
5015 8768 0
5015 8881 0
5015 5015 0
5015 5016 0
5015 5017 0
5015 9158 0
5015 13355 0
5015 15551 0
5015 7480 0
5015 5529 0
5015 19879 0
5015 7635 0
5015 15988 0
5015 5855 0
5015 5981 0
5015 6078 0
5015 16354 1
5016 6147 0
5016 6162 0
5016 6163 0
5016 6164 0
5016 6165 0
5016 8409 0
5016 8477 0
5016 8549 0
5016 8768 0
5016 8867 0
5016 8881 0
5016 8933 0
5016 8977 0
5016 6977 0
5016 5017 0
5016 9158 0
5016 15551 0
5016 7480 0
5016 5529 0
5016 19879 0
5016 7635 0
5016 15988 0
5016 5835 0
5016 5855 0
5016 5881 0
5016 18332 0
5016 8112 0
5016 6068 0
5016 6078 0
5016 16354 1
5017 6147 0
5017 8409 0
5017 8477 0
5017 15551 0
5017 8768 0
5017 8881 0
5017 9158 0
5017 13355 0
5017 5243 0
5017 5413 0
5017 7480 0
5017 5529 0
5017 19879 0
5017 7005 0
5017 7635 0
5017 7726 0
5017 15988 0
5017 5855 0
5017 5885 0
5017 5994 0
5017 8112 0
5017 6068 0
5017 6078 0
5017 8160 0
5025 6147 0
5025 7089 1
5025 5025 0
5025 5981 0
5025 17324 0
5025 8549 0
5072 7931 0
5072 7698 0
5072 7699 0
5072 8027 1
5072 6720 0
5072 8797 0
5072 16022 0
5072 5365 0
5072 6904 0
5072 8484 0
5072 5432 0
5072 7836 0
5072 5994 0
5072 7089 1
5072 6072 0
5072 6560 0
5072 5072 0
5073 7430 0
5073 7089 1
5073 6068 0
5073 6072 0
5073 6720 0
5073 6560 0
5073 5073 0
5073 19808 0
5073 8933 0
5073 6904 0
5073 7931 0
5074 7699 0
5074 7089 1
5074 6072 0
5074 6720 0
5204 6147 0
5204 6666 0
5204 7726 0
5204 6712 0
5204 5204 0
5204 6165 0
5204 6861 0
5204 5852 0
5204 5855 0
5204 5885 0
5204 21047 0
5204 19879 0
5204 8112 0
5204 6078 0
5207 18967 0
5207 5657 0
5207 5980 0
5207 13355 0
5207 5207 0
5207 15988 0
5207 8881 0
5207 5852 0
5207 5400 0
5207 5432 0
5207 6977 0
5207 5965 0
5207 8933 0
5207 5994 0
5207 5529 0
5207 5981 0
5207 8623 0
5207 8112 0
5207 9145 0
5207 5881 0
5207 8797 0
5233 6160 0
5233 7726 0
5233 6895 1
5233 5233 0
5233 5835 0
5233 6401 0
5233 5895 0
5233 19226 0
5233 5981 0
5233 7498 1
5243 6147 0
5243 6160 0
5243 6162 0
5243 6163 0
5243 6165 0
5243 8409 0
5243 8549 0
5243 8867 0
5243 8881 0
5243 9158 0
5243 5529 0
5243 19879 0
5243 7726 0
5243 15988 0
5243 16022 0
5243 5835 0
5243 5855 0
5243 5881 0
5243 5885 0
5243 8064 0
5243 18332 0
5243 6062 0
5243 8112 0
5243 6068 0
5243 16337 0
5243 8160 0
5365 19879 0
5365 6666 0
5365 7698 0
5365 7699 0
5365 6165 0
5365 13355 0
5365 7726 0
5365 8409 0
5365 8881 0
5365 5365 0
5365 5852 0
5365 5432 0
5365 5855 0
5365 6977 0
5365 5523 0
5365 5525 0
5365 18332 0
5365 6072 0
5365 6560 0
5365 6904 0
5365 8185 0
5400 18967 0
5400 5657 0
5400 8881 0
5400 15988 0
5400 8409 0
5400 5852 0
5400 5855 0
5400 8477 0
5400 6977 0
5400 8027 1
5400 16113 0
5400 8112 0
5400 8163 0
5412 20481 1
5412 13314 1
5412 8287 1
5412 18478 1
5412 7005 1
5412 6708 1
5412 21047 1
5412 17992 1
5412 5712 1
5412 6760 1
5412 8835 1
5412 19226 1
5412 5791 1
5412 21211 1
5412 14072 1
5412 17995 1
5412 5412 2
5412 5413 1
5412 5417 1
5412 19760 1
5412 5432 1
5412 18759 1
5412 5466 1
5412 5981 1
5412 5472 1
5412 5778 1
5412 8064 1
5412 13185 1
5412 5997 1
5412 8860 1
5412 6583 1
5412 9145 1
5412 11197 1
5412 5965 1
5412 8163 1
5412 8164 1
5413 7726 0
5413 17992 0
5413 5712 0
5413 8835 0
5413 5791 0
5413 19226 0
5413 5413 0
5413 19760 0
5413 18759 0
5413 13185 0
5413 11197 0
5413 6078 0
5417 5417 0
5432 6180 0
5432 7698 0
5432 5432 0
5432 5476 0
5432 5523 0
5432 7699 0
5432 7836 0
5432 5855 0
5432 14072 0
5432 5981 0
5432 6078 0
5466 6163 0
5466 6165 0
5466 13355 0
5466 7726 0
5466 17995 0
5466 5476 0
5466 8881 0
5466 7064 0
5466 18332 0
5472 5778 0
5472 5523 0
5472 5791 0
5472 5472 0
5476 6180 0
5476 8881 0
5476 5476 0
5476 7014 0
5476 5994 0
5476 19879 0
5476 9145 0
5478 7726 0
5478 5478 0
5478 6895 1
5523 5712 0
5523 8881 0
5523 6904 0
5523 5885 0
5523 8503 0
5523 5965 0
5523 5523 0
5523 5525 0
5523 16274 0
5523 8112 0
5523 16354 1
5523 8623 0
5523 8185 0
5525 7699 0
5525 18967 0
5525 6904 0
5525 5525 0
5529 6147 0
5529 6165 0
5529 18967 0
5529 15988 0
5529 8867 0
5529 9158 0
5529 7064 0
5529 19879 0
5529 14072 0
5529 8477 0
5529 5529 0
5529 7005 0
5529 8933 0
5529 8549 0
5529 13355 0
5529 8185 0
5529 8160 0
5552 6895 1
5552 7014 0
5552 5552 0
5657 18967 0
5657 5657 0
5657 5852 0
5657 5855 0
5657 5994 0
5657 8741 0
5657 8182 0
5657 7635 0
5712 6165 0
5712 18478 0
5712 17992 0
5712 5712 0
5712 8835 0
5712 18759 0
5712 8881 0
5712 19760 0
5712 5965 0
5712 13185 0
5712 9145 0
5712 11197 0
5765 5765 2
5778 6147 0
5778 8881 0
5778 18478 0
5791 13314 0
5791 6708 0
5791 21047 0
5791 6068 0
5791 18478 0
5791 6165 0
5791 8860 0
5791 5791 0
5791 14072 0
5791 7726 0
5791 5994 0
5791 8067 0
5791 18332 0
5791 6078 0
5835 5981 0
5835 14072 0
5835 15535 0
5835 8835 0
5835 5835 0
5835 5881 0
5835 5885 0
5835 8477 0
5835 10036 1
5835 7480 0
5835 8163 0
5835 5980 0
5835 5994 0
5835 8164 0
5835 8623 0
5852 6147 0
5852 6153 0
5852 6162 0
5852 18967 0
5852 8881 0
5852 5855 0
5852 5994 0
5852 19879 0
5852 6078 0
5855 6147 0
5855 6162 0
5855 6163 0
5855 8287 0
5855 6165 0
5855 16527 0
5855 8409 0
5855 8484 0
5855 8503 0
5855 8881 0
5855 6560 0
5855 6904 0
5855 6907 0
5855 19879 0
5855 6720 0
5855 8977 0
5855 6760 0
5855 14072 0
5855 8549 0
5855 13355 0
5855 17541 0
5855 7480 0
5855 7064 0
5855 7698 0
5855 9145 0
5855 16022 0
5855 5855 0
5855 5965 0
5855 5980 0
5855 5981 0
5855 5994 0
5855 8067 0
5855 8112 0
5855 6068 0
5855 6072 0
5855 6078 0
5855 8160 0
5855 16354 1
5855 8185 0
5855 8797 0
5881 18098 0
5881 5981 0
5881 14072 0
5881 5881 0
5881 5980 0
5881 7064 0
5881 5885 0
5885 8287 0
5885 6380 0
5885 6401 0
5885 6708 0
5885 6720 0
5885 8860 0
5885 8933 0
5885 17324 0
5885 9145 0
5885 9158 0
5885 7209 0
5885 8768 0
5885 19879 0
5885 16113 0
5885 14072 0
5885 5885 0
5885 5980 0
5885 5981 0
5885 5994 0
5885 5997 0
5885 6068 0
5885 8130 0
5885 8160 0
5885 8185 0
5895 6147 0
5895 14978 0
5895 8860 0
5895 8881 0
5895 17995 0
5895 5895 0
5895 8182 0
5965 6165 0
5965 6708 0
5965 6760 0
5965 8860 0
5965 8477 0
5965 8881 0
5965 8067 0
5965 19879 0
5965 6078 0
5965 17995 0
5980 6160 0
5980 6163 0
5980 6165 0
5980 8027 1
5980 7726 0
5980 8287 0
5980 8881 0
5980 8064 0
5980 18332 0
5980 19879 0
5980 8112 0
5980 6068 0
5981 8287 0
5981 8549 0
5981 8768 0
5981 8797 0
5981 8881 0
5981 9146 0
5981 8477 0
5981 19879 0
5981 5981 0
5981 5997 0
5981 6068 0
5981 6078 0
5981 6160 0
5981 6163 0
5981 6165 0
5981 6560 0
5981 6583 0
5981 6760 0
5981 6861 0
5981 6907 0
5981 7005 0
5981 8064 0
5981 7635 0
5981 7726 0
5981 16022 0
5981 8112 0
5981 8182 0
5981 8163 0
5981 8164 0
5981 8185 0
5994 6147 0
5994 6153 0
5994 6180 0
5994 6251 0
5994 8503 0
5994 8797 0
5994 8881 0
5994 8958 0
5994 7064 0
5994 7089 1
5994 9145 0
5994 17929 0
5994 15551 0
5994 7698 0
5994 7699 0
5994 7726 0
5994 15988 0
5994 7836 0
5994 5994 0
5994 16354 1
5994 8185 0
5997 18478 0
5997 8287 0
5997 6251 0
5997 6904 0
5997 5997 0
5997 8112 0
5997 6583 0
5997 6078 0
5997 8185 0
6062 6153 0
6062 6895 1
6062 6907 0
6062 6977 0
6062 8623 0
6068 6160 0
6068 6162 0
6068 6163 0
6068 6164 0
6068 6165 0
6068 8881 0
6068 8409 0
6068 6380 0
6068 6401 0
6068 8549 0
6068 6904 0
6068 8768 0
6068 8860 0
6068 8867 0
6068 7064 0
6068 9146 0
6068 8287 0
6068 13355 0
6068 15535 0
6068 7480 0
6068 19836 0
6068 11671 0
6068 19879 0
6068 8112 0
6068 7726 0
6068 17995 0
6068 8064 0
6068 8067 0
6068 18332 0
6068 6068 0
6072 7698 0
6072 7699 0
6072 6720 0
6072 16022 0
6072 8484 0
6072 6904 0
6072 7931 0
6072 7430 0
6072 19808 0
6072 6560 0
6072 6072 0
6072 16354 1
6078 6153 0
6078 8287 0
6078 6380 0
6078 8503 0
6078 8549 0
6078 6708 0
6078 8881 0
6078 8909 0
6078 8933 0
6078 6907 0
6078 8958 0
6078 17541 0
6078 9145 0
6078 13314 0
6078 7209 0
6078 15988 0
6078 16113 0
6078 6078 0
6078 16354 1
6078 8185 0
6147 6147 0
6147 6163 0
6147 6165 0
6147 6162 0
6147 6164 0
6147 6560 0
6147 6583 0
6147 17541 0
6147 6622 0
6147 8768 0
6147 14072 0
6147 6915 0
6147 7005 0
6147 17324 0
6147 9146 0
6147 13355 0
6147 19879 0
6147 8064 0
6147 11671 0
6147 16337 0
6147 8067 0
6147 18098 0
6147 8112 0
6147 8130 0
6153 6153 0
6153 13355 0
6153 16022 0
6153 6977 0
6153 8064 0
6153 6560 0
6153 8112 0
6160 6162 0
6160 6163 0
6160 6165 0
6160 6160 0
6160 6164 0
6160 8409 0
6160 6666 0
6160 8867 0
6160 21211 0
6160 6915 0
6160 17419 0
6160 15988 0
6160 7836 0
6160 8164 0
6162 6162 0
6162 6163 0
6162 6165 0
6162 16431 0
6162 6164 0
6162 6583 0
6162 19879 0
6162 6666 0
6162 8768 0
6162 8867 0
6162 21211 0
6162 6915 0
6162 19836 0
6162 7699 0
6162 7836 0
6162 18332 0
6162 8112 0
6163 6163 0
6163 6165 0
6163 16431 0
6163 8549 0
6163 6164 0
6163 8409 0
6163 21211 0
6163 8503 0
6163 14072 0
6163 6666 0
6163 8867 0
6163 8881 0
6163 6915 0
6163 7005 0
6163 7014 0
6163 19450 0
6163 19750 0
6163 7480 0
6163 19836 0
6163 15988 0
6163 7836 0
6163 18332 0
6163 8112 0
6163 8164 0
6164 6165 0
6164 6164 0
6164 8484 0
6164 6560 0
6164 6760 0
6164 8867 0
6164 21211 0
6164 6904 0
6164 6915 0
6164 7480 0
6164 7836 0
6164 8112 0
6164 8164 0
6165 8881 0
6165 8409 0
6165 6165 0
6165 8549 0
6165 6583 0
6165 19879 0
6165 6666 0
6165 21047 0
6165 14072 0
6165 21211 0
6165 6915 0
6165 7005 0
6165 19836 0
6165 8768 0
6165 7064 0
6165 8163 0
6165 7698 0
6165 8053 0
6165 8067 0
6165 18332 0
6165 7836 0
6165 8112 0
6165 8867 0
6165 8160 0
6165 8164 0
6165 8185 0
6180 6180 0
6180 6915 0
6180 7430 0
6180 8768 0
6180 6720 0
6180 16354 1
6180 7931 0
6180 8409 0
6251 18098 0
6251 9738 1
6251 6251 0
6251 14978 0
6251 8958 0
6251 7635 0
6380 14072 0
6380 7726 0
6380 16527 0
6380 6977 0
6380 17304 0
6380 9158 0
6380 8160 0
6401 6401 0
6401 16431 0
6401 19808 0
6560 7698 0
6560 7699 0
6560 6720 0
6560 8867 0
6560 18098 0
6560 8484 0
6560 8027 1
6560 6560 0
6560 7089 1
6560 6904 0
6583 13314 0
6583 13355 0
6583 15988 0
6583 8064 0
6583 17324 0
6583 8112 0
6583 16337 0
6622 16354 1
6666 6666 0
6666 13355 0
6666 7698 0
6666 8409 0
6666 8503 0
6666 6977 0
6666 8064 0
6666 8185 0
6666 16354 1
6666 19879 0
6708 13314 0
6708 7726 0
6708 21047 0
6708 6760 0
6708 8860 0
6708 18478 0
6712 8185 0
6720 8064 0
6720 13355 0
6720 8027 1
6720 16354 1
6760 8867 0
6760 8977 0
6760 21343 0
6760 19808 0
6760 7005 0
6861 8768 0
6895 9846 1
6904 7698 0
6904 8797 0
6904 16022 0
6904 8867 0
6904 8881 0
6904 18098 0
6904 6904 0
6904 8484 0
6904 8027 1
6904 7089 1
6907 6915 0
6907 6907 0
6915 16354 1
6915 17324 0
6915 8867 0
6915 7209 0
6915 7726 0
6977 8477 0
6977 14072 0
6977 18967 0
6977 8768 0
6977 8933 0
6977 8977 0
6977 6977 0
6977 9158 0
6977 15551 0
6977 7480 0
6977 17929 0
6977 15988 0
6977 16354 1
6977 8185 0
7005 13355 0
7005 8867 0
7005 8881 0
7005 7726 0
7005 8067 0
7005 19879 0
7014 8477 0
7014 8182 0
7014 7014 0
7064 17324 0
7064 13355 0
7064 8797 0
7064 8477 0
7064 16527 0
7064 8867 0
7064 17541 0
7064 8163 0
7064 10036 1
7064 8549 0
7064 16113 0
7064 8130 0
7089 7698 1
7089 7699 1
7089 16022 1
7089 8797 1
7089 7089 2
7089 8484 1
7209 8867 0
7209 18967 0
7430 8797 0
7430 7931 0
7430 18759 0
7430 8027 1
7430 19808 0
7480 8409 0
7480 8477 0
7480 8768 0
7480 8881 0
7480 8977 0
7480 9158 0
7480 15551 0
7480 7480 0
7480 19879 0
7480 7635 0
7480 15988 0
7480 14072 0
7480 18332 0
7480 8112 0
7480 16354 1
7498 7498 2
7498 21343 1
7498 9846 1
7498 21239 1
7635 9738 1
7635 15988 0
7635 14978 0
7635 15551 0
7635 8477 0
7635 19879 0
7635 9158 0
7698 7698 0
7698 7699 0
7698 7836 0
7698 9158 0
7698 16354 1
7698 8185 0
7699 16022 0
7699 7836 0
7726 8477 0
7726 8549 0
7726 8768 0
7726 8860 0
7726 8933 0
7726 9158 0
7726 17541 0
7726 19879 0
7726 7726 0
7726 17992 0
7726 15988 0
7726 14072 0
7726 8160 0
7726 8185 0
7836 8768 0
7836 7836 0
7836 8867 0
7836 8958 0
7836 16354 1
7931 18759 0
7931 8027 1
7931 19808 0
8027 8484 1
8027 8797 1
8027 19808 1
8064 8287 0
8064 15535 0
8064 8503 0
8064 8064 0
8064 11671 0
8064 8623 0
8067 14072 0
8067 8867 0
8067 8977 0
8067 19808 0
8067 8067 0
8112 16431 0
8112 8549 0
8112 8768 0
8112 8933 0
8112 9158 0
8112 19450 0
8112 13355 0
8112 19808 0
8112 19879 0
8112 15988 0
8112 18332 0
8112 8112 0
8112 8185 0
8130 13355 0
8130 16527 0
8160 13355 0
8160 8797 0
8160 18332 0
8160 19879 0
8160 8160 0
8160 16354 1
8163 17992 0
8163 18332 0
8164 16431 0
8164 8867 0
8164 8958 0
8164 8164 0
8182 21518 1
8182 8958 0
8182 8472 0
8182 8623 0
8182 8182 0
8185 9738 1
8185 8768 0
8185 8867 0
8185 8881 0
8185 8549 0
8185 18332 0
8185 19879 0
8185 16354 1
8185 8185 0
8287 9145 0
8287 8287 0
8287 17995 0
8287 8409 0
8287 8623 0
8409 8409 0
8409 8477 0
8409 8768 0
8409 8867 0
8409 8977 0
8409 9158 0
8409 13355 0
8409 17541 0
8409 19879 0
8409 18098 0
8409 18332 0
8409 16354 1
8472 8472 0
8472 13355 0
8472 16354 1
8477 16431 0
8477 8623 0
8477 18967 0
8477 8881 0
8477 8977 0
8477 9158 0
8477 13355 0
8477 15551 0
8477 19879 0
8477 15988 0
8477 18332 0
8477 16354 1
8484 16022 0
8484 18098 0
8484 8484 0
8503 8768 0
8503 8958 0
8503 8503 0
8503 16354 1
8549 13355 0
8549 19879 0
8549 18332 0
8549 8881 0
8623 18967 0
8623 20505 1
8623 8623 0
8741 8741 0
8741 20505 1
8768 8768 0
8768 8867 0
8768 8977 0
8768 9158 0
8768 17541 0
8768 21047 0
8768 14072 0
8768 18332 0
8768 16354 1
8797 16022 0
8797 16354 1
8835 19760 0
8835 8835 0
8835 13185 0
8835 8881 0
8835 18759 0
8835 11197 0
8860 21047 0
8867 21211 0
8867 8867 0
8867 19879 0
8867 17324 0
8867 18332 0
8881 8881 0
8881 18478 0
8881 14072 0
8881 8977 0
8881 19450 0
8881 17541 0
8881 19879 0
8881 15988 0
8881 18332 0
8933 17929 0
8933 19879 0
8933 15988 0
8933 8933 0
8933 16354 1
8958 21518 1
8958 18098 0
8958 16583 1
8958 8958 0
8977 18967 0
8977 13355 0
8977 8977 0
8977 16354 1
9145 19879 0
9145 17992 0
9145 9145 0
9146 9146 0
9146 19879 0
9158 15535 0
9158 15988 0
9158 15551 0
9158 19879 0
9738 18098 1
9846 9846 0
11197 13185 0
11197 19226 0
11197 19760 0
11197 18759 0
11671 16354 1
13185 19226 0
13185 19760 0
13185 18759 0
13355 16431 0
13355 14072 0
13355 19450 0
13355 15535 0
13355 17541 0
13355 18967 0
13355 15551 0
13355 19879 0
13355 17929 0
13355 15988 0
13355 16113 0
13355 16337 0
14072 18332 0
14072 16354 1
14978 14978 0
14978 18332 0
14978 19427 0
15535 18332 0
15551 15988 0
15551 19879 0
15551 16354 1
15988 18967 0
15988 19879 0
15988 17929 0
15988 15988 0
15988 18332 0
16022 16022 0
16022 19836 0
16022 19879 0
16113 16527 0
16123 21211 0
16123 16123 0
16274 16354 1
16354 19879 1
16354 17541 1
16354 17929 1
16354 17324 1
16354 16354 2
16527 19808 0
16583 19427 1
16583 21343 1
17324 17324 0
17419 20505 1
17992 21047 0
17995 21518 1
18098 18098 0
18098 19808 0
18332 18967 0
18332 19879 0
18759 18759 0
18759 19760 0
18759 19808 0
18759 19226 0
18967 18967 0
19226 19760 0
19532 19532 0
19532 19808 0
19750 19808 0
19750 19750 0
19836 19836 0
19879 19879 0
20505 20505 2
21047 21047 0
21211 21211 0
21211 21239 0
