2048 2048 0
2048 6165 0
2048 33 0
2048 4233 0
2048 2249 1
2048 8477 0
2048 8578 0
2048 2599 0
2048 6739 1
2048 2712 0
2048 2718 0
2048 8867 0
2048 2724 0
2048 8881 0
2048 4970 0
2048 5188 0
2048 16031 0
2048 3802 0
2048 5938 0
2048 5981 0
2048 5994 0
2048 3986 0
2048 6068 0
2048 2722 0
6147 6147 0
6147 6163 0
6147 6165 0
6147 6162 0
6147 6337 0
6147 2249 1
6147 20857 0
6147 4530 0
6147 4531 0
6147 8820 0
6147 2718 0
6147 2722 0
6147 6867 0
6147 4964 0
6147 21378 1
6147 5188 0
6147 3147 0
6147 1653 0
6147 7890 0
6147 18728 0
6147 5994 0
6147 20182 0
6147 3986 0
6147 16275 0
6160 6162 0
6160 6163 0
6160 6165 0
6160 6160 0
6160 590 0
6160 6739 1
6160 12954 0
6160 2718 0
6160 2722 0
6160 8867 0
6160 21378 1
6160 7275 0
6160 7317 0
6160 1653 0
6160 5981 0
6160 3986 0
6160 16275 0
6160 6068 0
6162 6162 0
6162 6163 0
6162 6165 0
6162 168 0
6162 2596 0
6162 590 0
6162 6739 1
6162 2712 0
6162 669 0
6162 2718 0
6162 2722 0
6162 8867 0
6162 4970 0
6162 21378 1
6162 7275 0
6162 5254 0
6162 3986 0
6162 12954 0
6162 6068 0
5139 3844 1
5139 16275 1
5139 5140 1
5139 5141 2
5139 8094 1
5139 16038 1
5139 5552 1
5139 1090 2
5139 18894 1
5139 20182 1
5139 5981 1
5139 12838 1
5139 7275 1
5139 8941 1
5139 5230 1
5139 13939 1
5139 7273 1
5139 7317 1
5140 13939 0
5140 5141 1
5141 1090 2
5141 3844 1
5141 7273 1
5141 7275 1
5141 8941 1
5141 18894 1
5141 5552 1
5141 20182 1
5141 13939 1
5141 16275 1
5141 5981 1
5141 8094 1
18973 7317 0
18973 18728 0
18973 6739 1
18973 5981 0
18973 5994 0
18973 21378 1
18973 1022 0
20000 18312 1
20000 21378 1
20000 8477 0
33 21378 1
33 3986 0
33 33 0
33 8881 0
33 6739 1
4644 4644 0
4644 6739 1
4644 2712 0
4644 12954 0
4644 168 0
4644 16647 0
4644 3986 0
4644 5981 0
4644 3530 1
12838 12838 0
12838 1090 1
12838 6739 1
12838 1653 0
12838 129 0
12838 7317 0
12838 18728 0
12838 5981 0
12838 17392 0
2599 6163 0
2599 6165 0
2599 2596 0
2599 2599 0
2599 2712 0
2599 21378 1
2599 590 0
2599 6739 1
2599 2708 0
2599 2718 0
2599 2722 0
2599 2724 0
2599 3802 0
2599 18728 0
2599 6337 0
2599 8477 0
2599 5938 0
2599 5994 0
2599 1927 0
2599 3986 0
2599 16031 0
2599 8881 0
18989 21378 1
18989 18989 0
18989 21448 1
18989 5331 0
1090 3844 1
1090 7317 1
1090 8094 1
1090 5552 1
1090 18894 1
1090 20182 1
1090 5981 1
1090 7273 1
1090 5994 1
1090 7275 1
1090 8941 1
1090 16038 1
1090 16275 1
5188 5188 0
5188 6739 1
5188 21378 1
5188 1927 0
5188 1022 0
3147 6739 1
3147 16031 0
3147 4964 0
3147 21378 1
3147 3986 0
3147 1022 0
590 6163 0
590 590 0
590 6739 1
590 8820 0
590 129 0
590 2712 0
590 16031 0
590 2722 0
590 2724 0
590 8881 0
590 2249 1
590 6867 0
590 6400 0
590 5981 0
590 3986 0
18514 1927 0
18514 16031 0
18514 9123 0
18514 8881 0
18514 18312 1
18514 18514 0
18514 6739 1
18514 5981 0
18514 5994 0
18514 503 0
6739 6163 1
6739 6165 1
6739 20132 1
6739 6337 1
6739 6400 1
6739 8578 1
6739 17392 1
6739 2418 1
6739 4530 1
6739 4531 1
6739 20857 1
6739 503 1
6739 6571 1
6739 2596 1
6739 6739 2
6739 8820 1
6739 2708 1
6739 2712 1
6739 669 1
6739 2718 1
6739 2722 1
6739 8867 1
6739 2724 1
6739 6828 1
6739 8881 1
6739 6867 1
6739 4233 1
6739 4964 1
6739 4970 1
6739 21448 2
6739 1022 1
6739 8034 1
6739 5254 1
6739 4986 1
6739 16647 1
6739 9123 1
6739 1653 1
6739 8477 1
6739 13939 1
6739 3778 1
6739 7890 1
6739 3802 1
6739 18728 1
6739 5938 1
6739 5981 1
6739 1927 1
6739 18312 2
6739 1929 1
6739 3986 1
6739 12954 1
6739 6068 1
6739 16031 1
6739 4033 1
7273 5981 0
7275 3986 0
7275 8867 0
7275 168 0
7275 5981 0
7275 7275 0
7275 6163 0
7275 5994 0
7275 6165 0
5230 6165 0
5230 5230 0
5230 1653 0
5230 2708 0
5230 2718 0
5230 13939 0
5230 21450 0
5230 3844 0
5230 21378 1
5230 18728 0
5230 5981 0
5230 8578 0
5230 16275 0
5230 6068 0
5230 21448 1
5230 8867 0
6163 6163 0
6163 6165 0
6163 168 0
6163 18728 0
6163 2712 0
6163 12954 0
6163 8867 0
6163 2724 0
6163 6828 0
6163 8881 0
6163 4964 0
6163 4970 0
6163 4986 0
6163 21378 1
6163 9173 0
6163 1022 0
6163 16647 0
6163 1653 0
6163 3745 0
6163 5981 0
6163 1927 0
6163 3986 0
6163 16275 0
6163 6068 0
8820 3986 0
8820 2718 0
8820 2722 0
8820 8881 0
8820 20857 0
8820 2249 1
1653 8393 0
1653 8477 0
1653 669 0
1653 8881 0
1653 1653 0
1653 18312 1
1653 2596 0
1653 2722 0
1653 3802 0
1653 3986 0
1653 12954 0
1653 4033 0
1653 4530 0
1653 4986 0
1653 18728 0
1653 6068 0
1653 6337 0
1653 6867 0
1653 16031 0
1653 8002 0
1653 8034 0
1653 16275 0
1653 16335 0
4970 5981 0
4970 16031 0
4970 6828 0
4970 3802 0
4970 21378 1
4970 4964 0
4970 4986 0
4970 3986 0
4970 8881 0
4970 6068 0
6165 8881 0
6165 4233 0
6165 168 0
6165 6165 0
6165 2708 0
6165 2712 0
6165 669 0
6165 2718 0
6165 2722 0
6165 6828 0
6165 6867 0
6165 4964 0
6165 21378 1
6165 21450 0
6165 9173 0
6165 1022 0
6165 5254 0
6165 3745 0
6165 3802 0
6165 5981 0
6165 1927 0
6165 3986 0
6165 16275 0
6165 12954 0
6165 6068 0
6165 16031 0
6165 8867 0
6165 2724 0
129 3844 0
129 2596 0
129 129 0
129 669 0
129 2724 0
129 168 0
129 2249 1
129 16647 0
129 5254 0
129 7317 0
129 21378 1
129 1927 0
129 5981 0
129 6068 0
129 1022 0
5254 2249 1
5254 2708 0
5254 5254 0
5254 7317 0
5254 16031 0
5254 3986 0
4233 4233 0
4233 8881 0
4233 8002 0
4233 21378 1
4233 3986 0
2708 168 0
2708 18894 0
2708 2712 0
2708 669 0
2708 2718 0
2708 2722 0
2708 2724 0
2708 8881 0
2708 6867 0
2708 1022 0
2708 3530 1
2708 13939 0
2708 16031 0
2708 3802 0
2708 5938 0
2708 5981 0
2708 3986 0
2708 6068 0
7317 3844 0
7317 2712 0
7317 21378 1
7317 1022 0
7317 5994 0
7317 5981 0
7317 3986 0
7317 16275 0
2712 168 0
2712 18728 0
2712 18894 0
2712 2596 0
2712 2712 0
2712 2718 0
2712 2722 0
2712 8867 0
2712 2724 0
2712 8881 0
2712 6867 0
2712 21378 1
2712 1022 0
2712 5331 0
2712 16031 0
2712 3778 0
2712 3802 0
2712 5938 0
2712 5981 0
2712 8034 0
2712 3986 0
2712 6068 0
12954 2596 0
12954 8881 0
12954 16031 0
12954 2724 0
12954 21378 1
12954 8477 0
12954 18728 0
12954 2418 0
12954 1927 0
12954 3986 0
12954 6068 0
669 168 0
669 2249 1
669 16647 0
669 18728 0
669 2418 0
669 669 0
669 2718 0
669 8867 0
669 3745 0
669 5981 0
669 1927 0
2718 168 0
2718 16647 0
2718 503 0
2718 2596 0
2718 2718 0
2718 2722 0
2718 2724 0
2718 8881 0
2718 4964 0
2718 21448 1
2718 5331 0
2718 3530 1
2718 3745 0
2718 7890 0
2718 3802 0
2718 5938 0
2718 1927 0
2718 3986 0
2718 6068 0
2718 16031 0
16031 6400 0
16031 18728 0
16031 6571 0
16031 2596 0
16031 8477 0
16031 2722 0
16031 2724 0
16031 8881 0
16031 6867 0
16031 4964 0
16031 4986 0
16031 8034 0
16031 3530 1
16031 16031 0
16031 3802 0
16031 5981 0
16031 3986 0
16031 4033 0
16031 1022 0
3745 2249 1
3745 2722 0
3745 8867 0
3745 21378 1
3745 9173 0
3745 1022 0
3745 5994 0
3745 3745 0
3745 3802 0
3745 1927 0
3745 3986 0
2722 168 0
2722 8477 0
2722 2596 0
2722 2722 0
2722 6867 0
2722 4964 0
2722 4986 0
2722 21378 1
2722 7890 0
2722 3802 0
2722 18728 0
2722 5938 0
2722 5981 0
2722 1927 0
2722 3986 0
2722 6068 0
2722 2724 0
8867 2596 0
8867 8867 0
8867 21378 1
8867 21448 1
8867 1022 0
8867 3802 0
8867 3986 0
8867 16275 0
8867 6068 0
2724 6867 0
2724 2596 0
2724 2724 0
2724 8881 0
2724 21378 1
2724 3802 0
2724 5981 0
2724 3986 0
2724 6068 0
16038 5981 0
168 6828 0
168 168 0
168 21378 1
168 21448 1
168 1022 0
168 13939 0
168 3844 0
168 5981 0
168 1929 0
168 16275 0
168 6068 0
6828 5994 0
6828 6828 0
6828 21378 1
6828 4964 0
6828 4986 0
6828 3530 1
8881 8881 0
8881 6337 0
8881 18728 0
8881 6571 0
8881 2596 0
8881 6867 0
8881 4964 0
8881 21378 1
8881 1022 0
8881 8477 0
8881 3802 0
8881 5981 0
8881 8034 0
8881 5994 0
8881 3986 0
8881 6068 0
13939 13939 0
13939 6068 0
13939 5981 0
2249 20132 1
2249 2249 2
2249 6867 1
2249 5938 1
2249 8578 1
2249 1927 1
2249 3986 1
2249 9173 1
2249 12266 1
21450 9123 0
21450 18312 1
21450 5994 0
21450 21378 1
6337 21378 1
6337 3986 0
6337 8477 0
6337 18728 0
6337 5994 0
3778 21378 1
3778 3986 0
3778 5981 0
8393 21378 1
8393 3530 1
8393 5981 0
8393 5994 0
7890 7890 0
7890 5981 0
7890 8034 0
7890 18312 1
7890 9123 0
6867 3844 0
6867 18728 0
6867 5981 0
6867 5994 0
6867 3986 0
6867 6867 0
20182 3986 0
20182 8094 0
20182 5981 0
20182 1022 0
2596 2596 0
2596 5981 0
2596 8477 0
2596 3802 0
2596 21378 1
2596 18728 0
2596 3986 0
3802 8477 0
3802 4530 0
3802 4964 0
3802 4986 0
3802 21378 1
3802 3802 0
3802 18728 0
3802 5981 0
3802 3986 0
8941 18728 0
8941 5981 0
8941 8941 0
8941 3986 0
5331 8002 0
5331 3844 0
5331 18312 1
5331 21448 1
6400 21378 1
6400 3986 0
3844 8034 0
3844 3844 0
3844 3986 0
3844 5981 0
16647 16647 0
16647 5981 0
16647 21378 1
8578 8578 0
8578 3986 0
6929 16335 1
6929 5552 1
8477 4986 0
8477 18728 0
8477 5981 0
8477 18312 1
8477 3986 0
18728 4964 0
18728 4986 0
18728 21378 1
18728 18728 0
18728 3986 0
5938 5938 0
5938 3986 0
5938 3530 1
5938 9173 0
5938 1022 0
8002 21378 1
8002 3986 0
8002 21448 1
8002 8002 0
5981 17392 0
5981 3986 0
5981 4530 0
5981 5981 0
5981 6068 0
5981 16275 0
8034 8034 0
8034 18312 1
4964 21378 1
4964 4964 0
4964 4986 0
4964 3986 0
5994 2418 0
5994 4530 0
5994 4531 0
5994 21378 1
5994 1022 0
5994 3530 1
5994 5994 0
5994 1929 0
2418 21378 1
2418 3986 0
2418 2418 0
20857 21378 1
20857 3986 0
4986 21378 1
21378 9173 1
21378 16275 1
21378 21378 2
21378 1927 1
21378 18312 2
21378 1929 1
21378 9123 1
21378 6571 1
21378 4530 1
21378 4531 1
21378 6068 1
21378 4033 1
21378 16335 1
21378 12266 1
21378 17392 1
21378 1022 1
1927 9173 0
1927 1022 0
1927 3986 0
18312 9123 1
18312 18312 2
18312 21448 2
1929 1929 0
3986 17392 0
3986 1022 0
3986 20132 0
3986 3986 0
3986 4033 0
3986 6068 0
3986 16275 0
16275 16275 0
16275 21448 1
9123 9123 0
9123 21448 1
6571 1022 0
5552 18894 0
5552 5552 0
4530 4530 0
4530 4531 0
4531 4531 0
6068 1022 0
6068 6068 0
21448 503 1
16335 16335 0
9173 1022 0
503 503 0
1022 1022 0
