174 8202 1
174 6162 1
174 6163 1
174 2583 1
174 3162 1
174 7741 1
174 3154 1
174 3155 1
174 2650 1
174 3168 1
174 9840 1
174 1180 1
174 174 2
174 20166 1
174 2338 1
174 3308 1
174 1273 1
174 13061 1
174 287 1
174 7986 1
174 6463 1
174 1865 1
174 19808 1
174 8519 1
174 7526 1
174 5516 1
174 18323 1
174 1943 1
174 7577 1
174 5026 1
174 5788 1
174 1453 1
174 16308 1
174 6560 1
261 6163 0
261 1620 0
261 3308 0
261 261 0
261 287 0
261 291 1
261 4550 0
261 4555 1
287 287 0
287 579 0
287 8881 0
287 700 0
287 705 0
287 719 0
287 751 0
287 818 1
287 827 0
287 1004 0
287 1159 0
287 1180 0
287 1259 0
287 1453 0
287 1620 0
287 1661 0
287 2059 0
287 2338 0
287 2956 1
287 3043 0
287 3142 0
287 3308 0
287 1751 0
287 4536 0
287 4553 0
287 4555 1
287 5247 0
287 5788 0
287 5827 0
287 6094 0
287 6160 0
287 6163 0
287 6165 0
287 6168 0
287 21518 1
287 7355 0
287 7577 0
287 8090 0
290 2059 1
290 6156 1
290 527 1
290 3628 1
290 1600 1
290 579 1
290 1620 1
290 15991 1
290 19581 1
290 15509 1
290 3225 1
290 672 1
290 705 1
290 707 1
290 5828 2
290 5835 1
290 4812 1
290 719 1
290 4822 1
290 1259 1
290 751 1
290 4339 1
290 6401 1
290 16157 1
290 290 2
290 291 2
290 6968 1
290 316 1
290 5432 1
290 5952 1
290 9028 1
290 325 1
290 1350 1
290 6986 1
290 5469 1
290 7013 1
290 6005 1
290 7544 1
290 7035 1
290 8067 1
290 3475 1
290 7073 1
290 4534 1
290 6080 1
290 4555 2
291 2059 1
291 6156 1
291 527 1
291 8202 1
291 1600 1
291 579 1
291 1622 1
291 3181 1
291 1170 1
291 3225 1
291 18631 1
291 11294 1
291 705 1
291 707 1
291 5835 1
291 4300 1
291 2338 1
291 6861 1
291 3801 1
291 3336 1
291 3628 1
291 12577 1
291 291 2
291 316 1
291 325 1
291 1350 1
291 5469 1
291 7013 1
291 7526 1
291 6005 1
291 7035 1
291 8067 1
291 1943 1
291 7073 1
291 1453 1
291 6080 1
291 3522 1
291 4555 2
291 19427 1
316 527 0
316 3628 0
316 6792 0
316 705 0
316 707 0
316 5835 0
316 719 0
316 4339 0
316 3353 0
316 316 0
316 325 0
316 7013 0
316 7035 0
316 3461 0
316 4534 0
316 6080 0
316 4555 1
325 527 0
325 3628 0
325 6792 0
325 18060 0
325 2714 0
325 700 0
325 704 0
325 705 0
325 707 0
325 5835 0
325 1741 0
325 7035 0
325 13061 0
325 325 0
325 842 0
325 5965 0
325 5469 0
325 7013 0
325 4534 0
325 6080 0
325 4553 0
325 4555 1
380 380 2
380 9840 1
380 4339 1
380 5178 1
449 449 2
449 1004 1
449 2069 1
449 2650 1
449 1653 1
527 6080 0
527 527 0
527 6160 0
527 5835 0
527 3628 0
527 700 0
527 705 0
527 707 0
527 9028 0
527 1223 0
527 4555 1
527 719 0
527 4855 0
527 7013 0
527 7035 0
548 1180 0
548 548 0
548 8454 1
548 4555 1
548 719 0
579 2059 0
579 579 0
579 2338 0
579 719 0
579 729 0
579 4339 0
579 4859 0
579 3336 0
579 7577 0
579 4534 0
579 4537 0
579 4550 0
579 5026 0
579 3154 0
672 6162 0
672 6165 0
672 7741 0
672 1620 0
672 672 0
672 679 0
672 682 0
672 5828 1
672 1223 0
672 5835 0
672 5836 0
672 1741 0
672 4855 0
672 5882 0
672 4859 0
672 3353 0
672 6792 0
672 6968 0
672 2361 0
672 18049 0
672 3461 0
672 972 0
672 5620 0
679 6160 0
679 1620 0
679 3158 1
679 3174 1
679 8867 0
679 679 0
679 681 0
679 682 0
679 18049 0
679 1751 0
679 4325 0
679 4339 0
679 6401 0
679 3353 0
679 680 0
680 6160 0
680 3158 1
680 3174 1
680 680 0
680 681 0
680 682 0
680 1751 0
681 2338 0
681 681 0
681 682 0
681 5469 0
681 6792 0
681 3158 1
681 3174 1
682 1620 0
682 3158 1
682 3174 1
682 682 0
682 18049 0
682 3353 0
690 6163 0
690 6162 0
690 6165 0
690 1943 0
690 8867 0
690 6065 0
690 2997 0
690 695 1
690 5828 1
695 6401 1
695 2059 1
695 1170 1
695 2338 1
695 8881 1
695 700 1
695 704 1
695 4300 1
695 3801 1
695 5469 1
695 4339 1
695 1653 1
700 2059 0
700 6162 0
700 3158 1
700 3174 1
700 6163 0
700 1653 0
700 2714 0
700 1180 0
700 1197 0
700 7355 0
700 700 0
700 704 0
700 705 0
700 707 0
700 4822 0
700 4325 0
700 1259 0
700 3336 0
700 5432 0
700 842 0
700 843 0
700 5965 0
700 3475 0
700 7073 0
700 4555 1
700 4557 0
704 3336 0
704 2709 0
704 1180 0
704 7073 0
704 4822 0
704 5432 0
704 704 0
704 705 0
704 707 0
704 842 0
704 5835 0
704 3174 1
704 1523 0
705 2059 0
705 3628 0
705 7013 0
705 3174 1
705 6792 0
705 2709 0
705 1180 0
705 1197 0
705 7355 0
705 705 0
705 707 0
705 5828 1
705 5835 0
705 4822 0
705 1259 0
705 5882 0
705 3336 0
705 5432 0
705 6986 0
705 843 0
705 6968 0
705 5469 0
705 6005 0
705 7035 0
705 7560 0
705 7073 0
705 6080 0
705 4550 0
705 4551 0
705 4555 1
705 972 0
707 6080 0
707 5835 0
707 7073 0
707 3628 0
707 7355 0
707 707 0
707 6986 0
707 4555 1
707 4822 0
707 7013 0
707 1523 0
707 7035 0
719 2059 0
719 6156 0
719 5469 0
719 1620 0
719 3158 1
719 2668 0
719 2709 0
719 5828 1
719 1223 0
719 5835 0
719 5836 0
719 1741 0
719 719 0
719 1259 0
719 4339 0
719 5882 0
719 16157 0
719 3353 0
719 6968 0
719 3929 0
719 4550 0
719 4551 0
729 2059 0
729 6156 0
729 6160 0
729 6165 0
729 5469 0
729 8202 0
729 3168 0
729 3154 0
729 3155 0
729 1620 0
729 3174 1
729 2668 0
729 6162 0
729 5247 0
729 1170 0
729 2709 0
729 3225 0
729 8867 0
729 1197 0
729 5835 0
729 4300 0
729 729 0
729 2280 0
729 1259 0
729 4339 0
729 6401 0
729 6163 0
729 3336 0
729 3801 0
729 2338 0
729 6463 0
729 842 0
729 7526 0
729 7035 0
729 3475 0
729 2997 0
729 4534 0
729 4555 1
729 12577 0
751 4812 0
751 5432 0
751 4553 0
751 4822 0
751 2143 1
751 827 0
751 1004 0
818 3461 1
818 818 2
818 9028 1
818 8519 1
818 1273 1
827 2059 0
827 1741 0
827 2280 0
827 4460 0
827 4553 0
827 4560 0
827 13061 0
827 2714 0
827 4822 0
827 827 0
827 2997 0
827 3043 0
827 3158 1
827 3174 1
827 7355 0
827 1223 0
827 3336 0
827 5432 0
827 13628 0
827 5469 0
827 16308 0
827 1620 0
827 1653 0
827 5788 0
827 20166 0
827 1687 0
827 1943 0
827 6065 0
842 15509 0
842 3225 0
842 1653 0
842 5828 1
842 4300 0
842 4557 0
842 5882 0
842 2338 0
842 9028 0
842 842 0
842 843 0
842 5469 0
842 5516 0
842 15991 0
842 4534 0
842 4555 1
843 2059 0
843 6156 0
843 1620 0
843 3158 1
843 3174 1
843 2709 0
843 1687 0
843 1180 0
843 1223 0
843 4314 0
843 1259 0
843 843 0
843 5469 0
843 3475 0
843 6080 0
972 8881 0
972 3142 0
972 1653 0
972 2172 1
972 1687 0
972 2714 0
972 1180 0
972 5828 1
972 5835 0
972 5836 0
972 1741 0
972 1259 0
972 4855 0
972 5882 0
972 4859 0
972 7982 0
972 3353 0
972 6792 0
972 6968 0
972 6986 0
972 5469 0
972 4460 0
972 3461 0
972 6560 0
972 4534 0
972 4536 0
972 5620 0
972 972 0
972 1004 0
972 1523 0
1004 2069 0
1004 1620 0
1004 2709 0
1004 5828 1
1004 3308 0
1004 6401 0
1004 2338 0
1004 2361 0
1004 4557 0
1004 1004 0
1159 1197 0
1159 6163 0
1159 3158 1
1159 6160 0
1159 3174 1
1159 1159 0
1159 1687 0
1159 2714 0
1159 8881 0
1159 5828 1
1159 1223 0
1159 4822 0
1159 1751 0
1159 2280 0
1159 1259 0
1159 6005 0
1159 2956 1
1159 1943 0
1159 4534 0
1159 4536 0
1159 4537 0
1159 4550 0
1159 4551 0
1159 4555 1
1159 4557 0
1159 3043 0
1170 2059 0
1170 6163 0
1170 4300 0
1170 2280 0
1170 2338 0
1170 4555 1
1170 2709 0
1170 2714 0
1170 8867 0
1170 6861 0
1170 9034 0
1170 3154 0
1170 3155 0
1170 3158 1
1170 3167 0
1170 3168 0
1170 5247 0
1170 5432 0
1170 5469 0
1170 3475 0
1170 1620 0
1170 1661 0
1170 3801 0
1170 5952 0
1170 18060 0
1180 2714 0
1180 1180 0
1180 1197 0
1180 1259 0
1180 2956 1
1197 2059 0
1197 6669 0
1197 6162 0
1197 6168 0
1197 13061 0
1197 1620 0
1197 3158 1
1197 3174 1
1197 1653 0
1197 1661 0
1197 1687 0
1197 3225 0
1197 20166 0
1197 4551 0
1197 1197 0
1197 8881 0
1197 1223 0
1197 1741 0
1197 4822 0
1197 1751 0
1197 4859 0
1197 2338 0
1197 5432 0
1197 2361 0
1197 5620 0
1197 3416 0
1197 4325 0
1197 5247 0
1197 16308 0
1197 4537 0
1197 4550 0
1197 4553 0
1197 4555 1
1197 4557 0
1197 4560 0
1197 4561 0
1197 3043 0
1197 6560 0
1223 5178 0
1223 1622 0
1223 5828 1
1223 1741 0
1223 1259 0
1223 4859 0
1223 4396 0
1223 5432 0
1223 19808 0
1223 3522 0
1223 4555 1
1223 4557 0
1223 6094 0
1223 3043 0
1259 2059 0
1259 6165 0
1259 4300 0
1259 4314 0
1259 4534 0
1259 4555 1
1259 4557 0
1259 8881 0
1259 13061 0
1259 3353 0
1259 5432 0
1259 1350 0
1259 5469 0
1259 3308 0
1259 3475 0
1259 3522 0
1259 3628 0
1259 1600 0
1259 1620 0
1259 1653 0
1259 1661 0
1259 1687 0
1259 1741 0
1259 5882 0
1259 16308 0
1259 6080 0
1273 6401 0
1273 5432 0
1273 6977 0
1273 1273 0
1350 2714 0
1350 5835 0
1350 1751 0
1350 2361 0
1350 1350 0
1350 7013 0
1350 6005 0
1350 7073 0
1453 1453 0
1453 3158 1
1523 6669 0
1523 6165 0
1523 16308 0
1523 7741 0
1523 3154 0
1523 3155 0
1523 3158 1
1523 3168 0
1523 3174 1
1523 8881 0
1523 13061 0
1523 7982 0
1523 6977 0
1523 1523 0
1523 4534 0
1523 4537 0
1523 6094 0
1600 6160 0
1600 6165 0
1620 6156 0
1620 6160 0
1620 6162 0
1620 2069 0
1620 6165 0
1620 4300 0
1620 2280 0
1620 2338 0
1620 2361 0
1620 4534 0
1620 4536 0
1620 4537 0
1620 4550 0
1620 4555 1
1620 4557 0
1620 4560 0
1620 4561 0
1620 6669 0
1620 2709 0
1620 2714 0
1620 8867 0
1620 4795 0
1620 6986 0
1620 7035 0
1620 18323 0
1620 3154 0
1620 3155 0
1620 3158 1
1620 3174 1
1620 5247 0
1620 3336 0
1620 5432 0
1620 5469 0
1620 7526 0
1620 3475 0
1620 4339 0
1620 4551 0
1620 1620 0
1620 1622 0
1620 12577 0
1620 5835 0
1620 1741 0
1620 3801 0
1620 5882 0
1620 16157 0
1620 6792 0
1620 5952 0
1620 5965 0
1620 1943 0
1620 6080 0
1622 1687 0
1622 5828 1
1622 5432 0
1622 3043 0
1622 6005 0
1622 4859 0
1622 1661 0
1653 8881 0
1653 1653 0
1653 1661 0
1653 1751 0
1653 1943 0
1653 2338 0
1653 2361 0
1653 5882 0
1653 2650 0
1653 3336 0
1653 3353 0
1653 3628 0
1653 20166 0
1653 19808 0
1653 4534 0
1653 4536 0
1653 4537 0
1653 4553 0
1653 4560 0
1653 13061 0
1653 5178 0
1653 5516 0
1653 5828 1
1653 5835 0
1653 6065 0
1653 6080 0
1653 6156 0
1653 6160 0
1653 6163 0
1653 6560 0
1653 6977 0
1653 7741 0
1653 16157 0
1653 7986 0
1653 16308 0
1661 5516 0
1661 1687 0
1661 5828 1
1661 2338 0
1661 8881 0
1661 6005 0
1661 4550 0
1661 4551 0
1661 4555 1
1661 4557 0
1661 4560 0
1661 18323 0
1661 1661 0
1687 2069 0
1687 4300 0
1687 6401 0
1687 4822 0
1687 2338 0
1687 2361 0
1687 6560 0
1687 4534 0
1687 4536 0
1687 4550 0
1687 4555 1
1687 4560 0
1687 2709 0
1687 4812 0
1687 4855 0
1687 4859 0
1687 5026 0
1687 3043 0
1687 3142 0
1687 3174 1
1687 3353 0
1687 7455 0
1687 5432 0
1687 5469 0
1687 1687 0
1687 1741 0
1687 1751 0
1687 5882 0
1741 2069 0
1741 8881 0
1741 4300 0
1741 2280 0
1741 2338 0
1741 4550 0
1741 4551 0
1741 4553 0
1741 4555 1
1741 4557 0
1741 2714 0
1741 8867 0
1741 4812 0
1741 4822 0
1741 4859 0
1741 3043 0
1741 3158 1
1741 3174 1
1741 5247 0
1741 3225 0
1741 3353 0
1741 5432 0
1741 5469 0
1741 3461 0
1741 15991 0
1741 1741 0
1741 6560 0
1751 5828 1
1751 1751 0
1751 5432 0
1751 2361 0
1751 5469 0
1751 6560 0
1751 4550 0
1751 4551 0
1751 4553 0
1751 4555 1
1751 4557 0
1751 3043 0
1865 1943 0
1865 4534 0
1865 4536 0
1865 4537 0
1865 1865 0
1865 3174 1
1865 9840 0
1943 6163 0
1943 2069 0
1943 2059 0
1943 6156 0
1943 9840 0
1943 6160 0
1943 6162 0
1943 6165 0
1943 4314 0
1943 6401 0
1943 8454 1
1943 2338 0
1943 2517 1
1943 2583 0
1943 8067 0
1943 2709 0
1943 2714 0
1943 8867 0
1943 4812 0
1943 2997 0
1943 3043 0
1943 5178 0
1943 3142 0
1943 3154 0
1943 3158 1
1943 3168 0
1943 3174 1
1943 5432 0
1943 5469 0
1943 5516 0
1943 3628 0
1943 5788 0
1943 1943 0
1943 6080 0
2059 2059 0
2059 6156 0
2059 5469 0
2059 4300 0
2059 4314 0
2059 4339 0
2059 2361 0
2059 4536 0
2059 4537 0
2059 2668 0
2059 4795 0
2059 13061 0
2059 5247 0
2059 3225 0
2059 3336 0
2059 5432 0
2059 5828 1
2059 5835 0
2059 3801 0
2059 6792 0
2069 6669 0
2069 2069 0
2069 13061 0
2069 16308 0
2069 8881 0
2069 6165 0
2069 2709 0
2069 18060 0
2069 2338 0
2069 6977 0
2069 5516 0
2069 7073 0
2069 6065 0
2069 2997 0
2069 4555 1
2143 2338 1
2143 15991 1
2143 3308 1
2143 6463 1
2143 15509 1
2143 2143 2
2172 5952 1
2172 5965 1
2172 8881 1
2172 3353 1
2172 7455 1
2172 2172 2
2280 6163 0
2280 6165 0
2280 6168 0
2280 3174 1
2280 2709 0
2280 4795 0
2280 2280 0
2280 2361 0
2280 4555 1
2280 8867 0
2338 6160 0
2338 6162 0
2338 6163 0
2338 4300 0
2338 4339 0
2338 3801 0
2338 2338 0
2338 3475 0
2338 4550 0
2338 6669 0
2338 2583 0
2338 2650 0
2338 2668 0
2338 2709 0
2338 2714 0
2338 8867 0
2338 8881 0
2338 4557 0
2338 4822 0
2338 4855 0
2338 6165 0
2338 15509 0
2338 2997 0
2338 3142 0
2338 3154 0
2338 3155 0
2338 3158 1
2338 3167 0
2338 3168 0
2338 3174 1
2338 3181 0
2338 5247 0
2338 3336 0
2338 5432 0
2338 5469 0
2338 3461 0
2338 5835 0
2338 6065 0
2338 8067 0
2361 5469 0
2361 15991 0
2361 3142 0
2361 3225 0
2361 4795 0
2361 6005 0
2361 5965 0
2361 4859 0
2361 17995 0
2361 2361 0
2361 6560 0
2361 14761 1
2361 3522 0
2361 4550 0
2361 4551 0
2361 4553 0
2361 4555 1
2361 4557 0
2361 3043 0
2517 5827 1
2517 6094 1
2517 3475 1
2517 2517 2
2517 5178 1
2517 14978 1
2583 6168 0
2583 3174 1
2583 6401 0
2583 13061 0
2583 19808 0
2583 4553 0
2668 3174 1
2668 2668 0
2668 4795 0
2668 4300 0
2668 5469 0
2668 4555 1
2668 4560 0
2709 6160 0
2709 6165 0
2709 6401 0
2709 6669 0
2709 6792 0
2709 2709 0
2709 2714 0
2709 8881 0
2709 4795 0
2709 4855 0
2709 4859 0
2709 13061 0
2709 6977 0
2709 6986 0
2709 2949 0
2709 5026 0
2709 3158 1
2709 3174 1
2709 5247 0
2709 5432 0
2709 3461 0
2709 5620 0
2709 3628 0
2709 16308 0
2709 7741 0
2709 5835 0
2709 5836 0
2709 3801 0
2709 5882 0
2709 16157 0
2709 7986 0
2709 5965 0
2709 3929 0
2709 18323 0
2709 8519 0
2714 2714 0
2714 6165 0
2714 6162 0
2714 4534 0
2714 4536 0
2714 4537 0
2714 8867 0
2714 6160 0
2714 8881 0
2714 15509 0
2714 2956 1
2714 5026 0
2714 2997 0
2714 3174 1
2714 5432 0
2714 5620 0
2714 3628 0
2714 16308 0
2714 7741 0
2714 15991 0
2714 5828 1
2714 3929 0
2714 6065 0
2841 2950 1
2841 2956 1
2949 8454 1
2949 2950 1
2949 6792 0
2950 8454 2
2950 9034 1
2950 16142 1
2950 2950 2
2956 14978 1
2956 2956 2
2956 11294 1
2956 3522 1
2956 4553 1
2956 6861 1
2956 19427 1
2956 4822 1
2956 3308 1
2997 6160 0
2997 6162 0
2997 6163 0
2997 6165 0
2997 6669 0
2997 6977 0
2997 3142 0
2997 3155 0
2997 3158 1
2997 3168 0
2997 3174 1
2997 3336 0
2997 3628 0
2997 2997 0
2997 5952 0
2997 8067 0
2997 6065 0
3043 6560 0
3043 4550 0
3043 4551 0
3043 4555 1
3043 4557 0
3043 8867 0
3043 8881 0
3043 4822 0
3043 4859 0
3043 3043 0
3043 3142 0
3043 3168 0
3043 3353 0
3043 7455 0
3043 3461 0
3043 5516 0
3043 5828 1
3043 5882 0
3043 5432 0
3043 6005 0
3142 3142 0
3142 3158 1
3142 3174 1
3142 8881 0
3142 18631 0
3142 4855 0
3142 4859 0
3142 13061 0
3142 6792 0
3142 6065 0
3142 16308 0
3154 13061 0
3154 18631 0
3154 5026 0
3154 8881 0
3154 16308 0
3154 7741 0
3154 3167 0
3154 3168 0
3154 3174 1
3154 13300 0
3154 4859 0
3154 5247 0
3155 13061 0
3155 6977 0
3155 5026 0
3155 8881 0
3155 7741 0
3155 3168 0
3155 18631 0
3155 3162 0
3155 7986 0
3155 3167 0
3155 3174 1
3155 13300 0
3155 5247 0
3158 7741 1
3158 3162 1
3158 3167 1
3158 3168 1
3158 4795 1
3158 3174 2
3158 3181 1
3158 21354 1
3158 18049 1
3158 6792 1
3158 8867 1
3158 7355 1
3158 18631 1
3158 4314 1
3158 16157 1
3158 4396 1
3158 7986 1
3158 6968 1
3158 13628 1
3158 6977 1
3158 3929 1
3158 7560 1
3158 18323 1
3158 8090 1
3158 6065 1
3158 4536 1
3158 4537 1
3158 4550 1
3158 4551 1
3158 4553 1
3158 4555 2
3158 4557 1
3158 4560 1
3158 4561 1
3158 13300 1
3162 5026 0
3162 8881 0
3162 15309 0
3162 5247 0
3167 6168 0
3167 3174 1
3167 13300 0
3168 7741 0
3168 5247 0
3168 8881 0
3168 13061 0
3168 5432 0
3168 5026 0
3168 15309 0
3168 13300 0
3174 6669 1
3174 6160 1
3174 6162 1
3174 6163 1
3174 6165 1
3174 7741 1
3174 17995 1
3174 7355 1
3174 3174 2
3174 5247 1
3174 18049 1
3174 6792 1
3174 18060 1
3174 8867 1
3174 4795 1
3174 5827 1
3174 5836 1
3174 4314 1
3174 13061 1
3174 16157 1
3174 4396 1
3174 7982 1
3174 7986 1
3174 5432 1
3174 13628 1
3174 6968 1
3174 3929 1
3174 21354 1
3174 4460 1
3174 6977 1
3174 7560 1
3174 8090 1
3174 5026 1
3174 6065 1
3174 16308 1
3174 4534 1
3174 4536 1
3174 4537 1
3174 15309 1
3174 13300 1
3181 6163 0
3181 11294 0
3181 16308 0
3225 5247 0
3225 6080 0
3225 3225 0
3225 8867 0
3225 4795 0
3225 4300 0
3225 4557 0
3225 4561 0
3225 4339 0
3225 6401 0
3225 3336 0
3225 3353 0
3225 6792 0
3225 4536 0
3225 4550 0
3225 4551 0
3225 4553 0
3225 4555 1
3225 4534 0
3308 3308 0
3308 6463 0
3336 6156 0
3336 13061 0
3336 5247 0
3336 5828 1
3336 6792 0
3336 4339 0
3336 3336 0
3336 7986 0
3336 5469 0
3336 5026 0
3336 4536 0
3336 4551 0
3353 6560 0
3353 4550 0
3353 4551 0
3353 4555 1
3353 4557 0
3353 8881 0
3353 3353 0
3353 5432 0
3353 5516 0
3416 6080 0
3416 4550 0
3416 4551 0
3416 4553 0
3416 4555 1
3416 4557 0
3416 21518 1
3461 6162 0
3461 6163 0
3461 7013 0
3461 8867 0
3461 4795 0
3461 5882 0
3461 8090 0
3461 16157 0
3461 7560 0
3461 3461 0
3461 4550 0
3461 4551 0
3461 4555 1
3461 4557 0
3461 4560 0
3475 6165 0
3475 4339 0
3475 4536 0
3475 4537 0
3475 4534 0
3475 4300 0
3475 5469 0
3475 3475 0
3475 5247 0
3522 3522 0
3628 3628 0
3628 6080 0
3628 5835 0
3628 7013 0
3628 4460 0
3628 7035 0
3628 6065 0
3628 4555 1
3801 4300 0
3801 7560 0
3801 4339 0
3801 5432 0
3801 4551 0
3929 6162 0
3929 6163 0
3929 6165 0
3929 3929 0
3929 5469 0
3929 4460 0
3929 4551 0
3929 8867 0
4300 6163 0
4300 5469 0
4300 6080 0
4300 5835 0
4300 4300 0
4300 4822 0
4300 4339 0
4300 5247 0
4300 4555 1
4314 4314 0
4314 5469 0
4325 4550 0
4325 4551 0
4325 4553 0
4325 4555 1
4325 4557 0
4325 4325 0
4325 8443 1
4325 4859 0
4339 5469 0
4339 5247 0
4339 8881 0
4339 4795 0
4339 4534 0
4396 6163 0
4396 6165 0
4396 4396 0
4396 16308 0
4460 6792 0
4460 6669 0
4460 6162 0
4460 7986 0
4460 4555 1
4460 5620 0
4534 6163 0
4534 6165 0
4534 4537 0
4534 4534 0
4534 4795 0
4534 4812 0
4534 4859 0
4534 7073 0
4534 5026 0
4534 5965 0
4534 13061 0
4534 5178 0
4534 5247 0
4534 5432 0
4534 5469 0
4534 18323 0
4534 6080 0
4534 6094 0
4536 6160 0
4536 6163 0
4536 6165 0
4536 5178 0
4536 5247 0
4536 8881 0
4536 4795 0
4536 5835 0
4536 5432 0
4536 5469 0
4536 4551 0
4536 4536 0
4536 4550 0
4536 5026 0
4537 6165 0
4537 5178 0
4537 4795 0
4537 6792 0
4537 5469 0
4537 7560 0
4537 4537 0
4537 4550 0
4537 4551 0
4537 5026 0
4550 8202 0
4550 6168 0
4550 4812 0
4550 6560 0
4550 4550 0
4550 4551 0
4550 4553 0
4550 4555 1
4550 4560 0
4550 4561 0
4550 6669 0
4550 4795 0
4550 4822 0
4550 4859 0
4550 5247 0
4550 5432 0
4550 5835 0
4551 8202 0
4551 6168 0
4551 6401 0
4551 4553 0
4551 4555 1
4551 4560 0
4551 4561 0
4551 6669 0
4551 4551 0
4551 4795 0
4551 5432 0
4553 6401 0
4553 6669 0
4553 6165 0
4553 6168 0
4553 8881 0
4553 4812 0
4553 5247 0
4553 5620 0
4553 4553 0
4553 4555 1
4553 4557 0
4555 6669 1
4555 6160 1
4555 6168 1
4555 6165 1
4555 4795 1
4555 7455 1
4555 20166 1
4555 4812 1
4555 5835 1
4555 4822 1
4555 7035 1
4555 4855 1
4555 5247 1
4555 5432 1
4555 7013 1
4555 7577 1
4555 6080 1
4555 4555 2
4555 4557 1
4555 4560 1
4555 4561 1
4555 5882 1
4555 6560 1
4555 5620 1
4557 6168 0
4557 8881 0
4557 6669 0
4557 20166 0
4557 4822 0
4557 5882 0
4557 5247 0
4557 7577 0
4557 4557 0
4557 4560 0
4557 4561 0
4560 6160 0
4560 6162 0
4560 6165 0
4560 4795 0
4560 7073 0
4560 4560 0
4560 4561 0
4560 5620 0
4561 6160 0
4561 8881 0
4561 4795 0
4561 5828 1
4561 5965 0
4561 4561 0
4795 6162 0
4795 6160 0
4795 6163 0
4795 6165 0
4795 8867 0
4795 8881 0
4795 4795 0
4795 4822 0
4795 5469 0
4795 7073 0
4812 15991 0
4812 4812 0
4812 7455 0
4812 5432 0
4812 5469 0
4812 6560 0
4822 4822 0
4822 6401 0
4822 5432 0
4855 6792 0
4855 4855 0
4855 4859 0
4855 15309 0
4855 5432 0
4855 5828 1
4855 7982 0
4859 6560 0
4859 14761 1
4859 6792 0
4859 4859 0
4859 7982 0
4859 5432 0
4859 5620 0
4859 17995 0
4859 5828 1
4859 6065 0
5026 20166 0
5026 6792 0
5026 8867 0
5026 5469 0
5026 18323 0
5142 19808 1
5178 6401 0
5178 5469 0
5178 6080 0
5178 5178 0
5247 8881 0
5247 6165 0
5247 7982 0
5247 5432 0
5247 5469 0
5247 7526 0
5432 5432 0
5432 5469 0
5432 5828 1
5432 6005 0
5469 6156 0
5469 6162 0
5469 6163 0
5469 6160 0
5469 8881 0
5469 13061 0
5469 5469 0
5469 5835 0
5469 6080 0
5469 6792 0
5516 5828 1
5516 9840 0
5620 6162 0
5620 6792 0
5620 8881 0
5620 5828 1
5620 5835 0
5620 7560 0
5620 5882 0
5620 6986 0
5620 19808 0
5620 5620 0
5788 6165 0
5788 15509 0
5788 5788 0
5788 5827 0
5788 15991 0
5788 6401 0
5788 8454 1
5788 5952 0
5788 9028 0
5827 5827 0
5828 6168 1
5828 6792 1
5828 8867 1
5828 5828 2
5828 5835 1
5828 5836 1
5828 5882 1
5828 19581 1
5828 7982 1
5828 6977 1
5828 6968 1
5828 7013 1
5828 7544 1
5828 6986 1
5835 6792 0
5835 5836 0
5835 6005 0
5835 5835 0
5835 5882 0
5835 6968 0
5835 6986 0
5835 7013 0
5835 7035 0
5835 6080 0
5836 5836 0
5836 5882 0
5836 6968 0
5836 6986 0
5882 6156 0
5882 6162 0
5882 6168 0
5882 8881 0
5882 6792 0
5882 6968 0
5882 7013 0
5882 7035 0
5882 7073 0
5882 6986 0
5882 5882 0
5882 7982 0
5882 5965 0
5882 6005 0
5952 6162 0
5952 7741 0
5952 8867 0
5952 18060 0
5952 18323 0
5965 6165 0
5965 8881 0
5965 8454 1
5965 7986 0
5965 8067 0
5965 17995 0
6005 7013 0
6005 6005 0
6005 6560 0
6005 16308 0
6065 6160 0
6065 6162 0
6065 6165 0
6065 8067 0
6065 6065 0
6065 6080 0
6080 6165 0
6080 16308 0
6080 6080 0
6080 7013 0
6080 7035 0
6094 21518 1
6094 9840 0
6094 8881 0
6094 6977 0
6094 6094 0
6156 6156 0
6156 16157 0
6156 7986 0
6160 6162 0
6160 6163 0
6160 6165 0
6160 6168 0
6160 6160 0
6160 8867 0
6160 13628 0
6160 7741 0
6162 6162 0
6162 6163 0
6162 6165 0
6162 16308 0
6162 8867 0
6162 13061 0
6162 7526 0
6162 18049 0
6162 18060 0
6162 7986 0
6163 6163 0
6163 6165 0
6163 6168 0
6163 8867 0
6163 8881 0
6163 13061 0
6163 18060 0
6165 8881 0
6165 6165 0
6165 6792 0
6165 16308 0
6165 8067 0
6165 8867 0
6168 8867 0
6401 11294 0
6401 16157 0
6401 6401 0
6401 8519 0
6401 13628 0
6401 19808 0
6463 6463 0
6560 8867 0
6560 6792 0
6560 6560 0
6669 7544 0
6792 6792 0
6792 7982 0
6792 6986 0
6792 7013 0
6861 16157 0
6968 6968 0
6968 6986 0
6968 7013 0
6968 7035 0
6977 6977 0
6977 15509 0
6986 6986 0
6986 7013 0
6986 7035 0
6986 7073 0
7013 7355 0
7013 7013 0
7013 7035 0
7013 7073 0
7035 7073 0
7073 7073 0
7073 7355 0
7355 7355 0
7455 8881 0
7455 7455 0
7455 19808 0
7544 7544 0
7560 16308 0
7741 7982 0
7982 13061 0
7982 7986 0
8067 8867 0
8067 19808 0
8067 8067 0
8202 8202 0
8202 14978 0
8202 16142 0
8202 15309 0
8443 12577 1
8454 9034 1
8454 16142 1
8519 15991 0
8519 15509 0
8867 8867 0
8867 13061 0
8867 16308 0
8881 8881 0
9034 16142 0
9840 9840 0
11294 11294 0
11294 14978 0
11294 19427 0
12577 12577 0
13061 13061 0
13061 16308 0
13300 19808 0
13300 18631 0
14761 18060 1
14978 18049 0
14978 14978 0
14978 16142 0
14978 19427 0
15309 21518 1
15309 18631 0
15509 16308 0
15509 18060 0
15991 15991 0
16157 16157 0
16308 16308 0
17995 21518 1
17995 18631 0
18049 18049 0
18049 19427 0
18060 18060 0
20166 20166 0
