4096 4096 0
4096 5761 1
4096 5863 0
4096 4524 0
4096 5453 1
4096 3963 0
4096 1373 1
2048 2048 0
2048 6165 0
2048 4110 0
2048 8372 0
2048 4301 1
2048 6359 0
2048 6401 0
2048 2338 0
2048 8500 0
2048 6484 0
2048 8578 0
2048 389 0
2048 4547 0
2048 2604 0
2048 6739 0
2048 6741 0
2048 2712 0
2048 2718 0
2048 8867 0
2048 8881 0
2048 4859 0
2048 4956 0
2048 861 0
2048 2997 0
2048 13328 0
2048 13355 0
2048 5207 0
2048 3232 0
2048 13512 1
2048 5399 0
2048 3426 0
2048 19879 0
2048 1591 0
2048 1741 0
2048 5981 0
2048 5982 0
2048 5994 0
2048 18292 0
2048 3986 0
2048 6065 0
2048 6067 0
2048 6068 0
13314 8707 0
13314 6067 0
13314 18112 1
13314 15430 0
13314 5453 1
13314 5412 0
8707 1653 0
8707 4727 1
8707 17066 0
8707 1218 0
8707 8467 0
8707 5412 0
8707 5422 0
8707 8707 0
8707 735 0
8707 20227 0
8707 8066 0
8707 3469 0
8707 5453 1
8707 3561 0
8707 10745 0
12886 3469 1
12886 16164 1
12886 7723 1
12886 14286 1
12886 12886 2
12886 13411 1
12886 10106 1
12886 11775 1
3078 3073 0
3078 3078 0
3078 3081 1
3078 6580 1
3073 3073 0
3073 3081 1
3073 4524 0
3073 5180 0
3073 6846 1
3081 3232 1
3081 8356 1
3081 9167 1
3081 6160 1
3081 6580 2
3081 4534 1
3081 988 1
5130 18005 1
5130 8375 1
5130 389 0
5130 453 0
11 12971 0
11 15247 1
11 3986 0
11 8467 0
11 6165 0
11 4760 0
11 2718 0
11 6065 0
11 2997 0
11 16955 0
11 2755 0
11 1349 1
11 2124 0
11 13355 0
11 861 0
11 5982 0
11 13328 0
11 360 1
11 3561 0
6156 6156 0
6156 8623 0
6156 4150 1
6156 4664 0
6156 1620 0
6156 1653 0
6156 16530 0
6156 2718 0
6156 3844 0
6156 12147 0
6156 16249 0
6156 8066 0
6156 15247 1
6156 17375 0
3597 8375 1
3597 568 0
3597 20178 1
3597 6741 0
4110 4110 0
4110 4131 1
4110 4132 1
4110 1714 0
4110 6359 0
4110 4349 0
4110 287 0
4110 8500 0
4110 338 0
4110 4550 0
4110 4622 0
4110 2604 0
4110 6741 0
4110 2712 0
4110 679 0
4110 6846 1
4110 864 0
4110 4968 0
4110 4974 0
4110 4982 0
4110 5004 0
4110 7111 0
4110 5207 0
4110 5307 1
4110 5389 0
4110 3468 0
4110 3469 0
4110 13710 0
4110 19879 0
4110 7690 0
4110 5657 0
4110 1591 0
4110 1620 0
4110 1653 0
4110 6429 0
4110 2718 0
4110 5949 0
4110 5981 0
4110 5999 0
4110 6067 0
4110 6068 0
685 13355 0
685 13061 0
685 6739 0
685 1620 0
685 1653 0
685 14999 0
685 2718 0
685 1712 0
685 1221 0
685 1223 0
685 13512 1
685 18227 0
685 1349 1
685 4956 0
685 3986 0
685 5529 0
685 18332 0
685 8112 0
685 6068 0
685 4534 0
685 4551 0
685 20434 0
685 1022 0
6160 6163 0
6160 6165 0
6160 6160 0
6160 4301 1
6160 6359 0
6160 287 0
6160 2338 0
6160 338 0
6160 6529 1
6160 4547 0
6160 4555 0
6160 6739 0
6160 2718 0
6160 8867 0
6160 679 0
6160 693 0
6160 2831 0
6160 1221 0
6160 5389 0
6160 3426 0
6160 7741 0
6160 2997 0
6160 1620 0
6160 1653 0
6160 1668 0
6160 5981 0
6160 3986 0
6160 2714 0
6160 6065 0
6160 6068 0
6163 6163 0
6163 6165 0
6163 4300 0
6163 6359 0
6163 6403 0
6163 287 0
6163 2338 0
6163 8500 0
6163 338 0
6163 6484 0
6163 4534 0
6163 4547 0
6163 6739 0
6163 6741 0
6163 659 0
6163 2712 0
6163 8867 0
6163 8881 0
6163 690 0
6163 13061 0
6163 2831 0
6163 4968 0
6163 4980 0
6163 7105 0
6163 3050 0
6163 1022 0
6163 861 0
6163 1170 0
6163 4974 0
6163 5466 0
6163 3426 0
6163 7535 0
6163 11634 0
6163 15867 0
6163 1591 0
6163 2997 0
6163 5723 0
6163 1653 0
6163 5761 1
6163 1668 0
6163 18060 0
6163 5949 0
6163 5981 0
6163 3986 0
6163 18332 0
6163 8112 0
6163 6067 0
6163 6068 0
6163 4091 1
6165 8881 0
6165 16164 0
6165 2124 0
6165 8372 0
6165 6359 0
6165 6165 0
6165 8467 0
6165 287 0
6165 2338 0
6165 364 0
6165 4524 0
6165 4534 0
6165 4547 0
6165 4555 0
6165 19879 0
6165 2604 0
6165 12877 0
6165 6739 0
6165 6741 0
6165 659 0
6165 2712 0
6165 2714 0
6165 2718 0
6165 690 0
6165 2755 0
6165 2831 0
6165 861 0
6165 13328 0
6165 5004 0
6165 2997 0
6165 1022 0
6165 5239 0
6165 5247 0
6165 3232 0
6165 13512 1
6165 5422 0
6165 5453 1
6165 5466 0
6165 3426 0
6165 7535 0
6165 7064 0
6165 5529 0
6165 3561 0
6165 1591 0
6165 1620 0
6165 7774 0
6165 5761 1
6165 1668 0
6165 5788 0
6165 1712 0
6165 5863 0
6165 5949 0
6165 5981 0
6165 5982 0
6165 3986 0
6165 18332 0
6165 8112 0
6165 6065 0
6165 6067 0
6165 6068 0
6165 8867 0
8216 13411 1
8216 1582 1
8216 18227 1
8216 17375 1
5657 4622 0
5657 5657 0
5657 5180 0
5657 4669 0
5657 8261 1
5657 5207 0
5657 2712 0
5657 1221 0
5657 1223 0
5657 1249 0
5657 4859 0
5657 5372 0
5657 5400 0
5657 5399 0
5657 5994 0
5657 4463 0
5657 2956 1
5657 3986 0
5657 4547 0
12976 20227 1
12976 11109 1
12976 1224 1
12976 3561 1
12976 4756 1
12976 1653 1
12976 5788 1
1370 1668 1
1370 3468 1
1370 3469 1
1370 3986 1
1370 18323 1
1370 287 1
1370 18060 1
1370 20132 1
1370 4524 1
1370 306 1
1370 2272 1
1370 11447 1
1370 6741 1
1370 1370 2
1370 5723 1
1370 988 1
1370 864 1
1370 4463 1
1370 19212 1
1370 16249 1
1370 4091 2
11294 6401 0
11294 3469 0
11294 4669 0
11294 2956 1
11294 9125 1
11294 17375 0
11294 11294 0
11294 15430 0
11294 5372 0
11294 8071 0
13061 1712 0
13061 13328 0
13061 8500 0
13061 18292 0
13061 8623 0
13061 4530 0
13061 4534 0
13061 4547 0
13061 8661 0
13061 659 0
13061 4760 0
13061 8867 0
13061 4779 0
13061 6843 0
13061 2755 0
13061 4815 0
13061 4956 0
13061 4968 0
13061 5004 0
13061 15247 1
13061 7064 0
13061 1022 0
13061 13061 0
13061 5207 0
13061 17541 0
13061 3232 0
13061 1197 0
13061 1349 1
13061 3400 0
13061 3426 0
13061 13710 0
13061 5529 0
13061 19879 0
13061 17896 0
13061 7690 0
13061 1591 0
13061 1629 0
13061 1653 0
13061 1668 0
13061 1736 0
13061 5981 0
13061 5982 0
13061 8066 0
13061 8112 0
13061 6068 0
688 388 0
688 4524 0
688 7690 0
688 3986 0
688 5422 0
688 3628 0
688 13533 0
688 690 0
688 7242 0
688 4550 0
688 4551 0
688 4091 1
688 360 1
688 5994 0
34 3986 0
34 34 0
34 2727 0
34 1221 0
34 13512 1
34 7242 0
34 8375 1
34 589 0
34 5453 1
34 3043 0
34 5723 0
34 3422 0
34 1891 0
34 3561 0
4131 8112 1
4131 4482 1
4131 4132 2
4131 5766 1
4131 16359 1
4131 5999 1
4131 3248 1
4131 13646 1
4131 2798 1
4131 4664 1
4131 11343 1
4131 3422 1
4132 4482 1
4132 4132 2
4132 8423 1
4132 1224 1
4132 3561 1
4132 16359 1
4132 1714 1
4132 2798 1
4132 5999 1
4132 8112 1
4132 8467 1
4132 2962 1
4132 2771 1
4132 13646 1
4132 4664 1
4132 11343 1
8881 8881 0
8881 4349 0
8881 14605 0
8881 8467 0
8881 2338 0
8881 8500 0
8881 6484 0
8881 360 1
8881 4547 0
8881 2604 0
8881 6739 0
8881 6741 0
8881 2712 0
8881 2714 0
8881 2718 0
8881 2755 0
8881 6843 0
8881 861 0
8881 4974 0
8881 4975 0
8881 4980 0
8881 4982 0
8881 4989 0
8881 5004 0
8881 15247 1
8881 7111 0
8881 3043 0
8881 3050 0
8881 1022 0
8881 5207 0
8881 5247 0
8881 17541 0
8881 1197 0
8881 1221 0
8881 7409 1
8881 5399 0
8881 5400 0
8881 5466 0
8881 13710 0
8881 19879 0
8881 3561 0
8881 15867 0
8881 1591 0
8881 1629 0
8881 1653 0
8881 1712 0
8881 287 0
8881 1736 0
8881 1741 0
8881 5949 0
8881 5981 0
8881 5982 0
8881 5994 0
8881 3986 0
8881 18332 0
8881 6068 0
1576 1576 0
1576 1620 0
1576 5247 0
1576 4300 0
1576 2338 0
1576 1741 0
1576 7409 1
1576 1349 1
1576 3986 0
1576 8623 0
1576 4534 0
13355 2174 0
13355 1736 0
13355 8467 0
13355 287 0
13355 360 1
13355 4463 0
13355 8578 0
13355 388 0
13355 389 0
13355 6536 0
13355 659 0
13355 6843 0
13355 4804 0
13355 4968 0
13355 4975 0
13355 4980 0
13355 4982 0
13355 5004 0
13355 15247 1
13355 7064 0
13355 3050 0
13355 1022 0
13355 5207 0
13355 17541 0
13355 1221 0
13355 1223 0
13355 5466 0
13355 4547 0
13355 13710 0
13355 5529 0
13355 19879 0
13355 3561 0
13355 15867 0
13355 7690 0
13355 3628 0
13355 1653 0
13355 20132 0
13355 1891 0
13355 8066 0
13355 8112 0
13355 6067 0
13355 6068 0
3628 7690 0
3628 13287 0
3628 3628 0
3628 7726 0
3628 5723 0
3628 1653 0
3628 2714 0
3628 2727 0
3628 8375 1
3628 16530 0
3628 821 0
3628 861 0
3628 3426 0
3628 1891 0
3628 360 1
3628 388 0
3628 4524 0
3628 6065 0
3628 6067 0
3628 2997 0
3628 7242 0
3628 4555 0
3628 4091 1
434 9154 1
434 3043 1
434 17896 1
434 8689 1
434 1620 1
434 4669 1
1582 3248 0
1582 20187 1
1373 5761 2
1373 7163 1
1373 5969 1
1373 4431 1
1373 568 1
1373 1373 2
1373 3963 1
1373 5863 1
1373 4859 1
3050 6145 0
3050 7726 0
3050 1591 0
3050 2124 0
3050 6739 0
3050 6741 0
3050 13328 0
3050 18029 0
3050 6779 0
3050 18332 0
3050 4760 0
3050 1197 0
3050 6429 0
3050 1712 0
3050 2755 0
3050 1741 0
3050 4815 0
3050 2771 0
3050 16762 0
3050 7409 1
3050 1349 1
3050 3400 0
3050 6484 0
3050 5982 0
3050 3426 0
3050 16955 0
3050 4968 0
3050 4974 0
3050 4980 0
3050 3986 0
3050 9128 0
3050 4550 0
3050 4551 0
3050 7624 0
3050 3050 0
3050 4091 1
5982 6145 0
5982 13328 0
5982 5981 0
5982 16955 0
5982 2124 0
5982 1891 0
5982 6741 0
5982 2174 0
5982 139 0
5982 4760 0
5982 2718 0
5982 1712 0
5982 2755 0
5982 1221 0
5982 1223 0
5982 3844 0
5982 6429 0
5982 2338 0
5982 861 0
5982 5982 0
5982 360 1
5982 5994 0
5982 5999 0
5982 6526 0
5982 8066 0
5982 388 0
5982 15247 1
5982 3986 0
5982 8112 0
5982 4551 0
5982 7624 0
5982 6739 0
4150 3468 1
4150 4622 1
4150 8467 1
4150 13342 1
4150 17066 1
4150 4779 1
4150 4150 2
4150 5180 1
4150 18113 1
4150 20434 1
4150 3426 1
4150 3561 1
4150 5994 1
4150 12147 1
4150 20729 1
4150 1022 1
1591 1736 0
1591 4301 1
1591 6359 0
1591 8467 0
1591 2338 0
1591 8500 0
1591 338 0
1591 6484 0
1591 16762 0
1591 4482 0
1591 4534 0
1591 7242 0
1591 2604 0
1591 6739 0
1591 6741 0
1591 14983 0
1591 659 0
1591 2712 0
1591 2714 0
1591 2718 0
1591 8867 0
1591 2727 0
1591 735 0
1591 6910 0
1591 17541 0
1591 821 0
1591 4956 0
1591 861 0
1591 4968 0
1591 4974 0
1591 4975 0
1591 4980 0
1591 4982 0
1591 4989 0
1591 5004 0
1591 988 0
1591 1170 0
1591 1197 0
1591 5389 0
1591 1349 1
1591 3426 0
1591 2962 0
1591 13710 0
1591 5529 0
1591 5981 0
1591 19879 0
1591 3561 0
1591 1591 0
1591 7741 0
1591 2997 0
1591 1620 0
1591 18029 0
1591 1653 0
1591 5788 0
1591 1712 0
1591 5949 0
1591 18292 0
1591 3986 0
1591 18332 0
1591 6065 0
1591 6067 0
568 6068 0
568 7741 0
568 6739 0
568 18005 1
568 3248 0
568 19212 0
568 5432 0
568 568 0
568 5981 0
568 389 0
568 13710 0
568 3986 0
568 18332 0
568 453 0
568 9681 0
6068 8375 1
6068 4301 1
6068 1741 0
6068 4349 0
6068 6401 0
6068 2338 0
6068 313 0
6068 338 0
6068 6484 0
6068 389 0
6068 6536 0
6068 453 0
6068 4550 0
6068 2604 0
6068 6739 0
6068 6741 0
6068 6779 0
6068 4547 0
6068 2712 0
6068 2714 0
6068 2718 0
6068 8867 0
6068 2727 0
6068 4551 0
6068 861 0
6068 4974 0
6068 7064 0
6068 2997 0
6068 13287 0
6068 1022 0
6068 15430 0
6068 4622 0
6068 1224 0
6068 18181 0
6068 20227 0
6068 17956 1
6068 7379 0
6068 3422 0
6068 3426 0
6068 13710 0
6068 19879 0
6068 9681 0
6068 8112 0
6068 7726 0
6068 7741 0
6068 18005 1
6068 5724 0
6068 1653 0
6068 1668 0
6068 5981 0
6068 14999 0
6068 3986 0
6068 18332 0
6068 6065 0
6068 6067 0
6068 6068 0
6068 20434 0
14394 2755 0
14394 1712 0
14394 1349 1
14394 4815 0
14394 20227 0
14394 7409 1
16955 6145 0
16955 6429 0
16955 1712 0
16955 693 0
16955 16955 0
16955 2755 0
16955 1349 1
16955 3400 0
16955 2124 0
16955 3469 0
16955 13328 0
16955 7624 0
16955 7409 1
5180 13328 0
5180 5981 0
5180 6429 0
5180 5180 0
5180 1653 0
5180 4727 1
5180 4223 0
5180 14983 0
5180 1712 0
5180 7624 0
5180 2755 0
5180 4815 0
5180 7409 1
5180 6403 0
5180 16164 0
5180 1349 1
5180 3400 0
5180 16762 0
5180 8066 0
5180 3468 0
5180 3469 0
5180 4760 0
5180 6065 0
5180 2997 0
5180 4664 0
5180 15867 0
12349 1170 0
12349 2338 0
12349 1714 0
12349 13512 1
12349 4301 1
12349 6739 0
12349 5247 0
5969 5761 1
693 4622 0
693 7726 0
693 11343 0
693 6739 0
693 1653 0
693 1668 0
693 16530 0
693 2712 0
693 8375 1
693 1221 0
693 13512 1
693 8467 0
693 3422 0
693 338 0
693 4956 0
693 3426 0
693 4482 0
693 3986 0
693 18332 0
693 8112 0
693 6065 0
693 2997 0
2624 3844 0
2624 13512 1
2624 20187 1
12866 4727 1
12866 12971 0
12866 287 0
12866 16164 0
12866 306 0
12866 5453 1
12866 5994 0
12866 19879 0
20662 3468 0
20662 3469 0
20662 8467 0
20662 2338 0
20662 306 0
20662 19212 0
20662 13512 1
20662 11447 0
20662 2272 0
20662 360 1
20662 6846 1
20662 5239 0
15430 4727 1
15430 4223 0
15430 679 0
15430 1224 0
15430 2272 0
15430 20729 0
15430 6403 0
15430 6429 0
15430 16164 0
15430 306 0
15430 6529 1
15430 6536 0
15430 9167 0
15430 2727 0
17992 7111 0
17992 7726 0
17992 287 0
17992 3232 0
17992 13512 1
17992 5453 1
17992 2771 0
17992 6843 0
17992 5412 0
17992 4084 0
7242 388 0
7242 3986 0
7242 1891 0
7242 360 1
7242 4091 1
7242 8375 1
11447 4622 0
11447 6739 0
11447 1620 0
11447 11447 0
11447 4301 1
11447 3043 0
11447 4669 0
11447 17375 0
2124 6145 0
2124 7726 0
2124 2124 0
2124 2174 0
2124 16527 0
2124 4760 0
2124 2714 0
2124 1712 0
2124 6843 0
2124 2755 0
2124 4815 0
2124 18227 0
2124 1349 1
2124 3400 0
2124 6484 0
2124 861 0
2124 360 1
2124 3986 0
2124 5529 0
2124 18332 0
2124 4555 0
12877 388 0
12877 13533 0
12877 7690 0
12877 3986 0
12877 3759 0
12877 690 0
12877 6067 0
12877 7746 0
12877 360 1
12877 1653 0
12877 4091 1
11343 2604 0
11343 5207 0
11343 1629 0
11343 4968 0
11343 659 0
11343 2712 0
11343 2714 0
11343 2718 0
11343 1712 0
11343 8372 0
11343 2755 0
11343 20178 1
11343 5399 0
11343 8500 0
11343 1349 1
11343 4974 0
11343 4989 0
11343 4760 0
11343 8623 0
11343 1022 0
6739 13710 0
6739 20132 0
6739 8375 1
6739 4300 0
6739 4301 1
6739 6359 0
6739 8578 0
6739 8467 0
6739 2338 0
6739 8500 0
6739 6484 0
6739 4463 0
6739 6526 0
6739 4482 0
6739 4524 0
6739 8623 0
6739 4530 0
6739 4547 0
6739 5949 0
6739 19879 0
6739 2604 0
6739 6739 0
6739 6741 0
6739 659 0
6739 2712 0
6739 2714 0
6739 2718 0
6739 8867 0
6739 682 0
6739 6843 0
6739 2755 0
6739 4815 0
6739 18029 0
6739 17541 0
6739 4968 0
6739 4974 0
6739 4975 0
6739 4980 0
6739 4982 0
6739 5004 0
6739 15247 1
6739 7111 0
6739 988 0
6739 1022 0
6739 13328 0
6739 3232 0
6739 5372 0
6739 5400 0
6739 1349 1
6739 3400 0
6739 5466 0
6739 5529 0
6739 1474 0
6739 17896 0
6739 3561 0
6739 15867 0
6739 1653 0
6739 5399 0
6739 1712 0
6739 287 0
6739 1736 0
6739 9164 0
6739 1741 0
6739 12971 0
6739 20178 1
6739 1823 0
6739 5981 0
6739 18292 0
6739 14201 0
6739 8066 0
6739 4760 0
6739 3986 0
6739 8112 0
6739 16331 0
6739 17066 0
1620 4189 0
1620 139 0
1620 16530 0
1620 8375 1
1620 4300 0
1620 4301 1
1620 6359 0
1620 4815 0
1620 4349 0
1620 388 0
1620 287 0
1620 2338 0
1620 338 0
1620 360 1
1620 4524 0
1620 4530 0
1620 4534 0
1620 453 0
1620 4550 0
1620 4555 0
1620 2604 0
1620 6779 0
1620 4547 0
1620 2712 0
1620 2714 0
1620 2718 0
1620 8867 0
1620 679 0
1620 682 0
1620 2755 0
1620 4804 0
1620 2831 0
1620 4956 0
1620 864 0
1620 5949 0
1620 18323 0
1620 20178 1
1620 2962 0
1620 5247 0
1620 1170 0
1620 1197 0
1620 3248 0
1620 1221 0
1620 7379 0
1620 18005 1
1620 13533 0
1620 1249 0
1620 5389 0
1620 5399 0
1620 5432 0
1620 3400 0
1620 15247 1
1620 4551 0
1620 17896 0
1620 1620 0
1620 7105 0
1620 20132 0
1620 1712 0
1620 1714 0
1620 1720 0
1620 1736 0
1620 1741 0
1620 3844 0
1620 18181 0
1620 1823 0
1620 988 0
1620 313 0
1620 5981 0
1620 18292 0
1620 8066 0
1620 3986 0
1620 18332 0
1620 1349 1
1620 8112 0
1620 17066 0
4622 7741 0
4622 8261 1
4622 4622 0
4622 2712 0
4622 18332 0
4622 20227 0
4622 735 0
4622 2272 0
4622 4349 0
4622 7726 0
4622 287 0
4622 14983 0
4622 306 0
4622 5949 0
4622 5981 0
4622 3422 0
4622 12147 0
4622 14201 0
4622 6536 0
4622 3986 0
4622 7064 0
4622 8112 0
4622 2997 0
4622 3043 0
4622 6741 0
15941 3986 0
15941 15941 0
15941 8261 1
15941 4550 0
15941 13512 1
15941 1653 0
15941 15867 0
5207 861 0
5207 7774 0
5207 5207 0
5207 8467 0
5207 1653 0
5207 5399 0
5207 18060 0
5207 2712 0
5207 195 0
5207 1221 0
5207 13512 1
5207 1741 0
5207 4301 1
5207 4859 0
5207 5400 0
5207 8500 0
5207 821 0
5207 5432 0
5207 338 0
5207 4956 0
5207 3426 0
5207 5994 0
5207 4463 0
5207 3986 0
5207 5529 0
5207 5981 0
5207 8623 0
5207 8112 0
5207 6065 0
5207 2997 0
5207 4547 0
5207 2500 0
5207 4550 0
5207 988 0
5207 15867 0
5207 3561 0
3672 15004 1
3672 1197 0
3672 16193 1
3672 3806 0
5723 5723 0
5723 5724 0
5723 4547 0
5723 2718 0
5723 3232 0
5723 690 0
5723 8375 1
5723 1223 0
5723 1224 0
5723 4349 0
5723 18060 0
5723 3426 0
5723 364 0
5723 6529 1
5723 8578 0
5723 389 0
5723 12971 0
5724 5724 0
5724 6779 0
5724 1249 0
5724 18060 0
5724 2718 0
5724 1736 0
5724 1653 0
5724 1223 0
5724 1224 0
5724 20178 1
5724 4956 0
5724 861 0
5724 15867 0
5724 5994 0
5724 364 0
5724 4974 0
5724 3453 1
5724 389 0
4189 18005 1
4189 4189 0
4189 20178 1
7774 8375 1
7774 13512 1
7774 3844 0
7774 10044 0
7774 5981 0
7774 4975 0
13328 3986 0
13328 4760 0
13328 5529 0
13328 6429 0
13328 7409 1
13328 9128 0
13328 7726 0
13328 1712 0
13328 6065 0
13328 2997 0
13328 2755 0
13328 1349 1
13328 3400 0
13328 1741 0
13328 4815 0
13328 10203 0
13328 861 0
13328 16762 0
13328 7624 0
13328 360 1
13328 4859 0
13411 18227 0
13411 13411 0
2149 2956 2
2149 17066 1
2149 13287 1
2149 3564 1
2149 2174 1
7111 861 0
7111 1653 0
7111 5239 0
7111 1170 0
7111 1197 0
7111 6843 0
7111 1741 0
7111 6429 0
7111 821 0
7111 5453 1
7111 4956 0
7111 3426 0
7111 15247 1
7111 3986 0
7111 6065 0
7111 2997 0
7111 7163 0
18029 6741 0
18029 7726 0
18029 4760 0
18029 1736 0
18029 1741 0
18029 7409 1
18029 6359 0
18029 287 0
18029 2338 0
18029 1349 1
18029 338 0
18029 861 0
18029 4968 0
18029 4974 0
18029 4975 0
18029 4980 0
18029 4982 0
18029 4989 0
18029 5004 0
18029 6065 0
18029 2997 0
18029 7624 0
18029 19879 0
2408 4859 0
2408 1736 0
2408 1741 0
2408 1249 0
2408 5432 0
2408 8467 0
2408 4431 0
2408 15247 1
2408 3426 0
2408 2408 0
2408 3453 1
2408 18323 0
2408 3043 0
1653 16527 0
1653 8375 1
1653 8423 0
1653 8500 0
1653 389 0
1653 17066 0
1653 861 0
1653 1197 0
1653 1218 0
1653 1221 0
1653 1249 0
1653 17896 0
1653 1629 0
1653 1653 0
1653 1712 0
1653 1714 0
1653 18181 0
1653 10106 0
1653 16164 0
1653 2338 0
1653 2604 0
1653 3453 1
1653 19879 0
1653 3561 0
1653 3986 0
1653 4284 1
1653 4482 0
1653 4530 0
1653 4534 0
1653 4547 0
1653 4664 0
1653 2174 0
1653 4956 0
1653 4968 0
1653 4974 0
1653 4975 0
1653 4980 0
1653 4982 0
1653 4989 0
1653 5004 0
1653 13342 0
1653 13512 1
1653 13533 0
1653 5400 0
1653 5529 0
1653 5999 0
1653 14201 0
1653 6065 0
1653 6403 0
1653 6484 0
1653 6741 0
1653 14999 0
1653 6843 0
1653 6846 1
1653 15490 1
1653 7690 0
1653 7741 0
1653 7877 0
1653 8066 0
1653 8071 0
5239 3248 0
5239 5239 0
5239 4301 1
5239 4956 0
5239 4223 0
5239 8066 0
5239 15247 1
5239 4524 0
5239 8623 0
6779 4664 0
6779 1170 0
6779 4760 0
6779 1741 0
6779 4301 1
6779 2831 0
6779 2338 0
6779 1349 1
6779 8623 0
6779 9154 0
6779 8689 0
2174 1170 0
2174 659 0
2174 679 0
2174 4524 0
2174 4534 0
2174 2755 0
2174 1349 1
2174 3400 0
2174 4555 0
2174 3426 0
2174 6843 0
2174 360 1
2174 3986 0
2174 4223 0
5247 19879 0
5247 8372 0
5247 17956 1
5247 8375 1
5247 13710 0
5247 16527 0
5247 1170 0
5247 659 0
5247 2712 0
5247 2718 0
5247 4550 0
5247 1197 0
5247 3248 0
5247 7064 0
5247 1720 0
5247 2755 0
5247 4300 0
5247 1741 0
5247 4301 1
5247 6359 0
5247 195 0
5247 2831 0
5247 8467 0
5247 287 0
5247 2338 0
5247 988 0
5247 821 0
5247 5432 0
5247 5466 0
5247 3986 0
5247 4547 0
5247 2962 0
5247 4534 0
5247 4555 0
5247 3561 0
5247 1022 0
5761 5761 2
5761 4524 1
5761 5389 1
5761 8867 1
5761 679 1
5761 682 1
5761 2604 1
5761 4550 1
5761 4551 1
5761 5453 2
5761 864 1
5761 5863 1
5761 3963 1
15490 18323 1
15490 287 1
15490 2727 1
15490 1891 1
1668 1668 0
1668 8867 0
1668 3844 0
1668 3986 0
1668 4534 0
1668 8122 1
1668 988 0
17541 4956 0
17541 7726 0
17541 3422 0
17541 589 0
17541 2712 0
17541 8375 1
17541 4815 0
17541 6359 0
17541 4989 0
17541 7409 1
17541 4859 0
17541 6429 0
17541 5422 0
17541 4760 0
17541 3986 0
17541 7064 0
17541 2997 0
17541 453 0
17541 7624 0
1158 1197 0
1158 1158 0
1158 679 0
1158 682 0
1158 1221 0
1158 5994 0
1158 4463 0
1158 3453 1
1158 389 0
1158 2956 1
1158 2973 1
1158 4524 0
1158 2500 0
1158 453 0
1158 3043 0
14983 12872 1
14983 14983 0
14983 13462 0
14983 20132 0
14983 9167 0
14983 3453 1
14983 4974 0
14983 14201 0
14983 3986 0
20844 3561 0
20844 20844 0
20844 4301 1
20844 8375 1
139 139 0
139 3986 0
139 18112 1
139 988 0
139 3043 0
139 16762 0
139 4091 1
139 1022 0
18060 8623 0
18060 18060 0
18060 1170 0
18060 3232 0
18060 12971 0
18060 1224 0
18060 13287 0
18060 6529 1
18060 4547 0
9154 287 0
9154 4300 0
9154 4301 1
16527 1170 0
16527 195 0
16527 1741 0
16527 4301 1
16527 7409 1
16527 2338 0
16527 4956 0
16527 861 0
16527 7064 0
16527 6065 0
16527 9681 0
16527 988 0
1170 8375 1
1170 4300 0
1170 4301 1
1170 6359 0
1170 2338 0
1170 4463 0
1170 388 0
1170 4524 0
1170 8623 0
1170 4555 0
1170 2712 0
1170 2714 0
1170 8867 0
1170 2831 0
1170 2962 0
1170 10745 0
1170 988 0
1170 5432 0
1170 5453 1
1170 13710 0
1170 1714 0
1170 1720 0
1170 5981 0
1170 3986 0
1170 8112 0
659 1629 0
659 659 0
659 2712 0
659 1712 0
659 2755 0
659 13512 1
659 4859 0
659 3844 0
659 2338 0
659 5949 0
659 1349 1
659 861 0
659 3426 0
659 4463 0
659 4482 0
659 13710 0
659 3986 0
659 18323 0
659 5529 0
659 18332 0
659 4524 0
659 2997 0
659 4550 0
659 4551 0
659 1022 0
4756 9125 1
4756 287 0
13462 3986 0
13462 20132 0
13462 8623 0
13462 12872 1
13462 9167 0
13462 13399 1
13462 14201 0
14999 3986 0
14999 2712 0
14999 2718 0
14999 287 0
14999 8375 1
14999 17956 1
14999 18227 0
4760 8112 0
4760 7726 0
4760 6741 0
4760 1629 0
4760 4968 0
4760 8467 0
4760 5788 0
4760 2718 0
4760 1712 0
4760 2755 0
4760 4815 0
4760 735 0
4760 7409 1
4760 6429 0
4760 287 0
4760 8500 0
4760 1349 1
4760 3400 0
4760 861 0
4760 3426 0
4760 360 1
4760 4974 0
4760 4975 0
4760 4982 0
4760 16762 0
4760 4989 0
4760 5004 0
4760 3986 0
4760 7064 0
4760 5529 0
4760 9128 0
4760 7624 0
4760 3561 0
4760 1022 0
7741 2712 0
7741 2714 0
7741 2718 0
7741 8372 0
7741 8375 1
7741 6359 0
7741 6910 0
7741 5949 0
7741 1891 0
7741 13710 0
7741 4547 0
7741 4084 0
7741 10745 0
7741 4091 1
2714 2714 0
2714 2338 0
2714 8578 0
2714 388 0
2714 4524 0
2714 4534 0
2714 19879 0
2714 2712 0
2714 2718 0
2714 8867 0
2714 4956 0
2714 2956 1
2714 2997 0
2714 7105 0
2714 13512 1
2714 5389 0
2714 5422 0
2714 5432 0
2714 5466 0
2714 3426 0
2714 13710 0
2714 15867 0
2714 1629 0
2714 1741 0
2714 5949 0
2714 5981 0
2714 5994 0
2714 5999 0
2714 3986 0
2714 8112 0
2714 6065 0
5999 7726 0
5999 2718 0
5999 861 0
5999 5981 0
5999 1891 0
5999 5999 0
5999 18292 0
5999 6065 0
5788 5788 0
5788 8375 1
5788 287 0
5788 6359 0
5788 6401 0
5788 4956 0
5788 861 0
5788 4974 0
5788 1474 0
5788 3561 0
2718 1720 0
2718 6526 0
2718 8467 0
2718 287 0
2718 2338 0
2718 6484 0
2718 4482 0
2718 4524 0
2718 4534 0
2718 4547 0
2718 2500 0
2718 4550 0
2718 19879 0
2718 4664 0
2718 6741 0
2718 2718 0
2718 679 0
2718 682 0
2718 2798 0
2718 4859 0
2718 2831 0
2718 861 0
2718 864 0
2718 4968 0
2718 4982 0
2718 5004 0
2718 3043 0
2718 195 0
2718 3232 0
2718 1223 0
2718 1221 0
2718 6359 0
2718 5389 0
2718 5412 0
2718 453 0
2718 5432 0
2718 1349 1
2718 3400 0
2718 3426 0
2718 7726 0
2718 1712 0
2718 1736 0
2718 1741 0
2718 18323 0
2718 2712 0
2718 3986 0
2718 18332 0
2718 8112 0
2718 6065 0
2718 16331 0
2718 2727 0
2718 4091 1
7877 679 0
7877 7877 0
7877 13512 1
7877 20227 0
7877 3844 0
7877 5428 1
7877 5981 0
7877 8066 0
3232 3426 0
3232 3232 0
3232 8867 0
3232 4779 0
3232 6910 0
3232 5412 0
3232 5453 1
3232 6484 0
3232 4956 0
3232 861 0
3232 1891 0
3232 3986 0
3232 5529 0
3232 8112 0
3232 18332 0
3232 6065 0
3232 2997 0
3232 7163 0
8867 4301 1
8867 6359 0
8867 2338 0
8867 338 0
8867 4547 0
8867 2604 0
8867 2712 0
8867 8867 0
8867 679 0
8867 690 0
8867 861 0
8867 4975 0
8867 4980 0
8867 5004 0
8867 7064 0
8867 3043 0
8867 1022 0
8867 1218 0
8867 5389 0
8867 5453 1
8867 3426 0
8867 13710 0
8867 5529 0
8867 19879 0
8867 1741 0
8867 3986 0
8867 18332 0
8867 6067 0
8356 3986 0
8356 5466 0
8356 2338 0
8356 6580 1
8356 11634 0
4779 7726 0
4779 861 0
4779 15004 1
4779 18113 0
4779 7379 0
4779 8467 0
4779 287 0
4779 338 0
4779 4956 0
4779 3561 0
4779 3986 0
4779 5529 0
4779 6065 0
4779 2997 0
4779 20434 0
4779 20729 0
17574 10044 1
679 2604 0
679 679 0
679 682 0
679 5307 1
679 6401 0
679 5389 0
679 5453 1
679 864 0
679 8066 0
679 7064 0
682 682 0
682 12971 0
682 8467 0
682 5453 1
682 7064 0
12971 7726 0
12971 8500 0
12971 5453 1
12971 3806 0
12971 17896 0
12971 4091 1
1197 5466 0
1197 589 0
1197 1629 0
1197 4551 0
1197 1197 0
1197 1714 0
1197 6843 0
1197 1221 0
1197 1223 0
1197 1224 0
1197 1741 0
1197 7409 1
1197 4859 0
1197 2338 0
1197 5432 0
1197 10044 0
1197 3400 0
1197 389 0
1197 7064 0
1197 2973 1
1197 8623 0
1197 2500 0
1197 4550 0
1197 4555 0
1197 3043 0
3759 388 0
3759 8467 0
3759 7064 0
3759 13533 0
3759 3248 0
3759 690 0
3759 5432 0
3759 7690 0
3759 6741 0
3759 4956 0
3759 360 1
3759 3561 0
3759 4091 1
3248 3248 0
3248 1221 0
3248 1223 0
3248 2272 0
3248 6401 0
3248 5399 0
3248 5400 0
3248 287 0
3248 5412 0
3248 5453 1
3248 4968 0
3248 8066 0
3248 4551 0
3248 4084 0
13512 6403 1
13512 2604 1
13512 2712 1
13512 1720 1
13512 6843 1
13512 1221 1
13512 1223 1
13512 1224 1
13512 5372 1
13512 14605 1
13512 17684 1
13512 5399 1
13512 5400 1
13512 13512 2
13512 1823 1
13512 8500 1
13512 2962 1
13512 4463 1
13512 8578 1
13512 389 1
13512 8071 1
13512 6536 1
13512 8112 1
13512 7535 1
13512 4555 1
13512 8661 1
13512 17375 1
13512 15867 1
1714 3844 0
1714 2712 0
1714 1714 0
1714 5307 1
1714 18112 1
1714 20227 0
1714 2338 0
1714 5981 0
1714 3986 0
1714 7064 0
1714 6065 0
1714 2997 0
1714 988 0
1714 1022 0
14605 14605 0
14605 5428 1
14605 4223 0
8372 4664 0
8372 8375 1
8372 5307 1
8372 4300 0
8372 1741 0
8372 6359 0
8372 4223 0
8372 5389 0
8372 2338 0
8372 821 0
8372 5432 0
8372 6526 0
8372 4482 0
8372 13710 0
8372 2962 0
8372 18332 0
8372 6065 0
13342 6145 0
13342 3986 0
13342 287 0
13342 17066 0
13342 6065 0
13342 1349 1
13342 4551 0
13342 735 0
9398 11634 0
9398 8375 1
9398 4091 1
8375 4664 1
8375 5766 1
8375 7105 1
8375 2338 1
8375 4815 1
8375 6359 1
8375 13533 1
8375 6401 1
8375 6403 1
8375 18181 1
8375 5422 1
8375 821 1
8375 5432 1
8375 5949 1
8375 338 1
8375 3426 1
8375 2962 1
8375 10106 1
8375 6526 1
8375 13710 1
8375 3986 1
8375 18323 1
8375 5529 1
8375 18332 1
8375 19879 1
8375 8623 1
8375 6067 1
8375 1474 1
8375 5066 1
8375 9164 1
8375 9681 1
8375 988 1
8375 4349 1
8375 11775 1
1720 3844 0
1720 2338 0
1720 1720 0
1720 4301 1
1720 5981 0
18292 2727 0
18292 18112 1
18292 18113 0
18292 7379 0
18292 9681 0
18292 861 0
18292 287 0
18292 2338 0
18292 6484 0
18292 5981 0
18292 3426 0
18292 360 1
18292 364 0
18292 13710 0
18292 3986 0
18292 18323 0
18292 18332 0
18292 8112 0
18292 4547 0
5307 3844 1
5307 5389 1
5307 5307 2
4284 7535 1
6846 589 1
6846 16530 1
6846 6846 2
6846 3400 1
6846 3986 1
6846 7105 1
6846 10745 1
18112 3564 1
18112 988 1
18112 1022 1
18112 287 1
18113 17066 0
18113 18113 0
18113 20434 0
18113 4091 1
1218 1218 0
1218 1224 0
1218 5341 1
1218 287 0
1218 15247 1
1218 3422 0
1218 864 0
1218 4463 0
1218 3986 0
1218 8661 0
1218 10745 0
1218 1022 0
195 195 0
195 4300 0
195 4301 1
195 2338 0
195 16249 0
195 2973 1
195 19879 0
195 4550 0
4804 4804 0
4804 1221 0
4804 8467 0
4804 5422 0
4804 338 0
4804 5994 0
4804 15247 1
4804 3986 0
4804 8112 0
4804 8122 1
4804 3043 0
1221 3426 0
1221 4300 0
1221 8500 0
1221 338 0
1221 4547 0
1221 2500 0
1221 4550 0
1221 4664 0
1221 4859 0
1221 861 0
1221 864 0
1221 4974 0
1221 5004 0
1221 5066 0
1221 3043 0
1221 1221 0
1221 1223 0
1221 1224 0
1221 5341 1
1221 5389 0
1221 5432 0
1221 5466 0
1221 3468 0
1221 3469 0
1221 19879 0
1221 15867 0
1221 1629 0
1221 8467 0
1221 287 0
1221 1741 0
1221 5981 0
1221 3986 0
1221 4091 1
1223 5422 0
1223 8112 0
1223 4664 0
1223 1224 0
1223 1741 0
1223 5341 1
1223 15867 0
1223 4859 0
1223 5389 0
1223 5432 0
1223 338 0
1223 5981 0
1223 4956 0
1223 3986 0
1223 6536 0
1223 4547 0
1223 2500 0
1223 4555 0
1223 3043 0
1224 19879 0
1224 8467 0
1224 1224 0
1224 1741 0
1224 6401 0
1224 821 0
1224 2500 0
1224 4956 0
1224 861 0
1224 864 0
1224 5994 0
1224 4974 0
1224 4463 0
1224 6529 1
1224 6536 0
1224 3986 0
1224 5529 0
1224 6065 0
1224 2997 0
1224 988 0
2956 2956 2
2956 2831 1
2956 2973 2
2956 287 1
4727 389 1
4727 6536 1
4727 453 1
4727 4547 1
4727 5453 2
4727 14286 1
4727 988 1
4727 12147 1
4727 4727 2
4300 8623 0
4300 2604 0
4300 4664 0
4300 4669 0
4300 5981 0
4300 2831 0
4300 4974 0
4300 4300 0
4300 1741 0
4300 4301 1
4300 18181 0
4300 16530 0
4300 2338 0
4300 1349 1
4300 2962 0
4300 3986 0
4300 19879 0
4300 4555 0
4300 4084 0
4301 5466 1
4301 4664 1
4301 4669 1
4301 8467 1
4301 2712 1
4301 1741 1
4301 2272 1
4301 18181 1
4301 19212 1
4301 2831 1
4301 287 1
4301 2338 1
4301 306 1
4301 2962 1
4301 13710 1
4301 3986 1
4301 7064 1
4301 6065 1
4301 4530 1
4301 2997 1
4301 3561 1
4301 8689 1
6741 5466 0
6741 8500 0
6741 6484 0
6741 4463 0
6741 2604 0
6741 6741 0
6741 2712 0
6741 6843 0
6741 4815 0
6741 4859 0
6741 6910 0
6741 4956 0
6741 4974 0
6741 4975 0
6741 4980 0
6741 4982 0
6741 4989 0
6741 5004 0
6741 15247 1
6741 1022 0
6741 861 0
6741 4968 0
6741 7409 1
6741 5399 0
6741 5400 0
6741 1349 1
6741 3400 0
6741 3422 0
6741 13710 0
6741 5529 0
6741 19879 0
6741 15867 0
6741 7726 0
6741 8467 0
6741 1712 0
6741 1741 0
6741 3844 0
6741 1823 0
6741 5949 0
6741 5981 0
6741 3986 0
6741 18323 0
6741 18332 0
1741 6359 0
1741 2272 0
1741 2338 0
1741 8500 0
1741 4463 0
1741 4524 0
1741 8623 0
1741 4547 0
1741 2500 0
1741 4550 0
1741 4551 0
1741 4555 0
1741 2604 0
1741 4664 0
1741 2712 0
1741 4859 0
1741 861 0
1741 864 0
1741 4968 0
1741 4974 0
1741 4980 0
1741 4982 0
1741 4989 0
1741 5004 0
1741 988 0
1741 3043 0
1741 1022 0
1741 2831 0
1741 5372 0
1741 7726 0
1741 5432 0
1741 1349 1
1741 3400 0
1741 5466 0
1741 13710 0
1741 5529 0
1741 19879 0
1741 1712 0
1741 1741 0
1741 1823 0
1741 5994 0
4968 1712 0
4968 1629 0
4968 18332 0
4968 2712 0
4968 1736 0
4968 4982 0
4968 6359 0
4968 8112 0
4968 5529 0
4968 7409 1
4968 1349 1
4968 338 0
4968 6484 0
4968 3426 0
4968 4974 0
4968 4975 0
4968 4980 0
4968 4989 0
4968 4482 0
4968 5004 0
4968 3986 0
4968 6065 0
4968 2997 0
4968 7624 0
4968 3561 0
4968 19879 0
20178 3986 1
20178 287 1
20178 861 1
20178 6065 1
20178 3422 1
20178 2771 1
20178 4859 1
7379 17956 1
7379 6065 0
7379 15004 1
7379 18332 0
7379 7379 0
7379 3806 0
7379 287 0
7379 3426 0
7379 5004 0
7379 3986 0
7379 4524 0
7379 4530 0
7379 2997 0
6359 4349 0
6359 338 0
6359 6526 0
6359 5949 0
6359 19879 0
6359 2712 0
6359 4859 0
6359 821 0
6359 4974 0
6359 4975 0
6359 4980 0
6359 4982 0
6359 4989 0
6359 5004 0
6359 7064 0
6359 5066 0
6359 988 0
6359 3043 0
6359 5389 0
6359 5422 0
6359 3426 0
6359 11634 0
6359 13710 0
6359 5529 0
6359 5766 0
6359 1736 0
6359 5981 0
6359 10106 0
6359 8066 0
6359 3986 0
6359 18332 0
6359 6067 0
6359 4091 1
1240 4551 0
1240 1240 0
1240 360 1
1240 4091 1
17956 8071 1
17956 3986 1
17956 7723 1
17956 313 1
17956 16331 1
17956 14201 1
1712 8112 0
1712 861 0
1712 3422 0
1712 2997 0
1712 360 1
1712 18332 0
1712 1712 0
1712 2755 0
1712 4982 0
1712 1736 0
1712 4815 0
1712 16762 0
1712 7409 1
1712 4859 0
1712 3844 0
1712 8467 0
1712 7726 0
1712 6429 0
1712 5529 0
1712 1349 1
1712 3400 0
1712 4956 0
1712 864 0
1712 4974 0
1712 4975 0
1712 4980 0
1712 4989 0
1712 5004 0
1712 3986 0
1712 19879 0
1712 6065 0
1712 7624 0
1712 10203 0
1712 3561 0
1712 9128 0
13533 388 0
13533 3844 0
13533 287 0
13533 6910 0
13533 690 0
13533 7690 0
13533 13533 0
13533 2272 0
13533 360 1
4815 5004 0
4815 3986 0
4815 7726 0
4815 5529 0
4815 18332 0
4815 6429 0
4815 2338 0
4815 6065 0
4815 2755 0
4815 1349 1
4815 3400 0
4815 3426 0
4815 10203 0
4815 5981 0
4815 7624 0
4815 9128 0
4815 7409 1
4815 16762 0
735 3986 0
735 2755 0
735 2727 0
735 5981 0
735 4530 0
735 5432 0
735 861 0
735 735 0
735 8122 1
735 360 1
735 5994 0
2272 5529 0
2272 8423 0
2272 2338 0
2272 861 0
2272 17375 0
2272 5372 0
2272 11634 0
2272 19879 0
2272 5994 0
2272 3986 0
2272 6484 0
1249 1249 0
1249 4349 0
1249 5422 0
1249 5432 0
1249 5994 0
1249 6529 1
1249 388 0
1249 16193 1
1249 3986 0
1249 2500 0
1249 4555 0
3963 4524 0
3963 5453 1
6145 3986 0
6145 8467 0
6145 1349 1
6145 19212 0
6145 3400 0
6145 5981 0
6145 1891 0
6145 360 1
6145 3561 0
8423 7726 0
8423 6065 0
8423 2997 0
8423 8423 0
8423 360 1
16249 1474 0
16249 16249 0
16249 17375 0
16249 10745 0
16249 4091 1
16249 4349 0
1823 5004 0
1823 3986 0
1823 18332 0
1823 453 0
1823 5981 0
1823 3426 0
1823 18005 1
2798 5399 0
2798 5400 0
2798 3561 0
4989 8112 0
4989 4664 0
4989 3426 0
4989 4982 0
4989 1629 0
4989 6429 0
4989 1736 0
4989 16762 0
4989 2338 0
4989 7409 1
4989 821 0
4989 1349 1
4989 3400 0
4989 6484 0
4989 861 0
4989 4974 0
4989 4975 0
4989 4980 0
4989 4989 0
4989 5004 0
4989 6065 0
4989 2997 0
4989 7624 0
4989 3561 0
4989 19879 0
7409 5004 1
7409 5400 1
7409 3986 1
7409 287 1
7409 10203 1
7409 7726 1
7409 5981 1
7409 7624 1
7409 7064 1
7409 6429 1
7409 313 1
7409 7746 1
7409 2755 1
7409 1349 2
7409 3400 1
7409 4555 1
7409 9128 1
7409 1629 1
7409 3422 1
7409 4974 1
7409 4975 1
7409 7409 2
7409 4980 1
7409 4982 1
7409 16762 1
2771 3806 0
2771 287 0
2771 3422 0
2771 4974 0
2771 19879 0
2771 988 0
2771 3561 0
690 7690 0
690 8112 0
690 6065 0
690 2997 0
690 360 1
690 4463 0
690 4091 1
18005 3986 1
18005 16193 2
18005 2500 1
18005 589 1
18005 18005 2
20729 8261 1
20729 20434 0
20729 20729 0
20729 1022 0
8112 6843 0
8112 16530 0
8112 4463 0
8112 8578 0
8112 389 0
8112 4530 0
8112 2604 0
8112 589 0
8112 453 0
8112 4974 0
8112 4975 0
8112 5004 0
8112 1022 0
8112 5400 0
8112 3400 0
8112 3426 0
8112 13710 0
8112 19879 0
8112 7624 0
8112 1629 0
8112 5981 0
8112 3986 0
8112 18332 0
8112 8112 0
4859 4349 0
4859 6526 0
4859 389 0
4859 4534 0
4859 4547 0
4859 2500 0
4859 4550 0
4859 4524 0
4859 2712 0
4859 4859 0
4859 4974 0
4859 3043 0
4859 1022 0
4859 5400 0
4859 5432 0
4859 3400 0
4859 3422 0
4859 3469 0
4859 19879 0
4859 7726 0
4859 1736 0
4859 5981 0
4859 3986 0
4859 6065 0
5372 19212 0
5372 8467 0
5372 3043 0
5372 3453 1
5372 8066 0
5372 3469 0
5372 2500 0
5372 3561 0
4349 7746 0
4349 4349 0
4349 6401 0
4349 3844 0
4349 5389 0
4349 287 0
4349 8500 0
4349 5949 0
4349 3426 0
4349 3453 1
4349 3986 0
4349 18332 0
4349 19879 0
4349 5066 0
4349 10745 0
6910 2712 0
6910 6910 0
6910 5389 0
6910 2338 0
6910 3426 0
6910 4482 0
6910 3986 0
6910 8261 1
6910 4524 0
6910 1474 0
6910 10745 0
6910 4091 1
6401 20227 0
6401 864 0
6401 6401 0
6401 3986 0
6401 389 0
6401 15004 1
6401 4551 0
6401 15867 0
6403 8661 0
6403 6403 0
6403 2338 0
6403 8500 0
6403 861 0
6403 3986 0
6403 5529 0
6403 6065 0
6403 2997 0
6403 15867 0
6403 3561 0
3844 2604 0
3844 4664 0
3844 3844 0
3844 5389 0
3844 2831 0
3844 338 0
3844 6484 0
3844 864 0
3844 7535 0
3844 16762 0
3844 6529 1
3844 8066 0
3844 3986 0
3844 5981 0
3844 9164 0
3844 3043 0
18181 3468 0
18181 18181 0
18181 3986 0
18181 2500 0
2604 8467 0
2604 2338 0
2604 8500 0
2604 338 0
2604 6484 0
2604 8623 0
2604 4555 0
2604 2604 0
2604 4551 0
2604 9681 0
2604 821 0
2604 4956 0
2604 5949 0
2604 2997 0
2604 861 0
2604 5399 0
2604 5400 0
2604 3426 0
2604 5529 0
2604 15867 0
2604 10044 0
2604 5981 0
2604 5994 0
2604 3986 0
2604 18332 0
2604 6065 0
2604 6067 0
19212 5466 0
19212 3986 0
5389 287 0
5389 4550 0
5389 4551 0
5389 4555 0
5389 2712 0
5389 2755 0
5389 1022 0
5389 5389 0
5389 5466 0
5389 5981 0
2831 2831 0
2831 287 0
2831 338 0
2831 5981 0
2831 3986 0
2831 18332 0
5863 4524 0
5863 5453 1
5863 287 0
8467 1736 0
8467 6484 0
8467 4524 0
8467 4534 0
8467 10745 0
8467 12872 1
8467 17066 0
8467 4974 0
8467 2962 0
8467 9125 1
8467 9167 0
8467 7163 0
8467 19879 0
8467 5432 0
8467 5466 0
8467 3468 0
8467 7064 0
8467 8467 0
8467 20227 0
8467 18227 0
8467 5949 0
8467 5981 0
8467 5994 0
8467 4084 0
8467 1022 0
17684 17684 0
17684 1349 1
17684 4956 0
17684 3986 0
7726 4223 0
7726 2338 0
7726 360 1
7726 388 0
7726 2712 0
7726 2727 0
7726 4982 0
7726 13287 0
7726 1022 0
7726 5466 0
7726 3426 0
7726 19879 0
7726 7690 0
7726 7726 0
7726 5981 0
7726 1891 0
7726 5994 0
7726 8066 0
16331 5994 0
16331 4091 1
5399 2997 0
5399 2712 0
5399 5399 0
5399 5400 0
5399 2338 0
5399 338 0
5399 6484 0
5399 861 0
5399 3426 0
5399 4463 0
5399 6065 0
5399 4547 0
5399 19879 0
5399 4091 1
5400 2712 0
5400 821 0
5400 6484 0
5400 3426 0
5400 4463 0
5400 2997 0
5400 4547 0
4223 2755 0
4223 2338 0
4223 5432 0
4223 1349 1
4223 4956 0
4223 15247 1
4223 4530 0
4223 2500 0
6429 2755 0
6429 6429 0
6429 287 0
6429 1349 1
6429 3400 0
6429 11634 0
6429 16762 0
6429 3986 0
6429 7064 0
6429 9128 0
6429 7624 0
1629 10044 0
1629 1349 1
1629 3400 0
1629 4956 0
1629 4974 0
1629 4975 0
1629 5004 0
1629 3986 0
1629 19879 0
1629 6065 0
1629 2997 0
1629 4534 0
1629 4550 0
1629 7624 0
287 287 0
287 8500 0
287 313 0
287 364 0
287 8661 0
287 864 0
287 2338 0
287 2712 0
287 2755 0
287 3043 0
287 3422 0
287 3426 0
287 11634 0
287 3468 0
287 19879 0
287 3564 0
287 3806 0
287 20227 0
287 4555 0
287 12872 1
287 13399 1
287 13646 0
287 5529 0
287 5994 0
287 6536 0
2338 16530 0
2338 2338 0
2338 8500 0
2338 4463 0
2338 8623 0
2338 4530 0
2338 4550 0
2338 2712 0
2338 6843 0
2338 4974 0
2338 4980 0
2338 4982 0
2338 2962 0
2338 2997 0
2338 7105 0
2338 1022 0
2338 5981 0
2338 12147 0
2338 5432 0
2338 1349 1
2338 5466 0
2338 3422 0
2338 3426 0
2338 4547 0
2338 13710 0
2338 7064 0
2338 19879 0
2338 7690 0
2338 988 0
2338 5949 0
2338 1891 0
2338 5994 0
2338 6065 0
2338 8066 0
2338 3986 0
20187 18227 1
5412 2712 0
5412 2727 0
5412 5412 0
5412 5432 0
5412 5453 1
5412 5466 0
5412 5981 0
5412 360 1
5412 8066 0
5412 3564 0
5412 4084 0
5766 5766 0
5766 15247 1
5766 5949 0
5422 4530 0
5422 2500 0
5422 5422 0
5422 3453 1
5422 5949 0
306 20227 0
306 306 0
306 313 0
306 5994 0
18227 7690 0
18227 17896 0
18227 18332 0
18227 3561 0
8500 861 0
8500 8661 0
8500 12872 1
8500 1736 0
8500 16762 0
8500 8500 0
8500 821 0
8500 4956 0
8500 3426 0
8500 3561 0
8500 3986 0
8500 5529 0
8500 18332 0
8500 5981 0
8500 8623 0
8500 6065 0
8500 2997 0
8500 2500 0
8500 15867 0
3806 15004 1
3806 5453 1
3806 5994 0
3806 2997 0
2755 5981 0
2755 3422 0
2755 1349 1
2755 3400 0
2755 861 0
2755 360 1
2755 4975 0
2755 4982 0
2755 16762 0
2755 5610 0
2755 5004 0
2755 3986 0
2755 5529 0
2755 18332 0
2755 9128 0
2755 6065 0
2755 2997 0
2755 7624 0
2755 10203 0
2755 3043 0
10106 11775 0
10106 5949 0
5432 389 0
5432 4534 0
5432 4547 0
5432 2500 0
5432 4550 0
5432 4555 0
5432 8661 0
5432 2712 0
5432 453 0
5432 4551 0
5432 861 0
5432 2962 0
5432 5428 1
5432 5432 0
5432 3453 1
5432 3043 0
5432 5981 0
313 861 0
313 5529 0
313 7624 0
313 6843 0
313 338 0
313 3469 0
313 7064 0
313 17896 0
20227 15867 0
20227 17066 0
20227 20227 0
20227 5981 0
20227 360 1
20227 7535 0
20227 3986 0
20227 18323 0
20227 9125 1
10044 2973 1
10044 4550 0
5949 8261 1
5949 2712 0
5949 821 0
5949 338 0
5949 6484 0
5949 4956 0
5949 3426 0
5949 13710 0
5949 18323 0
5949 5529 0
5949 5066 0
5949 3561 0
8066 3422 0
8066 20434 0
8066 16530 0
8066 17066 0
8066 16762 0
8066 5453 1
8066 364 0
8066 11634 0
8066 8066 0
8066 16193 1
8066 3986 0
8066 6065 0
8066 2997 0
8066 4550 0
8066 9164 0
821 6843 0
821 821 0
821 5981 0
821 4974 0
821 4982 0
821 16762 0
821 5004 0
821 13710 0
821 8623 0
821 19879 0
821 2997 0
821 9125 1
16193 16193 2
16193 2962 1
16193 6526 1
16193 4534 1
16193 4547 1
16193 4550 1
16193 4551 1
16193 4669 1
16193 11634 1
16193 5466 1
16193 13287 1
16193 1022 1
1349 5981 1
1349 3400 1
1349 6484 1
1349 3426 1
1349 4974 1
1349 4975 1
1349 4980 1
1349 4982 1
1349 16762 1
1349 5004 1
1349 3986 1
1349 18323 1
1349 5529 1
1349 18332 1
1349 9128 1
1349 6065 1
1349 2997 1
1349 7624 1
1349 10203 1
1349 3043 1
1349 5610 1
3400 5004 0
3400 3986 0
3400 18323 0
3400 9128 0
3400 18332 0
3400 6065 0
3400 2997 0
3400 7624 0
3400 10203 0
3400 3422 0
3400 3426 0
3400 16762 0
3400 4974 0
3468 5428 1
3468 3469 0
7723 7723 0
5453 388 1
5453 7163 1
5453 17896 1
5453 2727 1
5453 364 1
5453 4084 1
13646 16359 0
4431 4524 0
4431 4431 0
4431 5428 1
4664 4664 0
4664 5994 0
4664 2712 0
4664 8661 0
4664 5466 0
4664 5981 0
4664 4974 0
4664 4463 0
4664 5004 0
4664 13710 0
338 1736 0
338 338 0
338 6484 0
338 4550 0
338 4551 0
338 2712 0
338 4956 0
338 4975 0
338 4980 0
338 5004 0
338 15247 1
338 988 0
338 1022 0
338 5466 0
338 13710 0
338 19879 0
338 5981 0
3043 16762 0
3043 4482 0
3043 4547 0
3043 2500 0
3043 4550 0
3043 4551 0
3043 4555 0
3043 2712 0
3043 6843 0
3043 861 0
3043 864 0
3043 3043 0
3043 5428 1
3043 5466 0
3043 5981 0
3043 5994 0
6484 4524 0
6484 4547 0
6484 2712 0
6484 6843 0
6484 4974 0
6484 4975 0
6484 4980 0
6484 4982 0
6484 5004 0
6484 1022 0
6484 15247 1
6484 13710 0
6484 19879 0
6484 20132 0
6484 5981 0
6484 3986 0
5466 861 0
5466 4956 0
5466 3986 0
5466 7064 0
5466 18332 0
5466 4524 0
5466 4530 0
5466 988 0
4956 389 0
4956 8623 0
4956 4547 0
4956 453 0
4956 2712 0
4956 4956 0
4956 864 0
4956 5004 0
4956 15247 1
4956 7064 0
4956 9167 0
4956 1022 0
4956 4975 0
4956 861 0
4956 3426 0
4956 13710 0
4956 19879 0
4956 18332 0
4956 3561 0
4956 15867 0
4956 9125 1
4956 1736 0
4956 5981 0
4956 3986 0
861 360 1
861 4463 0
861 8578 0
861 388 0
861 6536 0
861 4530 0
861 4547 0
861 4550 0
861 4551 0
861 2712 0
861 2727 0
861 6843 0
861 861 0
861 4974 0
861 4982 0
861 5004 0
861 1022 0
861 1891 0
861 3426 0
861 13710 0
861 7064 0
861 19879 0
861 7690 0
861 1736 0
861 5994 0
861 3986 0
861 6067 0
861 4084 0
861 4091 1
3422 4982 0
3422 8578 0
3422 19879 0
3422 1474 0
3422 1022 0
864 864 0
864 4463 0
864 11634 0
864 389 0
864 3469 0
864 3986 0
864 4550 0
864 9681 0
864 10745 0
3426 1736 0
3426 8578 0
3426 4482 0
3426 389 0
3426 4547 0
3426 453 0
3426 4550 0
3426 4551 0
3426 2712 0
3426 6843 0
3426 4974 0
3426 4975 0
3426 4982 0
3426 5004 0
3426 2997 0
3426 1022 0
3426 3426 0
3426 13710 0
3426 7064 0
3426 5529 0
3426 5981 0
3426 19879 0
3426 7624 0
3426 3986 0
3426 6065 0
1891 364 0
1891 388 0
1891 4091 1
1891 7163 0
11109 15004 1
9167 12872 1
9167 20132 0
9167 5981 0
9167 12147 0
9167 14201 0
9167 9167 0
9167 3561 0
360 8578 1
360 7690 1
360 3986 1
360 16530 1
360 6065 1
360 6067 1
360 2997 1
360 4551 1
360 7163 1
360 364 1
360 4463 1
360 4084 1
360 4091 2
5994 16530 0
5994 16762 0
5994 4530 0
5994 4547 0
5994 2500 0
5994 7064 0
5994 1022 0
5994 5428 1
5994 15867 0
5994 5994 0
5994 20434 0
13287 3986 0
364 8578 0
364 364 0
364 18332 0
364 7163 0
16530 16530 0
16530 5981 0
16530 16762 0
16530 8623 0
16530 6065 0
16530 2997 0
4974 6526 0
4974 4975 0
4974 4980 0
4974 4982 0
4974 5004 0
4974 5529 0
4974 19879 0
4974 7624 0
4974 3561 0
4974 2997 0
4974 1736 0
4974 3986 0
4974 6065 0
4463 4463 0
4463 4524 0
4463 4530 0
4463 4547 0
4463 2500 0
4463 4550 0
4463 4551 0
4463 2712 0
4463 7064 0
4463 2997 0
4463 1022 0
4463 5529 0
4463 389 0
4463 9681 0
4463 3986 0
4463 6065 0
11634 7746 0
11634 1474 0
11634 11634 0
11634 6067 0
11634 4550 0
11634 10745 0
11634 4091 1
5428 5428 2
4980 4975 0
4980 1736 0
4980 4982 0
4980 19879 0
4980 5529 0
4980 4482 0
4980 5004 0
4980 6065 0
4980 2997 0
4980 7624 0
4980 3561 0
4982 1736 0
4982 19879 0
4982 4975 0
4982 5004 0
4982 2997 0
4982 7624 0
4982 3561 0
14201 12872 1
14201 20132 0
14201 14201 0
16762 7624 0
16762 5981 0
16762 5529 0
16762 4547 0
7690 3986 0
7690 6067 0
7690 4091 1
3453 2500 1
3453 20434 1
3453 15867 1
3453 5610 1
6526 2712 0
6526 6526 0
6526 5004 0
6526 19879 0
6529 6529 2
6529 589 1
6529 2962 1
6529 3986 1
8578 2727 0
8578 8578 0
8578 388 0
8578 3986 0
16359 16359 0
388 388 0
388 3986 0
388 4091 1
389 2712 0
389 389 0
389 9125 1
389 4547 0
389 2500 0
389 453 0
389 7624 0
8071 3986 0
8071 8071 0
6536 6536 0
6536 7163 0
6065 4547 0
6065 2712 0
6065 2727 0
6065 6843 0
6065 5004 0
6065 2962 0
6065 7064 0
6065 2997 0
6065 988 0
6065 1022 0
6065 15247 1
6065 19879 0
6065 1736 0
6065 5981 0
6065 6065 0
6065 6067 0
6065 20434 0
5004 4482 0
5004 2712 0
5004 4975 0
5004 2962 0
5004 7064 0
5004 5529 0
5004 19879 0
5004 7624 0
5004 3561 0
5004 15867 0
5004 2997 0
5004 1736 0
5004 5981 0
5004 3986 0
3469 4669 0
3469 4975 0
3469 7064 0
3469 7105 0
3469 17375 0
13710 18323 0
13710 7064 0
13710 18332 0
13710 19879 0
13710 2997 0
13710 4534 0
13710 988 0
13710 17896 0
15247 8661 1
15247 3986 1
15247 19879 1
15247 2997 1
15247 1736 1
15247 9681 1
2712 2500 0
2712 4555 0
2712 2712 0
2712 2962 0
2712 2997 0
2712 988 0
2712 1022 0
2712 4547 0
2712 5529 0
2712 19879 0
2712 1736 0
2712 5981 0
2712 3986 0
2712 18323 0
2712 18332 0
2712 6067 0
2962 5981 0
2962 3986 0
2962 7064 0
2962 2997 0
18323 19879 0
18323 7064 0
18323 4534 0
7064 4482 0
7064 5529 0
7064 3986 0
7064 4524 0
7064 9681 0
7064 2997 0
7064 4534 0
7064 4550 0
7064 4551 0
7064 7624 0
7064 5066 0
7064 988 0
7064 1022 0
5529 4975 0
5529 6843 0
5529 19879 0
5529 5529 0
5529 3986 0
5529 1474 0
5529 4547 0
5529 988 0
5529 15867 0
5529 17896 0
5529 3561 0
5529 1022 0
18332 4547 0
18332 1022 0
18332 19879 0
18332 17896 0
2973 4547 1
2973 2973 2
2973 4550 1
3986 8261 1
3986 8623 0
3986 8661 0
3986 589 0
3986 1022 0
3986 17896 0
3986 1736 0
3986 19879 0
3986 3561 0
3986 20132 0
3986 3986 0
3986 4091 1
3986 4534 0
3986 4547 0
3986 4550 0
3986 4551 0
3986 4975 0
3986 5981 0
3986 6067 0
3986 6843 0
3986 7105 0
3986 15867 0
8261 8623 1
8261 8261 2
8261 9164 1
4975 1736 0
4975 7624 0
4975 3561 0
4975 19879 0
9125 4547 1
9125 3561 1
9125 453 1
5981 988 0
5981 1736 0
5981 2500 0
5981 2997 0
5981 19879 0
5981 3561 0
5981 4530 0
5981 5981 0
5981 6067 0
5981 6843 0
19879 4530 0
19879 4534 0
19879 2500 0
19879 453 0
19879 1022 0
19879 19879 0
19879 3561 0
19879 2997 0
19879 1736 0
9128 7624 0
4524 4524 0
4524 4530 0
4524 2500 0
4524 10745 0
4524 2997 0
4524 1022 0
4524 3561 0
8623 8623 0
8623 4550 0
16164 16164 0
16164 8122 1
12872 20132 1
12872 12872 2
12872 8122 2
12872 6843 1
12872 1736 1
4530 4530 0
4530 8122 1
4530 9164 0
4530 20434 0
4530 15867 0
6067 6067 0
6067 2997 0
6067 4534 0
6067 15867 0
6067 1022 0
2997 4547 0
2997 2727 0
2997 6843 0
2997 988 0
2997 1022 0
2997 7624 0
2997 2997 0
2997 1736 0
2997 20434 0
4534 4534 0
4534 17066 0
4534 3561 0
4534 4084 0
8122 8122 2
12147 15867 0
1474 4091 1
4547 4547 0
4547 453 0
4547 4555 0
4547 988 0
2500 4555 0
2500 589 0
2500 453 0
2500 2500 0
453 453 0
453 7624 0
453 1022 0
4550 4550 0
4550 4551 0
4550 4555 0
4550 7746 0
4550 4084 0
4551 4555 0
4551 4551 0
4551 7105 0
5066 5066 0
5066 4091 1
4555 4555 0
9164 9164 0
20434 20434 0
20434 1022 0
8661 3561 0
8661 15867 0
1736 3561 0
10203 7746 0
988 988 0
988 1022 0
6843 7163 0
15867 15867 0
15867 3561 0
7746 10745 0
7746 4091 1
17896 17896 0
3561 4084 0
2727 3564 0
2727 4084 0
4091 10745 1
4091 4091 2
4084 4084 0
1022 1022 0
