5634 6162 1
5634 1077 1
5634 2724 0
5634 7482 0
5634 2382 0
6147 6147 0
6147 6163 0
6147 6165 0
6147 16083 0
6147 4196 0
6147 6162 1
6147 6164 0
6147 8377 0
6147 8403 0
6147 2272 0
6147 19837 0
6147 2340 0
6147 338 0
6147 4460 0
6147 4463 0
6147 4481 0
6147 4524 0
6147 2594 0
6147 8768 0
6147 14954 0
6147 2714 0
6147 2718 0
6147 2722 0
6147 688 0
6147 4795 0
6147 14072 0
6147 729 0
6147 4847 0
6147 6915 0
6147 13061 0
6147 8968 0
6147 871 0
6147 21378 0
6147 5016 0
6147 5018 0
6147 5021 0
6147 5040 0
6147 13249 0
6147 972 0
6147 13355 0
6147 1107 0
6147 5243 0
6147 1170 0
6147 1221 0
6147 5318 0
6147 1223 0
6147 6792 0
6147 19879 0
6147 1259 0
6147 3355 0
6147 9545 0
6147 3426 0
6147 1384 0
6147 3446 0
6147 5521 0
6147 7077 0
6147 7741 0
6147 1620 0
6147 1645 0
6147 1653 0
6147 8375 0
6147 1741 0
6147 5855 0
6147 7917 0
6147 1779 0
6147 5994 0
6147 1920 0
6147 8065 0
6147 3978 0
6147 3986 0
6147 1943 0
6147 8112 0
6147 16308 0
6147 8124 1
6147 6081 0
6147 2382 0
1622 4867 1
1622 1924 1
1622 1158 0
1622 1160 0
1622 4624 0
1622 1687 0
1622 1719 0
1622 4664 1
1622 5855 0
1622 1221 0
1622 1223 0
1622 5432 0
1622 1620 0
1622 3043 0
1622 6131 0
1622 3446 0
4102 4102 0
4102 6162 1
4102 6163 0
4102 6165 0
4102 690 0
4102 562 0
4102 2115 0
4102 12877 0
4102 6160 0
4102 6754 0
4102 1653 0
4102 6164 0
4102 2709 0
4102 1687 0
4102 3225 0
4102 5277 0
4102 3746 0
4102 676 0
4102 4780 0
4102 4795 0
4102 700 0
4102 287 0
4102 2338 0
4102 2375 0
4102 5469 0
4102 8549 0
4102 4458 0
4102 5521 0
4102 3986 0
4102 5021 0
4102 6081 0
4102 4550 0
4102 4551 0
4102 4091 1
1023 1584 1
1023 1586 1
1023 152 1
6828 6741 0
6828 6163 0
6828 6164 0
6828 6165 0
6828 1593 0
6828 4681 0
6828 7243 0
6828 6739 0
6828 1384 0
6828 5994 0
6828 1158 0
6828 1160 0
6828 168 1
6828 6828 0
6828 1221 0
6828 1741 0
6828 3848 0
6828 21378 0
6828 3355 0
6828 561 0
6828 301 0
6828 7480 0
6828 5434 0
6828 5855 0
6828 4967 0
6828 4463 0
6828 3446 0
6828 4992 0
6828 1924 1
6828 5521 0
6828 5016 0
6828 2458 0
6828 5018 0
6828 5021 0
6828 5045 0
6828 972 0
6828 2523 1
6828 3043 0
6828 5117 0
6666 6666 0
6666 6160 0
6666 6162 1
6666 6163 0
6666 13355 0
6666 7077 0
6666 1620 0
6666 6165 0
6666 1158 0
6666 1160 0
6666 4550 0
6666 169 0
6666 4551 0
6666 4780 0
6666 1197 0
6666 1779 0
6666 5365 0
6666 4867 1
6666 8065 0
6666 8968 0
6666 2338 0
6666 15663 0
6666 6977 0
6666 3426 0
6666 1687 0
6666 2458 0
6666 7084 0
6666 4534 0
6666 4547 0
6666 2500 0
6666 4555 0
6666 16354 0
6666 19879 0
6666 5117 0
2131 8065 1
2131 1160 1
2131 3978 1
2131 4624 1
2131 1687 1
2131 537 1
2131 3355 1
2131 5277 1
2131 286 1
2131 1584 2
2131 7077 1
2131 168 2
2131 6131 1
2131 5621 1
2131 2500 1
2131 4550 1
2131 4812 1
2131 19427 1
2131 6741 1
2131 8918 1
2131 2272 1
2131 3043 1
2131 10724 1
2131 8300 1
2131 5523 1
2131 1653 1
2131 15612 1
4110 4110 0
4110 6162 1
4110 53 0
4110 2115 0
4110 8287 0
4110 6164 0
4110 4259 0
4110 8377 0
4110 6359 0
4110 237 0
4110 4339 0
4110 287 0
4110 337 0
4110 338 0
4110 8549 0
4110 413 0
4110 4545 1
4110 4550 0
4110 14072 0
4110 4624 0
4110 4640 0
4110 2594 0
4110 8768 0
4110 590 0
4110 6741 0
4110 2701 0
4110 2703 0
4110 2706 0
4110 2708 0
4110 2709 0
4110 2712 0
4110 676 0
4110 4780 0
4110 5243 0
4110 8932 0
4110 4847 0
4110 21322 0
4110 4967 0
4110 5004 0
4110 5021 0
4110 5045 0
4110 4644 0
4110 1259 0
4110 4649 0
4110 15612 0
4110 5389 0
4110 15663 0
4110 1384 0
4110 19879 0
4110 7690 0
4110 1593 0
4110 1620 0
4110 1653 0
4110 1687 0
4110 7836 0
4110 2718 0
4110 6792 0
4110 5981 0
4110 6068 0
4110 6081 0
4110 2722 0
4110 2724 0
4110 4092 0
2989 6160 0
2989 6162 1
2989 6163 0
2989 6164 0
2989 6165 0
2989 7726 0
2989 4681 0
2989 1620 0
2989 4196 0
2989 6779 0
2989 1170 0
2989 168 1
2989 169 0
2989 4295 1
2989 1197 0
2989 4296 0
2989 1221 0
2989 1223 0
2989 4300 0
2989 4301 0
2989 1741 0
2989 729 0
2989 719 0
2989 6915 0
2989 3844 0
2989 2831 0
2989 3354 0
2989 287 0
2989 2338 0
2989 2340 0
2989 5981 0
2989 3986 0
2989 19879 0
2989 2989 0
2989 4534 0
2989 4536 0
2989 4546 0
2989 4550 0
2989 4551 0
2989 4555 0
2989 972 0
2989 16354 0
6160 6162 1
6160 6163 0
6160 6165 0
6160 6160 0
6160 6164 0
6160 4227 0
6160 8377 0
6160 4301 0
6160 8403 0
6160 6359 0
6160 4322 0
6160 287 0
6160 2338 0
6160 337 0
6160 338 0
6160 2458 0
6160 413 0
6160 4536 0
6160 4546 0
6160 4547 0
6160 4555 0
6160 473 0
6160 562 0
6160 590 0
6160 16975 0
6160 6739 0
6160 6754 0
6160 4707 0
6160 14954 0
6160 2703 0
6160 2709 0
6160 2718 0
6160 2722 0
6160 8867 0
6160 4795 0
6160 5923 0
6160 729 0
6160 6915 0
6160 2831 0
6160 871 0
6160 21378 0
6160 13284 0
6160 3174 0
6160 7275 0
6160 5243 0
6160 1221 0
6160 5389 0
6160 15663 0
6160 7496 0
6160 9545 0
6160 5464 0
6160 5469 0
6160 3426 0
6160 3447 0
6160 3464 0
6160 5520 0
6160 3632 0
6160 7741 0
6160 15952 0
6160 6755 0
6160 1620 0
6160 1653 0
6160 1667 0
6160 1668 0
6160 7836 0
6160 16083 0
6160 7893 0
6160 7948 0
6160 3866 1
6160 5924 0
6160 16176 0
6160 5981 0
6160 1920 0
6160 8065 0
6160 3986 0
6160 1943 0
6160 2714 0
6160 6068 0
6160 4092 0
6162 6162 2
6162 6163 1
6162 6165 1
6162 4129 1
6162 34 1
6162 2115 1
6162 4188 1
6162 6164 1
6162 4227 1
6162 168 2
6162 8377 1
6162 8403 1
6162 6359 1
6162 4322 1
6162 16308 1
6162 2338 1
6162 2340 1
6162 337 1
6162 338 1
6162 8932 1
6162 360 1
6162 4460 1
6162 388 1
6162 4491 1
6162 2458 1
6162 413 1
6162 10711 1
6162 473 1
6162 19879 1
6162 4640 1
6162 2594 1
6162 562 1
6162 8768 1
6162 18871 1
6162 12877 1
6162 590 1
6162 6739 1
6162 6741 1
6162 2831 1
6162 12895 1
6162 6754 1
6162 4707 1
6162 2701 1
6162 2703 1
6162 2712 1
6162 2714 1
6162 669 1
6162 2718 1
6162 2722 1
6162 8867 1
6162 676 1
6162 688 1
6162 690 1
6162 4795 1
6162 700 1
6162 729 1
6162 4847 1
6162 6915 1
6162 13061 1
6162 9009 1
6162 15183 1
6162 861 1
6162 871 1
6162 21378 1
6162 5004 1
6162 5016 1
6162 13284 1
6162 1016 1
6162 5117 1
6162 3141 1
6162 7243 1
6162 3174 1
6162 7275 1
6162 5243 1
6162 1197 1
6162 5318 1
6162 5389 1
6162 15663 1
6162 9545 1
6162 5469 1
6162 3426 1
6162 11634 1
6162 3447 1
6162 5496 1
6162 19837 1
6162 3464 1
6162 5520 1
6162 5543 1
6162 16975 1
6162 7690 1
6162 7699 1
6162 3632 1
6162 1593 1
6162 1604 1
6162 15952 1
6162 6755 1
6162 1620 1
6162 1645 1
6162 15999 1
6162 1667 1
6162 1668 1
6162 7836 1
6162 3746 1
6162 16083 1
6162 7893 1
6162 5855 1
6162 7917 1
6162 3848 1
6162 7948 1
6162 7956 1
6162 5923 1
6162 5924 1
6162 16176 1
6162 5952 1
6162 3929 2
6162 1920 1
6162 8065 1
6162 3986 1
6162 1943 1
6162 18332 1
6162 8112 1
6162 6068 1
6162 6081 1
6162 4092 1
6163 6163 0
6163 6165 0
6163 2115 0
6163 8549 0
6163 6164 0
6163 4227 0
6163 4259 0
6163 168 1
6163 4300 0
6163 8403 0
6163 6359 0
6163 4322 0
6163 287 0
6163 2338 0
6163 3464 0
6163 337 0
6163 338 0
6163 2458 0
6163 413 0
6163 4534 0
6163 4536 0
6163 4546 0
6163 4547 0
6163 14072 0
6163 473 0
6163 562 0
6163 18871 0
6163 590 0
6163 16975 0
6163 6739 0
6163 6741 0
6163 4707 0
6163 14954 0
6163 2703 0
6163 2712 0
6163 8867 0
6163 2724 0
6163 8881 0
6163 690 0
6163 4795 0
6163 700 0
6163 729 0
6163 6915 0
6163 13061 0
6163 2831 0
6163 4967 0
6163 4992 0
6163 21378 0
6163 5016 0
6163 5018 0
6163 5021 0
6163 5045 0
6163 13284 0
6163 861 0
6163 7243 0
6163 3174 0
6163 7275 0
6163 5243 0
6163 1170 0
6163 5277 0
6163 7480 0
6163 5469 0
6163 3426 0
6163 1384 0
6163 11634 0
6163 3447 0
6163 5496 0
6163 3632 0
6163 871 0
6163 1593 0
6163 1604 0
6163 6755 0
6163 1645 0
6163 1653 0
6163 1668 0
6163 7836 0
6163 3746 0
6163 16083 0
6163 7893 0
6163 5855 0
6163 1765 0
6163 3848 0
6163 7948 0
6163 15663 0
6163 5923 0
6163 5924 0
6163 16176 0
6163 3929 1
6163 5981 0
6163 1920 0
6163 8065 0
6163 3986 0
6163 1943 0
6163 18332 0
6163 8112 0
6163 6068 0
6163 6081 0
6163 4091 1
6163 4092 0
6164 6165 0
6164 4196 0
6164 6755 0
6164 6164 0
6164 4227 0
6164 4295 1
6164 8403 0
6164 4322 0
6164 2338 0
6164 301 0
6164 337 0
6164 338 0
6164 4463 0
6164 2458 0
6164 4546 0
6164 473 0
6164 10745 0
6164 12877 0
6164 590 0
6164 6739 0
6164 6741 0
6164 4707 0
6164 7275 0
6164 2712 0
6164 2714 0
6164 8867 0
6164 690 0
6164 4795 0
6164 729 0
6164 6915 0
6164 13061 0
6164 861 0
6164 4967 0
6164 4992 0
6164 5016 0
6164 5018 0
6164 5045 0
6164 13284 0
6164 7243 0
6164 3174 0
6164 871 0
6164 1160 0
6164 5318 0
6164 5021 0
6164 562 0
6164 15663 0
6164 7480 0
6164 5469 0
6164 3426 0
6164 6035 0
6164 3447 0
6164 3464 0
6164 5520 0
6164 7690 0
6164 3632 0
6164 1593 0
6164 15952 0
6164 1645 0
6164 1653 0
6164 15999 0
6164 1668 0
6164 7836 0
6164 1741 0
6164 16083 0
6164 3848 0
6164 7948 0
6164 5923 0
6164 5924 0
6164 16176 0
6164 1920 0
6164 8065 0
6164 3986 0
6164 1943 0
6164 8112 0
6164 6068 0
6164 4091 1
6165 4129 0
6165 8881 0
6165 53 0
6165 2115 0
6165 4227 0
6165 168 1
6165 169 0
6165 4296 0
6165 8403 0
6165 6359 0
6165 6165 0
6165 287 0
6165 2338 0
6165 337 0
6165 8549 0
6165 4491 0
6165 2458 0
6165 4524 0
6165 413 0
6165 4534 0
6165 4536 0
6165 4546 0
6165 4547 0
6165 4555 0
6165 473 0
6165 19879 0
6165 2594 0
6165 561 0
6165 562 0
6165 18871 0
6165 12877 0
6165 16975 0
6165 6739 0
6165 6741 0
6165 6754 0
6165 4707 0
6165 6792 0
6165 2703 0
6165 2708 0
6165 2709 0
6165 2712 0
6165 2714 0
6165 669 0
6165 2718 0
6165 2722 0
6165 676 0
6165 690 0
6165 4795 0
6165 14072 0
6165 729 0
6165 6915 0
6165 2831 0
6165 861 0
6165 871 0
6165 4992 0
6165 21378 0
6165 5004 0
6165 13200 0
6165 5016 0
6165 13284 0
6165 5117 0
6165 3141 0
6165 3174 0
6165 7275 0
6165 5243 0
6165 3232 0
6165 13512 0
6165 8738 0
6165 1259 0
6165 5365 0
6165 15663 0
6165 7496 0
6165 9545 0
6165 5464 0
6165 3426 0
6165 3447 0
6165 5496 0
6165 8768 0
6165 3464 0
6165 5543 0
6165 15952 0
6165 1523 1
6165 3632 0
6165 16308 0
6165 6755 0
6165 1620 0
6165 1645 0
6165 1668 0
6165 7893 0
6165 5855 0
6165 1765 0
6165 3848 0
6165 7948 0
6165 7956 0
6165 1824 0
6165 5923 0
6165 5924 0
6165 3929 1
6165 5981 0
6165 1920 0
6165 8065 0
6165 3978 0
6165 3986 0
6165 1943 0
6165 18332 0
6165 7836 0
6165 8112 0
6165 6068 0
6165 6081 0
6165 8867 0
6165 2724 0
3929 4624 1
3929 4640 1
3929 4129 1
3929 2594 1
3929 4644 1
3929 4649 1
3929 53 1
3929 8768 1
3929 3141 1
3929 590 1
3929 3158 1
3929 8287 1
3929 3174 1
3929 1667 1
3929 2701 1
3929 2706 1
3929 2708 1
3929 2709 1
3929 2710 1
3929 2714 1
3929 8860 1
3929 669 1
3929 2718 1
3929 2722 1
3929 4259 1
3929 2724 1
3929 4780 1
3929 3249 1
3929 719 1
3929 8932 1
3929 237 1
3929 4847 1
3929 4343 1
3929 1824 1
3929 5938 1
3929 7480 1
3929 7496 1
3929 3929 2
3929 3930 1
3929 5469 1
3929 8549 1
3929 4967 1
3929 8738 1
3929 4460 1
3929 5500 1
3929 4479 1
3929 4992 1
3929 3978 1
3929 13200 1
3929 5016 1
3929 5018 1
3929 8112 1
3929 19879 1
3929 5277 1
3929 5040 1
3929 6068 1
3929 4547 1
3929 4551 1
3929 14072 1
3929 8867 1
3929 15183 1
3929 1016 1
20505 4524 0
20505 4546 0
20505 20505 0
20505 168 1
20505 1197 0
20505 53 0
20505 4534 0
20505 4536 0
20505 4547 0
20505 1221 0
20505 4550 0
20505 4551 0
20505 4664 1
20505 4780 0
2706 4624 0
2706 4640 0
2706 8738 0
2706 4644 0
2706 4649 0
2706 4664 1
2706 14072 0
2706 3426 0
2706 1620 0
2706 8287 0
2706 2703 0
2706 2709 0
2706 2712 0
2706 8860 0
2706 2718 0
2706 2594 0
2706 5855 0
2706 8932 0
2706 1765 0
2706 13355 0
2706 13356 0
2706 287 0
2706 5938 0
2706 13200 0
29 29 0
29 6739 0
29 2701 0
29 669 0
29 3232 0
29 4259 0
29 9086 1
29 4479 0
29 3986 0
29 4545 1
29 2500 0
3102 1765 0
3102 1584 1
3102 1586 1
3102 6739 0
3102 6359 0
3102 5981 0
18181 8065 0
18181 10711 0
18181 18181 0
18181 3986 0
18181 7077 0
18181 168 1
18181 169 0
18181 301 0
18181 8375 0
18181 6068 0
18181 8768 0
18181 4546 0
18181 2500 0
18181 4295 1
18181 4300 0
18181 4301 0
18181 729 0
18181 5855 0
18181 1259 0
18181 5885 0
18181 1653 0
18181 1620 0
4640 4624 0
4640 4644 0
4640 4649 0
4640 13061 0
4640 6739 0
4640 2703 0
4640 2709 0
4640 2712 0
4640 2714 0
4640 729 0
4640 8932 0
4640 5885 0
4640 287 0
4640 5981 0
4640 1170 0
4640 3446 0
4640 3464 0
4640 13200 0
4640 3986 0
4640 18332 0
4640 8112 0
4640 6068 0
4129 16308 0
4129 8768 0
4129 1653 0
4129 15999 0
4129 8860 0
4129 2718 0
4129 2722 0
4129 8881 0
4129 4295 1
4129 4296 0
4129 4300 0
4129 34 0
4129 7893 0
4129 5855 0
4129 1765 0
4129 5885 0
4129 6910 0
4129 7726 0
4129 287 0
4129 9009 0
4129 5952 0
4129 6977 0
4129 861 0
4129 3426 0
4129 3986 0
4129 1943 0
4129 18332 0
4129 19879 0
4129 8112 0
34 3986 0
34 34 0
34 168 1
34 12895 0
34 1221 0
34 13512 0
34 8375 0
34 3043 0
34 5885 0
4644 19879 0
4644 4624 0
4644 4644 0
4644 4649 0
4644 6739 0
4644 5243 0
4644 1160 0
4644 2701 0
4644 2703 0
4644 2709 0
4644 2712 0
4644 168 1
4644 4812 0
4644 1741 0
4644 729 0
4644 5855 0
4644 8932 0
4644 5885 0
4644 7893 0
4644 13355 0
4644 8968 0
4644 5432 0
4644 861 0
4644 3446 0
4644 3447 0
4644 8065 0
4644 3464 0
4644 13200 0
4644 3986 0
4644 6035 0
4644 18332 0
4644 5981 0
4644 4524 0
4644 8112 0
4644 6081 0
518 518 2
518 1158 1
518 1741 1
518 3795 1
518 1653 1
518 3930 1
518 5082 1
518 287 1
8881 8881 0
8881 53 0
8881 2115 0
8881 2169 1
8881 4259 0
8881 8377 0
8881 237 0
8881 4339 0
8881 2338 0
8881 2382 0
8881 8549 0
8881 360 0
8881 4536 0
8881 4547 0
8881 2594 0
8881 13249 0
8881 590 0
8881 6739 0
8881 6741 0
8881 6755 0
8881 2701 0
8881 2703 0
8881 2708 0
8881 2709 0
8881 2710 0
8881 2712 0
8881 2714 0
8881 2718 0
8881 2724 0
8881 8875 0
8881 4795 0
8881 14072 0
8881 861 0
8881 871 0
8881 4992 0
8881 21378 0
8881 5004 0
8881 5016 0
8881 5018 0
8881 5021 0
8881 5040 0
8881 5045 0
8881 972 0
8881 3043 0
8881 3046 0
8881 8968 0
8881 3141 0
8881 4967 0
8881 5243 0
8881 5277 0
8881 1197 0
8881 3249 0
8881 1221 0
8881 1259 0
8881 3353 0
8881 3355 0
8881 7480 0
8881 5464 0
8881 5469 0
8881 1384 0
8881 3446 0
8881 5500 0
8881 5521 0
8881 5523 0
8881 19879 0
8881 5365 0
8881 1523 1
8881 1587 0
8881 1588 0
8881 1593 0
8881 1604 0
8881 1653 0
8881 6081 0
8881 287 0
8881 1741 0
8881 5855 0
8881 1765 0
8881 3848 0
8881 5981 0
8881 5994 0
8881 3978 0
8881 3986 0
8881 18332 0
8881 6068 0
8881 6094 0
4649 7690 0
4649 4624 0
4649 4649 0
4649 8287 0
4649 1620 0
4649 2703 0
4649 2708 0
4649 2709 0
4649 2712 0
4649 3743 1
4649 12895 0
4649 5855 0
4649 8932 0
4649 5885 0
4649 3844 0
4649 3848 0
4649 287 0
4649 5981 0
4649 3446 0
4649 13200 0
4649 3986 0
4649 18332 0
4649 413 0
4649 19879 0
4649 6068 0
4649 6741 0
2712 53 0
2712 2115 0
2712 8287 0
2712 168 1
2712 4296 0
2712 4301 0
2712 6359 0
2712 19837 0
2712 8738 0
2712 287 0
2712 2338 0
2712 2375 0
2712 337 0
2712 338 0
2712 4463 0
2712 4479 0
2712 413 0
2712 2500 0
2712 4555 0
2712 10724 0
2712 4624 0
2712 537 0
2712 2594 0
2712 561 0
2712 562 0
2712 4664 1
2712 590 0
2712 6739 0
2712 6741 0
2712 6792 0
2712 2701 0
2712 2703 0
2712 2708 0
2712 2709 0
2712 2710 0
2712 2712 0
2712 2714 0
2712 8860 0
2712 2718 0
2712 2722 0
2712 8867 0
2712 2724 0
2712 8875 0
2712 4795 0
2712 729 0
2712 8932 0
2712 6910 0
2712 8968 0
2712 861 0
2712 4967 0
2712 21378 0
2712 6977 0
2712 5004 0
2712 13200 0
2712 5018 0
2712 3043 0
2712 5117 0
2712 13356 0
2712 3141 0
2712 1107 0
2712 5243 0
2712 1170 0
2712 3225 0
2712 5277 0
2712 3249 0
2712 13512 0
2712 1259 0
2712 5389 0
2712 3354 0
2712 15663 0
2712 5432 0
2712 3426 0
2712 1384 0
2712 4547 0
2712 3446 0
2712 19879 0
2712 3533 0
2712 7077 0
2712 7726 0
2712 3632 0
2712 7741 0
2712 1620 0
2712 1741 0
2712 5855 0
2712 14072 0
2712 5885 0
2712 3848 0
2712 5938 0
2712 5981 0
2712 8850 0
2712 3978 0
2712 3986 0
2712 1943 0
2712 18332 0
2712 6068 0
2712 6081 0
13355 8549 0
13355 4343 0
13355 287 0
13355 360 0
13355 4463 0
13355 4479 0
13355 388 0
13355 2458 0
13355 14072 0
13355 6755 0
13355 2701 0
13355 2708 0
13355 676 0
13355 4967 0
13355 5004 0
13355 5018 0
13355 5021 0
13355 3141 0
13355 1221 0
13355 1223 0
13355 5365 0
13355 5464 0
13355 4547 0
13355 19879 0
13355 1523 1
13355 7690 0
13355 1653 0
13355 3746 0
13355 7893 0
13355 5855 0
13355 1765 0
13355 3866 1
13355 1824 0
13355 1943 0
13355 8112 0
13355 6068 0
13356 13249 0
13356 2115 0
13356 1604 0
13356 8287 0
13356 6081 0
13356 3743 1
13356 168 1
13356 6359 0
13356 6401 0
13356 5952 0
13356 3446 0
13356 8768 0
13356 4547 0
13356 2500 0
13356 4551 0
13356 19879 0
13356 1523 1
7726 4188 0
7726 270 0
7726 2338 0
7726 8549 0
7726 360 0
7726 4479 0
7726 388 0
7726 4545 1
7726 8768 0
7726 6741 0
7726 6792 0
7726 2703 0
7726 8860 0
7726 669 0
7726 2718 0
7726 2722 0
7726 6915 0
7726 9009 0
7726 4992 0
7726 972 0
7726 5243 0
7726 5277 0
7726 3249 0
7726 5365 0
7726 5464 0
7726 3426 0
7726 1384 0
7726 19837 0
7726 19879 0
7726 1523 1
7726 7690 0
7726 7726 0
7726 1645 0
7726 3746 0
7726 1741 0
7726 14072 0
7726 5981 0
7726 5994 0
7726 6068 0
5469 53 0
5469 4185 0
5469 8287 0
5469 4196 0
5469 168 1
5469 4300 0
5469 4339 0
5469 2340 0
5469 301 0
5469 337 0
5469 338 0
5469 5523 0
5469 2115 0
5469 4524 0
5469 4534 0
5469 4536 0
5469 4546 0
5469 4681 0
5469 2338 0
5469 2668 0
5469 6779 0
5469 2718 0
5469 2722 0
5469 4795 0
5469 4812 0
5469 719 0
5469 729 0
5469 4867 1
5469 13061 0
5469 2831 0
5469 9009 0
5469 861 0
5469 871 0
5469 7077 0
5469 7084 0
5469 3010 0
5469 972 0
5469 3046 0
5469 5981 0
5469 7275 0
5469 1160 0
5469 1170 0
5469 1221 0
5469 13512 0
5469 1259 0
5469 5389 0
5469 5432 0
5469 5464 0
5469 5469 0
5469 3446 0
5469 19837 0
5469 5521 0
5469 3632 0
5469 1587 0
5469 1613 0
5469 1620 0
5469 1667 0
5469 1687 0
5469 1719 0
5469 1741 0
5469 5855 0
5469 1765 0
5469 7917 0
5469 5885 0
5469 3844 0
5469 3986 0
5469 1943 0
5469 6131 0
5469 6792 0
1584 1570 1
1584 3043 1
1584 6401 1
1584 3533 1
1584 1584 2
1584 1587 1
1584 1588 1
1584 8875 1
561 168 1
561 169 0
561 4300 0
561 270 0
561 273 0
561 301 0
561 4463 0
561 2458 0
561 4547 0
561 2500 0
561 4550 0
561 4551 0
561 2594 0
561 561 0
561 8768 0
561 12895 0
561 2701 0
561 2718 0
561 2724 0
561 700 0
561 706 0
561 871 0
561 4992 0
561 6977 0
561 3043 0
561 3046 0
561 861 0
561 5243 0
561 1158 0
561 1160 0
561 3225 0
561 5277 0
561 1221 0
561 1249 0
561 1250 0
561 1259 0
561 5365 0
561 3353 0
561 3354 0
561 3355 0
561 5432 0
561 9545 0
561 5496 0
561 5521 0
561 5523 0
561 19879 0
561 1687 0
561 1741 0
561 5855 0
561 1779 0
561 5981 0
561 5994 0
561 1920 0
561 1924 1
561 3978 0
561 8112 0
561 6068 0
562 2703 0
562 2709 0
562 2718 0
562 2722 0
562 8867 0
562 4550 0
562 168 1
562 169 0
562 4524 0
562 9009 0
562 562 0
562 4534 0
562 4795 0
562 4551 0
562 473 0
562 5981 0
562 5318 0
562 2668 0
562 14072 0
1570 152 1
1570 18332 0
1570 5500 0
1570 4719 0
1076 9056 1
1076 2375 1
1076 18332 1
1076 4719 1
1076 3249 1
1076 1082 1
53 53 0
53 2115 0
53 8549 0
53 168 1
53 4301 0
53 6359 0
53 287 0
53 2338 0
53 301 0
53 337 0
53 338 0
53 4463 0
53 2458 0
53 413 0
53 4536 0
53 2500 0
53 19879 0
53 4624 0
53 2594 0
53 8768 0
53 6741 0
53 2703 0
53 2708 0
53 2718 0
53 2722 0
53 8867 0
53 2724 0
53 8875 0
53 4780 0
53 719 0
53 729 0
53 6910 0
53 9009 0
53 4967 0
53 5004 0
53 5018 0
53 7084 0
53 1016 0
53 3930 0
53 861 0
53 3141 0
53 5243 0
53 13200 0
53 1170 0
53 3225 0
53 3249 0
53 5365 0
53 5389 0
53 3354 0
53 15663 0
53 5464 0
53 1384 0
53 3446 0
53 3533 0
53 6739 0
53 1593 0
53 7741 0
53 13284 0
53 1653 0
53 1667 0
53 1687 0
53 3746 0
53 1741 0
53 5855 0
53 5866 0
53 3848 0
53 5923 0
53 5981 0
53 3978 0
53 1943 0
53 6068 0
53 6081 0
1078 3010 1
1078 2375 1
1078 4339 1
4664 8875 1
4664 537 1
4664 5040 1
4664 7084 1
4664 4664 2
4664 1593 1
4664 5045 1
4664 4681 1
4664 15952 1
4664 6755 1
4664 4185 1
4664 8287 1
4664 4707 1
4664 7275 1
4664 1653 1
4664 5243 1
4664 5994 1
4664 15999 1
4664 2176 1
4664 2701 1
4664 2703 1
4664 2709 1
4664 2710 1
4664 3225 1
4664 8860 1
4664 669 1
4664 2718 1
4664 2722 1
4664 4259 1
4664 2724 1
4664 168 2
4664 169 1
4664 4295 2
4664 8375 1
4664 8377 1
4664 15612 1
4664 1221 1
4664 1223 1
4664 4296 1
4664 4300 1
4664 1741 1
4664 719 1
4664 729 1
4664 5855 1
4664 4301 1
4664 6779 1
4664 5500 1
4664 1259 1
4664 237 1
4664 4343 1
4664 3844 1
4664 5021 1
4664 270 1
4664 5277 1
4664 4485 1
4664 1824 1
4664 301 1
4664 7480 1
4664 7482 1
4664 5952 1
4664 21322 1
4664 2382 1
4664 5464 1
4664 5981 1
4664 6118 1
4664 4967 1
4664 4458 1
4664 4463 1
4664 5496 1
4664 4992 1
4664 20204 1
4664 4491 1
4664 5004 1
4664 5520 1
4664 6035 1
4664 5016 1
4664 5018 1
4664 413 1
4664 5543 1
4664 7496 1
4664 4542 1
4664 13249 1
4664 4546 1
4664 3746 1
4664 8898 1
4664 13284 1
4664 3046 1
4664 1523 2
1593 5981 0
1593 1604 0
1593 7243 0
1593 1107 0
1593 6741 0
1593 4967 0
1593 6792 0
1593 8875 0
1593 5885 0
1593 3848 0
1593 337 0
1593 338 0
1593 3426 0
1593 4992 0
1593 7480 0
1593 5016 0
1593 2458 0
1593 5018 0
1593 6068 0
1593 5045 0
1593 972 0
1593 5021 0
1593 5543 0
1593 6739 0
1082 1077 1
12895 5981 0
12895 6739 0
12895 6741 0
12895 12895 0
12895 2709 0
12895 688 0
12895 861 0
12895 5952 0
12895 3426 0
12895 5994 0
12895 8112 0
12895 6068 0
12895 1016 0
12895 4091 1
7690 13061 0
7690 3986 0
7690 2458 0
7690 2338 0
7690 688 0
7690 690 0
7690 16308 0
7690 18227 0
7690 10433 0
7690 2375 0
7690 12877 0
7690 7893 0
7690 16975 0
7690 861 0
7690 1765 0
7690 360 0
7690 1653 0
7690 4091 1
7690 4092 0
7690 5885 0
7690 2709 0
5924 3986 0
5924 3353 0
5924 3354 0
5924 669 0
5924 2338 0
5924 5923 0
5924 168 1
5924 169 0
5924 4545 1
5924 4550 0
5924 4551 0
5924 4681 0
5924 1741 0
5924 2382 0
5924 719 0
5924 8867 0
5924 5981 0
5924 16354 0
5924 871 0
8768 4259 0
8768 237 0
8768 287 0
8768 2338 0
8768 4463 0
8768 2500 0
8768 537 0
8768 8768 0
8768 590 0
8768 6739 0
8768 6741 0
8768 2709 0
8768 2722 0
8768 8867 0
8768 2724 0
8768 13061 0
8768 6977 0
8768 4992 0
8768 13200 0
8768 5016 0
8768 5018 0
8768 5021 0
8768 5045 0
8768 1016 0
8768 3141 0
8768 5277 0
8768 1259 0
8768 7480 0
8768 3446 0
8768 5500 0
8768 19837 0
8768 3533 0
8768 6068 0
8768 1667 0
8768 1687 0
8768 7836 0
8768 1741 0
8768 7893 0
8768 14072 0
8768 5885 0
8768 5981 0
8768 8065 0
8768 3978 0
8768 3986 0
8768 1943 0
8768 18332 0
8768 8112 0
8768 16308 0
8768 16354 0
6131 1160 0
6131 5774 0
6131 2708 0
6131 4524 0
6131 2130 0
6131 5855 0
6131 1765 0
6131 5994 0
6131 14546 1
6131 1779 0
6131 3446 0
1741 8287 0
1741 168 1
1741 169 0
1741 4295 1
1741 4300 0
1741 6359 0
1741 2272 0
1741 237 0
1741 4343 0
1741 2338 0
1741 301 0
1741 2375 0
1741 8549 0
1741 4463 0
1741 4479 0
1741 2115 0
1741 2458 0
1741 4524 0
1741 4545 1
1741 4546 0
1741 4547 0
1741 2500 0
1741 4550 0
1741 4551 0
1741 4555 0
1741 2594 0
1741 6739 0
1741 6779 0
1741 8850 0
1741 2708 0
1741 2714 0
1741 669 0
1741 2718 0
1741 2722 0
1741 8867 0
1741 2724 0
1741 4812 0
1741 719 0
1741 6915 0
1741 8968 0
1741 861 0
1741 4967 0
1741 5004 0
1741 5016 0
1741 5018 0
1741 5021 0
1741 5045 0
1741 972 0
1741 3043 0
1741 3046 0
1741 2831 0
1741 7243 0
1741 3158 0
1741 3174 0
1741 5243 0
1741 1160 0
1741 3225 0
1741 5277 0
1741 1197 0
1741 1221 0
1741 1223 0
1741 4301 0
1741 1259 0
1741 5365 0
1741 3353 0
1741 3354 0
1741 3355 0
1741 5432 0
1741 5434 0
1741 5464 0
1741 1384 0
1741 3446 0
1741 19837 0
1741 5523 0
1741 19879 0
1741 6741 0
1741 7699 0
1741 7077 0
1741 1620 0
1741 5734 0
1741 1667 0
1741 1687 0
1741 7836 0
1741 1741 0
1741 5855 0
1741 1765 0
1741 1779 0
1741 5885 0
1741 5923 0
1741 3930 0
1741 5994 0
1741 1920 0
1741 8065 0
1741 3978 0
1741 7496 0
1741 6068 0
1741 2382 0
1741 16354 0
2115 8875 0
2115 4624 0
2115 13061 0
2115 2594 0
2115 16308 0
2115 7741 0
2115 2115 0
2115 3141 0
2115 4681 0
2115 14072 0
2115 6739 0
2115 1620 0
2115 6741 0
2115 5885 0
2115 4967 0
2115 5243 0
2115 1687 0
2115 3225 0
2115 2718 0
2115 2722 0
2115 8867 0
2115 2724 0
2115 168 1
2115 690 0
2115 6359 0
2115 729 0
2115 5855 0
2115 1249 0
2115 1765 0
2115 16354 0
2115 19837 0
2115 8860 0
2115 6910 0
2115 7893 0
2115 3848 0
2115 5389 0
2115 287 0
2115 2338 0
2115 301 0
2115 6977 0
2115 2375 0
2115 2382 0
2115 338 0
2115 861 0
2115 3426 0
2115 1384 0
2115 3446 0
2115 4481 0
2115 3464 0
2115 3978 0
2115 5004 0
2115 3986 0
2115 1943 0
2115 5018 0
2115 18332 0
2115 413 0
2115 8112 0
2115 6081 0
2115 4550 0
2115 3533 0
2115 19879 0
2115 5117 0
1604 13061 0
1604 2594 0
1604 1604 0
1604 4681 0
1604 6739 0
1604 1620 0
1604 6741 0
1604 13406 0
1604 168 1
1604 8375 0
1604 7893 0
1604 3848 0
1604 2338 0
1604 6977 0
1604 2382 0
1604 861 0
1604 3426 0
1604 3986 0
1604 3446 0
1604 8065 0
1604 13200 0
1604 1943 0
1604 19879 0
1604 16308 0
1604 4542 0
1604 18332 0
1604 16354 0
3141 13061 0
3141 2594 0
3141 5981 0
3141 16308 0
3141 3141 0
3141 1620 0
3141 3225 0
3141 4967 0
3141 1653 0
3141 5243 0
3141 2709 0
3141 2718 0
3141 2722 0
3141 2724 0
3141 4780 0
3141 6359 0
3141 5855 0
3141 19879 0
3141 4847 0
3141 3353 0
3141 3354 0
3141 3355 0
3141 5938 0
3141 6977 0
3141 338 0
3141 861 0
3141 3934 0
3141 3426 0
3141 1384 0
3141 5994 0
3141 3986 0
3141 8065 0
3141 3978 0
3141 5004 0
3141 1943 0
3141 5018 0
3141 413 0
3141 8112 0
3141 6081 0
3141 3533 0
3141 18332 0
3141 5885 0
3141 7893 0
3141 6739 0
8777 7496 1
8777 7482 1
7243 7243 0
7243 6739 0
7243 6741 0
7243 1158 0
7243 168 1
7243 2272 0
7243 1249 0
7243 3848 0
7243 3354 0
7243 3355 0
7243 301 0
7243 7480 0
7243 5855 0
7243 4967 0
7243 4992 0
7243 1924 1
7243 5016 0
7243 2458 0
7243 5018 0
7243 7077 0
7243 5021 0
7243 8112 0
7243 5045 0
7243 4555 0
7243 2523 1
7243 3043 0
7243 5994 0
1613 3866 1
1613 4295 1
1613 4296 0
1613 4300 0
1613 1613 0
1613 4301 0
1613 4322 0
1613 6779 0
590 590 0
590 6739 0
590 6741 0
590 5243 0
590 1667 0
590 2722 0
590 4259 0
590 2724 0
590 7893 0
590 6359 0
590 237 0
590 15999 0
590 3848 0
590 8875 0
590 18227 0
590 7480 0
590 338 0
590 5981 0
590 3426 0
590 5500 0
590 4479 0
590 8065 0
590 3978 0
590 3986 0
590 18332 0
590 19879 0
590 8112 0
590 16308 0
590 5045 0
590 4534 0
590 4536 0
590 4546 0
590 4550 0
590 4551 0
590 14072 0
590 3043 0
590 3046 0
590 1943 0
590 1016 0
16975 1687 0
16975 3249 0
16975 2338 0
16975 7480 0
16975 6977 0
16975 7496 0
16975 338 0
16975 5994 0
16975 8112 0
16975 6081 0
16975 1523 1
15952 287 0
15952 1620 0
15952 3930 0
2130 1160 0
2130 2708 0
2130 1687 0
2130 2714 0
2130 7836 0
2130 168 1
2130 169 0
2130 700 0
2130 5365 0
2130 286 0
2130 5432 0
2130 5981 0
2130 8065 0
2130 1924 1
2130 3978 0
2130 5523 0
2130 7077 0
2130 2500 0
2130 4550 0
2130 4551 0
2130 10724 0
2130 5621 0
1107 1158 0
1107 6792 0
1107 2703 0
1107 2709 0
1107 8860 0
1107 669 0
1107 2718 0
1107 2722 0
1107 168 1
1107 169 0
1107 3249 0
1107 972 0
1107 1107 0
1107 5243 0
1107 5885 0
1107 1523 1
1107 14072 0
1620 4185 0
1620 413 0
1620 4259 0
1620 168 1
1620 169 0
1620 8375 0
1620 4296 0
1620 4300 0
1620 4301 0
1620 6359 0
1620 4322 0
1620 237 0
1620 3795 0
1620 4343 0
1620 388 0
1620 287 0
1620 2338 0
1620 2340 0
1620 2375 0
1620 337 0
1620 338 0
1620 360 0
1620 5523 0
1620 4479 0
1620 4481 0
1620 7917 0
1620 2458 0
1620 4524 0
1620 4534 0
1620 4536 0
1620 4546 0
1620 4550 0
1620 4555 0
1620 4681 0
1620 6754 0
1620 6755 0
1620 6779 0
1620 2701 0
1620 2703 0
1620 4547 0
1620 2708 0
1620 2709 0
1620 2714 0
1620 8860 0
1620 669 0
1620 2718 0
1620 2722 0
1620 8867 0
1620 676 0
1620 4795 0
1620 14072 0
1620 719 0
1620 729 0
1620 8932 0
1620 4847 0
1620 4867 1
1620 2831 0
1620 6915 0
1620 3010 0
1620 3046 0
1620 8287 0
1620 3158 0
1620 8377 0
1620 9009 0
1620 3174 0
1620 7275 0
1620 5243 0
1620 1170 0
1620 1197 0
1620 1221 0
1620 1249 0
1620 1250 0
1620 1259 0
1620 8403 0
1620 5389 0
1620 5432 0
1620 5500 0
1620 19837 0
1620 5521 0
1620 4339 0
1620 4551 0
1620 8850 0
1620 1620 0
1620 1667 0
1620 4719 0
1620 1719 0
1620 5855 0
1620 1765 0
1620 3844 0
1620 301 0
1620 6792 0
1620 5952 0
1620 7480 0
1620 13284 0
1620 5981 0
1620 3986 0
1620 1943 0
1620 18332 0
1620 8112 0
1620 2724 0
6741 8377 0
6741 237 0
6741 19837 0
6741 8549 0
6741 4458 0
6741 4463 0
6741 2458 0
6741 413 0
6741 14072 0
6741 4624 0
6741 2594 0
6741 6739 0
6741 6741 0
6741 6755 0
6741 6977 0
6741 6792 0
6741 2701 0
6741 2703 0
6741 2708 0
6741 2709 0
6741 2710 0
6741 669 0
6741 2718 0
6741 2722 0
6741 2724 0
6741 8875 0
6741 6910 0
6741 8968 0
6741 871 0
6741 4992 0
6741 5004 0
6741 5016 0
6741 5018 0
6741 5021 0
6741 5040 0
6741 5045 0
6741 972 0
6741 861 0
6741 4967 0
6741 5243 0
6741 5277 0
6741 3249 0
6741 1259 0
6741 15612 0
6741 3354 0
6741 7480 0
6741 9545 0
6741 5464 0
6741 1384 0
6741 3446 0
6741 19879 0
6741 1653 0
6741 3746 0
6741 1765 0
6741 1779 0
6741 5885 0
6741 3844 0
6741 3848 0
6741 7956 0
6741 5981 0
6741 3978 0
6741 3986 0
6741 18332 0
6741 6068 0
6741 6081 0
3158 7741 0
3158 4795 0
3158 3174 0
3158 6792 0
3158 1170 0
3158 2709 0
3158 8867 0
3158 1197 0
3158 700 0
3158 719 0
3158 2338 0
3158 6977 0
3158 4458 0
3158 3446 0
3158 1943 0
3158 4536 0
3158 4550 0
3158 4551 0
3158 4555 0
3158 1523 1
4185 4681 0
4185 4185 0
4185 4719 0
4185 6779 0
4185 1170 0
4185 2718 0
4185 4795 0
4185 4295 1
4185 4300 0
4185 4301 0
4185 719 0
4185 4339 0
4185 3844 0
4185 729 0
4185 2338 0
4185 2340 0
4185 7482 0
4185 7496 0
4185 5521 0
4185 3986 0
4185 5523 0
4185 3010 0
18227 1667 0
18227 2709 0
18227 676 0
18227 18332 0
18227 4847 0
18227 9086 1
18227 2375 0
18227 4545 1
4188 4491 0
4188 3986 0
4188 1943 0
4188 18332 0
4188 168 1
4188 8112 0
4188 4188 0
4188 1645 0
4188 6739 0
13284 537 0
13284 13061 0
13284 6754 0
13284 669 0
13284 8867 0
13284 4780 0
13284 719 0
13284 7893 0
13284 5855 0
13284 1779 0
13284 4343 0
13284 287 0
13284 2338 0
13284 15663 0
13284 6792 0
13284 337 0
13284 338 0
13284 5464 0
13284 861 0
13284 4463 0
13284 3986 0
13284 5981 0
13284 16308 0
13284 3046 0
13406 6401 0
13406 3986 0
13406 168 1
13406 8112 0
13406 690 0
13406 6068 0
13406 8850 0
13406 4545 1
13406 5981 0
8287 4624 0
8287 5981 0
8287 3632 0
8287 6068 0
8287 4681 0
8287 5117 0
8287 15663 0
8287 8287 0
8287 2703 0
8287 2708 0
8287 2709 0
8287 2714 0
8287 5938 0
8287 2718 0
8287 2722 0
8287 2724 0
8287 168 1
8287 4795 0
8287 5855 0
8287 1250 0
8287 4479 0
8287 5885 0
8287 5389 0
8287 270 0
8287 3353 0
8287 3354 0
8287 3355 0
8287 287 0
8287 9009 0
8287 301 0
8287 337 0
8287 338 0
8287 3464 0
8287 5543 0
8287 4546 0
8287 8403 0
8287 972 0
8287 5621 0
4624 4624 0
4624 2594 0
4624 3848 0
4624 7741 0
4624 8968 0
4624 13200 0
4624 8549 0
4624 2701 0
4624 2703 0
4624 2714 0
4624 2718 0
4624 3232 0
4624 8867 0
4624 676 0
4624 1221 0
4624 1223 0
4624 8932 0
4624 8112 0
4624 6792 0
4624 5952 0
4624 5981 0
4624 8860 0
4624 1384 0
4624 3446 0
4624 14072 0
4624 2709 0
4624 3986 0
4624 18332 0
4624 6068 0
4624 2722 0
4624 2724 0
4624 5885 0
6754 168 1
6754 169 0
6754 729 0
6754 2272 0
6754 6754 0
6754 3446 0
6755 3249 0
6755 6739 0
6755 2831 0
6755 6755 0
6755 6779 0
6755 1667 0
6755 1170 0
6755 2708 0
6755 2714 0
6755 2718 0
6755 8867 0
6755 4795 0
6755 4295 1
6755 4300 0
6755 4301 0
6755 6359 0
6755 5855 0
6755 4847 0
6755 13061 0
6755 2338 0
6755 21322 0
6755 4479 0
6755 8065 0
6755 6068 0
6755 4546 0
4196 4196 0
4196 4719 0
4196 4546 0
4196 2718 0
4196 8867 0
4196 168 1
4196 169 0
4196 4867 1
4196 8968 0
4196 2831 0
4196 287 0
4196 7482 0
4196 3464 0
4196 4524 0
4196 4536 0
4196 4542 0
4196 3010 0
4196 4555 0
5734 7699 0
5734 152 1
5734 5432 0
5734 1653 0
5734 1914 1
3174 7741 0
3174 3174 0
3174 2668 0
3174 6792 0
3174 2703 0
3174 2708 0
3174 2709 0
3174 1687 0
3174 2714 0
3174 8867 0
3174 1197 0
3174 4795 0
3174 700 0
3174 7893 0
3174 729 0
3174 2272 0
3174 4322 0
3174 6910 0
3174 13061 0
3174 2338 0
3174 5432 0
3174 3426 0
3174 4460 0
3174 6977 0
3174 1943 0
3174 16308 0
3174 4534 0
3174 4536 0
3174 4546 0
3174 1523 1
6761 6761 0
6761 2701 0
6761 2708 0
6761 8860 0
6761 6359 0
6761 5855 0
6761 1249 0
6761 9086 1
6761 6910 0
6761 13061 0
6761 19837 0
6761 9009 0
6761 5938 0
6761 2375 0
6761 861 0
6761 5994 0
6761 3986 0
6761 1523 1
6761 10745 0
14954 14954 0
14954 3743 1
14954 5464 0
14954 1369 0
14954 3043 0
14954 1523 1
14954 1653 0
14954 4479 0
14954 5117 0
14954 4343 0
7275 3986 0
7275 2338 0
7275 8867 0
7275 168 1
7275 5981 0
7275 7275 0
7275 5994 0
8300 20864 1
1645 3986 0
1645 1943 0
1645 2714 0
1645 5021 0
1645 8867 0
1645 8112 0
1645 690 0
1645 287 0
1645 1221 0
1645 1223 0
1645 12877 0
1645 5243 0
1645 14072 0
1645 4091 1
17006 17006 0
17006 2169 1
17006 2708 0
17006 690 0
17006 5994 0
17006 8124 1
4719 1077 1
4719 4719 0
4719 3225 0
4719 729 0
4719 1259 0
4719 5434 0
4719 4551 0
4719 3046 0
1384 168 1
1384 6359 0
1384 2338 0
1384 2382 0
1384 338 0
1384 413 0
1384 4534 0
1384 4546 0
1384 4547 0
1384 2500 0
1384 13061 0
1384 2594 0
1384 6739 0
1384 2709 0
1384 669 0
1384 2718 0
1384 2722 0
1384 2724 0
1384 8875 0
1384 4967 0
1384 6977 0
1384 5004 0
1384 5018 0
1384 7077 0
1384 5045 0
1384 4536 0
1384 861 0
1384 5243 0
1384 1160 0
1384 1170 0
1384 3225 0
1384 4295 1
1384 1259 0
1384 5365 0
1384 3354 0
1384 5432 0
1384 3426 0
1384 1384 0
1384 3446 0
1384 19879 0
1384 3533 0
1384 15999 0
1384 1687 0
1384 7893 0
1384 5855 0
1384 1765 0
1384 1779 0
1384 3848 0
1384 5994 0
1384 3978 0
1384 3986 0
1384 1943 0
1384 18332 0
1384 16308 0
1384 6081 0
1384 6094 0
7699 1160 0
7699 2709 0
7699 1687 0
7699 7836 0
7699 168 1
7699 1221 0
7699 4812 0
7699 1249 0
7699 5365 0
7699 301 0
7699 5432 0
7699 5994 0
7699 8065 0
7699 2500 0
7699 972 0
7699 7077 0
7699 3043 0
7699 5117 0
1653 8375 0
1653 237 0
1653 270 0
1653 273 0
1653 8860 0
1653 669 0
1653 676 0
1653 700 0
1653 861 0
1653 871 0
1653 972 0
1653 1160 0
1653 1197 0
1653 1221 0
1653 1249 0
1653 1259 0
1653 8403 0
1653 9545 0
1653 1653 0
1653 1765 0
1653 1779 0
1653 1920 0
1653 1943 0
1653 2338 0
1653 2340 0
1653 2382 0
1653 2458 0
1653 2594 0
1653 2722 0
1653 537 0
1653 3353 0
1653 19879 0
1653 3930 0
1653 3986 0
1653 4259 0
1653 4479 0
1653 4481 0
1653 4534 0
1653 4536 0
1653 4542 0
1653 4547 0
1653 4681 0
1653 12877 0
1653 13061 0
1653 4967 0
1653 5004 0
1653 5016 0
1653 5018 0
1653 5021 0
1653 5082 0
1653 5243 0
1653 5277 0
1653 13512 0
1653 5523 0
1653 5855 0
1653 6068 0
1653 6739 0
1653 6915 0
1653 6977 0
1653 7480 0
1653 7741 0
1653 7836 0
1653 7893 0
1653 7956 0
1653 16308 0
1653 16354 0
2169 2176 1
2169 4867 2
2169 3795 1
2169 2169 2
2169 2175 1
5243 168 1
5243 8377 0
5243 4301 0
5243 6359 0
5243 287 0
5243 2338 0
5243 337 0
5243 8549 0
5243 413 0
5243 18871 0
5243 2594 0
5243 6739 0
5243 6792 0
5243 2703 0
5243 2708 0
5243 2718 0
5243 2722 0
5243 8867 0
5243 2724 0
5243 8875 0
5243 729 0
5243 6910 0
5243 4967 0
5243 5004 0
5243 5018 0
5243 21322 0
5243 972 0
5243 5082 0
5243 3043 0
5243 1170 0
5243 3225 0
5243 3249 0
5243 5389 0
5243 15663 0
5243 1369 0
5243 3426 0
5243 3446 0
5243 1943 0
5243 19879 0
5243 3533 0
5243 7741 0
5243 1667 0
5243 3795 0
5243 5855 0
5243 5885 0
5243 3848 0
5243 19837 0
5243 5952 0
5243 8065 0
5243 3978 0
5243 3986 0
5243 18332 0
5243 8112 0
5243 6068 0
5243 6081 0
5994 2272 0
5994 270 0
5994 2338 0
5994 4547 0
5994 2500 0
5994 2523 1
5994 537 0
5994 2594 0
5994 2714 0
5994 688 0
5994 9009 0
5994 861 0
5994 871 0
5994 21378 0
5994 972 0
5994 3043 0
5994 5117 0
5994 4967 0
5994 1158 0
5994 1160 0
5994 1249 0
5994 1250 0
5994 3355 0
5994 5434 0
5994 3446 0
5994 5521 0
5994 1687 0
5994 7836 0
5994 287 0
5994 5855 0
5994 5885 0
5994 301 0
5994 5994 0
5994 8065 0
5994 1924 1
5994 16354 0
2175 4867 1
2175 3795 0
16354 19879 0
16354 1158 0
16354 2708 0
16354 2709 0
16354 1687 0
16354 7836 0
16354 2718 0
16354 2722 0
16354 4259 0
16354 2724 0
16354 168 1
16354 1221 0
16354 1223 0
16354 4812 0
16354 4300 0
16354 5855 0
16354 1765 0
16354 1259 0
16354 237 0
16354 1779 0
16354 14072 0
16354 6915 0
16354 1824 0
16354 2523 1
16354 301 0
16354 7480 0
16354 3978 0
16354 6977 0
16354 9545 0
16354 338 0
16354 3043 0
16354 3930 0
16354 7741 0
16354 1920 0
16354 5523 0
16354 5016 0
16354 7084 0
16354 4555 0
16354 16354 0
16354 5543 0
6068 4259 0
6068 168 1
6068 8375 0
6068 8377 0
6068 4301 0
6068 4343 0
6068 6401 0
6068 16308 0
6068 2338 0
6068 301 0
6068 338 0
6068 8549 0
6068 4460 0
6068 4479 0
6068 4491 0
6068 4536 0
6068 4542 0
6068 4550 0
6068 473 0
6068 13061 0
6068 2594 0
6068 6739 0
6068 6779 0
6068 2703 0
6068 4547 0
6068 2708 0
6068 2709 0
6068 2714 0
6068 8860 0
6068 2718 0
6068 2722 0
6068 8867 0
6068 2724 0
6068 4551 0
6068 4795 0
6068 706 0
6068 719 0
6068 9009 0
6068 861 0
6068 871 0
6068 5018 0
6068 5021 0
6068 21378 0
6068 5016 0
6068 5277 0
6068 7480 0
6068 5464 0
6068 3426 0
6068 3446 0
6068 5521 0
6068 19879 0
6068 1523 1
6068 8112 0
6068 7741 0
6068 1668 0
6068 13249 0
6068 7893 0
6068 5855 0
6068 1779 0
6068 5885 0
6068 7956 0
6068 3866 1
6068 5981 0
6068 8065 0
6068 3986 0
6068 1943 0
6068 18332 0
6068 6068 0
6068 6081 0
6068 676 0
6068 5117 0
4227 8867 0
4227 168 1
4227 4524 0
4227 4534 0
4227 5981 0
4227 169 0
1668 2594 0
1668 1668 0
1668 7836 0
1668 8867 0
1668 168 1
1668 16083 0
1668 7917 0
1668 3844 0
1668 13061 0
1668 7956 0
1668 21322 0
1668 2382 0
1668 1369 0
1668 4479 0
1668 8065 0
1668 4485 0
1668 3986 0
1668 5543 0
1668 4534 0
1668 4546 0
1158 1197 0
1158 1158 0
1158 1160 0
1158 1687 0
1158 4259 0
1158 168 1
1158 169 0
1158 1221 0
1158 8403 0
1158 5855 0
1158 5365 0
1158 4463 0
1158 1914 1
1158 1943 0
1158 4524 0
1158 1259 0
1158 6081 0
1158 2500 0
1158 2382 0
1158 3043 0
6081 168 1
6081 169 0
6081 6359 0
6081 4343 0
6081 287 0
6081 2338 0
6081 8875 0
6081 2375 0
6081 2382 0
6081 337 0
6081 338 0
6081 4458 0
6081 413 0
6081 4524 0
6081 4534 0
6081 4536 0
6081 4546 0
6081 2500 0
6081 2594 0
6081 4681 0
6081 6739 0
6081 6792 0
6081 2718 0
6081 2722 0
6081 8867 0
6081 2724 0
6081 700 0
6081 706 0
6081 729 0
6081 6910 0
6081 21322 0
6081 861 0
6081 4967 0
6081 5004 0
6081 5018 0
6081 3043 0
6081 3225 0
6081 5389 0
6081 3354 0
6081 15663 0
6081 5464 0
6081 1369 0
6081 3426 0
6081 3446 0
6081 19879 0
6081 3533 0
6081 1523 1
6081 5855 0
6081 5923 0
6081 5432 0
6081 3978 0
6081 3986 0
6081 1943 0
6081 18332 0
6081 2714 0
6081 6081 0
1160 168 1
1160 301 0
1160 4534 0
1160 4536 0
1160 4546 0
1160 2500 0
1160 4550 0
1160 4551 0
1160 537 0
1160 6792 0
1160 4812 0
1160 8968 0
1160 7077 0
1160 7084 0
1160 13249 0
1160 972 0
1160 3043 0
1160 7152 1
1160 861 0
1160 1160 0
1160 1221 0
1160 1223 0
1160 1249 0
1160 1259 0
1160 5365 0
1160 3353 0
1160 3354 0
1160 3355 0
1160 5434 0
1160 3446 0
1160 3464 0
1160 5521 0
1160 5523 0
1160 1687 0
1160 5855 0
1160 1765 0
1160 5432 0
1160 1920 0
2668 2668 0
2668 4795 0
2668 8898 0
2668 4295 1
2668 4300 0
2668 719 0
2668 729 0
2668 5855 0
2668 3848 0
2668 3866 1
2668 2338 0
2668 7482 0
2668 4546 0
2668 4555 0
2701 8738 0
2701 7741 0
2701 6739 0
2701 2703 0
2701 2709 0
2701 2710 0
2701 2718 0
2701 4795 0
2701 14072 0
2701 5855 0
2701 5885 0
2701 5464 0
2701 5981 0
2701 3426 0
2701 8549 0
2701 15663 0
2701 2708 0
2701 8065 0
2701 5004 0
2701 3986 0
2701 18332 0
2701 19879 0
2701 8112 0
2701 16308 0
2701 4545 1
5774 5774 0
5774 2831 0
5774 3355 0
5774 5543 0
5774 168 1
5774 4295 1
2703 6401 0
2703 301 0
2703 337 0
2703 338 0
2703 4479 0
2703 2458 0
2703 413 0
2703 4534 0
2703 2500 0
2703 537 0
2703 2594 0
2703 6739 0
2703 6792 0
2703 2703 0
2703 2709 0
2703 2710 0
2703 8860 0
2703 2718 0
2703 2722 0
2703 8867 0
2703 2724 0
2703 8875 0
2703 8932 0
2703 13200 0
2703 21322 0
2703 972 0
2703 5117 0
2703 3249 0
2703 13512 0
2703 1249 0
2703 5389 0
2703 9545 0
2703 3426 0
2703 19837 0
2703 3464 0
2703 1943 0
2703 5543 0
2703 3533 0
2703 1667 0
2703 5855 0
2703 1779 0
2703 5885 0
2703 3848 0
2703 7956 0
2703 5938 0
2703 8065 0
2703 3978 0
2703 3986 0
2703 18332 0
1170 8375 0
1170 8377 0
1170 4295 1
1170 4296 0
1170 4300 0
1170 4301 0
1170 6359 0
1170 2338 0
1170 4463 0
1170 388 0
1170 4524 0
1170 4555 0
1170 10711 0
1170 4867 1
1170 4681 0
1170 6779 0
1170 2709 0
1170 2710 0
1170 2714 0
1170 2722 0
1170 8867 0
1170 729 0
1170 6915 0
1170 2831 0
1170 5016 0
1170 10745 0
1170 5117 0
1170 3354 0
1170 5432 0
1170 5621 0
1170 1719 0
1170 5855 0
1170 7917 0
1170 14072 0
1170 5952 0
1170 7480 0
1170 5981 0
1170 3986 0
1170 8112 0
1170 4092 0
2708 168 1
2708 8403 0
2708 270 0
2708 729 0
2708 287 0
2708 2382 0
2708 8549 0
2708 4463 0
2708 4536 0
2708 2500 0
2708 8738 0
2708 3848 0
2708 6739 0
2708 6792 0
2708 8850 0
2708 2709 0
2708 2714 0
2708 8860 0
2708 669 0
2708 2718 0
2708 2722 0
2708 2724 0
2708 4795 0
2708 13061 0
2708 8968 0
2708 21322 0
2708 861 0
2708 5016 0
2708 7077 0
2708 3046 0
2708 5117 0
2708 1221 0
2708 13512 0
2708 5389 0
2708 3353 0
2708 3354 0
2708 15663 0
2708 5432 0
2708 9545 0
2708 3446 0
2708 3464 0
2708 19879 0
2708 3533 0
2708 7084 0
2708 3746 0
2708 5855 0
2708 14072 0
2708 5885 0
2708 5938 0
2708 5981 0
2708 8065 0
2708 3986 0
2708 8112 0
2709 8875 0
2709 168 1
2709 10433 0
2709 4301 0
2709 19837 0
2709 6401 0
2709 2338 0
2709 2375 0
2709 337 0
2709 338 0
2709 2458 0
2709 413 0
2709 4547 0
2709 2500 0
2709 10724 0
2709 5885 0
2709 537 0
2709 2594 0
2709 6739 0
2709 6792 0
2709 2709 0
2709 2710 0
2709 2714 0
2709 8860 0
2709 669 0
2709 2718 0
2709 2722 0
2709 676 0
2709 4795 0
2709 719 0
2709 729 0
2709 8932 0
2709 13061 0
2709 8968 0
2709 8738 0
2709 5938 0
2709 6977 0
2709 861 0
2709 13200 0
2709 1016 0
2709 3249 0
2709 5432 0
2709 5464 0
2709 3426 0
2709 5016 0
2709 19879 0
2709 16308 0
2709 7741 0
2709 1687 0
2709 3746 0
2709 7893 0
2709 5855 0
2709 3848 0
2709 7956 0
2709 1824 0
2709 5981 0
2709 8065 0
2709 3978 0
2709 3986 0
2709 1943 0
2709 18332 0
2709 8112 0
2709 2724 0
2710 3848 0
2710 3986 0
2710 2718 0
2710 6792 0
2710 5855 0
2710 7741 0
2710 4301 0
2710 338 0
2710 729 0
2710 3426 0
537 4322 0
537 4343 0
537 2458 0
537 4547 0
537 10724 0
537 537 0
537 6739 0
537 669 0
537 6910 0
537 8968 0
537 6977 0
537 1197 0
537 5365 0
537 11634 0
537 5500 0
537 1687 0
537 5855 0
537 1765 0
537 301 0
537 5981 0
537 3978 0
152 152 2
152 4513 1
152 5855 1
152 2338 1
152 3533 1
152 10724 1
152 1765 1
3225 2594 0
3225 4681 0
3225 3225 0
3225 2718 0
3225 2722 0
3225 8867 0
3225 676 0
3225 1197 0
3225 4967 0
3225 4795 0
3225 4295 1
3225 4300 0
3225 6359 0
3225 729 0
3225 4339 0
3225 6401 0
3225 5004 0
3225 3353 0
3225 3354 0
3225 6792 0
3225 5464 0
3225 5981 0
3225 3934 0
3225 3978 0
3225 7917 0
3225 5521 0
3225 5523 0
3225 5018 0
3225 413 0
3225 19879 0
3225 4524 0
3225 4536 0
3225 4550 0
3225 4551 0
3225 4555 0
3225 3533 0
3225 10711 0
3225 2724 0
3225 4534 0
2714 2714 0
2714 168 1
2714 169 0
2714 2338 0
2714 388 0
2714 4524 0
2714 4534 0
2714 4536 0
2714 4546 0
2714 19879 0
2714 2594 0
2714 6739 0
2714 8860 0
2714 2718 0
2714 2722 0
2714 8867 0
2714 676 0
2714 700 0
2714 13200 0
2714 972 0
2714 13512 0
2714 5365 0
2714 5389 0
2714 5432 0
2714 3426 0
2714 5523 0
2714 3533 0
2714 16308 0
2714 7741 0
2714 13249 0
2714 5855 0
2714 1779 0
2714 14072 0
2714 16176 0
2714 5981 0
2714 3986 0
2714 1943 0
2714 8112 0
2927 4295 1
2927 168 1
2927 2831 0
7836 8065 0
7836 7836 0
7836 8867 0
7836 2272 0
7836 4812 0
7836 7893 0
7836 1249 0
7836 1259 0
7836 3354 0
7836 287 0
7836 301 0
7836 5432 0
7836 2382 0
7836 4479 0
7836 4485 0
7836 5521 0
7836 7077 0
7836 4550 0
7836 4551 0
7836 2523 1
7836 5117 0
5277 5981 0
5277 7741 0
5277 6977 0
5277 6792 0
5277 3354 0
5277 2718 0
5277 8875 0
5277 1259 0
5277 15612 0
5277 7893 0
5277 3844 0
5277 3848 0
5277 7956 0
5277 9009 0
5277 5855 0
5277 861 0
5277 3426 0
5277 871 0
5277 4463 0
5277 19837 0
5277 3978 0
5277 18332 0
5277 5277 0
5277 972 0
5277 6739 0
2718 168 1
2718 169 0
2718 8377 0
2718 237 0
2718 19837 0
2718 287 0
2718 2338 0
2718 301 0
2718 337 0
2718 8549 0
2718 5521 0
2718 5523 0
2718 4479 0
2718 2458 0
2718 413 0
2718 4524 0
2718 4534 0
2718 4536 0
2718 4542 0
2718 4546 0
2718 4547 0
2718 2500 0
2718 4550 0
2718 19879 0
2718 4681 0
2718 6739 0
2718 6792 0
2718 669 0
2718 2718 0
2718 2722 0
2718 2724 0
2718 8875 0
2718 4795 0
2718 719 0
2718 4867 1
2718 8968 0
2718 8738 0
2718 2831 0
2718 9009 0
2718 861 0
2718 4967 0
2718 5004 0
2718 5018 0
2718 5021 0
2718 5045 0
2718 21322 0
2718 972 0
2718 3043 0
2718 3249 0
2718 3232 0
2718 1223 0
2718 1221 0
2718 2594 0
2718 15612 0
2718 6359 0
2718 5389 0
2718 15663 0
2718 5432 0
2718 5464 0
2718 3426 0
2718 3446 0
2718 3447 0
2718 5500 0
2718 3464 0
2718 1943 0
2718 5520 0
2718 5016 0
2718 5543 0
2718 3533 0
2718 3632 0
2718 7741 0
2718 1719 0
2718 5855 0
2718 14072 0
2718 3848 0
2718 7956 0
2718 1824 0
2718 5938 0
2718 3930 0
2718 8065 0
2718 3978 0
2718 3986 0
2718 18332 0
2718 8860 0
2718 8112 0
2718 2382 0
2718 4091 1
3743 8850 1
3743 8867 1
3743 18871 1
3743 5432 1
3743 5434 1
3743 13512 1
3743 5464 1
3743 5866 1
3232 2594 0
3232 13061 0
3232 16308 0
3232 3426 0
3232 6739 0
3232 3232 0
3232 2722 0
3232 8867 0
3232 168 1
3232 7893 0
3232 14072 0
3232 6910 0
3232 8065 0
3232 2375 0
3232 861 0
3232 3986 0
3232 1943 0
3232 8112 0
3232 18332 0
3232 4545 1
6910 7741 0
6910 4546 0
6910 3249 0
6910 719 0
6910 6910 0
6910 5389 0
6910 2338 0
6910 2382 0
6910 1369 0
6910 5520 0
6910 3426 0
6910 4479 0
6910 6977 0
6910 3986 0
6910 5016 0
6910 4524 0
6910 3046 0
6910 1523 1
6910 10745 0
6910 4091 1
3746 861 0
3746 6792 0
3746 3746 0
3746 1221 0
3746 4301 0
3746 729 0
3746 2338 0
3746 5432 0
3746 338 0
3746 21378 0
3746 6977 0
3746 5521 0
3746 3986 0
3746 1943 0
3746 19879 0
3746 4546 0
3746 972 0
4259 13061 0
4259 7741 0
4259 4967 0
4259 1667 0
4259 2722 0
4259 2724 0
4259 18332 0
4259 14072 0
4259 237 0
4259 3353 0
4259 2338 0
4259 5432 0
4259 6977 0
4259 861 0
4259 3426 0
4259 5500 0
4259 4479 0
4259 8065 0
4259 4485 0
4259 3978 0
4259 5004 0
4259 7480 0
4259 3986 0
4259 5016 0
4259 5018 0
4259 5021 0
4259 4992 0
4259 8112 0
4259 5045 0
4259 19879 0
4259 6739 0
4259 1016 0
676 669 0
676 2722 0
676 676 0
676 10433 0
676 7893 0
676 287 0
676 301 0
676 2375 0
676 337 0
676 861 0
676 1765 0
676 3426 0
676 3986 0
676 2458 0
676 19879 0
676 4524 0
676 8112 0
676 4545 1
676 3043 0
676 5885 0
168 8898 1
168 168 2
168 169 1
168 4295 2
168 4296 1
168 4812 1
168 4300 1
168 8403 1
168 4339 1
168 4479 1
168 270 1
168 273 1
168 286 1
168 287 1
168 2340 1
168 301 1
168 2382 1
168 337 1
168 338 1
168 8549 1
168 4458 1
168 4463 1
168 4485 1
168 4491 1
168 4513 1
168 4534 1
168 4542 1
168 4546 1
168 4547 1
168 4555 1
168 473 1
168 10724 1
168 2594 1
168 20204 1
168 6792 1
168 669 1
168 2722 1
168 4780 1
168 4795 1
168 700 1
168 706 1
168 4867 2
168 9009 1
168 861 1
168 871 1
168 21378 1
168 7077 1
168 7084 1
168 3010 1
168 972 1
168 6035 1
168 5117 1
168 5016 1
168 1197 1
168 1221 1
168 5318 1
168 1223 1
168 1249 1
168 1259 1
168 5389 1
168 3353 1
168 3354 1
168 3355 1
168 15663 1
168 9545 1
168 21322 1
168 1369 1
168 3446 1
168 3447 1
168 19837 1
168 3464 1
168 5521 1
168 19879 1
168 5621 1
168 3632 1
168 1687 1
168 1719 1
168 16083 1
168 5866 1
168 7917 1
168 1779 1
168 14072 1
168 5885 1
168 3844 1
168 7948 1
168 7956 1
168 1824 1
168 5923 1
168 16176 1
168 3930 1
168 5981 1
168 3934 1
168 1920 1
168 3978 1
169 3632 0
169 4547 0
169 1687 0
169 2722 0
169 169 0
169 4780 0
169 4795 0
169 700 0
169 706 0
169 4296 0
169 8403 0
169 1259 0
169 7917 0
169 7948 0
169 270 0
169 7956 0
169 287 0
169 2340 0
169 301 0
169 9009 0
169 2382 0
169 338 0
169 3930 0
169 871 0
169 3446 0
169 1920 0
169 21378 0
169 3464 0
169 4546 0
169 972 0
169 473 0
169 5117 0
4295 6915 1
4295 8968 1
4295 273 1
4295 3353 1
4295 3354 1
4295 2338 1
4295 7496 1
4295 1719 1
4295 4536 1
4295 7482 1
4295 5045 1
4295 13249 1
4295 8898 1
4295 2500 1
4295 8867 1
4295 729 1
4295 3934 1
4295 4301 1
4295 6118 1
4295 5521 1
4295 3986 1
4295 4300 1
4295 6779 1
4780 5981 0
4780 15663 0
4780 700 0
4780 6977 0
4780 4780 0
4780 4300 0
4780 719 0
4780 4339 0
4780 5885 0
4780 6401 0
4780 3844 0
4780 270 0
4780 4681 0
4780 2375 0
4780 5464 0
4780 861 0
4780 5521 0
4780 5523 0
4780 1943 0
4780 4534 0
4780 1016 0
1197 13061 0
1197 1687 0
1197 2724 0
1197 4551 0
1197 1197 0
1197 700 0
1197 1221 0
1197 1223 0
1197 7893 0
1197 5855 0
1197 1765 0
1197 4867 1
1197 729 0
1197 3354 0
1197 2338 0
1197 5923 0
1197 301 0
1197 5432 0
1197 337 0
1197 5521 0
1197 7084 0
1197 16308 0
1197 9545 0
1197 2500 0
1197 4550 0
1197 4555 0
1197 473 0
1197 7077 0
1197 3043 0
1197 5523 0
5018 6359 0
5018 237 0
5018 16308 0
5018 338 0
5018 2458 0
5018 413 0
5018 13061 0
5018 2594 0
5018 6739 0
5018 2722 0
5018 2724 0
5018 8875 0
5018 6977 0
5018 861 0
5018 4967 0
5018 4992 0
5018 5004 0
5018 5016 0
5018 5018 0
5018 5040 0
5018 5045 0
5018 3249 0
5018 1250 0
5018 7480 0
5018 3426 0
5018 19879 0
5018 5021 0
5018 3533 0
5018 7893 0
5018 5855 0
5018 3848 0
5018 8065 0
5018 3978 0
5018 3986 0
5018 1943 0
5018 18332 0
5018 8112 0
688 388 0
688 4524 0
688 3986 0
688 2594 0
688 690 0
688 5952 0
688 706 0
688 4550 0
688 4551 0
688 4091 1
688 360 0
3249 13061 0
3249 2722 0
3249 2724 0
3249 3249 0
3249 8377 0
3249 7893 0
3249 6359 0
3249 3848 0
3249 7480 0
3249 3426 0
3249 8549 0
3249 19837 0
3249 8065 0
3249 3986 0
3249 1943 0
3249 18332 0
3249 2458 0
3249 16308 0
3249 6739 0
690 1943 0
690 8112 0
690 8867 0
690 12877 0
690 360 0
690 5523 0
690 4463 0
690 4091 1
4967 8377 0
4967 6359 0
4967 237 0
4967 19837 0
4967 2338 0
4967 338 0
4967 2458 0
4967 413 0
4967 2594 0
4967 6739 0
4967 2722 0
4967 8867 0
4967 2724 0
4967 13061 0
4967 6977 0
4967 4967 0
4967 4992 0
4967 5004 0
4967 5016 0
4967 5040 0
4967 5045 0
4967 861 0
4967 7480 0
4967 3426 0
4967 19879 0
4967 5021 0
4967 3533 0
4967 7893 0
4967 5855 0
4967 3848 0
4967 8065 0
4967 3978 0
4967 3986 0
4967 1943 0
4967 16308 0
16083 1369 0
16083 2338 0
16083 1221 0
16083 2382 0
16083 3986 0
8375 7741 0
8375 6739 0
8375 1667 0
8375 2338 0
8375 6359 0
8375 6401 0
8375 5432 0
8375 338 0
8375 3426 0
8375 3986 0
8375 18332 0
8375 4513 0
8375 19879 0
8375 4545 1
8377 7741 0
8377 12877 0
8377 6739 0
8377 1667 0
8377 2724 0
8377 8875 0
8377 6359 0
8377 729 0
8377 5855 0
8377 1779 0
8377 7893 0
8377 3848 0
8377 16308 0
8377 861 0
8377 2338 0
8377 5952 0
8377 338 0
8377 3426 0
8377 8065 0
8377 3986 0
8377 1943 0
8377 8112 0
4795 1667 0
4795 669 0
4795 2722 0
4795 8867 0
4795 2724 0
4795 4795 0
4795 4555 0
4795 4339 0
4795 3844 0
4795 270 0
4795 2340 0
4795 301 0
4795 9009 0
4795 338 0
4795 4479 0
4795 3464 0
4795 4524 0
4795 8112 0
4795 4534 0
4795 4536 0
4795 4546 0
4795 4550 0
4795 4551 0
4795 473 0
700 2724 0
700 8875 0
700 700 0
700 706 0
700 1259 0
700 3844 0
700 270 0
700 287 0
700 301 0
700 5432 0
700 5464 0
700 1369 0
700 861 0
700 4547 0
700 3446 0
700 3447 0
700 4491 0
700 5521 0
700 4542 0
700 4546 0
700 4555 0
3046 13061 0
3046 2594 0
3046 861 0
3046 16308 0
3046 4707 0
3046 13512 0
3046 7893 0
3046 4322 0
3046 1259 0
3046 4343 0
3046 6977 0
3046 3426 0
3046 3986 0
3046 10745 0
3046 1523 1
10433 4847 0
10433 2375 0
10433 9086 1
10433 4545 1
8898 3355 0
8898 15612 0
1221 2095 1
1221 3426 0
1221 3446 0
1221 4300 0
1221 337 0
1221 338 0
1221 4485 0
1221 2458 0
1221 413 0
1221 4547 0
1221 2500 0
1221 4550 0
1221 473 0
1221 2594 0
1221 669 0
1221 2722 0
1221 719 0
1221 9009 0
1221 861 0
1221 871 0
1221 5004 0
1221 5016 0
1221 7077 0
1221 972 0
1221 3043 0
1221 1016 0
1221 13512 0
1221 1221 0
1221 1223 0
1221 8738 0
1221 1259 0
1221 5389 0
1221 5432 0
1221 5521 0
1221 19879 0
1221 3533 0
1221 15999 0
1221 287 0
1221 7893 0
1221 5855 0
1221 5981 0
1221 8065 0
1221 3978 0
1221 3986 0
1221 1943 0
1221 8860 0
1221 16308 0
1221 6094 0
1221 4091 1
5318 6401 0
5318 3986 0
5318 5318 0
5318 4524 0
5318 5432 0
5318 7077 0
5318 18871 0
5318 11634 0
1223 8112 0
1223 2594 0
1223 2095 1
1223 8860 0
1223 669 0
1223 2722 0
1223 719 0
1223 5855 0
1223 1259 0
1223 5389 0
1223 8738 0
1223 13512 0
1223 9009 0
1223 5432 0
1223 338 0
1223 5981 0
1223 871 0
1223 3986 0
1223 8968 0
1223 4547 0
1223 2500 0
1223 4555 0
1223 6094 0
1223 473 0
1223 3043 0
13512 4707 0
13512 4812 0
13512 5855 0
13512 5365 0
13512 13512 0
13512 8549 0
13512 4463 0
13512 3446 0
13512 8112 0
13512 4555 0
13512 1523 1
4812 7084 0
4812 1687 0
4812 4812 0
4812 5432 0
4812 3446 0
4812 1943 0
4812 7077 0
4812 4524 0
4812 1779 0
4812 4534 0
4812 2500 0
4812 4550 0
4812 4555 0
4812 19879 0
4300 3632 0
4300 5981 0
4300 4681 0
4300 6739 0
4300 2831 0
4300 1687 0
4300 1719 0
4300 4300 0
4300 4301 0
4300 2340 0
4300 7917 0
4300 4339 0
4300 4867 1
4300 729 0
4300 2338 0
4300 3464 0
4300 6915 0
4300 3934 0
4300 1259 0
4300 3986 0
4300 7077 0
4300 19879 0
4300 4555 0
4300 3533 0
4300 5523 0
4300 4296 0
8738 6739 0
8738 8860 0
8738 2722 0
8738 8403 0
8738 14072 0
8738 2338 0
8738 3426 0
8738 8549 0
8738 3986 0
8738 18332 0
8738 8112 0
8738 4091 1
4301 6739 0
4301 8867 0
4301 1719 0
4301 4296 0
4301 729 0
4301 2272 0
4301 7917 0
4301 6915 0
4301 2831 0
4301 287 0
4301 2338 0
4301 6779 0
4301 337 0
4301 3986 0
4301 5523 0
14546 6401 1
14546 2831 1
14546 6094 1
14546 8918 1
8403 4707 0
8403 1687 0
8403 8867 0
8403 15612 0
8403 3848 0
8403 3354 0
8403 1824 0
8403 7482 0
8403 7496 0
8403 4463 0
8403 5521 0
7893 237 0
7893 4343 0
7893 7893 0
7893 6401 0
7893 287 0
7893 8549 0
7893 4463 0
7893 4479 0
7893 388 0
7893 413 0
7893 4545 1
7893 4547 0
7893 4550 0
7893 14072 0
7893 2594 0
7893 2722 0
7893 8867 0
7893 13061 0
7893 5004 0
7893 5016 0
7893 5021 0
7893 19879 0
7893 15612 0
7893 7480 0
7893 1523 1
7893 16308 0
7893 1667 0
7893 5855 0
7893 1765 0
7893 1824 0
7893 5938 0
7893 5981 0
7893 8065 0
7893 3978 0
7893 8860 0
7893 2375 0
7893 6094 0
7893 2724 0
8918 8918 0
8918 1765 0
8918 5923 0
8918 1914 1
8918 10711 0
8918 5117 0
6359 2382 0
6359 338 0
6359 4485 0
6359 413 0
6359 4513 0
6359 4545 1
6359 19879 0
6359 2594 0
6359 6739 0
6359 6792 0
6359 2722 0
6359 8867 0
6359 2724 0
6359 729 0
6359 21322 0
6359 4992 0
6359 5004 0
6359 5021 0
6359 5040 0
6359 3043 0
6359 1259 0
6359 5389 0
6359 15663 0
6359 7480 0
6359 9545 0
6359 3426 0
6359 11634 0
6359 237 0
6359 5543 0
6359 3533 0
6359 7077 0
6359 7741 0
6359 5855 0
6359 5952 0
6359 5981 0
6359 8065 0
6359 3978 0
6359 3986 0
6359 18332 0
6359 4091 1
2594 237 0
2594 270 0
2594 287 0
2594 2338 0
2594 337 0
2594 338 0
2594 4458 0
2594 4479 0
2594 2458 0
2594 413 0
2594 4524 0
2594 4547 0
2594 13061 0
2594 2594 0
2594 6739 0
2594 2722 0
2594 8867 0
2594 2724 0
2594 6977 0
2594 861 0
2594 4992 0
2594 5004 0
2594 5016 0
2594 5021 0
2594 5040 0
2594 972 0
2594 1259 0
2594 7480 0
2594 3426 0
2594 19879 0
2594 3533 0
2594 1523 1
2594 16308 0
2594 5855 0
2594 1765 0
2594 14072 0
2594 3848 0
2594 8065 0
2594 3978 0
2594 3986 0
2594 1943 0
2594 18332 0
729 4867 1
729 3632 0
729 4681 0
729 669 0
729 8867 0
729 4296 0
729 729 0
729 1259 0
729 4339 0
729 6401 0
729 5464 0
729 2831 0
729 3354 0
729 2338 0
729 6779 0
729 3934 0
729 3986 0
729 5496 0
729 5981 0
729 4534 0
729 4555 0
729 14072 0
729 10745 0
729 5523 0
729 5885 0
719 4524 0
719 1588 0
719 719 0
719 1259 0
719 4339 0
719 5885 0
719 3848 0
719 5389 0
719 3353 0
719 3866 1
719 287 0
719 2340 0
719 301 0
719 2375 0
719 3930 0
719 4463 0
719 4479 0
719 4485 0
719 3986 0
719 4550 0
719 4551 0
4867 6401 1
4867 4867 2
4867 19427 1
4867 3986 1
4867 5523 1
4867 5082 1
4867 2338 1
4867 2340 1
4867 4524 1
4867 6792 1
4867 5432 1
4867 5434 1
4867 4550 1
4867 4551 1
4867 4681 1
4867 4555 1
4867 10711 1
4867 4339 1
5855 237 0
5855 8875 0
5855 301 0
5855 2382 0
5855 337 0
5855 4463 0
5855 4479 0
5855 4491 0
5855 2458 0
5855 413 0
5855 4524 0
5855 4534 0
5855 4536 0
5855 4547 0
5855 2500 0
5855 4551 0
5855 4555 0
5855 19879 0
5855 10745 0
5855 13061 0
5855 4681 0
5855 2722 0
5855 4550 0
5855 14072 0
5855 8549 0
5855 4847 0
5855 2831 0
5855 861 0
5855 4992 0
5855 5004 0
5855 5016 0
5855 5021 0
5855 7084 0
5855 5040 0
5855 972 0
5855 8968 0
5855 1249 0
5855 5365 0
5855 3353 0
5855 3354 0
5855 5432 0
5855 5434 0
5855 3446 0
5855 3447 0
5855 7480 0
5855 5543 0
5855 4481 0
5855 7077 0
5855 1687 0
5855 286 0
5855 5855 0
5855 1765 0
5855 1779 0
5855 3848 0
5855 7948 0
5855 5938 0
5855 5952 0
5855 16308 0
5855 5981 0
5855 1920 0
5855 8065 0
5855 3978 0
5855 8112 0
2272 4322 0
2272 2338 0
2272 9009 0
2272 861 0
2272 11634 0
2272 19879 0
2272 1687 0
2272 3930 0
2272 1914 1
2272 3986 0
1249 1687 0
1249 1249 0
1249 1250 0
1249 1259 0
1249 5432 0
1249 8065 0
1249 3446 0
1249 388 0
1249 3986 0
1249 7077 0
1249 7084 0
1249 2500 0
1249 4555 0
1249 2523 1
1250 1687 0
1250 1250 0
1250 287 0
1250 5981 0
1250 3446 0
1250 1924 1
1250 7084 0
1250 2500 0
1250 2523 1
6779 4681 0
6779 18871 0
6779 1719 0
6779 4296 0
6779 6915 0
6779 2831 0
6779 2338 0
6779 5523 0
8932 287 0
8932 5981 0
8932 13200 0
8932 8112 0
1765 8875 0
1765 6401 0
1765 2382 0
1765 4534 0
1765 4536 0
1765 4545 1
1765 4546 0
1765 4550 0
1765 4551 0
1765 473 0
1765 6739 0
1765 8860 0
1765 669 0
1765 13061 0
1765 9009 0
1765 4992 0
1765 5004 0
1765 7077 0
1765 3043 0
1765 3355 0
1765 5464 0
1765 3426 0
1765 19879 0
1765 1667 0
1765 1687 0
1765 1765 0
1765 1779 0
1765 3848 0
1765 1824 0
1765 1924 1
1765 3978 0
1765 3986 0
1765 1943 0
1765 16308 0
5866 861 0
5866 5866 0
5866 4339 0
5866 2338 0
5866 15663 0
5866 5432 0
5866 4551 0
5866 3043 0
1259 4322 0
1259 287 0
1259 301 0
1259 2382 0
1259 4524 0
1259 4534 0
1259 2500 0
1259 4555 0
1259 10745 0
1259 4707 0
1259 2722 0
1259 13061 0
1259 861 0
1259 7084 0
1259 972 0
1259 3934 0
1259 5365 0
1259 1920 0
1259 3353 0
1259 3354 0
1259 3355 0
1259 5432 0
1259 7496 0
1259 3426 0
1259 6739 0
1259 1667 0
1259 1687 0
1259 1779 0
1259 3986 0
1259 8112 0
1259 16308 0
1259 2523 1
20204 6792 0
237 14072 0
237 16308 0
237 5045 0
237 1667 0
237 6792 0
237 18332 0
237 2722 0
237 2724 0
237 8112 0
237 5500 0
237 237 0
237 7956 0
237 3353 0
237 2338 0
237 6977 0
237 7480 0
237 3426 0
237 3986 0
237 4992 0
237 3978 0
237 5004 0
237 1943 0
237 5016 0
237 5021 0
237 5040 0
237 8875 0
237 19879 0
237 6739 0
237 1016 0
4847 6401 0
4847 7741 0
4847 6739 0
4847 3426 0
4847 3446 0
4847 5885 0
2722 19837 0
2722 2338 0
2722 301 0
2722 338 0
2722 8549 0
2722 5521 0
2722 5523 0
2722 413 0
2722 4524 0
2722 4546 0
2722 4547 0
2722 2500 0
2722 19879 0
2722 13061 0
2722 4681 0
2722 6739 0
2722 6792 0
2722 8860 0
2722 2722 0
2722 8968 0
2722 9009 0
2722 6977 0
2722 861 0
2722 21378 0
2722 5004 0
2722 5021 0
2722 5045 0
2722 21322 0
2722 972 0
2722 3043 0
2722 1016 0
2722 3930 0
2722 15663 0
2722 5432 0
2722 5464 0
2722 3426 0
2722 3446 0
2722 5500 0
2722 5016 0
2722 3533 0
2722 16308 0
2722 1667 0
2722 14072 0
2722 1824 0
2722 5938 0
2722 7480 0
2722 5981 0
2722 8065 0
2722 3978 0
2722 3986 0
2722 1943 0
2722 18332 0
2722 8112 0
2722 2724 0
4339 6915 0
4339 3632 0
4339 4681 0
4339 4542 0
4339 1719 0
4339 2338 0
4339 3795 0
4339 3986 0
4339 13200 0
4339 5981 0
4339 4524 0
4339 4534 0
4339 7917 0
4339 19879 0
5365 19879 0
5365 6739 0
5365 1687 0
5365 3354 0
5365 5365 0
5365 7084 0
5365 3353 0
5365 3866 1
5365 3355 0
5365 5432 0
5365 6977 0
5365 301 0
5365 3934 0
5365 3446 0
5365 5521 0
5365 3986 0
5365 5523 0
5365 2458 0
5365 18332 0
5365 16308 0
5365 2500 0
5365 2523 1
5365 7077 0
5365 5543 0
3844 1719 0
3844 3844 0
3844 5389 0
3844 2831 0
3844 3353 0
3844 3354 0
3844 2340 0
3844 337 0
3844 338 0
3844 3446 0
3844 19837 0
3844 3464 0
3844 3986 0
3844 5981 0
3844 4542 0
3844 3043 0
4343 16308 0
4343 6739 0
4343 1779 0
4343 13061 0
4343 2338 0
4343 15663 0
4343 6977 0
4343 5432 0
4343 5464 0
4343 861 0
4343 3426 0
4343 4479 0
4343 5521 0
4343 1943 0
14072 13061 0
14072 7741 0
14072 6977 0
14072 1667 0
14072 6792 0
14072 5885 0
14072 3848 0
14072 15663 0
14072 287 0
14072 2338 0
14072 8875 0
14072 5432 0
14072 337 0
14072 861 0
14072 3426 0
14072 5500 0
14072 19837 0
14072 7480 0
14072 8065 0
14072 1943 0
14072 2458 0
14072 18332 0
14072 3986 0
14072 16308 0
14072 5045 0
14072 972 0
14072 2724 0
14072 6739 0
14072 1016 0
15999 4322 0
15612 6792 0
15612 15612 0
15612 3043 0
15612 5389 0
15612 2382 0
15612 861 0
15612 3934 0
15612 3446 0
15612 3978 0
15612 9545 0
15612 4551 0
15612 972 0
15612 6118 0
5885 6401 0
5885 270 0
5885 287 0
5885 337 0
5885 338 0
5885 4479 0
5885 388 0
5885 4545 1
5885 4546 0
5885 8860 0
5885 669 0
5885 9009 0
5885 21322 0
5885 972 0
5885 8968 0
5885 5389 0
5885 6035 0
5885 3464 0
5885 5520 0
5885 5523 0
5885 19879 0
5885 5885 0
5885 3848 0
5885 6792 0
5885 5981 0
5885 3978 0
5885 3986 0
5885 4092 0
7741 1667 0
7741 669 0
7741 2340 0
7741 5952 0
7741 3978 0
7741 413 0
7741 4547 0
7741 1523 1
7741 10745 0
7741 4091 1
6401 8850 0
6401 1687 0
6401 6401 0
6401 273 0
6401 2382 0
6401 3986 0
6401 3978 0
6401 1943 0
6401 4545 1
6401 4551 0
6401 10724 0
6915 1920 0
6915 2831 0
6915 3986 0
6915 2338 0
6915 8867 0
6915 2340 0
6915 972 0
4707 4481 0
4707 2338 0
4707 19879 0
4707 5981 0
4707 4479 0
13061 2375 0
13061 8549 0
13061 4479 0
13061 413 0
13061 4534 0
13061 4547 0
13061 8860 0
13061 8867 0
13061 2724 0
13061 5004 0
13061 13249 0
13061 13061 0
13061 5016 0
13061 3426 0
13061 5496 0
13061 19837 0
13061 5521 0
13061 19879 0
13061 1523 1
13061 16308 0
13061 1667 0
13061 3866 1
13061 1824 0
13061 5981 0
13061 3978 0
13061 8112 0
861 8875 0
861 2375 0
861 8549 0
861 360 0
861 4460 0
861 4463 0
861 388 0
861 413 0
861 4547 0
861 4550 0
861 4551 0
861 6792 0
861 8867 0
861 9009 0
861 861 0
861 871 0
861 4992 0
861 5004 0
861 5016 0
861 5040 0
861 5045 0
861 3043 0
861 3353 0
861 3354 0
861 5432 0
861 5464 0
861 3426 0
861 3446 0
861 5500 0
861 19879 0
861 1523 1
861 7084 0
861 1687 0
861 1779 0
861 3848 0
861 5082 0
861 1824 0
861 5952 0
861 7480 0
861 3986 0
861 2724 0
861 4091 1
861 4092 0
8065 4481 0
8065 273 0
8065 8549 0
8065 4463 0
8065 4479 0
8065 413 0
8065 4536 0
8065 4542 0
8065 4547 0
8065 2500 0
8065 8867 0
8065 2724 0
8065 8968 0
8065 5004 0
8065 5016 0
8065 7077 0
8065 3354 0
8065 3426 0
8065 19879 0
8065 1824 0
8065 1667 0
8065 8065 0
8968 1687 0
8968 287 0
8968 6792 0
8968 5432 0
8968 5981 0
8968 3986 0
8968 3447 0
8968 7077 0
8968 7084 0
8968 2500 0
8968 6739 0
8968 4091 1
7084 7077 0
7084 1687 0
7084 1779 0
7084 301 0
7084 3353 0
7084 3354 0
7084 3934 0
7084 871 0
7084 3446 0
7084 1920 0
7084 1924 1
7084 2458 0
7084 7084 0
7084 3043 0
7084 5621 0
7948 8867 0
7948 3986 0
5389 287 0
5389 2382 0
5389 337 0
5389 4550 0
5389 4551 0
5389 4555 0
5389 4536 0
5389 669 0
5389 8867 0
5389 473 0
5389 21322 0
5389 5389 0
5389 15663 0
5389 5981 0
270 706 0
270 3446 0
270 8549 0
270 270 0
270 2382 0
270 5981 0
270 3934 0
270 19837 0
270 5082 0
2831 4681 0
2831 2831 0
2831 287 0
2831 2340 0
2831 337 0
2831 338 0
2831 5981 0
2831 3446 0
2831 3464 0
2831 3986 0
2831 5523 0
2831 18332 0
2831 4536 0
273 273 0
273 287 0
273 4534 0
273 4536 0
273 4546 0
273 4555 0
273 3043 0
1667 5981 0
1667 6739 0
1667 1667 0
1667 2724 0
1667 8875 0
1667 1824 0
1667 9009 0
1667 7480 0
1667 5952 0
1667 5464 0
1667 3426 0
1667 3986 0
1667 5500 0
1667 18332 0
1667 7077 0
1667 4524 0
1667 16308 0
1667 5045 0
1667 4547 0
1667 2500 0
1667 8867 0
1667 1016 0
7956 4481 0
7956 7956 0
7956 287 0
7956 9009 0
7956 5981 0
7956 5543 0
3353 4479 0
3353 2500 0
3353 4550 0
3353 4551 0
3353 4555 0
3353 2724 0
3353 13200 0
3353 972 0
3353 3043 0
3353 3353 0
3353 3354 0
3353 3355 0
3353 5432 0
3353 1687 0
3353 16176 0
3353 5938 0
3353 1920 0
3353 8112 0
3354 287 0
3354 2338 0
3354 301 0
3354 2382 0
3354 4479 0
3354 2500 0
3354 4550 0
3354 4555 0
3354 5004 0
3354 13200 0
3354 972 0
3354 3043 0
3354 3354 0
3354 3355 0
3354 7482 0
3354 3447 0
3354 1687 0
3354 5432 0
3354 5981 0
3354 3934 0
3354 1920 0
3354 1924 1
3354 3978 0
3355 1687 0
3355 4551 0
3355 3355 0
3355 301 0
3355 5432 0
3355 3447 0
3355 1920 0
3355 1943 0
3355 2500 0
3355 4550 0
3355 3043 0
3355 6118 0
286 286 0
286 2338 0
286 3043 0
287 287 0
287 8860 0
287 9009 0
287 2338 0
287 2340 0
287 2375 0
287 2382 0
287 413 0
287 3043 0
287 3426 0
287 11634 0
287 3446 0
287 3447 0
287 19837 0
287 3464 0
287 19879 0
287 3866 1
287 3930 0
287 3934 0
287 4485 0
287 4536 0
287 4555 0
287 4681 0
287 4992 0
287 13200 0
287 5045 0
287 5464 0
287 5520 0
287 5543 0
287 6094 0
287 6739 0
287 15183 0
287 7480 0
287 8124 1
287 2724 0
1824 6739 0
1824 6792 0
1824 8867 0
1824 1824 0
1824 5938 0
1824 6977 0
1824 337 0
1824 338 0
1824 3426 0
1824 360 0
1824 3986 0
1824 1943 0
1824 18332 0
1824 8112 0
1824 16308 0
1824 4551 0
1824 19879 0
3632 2338 0
3632 8867 0
3632 3632 0
3632 4463 0
2338 4296 0
2338 2338 0
2338 8549 0
2338 4463 0
2338 4481 0
2338 4491 0
2338 413 0
2338 4550 0
2338 473 0
2338 4681 0
2338 6739 0
2338 8867 0
2338 2724 0
2338 10711 0
2338 871 0
2338 4992 0
2338 5016 0
2338 5981 0
2338 5432 0
2338 5464 0
2338 1369 0
2338 3426 0
2338 4547 0
2338 19879 0
2338 5045 0
2338 1687 0
2338 1719 0
2338 2340 0
2338 7917 0
2338 7480 0
2338 3986 0
2338 1943 0
5923 4681 0
5923 8867 0
5923 5923 0
5923 2382 0
5923 5981 0
5923 871 0
5923 5521 0
5923 5117 0
2340 2340 0
2340 4551 0
2340 4550 0
8875 6739 0
8875 871 0
8875 18332 0
8875 8875 0
8875 3848 0
8875 7480 0
8875 4992 0
8875 1687 0
8875 3986 0
8875 5981 0
8875 5045 0
8875 4550 0
8875 19879 0
4681 3848 0
4681 4681 0
4681 1719 0
4681 2382 0
4681 4463 0
4681 3446 0
4681 5521 0
4681 3986 0
4681 3010 0
4681 5523 0
9009 19879 0
9009 6792 0
9009 8860 0
9009 18332 0
9009 18871 0
9009 301 0
9009 9009 0
9009 5938 0
9009 15663 0
9009 21322 0
9009 1369 0
9009 3930 0
9009 19837 0
9009 3986 0
9009 972 0
9009 5543 0
301 7077 0
301 6977 0
301 1687 0
301 669 0
301 8867 0
301 1779 0
301 301 0
301 5938 0
301 2382 0
301 5432 0
301 5523 0
301 3446 0
301 4463 0
301 5981 0
301 4534 0
301 4547 0
301 2500 0
301 4550 0
301 4555 0
301 3043 0
301 4551 0
15663 669 0
15663 8867 0
15663 2724 0
15663 15663 0
15663 7480 0
15663 4479 0
15663 4546 0
15663 4547 0
6792 2382 0
6792 4460 0
6792 4547 0
6792 6792 0
6792 669 0
6792 2724 0
6792 5004 0
6792 5016 0
6792 5045 0
6792 972 0
6792 7480 0
6792 19837 0
6792 5981 0
5938 6739 0
5938 8860 0
5938 3866 1
5938 5938 0
5938 3426 0
5938 4479 0
5938 3986 0
5938 18871 0
5938 4536 0
5938 4547 0
1587 1586 1
1587 337 0
1587 338 0
3795 3986 0
3795 3795 0
3795 4463 0
3795 5117 0
5432 4485 0
5432 4534 0
5432 4536 0
5432 4546 0
5432 4547 0
5432 2500 0
5432 4550 0
5432 4555 0
5432 2523 1
5432 669 0
5432 4551 0
5432 871 0
5432 7077 0
5432 5432 0
5432 5434 0
5432 5464 0
5432 5521 0
5432 5523 0
5432 5621 0
5432 1687 0
5432 7917 0
5432 3043 0
5432 3930 0
5432 5981 0
5432 1943 0
1588 1586 1
1588 3930 0
7482 4524 0
7482 4534 0
3978 2382 0
3978 337 0
3978 338 0
3978 413 0
3978 4547 0
3978 4550 0
3978 6739 0
3978 669 0
3978 2724 0
3978 4992 0
3978 5004 0
3978 5016 0
3978 5021 0
3978 5040 0
3978 5082 0
3978 7480 0
3978 19879 0
3978 3533 0
3978 1687 0
3978 1779 0
3978 3848 0
3978 5981 0
3978 3978 0
3978 3986 0
3978 1943 0
3978 18332 0
3978 16308 0
1077 9056 1
1077 4513 1
1077 18871 1
1077 1943 1
5952 6739 0
5952 8549 0
5952 8867 0
5952 337 0
5952 338 0
5952 3426 0
5952 3446 0
5952 8112 0
5952 18871 0
6977 4322 0
6977 4463 0
6977 4547 0
6977 2500 0
6977 2724 0
6977 6977 0
6977 4992 0
6977 5016 0
6977 7077 0
6977 7480 0
6977 1523 1
6977 1779 0
6977 6094 0
6977 2523 1
1920 1687 0
1920 2458 0
1920 4485 0
1920 4550 0
1920 4551 0
1920 972 0
1920 8867 0
1920 3446 0
1920 4479 0
5040 5045 0
5040 7480 0
5040 337 0
5040 338 0
5040 3426 0
5040 4992 0
5040 1943 0
5040 5004 0
5040 5016 0
5040 5021 0
5040 8112 0
5040 19879 0
5040 6739 0
2375 16308 0
2375 7480 0
2375 2375 0
2375 7496 0
2375 9545 0
2375 3426 0
2375 3446 0
2375 3986 0
2375 5523 0
2375 2724 0
7496 8867 0
7496 7480 0
7496 7496 0
7496 3986 0
7496 5016 0
7496 4534 0
7496 3533 0
9545 5021 0
9545 4534 0
9545 7480 0
9545 21322 0
9545 972 0
9545 2382 0
21322 5523 0
21322 21322 0
21322 4547 0
21322 5981 0
4322 8867 0
4322 6739 0
4322 4322 0
4322 11634 0
4322 1523 1
2382 2382 0
2382 337 0
2382 4463 0
2382 4524 0
2382 4534 0
2382 4546 0
2382 4547 0
2382 4550 0
2382 4551 0
2382 15183 0
2382 3043 0
2382 1369 0
2382 3446 0
2382 5543 0
2382 3934 0
2382 6118 0
15183 18332 0
337 5981 0
337 669 0
337 4551 0
337 8867 0
337 337 0
337 338 0
337 5464 0
337 3934 0
337 4460 0
337 3446 0
337 21378 0
337 3464 0
337 2458 0
337 413 0
337 19879 0
337 4550 0
337 972 0
337 3043 0
338 338 0
338 4460 0
338 4479 0
338 4485 0
338 2458 0
338 4550 0
338 4551 0
338 669 0
338 8867 0
338 4992 0
338 5004 0
338 5016 0
338 5021 0
338 972 0
338 1016 0
338 5464 0
338 3446 0
338 3464 0
338 5521 0
338 19879 0
338 5981 0
3043 4491 0
3043 4547 0
3043 2500 0
3043 4550 0
3043 4551 0
3043 4555 0
3043 8867 0
3043 706 0
3043 7077 0
3043 3043 0
3043 5464 0
3043 3446 0
3043 5521 0
3043 5523 0
3043 1687 0
3043 5981 0
3043 1943 0
13249 13249 0
13249 1687 0
13249 4545 1
13249 5981 0
13249 3934 0
5464 6739 0
5464 3848 0
5464 5521 0
5464 3986 0
5464 18871 0
1369 6739 0
1369 1369 0
1369 4463 0
1369 5521 0
1369 3986 0
1369 18871 0
1369 4091 1
3930 669 0
3930 4534 0
3930 3930 0
3930 4524 0
3930 7077 0
5981 8549 0
5981 413 0
5981 669 0
5981 1687 0
5981 1943 0
5981 2458 0
5981 2500 0
5981 2724 0
5981 3426 0
5981 3446 0
5981 3447 0
5981 19837 0
5981 19879 0
5981 3848 0
5981 3934 0
5981 3986 0
5981 4458 0
5981 4479 0
5981 5004 0
5981 13200 0
5981 5045 0
5981 871 0
5981 5621 0
5981 5981 0
5981 6035 0
5981 6739 0
5981 7077 0
5981 8112 0
5981 16308 0
3934 1687 0
3934 3934 0
3934 3446 0
3934 4479 0
3934 4481 0
3934 4547 0
3934 2500 0
3934 4550 0
13200 669 0
13200 13200 0
13200 3986 0
13200 8112 0
13200 1523 1
3426 19837 0
3426 16308 0
3426 8549 0
3426 4479 0
3426 4481 0
3426 2458 0
3426 413 0
3426 4547 0
3426 4550 0
3426 4551 0
3426 8860 0
3426 669 0
3426 8867 0
3426 4992 0
3426 5004 0
3426 5016 0
3426 7480 0
3426 3426 0
3426 5500 0
3426 19879 0
3426 1523 1
3426 5045 0
3426 1687 0
3426 3986 0
3426 1943 0
3426 8112 0
3426 2724 0
8549 16308 0
8549 6739 0
8549 19837 0
8549 4481 0
8549 4485 0
8549 3464 0
8549 3986 0
8549 1943 0
8549 5016 0
8549 7077 0
8549 19879 0
8549 18332 0
8549 8112 0
8549 2500 0
8549 4555 0
871 8867 0
871 4550 0
871 4551 0
871 4555 0
360 3986 0
360 4551 0
360 12877 0
360 4463 0
360 4091 1
360 5117 0
2724 4479 0
2724 413 0
2724 4524 0
2724 2500 0
2724 6739 0
2724 2724 0
2724 706 0
2724 21378 0
2724 5004 0
2724 5016 0
2724 5045 0
2724 19427 0
2724 1016 0
2724 7480 0
2724 5500 0
2724 19879 0
2724 3533 0
2724 16308 0
2724 3848 0
2724 3986 0
2724 1943 0
2724 18332 0
2724 8112 0
4460 18332 0
4460 4542 0
4460 4555 0
4460 972 0
8850 8850 0
8850 1943 0
8850 9086 1
3848 8867 0
3848 18332 0
3848 6739 0
3848 3848 0
3848 7480 0
3848 4992 0
3848 5004 0
3848 5016 0
3848 2458 0
3848 5021 0
3848 5045 0
3848 1523 1
3848 1016 0
4463 4463 0
4463 4485 0
4463 2458 0
4463 4524 0
4463 4536 0
4463 4547 0
4463 2500 0
4463 4550 0
4463 4551 0
4463 473 0
4463 6739 0
4463 7077 0
4463 972 0
4463 3446 0
4463 3447 0
4463 3986 0
4463 1943 0
4463 8112 0
4463 16308 0
4463 6094 0
11634 11634 0
11634 18871 0
11634 4550 0
11634 10745 0
11634 4091 1
6035 3986 0
6035 6035 0
6035 8112 0
3446 4485 0
3446 2500 0
3446 8867 0
3446 9086 1
3446 5016 0
3446 5021 0
3446 5045 0
3446 7480 0
3446 3446 0
3446 3447 0
3446 19879 0
3446 1687 0
3446 1719 0
3447 1687 0
3447 8867 0
3447 5045 0
3447 4536 0
3447 3447 0
5496 21378 0
5496 8867 0
1914 4481 1
1914 1914 2
1914 4479 1
5434 1687 0
5434 5521 0
5434 4485 0
5434 1943 0
5434 2500 0
5434 4550 0
5434 4551 0
5500 6739 0
5500 7480 0
5500 18332 0
5500 413 0
5500 8112 0
5500 5045 0
5500 3533 0
5500 1016 0
19837 19837 0
19837 3986 0
19837 413 0
19837 669 0
19837 10745 0
9086 3986 1
4479 6739 0
4479 4481 0
4479 4485 0
4479 3986 0
4479 1943 0
4479 5016 0
4479 19879 0
4479 2500 0
4479 16308 0
20864 3986 1
4481 6739 0
4481 4491 0
4481 3986 0
4481 1523 1
21378 8867 0
21378 21378 0
21378 473 0
21378 5117 0
7480 2458 0
7480 6739 0
7480 4992 0
7480 5004 0
7480 5016 0
7480 5045 0
7480 1016 0
7480 7480 0
7480 19879 0
7480 5021 0
7480 1943 0
7480 18332 0
7480 8112 0
388 388 0
388 3986 0
388 4091 1
388 12877 0
388 1016 0
4485 5521 0
4485 2458 0
3464 8867 0
3464 3464 0
3464 1687 0
4491 8867 0
4491 4491 0
4491 4546 0
4491 473 0
5004 413 0
5004 6739 0
5004 8867 0
5004 4992 0
5004 5021 0
5004 5045 0
5004 5016 0
5004 19879 0
5004 3533 0
5004 3986 0
5004 1943 0
5004 8112 0
5004 16308 0
5004 4092 0
7917 7917 0
7917 3986 0
7917 4550 0
7917 4551 0
7917 4296 0
5521 7077 0
5521 1687 0
5521 5521 0
5521 3986 0
5521 5523 0
5521 8112 0
5521 4536 0
5521 2500 0
5521 4551 0
3986 413 0
3986 8867 0
3986 972 0
3986 1016 0
3986 1523 1
3986 19879 0
3986 3986 0
3986 8860 0
3986 4091 1
3986 4296 0
3986 4534 0
3986 4545 1
3986 4547 0
3986 4550 0
3986 4551 0
3986 12877 0
3986 5016 0
3986 5021 0
3986 5082 0
3986 5523 0
3986 6739 0
3986 8112 0
5523 7077 0
5523 4555 0
5523 1687 0
5523 5523 0
5523 4551 0
5523 8112 0
5523 4536 0
5523 2500 0
5523 4550 0
5523 10711 0
5523 2523 1
5523 4092 0
706 4551 0
706 4524 0
706 706 0
706 4550 0
706 4546 0
706 1523 1
5016 2458 0
5016 413 0
5016 4550 0
5016 6739 0
5016 8867 0
5016 4992 0
5016 5045 0
5016 19879 0
5016 5021 0
5016 4551 0
5016 1943 0
5016 18332 0
5016 8112 0
2458 19879 0
2458 6739 0
2458 4547 0
2458 669 0
2458 8867 0
2458 2458 0
2458 4992 0
2458 5021 0
2458 5045 0
2458 4545 1
2458 4555 0
2458 5543 0
18332 413 0
18332 4547 0
18332 8867 0
18332 5021 0
18332 5045 0
18332 1016 0
18332 19879 0
18332 8112 0
413 8112 0
413 6739 0
413 8867 0
413 16308 0
413 1943 0
413 3533 0
413 19879 0
4513 4546 0
4992 1943 0
4992 5021 0
4992 5045 0
4992 19879 0
4992 6739 0
3010 1943 0
3010 3010 0
3010 6094 0
7077 1687 0
7077 8867 0
7077 1779 0
7077 7077 0
7077 4547 0
7077 2500 0
19879 4534 0
19879 4536 0
19879 4546 0
19879 2500 0
19879 6739 0
19879 669 0
19879 5021 0
19879 5045 0
19879 19879 0
19879 3533 0
19879 16308 0
19879 1687 0
19879 1943 0
19879 8112 0
19879 8867 0
8860 1943 0
4524 4524 0
4524 2500 0
4524 473 0
4524 10745 0
4524 6739 0
4524 5543 0
4524 1523 1
4524 5621 0
4524 6094 0
4524 5117 0
1719 1719 0
669 6739 0
669 669 0
669 8867 0
669 972 0
669 8112 0
8112 6739 0
8112 1779 0
8112 8112 0
1779 1779 0
1779 2500 0
1779 2523 1
16308 4547 0
16308 8867 0
16308 5021 0
16308 1523 1
16308 16308 0
5045 6739 0
5045 1943 0
5045 5021 0
5045 1016 0
4534 4546 0
4534 4534 0
4534 972 0
4534 1523 1
4534 1687 0
4534 6094 0
18871 18871 0
18871 8867 0
18871 4091 1
4536 4547 0
4536 1687 0
4536 4296 0
4536 4551 0
4536 1924 1
4536 5021 0
4536 4536 0
4536 4546 0
4536 4550 0
4536 972 0
4542 4542 0
4542 10745 0
4545 5021 1
4546 8867 0
4546 5543 0
4546 4546 0
4546 4550 0
4546 4551 0
4546 10724 0
4547 6739 0
4547 1687 0
4547 8867 0
4547 1943 0
4547 4547 0
4547 4555 0
4547 972 0
2500 4555 0
2500 2523 1
2500 2500 0
2500 5621 0
2500 1687 0
2500 1943 0
4550 4550 0
4550 4551 0
4550 4555 0
4550 1687 0
4551 4555 0
4551 4551 0
4551 5621 0
2095 2095 2
2095 1687 1
4555 1687 0
4555 4555 0
4555 473 0
972 1687 0
972 972 0
972 1523 1
3533 4296 0
3533 3533 0
6094 6094 0
6094 1523 1
12877 4091 1
8867 4296 0
8867 473 0
8867 6739 0
8867 8867 0
8867 1943 0
10711 10711 0
473 5082 0
5082 5082 0
2523 2523 2
5021 6739 0
5021 1943 0
5543 5543 0
1687 5621 0
1687 1687 0
7152 7152 2
4296 4296 0
1523 6739 1
1523 1523 2
1523 10745 1
1943 1016 0
1943 1943 0
1943 4092 0
5621 5621 0
10745 4091 1
4091 4091 2
4091 4092 1
5117 5117 0
6739 6739 0
