1807 2059 0
1807 3719 1
1807 1680 0
1807 1170 0
1807 2718 0
1807 1259 0
1807 2800 1
1807 5365 0
1807 5367 0
1807 1807 0
1807 1808 0
1807 561 0
1807 4956 0
1807 5469 0
1807 418 0
1807 19879 0
1807 8166 0
1 1 0
1 53 0
1 9828 0
1 4787 0
1 287 0
1 2800 1
1 284 0
1 9009 0
1 16863 1
1 7491 0
1 7582 0
1 15952 0
1026 1026 0
1026 5521 1
1026 5523 0
1026 5148 1
1026 5152 0
1026 5155 1
1026 3035 0
1027 1027 0
1027 1030 0
1027 5523 0
1027 5155 1
1027 5148 1
1028 5152 0
1028 5155 1
1028 1028 0
1028 2953 1
1028 5148 1
1030 1030 0
1030 5148 1
1030 5152 0
1030 5155 1
1030 3035 0
1030 5521 1
1030 5523 0
11265 14978 1
11265 8467 1
11265 1950 1
2057 5152 0
2057 5155 1
2057 5148 1
1034 5152 0
1034 5155 1
1034 287 0
1034 5148 1
11 1680 0
11 3986 0
11 8467 0
11 2718 0
11 2722 0
11 7721 1
11 13355 0
11 6099 0
11 5982 0
11 5521 1
11 3561 0
3012 10179 0
3012 13355 0
3012 11821 0
3012 2606 0
3012 1894 0
3012 16490 0
3012 5254 0
3012 2703 0
3012 6739 0
3012 16031 0
3012 8865 0
3012 4801 0
3012 8391 0
3012 2793 0
3012 2599 0
3012 287 0
3012 5994 0
3012 1388 0
3012 3986 0
3012 4007 1
3012 4566 1
3012 15853 0
3012 18378 0
4610 4610 0
4610 287 0
4610 1927 0
4610 7582 0
4610 16863 1
4610 700 0
4610 704 0
4610 705 0
4610 1221 0
4610 15952 0
4610 5981 0
4610 9828 0
4610 1894 0
4610 1259 0
4610 2800 1
4610 1653 0
4610 5885 0
2062 1653 1
2062 287 1
6138 8467 1
6138 19628 1
6138 561 1
12291 12291 0
12291 5155 1
12291 5148 1
16388 8881 0
16388 1388 0
16388 2937 0
16388 5850 0
16388 8611 0
16388 2594 0
16388 2596 0
16388 2598 0
16388 2605 0
16388 2606 0
16388 6739 0
16388 16490 0
16388 2718 0
16388 8865 0
16388 2722 0
16388 6828 0
16388 13037 1
16388 2800 1
16388 4956 0
16388 4971 0
16388 3561 0
16388 2936 0
16388 4989 0
16388 5005 0
16388 15853 0
16388 7077 0
16388 3050 0
16388 7243 0
16388 5243 0
16388 4985 0
16388 11501 0
16388 5365 0
16388 5367 0
16388 5392 0
16388 5393 0
16388 5394 0
16388 5395 0
16388 5396 0
16388 5397 0
16388 5398 0
16388 5399 0
16388 5400 0
16388 5401 0
16388 5402 0
16388 19879 0
16388 15882 0
16388 1591 0
16388 1653 0
16388 16031 0
16388 7858 0
16388 3802 0
16388 18728 0
16388 5966 0
16388 3978 0
16388 3986 0
16388 18378 0
16388 16349 0
16388 8185 0
5148 5521 2
5148 5148 2
5148 5152 1
5148 13362 1
5148 5432 1
5148 1225 1
5148 3536 1
5148 3426 1
5148 3427 1
5148 3431 1
5148 4859 1
5152 2983 0
5152 892 0
5152 2987 1
5152 13362 0
5152 1225 0
5152 2981 0
5152 3043 0
5152 5152 0
5152 4859 0
2594 6147 0
2594 53 0
2594 2115 0
2594 8391 0
2594 270 0
2594 8467 0
2594 5850 0
2594 287 0
2594 18728 0
2594 418 0
2594 8611 0
2594 4568 0
2594 2594 0
2594 2596 0
2594 2597 0
2594 2598 0
2594 2599 0
2594 2605 0
2594 2606 0
2594 561 0
2594 6739 0
2594 2703 0
2594 2718 0
2594 8865 0
2594 2722 0
2594 8881 0
2594 4801 0
2594 2797 1
2594 2800 1
2594 4956 0
2594 4971 0
2594 2936 0
2594 4985 0
2594 4989 0
2594 5005 0
2594 5052 0
2594 10426 0
2594 5243 0
2594 1221 0
2594 2937 0
2594 7005 0
2594 1259 0
2594 5394 0
2594 5395 0
2594 5396 0
2594 5398 0
2594 5399 0
2594 5400 0
2594 5401 0
2594 5402 0
2594 3426 0
2594 1388 0
2594 5487 0
2594 5494 0
2594 19879 0
2594 3561 0
2594 15853 0
2594 15882 0
2594 1591 0
2594 1653 0
2594 3719 1
2594 1680 0
2594 16031 0
2594 7858 0
2594 3802 0
2594 5855 0
2594 1765 0
2594 3886 0
2594 8041 0
2594 5994 0
2594 18292 0
2594 6805 0
2594 1927 0
2594 3978 0
2594 2712 0
2594 3986 0
2594 6068 0
2594 18378 0
2594 8166 0
2594 8176 0
5155 1225 1
5155 3536 1
5155 13362 1
2596 2596 0
2596 2597 0
2596 2598 0
2596 2599 0
2596 2605 0
2596 2606 0
2596 5981 0
2596 561 0
2596 53 0
2596 2115 0
2596 6739 0
2596 8467 0
2596 1653 0
2596 8041 0
2596 5243 0
2596 1388 0
2596 1680 0
2596 2712 0
2596 2718 0
2596 16031 0
2596 2722 0
2596 8881 0
2596 4801 0
2596 1221 0
2596 8391 0
2596 3802 0
2596 5855 0
2596 1259 0
2596 2797 1
2596 2800 1
2596 7721 1
2596 5392 0
2596 5394 0
2596 5395 0
2596 5396 0
2596 5398 0
2596 5399 0
2596 5400 0
2596 5401 0
2596 5402 0
2596 5850 0
2596 18728 0
2596 4956 0
2596 3426 0
2596 4465 0
2596 2937 0
2596 4989 0
2596 3978 0
2596 5005 0
2596 3986 0
2596 418 0
2596 19879 0
2596 5052 0
2596 7858 0
2597 2599 0
2597 2606 0
2597 53 0
2597 5254 0
2597 7312 0
2597 16031 0
2597 8881 0
2597 2797 1
2597 2800 1
2597 8467 0
2597 3886 0
2597 4956 0
2597 1765 0
2597 3426 0
2597 3978 0
2597 3986 0
2597 3561 0
2597 6739 0
2598 6147 0
2598 53 0
2598 16490 0
2598 1388 0
2598 2937 0
2598 270 0
2598 8467 0
2598 8611 0
2598 2500 0
2598 4566 1
2598 2598 0
2598 2599 0
2598 2605 0
2598 2606 0
2598 561 0
2598 6739 0
2598 8865 0
2598 2722 0
2598 8881 0
2598 13037 1
2598 2798 1
2598 4971 0
2598 2936 0
2598 4985 0
2598 4989 0
2598 1221 0
2598 5365 0
2598 5367 0
2598 5394 0
2598 5395 0
2598 5396 0
2598 5398 0
2598 5399 0
2598 5400 0
2598 5401 0
2598 5402 0
2598 5005 0
2598 3426 0
2598 5487 0
2598 19879 0
2598 3561 0
2598 15882 0
2598 7726 0
2598 1591 0
2598 5850 0
2598 1653 0
2598 16031 0
2598 7858 0
2598 3802 0
2598 18728 0
2598 5885 0
2598 5981 0
2598 5994 0
2598 6005 0
2598 3978 0
2598 3986 0
2598 18378 0
2598 16349 0
2599 19879 0
2599 15882 0
2599 2599 0
2599 2712 0
2599 2605 0
2599 2606 0
2599 561 0
2599 53 0
2599 2115 0
2599 6739 0
2599 5243 0
2599 1680 0
2599 2718 0
2599 2722 0
2599 4801 0
2599 8391 0
2599 3802 0
2599 1765 0
2599 2797 1
2599 2800 1
2599 18728 0
2599 8467 0
2599 5397 0
2599 5005 0
2599 4956 0
2599 3426 0
2599 8041 0
2599 5994 0
2599 1927 0
2599 3978 0
2599 3986 0
2599 16031 0
2599 2500 0
2599 8881 0
2599 16349 0
2599 3561 0
7721 2605 1
7721 2606 1
7721 53 1
7721 1591 1
7721 5983 1
7721 65 1
7721 2115 1
7721 2139 2
7721 1653 1
7721 6269 1
7721 3719 2
7721 2703 1
7721 1680 1
7721 2712 1
7721 6809 1
7721 2718 1
7721 2722 1
7721 8373 1
7721 1722 1
7721 4801 1
7721 1221 1
7721 8391 1
7721 7401 2
7721 1259 1
7721 2797 2
7721 2798 2
7721 2800 2
7721 2803 1
7721 2805 1
7721 4343 1
7721 2808 1
7721 2810 1
7721 13037 2
7721 4885 1
7721 3355 1
7721 18741 1
7721 5966 1
7721 5982 1
7721 5988 1
7721 18292 1
7721 4985 1
7721 4989 1
7721 8064 1
7721 1927 1
7721 14224 2
7721 5521 2
7721 67 1
7721 418 1
7721 2981 1
7721 2983 1
7721 2987 2
7721 6068 1
7721 4026 1
7721 16031 1
7721 5052 1
7721 9156 1
7721 6099 1
7721 4566 2
7721 16863 2
7721 8176 1
7721 5118 1
13355 6147 0
13355 65 0
13355 67 0
13355 16490 0
13355 8391 0
13355 4343 0
13355 18728 0
13355 8467 0
13355 5850 0
13355 287 0
13355 4465 0
13355 8865 0
13355 13037 1
13355 6894 1
13355 7005 0
13355 4971 0
13355 2936 0
13355 5005 0
13355 3050 0
13355 7147 0
13355 15882 0
13355 1221 0
13355 5365 0
13355 5367 0
13355 5392 0
13355 5494 0
13355 19879 0
13355 3561 0
13355 1653 0
13355 13491 0
13355 3802 0
13355 5855 0
13355 1765 0
13355 1927 0
13355 7491 0
13355 6068 0
13355 18378 0
13355 6099 0
13355 16349 0
13355 8176 0
2605 15882 0
2605 2605 0
2605 2606 0
2605 1591 0
2605 6739 0
2605 16490 0
2605 1653 0
2605 8041 0
2605 1388 0
2605 2722 0
2605 8881 0
2605 7858 0
2605 1221 0
2605 4985 0
2605 3802 0
2605 5855 0
2605 8611 0
2605 2797 1
2605 2800 1
2605 18728 0
2605 4343 0
2605 5885 0
2605 5850 0
2605 1883 0
2605 4956 0
2605 3426 0
2605 4971 0
2605 2936 0
2605 2937 0
2605 4989 0
2605 3986 0
2605 5981 0
2605 19879 0
2605 16031 0
2605 18378 0
2605 16349 0
2605 3561 0
2605 8865 0
7726 5832 0
7726 268 0
7726 270 0
7726 4371 0
7726 18728 0
7726 20814 1
7726 8611 0
7726 2703 0
7726 2712 0
7726 2718 0
7726 2722 0
7726 704 0
7726 2800 1
7726 4859 0
7726 4874 0
7726 9009 0
7726 7005 0
7726 17311 0
7726 2983 0
7726 2987 1
7726 5052 0
7726 3050 0
7726 5243 0
7726 5254 0
7726 5365 0
7726 5394 0
7726 5396 0
7726 3426 0
7726 5494 0
7726 19837 0
7726 9609 0
7726 19879 0
7726 5367 0
7726 7726 0
7726 5882 0
7726 5883 0
7726 3886 0
7726 5981 0
7726 5994 0
7726 14224 1
7726 6068 0
7726 8176 0
7726 8185 0
7005 6147 0
7005 2606 0
7005 1591 0
7005 3426 0
7005 6739 0
7005 1653 0
7005 8041 0
7005 16031 0
7005 8881 0
7005 2797 1
7005 2798 1
7005 2800 1
7005 4956 0
7005 5981 0
7005 5487 0
7005 18292 0
7005 2936 0
7005 3986 0
7005 4007 1
7005 4566 1
7005 19879 0
7005 8176 0
7005 5118 0
561 1722 0
561 8391 0
561 270 0
561 18728 0
561 4465 0
561 2500 0
561 4550 0
561 495 0
561 561 0
561 2712 0
561 2718 0
561 6828 0
561 7283 0
561 700 0
561 2793 0
561 746 0
561 4859 0
561 4956 0
561 892 0
561 3035 0
561 3043 0
561 7147 0
561 5243 0
561 1160 0
561 19628 0
561 1221 0
561 1259 0
561 5365 0
561 5367 0
561 3353 0
561 3354 0
561 3355 0
561 5432 0
561 1388 0
561 5521 1
561 5523 0
561 19879 0
561 1680 0
561 1687 0
561 5855 0
561 18254 0
561 5981 0
561 5982 0
561 5986 0
561 5988 0
561 1894 0
561 5994 0
561 6005 0
561 1927 0
561 3978 0
561 6068 0
561 8865 0
13491 2606 0
13491 6739 0
13491 16031 0
13491 8865 0
13491 8881 0
13491 18378 0
13491 1221 0
13491 2793 0
13491 4971 0
13491 2936 0
13491 3986 0
13491 4007 1
13491 4566 1
13491 19879 0
15413 268 0
15413 14224 1
15413 5521 1
15413 3986 0
15413 5397 0
15413 3354 0
15413 2976 0
15413 6269 0
15413 6068 0
15413 15413 0
15413 5832 0
15413 8588 0
15413 5981 0
15413 5986 0
15413 5988 0
15413 5882 0
1591 6828 0
1591 53 0
1591 2115 0
1591 16490 0
1591 6267 0
1591 6269 0
1591 8391 0
1591 8467 0
1591 5850 0
1591 16762 0
1591 418 0
1591 8611 0
1591 4536 0
1591 2606 0
1591 6739 0
1591 2703 0
1591 2712 0
1591 2718 0
1591 8865 0
1591 2722 0
1591 4780 0
1591 8881 0
1591 4787 0
1591 13037 1
1591 4956 0
1591 4971 0
1591 2936 0
1591 4985 0
1591 4989 0
1591 5005 0
1591 15853 0
1591 3050 0
1591 7243 0
1591 5243 0
1591 1170 0
1591 1197 0
1591 2937 0
1591 5393 0
1591 5398 0
1591 3353 0
1591 3355 0
1591 3426 0
1591 1388 0
1591 5494 0
1591 5981 0
1591 19879 0
1591 3561 0
1591 15882 0
1591 11821 0
1591 1591 0
1591 1620 0
1591 1653 0
1591 1687 0
1591 16031 0
1591 7858 0
1591 3802 0
1591 5855 0
1591 18728 0
1591 8041 0
1591 18292 0
1591 3978 0
1591 3986 0
1591 18378 0
1591 6099 0
1591 16349 0
19000 6828 0
19000 16365 1
19000 4361 1
7077 6147 0
7077 5469 0
7077 15882 0
7077 5981 0
7077 7243 0
7077 6267 0
7077 1160 0
7077 5259 0
7077 1687 0
7077 2712 0
7077 7836 0
7077 1197 0
7077 1221 0
7077 16079 0
7077 1765 0
7077 5365 0
7077 5367 0
7077 4859 0
7077 3043 0
7077 4371 0
7077 3886 0
7077 5855 0
7077 5432 0
7077 3411 0
7077 385 1
7077 5521 1
7077 5523 0
7077 7077 0
7077 2983 0
7077 2500 0
7077 495 0
7077 8185 0
15882 2606 0
15882 16490 0
15882 1388 0
15882 1680 0
15882 16031 0
15882 2722 0
15882 8881 0
15882 7858 0
15882 1653 0
15882 2937 0
15882 3802 0
15882 19879 0
15882 2793 0
15882 8611 0
15882 18728 0
15882 8467 0
15882 5005 0
15882 5981 0
15882 4971 0
15882 6005 0
15882 2936 0
15882 4985 0
15882 4989 0
15882 3978 0
15882 13037 1
15882 3986 0
15882 4007 1
15882 5052 0
15882 10179 0
15882 2500 0
15882 18378 0
15882 4566 1
15882 16349 0
15882 3561 0
15882 15853 0
15882 6739 0
15882 8865 0
10933 5521 1
10933 10933 0
10933 7243 0
10933 4005 1
10933 3986 0
10933 5243 0
65 1197 0
65 53 0
65 67 0
65 1620 0
65 9828 0
65 1653 0
65 2703 0
65 2712 0
65 2722 0
65 3426 0
65 1259 0
65 1927 0
65 5521 1
65 3986 0
65 6068 0
65 3043 0
2059 2059 0
2059 5469 0
2059 4185 0
2059 700 0
2059 8391 0
2059 8400 1
2059 287 0
2059 4536 0
2059 2718 0
2059 705 0
2059 4971 0
2059 1170 0
2059 1197 0
2059 1259 0
2059 5432 0
2059 5521 1
2059 5523 0
2059 1680 0
2059 5885 0
2059 5967 0
2059 8064 0
2059 1927 0
2059 8176 0
5193 385 1
5193 1927 0
5193 591 1
5193 3043 0
7243 7243 0
7243 6739 0
7243 4371 0
7243 3720 1
7243 5258 0
7243 5259 0
7243 6828 0
7243 6267 0
7243 5882 0
7243 5883 0
7243 4874 0
7243 3354 0
7243 3355 0
7243 3719 1
7243 5855 0
7243 3411 0
7243 6005 0
7243 4985 0
7243 20814 1
7243 3043 0
7243 5994 0
7243 3050 0
3426 6147 0
3426 2115 0
3426 8391 0
3426 4985 0
3426 19837 0
3426 4343 0
3426 287 0
3426 18728 0
3426 2450 0
3426 67 0
3426 418 0
3426 4550 0
3426 4566 1
3426 495 0
3426 2606 0
3426 2703 0
3426 2712 0
3426 2718 0
3426 2722 0
3426 4956 0
3426 4971 0
3426 2936 0
3426 2937 0
3426 4989 0
3426 5052 0
3426 3050 0
3426 5243 0
3426 5258 0
3426 5259 0
3426 1221 0
3426 7401 1
3426 1259 0
3426 5394 0
3426 5399 0
3426 5400 0
3426 3411 0
3426 3426 0
3426 3427 0
3426 3431 0
3426 1388 0
3426 5981 0
3426 19879 0
3426 1680 0
3426 19628 0
3426 1687 0
3426 16079 0
3426 3802 0
3426 1765 0
3426 3919 0
3426 5986 0
3426 5988 0
3426 1894 0
3426 6269 0
3426 18292 0
3426 8064 0
3426 1927 0
3426 3986 0
3426 6068 0
3426 16031 0
3426 8176 0
591 5487 1
591 1680 1
15952 284 0
15952 7582 0
15952 287 0
15952 4787 0
15952 16863 1
15952 7491 0
15952 1620 0
15952 9828 0
15952 2800 1
6739 53 0
6739 2115 0
6739 8391 0
6739 4985 0
6739 4343 0
6739 8467 0
6739 5850 0
6739 2450 0
6739 418 0
6739 8611 0
6739 4566 1
6739 19879 0
6739 495 0
6739 2606 0
6739 6739 0
6739 2703 0
6739 2712 0
6739 2718 0
6739 2722 0
6739 6828 0
6739 8881 0
6739 705 0
6739 6992 1
6739 4971 0
6739 2936 0
6739 2937 0
6739 5005 0
6739 2976 0
6739 3050 0
6739 5243 0
6739 5254 0
6739 8051 1
6739 1259 0
6739 11501 0
6739 5365 0
6739 5367 0
6739 5392 0
6739 5394 0
6739 5395 0
6739 5396 0
6739 5397 0
6739 5398 0
6739 5400 0
6739 5401 0
6739 5402 0
6739 3427 0
6739 3431 0
6739 1388 0
6739 5487 0
6739 5494 0
6739 3561 0
6739 15853 0
6739 5393 0
6739 1653 0
6739 5399 0
6739 1680 0
6739 7858 0
6739 7013 0
6739 287 0
6739 3802 0
6739 1765 0
6739 18728 0
6739 8176 0
6739 5981 0
6739 5982 0
6739 5986 0
6739 8041 0
6739 18292 0
6739 6805 0
6739 1927 0
6739 3978 0
6739 3986 0
6739 6068 0
6739 16031 0
6739 18378 0
6739 16349 0
6739 8865 0
6739 5118 0
6739 8185 0
1620 6147 0
1620 7858 0
1620 2115 0
1620 4185 0
1620 4343 0
1620 4361 1
1620 268 0
1620 4371 0
1620 287 0
1620 5523 0
1620 418 0
1620 4536 0
1620 4550 0
1620 4566 1
1620 16863 1
1620 2703 0
1620 2712 0
1620 2718 0
1620 2722 0
1620 4956 0
1620 892 0
1620 5052 0
1620 3035 0
1620 5118 0
1620 9009 0
1620 1894 0
1620 5243 0
1620 1170 0
1620 1197 0
1620 1221 0
1620 1259 0
1620 5394 0
1620 5398 0
1620 5399 0
1620 5402 0
1620 5432 0
1620 7491 0
1620 5469 0
1620 19837 0
1620 5521 1
1620 1620 0
1620 15808 1
1620 5855 0
1620 1765 0
1620 5882 0
1620 5981 0
1620 18292 0
1620 8064 0
1620 3986 0
1620 1957 0
4185 4185 0
4185 14978 0
4185 1170 0
4185 2718 0
4185 4874 0
4185 5967 0
4185 5469 0
4185 5521 1
4185 3986 0
4185 5523 0
4185 4566 1
4185 3035 0
2139 418 1
2139 18136 1
2139 4465 1
2139 8882 1
2139 2115 1
2139 5432 1
2139 2139 2
2139 1950 1
10426 6147 0
10426 4371 0
10426 8391 0
10426 2798 1
10426 2800 1
4453 2798 1
4453 6894 1
5392 6147 0
5392 8881 0
5392 2606 0
5392 8041 0
5392 5401 0
5392 16031 0
5392 7858 0
5392 287 0
5392 1221 0
5392 5850 0
5392 2797 1
5392 2798 1
5392 2800 1
5392 4859 0
5392 5393 0
5392 5394 0
5392 5395 0
5392 5396 0
5392 5397 0
5392 5398 0
5392 5399 0
5392 3353 0
5392 3354 0
5392 3355 0
5392 18728 0
5392 1388 0
5392 5487 0
5392 2937 0
5392 5400 0
5392 3986 0
5392 3561 0
11876 5521 1
11876 4566 1
16490 2606 0
16490 1653 0
16490 1388 0
16490 5487 0
16490 16031 0
16490 8865 0
16490 2722 0
16490 8881 0
16490 7858 0
16490 2937 0
16490 3802 0
16490 5855 0
16490 2793 0
16490 8611 0
16490 18728 0
16490 11821 0
16490 4971 0
16490 2936 0
16490 4985 0
16490 4989 0
16490 3986 0
16490 4007 1
16490 18378 0
16490 4566 1
16490 16349 0
16490 3561 0
16490 19879 0
16490 15853 0
10087 8400 1
10087 10087 0
10087 8064 0
10087 9125 1
7147 5988 0
7147 5855 0
7147 1259 0
7147 19837 0
7147 4956 0
7147 8051 1
7147 5521 1
7147 17311 0
7147 5981 0
7147 7147 0
7283 1160 0
7283 5523 0
7283 2712 0
7283 2987 1
7283 5521 1
7283 5994 0
7283 2795 1
7283 7283 0
1653 53 0
1653 8391 0
1653 270 0
1653 284 0
1653 390 0
1653 8611 0
1653 495 0
1653 8881 0
1653 700 0
1653 892 0
1653 8373 0
1653 1160 0
1653 1197 0
1653 1221 0
1653 1259 0
1653 1388 0
1653 1653 0
1653 1765 0
1653 18378 0
1653 5882 0
1653 2606 0
1653 2722 0
1653 16863 1
1653 2936 0
1653 2937 0
1653 3353 0
1653 19879 0
1653 3561 0
1653 3802 0
1653 3986 0
1653 8865 0
1653 4465 0
1653 4536 0
1653 4566 1
1653 21156 1
1653 4801 0
1653 4956 0
1653 4971 0
1653 4985 0
1653 4989 0
1653 5082 0
1653 5243 0
1653 5367 0
1653 18728 0
1653 5400 0
1653 5402 0
1653 5494 0
1653 5523 0
1653 5832 0
1653 5850 0
1653 5855 0
1653 5966 0
1653 5988 0
1653 6068 0
1653 6147 0
1653 6805 0
1653 7583 0
1653 7836 0
1653 16031 0
1653 7858 0
1653 8018 0
1653 8041 0
1653 8064 0
1653 16349 0
1653 8176 0
5243 6147 0
5243 53 0
5243 2115 0
5243 8391 0
5243 287 0
5243 4465 0
5243 418 0
5243 2703 0
5243 2712 0
5243 2718 0
5243 2722 0
5243 8881 0
5243 4801 0
5243 2797 1
5243 4859 0
5243 6968 0
5243 4956 0
5243 5005 0
5243 5082 0
5243 3043 0
5243 1170 0
5243 19879 0
5243 3719 1
5243 1680 0
5243 16031 0
5243 16079 0
5243 3802 0
5243 5855 0
5243 5882 0
5243 5885 0
5243 19837 0
5243 3886 0
5243 5966 0
5243 8064 0
5243 3978 0
5243 3986 0
5243 6068 0
6269 6269 0
6269 2703 0
6269 1722 0
6269 5982 0
6269 7401 1
6269 5885 0
6269 5966 0
6269 4956 0
6269 5986 0
6269 5988 0
6269 8588 0
6269 14224 1
6269 6068 0
6269 5052 0
6269 9156 0
6269 6099 0
5397 8467 0
5397 16031 0
5397 7858 0
5397 1765 0
5397 2797 1
5397 2798 1
5397 2800 1
5397 5393 0
5397 5394 0
5397 5395 0
5397 5396 0
5397 5397 0
5397 5401 0
5397 18728 0
5397 8041 0
5397 1388 0
5397 5487 0
5397 2937 0
5397 390 0
5397 8881 0
5397 3561 0
14978 14978 0
14978 5367 0
14978 4361 1
14978 4874 0
14978 18741 0
14978 18254 0
14978 10091 0
14978 1927 0
14978 4026 0
10091 5882 0
10091 4361 1
10091 4874 0
10091 4579 0
10091 19962 1
5254 287 0
5254 2782 0
5254 15178 1
5254 2936 0
5254 5254 0
5254 3411 0
5254 5521 1
5254 5523 0
5254 16031 0
5254 5967 0
5254 8064 0
5254 3986 0
3719 3719 2
3719 5258 1
3719 6809 1
3719 287 1
3719 6828 1
3719 6267 1
3719 53 1
3719 4859 1
3719 5994 1
3719 6005 1
3720 3720 2
3720 4874 1
5258 2115 0
5258 5258 0
5258 5259 0
5258 6828 0
5258 8881 0
5258 7401 1
5258 1259 0
5258 4874 0
5258 270 0
5258 4371 0
5258 5986 0
5258 5988 0
5258 5994 0
5258 5523 0
5258 4989 0
5258 19879 0
5258 4043 0
5259 5259 0
5259 15128 1
5259 6828 0
5259 4026 0
5259 4043 0
5259 5986 0
5259 5967 0
5259 5988 0
5259 5994 0
5259 5523 0
5259 4465 0
5259 4371 0
5259 7401 1
5259 5882 0
2703 53 0
2703 2500 0
2703 4566 1
2703 2703 0
2703 2712 0
2703 6809 0
2703 2718 0
2703 2722 0
2703 8881 0
2703 4787 0
2703 4859 0
2703 6968 0
2703 2936 0
2703 2981 0
2703 19837 0
2703 16031 0
2703 16079 0
2703 5855 0
2703 5882 0
2703 5885 0
2703 1808 0
2703 3886 0
2703 3978 0
2703 3986 0
2703 1957 0
2703 6068 0
1680 53 0
1680 2115 0
1680 8391 0
1680 2500 0
1680 2712 0
1680 2718 0
1680 2722 0
1680 8881 0
1680 4801 0
1680 5005 0
1680 5469 0
1680 19879 0
1680 16031 0
1680 3802 0
1680 3919 0
1680 3978 0
1680 3986 0
1680 4026 0
5400 11501 0
5400 2606 0
5400 2712 0
5400 16031 0
5400 8881 0
5400 705 0
5400 5855 0
5400 2797 1
5400 2798 1
5400 2800 1
5400 4859 0
5400 18728 0
5400 5393 0
5400 5394 0
5400 5395 0
5400 5396 0
5400 5398 0
5400 5399 0
5400 5401 0
5400 5402 0
5400 2936 0
5400 3978 0
1170 6147 0
1170 53 0
1170 385 1
1170 2712 0
1170 2722 0
1170 3354 0
1170 5432 0
1170 5469 0
1170 1388 0
1170 5855 0
1170 5981 0
1170 1927 0
1170 3986 0
1170 4361 1
6805 11821 0
6805 2606 0
6805 16031 0
6805 4550 0
6805 8881 0
6805 2797 1
6805 2800 1
6805 1388 0
6805 5487 0
6805 2936 0
6805 19879 0
3353 4371 0
3353 385 1
3353 2500 0
3353 4550 0
3353 8881 0
3353 4801 0
3353 2983 0
3353 5052 0
3353 3043 0
3353 1160 0
3353 1259 0
3353 5365 0
3353 5367 0
3353 3353 0
3353 3354 0
3353 3355 0
3353 5432 0
3353 1957 0
3353 2987 1
3353 1687 0
3353 5850 0
3353 5855 0
3353 1894 0
2712 53 0
2712 2115 0
2712 8391 0
2712 16079 0
2712 19837 0
2712 287 0
2712 18728 0
2712 4465 0
2712 2500 0
2712 495 0
2712 2712 0
2712 2718 0
2712 2722 0
2712 8881 0
2712 4787 0
2712 4801 0
2712 13037 1
2712 4859 0
2712 6968 0
2712 4956 0
2712 2936 0
2712 5005 0
2712 2976 0
2712 5052 0
2712 3043 0
2712 1259 0
2712 5393 0
2712 5394 0
2712 5398 0
2712 5399 0
2712 3354 0
2712 5432 0
2712 19879 0
2712 16031 0
2712 3802 0
2712 5855 0
2712 5882 0
2712 5885 0
2712 1808 0
2712 3886 0
2712 1883 0
2712 5981 0
2712 8064 0
2712 3978 0
2712 3986 0
2712 6068 0
2712 8865 0
6809 6809 0
6809 21156 1
6809 1221 0
6809 3411 0
6809 5994 0
6809 19879 0
6809 2500 0
7836 6267 0
7836 7836 0
7836 1259 0
7836 4874 0
7836 3354 0
7836 287 0
7836 3886 0
7836 5432 0
7836 5994 0
7836 385 1
7836 5521 1
7836 4550 0
3354 53 0
3354 6267 0
3354 4371 0
3354 287 0
3354 18728 0
3354 385 1
3354 2500 0
3354 4550 0
3354 4859 0
3354 4956 0
3354 892 0
3354 3043 0
3354 1160 0
3354 1197 0
3354 1259 0
3354 5365 0
3354 5367 0
3354 3354 0
3354 3355 0
3354 3411 0
3354 2987 1
3354 1687 0
3354 5855 0
3354 5432 0
3354 5981 0
3354 1894 0
3354 1927 0
3354 3978 0
3354 1957 0
2718 6147 0
2718 53 0
2718 67 0
2718 5832 0
2718 8391 0
2718 19837 0
2718 8467 0
2718 287 0
2718 5521 1
2718 5523 0
2718 385 1
2718 8588 0
2718 2115 0
2718 418 0
2718 4536 0
2718 2500 0
2718 4550 0
2718 4566 1
2718 19879 0
2718 2718 0
2718 2722 0
2718 8881 0
2718 4801 0
2718 2798 1
2718 4859 0
2718 9009 0
2718 6968 0
2718 2937 0
2718 5005 0
2718 2976 0
2718 2981 0
2718 2983 0
2718 9156 0
2718 3035 0
2718 3043 0
2718 1221 0
2718 5401 0
2718 5432 0
2718 5469 0
2718 3427 0
2718 16079 0
2718 3802 0
2718 5855 0
2718 5882 0
2718 1808 0
2718 5967 0
2718 1883 0
2718 5982 0
2718 8064 0
2718 1927 0
2718 3978 0
2718 3986 0
2718 15359 1
2718 6068 0
2718 16031 0
16031 53 0
16031 2115 0
16031 1388 0
16031 8391 0
16031 8467 0
16031 5850 0
16031 18728 0
16031 2450 0
16031 418 0
16031 8611 0
16031 4566 1
16031 2606 0
16031 2722 0
16031 8881 0
16031 4971 0
16031 2936 0
16031 4985 0
16031 4989 0
16031 5005 0
16031 3050 0
16031 5118 0
16031 2937 0
16031 11501 0
16031 5365 0
16031 5367 0
16031 5393 0
16031 5395 0
16031 5398 0
16031 5399 0
16031 5401 0
16031 5402 0
16031 5487 0
16031 5494 0
16031 5521 1
16031 15853 0
16031 19879 0
16031 3561 0
16031 16031 0
16031 7858 0
16031 3802 0
16031 1765 0
16031 5981 0
16031 5986 0
16031 8041 0
16031 18292 0
16031 3978 0
16031 3986 0
16031 8865 0
16031 18378 0
16031 8176 0
16031 8185 0
8865 8881 0
8865 2606 0
8865 1388 0
8865 8611 0
8865 2722 0
8865 7858 0
8865 18378 0
8865 4985 0
8865 3802 0
8865 5855 0
8865 2793 0
8865 18728 0
8865 11821 0
8865 8467 0
8865 5850 0
8865 4971 0
8865 2936 0
8865 2937 0
8865 4989 0
8865 3978 0
8865 5005 0
8865 13037 1
8865 4566 1
8865 16349 0
8865 3561 0
8865 19879 0
8865 15853 0
2722 6147 0
2722 53 0
2722 67 0
2722 8391 0
2722 19837 0
2722 8467 0
2722 5521 1
2722 5523 0
2722 2115 0
2722 418 0
2722 8611 0
2722 2500 0
2722 19879 0
2722 2606 0
2722 2722 0
2722 4801 0
2722 2798 1
2722 4859 0
2722 9009 0
2722 6968 0
2722 4971 0
2722 2936 0
2722 4985 0
2722 4989 0
2722 5005 0
2722 3043 0
2722 1221 0
2722 2937 0
2722 1259 0
2722 5398 0
2722 5432 0
2722 5469 0
2722 3431 0
2722 1388 0
2722 3561 0
2722 7858 0
2722 16079 0
2722 3802 0
2722 5855 0
2722 18728 0
2722 5882 0
2722 1883 0
2722 5981 0
2722 5982 0
2722 8064 0
2722 1927 0
2722 3978 0
2722 3986 0
2722 6068 0
2722 18378 0
2722 16349 0
21156 6147 1
21156 4956 1
21156 6005 1
19628 1160 0
19628 1687 0
19628 5365 0
19628 5469 0
19628 390 0
19628 5521 1
1197 1687 0
1197 1197 0
1197 8881 0
1197 700 0
1197 705 0
1197 1221 0
1197 5855 0
1197 1765 0
1197 4859 0
1197 4371 0
1197 3886 0
1197 5432 0
1197 3919 0
1197 892 0
1197 1927 0
1197 5521 1
1197 1957 0
1197 2976 0
1197 2500 0
1197 4550 0
1197 4566 1
1197 3043 0
1197 3050 0
1197 5523 0
5809 9609 0
5809 20814 1
5809 14224 1
5809 17311 0
7858 2606 0
7858 5393 0
7858 8041 0
7858 8881 0
7858 7858 0
7858 4985 0
7858 3802 0
7858 1765 0
7858 8611 0
7858 2797 1
7858 4859 0
7858 13037 1
7858 18728 0
7858 4956 0
7858 5994 0
7858 4971 0
7858 1388 0
7858 2936 0
7858 2937 0
7858 4989 0
7858 3978 0
7858 5005 0
7858 3986 0
7858 1957 0
7858 5981 0
7858 19879 0
7858 5487 0
7858 18378 0
7858 16349 0
7858 3043 0
7858 3561 0
4787 16863 1
4787 9828 0
4787 1160 0
4787 1687 0
4787 4787 0
4787 5832 0
4787 5855 0
4787 1765 0
4787 746 0
4787 2800 1
4787 5882 0
4787 5883 0
4787 5885 0
4787 9009 0
4787 3919 0
4787 5981 0
4787 5982 0
4787 18292 0
4787 7582 0
4787 6068 0
4787 5052 0
4787 6099 0
8373 1160 0
8373 5521 1
8373 2981 0
8373 8373 0
8373 5850 0
8373 4859 0
1722 6147 0
1722 3986 0
1722 1722 0
1722 5855 0
1722 13037 1
700 2606 0
700 4780 0
700 700 0
700 704 0
700 705 0
700 5850 0
700 6267 0
700 1259 0
700 5883 0
700 268 0
700 270 0
700 287 0
700 5432 0
700 5521 1
700 4566 1
700 6992 1
704 4780 0
704 268 0
704 270 0
704 5521 1
704 6068 0
704 5432 0
704 704 0
704 705 0
704 4566 1
705 5981 0
705 7013 0
705 6828 0
705 705 0
705 5832 0
705 3802 0
705 5855 0
705 1259 0
705 4343 0
705 5882 0
705 5885 0
705 268 0
705 270 0
705 287 0
705 5432 0
705 6992 1
705 6968 0
705 5469 0
705 5986 0
705 6005 0
705 892 0
705 3978 0
705 2981 0
705 5052 0
705 4550 0
705 4566 1
4780 8882 0
4780 5981 0
4780 53 0
4780 4780 0
4780 5885 0
4780 268 0
4780 270 0
4780 1927 0
4780 5521 1
4780 5523 0
4780 4566 1
1221 6147 0
1221 8881 0
1221 4371 0
1221 284 0
1221 5850 0
1221 2500 0
1221 4550 0
1221 4579 0
1221 6828 0
1221 2793 0
1221 4859 0
1221 9009 0
1221 5005 0
1221 3043 0
1221 1160 0
1221 1221 0
1221 1259 0
1221 5432 0
1221 5469 0
1221 3427 0
1221 5494 0
1221 5521 1
1221 19879 0
1221 1957 0
1221 8467 0
1221 287 0
1221 3802 0
1221 5855 0
1221 3886 0
1221 5981 0
1221 5982 0
1221 5988 0
1221 8041 0
1221 3978 0
1221 3986 0
8391 11821 0
8391 5469 0
8391 53 0
8391 2115 0
8391 8881 0
8391 4801 0
8391 8391 0
8391 3802 0
8391 4343 0
8391 18728 0
8391 4971 0
8391 4989 0
8391 3978 0
8391 5005 0
8391 5521 1
8391 3986 0
8391 5967 0
8391 19879 0
8391 4536 0
8391 3035 0
8391 3043 0
8391 5523 0
5832 5832 0
5832 5855 0
5832 5885 0
5832 268 0
5832 8467 0
5832 6992 1
5832 5981 0
5832 5986 0
5832 7013 0
5832 19837 0
5832 8588 0
5832 2976 0
5832 2987 1
5832 5882 0
1225 2953 1
1225 1225 0
5834 892 1
5834 5981 1
13687 2981 0
13687 2983 0
13687 1160 0
13687 2987 1
13687 13037 1
13687 1687 0
16079 6147 0
16079 6267 0
16079 8351 1
16079 16079 0
16079 5882 0
16079 5885 0
16079 270 0
16079 287 0
16079 9009 0
16079 5981 0
16079 5994 0
16079 1927 0
16079 8588 0
16079 7583 0
16079 2976 0
16079 19879 0
16079 5052 0
16079 2500 0
16079 4566 1
8400 4043 1
8400 8166 1
5982 5981 0
5982 5988 0
5982 8881 0
5982 7401 1
5982 1259 0
5982 268 0
5982 18728 0
5982 5982 0
5982 5986 0
5982 5994 0
5982 8588 0
5982 3986 0
5982 3050 0
4985 6147 0
4985 2606 0
4985 6828 0
4985 15853 0
4985 11821 0
4985 3802 0
4985 5855 0
4985 19879 0
4985 8611 0
4985 13037 1
4985 5885 0
4985 18728 0
4985 5850 0
4985 8881 0
4985 5005 0
4985 4971 0
4985 1388 0
4985 2936 0
4985 2937 0
4985 4989 0
4985 3978 0
4985 5052 0
4985 18378 0
4985 6068 0
4985 16349 0
4985 3561 0
4985 3050 0
18136 8882 0
18136 20814 1
18136 3561 0
5850 4956 0
5850 2606 0
5850 5994 0
5850 5487 0
5850 6005 0
5850 3802 0
5850 19879 0
5850 746 0
5850 5394 0
5850 5398 0
5850 5850 0
5850 287 0
5850 8881 0
5850 4971 0
5850 1388 0
5850 3986 0
5850 2936 0
5850 2937 0
5850 892 0
5850 4989 0
5850 3978 0
5850 5005 0
5850 15853 0
5850 2450 0
5850 4007 1
5850 6068 0
5850 5855 0
5850 8611 0
5850 4566 1
5850 3035 0
5850 3043 0
5850 18378 0
2782 3986 0
2782 5523 0
2782 287 0
2782 20814 1
2782 5981 0
2782 2782 0
2782 5521 1
5855 6147 0
5855 53 0
5855 2115 0
5855 6267 0
5855 8351 1
5855 4371 0
5855 18728 0
5855 8881 0
5855 4465 0
5855 385 1
5855 8611 0
5855 4536 0
5855 2500 0
5855 4566 1
5855 19879 0
5855 2606 0
5855 4550 0
5855 6828 0
5855 2793 0
5855 746 0
5855 13037 1
5855 4859 0
5855 4874 0
5855 4568 0
5855 15128 1
5855 4956 0
5855 892 0
5855 2987 1
5855 5052 0
5855 15297 0
5855 18378 0
5855 1160 0
5855 8051 1
5855 11501 0
5855 5365 0
5855 5432 0
5855 5469 0
5855 5367 0
5855 3561 0
5855 1687 0
5855 3802 0
5855 5855 0
5855 1765 0
5855 1808 0
5855 3886 0
5855 5966 0
5855 5981 0
5855 1894 0
5855 5994 0
5855 6005 0
5855 1927 0
5855 3978 0
5855 8176 0
5855 6068 0
5855 8185 0
6267 6267 0
6267 1687 0
6267 5882 0
6267 4361 1
6267 4874 0
6267 4371 0
6267 5432 0
6267 5981 0
6267 1894 0
6267 5994 0
6267 6005 0
6267 8064 0
6267 15853 0
6267 2500 0
6267 4579 0
1765 2115 0
1765 4361 1
1765 385 1
1765 4536 0
1765 4550 0
1765 2606 0
1765 8881 0
1765 9009 0
1765 4956 0
1765 2936 0
1765 2937 0
1765 2983 0
1765 5052 0
1765 9156 0
1765 3043 0
1765 1160 0
1765 5367 0
1765 5393 0
1765 5401 0
1765 3355 0
1765 5469 0
1765 1388 0
1765 5494 0
1765 19879 0
1765 1687 0
1765 1765 0
1765 5882 0
1765 5883 0
1765 8041 0
1765 6005 0
1765 3978 0
1765 3986 0
7401 4874 1
7401 268 1
7401 270 1
7401 13037 2
7401 15297 1
7401 18254 1
7401 5967 1
7401 5983 1
7401 8166 1
7401 7401 2
7401 8588 1
746 1160 0
746 1687 0
746 8881 0
746 746 0
746 1259 0
746 13037 1
746 5432 0
746 4956 0
746 5469 0
746 5494 0
746 4566 1
1259 6147 0
1259 8467 0
1259 287 0
1259 13037 1
1259 2450 0
1259 2500 0
1259 4579 0
1259 495 0
1259 8881 0
1259 1160 0
1259 5365 0
1259 5398 0
1259 3355 0
1259 5432 0
1259 5469 0
1259 1388 0
1259 3561 0
1259 4371 0
1259 1687 0
1259 5882 0
1259 1808 0
1259 5986 0
1259 1894 0
1259 8064 0
1259 3986 0
2797 9609 1
2797 3978 1
2797 5005 1
2797 11501 1
2797 5393 1
2797 5394 1
2797 5395 1
2797 5396 1
2797 5398 1
2797 5399 1
2797 5401 1
2797 5402 1
2797 18728 1
2797 2981 1
2797 4579 1
2797 2793 1
2797 2798 2
2797 2800 2
2797 8041 1
2797 2936 1
2797 2937 1
2798 9609 1
2798 3978 1
2798 5005 1
2798 11501 1
2798 5393 1
2798 5394 1
2798 5395 1
2798 5396 1
2798 5398 1
2798 5399 1
2798 5401 1
2798 5402 1
2798 18728 1
2798 10398 1
2798 2808 1
2798 8611 1
2798 3802 1
2798 16863 2
2798 3561 1
2798 2800 2
2798 2805 1
2798 2936 1
2798 2810 1
4989 8881 0
4989 2606 0
4989 1388 0
4989 3802 0
4989 16762 0
4989 8611 0
4989 18728 0
4989 5005 0
4989 4971 0
4989 2936 0
4989 2937 0
4989 4989 0
4989 3978 0
4989 13037 1
4989 5052 0
4989 18378 0
4989 16349 0
4989 3561 0
4989 19879 0
4989 15853 0
2800 5398 1
2800 3978 1
2800 5393 1
2800 5394 1
2800 5395 1
2800 5396 1
2800 5399 1
2800 5401 1
2800 5402 1
2800 284 1
2800 7582 1
2800 287 1
2800 2606 1
2800 8881 1
2800 2803 1
2800 10398 1
2800 6968 1
2800 16863 2
2800 7491 1
2800 17311 1
2800 9009 1
2800 3802 1
2800 5882 1
2800 14224 2
2800 9828 1
2800 3561 1
2800 19837 1
2800 2800 2
2800 18728 1
2800 2805 1
2800 5494 1
2800 8041 1
2800 2808 1
2800 2937 1
2800 2810 1
2800 5883 1
2800 5885 1
9828 2115 0
9828 9828 0
9828 287 0
9828 4859 0
9828 5885 0
9828 8467 0
9828 3355 0
9828 284 0
9828 9009 0
9828 7491 0
9828 67 0
9828 17311 0
9828 7582 0
9828 16863 1
2803 2805 0
2805 2810 0
2805 8861 1
2805 287 0
5367 53 0
5367 1160 0
5367 1687 0
5367 4801 0
5367 5365 0
5367 5367 0
5367 4361 1
5367 8467 0
5367 3355 0
5367 5432 0
5367 15178 1
5367 3561 0
5367 892 0
5367 8064 0
5367 3986 0
5367 1957 0
5367 6068 0
5367 2500 0
5367 3043 0
5367 8185 0
2808 287 0
5882 8881 0
5882 268 0
5882 270 0
5882 4566 1
5882 9009 0
5882 6968 0
5882 7013 0
5882 17311 0
5882 2983 0
5882 5052 0
5882 6992 1
5882 3043 0
5882 19837 0
5882 1687 0
5882 5882 0
5882 5883 0
5882 5885 0
5882 18254 0
5882 5981 0
5882 5986 0
5882 6005 0
5882 1927 0
4859 6147 0
4859 4371 0
4859 385 1
4859 2450 0
4859 2500 0
4859 4550 0
4859 495 0
4859 2606 0
4859 6828 0
4859 4859 0
4859 2936 0
4859 2983 0
4859 5052 0
4859 3043 0
4859 1160 0
4859 892 0
4859 3355 0
4859 5432 0
4859 1388 0
4859 19837 0
4859 5521 1
4859 5523 0
4859 19879 0
4859 2981 0
4859 1687 0
4859 3802 0
4859 3886 0
4859 5981 0
4859 5986 0
4859 5988 0
4859 1927 0
4859 3986 0
4859 1957 0
4859 4043 0
5885 2115 0
5885 268 0
5885 270 0
5885 287 0
5885 18728 0
5885 18741 0
5885 8588 0
5885 4465 0
5885 4566 1
5885 9009 0
5885 6968 0
5885 17311 0
5885 2976 0
5885 2983 0
5885 2987 1
5885 5052 0
5885 1894 0
5885 5469 0
5885 3427 0
5885 3431 0
5885 1388 0
5885 5494 0
5885 5523 0
5885 19879 0
5885 5885 0
5885 5981 0
5885 5986 0
5885 5988 0
5885 8041 0
5885 5994 0
5885 3978 0
5885 3986 0
5885 6068 0
5885 8176 0
5885 8185 0
6828 5994 0
6828 1160 0
6828 6828 0
6828 4874 0
6828 4371 0
6828 3355 0
6828 3411 0
6828 4465 0
6828 6005 0
6828 5521 1
6828 3043 0
6828 3050 0
16365 16365 2
16365 5118 1
4361 7312 1
4361 1687 1
4361 4371 1
4361 4885 1
4361 287 1
4361 18254 1
4361 5469 1
4361 2937 1
4361 390 1
4361 4536 1
4361 4026 1
4874 19837 0
4874 4371 0
4874 2500 0
4874 4874 0
4874 2936 0
4874 5393 0
4874 5396 0
4874 3431 0
4874 5986 0
4874 18741 0
4874 18254 0
4874 5981 0
4874 5988 0
4874 5994 0
4874 8064 0
4874 4005 1
4874 4026 0
268 5986 0
268 5883 0
268 268 0
268 270 0
268 8467 0
268 15128 1
268 3886 0
268 6968 0
268 5981 0
268 5988 0
268 1388 0
268 2936 0
268 2937 0
268 17311 0
268 8611 0
270 270 0
270 15128 1
270 5981 0
270 5986 0
270 5988 0
270 5994 0
270 5494 0
270 19837 0
270 2976 0
270 2983 0
270 5052 0
270 18254 0
270 5082 0
11821 19879 0
11821 2606 0
11821 2937 0
11821 13037 1
11821 8176 0
11821 4971 0
11821 4465 0
11821 5052 0
11821 18378 0
11821 4566 1
11821 15853 0
1808 19879 0
1808 5521 1
1808 4566 1
1808 4956 0
5393 6147 0
5393 8881 0
5393 2606 0
5393 5393 0
5393 5394 0
5393 5395 0
5393 5396 0
5393 5398 0
5393 5399 0
5393 5401 0
5393 5402 0
5393 18728 0
5393 5981 0
5393 1388 0
5393 5487 0
5393 2936 0
5393 3986 0
5393 3561 0
5394 6147 0
5394 11501 0
5394 2606 0
5394 5494 0
5394 5395 0
5394 5396 0
5394 5398 0
5394 5399 0
5394 5401 0
5394 5402 0
5394 18728 0
5394 3431 0
5394 1388 0
5394 2936 0
5394 3978 0
5394 3561 0
5395 11501 0
5395 8881 0
5395 2606 0
5395 5395 0
5395 5396 0
5395 5398 0
5395 5399 0
5395 5401 0
5395 5402 0
5395 4956 0
5395 1388 0
5395 5487 0
5395 3978 0
5395 18728 0
5395 3561 0
5396 6147 0
5396 7312 0
5396 2606 0
5396 5398 0
5396 5399 0
5396 5401 0
5396 5402 0
5396 4971 0
5396 1388 0
5396 5494 0
5396 3561 0
5396 18728 0
4885 287 0
4885 4885 0
5398 11501 0
5398 2606 0
5398 8185 0
5398 8881 0
5398 18728 0
5398 5399 0
5398 5401 0
5398 5402 0
5398 1388 0
5398 5487 0
5398 2936 0
5398 3978 0
5398 19879 0
5399 11501 0
5399 2606 0
5399 8881 0
5399 18728 0
5399 5399 0
5399 5401 0
5399 5402 0
5399 4465 0
5399 2936 0
5399 3978 0
5399 19879 0
15128 1160 1
15128 6068 1
15128 287 1
5401 11501 0
5401 2606 0
5401 8881 0
5401 18728 0
5401 5401 0
5401 5402 0
5401 3978 0
5402 11501 0
5402 2606 0
5402 8881 0
5402 18728 0
5402 3978 0
5402 19879 0
3355 6147 0
3355 8881 0
3355 1160 0
3355 1687 0
3355 13037 1
3355 3355 0
3355 5432 0
3355 1894 0
3355 5994 0
3355 6005 0
3355 892 0
3355 1957 0
3355 2983 0
3355 2987 1
3355 5052 0
3355 5365 0
3355 2500 0
3355 4550 0
3355 3043 0
284 284 0
284 9009 0
284 16863 1
284 5432 0
284 287 0
284 7491 0
284 3536 0
284 7582 0
3802 53 0
3802 2115 0
3802 2450 0
3802 8611 0
3802 2606 0
3802 8881 0
3802 4801 0
3802 4956 0
3802 4971 0
3802 3561 0
3802 2936 0
3802 5005 0
3802 2937 0
3802 5432 0
3802 1388 0
3802 5487 0
3802 5494 0
3802 19879 0
3802 15853 0
3802 3802 0
3802 18728 0
3802 5981 0
3802 3978 0
3802 3986 0
3802 1957 0
3802 18378 0
3802 16349 0
4371 2606 0
4371 1160 0
4371 1687 0
4371 2793 0
4371 4371 0
4371 5432 0
4371 3043 0
4371 5994 0
4371 6005 0
4371 8064 0
4371 8588 0
4371 5521 1
4371 3986 0
4371 5523 0
4371 1957 0
4371 5981 0
4371 5365 0
4371 15297 0
4371 2500 0
4371 4550 0
4371 3035 0
4371 19879 0
287 53 0
287 287 0
287 8588 0
287 8881 0
287 8882 0
287 9009 0
287 1894 0
287 10179 0
287 2115 0
287 2793 0
287 3043 0
287 18292 0
287 3411 0
287 3431 0
287 19837 0
287 19879 0
287 1957 0
287 4006 1
287 20814 1
287 4465 0
287 4536 0
287 5052 0
287 5487 0
287 5494 0
287 5994 0
287 6099 0
287 7312 0
287 7582 0
287 8051 1
287 8176 0
6147 6147 0
6147 19837 0
6147 8467 0
6147 8611 0
6147 495 0
6147 8882 0
6147 4801 0
6147 6968 0
6147 7013 0
6147 2976 0
6147 2983 0
6147 7312 0
6147 19879 0
6147 8064 0
6147 1388 0
6147 5521 1
6147 7583 0
6147 16349 0
6147 18741 0
6147 18728 0
6147 3886 0
6147 5994 0
6147 18292 0
6147 3978 0
6147 3986 0
9009 19879 0
9009 5469 0
9009 53 0
9009 7312 0
9009 5883 0
9009 8467 0
9009 9009 0
9009 7491 0
9009 4579 0
9009 1883 0
9009 5994 0
9009 5494 0
9009 19837 0
9009 3986 0
9009 16863 1
9009 7582 0
9009 2976 0
9009 6068 0
9009 3561 0
18728 8881 0
18728 1388 0
18728 2937 0
18728 13037 1
18728 8611 0
18728 2606 0
18728 4956 0
18728 4971 0
18728 2936 0
18728 5005 0
18728 15853 0
18728 5118 0
18728 5487 0
18728 5494 0
18728 19879 0
18728 3561 0
18728 18728 0
18728 18292 0
18728 6005 0
18728 3978 0
18728 3986 0
18728 18378 0
18728 16349 0
18728 8176 0
3886 2606 0
3886 5981 0
3886 5052 0
3886 1687 0
3886 3886 0
3886 5469 0
3886 5986 0
3886 3427 0
3886 5988 0
3886 3431 0
3886 5994 0
3886 6005 0
3886 19837 0
3886 5521 1
3886 17311 0
3886 6068 0
3886 2500 0
3886 4566 1
1160 5469 0
1160 385 1
1160 8588 0
1160 4536 0
1160 2500 0
1160 4550 0
1160 892 0
1160 2983 0
1160 2987 1
1160 3043 0
1160 1160 0
1160 5365 0
1160 1388 0
1160 5521 1
1160 5523 0
1160 1957 0
1160 2981 0
1160 1687 0
1160 5432 0
1160 5986 0
1160 1894 0
1160 5994 0
1160 8185 0
11501 3978 0
11501 11501 0
11501 6005 0
18741 8588 0
18741 14224 1
18741 10179 0
18741 20814 1
18741 18741 0
18741 5981 0
9609 9609 0
9609 14224 1
9609 17311 0
9609 2976 0
9609 2983 0
9609 5052 0
9609 2793 0
9609 19837 0
9609 5883 0
5432 4343 0
5432 8467 0
5432 4536 0
5432 2500 0
5432 4550 0
5432 495 0
5432 2793 0
5432 4971 0
5432 892 0
5432 5365 0
5432 5432 0
5432 3411 0
5432 5469 0
5432 5521 1
5432 5523 0
5432 1687 0
5432 3043 0
5432 5981 0
5432 1894 0
5432 6005 0
20793 4579 1
4801 53 0
4801 2115 0
4801 1687 0
4801 4801 0
4801 8467 0
4801 5967 0
4801 5994 0
4801 3978 0
4801 5005 0
4801 13037 1
4801 3986 0
4801 19879 0
4801 2500 0
53 53 0
53 2115 0
53 4465 0
53 16762 0
53 385 1
53 4536 0
53 2500 0
53 19879 0
53 2606 0
53 8881 0
53 4956 0
53 5005 0
53 5052 0
53 5365 0
53 5469 0
53 1388 0
53 5487 0
53 1687 0
53 5981 0
53 8064 0
53 1927 0
53 3978 0
53 6068 0
8515 385 1
8515 1957 0
8515 8515 0
8515 3043 0
8515 2795 1
8881 8881 0
8881 2115 0
8881 5494 0
8881 8467 0
8881 4465 0
8881 2450 0
8881 8611 0
8881 4536 0
8881 2606 0
8881 4971 0
8881 2936 0
8881 5005 0
8881 2976 0
8881 5052 0
8881 3043 0
8881 3050 0
8881 8041 0
8881 2937 0
8881 5469 0
8881 3427 0
8881 3431 0
8881 1388 0
8881 5521 1
8881 5523 0
8881 19879 0
8881 5365 0
8881 3561 0
8881 15853 0
8881 5967 0
8881 5981 0
8881 5994 0
8881 3978 0
8881 3986 0
8881 1957 0
8881 6068 0
8881 18378 0
8881 4043 0
8881 8176 0
8881 8185 0
8467 5523 0
8467 2793 0
8467 8611 0
8467 495 0
8467 4971 0
8467 2937 0
8467 2976 0
8467 9125 1
8467 5118 0
8467 19879 0
8467 3411 0
8467 3431 0
8467 1388 0
8467 5487 0
8467 8467 0
8467 5967 0
8467 5981 0
8467 5994 0
8467 8064 0
8467 4026 0
8467 8166 0
15178 3050 1
2500 4465 0
2500 385 1
2500 390 0
2500 495 0
2500 892 0
2500 3043 0
2500 5365 0
2500 2500 0
2500 3411 0
2500 5521 1
2500 5523 0
2500 19879 0
2500 1687 0
2500 5981 0
2500 5994 0
2500 8185 0
20814 8176 1
20814 10179 1
20814 17311 1
20814 13218 1
20814 8018 1
20814 7312 1
20814 20814 2
20814 15297 1
20814 7583 1
5967 5967 0
5967 5521 1
5967 4566 1
5967 3035 0
5967 3561 0
5967 8185 0
6992 6992 2
6992 7013 1
6968 5883 0
6968 6968 0
6968 5981 0
6968 7013 0
6968 5521 1
6968 5052 0
8018 14224 1
8018 5981 0
4579 5487 0
4579 5994 0
4579 6005 0
1883 385 1
1883 5523 0
1883 1883 0
1883 5521 1
1883 5487 0
4956 2115 0
4956 4465 0
4956 2606 0
4956 1388 0
4956 4956 0
4956 2936 0
4956 2937 0
4956 5365 0
4956 3427 0
4956 3431 0
4956 19879 0
4956 3561 0
4956 9125 1
4956 5981 0
4956 8041 0
4956 1927 0
4956 3986 0
4956 8185 0
5981 16762 0
5981 8588 0
5981 1388 0
5981 1687 0
5981 1894 0
5981 18292 0
5981 2606 0
5981 2976 0
5981 2981 0
5981 3043 0
5981 3431 0
5981 19837 0
5981 19879 0
5981 3561 0
5981 3978 0
5981 3986 0
5981 5052 0
5981 5469 0
5981 5494 0
5981 5883 0
5981 5981 0
5981 5986 0
5981 5988 0
5981 6005 0
5981 14224 1
5981 6068 0
5981 15297 0
5981 8064 0
5981 4043 0
5981 8176 0
5981 8185 0
7312 14224 1
7312 7583 0
7312 17311 0
7312 7013 0
7312 3561 0
5986 1687 0
5986 14224 1
5986 5986 0
5986 8064 0
5986 8588 0
5986 13037 1
5986 1957 0
5986 15297 0
5986 8185 0
3427 1687 0
3427 3431 0
3427 2936 0
3427 5521 1
3427 3986 0
3427 495 0
5988 14224 1
5988 5988 0
5988 8064 0
5988 8588 0
5988 5005 0
5988 15297 0
5988 8185 0
7013 7013 0
7013 6005 0
7013 5521 1
7013 7583 0
7013 2976 0
7013 2987 1
7013 17311 0
7013 4568 0
1894 1687 0
1894 2793 0
1894 2795 1
1894 1894 0
1894 3431 0
1894 385 1
1894 5523 0
1894 4550 0
3431 3431 0
3431 2936 0
3431 8064 0
3431 3986 0
3431 9125 1
3431 5052 0
3431 495 0
8041 2606 0
8041 2936 0
8041 2937 0
8041 3986 0
5994 16762 0
5994 385 1
5994 2606 0
5994 3043 0
5994 1388 0
5994 5521 1
5994 1687 0
5994 5883 0
5994 5994 0
5994 6005 0
5994 1957 0
5994 8185 0
4971 2937 0
4971 4465 0
4971 8611 0
4971 4566 1
4971 2606 0
4971 2793 0
4971 13037 1
4971 4971 0
4971 2936 0
4971 5052 0
4971 5118 0
4971 5005 0
4971 5469 0
4971 1388 0
4971 19879 0
4971 3561 0
4971 15853 0
4971 18378 0
4971 3978 0
4971 3986 0
4971 16349 0
4971 8176 0
1388 1388 0
1388 2937 0
1388 16762 0
1388 8611 0
1388 4566 1
1388 2606 0
1388 13037 1
1388 2936 0
1388 5005 0
1388 15853 0
1388 3043 0
1388 19879 0
1388 3561 0
1388 3978 0
1388 3986 0
1388 18378 0
1388 16349 0
3986 67 0
3986 418 0
3986 8882 0
3986 18292 0
3986 1927 0
3986 18378 0
3986 2115 0
3986 2450 0
3986 2606 0
3986 2936 0
3986 2937 0
3986 3035 0
3986 3050 0
3986 19837 0
3986 19879 0
3986 3561 0
3986 3978 0
3986 3986 0
3986 4007 1
3986 4026 0
3986 4550 0
3986 4566 1
3986 13037 1
3986 5082 0
3986 5118 0
3986 5365 0
3986 5469 0
3986 5487 0
3986 5494 0
3986 5521 1
3986 5523 0
3986 5966 0
3986 6068 0
3986 6099 0
3986 7491 0
3986 8064 0
3986 16349 0
3986 8166 0
3986 8176 0
3986 8185 0
5487 16863 1
5487 5469 0
5487 5487 0
5487 3978 0
7491 7582 0
7491 16863 1
4465 19879 0
4465 5883 0
4465 2937 0
4465 8064 0
4465 1927 0
4465 418 0
4465 4550 0
4465 4566 1
4465 6068 0
4465 495 0
4465 8185 0
18292 5521 1
18292 5052 0
6005 2793 0
6005 3043 0
6005 3411 0
6005 6005 0
6005 16762 0
6005 2976 0
6005 2981 0
6005 19879 0
6005 6068 0
6005 1957 0
6005 8185 0
5494 3919 0
5494 5494 0
5494 19879 0
5494 4566 1
5494 3050 0
5494 15853 0
2793 16762 0
2793 4566 1
2793 2606 0
2793 15853 0
2793 18378 0
2936 13037 1
2936 8611 0
2936 4566 1
2936 2606 0
2936 2937 0
2936 5005 0
2936 19879 0
2936 3561 0
2936 15853 0
2936 1687 0
2936 1927 0
2936 3978 0
2936 18378 0
2936 16349 0
2937 8611 0
2937 4566 1
2937 2606 0
2937 5005 0
2937 19879 0
2937 3561 0
2937 15853 0
2937 1687 0
2937 3978 0
2937 18378 0
2937 16349 0
16762 13037 1
16762 1927 0
16762 2450 0
16762 8611 0
16762 4566 1
16762 3043 0
16762 3050 0
892 1687 0
892 5365 0
892 892 0
892 385 1
892 5523 0
892 4550 0
892 3043 0
892 8185 0
19837 2115 0
19837 5883 0
19837 19837 0
19837 14224 1
19837 5469 0
19837 17311 0
19837 2983 0
19837 2987 1
19837 5052 0
6099 5521 1
6099 6099 0
4343 1927 0
4343 5521 1
4343 6068 0
8064 1687 0
8064 8064 0
8064 385 1
8064 6068 0
8064 1950 0
8064 4026 0
8064 5052 0
8064 4550 0
8064 8176 0
385 385 2
385 5521 2
385 5523 1
385 1957 1
385 5365 1
385 3043 1
2795 4550 1
390 1687 0
390 8351 1
1927 3043 0
1927 5469 0
1927 5521 1
1927 19879 0
1927 4043 0
1927 8176 0
2953 2953 2
3978 2115 0
3978 2450 0
3978 8611 0
3978 4550 0
3978 2606 0
3978 5005 0
3978 2981 0
3978 5052 0
3978 5082 0
3978 19879 0
3978 15853 0
3978 1687 0
3978 3978 0
3978 18378 0
3978 8176 0
1687 2115 0
1687 4536 0
1687 4550 0
1687 495 0
1687 2606 0
1687 2981 0
1687 2987 1
1687 3043 0
1687 5365 0
1687 5469 0
1687 5521 1
1687 5523 0
1687 19879 0
1687 2983 0
1687 1687 0
1687 1957 0
8588 14224 1
8588 8588 0
5005 19879 0
5005 2606 0
5005 2115 0
5005 15853 0
5005 13037 1
5005 5005 0
5005 5052 0
5005 18378 0
5005 8611 0
5005 16349 0
13037 2606 1
13037 13037 2
13037 5966 1
13037 3919 1
13037 8611 1
13037 2983 1
13037 9156 1
13037 16349 1
13037 19879 1
13037 495 1
14224 7583 1
14224 13218 1
14224 2983 1
14224 5469 1
14224 5052 1
14224 15297 1
14224 10179 1
14224 17311 1
14224 4568 1
14224 14224 2
14224 5883 1
5521 5469 1
5521 5365 1
5521 3043 1
5521 3411 1
5521 5521 2
5521 5523 1
5521 17311 1
5521 2976 1
5521 2981 1
5521 6068 1
5521 4536 1
5521 4043 1
5521 4566 2
5521 3035 1
5521 1957 1
5521 3050 1
5521 8185 1
2450 4007 1
2450 4566 1
2450 19879 0
2115 8882 0
2115 2115 0
2115 5469 0
2115 2983 0
2115 4550 0
2115 3050 0
2115 19879 0
7583 6068 0
7583 7583 0
7583 17311 0
6894 3411 1
6894 5082 1
5469 67 0
5469 5523 0
5469 4536 0
5469 495 0
5469 17311 0
5469 5052 0
5469 5469 0
5469 5883 0
5469 8176 0
1957 67 0
1957 1957 0
1957 4550 0
1957 4043 0
1957 3043 0
17311 15297 0
17311 4007 1
17311 2987 1
17311 17311 0
17311 4566 1
17311 2983 0
17311 5883 0
2976 5052 0
2976 5523 0
2976 2976 0
2976 418 0
2976 2987 1
2976 4536 0
9125 3561 1
4007 18378 1
4007 15853 1
2810 2987 1
2987 2983 1
2987 2987 2
2987 8185 1
8351 8351 2
6068 67 0
6068 4536 0
6068 4550 0
6068 5052 0
6068 19879 0
6068 15853 0
6068 3919 0
6068 6068 0
7582 7582 0
7582 16863 1
4536 19879 0
4536 4536 0
4536 4550 0
4536 5523 0
2981 5523 0
2981 19879 0
2981 8185 0
2981 5883 0
2981 5365 0
4026 3561 0
2606 8611 0
2606 19879 0
2606 3561 0
2606 15853 0
2606 18378 0
2606 16349 0
2606 8176 0
5052 5052 0
5052 3043 0
5052 19879 0
5365 19879 0
5365 5365 0
5365 5523 0
5365 8185 0
15808 5082 1
15297 15297 0
15297 3035 0
3919 3919 0
3919 8176 0
3919 15359 1
10179 16349 0
10179 4566 1
9156 19879 0
9156 9156 0
4550 4550 0
4550 4566 1
4550 495 0
4550 8882 0
4550 3043 0
4550 3050 0
4550 5523 0
2794 495 1
18378 19879 0
18378 8611 0
18378 4566 1
18378 16349 0
18378 3561 0
18378 5523 0
18378 15853 0
4043 5523 0
3536 3536 0
8611 15853 0
8611 16349 0
8611 3561 0
8611 19879 0
18254 18254 0
4566 8882 1
4566 5523 1
4566 19879 1
4566 4566 2
4566 4568 1
4566 3035 1
4566 16349 1
4566 3561 1
4566 15853 1
4568 4568 0
4005 67 1
5082 2983 0
5082 5082 0
5082 16349 0
3035 5523 0
3035 19879 0
3035 3035 0
16349 16349 0
16349 19879 0
16349 3561 0
67 67 0
67 5118 0
3043 3043 0
3043 5523 0
8166 8166 0
3561 19879 0
3561 5523 0
3561 5118 0
3561 3411 0
3050 3050 0
19879 19879 0
19879 15853 0
19879 8176 0
19879 8185 0
5523 5523 0
5523 495 0
5523 8185 0
15853 15853 0
5883 5883 0
5883 2983 0
495 495 0
8176 8176 0
2983 2983 0
8185 8185 0
