20 2059 0
20 20 0
20 2069 0
20 4145 0
20 287 0
20 2338 0
20 389 0
20 4547 0
20 453 0
20 561 1
20 563 1
20 2712 0
20 2718 0
20 2724 0
20 4789 0
20 4822 0
20 8954 0
20 861 0
20 869 0
20 1158 0
20 1259 0
20 5432 0
20 5469 0
20 3446 0
20 3447 0
20 5723 0
20 1687 0
20 1702 1
20 1728 0
20 3801 0
20 5855 0
20 5981 0
20 1927 0
20 1957 0
20 2019 0
60 561 1
60 60 0
60 6977 0
60 2718 0
60 1250 0
60 8833 0
60 2338 0
60 4916 0
60 8503 0
60 5432 0
60 843 1
60 861 0
60 1927 0
60 7064 0
60 3517 0
60 8954 0
287 287 0
287 8833 0
287 700 0
287 9064 1
287 1217 0
287 1221 0
287 1250 0
287 1259 0
287 1661 0
287 8503 0
287 2059 0
287 2338 0
287 2712 0
287 2718 0
287 3142 0
287 3354 0
287 3446 0
287 3447 0
287 1957 0
287 3627 1
287 4349 0
287 4408 0
287 4428 0
287 4488 0
287 4916 0
287 4957 0
287 5953 0
287 2724 0
301 1552 0
301 2069 0
301 5469 0
301 561 1
301 15996 0
301 6977 0
301 16354 0
301 1160 0
301 2703 0
301 1687 0
301 700 0
301 4822 0
301 5855 0
301 1259 0
301 752 0
301 3354 0
301 301 0
301 5278 0
301 4916 0
301 8503 0
301 4428 0
301 5432 0
301 869 0
301 3446 0
301 1927 0
301 4463 0
301 12441 1
301 5981 0
301 7084 0
301 6068 0
301 2718 0
301 4547 0
301 2500 0
301 4550 0
301 6153 0
301 4551 0
301 495 0
384 384 0
384 1158 0
384 1160 0
384 5660 1
384 561 1
384 1221 0
389 6153 0
389 1552 0
389 3601 0
389 531 0
389 7213 0
389 561 1
389 563 1
389 7740 0
389 4789 0
389 5723 0
389 5724 0
389 869 0
389 12909 0
389 7298 0
389 1158 0
389 1687 0
389 2712 0
389 5278 0
389 1217 0
389 3794 1
389 4829 0
389 5855 0
389 5856 0
389 10472 0
389 8954 0
389 4869 0
389 4870 0
389 4872 0
389 1809 0
389 5432 0
389 8503 0
389 4956 0
389 4957 0
389 2405 0
389 9064 1
389 4463 0
389 3446 0
389 3447 0
389 13183 0
389 389 0
389 2458 0
389 6068 0
389 3517 0
389 4547 0
389 2500 0
389 453 0
389 8144 0
389 20972 0
389 3574 0
412 9064 1
412 561 1
412 2579 0
412 4789 0
453 6153 0
453 1552 0
453 3601 0
453 531 0
453 561 1
453 563 1
453 7740 0
453 869 0
453 17541 0
453 1158 0
453 1687 0
453 2718 0
453 2501 0
453 3794 1
453 5855 0
453 10472 0
453 8954 0
453 1809 0
453 5432 0
453 4956 0
453 4957 0
453 4958 0
453 2405 0
453 9064 1
453 3446 0
453 13183 0
453 2458 0
453 6068 0
453 4547 0
453 2500 0
453 453 0
453 20972 0
453 3574 0
472 10220 0
472 2579 0
472 3354 0
472 5981 0
472 561 1
472 563 1
472 3517 0
472 13941 0
472 2500 0
472 8144 0
472 3794 1
472 472 0
472 4829 0
472 5855 0
472 481 0
472 2405 0
472 3574 0
472 8954 0
481 7740 0
481 6153 0
481 6666 0
481 3601 0
481 2069 0
481 561 1
481 563 1
481 869 0
481 5999 0
481 5278 0
481 4789 0
481 2598 0
481 3794 1
481 4829 0
481 5855 0
481 8954 0
481 4870 0
481 1809 0
481 4145 0
481 4413 0
481 8503 0
481 4428 0
481 861 0
481 5986 0
481 2405 0
481 2458 0
481 3517 0
481 4550 0
481 8144 0
481 481 0
481 6632 0
481 10220 0
481 3574 0
481 7672 0
481 6655 0
495 5469 0
495 4145 0
495 1687 0
495 2712 0
495 4822 0
495 1259 0
495 4869 0
495 561 1
495 5432 0
495 843 1
495 861 0
495 7084 0
495 2500 0
495 2501 0
495 4550 0
495 495 0
496 561 1
496 1552 0
496 2703 0
496 2718 0
496 1702 1
496 700 0
496 5855 0
496 861 0
496 4463 0
496 3447 0
496 4477 0
496 4550 0
496 4551 0
496 496 0
531 3601 0
531 531 0
531 7213 0
531 561 1
531 5723 0
531 5724 0
531 2718 0
531 4789 0
531 700 0
531 3794 1
531 5856 0
531 8954 0
531 4349 0
531 5380 0
531 4869 0
531 4870 0
531 4872 0
531 1809 0
531 4956 0
531 4957 0
531 4958 0
531 2405 0
531 2458 0
531 3517 0
531 5855 0
531 8144 0
531 3574 0
561 6148 1
561 6153 1
561 2069 1
561 4145 1
561 4349 1
561 4385 1
561 6436 1
561 8503 1
561 4408 1
561 4413 1
561 4420 1
561 4428 1
561 2405 1
561 4463 1
561 4477 1
561 4488 1
561 2458 1
561 16824 1
561 4547 1
561 2500 1
561 2501 1
561 4550 1
561 4551 1
561 6619 1
561 6632 1
561 20972 1
561 6655 1
561 2598 1
561 561 2
561 563 2
561 12909 1
561 8828 1
561 2712 1
561 2718 1
561 2724 1
561 4786 1
561 4789 1
561 700 1
561 4822 1
561 4829 1
561 746 1
561 752 1
561 8954 1
561 4869 1
561 4870 1
561 4872 1
561 17541 1
561 4956 1
561 4957 1
561 4958 1
561 869 1
561 9064 2
561 13183 1
561 6977 1
561 8029 1
561 7112 1
561 3046 1
561 7213 1
561 861 1
561 8833 1
561 3142 1
561 2579 1
561 7298 1
561 1158 1
561 1160 1
561 5278 1
561 1217 1
561 1221 1
561 1249 1
561 1250 1
561 1259 1
561 5380 1
561 3353 1
561 3354 1
561 5432 1
561 9545 1
561 7524 1
561 5525 1
561 3517 1
561 3574 1
561 7672 1
561 1552 1
561 3601 1
561 7740 1
561 5723 1
561 5724 1
561 13941 1
561 15996 1
561 1661 1
561 1680 1
561 1687 1
561 1728 1
561 3794 2
561 3801 1
561 5855 1
561 5856 1
561 1809 1
561 5953 1
561 5981 1
561 5986 1
561 5999 1
561 1927 1
561 6068 1
561 10172 1
561 6080 1
561 8144 1
561 2019 1
561 10220 1
563 2059 1
563 2598 1
563 861 1
563 4145 1
563 563 2
563 13941 1
563 15996 1
563 8833 1
563 7298 1
563 4786 1
563 4789 1
563 5855 1
563 10472 1
563 746 1
563 4349 1
563 1809 1
563 3353 1
563 3354 1
563 4385 1
563 2338 1
563 6436 1
563 4408 1
563 5432 1
563 4956 1
563 4957 1
563 9064 2
563 2501 1
563 1927 1
563 5525 1
563 2458 1
563 7084 1
563 2500 1
563 10220 1
563 7672 1
700 2059 0
700 7740 0
700 4789 0
700 12909 0
700 2724 0
700 700 0
700 4822 0
700 1259 0
700 4869 0
700 4916 0
700 5432 0
700 843 1
700 861 0
700 4547 0
700 3446 0
700 3447 0
700 3517 0
746 1552 0
746 4957 0
746 12909 0
746 1160 0
746 1687 0
746 5278 0
746 4822 0
746 5855 0
746 746 0
746 1259 0
746 4869 0
746 4870 0
746 4872 0
746 861 0
746 4145 0
746 5432 0
746 4956 0
746 5469 0
746 4958 0
746 7084 0
746 2501 0
746 6655 0
752 5953 0
752 1160 0
752 1552 0
752 5278 0
752 5981 0
752 4145 0
752 4822 0
752 861 0
752 1259 0
752 3794 1
752 3574 0
752 1916 0
843 6153 1
843 2059 1
843 6156 1
843 1552 1
843 5981 1
843 12909 1
843 1217 1
843 1160 1
843 2703 1
843 1687 1
843 2712 1
843 2500 1
843 2718 1
843 2724 1
843 1221 1
843 1259 1
843 3354 1
843 4916 1
843 4413 1
843 843 2
843 5469 1
843 5180 1
843 4463 1
843 3446 1
843 1916 1
843 7064 1
843 5278 1
843 6080 1
843 2501 1
843 7112 1
843 3046 1
861 6153 0
861 2069 0
861 6148 0
861 4145 0
861 4822 0
861 4428 0
861 4463 0
861 4477 0
861 4547 0
861 4550 0
861 4551 0
861 2598 0
861 8828 0
861 2712 0
861 2718 0
861 4829 0
861 8954 0
861 4869 0
861 4870 0
861 4872 0
861 4956 0
861 861 0
861 3046 0
861 4957 0
861 4958 0
861 3142 0
861 7298 0
861 1160 0
861 5278 0
861 1221 0
861 1259 0
861 13183 0
861 3353 0
861 3354 0
861 5432 0
861 5469 0
861 3446 0
861 7064 0
861 7084 0
861 1552 0
861 3601 0
861 7740 0
861 5724 0
861 12909 0
861 1680 0
861 1687 0
861 5855 0
861 5856 0
861 5953 0
861 8029 0
861 5999 0
861 1916 0
861 1927 0
861 6068 0
861 2724 0
869 3601 0
869 3142 0
869 5723 0
869 5724 0
869 17541 0
869 2703 0
869 1687 0
869 2718 0
869 2724 0
869 4786 0
869 1221 0
869 3794 1
869 4822 0
869 4872 0
869 3353 0
869 3354 0
869 5855 0
869 5469 0
869 869 0
869 4463 0
869 3446 0
869 13183 0
869 5278 0
1158 6148 0
1158 5660 1
1158 6666 0
1158 1158 0
1158 1160 0
1158 1687 0
1158 2501 0
1158 1221 0
1158 5855 0
1158 8503 0
1158 4428 0
1158 7524 0
1158 4463 0
1158 1259 0
1158 2500 0
1158 16354 0
1160 2069 0
1160 5469 0
1160 4145 0
1160 8503 0
1160 2405 0
1160 2500 0
1160 2501 0
1160 4550 0
1160 4551 0
1160 6666 0
1160 4957 0
1160 7084 0
1160 7112 0
1160 3142 0
1160 1160 0
1160 1221 0
1160 1249 0
1160 1259 0
1160 3353 0
1160 3354 0
1160 3446 0
1160 5525 0
1160 1957 0
1160 1552 0
1160 3601 0
1160 5660 1
1160 7740 0
1160 1661 0
1160 1687 0
1160 5855 0
1160 5432 0
1160 5986 0
1160 1916 0
1217 5855 0
1217 1259 0
1217 3353 0
1217 3354 0
1217 3446 0
1221 6153 0
1221 2069 0
1221 3446 0
1221 6148 0
1221 2405 0
1221 2458 0
1221 4547 0
1221 2500 0
1221 2501 0
1221 4550 0
1221 2598 0
1221 12909 0
1221 2718 0
1221 4916 0
1221 7298 0
1221 1221 0
1221 1259 0
1221 5432 0
1221 5469 0
1221 1957 0
1221 3574 0
1221 7740 0
1221 16354 0
1221 5855 0
1221 15996 0
1221 5981 0
1249 5724 0
1249 15996 0
1249 2703 0
1249 1687 0
1249 4822 0
1249 4829 0
1249 5855 0
1249 1249 0
1249 1250 0
1249 1259 0
1249 4349 0
1249 5432 0
1249 5953 0
1249 19192 1
1249 3446 0
1249 7084 0
1249 2500 0
1249 2501 0
1250 2069 0
1250 15996 0
1250 1687 0
1250 4829 0
1250 1250 0
1250 19192 1
1250 5981 0
1250 3446 0
1250 7084 0
1250 5180 0
1250 2500 0
1250 2501 0
1259 2059 0
1259 4349 0
1259 2500 0
1259 6619 0
1259 2712 0
1259 7064 0
1259 7084 0
1259 3046 0
1259 5180 0
1259 3353 0
1259 3354 0
1259 5432 0
1259 5469 0
1259 1661 0
1259 1687 0
1259 8029 0
1259 5986 0
1259 6080 0
1259 16354 0
1322 5432 0
1322 5471 1
1322 9064 1
1552 1552 0
1552 15996 0
1552 1687 0
1552 5278 0
1552 4822 0
1552 5855 0
1552 5856 0
1552 10472 0
1552 8954 0
1552 8503 0
1552 5432 0
1552 5981 0
1552 9064 1
1552 3446 0
1552 3447 0
1552 7084 0
1552 2500 0
1552 6619 0
1552 16354 0
1661 1687 0
1661 2338 0
1661 1957 0
1661 2500 0
1661 4550 0
1661 4551 0
1661 20299 1
1661 1661 0
1680 2069 0
1680 4145 0
1680 2338 0
1680 5856 0
1680 2059 0
1680 2458 0
1680 2500 0
1680 2501 0
1680 6655 0
1680 2712 0
1680 2718 0
1680 6977 0
1680 9064 1
1680 5380 0
1680 5469 0
1680 7740 0
1680 6080 0
1680 2724 0
1687 2069 0
1687 4145 0
1687 4822 0
1687 2338 0
1687 8503 0
1687 2405 0
1687 4477 0
1687 4488 0
1687 4547 0
1687 2500 0
1687 4550 0
1687 6666 0
1687 8833 0
1687 7084 0
1687 7112 0
1687 5981 0
1687 3142 0
1687 5278 0
1687 5380 0
1687 3353 0
1687 3354 0
1687 5432 0
1687 5469 0
1687 3446 0
1687 3447 0
1687 5525 0
1687 3574 0
1687 7740 0
1687 5723 0
1687 5724 0
1687 15996 0
1687 1687 0
1687 3794 1
1687 5855 0
1687 5856 0
1687 5986 0
1687 1957 0
1687 8144 0
1687 16354 0
1702 6156 1
1702 2579 1
1702 2338 1
1702 1702 2
1702 5180 1
1702 3801 1
1702 5469 1
1702 1957 1
1702 8029 1
1728 7084 0
1728 6666 0
1728 4145 0
1728 2500 0
1728 4956 0
1728 5981 0
1728 5855 0
1728 9064 1
1728 3446 0
1809 3601 0
1809 2458 0
1809 5981 0
1809 4789 0
1809 8503 0
1809 4408 0
1809 3517 0
1809 8144 0
1809 16824 0
1809 3794 1
1809 5723 0
1809 4829 0
1809 4145 0
1809 5986 0
1809 7740 0
1809 3574 0
1916 3354 0
1916 2718 0
1916 5432 0
1916 4822 0
1916 5723 0
1916 9064 1
1916 6655 0
1927 2059 0
1927 2338 0
1927 4463 0
1927 2718 0
1927 4956 0
1927 4957 0
1927 4958 0
1927 7064 0
1927 3046 0
1927 3354 0
1927 5469 0
1927 7740 0
1927 5855 0
1927 5856 0
1957 5986 0
1957 2703 0
1957 5380 0
1957 4822 0
1957 3353 0
1957 3354 0
1957 4413 0
1957 4428 0
1957 9064 1
1957 1957 0
1957 4550 0
1957 4551 0
1957 16354 0
2019 5723 0
2019 3794 1
2019 5855 0
2019 9545 0
2019 6068 0
2019 10172 0
2019 16354 0
2019 2019 0
2059 6148 0
2059 2059 0
2059 6156 0
2059 5469 0
2059 4385 0
2059 2718 0
2059 3046 0
2059 5432 0
2059 15996 0
2059 3801 0
2069 6153 0
2069 6666 0
2069 2069 0
2069 4956 0
2069 4957 0
2069 4958 0
2069 5724 0
2069 3601 0
2069 4547 0
2069 5855 0
2069 5856 0
2069 16354 0
2069 3794 1
2069 5380 0
2069 4869 0
2069 3354 0
2069 2338 0
2069 4145 0
2069 6977 0
2069 4428 0
2069 2405 0
2069 3446 0
2069 2458 0
2069 7084 0
2069 8144 0
2069 3046 0
2069 3574 0
2338 3801 0
2338 2338 0
2338 4463 0
2338 4550 0
2338 6666 0
2338 2598 0
2338 2712 0
2338 2718 0
2338 2724 0
2338 4822 0
2338 5981 0
2338 3142 0
2338 3354 0
2338 5432 0
2338 5469 0
2338 4547 0
2338 7064 0
2338 7672 0
2338 6068 0
2338 10220 0
2405 6153 0
2405 3601 0
2405 4145 0
2405 8833 0
2405 7298 0
2405 4786 0
2405 4789 0
2405 3794 1
2405 5855 0
2405 8954 0
2405 4869 0
2405 4870 0
2405 4872 0
2405 4385 0
2405 3517 0
2405 4547 0
2405 8144 0
2405 6619 0
2405 3574 0
2458 6153 0
2458 2598 0
2458 7213 0
2458 7740 0
2458 6666 0
2458 5724 0
2458 2703 0
2458 4547 0
2458 2718 0
2458 4789 0
2458 3794 1
2458 4829 0
2458 5856 0
2458 10472 0
2458 7084 0
2458 4145 0
2458 4916 0
2458 8503 0
2458 5855 0
2458 6148 0
2458 5981 0
2458 4463 0
2458 2458 0
2458 8144 0
2458 3574 0
2500 4145 0
2500 8503 0
2500 4428 0
2500 4463 0
2500 2501 0
2500 6666 0
2500 2598 0
2500 8833 0
2500 2703 0
2500 2712 0
2500 2718 0
2500 2724 0
2500 4786 0
2500 4869 0
2500 4872 0
2500 4916 0
2500 6977 0
2500 7298 0
2500 5380 0
2500 3353 0
2500 3354 0
2500 2500 0
2500 3446 0
2500 5525 0
2500 4822 0
2500 15996 0
2500 5855 0
2500 5432 0
2500 5981 0
2500 10220 0
2501 4822 0
2501 6666 0
2501 2598 0
2501 8833 0
2501 2712 0
2501 2718 0
2501 2501 0
2501 4786 0
2501 4916 0
2501 6977 0
2501 7298 0
2501 5380 0
2501 3353 0
2501 5432 0
2501 15996 0
2501 5855 0
2501 16354 0
2579 4550 0
2579 4551 0
2598 6153 0
2598 4547 0
2598 2598 0
2598 4789 0
2598 4916 0
2598 6977 0
2598 5180 0
2598 3142 0
2598 7740 0
2598 13941 0
2598 5981 0
2703 6632 0
2703 2703 0
2703 2712 0
2703 2718 0
2703 2724 0
2703 4916 0
2703 5380 0
2703 9545 0
2703 3629 1
2703 15996 0
2703 5855 0
2703 5953 0
2703 6068 0
2712 6436 0
2712 4428 0
2712 4463 0
2712 17541 0
2712 2712 0
2712 2718 0
2712 2724 0
2712 4822 0
2712 8954 0
2712 4916 0
2712 4956 0
2712 4958 0
2712 6977 0
2712 4957 0
2712 5380 0
2712 3354 0
2712 5432 0
2712 4547 0
2712 3446 0
2712 5855 0
2712 5953 0
2712 5981 0
2712 6068 0
2718 6156 0
2718 8503 0
2718 4408 0
2718 4413 0
2718 4547 0
2718 4550 0
2718 2718 0
2718 2724 0
2718 4786 0
2718 4789 0
2718 5278 0
2718 5432 0
2718 5469 0
2718 3446 0
2718 3447 0
2718 5723 0
2718 5724 0
2718 5855 0
2718 5953 0
2718 5999 0
2718 6068 0
2718 16354 0
2724 2724 0
2724 6977 0
2724 17541 0
2724 3353 0
2724 5953 0
2724 5981 0
2724 6068 0
2724 16354 0
3046 6153 0
3046 3601 0
3046 6977 0
3046 5469 0
3142 5723 0
3142 3142 0
3142 5724 0
3142 8833 0
3142 5855 0
3142 4385 0
3142 4420 0
3142 9064 1
3142 8029 0
3142 3517 0
3142 16354 0
3353 4550 0
3353 4551 0
3353 19192 1
3353 7084 0
3353 7112 0
3353 3353 0
3353 3354 0
3353 5432 0
3353 5723 0
3353 5855 0
3353 8029 0
3354 4550 0
3354 19192 1
3354 4956 0
3354 7084 0
3354 7112 0
3354 8029 0
3354 3354 0
3354 3447 0
3354 5855 0
3354 5432 0
3354 5981 0
3446 4145 0
3446 4349 0
3446 4822 0
3446 8503 0
3446 4408 0
3446 4463 0
3446 6619 0
3446 4829 0
3446 4916 0
3446 9064 1
3446 7084 0
3446 7213 0
3446 7298 0
3446 17541 0
3446 5469 0
3446 3446 0
3446 3447 0
3446 3574 0
3446 7740 0
3446 3794 1
3446 5855 0
3446 5981 0
3446 5986 0
3446 5999 0
3446 6068 0
3446 6080 0
3446 8144 0
3447 3574 0
3447 5986 0
3447 8144 0
3447 9064 1
3447 3794 1
3447 4822 0
3447 5981 0
3447 5855 0
3447 4463 0
3447 3447 0
3517 3601 0
3517 5981 0
3517 3794 1
3517 4869 0
3517 4870 0
3517 4872 0
3517 4385 0
3517 4145 0
3517 4408 0
3517 4956 0
3517 4957 0
3517 4958 0
3517 8144 0
3517 4547 0
3517 8954 0
3517 3574 0
3574 6153 0
3574 3601 0
3574 4956 0
3574 7213 0
3574 5981 0
3574 7740 0
3574 5724 0
3574 5278 0
3574 3794 1
3574 4829 0
3574 8144 0
3574 8954 0
3574 5380 0
3574 4869 0
3574 4870 0
3574 4872 0
3574 8503 0
3574 6977 0
3574 4957 0
3574 4958 0
3574 7524 0
3574 4547 0
3574 6619 0
3574 20972 0
3574 3574 0
3601 6153 0
3601 3601 0
3601 4145 0
3601 4786 0
3601 4789 0
3601 3794 1
3601 5855 0
3601 5380 0
3601 4869 0
3601 4870 0
3601 4872 0
3601 4385 0
3601 4956 0
3601 4957 0
3601 4958 0
3601 9064 1
3601 13183 0
3601 8144 0
3601 6619 0
3794 6153 1
3794 6666 1
3794 7213 1
3794 7740 1
3794 5723 1
3794 5724 1
3794 5278 1
3794 4829 1
3794 10472 1
3794 8954 1
3794 5380 1
3794 4869 1
3794 4870 1
3794 4872 1
3794 8503 1
3794 5953 1
3794 9545 1
3794 4956 1
3794 4957 1
3794 4958 1
3794 5986 1
3794 7524 1
3794 9064 2
3794 5999 1
3794 13183 1
3794 16824 1
3794 10172 1
3794 4547 1
3794 8144 1
3794 6619 1
3794 16354 1
3794 6632 1
3794 20972 1
3801 5432 0
3801 4551 0
3801 6619 0
4145 6148 0
4145 6153 0
4145 4145 0
4145 4385 0
4145 8503 0
4145 4408 0
4145 16824 0
4145 4547 0
4145 4786 0
4145 4789 0
4145 4829 0
4145 4869 0
4145 4870 0
4145 4872 0
4145 4956 0
4145 4957 0
4145 4958 0
4145 7213 0
4145 7524 0
4145 5855 0
4145 5981 0
4349 5723 0
4349 6977 0
4349 7298 0
4349 4829 0
4349 5855 0
4349 5856 0
4349 8954 0
4349 4349 0
4349 7524 0
4349 9064 1
4349 5953 0
4349 6068 0
4349 7112 0
4385 4870 0
4385 4547 0
4385 5981 0
4385 8954 0
4385 4477 0
4385 6655 0
4408 4870 0
4408 4872 0
4408 4408 0
4408 13941 0
4408 16824 0
4408 5981 0
4413 4957 0
4413 7740 0
4413 4916 0
4413 4413 0
4413 4420 0
4413 4956 0
4413 5469 0
4413 4958 0
4413 7524 0
4413 4463 0
4413 5278 0
4413 6153 0
4420 5469 0
4420 9064 1
4428 6153 0
4428 5432 0
4428 20299 1
4428 4428 0
4428 5469 0
4428 5525 0
4428 4547 0
4463 4463 0
4463 4477 0
4463 4488 0
4463 4547 0
4463 4550 0
4463 4551 0
4463 4822 0
4463 6977 0
4463 7064 0
4463 5278 0
4463 7740 0
4463 5855 0
4463 8029 0
4477 4958 0
4477 7740 0
4477 9064 1
4477 5855 0
4477 5723 0
4477 4956 0
4477 4547 0
4477 4488 0
4477 5525 0
4477 5469 0
4477 4957 0
4477 6068 0
4477 4550 0
4477 4551 0
4488 4550 0
4488 5855 0
4488 9064 1
4547 6148 0
4547 6666 0
4547 4870 0
4547 4957 0
4547 4958 0
4547 6153 0
4547 7740 0
4547 5723 0
4547 4786 0
4547 5855 0
4547 5380 0
4547 4829 0
4547 5432 0
4547 8503 0
4547 4956 0
4547 7524 0
4547 9064 1
4547 13183 0
4547 6977 0
4547 6068 0
4547 4547 0
4547 20972 0
4550 4550 0
4550 4551 0
4550 6666 0
4550 4822 0
4550 9064 1
4550 7064 0
4550 7213 0
4550 5432 0
4550 5525 0
4550 5855 0
4550 5856 0
4550 8029 0
4550 6068 0
4551 6666 0
4551 4551 0
4551 9064 1
4551 7064 0
4551 5432 0
4551 5525 0
4551 5855 0
4551 5856 0
4551 8029 0
4551 6068 0
4786 5981 0
4786 5723 0
4786 7298 0
4786 17541 0
4786 4916 0
4786 6977 0
4786 4956 0
4786 4957 0
4786 4958 0
4789 7740 0
4789 13941 0
4789 8833 0
4789 4789 0
4789 5855 0
4789 10472 0
4789 5380 0
4789 5432 0
4789 5953 0
4789 4956 0
4789 4957 0
4789 4958 0
4789 7524 0
4789 16824 0
4789 10220 0
4789 7672 0
4822 5855 0
4822 9064 1
4822 15996 0
4822 5278 0
4822 4822 0
4822 4829 0
4822 4869 0
4822 8833 0
4822 8503 0
4822 5432 0
4822 7084 0
4822 7112 0
4822 16354 0
4829 4829 0
4829 13941 0
4829 8144 0
4829 8954 0
4869 6153 0
4869 6666 0
4869 5855 0
4869 4869 0
4869 4870 0
4869 4872 0
4869 4956 0
4869 4957 0
4869 4958 0
4869 8144 0
4869 6655 0
4870 4957 0
4870 7740 0
4870 5856 0
4870 4872 0
4870 4956 0
4870 5981 0
4870 4958 0
4870 16824 0
4870 8144 0
4872 7740 0
4872 5855 0
4872 8144 0
4872 4916 0
4872 4956 0
4872 4957 0
4872 4958 0
4916 6153 0
4916 4916 0
4916 6977 0
4916 4956 0
4916 7064 0
4916 7298 0
4916 5380 0
4916 9545 0
4916 20299 1
4916 5723 0
4916 15996 0
4916 5855 0
4916 5981 0
4916 5986 0
4916 6068 0
4916 8144 0
4956 6148 0
4956 6153 0
4956 10472 0
4956 8954 0
4956 4956 0
4956 4957 0
4956 4958 0
4956 13183 0
4956 7064 0
4956 7298 0
4956 17541 0
4956 7740 0
4956 5724 0
4956 15996 0
4956 5855 0
4956 5856 0
4956 5981 0
4956 8144 0
4957 6148 0
4957 6153 0
4957 4958 0
4957 13183 0
4957 7064 0
4957 7298 0
4957 17541 0
4957 7740 0
4957 5724 0
4957 15996 0
4957 5855 0
4957 5856 0
4957 5981 0
4957 8144 0
4958 6148 0
4958 6153 0
4958 4958 0
4958 13183 0
4958 7064 0
4958 7298 0
4958 17541 0
4958 7740 0
4958 5724 0
4958 15996 0
4958 5981 0
4958 8144 0
5180 5981 0
5180 5180 0
5180 5469 0
5180 6655 0
5278 5432 0
5278 5278 0
5278 8144 0
5380 6153 0
5380 7740 0
5380 15996 0
5380 5855 0
5380 5856 0
5380 5380 0
5380 6436 0
5380 5981 0
5380 6068 0
5380 8144 0
5380 8029 0
5380 10220 0
5380 7672 0
5432 5432 0
5432 5469 0
5432 5855 0
5432 5981 0
5469 6156 0
5469 7064 0
5469 7084 0
5469 5981 0
5469 5469 0
5469 5525 0
5469 5855 0
5469 6080 0
5525 5525 0
5660 6666 1
5723 6153 0
5723 5723 0
5723 5724 0
5723 15996 0
5723 7298 0
5723 8144 0
5724 6153 0
5724 5724 0
5724 7298 0
5724 10472 0
5724 6068 0
5724 8144 0
5724 6655 0
5855 6148 0
5855 12441 1
5855 8503 0
5855 6619 0
5855 7084 0
5855 9064 1
5855 17541 0
5855 5999 0
5855 7064 0
5855 7672 0
5855 7740 0
5855 15996 0
5855 5855 0
5855 5856 0
5855 5953 0
5855 5981 0
5855 6068 0
5855 16354 0
5855 10220 0
5856 6666 0
5856 7213 0
5856 6153 0
5856 7740 0
5856 15996 0
5856 10472 0
5856 6977 0
5856 5981 0
5856 9064 1
5856 6068 0
5856 16824 0
5856 7112 0
5856 20972 0
5953 5953 0
5953 9545 0
5953 7064 0
5981 16824 0
5981 10220 0
5981 5981 0
5981 5986 0
5981 5999 0
5981 6068 0
5981 6436 0
5981 6632 0
5981 7213 0
5981 7672 0
5981 7740 0
5986 7213 0
5986 5986 0
5986 7084 0
5986 10220 0
5986 7672 0
5999 7213 0
5999 5999 0
6068 6436 0
6068 7064 0
6068 7213 0
6068 9064 1
6068 6068 0
6080 6080 0
6080 7064 0
6148 6977 0
6148 9064 1
6148 6655 0
6153 6153 0
6153 7213 0
6153 7740 0
6153 7112 0
6153 6977 0
6153 8144 0
6153 20972 0
6156 6156 0
6619 8833 0
6619 8503 0
6619 6977 0
6619 7084 0
6619 8144 0
6655 13941 0
6655 19192 1
6655 8954 0
6655 7524 0
6655 16354 0
6655 7672 0
6666 6666 0
6666 15996 0
6666 13941 0
6666 8503 0
6666 6977 0
6666 7524 0
6666 7084 0
6666 16354 0
6977 6977 0
6977 20299 1
6977 7298 0
6977 7740 0
6977 15996 0
6977 8144 0
6977 16354 0
7064 7298 0
7064 12441 1
7064 17541 0
7084 9064 1
7084 7084 0
7084 16354 0
7112 7740 0
7213 7213 0
7213 7740 0
7213 8144 0
7213 10472 0
7213 9064 1
7524 8144 0
7524 7524 0
7524 7740 0
7672 7740 0
7672 10220 0
7740 7740 0
7740 9064 1
7740 10472 0
7740 10220 0
7740 8144 0
7740 8954 0
8029 8029 0
8144 8954 0
8144 8503 0
8144 9064 1
8144 20972 0
8503 8833 0
8503 8503 0
8503 16354 0
8828 16824 0
8828 8828 0
8828 9064 1
8833 8833 0
8833 13941 0
8954 13183 0
8954 8954 0
9064 17541 1
9064 9064 2
9064 16354 1
9545 16354 0
9545 10172 0
10220 10220 0
10472 10472 0
10472 15996 0
12441 12441 2
12909 12909 0
13941 13941 0
15996 15996 0
16354 17541 0
16354 16354 0
16824 16824 0
