20 20 0
20 2092 1
20 6165 0
20 287 0
20 2338 0
20 8867 0
20 711 1
20 3043 0
20 3801 0
20 1927 0
287 287 0
287 416 0
287 711 1
287 1221 0
287 1689 0
287 1690 0
287 1691 0
287 2338 0
287 3043 0
287 4198 1
287 13185 0
287 5240 0
287 6165 0
287 8089 0
416 8867 0
416 2092 1
416 711 1
711 13185 1
711 711 2
1221 2147 1
1221 3043 0
1221 1221 0
1221 1691 0
1221 1958 1
1506 1927 1
1506 1689 1
1506 1690 1
1506 14754 1
1506 2343 1
1506 13641 1
1506 16356 1
1506 8698 1
1507 1927 1
1507 4755 1
1507 1689 1
1507 1690 1
1507 1691 1
1507 2338 1
1507 14754 1
1507 3801 1
1507 16356 1
1507 5240 1
1507 8698 1
1689 8867 0
1690 6165 0
1690 8867 0
1690 2343 0
1691 6165 0
1691 8867 0
1691 2343 0
1691 8782 1
1927 6165 0
1927 2338 0
1927 4524 0
1927 5091 0
1927 3043 0
1927 13641 0
1927 8782 1
1958 3043 1
2092 4524 1
2092 17006 1
2092 2338 1
2092 2092 2
2092 3801 1
2092 3043 1
2147 6165 1
2147 2147 2
2147 5240 1
2169 5091 1
2169 18263 1
2169 17006 1
2169 8089 1
2169 2169 2
2338 3801 0
2338 2338 0
2338 8867 0
2338 6165 0
2338 13641 0
2343 4524 0
2343 7568 1
2343 2343 0
3043 8867 0
3043 3043 0
3043 7243 0
3043 8089 0
4198 13185 1
4198 5091 1
4198 4203 2
4524 6165 0
4524 4524 0
4524 4820 1
4524 13641 0
4524 5761 1
4524 8089 0
4755 4755 0
4755 8782 1
4820 6165 1
4820 8867 1
4820 13641 1
5091 5091 0
5240 5240 0
5761 5761 2
5761 6165 1
5761 8867 1
5761 7243 1
6165 6165 0
6165 8867 0
7243 7243 0
7243 7568 1
7568 7568 2
8089 8089 0
8089 8782 1
8698 8698 0
8782 18263 1
8867 8867 0
17006 17006 0
