6147 6147 0
6147 6163 0
6147 20 0
6147 6165 0
6147 7079 0
6147 4196 0
6147 6162 0
6147 6164 0
6147 135 0
6147 4256 0
6147 10611 0
6147 2340 0
6147 303 0
6147 338 0
6147 8583 0
6147 4524 0
6147 4525 0
6147 4540 0
6147 4561 1
6147 2718 0
6147 2722 0
6147 4795 1
6147 729 0
6147 837 0
6147 838 0
6147 509 0
6147 1107 0
6147 5247 0
6147 1170 0
6147 1259 0
6147 3461 0
6147 5521 0
6147 1620 0
6147 20080 0
6147 1653 0
6147 3729 0
6147 1718 0
6147 1741 0
6147 16107 0
6147 3869 0
6147 5994 0
6147 3986 0
6147 16275 0
6147 8112 0
6147 2382 0
4100 4100 0
4100 4102 0
4100 6163 0
4100 6165 0
4100 8747 0
4100 562 1
4100 6728 0
4100 1620 0
4100 4196 0
4100 2718 0
4100 20251 0
4100 168 0
4100 1718 0
4100 4795 1
4100 1741 0
4100 15395 0
4100 3801 0
4100 4339 0
4100 3869 0
4100 287 0
4100 2338 0
4100 3461 0
4100 4550 0
4100 4560 1
4100 473 0
4100 3036 0
4102 4102 0
4102 2059 0
4102 6162 0
4102 6163 0
4102 20 0
4102 6165 0
4102 562 1
4102 6728 0
4102 6160 0
4102 1653 0
4102 6164 0
4102 3729 0
4102 2709 0
4102 3225 0
4102 4795 1
4102 3801 0
4102 2280 0
4102 20251 0
4102 3869 0
4102 287 0
4102 2338 0
4102 5469 0
4102 8058 0
4102 5521 0
4102 3986 0
4102 4550 0
4102 4551 0
4102 4084 0
3592 2718 0
3592 3592 0
3592 562 1
3592 4534 0
3592 5321 0
3592 4537 0
3592 4550 0
3592 4551 0
3592 1741 0
3592 2382 0
3592 4560 1
3592 473 0
2059 2059 0
2059 20 0
2059 5469 0
2059 4185 0
2059 16530 0
2059 4300 0
2059 15395 0
2059 4339 0
2059 4340 0
2059 287 0
2059 2340 0
2059 2342 0
2059 2355 0
2059 4524 0
2059 4539 0
2059 4546 0
2059 509 0
2059 4681 0
2059 4537 0
2059 4704 1
2059 2668 1
2059 2718 0
2059 4795 1
2059 719 0
2059 4818 0
2059 729 0
2059 5056 0
2059 3036 0
2059 5247 0
2059 1170 0
2059 3225 0
2059 1197 0
2059 4301 0
2059 13543 0
2059 1259 0
2059 5419 1
2059 5420 1
2059 17770 0
2059 5521 0
2059 7662 0
2059 5835 0
2059 3801 0
2059 5885 0
2059 20251 0
2059 8058 0
2059 6062 0
6160 6162 0
6160 6163 0
6160 20 0
6160 6165 0
6160 6160 0
6160 6164 0
6160 4256 0
6160 4301 0
6160 287 0
6160 2338 0
6160 303 0
6160 338 0
6160 4546 0
6160 4555 0
6160 4560 1
6160 4561 1
6160 473 0
6160 509 0
6160 562 1
6160 2703 0
6160 2704 0
6160 2709 0
6160 2718 0
6160 2722 0
6160 8867 0
6160 4795 1
6160 729 0
6160 837 0
6160 838 0
6160 2967 0
6160 7079 0
6160 7165 0
6160 3174 0
6160 5321 0
6160 5469 0
6160 3464 0
6160 3526 0
6160 7697 0
6160 6755 0
6160 1620 0
6160 1653 0
6160 3729 0
6160 7846 0
6160 12026 0
6160 3986 0
6160 16275 0
6160 6068 0
7697 3968 1
7697 6162 0
7697 20 0
7697 6165 0
7697 1718 0
7697 1719 0
7697 10044 0
7697 4800 0
7697 3526 0
7697 1620 0
7697 2668 1
6162 6162 0
6162 6163 0
6162 20 0
6162 6165 0
6162 6164 0
6162 4256 0
6162 168 0
6162 2338 0
6162 2340 0
6162 303 0
6162 338 0
6162 4540 0
6162 4560 1
6162 473 0
6162 509 0
6162 562 1
6162 2703 0
6162 2712 0
6162 669 0
6162 2718 0
6162 2722 0
6162 8867 0
6162 4795 1
6162 4808 0
6162 729 0
6162 9009 0
6162 837 0
6162 838 0
6162 7079 0
6162 3174 0
6162 1197 0
6162 5469 0
6162 3461 0
6162 3464 0
6162 3526 0
6162 7662 0
6162 6755 0
6162 1620 0
6162 3729 0
6162 5779 0
6162 7846 0
6162 16107 0
6162 3986 0
6162 8112 0
6162 6068 0
6162 7165 0
6163 6163 0
6163 20 0
6163 6165 0
6163 6164 0
6163 168 0
6163 4300 0
6163 2280 0
6163 287 0
6163 2338 0
6163 303 0
6163 3464 0
6163 338 0
6163 4534 0
6163 4535 0
6163 4546 0
6163 473 0
6163 509 0
6163 562 1
6163 2703 0
6163 2704 0
6163 2712 0
6163 8867 0
6163 2724 0
6163 8881 0
6163 4795 1
6163 729 0
6163 838 0
6163 7165 0
6163 3174 0
6163 1170 0
6163 5469 0
6163 3461 0
6163 3526 0
6163 1591 0
6163 6755 0
6163 1653 0
6163 5779 0
6163 7846 0
6163 16107 0
6163 3986 0
6163 16275 0
6163 8089 0
6163 8112 0
6163 6068 0
13332 1170 0
13332 4795 1
13332 6905 0
13332 4550 0
13332 4551 0
13332 4560 1
13332 4561 1
6165 20 0
6165 8881 0
6165 6164 0
6165 4256 0
6165 168 0
6165 169 0
6165 2280 0
6165 6165 0
6165 287 0
6165 2338 0
6165 303 0
6165 18784 0
6165 4465 0
6165 4524 0
6165 4525 0
6165 4526 0
6165 4534 0
6165 4537 0
6165 4540 0
6165 4546 0
6165 4555 0
6165 4560 1
6165 473 0
6165 509 0
6165 562 1
6165 2703 0
6165 2704 0
6165 2709 0
6165 2712 0
6165 669 0
6165 2718 0
6165 2722 0
6165 4795 1
6165 729 0
6165 837 0
6165 838 0
6165 3174 0
6165 5230 0
6165 5247 0
6165 13512 0
6165 1259 0
6165 5420 1
6165 3463 0
6165 3464 0
6165 7064 0
6165 3475 0
6165 3526 0
6165 3561 0
6165 7662 0
6165 15857 0
6165 1591 0
6165 6755 0
6165 1620 0
6165 8053 0
6165 3986 0
6165 16275 0
6165 8112 0
6165 6068 0
6165 8867 0
6165 2724 0
6165 7846 0
6165 7165 0
2071 3986 0
2071 3475 0
2071 2967 0
2071 8747 0
2071 2338 0
2071 5419 1
2071 4540 0
2071 4550 0
2071 4551 0
2071 4300 0
2071 1620 0
2071 4185 0
2071 5469 0
2071 4704 1
2071 1171 0
2071 10044 0
2071 1170 0
2071 4339 0
2071 4340 0
2071 5247 0
19484 4560 1
19484 4561 1
18978 3986 0
18978 7064 0
18978 2338 0
18978 3148 1
18978 1632 1
18978 1653 0
15395 135 0
15395 2724 0
15395 4534 0
15395 5056 0
15395 5469 0
15395 1632 1
15395 2668 1
15395 16530 0
1576 20 0
1576 1576 0
1576 4681 0
1576 1620 0
1576 4185 0
1576 4704 1
1576 6755 0
1576 5247 0
1576 3225 0
1576 5835 0
1576 4300 0
1576 2338 0
1576 1741 0
1576 729 0
1576 719 0
1576 1259 0
1576 5885 0
1576 5419 1
1576 2901 0
1576 5469 0
1576 3463 0
1576 3986 0
1576 2967 0
1576 6062 0
1576 4534 0
1576 3035 0
1576 3036 0
1576 509 0
8747 729 0
8747 3986 0
8747 5469 0
8747 2967 0
8747 2338 0
8747 2342 0
8747 5419 1
8747 4540 0
8747 4546 0
8747 4550 0
8747 8270 0
8747 1620 0
8747 3801 0
8747 4704 1
8747 1170 0
20012 4550 0
20012 4551 0
20012 4560 1
20012 1107 0
20012 4795 1
20012 2718 0
562 3968 2
562 3461 1
562 2703 1
562 2704 1
562 7064 1
562 6164 1
562 2709 1
562 8089 1
562 2712 1
562 2718 1
562 2722 1
562 8867 1
562 4550 1
562 7079 1
562 168 1
562 169 1
562 4524 1
562 4525 1
562 4526 1
562 303 1
562 9009 1
562 562 2
562 4534 1
562 4537 1
562 4795 2
562 18784 1
562 4805 1
562 4551 1
562 9166 1
562 4560 2
562 4561 2
562 473 1
562 4700 1
562 2280 1
562 6633 1
562 17770 1
562 2668 2
562 5230 1
562 16275 1
562 8053 1
1591 6164 0
1591 4256 0
1591 4301 0
1591 2280 0
1591 4339 0
1591 2338 0
1591 2382 0
1591 338 0
1591 4534 0
1591 4535 0
1591 4537 0
1591 4539 0
1591 4540 0
1591 4546 0
1591 2703 0
1591 2712 0
1591 2718 0
1591 2722 0
1591 8867 0
1591 2724 0
1591 8881 0
1591 4795 1
1591 729 0
1591 837 0
1591 5056 0
1591 3148 1
1591 5237 0
1591 1170 0
1591 1197 0
1591 3561 0
1591 1591 0
1591 1620 0
1591 1653 0
1591 3968 1
1591 3986 0
1591 8089 0
4447 4795 1
4447 4550 0
4447 4560 1
4447 4447 0
8253 3968 1
8253 4805 0
8253 3148 1
8253 287 0
4704 4681 1
4704 8270 1
4704 1620 1
4704 4185 1
4704 1632 2
4704 6755 1
4704 1653 1
4704 5835 1
4704 1170 1
4704 1171 1
4704 3225 1
4704 1197 1
4704 1718 1
4704 1719 1
4704 4299 1
4704 4300 1
4704 4301 1
4704 719 1
4704 729 1
4704 4560 2
4704 1259 1
4704 4339 1
4704 4340 1
4704 5247 1
4704 10523 1
4704 2338 1
4704 2342 1
4704 5419 2
4704 2382 1
4704 847 1
4704 2901 1
4704 5469 1
4704 5521 1
4704 3475 1
4704 3463 1
4704 3464 1
4704 3986 1
4704 2967 1
4704 4534 1
4704 4535 1
4704 4539 1
4704 4551 1
4704 4704 2
4704 3035 1
4704 3036 1
4704 7662 1
4704 509 1
12726 3968 1
12726 4805 0
12726 7846 0
12726 12726 0
12726 5056 0
12726 3148 1
12726 4700 0
12726 2668 1
12726 7165 0
16454 13512 1
16454 6728 1
16454 706 1
16454 5994 1
6728 4681 0
6728 8270 0
6728 1620 0
6728 4185 0
6728 1718 0
6728 1719 0
6728 3801 0
6728 729 0
6728 5419 1
6728 8058 0
6728 6570 1
6728 6728 0
6728 3526 0
6728 7662 0
6728 509 0
4681 4681 0
4681 1620 0
4681 4185 0
4681 1632 1
4681 5247 0
4681 1170 0
4681 1171 0
4681 3225 0
4681 2718 0
4681 2722 0
4681 1718 0
4681 1719 0
4681 1653 0
4681 5835 0
4681 4300 0
4681 729 0
4681 220 0
4681 4339 0
4681 3801 0
4681 20251 0
4681 287 0
4681 2338 0
4681 2355 0
4681 2382 0
4681 5469 0
4681 3475 0
4681 5521 0
4681 3986 0
4681 2967 0
4681 7064 0
4681 3036 0
4681 16123 0
4681 7662 0
3148 7846 1
3148 1947 1
3148 669 1
3148 1950 1
3148 287 1
3148 4256 1
3148 2724 1
3148 4764 1
3148 4295 1
3148 303 1
3148 4795 2
3148 4800 1
3148 8898 1
3148 4299 1
3148 6469 2
3148 4550 1
3148 4808 1
3148 3148 2
3148 4301 1
3148 4174 1
3148 7165 1
3148 496 1
3148 1653 1
3148 5885 1
4174 4894 0
4174 8881 0
4174 4805 0
4174 4818 0
4174 2668 1
8273 4795 1
8273 4800 0
8273 4561 1
8273 6633 0
1107 2703 0
1107 20 0
1107 2709 0
1107 2712 0
1107 669 0
1107 2718 0
1107 2722 0
1107 168 0
1107 169 0
1107 8053 0
1107 4560 1
1107 4561 1
1107 1107 0
1107 17770 0
1107 5885 0
1620 20 0
1620 4185 0
1620 135 0
1620 16530 0
1620 154 0
1620 168 0
1620 169 0
1620 4300 0
1620 4301 0
1620 2280 0
1620 4340 0
1620 287 0
1620 2338 0
1620 2340 0
1620 2342 0
1620 338 0
1620 18784 0
1620 4524 0
1620 4534 0
1620 4535 0
1620 4537 0
1620 4539 0
1620 4540 0
1620 4546 0
1620 4550 0
1620 4555 0
1620 4557 0
1620 4560 1
1620 4561 1
1620 6755 0
1620 2703 0
1620 2704 0
1620 2709 0
1620 2712 0
1620 669 0
1620 2718 0
1620 2722 0
1620 8867 0
1620 4795 1
1620 4808 0
1620 719 0
1620 4818 0
1620 729 0
1620 837 0
1620 847 0
1620 3035 0
1620 3036 0
1620 3158 0
1620 9009 0
1620 3174 0
1620 5247 0
1620 1170 0
1620 1171 0
1620 1197 0
1620 1259 0
1620 5419 1
1620 5420 1
1620 5469 0
1620 17770 0
1620 5521 0
1620 3475 0
1620 4339 0
1620 4551 0
1620 7662 0
1620 1620 0
1620 1632 1
1620 1718 0
1620 1719 0
1620 12577 0
1620 5835 0
1620 1741 0
1620 3801 0
1620 20251 0
1620 3986 0
1620 6062 0
1620 8112 0
1620 2724 0
1620 10229 0
3158 4795 1
3158 3174 0
3158 1170 0
3158 2709 0
3158 8867 0
3158 1197 0
3158 1741 0
3158 719 0
3158 2338 0
3158 4537 0
3158 4550 0
3158 4551 0
3158 4555 0
3158 4557 0
3158 4558 0
3158 4560 1
3158 4561 1
4185 20 0
4185 4185 0
4185 5247 0
4185 1170 0
4185 2718 0
4185 4795 1
4185 4295 0
4185 4300 0
4185 4301 0
4185 719 0
4185 4818 0
4185 3801 0
4185 4339 0
4185 729 0
4185 20251 0
4185 2338 0
4185 2340 0
4185 303 0
4185 5469 0
4185 5521 0
4185 3986 0
4185 6062 0
4185 3035 0
4185 3036 0
4700 4800 0
4700 6469 1
4700 3526 0
4700 4295 0
4700 8112 0
4700 4795 1
4700 4700 0
1632 135 1
1632 5779 1
1632 2718 1
1632 287 1
1632 2338 1
1632 4300 1
1632 4301 1
1632 847 1
1632 4818 1
1632 729 1
1632 1632 2
1632 13543 1
1632 1259 1
1632 3986 1
1632 1653 1
1632 5247 1
6755 6164 0
6755 6755 0
6755 3729 0
6755 1170 0
6755 1171 0
6755 2718 0
6755 8867 0
6755 8881 0
6755 1718 0
6755 4795 1
6755 4295 0
6755 4300 0
6755 4301 0
6755 220 0
6755 2338 0
6755 3461 0
6755 6068 0
6755 4546 0
4196 4196 0
4196 5230 0
4196 6164 0
4196 4546 0
4196 2718 0
4196 8867 0
4196 168 0
4196 169 0
4196 4800 0
4196 287 0
4196 5469 0
4196 8053 0
4196 3464 0
4196 4524 0
4196 4535 0
4196 4537 0
4196 4540 0
4196 4555 0
4196 4560 1
4196 4561 1
3174 6164 0
3174 3174 0
3174 2668 1
3174 5247 0
3174 2703 0
3174 2709 0
3174 8867 0
3174 1197 0
3174 4795 1
3174 1741 0
3174 729 0
3174 2280 0
3174 2338 0
3174 4534 0
3174 4535 0
3174 4537 0
3174 4539 0
3174 4540 0
3174 4546 0
2668 2668 2
2668 5237 1
2668 5779 1
2668 154 1
2668 2716 1
2668 7846 1
2668 4777 1
2668 4795 2
2668 4800 1
2668 8898 1
2668 4295 1
2668 4808 1
2668 4299 1
2668 4300 1
2668 719 1
2668 4818 1
2668 729 1
2668 13543 1
2668 16107 1
2668 4332 1
2668 13042 1
2668 16140 1
2668 20251 1
2668 4894 1
2668 2338 1
2668 2342 1
2668 5419 2
2668 5420 2
2668 303 1
2668 2355 1
2668 2359 1
2668 6469 2
2668 838 1
2668 5469 1
2668 3561 1
2668 2967 1
2668 1947 1
2668 1950 1
2668 837 1
2668 4764 1
2668 6062 1
2668 4540 1
2668 4546 1
2668 3526 1
2668 4555 1
2668 4560 2
2668 8270 1
2668 6633 1
2668 496 1
2668 15857 1
2668 7165 1
5230 4524 0
5230 5230 0
5230 1653 0
5230 2718 0
5230 4795 1
5230 4295 0
5230 9009 0
5230 2382 0
5230 16275 0
5230 4525 0
5230 4526 0
5230 6068 0
5230 4550 0
5230 8867 0
20080 8270 0
20080 20080 0
20080 5237 0
20080 2703 0
20080 2709 0
20080 2712 0
20080 2724 0
20080 4795 1
20080 5419 1
20080 5420 1
20080 7064 0
20080 4550 0
20080 4084 0
5237 8270 0
5237 5237 0
5237 135 0
5237 168 0
5237 4300 0
5237 729 0
5237 20251 0
5237 12577 0
5237 5419 1
5237 5420 1
5237 4555 0
5237 4557 0
20 20 0
20 135 0
20 16530 0
20 4300 0
20 4301 0
20 220 0
20 2280 0
20 4339 0
20 10523 0
20 287 0
20 2338 0
20 2340 0
20 2342 0
20 2359 0
20 4546 0
20 509 0
20 2712 0
20 2718 0
20 8867 0
20 2724 0
20 706 0
20 719 0
20 4818 0
20 729 0
20 6164 0
20 3035 0
20 3036 0
20 5247 0
20 1170 0
20 1171 0
20 1259 0
20 5419 1
20 5420 1
20 5469 0
20 17770 0
20 3475 0
20 7662 0
20 1718 0
20 1719 0
20 1741 0
20 3801 0
20 5885 0
20 20251 0
20 8058 0
20 3986 0
20 16275 0
20 6062 0
20 8112 0
17770 168 0
17770 8053 0
17770 4560 1
5247 3036 0
5247 1718 0
5247 8881 0
5247 135 0
5247 2703 0
5247 2704 0
5247 1170 0
5247 2709 0
5247 2712 0
5247 3225 0
5247 4557 0
5247 2718 0
5247 2722 0
5247 4550 0
5247 1197 0
5247 7064 0
5247 1719 0
5247 4300 0
5247 1741 0
5247 4301 0
5247 4818 0
5247 729 0
5247 4339 0
5247 4340 0
5247 10523 0
5247 287 0
5247 2338 0
5247 2342 0
5247 5419 1
5247 5420 1
5247 2901 0
5247 5469 0
5247 18784 0
5247 3986 0
5247 1171 0
5247 3475 0
5247 2967 0
5247 8089 0
5247 4534 0
5247 4555 0
5247 4558 0
5247 847 0
5247 3561 0
5247 509 0
135 1170 0
135 220 0
135 5885 0
135 2338 0
135 338 0
135 4465 0
135 3986 0
135 7064 0
135 13227 1
8898 168 0
8898 4295 0
2703 2355 0
2703 2359 0
2703 338 0
2703 4534 0
2703 4560 1
2703 496 0
2703 2703 0
2703 2709 0
2703 2712 0
2703 2718 0
2703 2722 0
2703 8867 0
2703 2724 0
2703 8881 0
2703 4805 0
2703 13512 0
2703 3461 0
2703 3464 0
2703 3729 0
2703 5835 0
2703 5885 0
2703 3986 0
2703 6068 0
2704 1653 0
2704 1170 0
2704 2718 0
2704 2722 0
2704 8867 0
2704 8881 0
2704 4301 0
2704 729 0
2704 1259 0
2704 2338 0
2704 338 0
2704 4560 1
3729 4332 0
3729 287 0
3729 6469 1
3729 2382 0
3729 4550 0
3729 4551 0
3729 4555 0
3729 4557 0
3729 4558 0
3729 4560 1
3729 496 0
3729 509 0
3729 669 0
3729 2718 0
3729 2722 0
3729 8867 0
3729 2724 0
3729 8881 0
3729 4795 1
3729 837 0
3729 7165 0
3729 220 0
3729 1653 0
3729 3729 0
3729 5779 0
3729 1741 0
3729 16107 0
3729 3878 0
3729 8112 0
1170 4295 0
1170 4300 0
1170 4301 0
1170 2280 0
1170 2338 0
1170 2342 0
1170 2359 0
1170 4524 0
1170 4555 0
1170 509 0
1170 2709 0
1170 2712 0
1170 2722 0
1170 8867 0
1170 729 0
1170 2967 0
1170 5056 0
1170 1171 0
1170 5419 1
1170 5420 1
1170 5469 0
1170 3475 0
1170 7662 0
1170 1718 0
1170 1719 0
1170 3801 0
1170 20251 0
1170 8058 0
1170 3986 0
1170 6062 0
1170 8112 0
5779 4546 0
5779 6164 0
5779 5469 0
5779 4534 0
5779 4535 0
5779 4537 0
5779 5779 0
5779 7165 0
2709 168 0
2709 4301 0
2709 2280 0
2709 2338 0
2709 338 0
2709 4465 0
2709 5885 0
2709 2709 0
2709 2712 0
2709 669 0
2709 2718 0
2709 2722 0
2709 8881 0
2709 4795 1
2709 4808 0
2709 719 0
2709 729 0
2709 7064 0
2709 3461 0
2709 3561 0
2709 7662 0
2709 5835 0
2709 3801 0
2709 3986 0
2709 8112 0
2709 6068 0
2709 2724 0
2712 6164 0
2712 4256 0
2712 168 0
2712 4301 0
2712 287 0
2712 2338 0
2712 338 0
2712 4465 0
2712 4555 0
2712 4560 1
2712 509 0
2712 2712 0
2712 2718 0
2712 2722 0
2712 8867 0
2712 2724 0
2712 8881 0
2712 4795 1
2712 729 0
2712 3036 0
2712 3225 0
2712 13512 0
2712 1259 0
2712 3461 0
2712 5835 0
2712 1741 0
2712 5885 0
2712 8058 0
2712 3986 0
2712 6068 0
3225 20251 0
3225 3225 0
3225 2718 0
3225 4256 0
3225 2722 0
3225 8867 0
3225 1197 0
3225 4558 0
3225 4795 1
3225 4295 0
3225 4300 0
3225 1741 0
3225 4557 0
3225 4818 0
3225 729 0
3225 4561 1
3225 4339 0
3225 4340 0
3225 5419 1
3225 8058 0
3225 5521 0
3225 4524 0
3225 6062 0
3225 4550 0
3225 4551 0
3225 4555 0
3225 2724 0
3225 4534 0
3225 7662 0
154 4795 1
154 4550 0
154 4551 0
154 719 0
154 4560 1
154 338 0
154 3036 0
154 5469 0
154 4339 0
4764 3968 1
4764 2338 0
669 168 0
669 2355 0
669 338 0
669 669 0
669 2718 0
669 8867 0
669 4795 1
669 729 0
669 2967 0
669 7064 0
669 3036 0
669 5321 0
669 3461 0
669 3561 0
669 1653 0
669 2716 0
669 5835 0
669 1741 0
669 5885 0
669 8112 0
2718 4256 0
2718 168 0
2718 169 0
2718 287 0
2718 2338 0
2718 303 0
2718 5521 0
2718 4524 0
2718 4525 0
2718 4534 0
2718 4535 0
2718 4537 0
2718 4539 0
2718 4540 0
2718 4546 0
2718 4550 0
2718 12026 0
2718 496 0
2718 509 0
2718 2718 0
2718 2722 0
2718 2724 0
2718 8881 0
2718 4795 1
2718 719 0
2718 13042 0
2718 9009 0
2718 3035 0
2718 3036 0
2718 5469 0
2718 3461 0
2718 3464 0
2718 3475 0
2718 7079 0
2718 1718 0
2718 1719 0
2718 5835 0
2718 1741 0
2718 3986 0
2718 8112 0
2718 6068 0
2718 2382 0
2718 7165 0
2718 7073 0
4256 2722 0
4256 2724 0
4256 4795 1
4256 2967 0
4256 3561 0
4256 1653 0
4256 1741 0
4256 3986 0
4256 8112 0
4256 6068 0
2722 168 0
2722 169 0
2722 2338 0
2722 338 0
2722 5521 0
2722 4524 0
2722 4525 0
2722 4537 0
2722 4539 0
2722 4546 0
2722 2722 0
2722 4795 1
2722 9009 0
2722 7064 0
2722 3036 0
2722 1259 0
2722 5469 0
2722 3461 0
2722 3475 0
2722 3561 0
2722 1653 0
2722 1741 0
2722 3986 0
2722 8112 0
2722 6068 0
2722 2724 0
8867 6164 0
8867 4295 0
8867 4299 0
8867 4301 0
8867 2280 0
8867 2338 0
8867 303 0
8867 338 0
8867 4546 0
8867 473 0
8867 509 0
8867 8867 0
8867 4795 1
8867 729 0
8867 837 0
8867 838 0
8867 7064 0
8867 3461 0
8867 3464 0
8867 3526 0
8867 15857 0
8867 7846 0
8867 1741 0
8867 3986 0
8867 16275 0
8867 6068 0
2724 4340 0
2724 2338 0
2724 4524 0
2724 509 0
2724 2724 0
2724 8881 0
2724 4795 1
2724 706 0
2724 4818 0
2724 1197 0
2724 3561 0
2724 287 0
2724 1741 0
2724 3986 0
2724 8112 0
2724 6068 0
3526 3968 1
3526 5056 0
3526 3986 0
3526 6164 0
3526 2716 0
3526 2338 0
3526 13227 1
3526 4800 0
3526 4805 0
3526 338 0
3526 5469 0
3526 509 0
7846 6164 0
168 168 0
168 169 0
168 4295 0
168 4300 0
168 2280 0
168 4339 0
168 287 0
168 2340 0
168 2382 0
168 338 0
168 4465 0
168 4534 0
168 4535 0
168 4546 0
168 4555 0
168 4557 0
168 473 0
168 4795 1
168 706 0
168 9009 0
168 4959 0
168 7064 0
168 1197 0
168 5321 0
168 1259 0
168 18303 0
168 5469 0
168 3464 0
168 5521 0
168 7073 0
168 1719 0
168 1741 0
168 5885 0
168 3869 0
168 3878 0
168 16275 0
168 6068 0
168 4084 0
4777 3968 1
4777 4525 0
4777 4777 0
4777 303 0
1197 1653 0
1197 4551 0
1197 1197 0
1197 8881 0
1197 5321 0
1197 1741 0
1197 7662 0
1197 729 0
1197 2338 0
1197 10044 0
1197 837 0
1197 838 0
1197 5521 0
1197 7064 0
1197 4537 0
1197 4550 0
1197 4555 0
1197 4557 0
1197 4560 1
1197 4561 1
1197 473 0
1197 7165 0
1197 496 0
8881 8881 0
8881 4339 0
8881 2338 0
8881 2382 0
8881 4465 0
8881 4535 0
8881 4557 0
8881 4558 0
8881 4561 1
8881 4795 1
8881 1259 0
8881 5420 1
8881 5469 0
8881 5521 0
8881 3561 0
8881 1653 0
8881 287 0
8881 1741 0
8881 5994 0
8881 3986 0
8881 8089 0
8881 6068 0
8881 10229 0
10611 2338 0
10611 5419 1
10611 5420 1
10611 729 0
1718 4301 0
1718 1171 0
1718 1718 0
1718 1719 0
1718 4300 0
1718 1741 0
1718 719 0
1718 4818 0
1718 729 0
1718 1259 0
1718 4339 0
1718 4340 0
1718 3869 0
1718 2338 0
1718 5419 1
1718 2901 0
1718 5469 0
1718 16107 0
1718 5521 0
1718 4524 0
1718 6062 0
1718 4534 0
1718 3035 0
1718 3036 0
1719 1171 0
1719 1719 0
1719 4295 0
1719 4300 0
1719 4301 0
1719 4818 0
1719 3801 0
1719 4339 0
1719 2338 0
1719 5419 1
1719 2901 0
1719 5469 0
1719 3475 0
1719 6062 0
1719 3036 0
4795 4525 1
4795 6164 1
4795 6062 1
4795 8270 1
4795 5056 1
4795 169 1
4795 5321 1
4795 4795 2
4795 4800 1
4795 4555 1
4795 4805 1
4795 4818 1
4795 9166 1
4795 2280 1
4795 4339 1
4795 16123 1
4795 20251 1
4795 4894 1
4795 18303 1
4795 2340 1
4795 303 1
4795 9009 1
4795 837 1
4795 838 1
4795 338 1
4795 5469 1
4795 18784 1
4795 4465 1
4795 8053 1
4795 6633 1
4795 3968 2
4795 3461 1
4795 3464 1
4795 16275 1
4795 2967 1
4795 8089 1
4795 6469 2
4795 7079 1
4795 4524 1
4795 4526 1
4795 8112 1
4795 6068 1
4795 4534 1
4795 4535 1
4795 4537 1
4795 4539 1
4795 4540 1
4795 7073 1
4795 4546 1
4795 4550 1
4795 4551 1
4795 4560 2
4795 4561 2
4795 473 1
4795 3035 1
4795 3036 1
4795 3561 1
4795 496 1
4795 4084 1
1653 8270 0
1653 220 0
1653 1171 0
1653 1259 0
1653 1653 0
1653 2338 0
1653 2340 0
1653 2382 0
1653 3561 0
1653 20251 0
1653 3968 1
1653 3986 0
1653 4332 0
1653 4465 0
1653 4534 0
1653 4537 0
1653 4540 0
1653 4560 1
1653 4805 0
1653 13512 0
1653 5835 0
1653 6068 0
1653 6164 0
1653 6905 0
1653 7165 0
1653 16275 0
4800 13227 1
4800 2716 0
4800 3869 0
4800 5056 0
4800 4805 0
4800 4551 0
4800 338 0
706 169 0
706 4551 0
706 4524 0
706 6068 0
706 706 0
706 4550 0
706 4546 0
706 4561 1
706 4560 1
706 8053 0
4299 3968 1
4299 2338 0
4299 4535 0
4299 4299 0
4299 2901 0
4299 509 0
4805 7064 0
4805 3986 0
4805 4894 0
4805 4805 0
4805 2342 0
4805 4524 0
4805 4525 0
4805 4526 0
4805 4808 0
4805 4818 0
4805 220 0
4295 3968 1
4295 6164 0
4295 20251 0
4295 2338 0
4295 5835 0
4295 1741 0
4295 729 0
4295 4301 0
4295 5521 0
4295 3986 0
4295 4300 0
4808 3968 1
4808 3986 0
4808 5056 0
4808 3561 0
5321 4550 0
5321 4551 0
5321 5835 0
5321 4558 0
5321 4561 1
5321 5994 0
5835 5835 0
5835 4300 0
5835 2338 0
5835 719 0
5835 729 0
5835 5885 0
5835 20251 0
5835 5419 1
5835 5469 0
5835 18784 0
5835 5521 0
5835 5994 0
5835 4535 0
5835 4550 0
5835 4555 0
5835 3035 0
5835 3036 0
4300 5469 0
4300 20251 0
4300 1171 0
4300 4300 0
4300 1741 0
4300 4301 0
4300 4818 0
4300 2340 0
4300 4339 0
4300 4340 0
4300 16530 0
4300 729 0
4300 2338 0
4300 2342 0
4300 5419 1
4300 5420 1
4300 303 0
4300 3464 0
4300 2901 0
4300 8058 0
4300 1259 0
4300 3475 0
4300 2967 0
4300 3986 0
4300 6062 0
4300 5056 0
4300 4555 0
4300 3035 0
4300 3036 0
4300 3801 0
4300 7662 0
4300 4084 0
4300 509 0
1741 6164 0
1741 169 0
1741 2280 0
1741 2338 0
1741 4465 0
1741 4524 0
1741 4525 0
1741 4526 0
1741 4546 0
1741 4550 0
1741 4551 0
1741 4555 0
1741 4557 0
1741 4558 0
1741 719 0
1741 838 0
1741 4301 0
1741 1259 0
1741 5419 1
1741 5420 1
1741 5469 0
1741 3461 0
1741 7662 0
1741 1741 0
1741 5885 0
1741 5994 0
1741 8053 0
1741 8089 0
1741 6469 1
1741 6068 0
1741 2382 0
4301 1171 0
4301 729 0
4301 287 0
4301 2338 0
4301 5419 1
4301 8058 0
4301 3986 0
4301 7064 0
4301 6068 0
4301 3561 0
4301 509 0
4818 719 0
4818 4818 0
4818 3801 0
4818 4339 0
4818 287 0
4818 2338 0
4818 5469 0
4818 8058 0
4818 3986 0
4818 2967 0
4818 509 0
4558 4560 1
4558 16123 0
4558 287 0
4558 338 0
4558 4557 0
4558 4558 0
4558 4561 1
4558 496 0
729 5469 0
729 729 0
729 2280 0
729 1259 0
729 4339 0
729 3801 0
729 2338 0
729 2342 0
729 5419 1
729 3986 0
729 1171 0
729 8058 0
729 16107 0
729 2967 0
729 7064 0
729 6164 0
729 20251 0
729 3475 0
729 6062 0
729 4534 0
729 4555 0
729 16530 0
729 8270 0
729 12577 0
729 7662 0
729 5885 0
729 509 0
719 4524 0
719 5469 0
719 6068 0
719 719 0
719 1259 0
719 4339 0
719 5885 0
719 287 0
719 2340 0
719 5419 1
719 3986 0
719 2967 0
719 4550 0
719 4551 0
719 3561 0
220 287 0
220 2338 0
220 5419 1
220 5420 1
220 220 0
220 3561 0
8583 3986 0
8583 4535 0
8583 4537 0
8583 4560 1
8583 4561 1
8583 7165 0
3878 2338 0
3878 4534 0
3878 4535 0
3878 4537 0
3878 4539 0
3878 4546 0
3878 4555 0
3878 4557 0
3878 2382 0
3878 4560 1
3878 4561 1
3878 4540 0
3878 7165 0
13543 3968 1
13543 4534 0
13543 5056 0
13543 5469 0
2280 2280 0
2280 303 0
2280 16275 0
2280 3464 0
2280 3986 0
2280 838 0
2280 4555 0
2280 473 0
2280 7662 0
2280 509 0
16107 1259 0
16107 2338 0
16107 6469 1
16107 4465 0
16107 16107 0
16107 509 0
16107 7165 0
4332 4332 0
4332 4534 0
4332 4560 1
13042 3968 1
13042 4339 0
13042 4340 0
4339 6062 0
4339 5469 0
4339 2338 0
4339 4340 0
4339 3801 0
4339 5420 1
4339 3986 0
4339 8058 0
4339 3475 0
4339 2967 0
4339 4524 0
4339 4525 0
4339 4526 0
4339 4534 0
4339 5419 1
4339 5056 0
4339 3035 0
4339 3036 0
4339 509 0
4340 8270 0
4340 4340 0
4340 20251 0
4340 2338 0
4340 5420 1
4340 5469 0
4340 3986 0
4340 6062 0
4340 4534 0
4340 3035 0
4340 3036 0
6905 4550 0
6905 4551 0
6905 4561 1
6905 4560 1
6905 3561 0
12026 4550 0
12026 9009 0
12026 4560 1
12026 4561 1
16123 3461 0
16123 3464 0
16123 5521 0
16123 3986 0
16123 4555 0
16123 4557 0
16123 4560 1
16123 5469 0
16123 16123 0
5885 287 0
5885 338 0
5885 4465 0
5885 4546 0
5885 4560 1
5885 9009 0
5885 3036 0
5885 5469 0
5885 3464 0
5885 5885 0
5885 5994 0
5885 3986 0
5885 8089 0
5885 6068 0
5885 4084 0
3968 3968 2
3968 16530 1
3968 2340 1
3968 303 1
3968 6469 2
3968 496 1
16140 2716 0
16140 13227 1
16140 287 0
3801 2338 0
3801 2342 0
3801 5419 1
3801 5420 1
3801 8058 0
3801 5056 0
3801 4551 0
3801 3036 0
3801 7662 0
10523 5420 1
10523 10523 0
10523 2338 0
10523 5419 1
10523 9009 0
10523 509 0
13512 13512 0
13512 5469 0
13512 10112 1
13512 8112 0
13512 4555 0
13512 7165 0
3869 3869 0
3869 5419 1
3869 4524 0
3869 4525 0
3869 4526 0
3869 3561 0
3869 1259 0
3869 13227 1
287 169 0
287 287 0
287 9009 0
287 837 0
287 1259 0
287 2338 0
287 2340 0
287 2382 0
287 2716 0
287 3464 0
287 4465 0
287 4540 0
287 4555 0
287 5994 0
287 6469 1
287 15857 0
287 8089 0
12577 20251 0
12577 12577 0
12577 5419 1
12577 5420 1
12577 4465 0
2338 8270 0
2338 16530 0
2338 2338 0
2338 2342 0
2338 4465 0
2338 3475 0
2338 4550 0
2338 473 0
2338 509 0
2338 4557 0
2338 6164 0
2338 2901 0
2338 2967 0
2338 13227 1
2338 5056 0
2338 3035 0
2338 3036 0
2338 1171 0
2338 5419 1
2338 5420 1
2338 5469 0
2338 3461 0
2338 7064 0
2338 7662 0
2338 20251 0
2338 2340 0
2338 5994 0
2338 8058 0
2338 3986 0
2338 2716 0
2338 6062 0
2338 6068 0
2340 2967 0
2340 2340 0
2340 169 0
2340 4551 0
2340 8053 0
2340 4550 0
2340 4560 1
2340 3036 0
2340 5469 0
2340 509 0
2340 8058 0
2342 3986 0
2342 1171 0
2342 5420 1
2342 5469 0
2342 3561 0
2342 7662 0
6062 4550 0
6062 3036 0
6062 2901 0
6062 8058 0
6062 3475 0
6062 2967 0
6062 4560 1
6062 509 0
5419 1171 1
5419 2716 1
5419 20251 1
5419 1259 1
5419 5419 2
5419 10044 1
5419 5469 1
5419 16530 1
5419 8058 1
5419 3986 1
5419 3475 1
5419 8089 1
5419 5056 1
5419 4550 1
5419 7662 1
5419 10229 1
5419 509 1
5420 1171 1
5420 10044 1
5420 10229 1
5420 16530 1
5420 5469 1
5420 3986 1
5420 8058 1
303 6164 0
303 303 0
303 9009 0
303 5469 0
303 18784 0
303 5056 0
303 4560 1
303 4561 1
303 473 0
9009 5469 0
9009 169 0
9009 9009 0
9009 5994 0
9009 8053 0
9009 3461 0
9009 3986 0
9009 7073 0
9009 6068 0
9009 4540 0
9009 3561 0
2355 4546 0
2355 2355 0
2355 4534 0
2355 2359 0
2355 4537 0
2355 4539 0
2355 4540 0
2355 4535 0
2355 4561 1
2355 1259 0
2359 6068 0
2359 4535 0
2359 4537 0
2359 4561 1
2359 1259 0
10044 20251 0
10044 4550 0
10044 3035 0
837 3464 0
837 6068 0
837 2382 0
837 7165 0
838 6164 0
838 4557 0
838 7165 0
2382 169 0
2382 2382 0
2382 4524 0
2382 4525 0
2382 4526 0
2382 4534 0
2382 4535 0
2382 4537 0
2382 4539 0
2382 4546 0
2382 4550 0
2382 4551 0
2382 4560 1
2382 7165 0
2382 1259 0
2382 3461 0
2382 3463 0
2382 8053 0
847 5469 0
847 1259 0
338 6164 0
338 5469 0
338 338 0
338 4535 0
338 4550 0
338 4551 0
338 4557 0
338 4560 1
338 2967 0
338 169 0
338 3461 0
338 3464 0
338 5521 0
338 6068 0
2901 4560 1
2901 2901 0
2901 3035 0
2901 3036 0
5469 8270 0
5469 16530 0
5469 4524 0
5469 4525 0
5469 4526 0
5469 4534 0
5469 4537 0
5469 4539 0
5469 4540 0
5469 4546 0
5469 509 0
5469 6164 0
5469 2967 0
5469 7064 0
5469 5056 0
5469 3036 0
5469 1259 0
5469 5469 0
5469 5521 0
5469 3475 0
5469 7662 0
5469 20251 0
5469 8058 0
5469 3986 0
4959 4524 0
4959 4525 0
4959 4560 1
4959 4561 1
4959 4959 0
4959 8053 0
4959 169 0
18784 3461 0
5994 16530 0
5994 4560 1
5994 496 0
5994 7064 0
5994 3461 0
5994 5521 0
5994 20251 0
5994 5994 0
5994 8089 0
16530 16530 0
16530 20251 0
16530 8112 0
16530 7662 0
4465 6469 1
4465 8089 0
4465 7064 0
4465 4524 0
4465 4525 0
4465 4526 0
4465 4550 0
4465 6068 0
4465 3036 0
4465 496 0
1171 1171 0
1171 8058 0
1171 3986 0
1171 2967 0
1171 8112 0
1171 3561 0
1171 7662 0
1171 509 0
8053 3464 0
8053 4546 0
8053 473 0
8053 16275 0
6633 7079 0
6633 4560 1
6633 6633 0
8058 8058 0
18303 4560 1
1259 169 0
1259 4524 0
1259 4534 0
1259 4555 0
1259 4557 0
1259 7064 0
1259 7165 0
1259 3475 0
1259 3561 0
1259 20251 0
1259 3986 0
1259 8112 0
3461 3461 0
3461 3986 0
3461 4550 0
3461 4551 0
3461 4555 0
3461 4557 0
3461 4560 1
3463 3463 0
3463 20251 0
3463 4555 0
3463 4560 1
3464 6164 0
3464 169 0
3464 3464 0
3464 16275 0
3464 4560 1
3464 3036 0
5521 5521 0
5521 3986 0
5521 6570 1
5521 8112 0
5521 6068 0
5521 4537 0
5521 4551 0
5521 3035 0
5521 3036 0
3986 509 0
3986 10229 0
3986 2967 0
3986 3035 0
3986 3561 0
3986 3986 0
3986 4525 0
3986 4534 0
3986 4550 0
3986 4551 0
3986 6068 0
3986 6164 0
3986 7064 0
3986 16275 0
3986 8089 0
3986 8112 0
16275 6164 0
16275 16275 0
16275 4524 0
16275 3561 0
2967 2967 0
2967 4534 0
2967 4535 0
2967 4537 0
2967 4539 0
2967 4540 0
2967 4546 0
2967 4550 0
2967 4551 0
2967 3035 0
2967 3036 0
7064 4524 0
7064 6068 0
7064 4534 0
7064 4537 0
7064 4550 0
7064 4551 0
7064 4560 1
7064 4561 1
8089 3475 0
8089 8089 0
8089 4524 0
1947 1950 0
6164 6164 0
6164 4540 0
6164 4546 0
6164 473 0
6164 509 0
6164 7079 0
6164 7662 0
6164 8112 0
6164 6068 0
6469 8112 1
7073 7073 0
7073 4534 0
7073 4535 0
7073 4560 1
7079 4550 0
7079 4560 1
7079 4561 1
7079 7079 0
20251 8270 0
20251 20251 0
20251 3475 0
20251 3561 0
20251 7662 0
2716 6570 1
6570 6570 2
4524 4524 0
4524 4525 0
4524 4526 0
4524 473 0
4524 496 0
4524 7165 0
4524 3561 0
4525 4526 0
4525 473 0
4526 473 0
8112 8112 0
8112 6068 0
6068 4550 0
6068 4560 1
6068 473 0
6068 4551 0
6068 3036 0
6068 7165 0
6068 6068 0
4534 4535 0
4534 4537 0
4534 4546 0
4534 496 0
4534 4534 0
4534 3475 0
4534 3561 0
4534 3035 0
4534 4084 0
4535 3475 0
4535 4535 0
4535 4557 0
4535 4084 0
4537 3475 0
4537 4537 0
4537 4550 0
4537 4551 0
4537 473 0
4539 3475 0
4539 4539 0
4540 3475 0
4540 4546 0
4540 4560 1
4540 473 0
5056 496 0
5056 15857 0
4546 169 0
4546 3475 0
4546 4546 0
4546 4550 0
4546 4551 0
4546 4560 1
4546 3035 0
4546 4084 0
4550 4550 0
4550 4551 0
4550 4555 0
4550 4560 1
4550 4561 1
4550 496 0
4550 3036 0
4550 4084 0
4551 4555 0
4551 4560 1
4551 4561 1
4551 496 0
4551 4551 0
4551 3036 0
4555 7662 0
4555 4555 0
4555 4557 0
4555 4560 1
4555 4561 1
4555 473 0
4555 496 0
4557 4557 0
4557 4560 1
4557 4561 1
4557 496 0
9166 9166 0
9166 7165 0
4560 4084 1
4560 4560 2
4560 4561 2
4560 15857 1
4560 7165 1
4561 4561 2
8270 8270 0
473 169 0
473 496 0
3035 3035 0
3036 3036 0
3036 509 0
3475 3475 0
3561 7165 0
3561 4084 0
509 509 0
496 496 0
15857 15857 0
4084 4084 0
10229 10229 0
169 169 0
7165 7165 0
