20505 4546 0
20505 20505 0
20505 168 1
20505 1221 0
20505 4664 1
546 3844 1
546 16275 1
546 2718 1
546 546 2
546 3358 1
546 17770 1
546 719 1
546 722 1
7726 270 0
7726 8468 1
7726 2338 0
7726 2712 0
7726 669 0
7726 2718 0
7726 2722 0
7726 2989 0
7726 5183 0
7726 5184 1
7726 5243 0
7726 1384 0
7726 7726 0
7726 1741 0
7726 5981 0
7726 1891 0
1885 5739 1
1885 3844 1
1885 18190 1
1885 1816 1
1885 287 1
1885 2338 1
1885 17309 1
1885 17226 1
1885 4300 1
1885 13655 1
1885 729 1
1885 1885 2
1885 6118 1
1885 4459 1
1885 4339 1
4664 7084 1
4664 4664 2
4664 5045 1
4664 16465 1
4664 6755 1
4664 4185 1
4664 8287 1
4664 7275 1
4664 5243 1
4664 4744 1
4664 2709 1
4664 2712 1
4664 3225 1
4664 669 1
4664 2718 1
4664 2722 1
4664 4259 1
4664 168 2
4664 169 1
4664 4295 2
4664 1221 1
4664 1223 1
4664 4296 1
4664 4300 1
4664 1741 1
4664 719 1
4664 729 1
4664 4301 1
4664 6779 1
4664 1259 1
4664 3844 1
4664 270 1
4664 1816 1
4664 4485 1
4664 1824 1
4664 301 1
4664 7482 1
4664 21322 1
4664 2382 1
4664 5981 1
4664 6118 1
4664 4458 1
4664 4463 1
4664 20204 1
4664 4491 1
4664 6035 1
4664 5016 1
4664 7496 1
4664 4542 1
4664 13249 1
4664 4546 1
4664 8898 1
5183 5184 1
5183 5185 1
5183 6739 0
5183 16031 0
5183 6399 0
5183 20759 0
5183 1891 0
5183 5981 0
5183 7041 0
5183 7042 0
5183 7043 0
5183 3986 0
5183 4069 0
5184 5185 2
5184 16465 1
5184 6739 1
5184 8856 1
5184 16031 1
5184 4259 1
5184 6399 1
5184 16661 1
5184 20759 1
5184 2384 1
5184 1891 1
5184 7041 1
5184 7042 1
5184 7043 1
5184 7064 1
5184 3232 1
5184 4069 1
5185 7041 1
5185 5186 2
5185 1891 1
5185 16661 1
5185 20759 1
5185 7042 1
5185 6399 1
5185 7043 1
5185 3446 1
5185 1369 1
5185 4069 1
5186 7041 1
5186 7042 1
5186 1891 1
5186 4069 1
5186 7043 1
5186 20759 1
5186 6399 1
16465 16031 0
16465 287 0
6739 4259 0
6739 4300 0
6739 4301 0
6739 8468 1
6739 2338 0
6739 4463 0
6739 6739 0
6739 2709 0
6739 2712 0
6739 669 0
6739 2718 0
6739 2722 0
6739 5016 0
6739 5045 0
6739 5243 0
6739 3232 0
6739 1259 0
6739 7041 0
6739 1369 0
6739 1384 0
6739 5487 0
6739 6755 0
6739 287 0
6739 1741 0
6739 1824 0
6739 5981 0
6739 3986 0
6739 16031 0
18190 168 1
18190 287 0
18190 16275 0
4185 4185 0
4185 6779 0
4185 2718 0
4185 4295 1
4185 4300 0
4185 4301 0
4185 719 0
4185 4339 0
4185 3844 0
4185 729 0
4185 2338 0
4185 7482 0
4185 7496 0
4185 5521 0
4185 3986 0
8287 5981 0
8287 8287 0
8287 2709 0
8287 2718 0
8287 2722 0
8287 168 1
8287 1741 0
8287 722 0
8287 270 0
8287 3353 0
8287 3354 0
8287 287 0
8287 301 0
8287 2712 0
8287 4546 0
6755 6755 0
6755 6779 0
6755 2718 0
6755 4295 1
6755 4300 0
6755 4301 0
6755 2338 0
6755 21322 0
6755 4546 0
5739 168 1
5739 5739 0
5016 4259 0
5016 168 1
5016 2338 0
5016 2709 0
5016 2718 0
5016 2722 0
5016 5045 0
5016 3446 0
5016 1221 0
5016 7496 0
5016 16031 0
5016 1741 0
5016 3986 0
5243 168 1
5243 4301 0
5243 287 0
5243 2338 0
5243 2712 0
5243 2718 0
5243 2722 0
5243 729 0
5243 21322 0
5243 3225 0
5243 1369 0
5243 1384 0
5243 3446 0
5243 16031 0
5243 1741 0
5243 3986 0
17770 168 1
17770 1221 0
7275 3986 0
7275 2338 0
7275 168 1
7275 5981 0
7275 7275 0
4744 4300 0
4744 4744 0
4744 3225 0
4744 6322 0
4744 729 0
4744 8468 1
4744 1816 0
4744 2338 0
4744 301 0
4744 2382 0
4744 2384 0
4744 7064 0
5774 5774 0
5774 168 1
5774 4295 1
2709 168 1
2709 4301 0
2709 2338 0
2709 2709 0
2709 2712 0
2709 669 0
2709 2718 0
2709 2722 0
2709 719 0
2709 729 0
2709 7064 0
2709 1384 0
2709 16031 0
2709 1824 0
2709 5981 0
2709 3986 0
2712 168 1
2712 4296 0
2712 4301 0
2712 287 0
2712 2338 0
2712 4463 0
2712 2712 0
2712 2718 0
2712 2722 0
2712 729 0
2712 3225 0
2712 1259 0
2712 3354 0
2712 1384 0
2712 3446 0
2712 16031 0
2712 1741 0
2712 5981 0
2712 3986 0
3225 3225 0
3225 2718 0
3225 2722 0
3225 4295 1
3225 4300 0
3225 1741 0
3225 729 0
3225 4339 0
3225 3353 0
3225 3354 0
3225 1816 0
3225 5981 0
3225 3934 0
3225 1384 0
3225 5521 0
5487 168 1
5487 8468 1
5487 287 0
5487 5487 0
5487 16031 0
5487 1719 0
5487 1741 0
5487 3986 0
669 168 1
669 301 0
669 669 0
669 2718 0
669 729 0
669 7064 0
669 1221 0
669 1223 0
669 1384 0
669 1741 0
669 5981 0
2718 168 1
2718 169 0
2718 287 0
2718 2338 0
2718 301 0
2718 5521 0
2718 4542 0
2718 4546 0
2718 2718 0
2718 2722 0
2718 719 0
2718 5045 0
2718 21322 0
2718 3232 0
2718 1223 0
2718 1221 0
2718 1384 0
2718 3446 0
2718 1719 0
2718 1741 0
2718 1816 0
2718 1824 0
2718 3986 0
2718 16031 0
2718 2382 0
16031 4259 0
16031 6322 0
16031 8468 1
16031 2722 0
16031 5045 0
16031 3232 0
16031 1384 0
16031 5521 0
16031 16031 0
16031 5981 0
16031 3934 0
16031 3986 0
3232 3232 0
3232 2722 0
3232 168 1
3232 6399 0
3232 1891 0
3232 7041 0
3232 3986 0
2722 4259 0
2722 168 1
2722 169 0
2722 2338 0
2722 301 0
2722 5521 0
2722 4546 0
2722 2722 0
2722 7064 0
2722 5045 0
2722 21322 0
2722 1221 0
2722 1223 0
2722 1259 0
2722 1384 0
2722 3446 0
2722 1741 0
2722 1824 0
2722 5981 0
2722 3986 0
4259 16661 0
4259 3353 0
4259 2338 0
4259 4485 0
4259 3986 0
4259 5045 0
168 8898 1
168 168 2
168 169 1
168 6322 1
168 4295 2
168 4296 1
168 4300 1
168 4339 1
168 270 1
168 273 1
168 287 1
168 301 1
168 2382 1
168 4458 1
168 4459 1
168 4463 1
168 4485 1
168 4491 1
168 4542 1
168 4546 1
168 20204 1
168 722 1
168 17226 1
168 2927 1
168 7064 1
168 17309 1
168 7084 1
168 2989 1
168 6035 1
168 1221 1
168 1223 1
168 1259 1
168 3353 1
168 3354 1
168 3358 1
168 21322 1
168 1369 1
168 1384 1
168 3446 1
168 5521 1
168 1719 1
168 1741 1
168 3844 1
168 18181 1
168 1824 1
168 5981 1
168 3934 1
168 16275 1
169 8856 0
169 169 0
169 4296 0
169 1741 0
169 1259 0
169 18181 0
169 270 0
169 287 0
169 301 0
169 2382 0
169 3446 0
169 2989 0
169 4546 0
1223 1221 0
1223 1741 0
1223 719 0
1223 1259 0
1223 5981 0
1223 4459 0
1223 3986 0
1223 2989 0
6322 8468 1
1719 6779 0
1719 1719 0
1719 4295 1
1719 4300 0
1719 4301 0
1719 4339 0
1719 3844 0
1719 1816 0
1719 2338 0
1719 3446 0
8898 4295 1
1221 3446 0
1221 4300 0
1221 4459 0
1221 4485 0
1221 719 0
1221 2989 0
1221 1221 0
1221 1259 0
1221 5521 0
1221 287 0
1221 1741 0
1221 5981 0
1221 3986 0
4295 18181 1
4295 273 1
4295 3353 1
4295 3354 1
4295 2338 1
4295 2989 1
4295 7496 1
4295 7482 1
4295 5045 1
4295 13249 1
4295 1741 1
4295 2384 1
4295 13655 1
4295 729 1
4295 3934 1
4295 4301 1
4295 6118 1
4295 5521 1
4295 1384 1
4295 3986 1
4295 2927 1
4295 4300 1
4295 6779 1
4296 3986 0
4296 2338 0
4296 2989 0
4296 4296 0
4296 4300 0
4296 729 0
4296 4301 0
4296 6779 0
4300 5981 0
4300 4300 0
4300 1741 0
4300 4301 0
4300 18181 0
4300 4339 0
4300 729 0
4300 1816 0
4300 2338 0
4300 3934 0
4300 4459 0
4300 1259 0
4300 3986 0
4300 2989 0
1741 16661 0
1741 2338 0
1741 301 0
1741 2384 0
1741 4463 0
1741 4546 0
1741 6779 0
1741 719 0
1741 2989 0
1741 5045 0
1741 4301 0
1741 1259 0
1741 3353 0
1741 3354 0
1741 1384 0
1741 3446 0
1741 17309 0
1741 1741 0
1741 7496 0
1741 2382 0
4301 729 0
4301 18181 0
4301 287 0
4301 2338 0
4301 6779 0
4301 3986 0
4301 7064 0
4301 2989 0
722 3353 0
722 3354 0
722 7084 0
722 301 0
729 18181 0
729 729 0
729 1259 0
729 4339 0
729 1816 0
729 3354 0
729 3358 0
729 2338 0
729 6779 0
729 3934 0
729 3986 0
729 7064 0
729 5981 0
729 2989 0
719 719 0
719 1259 0
719 4339 0
719 3353 0
719 287 0
719 301 0
719 4463 0
719 4485 0
719 3986 0
719 2989 0
6779 2338 0
6779 2989 0
8856 8468 1
1259 287 0
1259 301 0
1259 2382 0
1259 4459 0
1259 7064 0
1259 7084 0
1259 3934 0
1259 3353 0
1259 3354 0
1259 3358 0
1259 7496 0
1259 1384 0
1259 18181 0
1259 3986 0
4339 4542 0
4339 2338 0
4339 2384 0
4339 3986 0
4339 5981 0
6399 7041 0
6399 7042 0
6399 7043 0
6399 20759 0
6399 4069 0
6399 1891 0
3844 3844 0
3844 3353 0
3844 3354 0
3844 3358 0
3844 3446 0
3844 3986 0
3844 5981 0
3844 2989 0
3844 4542 0
18181 18181 0
18181 3986 0
18181 301 0
18181 4546 0
270 3446 0
270 270 0
270 2382 0
270 5981 0
270 3934 0
273 273 0
273 287 0
273 4546 0
8468 3986 1
8468 8468 2
16661 3986 0
16661 5981 0
20759 7041 0
20759 7043 0
20759 20759 0
20759 7042 0
1816 1816 0
1816 2338 0
1816 2384 0
3353 7084 0
3353 3353 0
3353 3354 0
3353 3358 0
3353 16275 0
3354 287 0
3354 2338 0
3354 301 0
3354 2382 0
3354 7084 0
3354 2989 0
3354 3354 0
3354 3358 0
3354 7482 0
3354 1384 0
3354 5981 0
3354 3934 0
3354 16275 0
3358 3358 0
3358 16275 0
3358 7084 0
287 287 0
287 2338 0
287 2382 0
287 2989 0
287 3446 0
287 3934 0
287 4485 0
287 5045 0
287 2384 0
1824 1824 0
1824 3986 0
2338 2338 0
2338 2384 0
2338 4463 0
2338 4491 0
2338 2989 0
2338 5981 0
2338 1369 0
2338 1384 0
2338 7064 0
2338 17309 0
2338 5045 0
2338 1891 0
2338 3986 0
301 301 0
301 2382 0
301 2384 0
301 3446 0
301 4463 0
301 5981 0
301 7084 0
7496 7496 0
7496 3986 0
2382 2382 0
2382 4463 0
2382 4546 0
2382 1369 0
2382 1384 0
2382 3446 0
2382 3934 0
2382 6118 0
2384 3446 0
2384 7064 0
1369 1369 0
1369 4463 0
1369 5521 0
1369 3986 0
5981 2989 0
5981 3446 0
5981 3934 0
5981 3986 0
5981 4458 0
5981 21322 0
5981 5045 0
5981 13249 0
5981 5981 0
5981 6035 0
5981 16275 0
3934 3934 0
3934 3446 0
3934 16275 0
3934 7084 0
3934 13249 0
1891 4069 0
1384 4546 0
1384 5045 0
1384 1384 0
1384 3446 0
1384 3986 0
4463 4463 0
4463 4485 0
4463 7064 0
4463 3446 0
4463 3986 0
6035 3986 0
6035 6035 0
3446 4485 0
3446 7084 0
3446 5045 0
3446 3446 0
7041 7043 0
7041 7042 0
7041 4069 0
7042 7043 0
7042 4069 0
7043 3986 0
7043 4069 0
4485 5521 0
4491 4491 0
4491 4546 0
5521 5521 0
5521 3986 0
3986 2989 0
3986 3986 0
3986 4069 0
3986 7064 0
3986 16275 0
16275 16275 0
7084 7084 0
2989 2989 0
2989 4546 0
21322 21322 0
4542 4542 0
13249 13249 0
4546 4546 0
