642 2730 1
642 3934 1
6112 6160 1
6112 3986 1
6112 8467 1
6112 287 1
6112 4409 1
1160 6159 0
1160 2152 0
1160 301 0
1160 8503 0
1160 2500 0
1160 2501 0
1160 6666 0
1160 678 0
1160 2861 1
1160 840 0
1160 866 0
1160 868 0
1160 7084 0
1160 17363 0
1160 1160 0
1160 13458 0
1160 1259 0
1160 5365 0
1160 3354 0
1160 4409 0
1160 3446 0
1160 7551 0
1160 5570 0
1160 1687 0
1160 7870 0
1160 1741 0
1160 16367 1
1160 8185 0
18476 18476 0
18476 3934 1
18476 3936 0
18476 3244 1
18476 1259 0
18476 301 0
18476 3446 0
18476 16367 1
6666 6666 0
6666 6160 0
6666 13355 0
6666 6752 0
6666 2152 0
6666 15996 0
6666 3223 1
6666 16094 0
6666 5365 0
6666 8503 0
6666 6111 1
6666 3453 0
6666 1687 0
6666 935 0
6666 7084 0
6666 2500 0
6666 2501 0
6666 8185 0
6666 16367 1
1687 6159 0
1687 2152 0
1687 301 0
1687 8503 0
1687 4443 0
1687 2500 0
1687 678 0
1687 726 0
1687 757 0
1687 2861 1
1687 866 0
1687 868 0
1687 869 0
1687 935 0
1687 7084 0
1687 17363 0
1687 9062 0
1687 13458 0
1687 11471 0
1687 5329 0
1687 1259 0
1687 5365 0
1687 3354 0
1687 3446 0
1687 7551 0
1687 5570 0
1687 15996 0
1687 1687 0
1687 7870 0
1687 1741 0
1687 3884 0
1687 4409 0
1687 3934 1
1687 16367 1
15756 3936 0
15756 3938 0
15756 3937 0
15756 2861 1
15756 7870 0
15756 3934 1
301 15996 0
301 18085 0
301 1741 0
301 2793 0
301 6378 0
301 1259 0
301 5365 0
301 3884 0
301 3354 0
301 301 0
301 4916 0
301 8503 0
301 2382 0
301 4443 0
301 866 0
301 869 0
301 3446 0
301 16367 1
301 7084 0
301 2500 0
301 6111 1
6160 6160 0
6160 1392 0
6160 287 0
6160 9047 0
6160 3223 1
6160 3986 0
6160 16367 1
3986 757 0
3986 840 0
3986 9047 0
3986 9062 0
3986 935 0
3986 1259 0
3986 1392 0
3986 18085 0
3986 2501 0
3986 3223 1
3986 3244 1
3986 3937 0
3986 3986 0
3986 4409 0
3986 4443 0
3986 5329 0
3986 5365 0
3986 6378 0
3986 6752 0
3986 7551 0
3986 15996 0
3986 8185 0
8467 4409 0
8467 2793 0
8467 6584 0
8467 2501 0
8467 9062 0
8467 13355 0
8467 5329 0
8467 11471 0
8467 1259 0
8467 1392 0
8467 8467 0
8467 18085 0
8467 7866 1
3223 3223 2
3223 1392 1
3223 3382 1
3223 17363 1
3223 3453 1
3354 6159 0
3354 2152 0
3354 6378 0
3354 287 0
3354 2382 0
3354 2500 0
3354 726 0
3354 840 0
3354 868 0
3354 869 0
3354 7084 0
3354 3938 0
3354 5329 0
3354 1259 0
3354 5365 0
3354 3354 0
3354 18085 0
3354 1741 0
3354 3934 1
3354 16367 1
7407 16367 1
7407 287 0
7407 3934 1
287 287 0
287 866 0
287 1259 0
287 8503 0
287 2382 0
287 2730 1
287 2793 0
287 2861 1
287 3446 0
287 3934 1
287 4899 0
287 4916 0
287 13355 0
287 6111 1
287 6159 0
287 16094 0
5920 3936 0
5920 3937 0
5920 6621 1
5920 3934 1
5920 5920 0
4899 6159 0
4899 6752 0
4899 9062 0
4899 6378 0
4899 4899 0
4899 2861 1
4899 4916 0
4899 3934 1
4899 7551 0
4899 2500 0
18085 6752 0
18085 15996 0
18085 1741 0
18085 5329 0
18085 5365 0
18085 3884 0
18085 2861 1
18085 6111 1
18085 3936 0
18085 3453 0
18085 935 0
18085 2500 0
18085 2501 0
18085 17363 0
18085 8185 0
678 2861 1
678 3934 1
935 13355 0
935 15996 0
935 1741 0
935 5365 0
935 2861 1
935 4916 0
935 2501 0
935 3934 1
935 935 0
935 2500 0
935 17363 0
2730 6645 1
13355 6378 0
13355 4409 0
13355 2501 0
13355 9047 0
13355 5329 0
13355 5365 0
13355 1392 0
13355 5570 0
13355 15996 0
13355 7866 1
13355 6111 1
3884 3934 1
3884 6159 0
3884 1741 0
3884 17363 0
3884 1259 0
3884 2861 1
3884 3884 0
3884 8503 0
3884 4409 0
3884 2382 0
3884 869 0
3884 2500 0
3884 2501 0
2861 6159 1
2861 866 1
2861 869 1
2861 6752 1
2861 2152 1
2861 15996 1
2861 13458 1
2861 7870 1
2861 11471 1
2861 5329 1
2861 726 1
2861 16094 1
2861 6378 1
2861 3453 1
2861 5365 1
2861 8503 1
2861 4409 1
2861 319 1
2861 840 1
2861 2382 1
2861 4443 1
2861 3934 2
2861 3936 1
2861 3937 1
2861 3938 1
2861 868 1
2861 9062 1
2861 7551 1
2861 7084 1
2861 757 1
2861 5570 1
2861 2500 1
2861 2501 1
11471 4409 0
11471 7870 0
11471 5570 0
11471 4443 0
11471 3934 1
11471 866 0
11471 868 0
11471 869 0
11471 9062 0
11471 757 0
6621 3936 1
6621 3938 1
6621 3934 2
4916 6159 0
4916 3446 0
4916 6378 0
4916 2500 0
4916 2501 0
4916 6752 0
4916 4916 0
4916 9047 0
4916 9062 0
4916 5329 0
4916 5365 0
4916 15996 0
4916 7866 1
4916 3934 1
4916 8185 0
16094 4409 0
16094 7870 0
16094 840 0
16094 3934 1
3382 9047 0
3382 3934 1
3382 3936 0
8503 1741 0
8503 8503 0
8503 3934 1
8503 3446 0
8503 6378 0
8503 7551 0
8503 2500 0
8503 17363 0
6584 3934 1
6584 1392 0
6584 6111 1
6584 6584 0
4409 4409 0
4409 4443 0
4409 2793 0
4409 757 0
4409 7870 0
4409 866 0
4409 868 0
4409 9062 0
4409 7084 0
4409 17363 0
4409 869 0
4409 5365 0
4409 7551 0
4409 3934 1
4409 5570 0
4409 1741 0
4443 868 0
4443 2152 0
4443 7870 0
4443 1741 0
4443 757 0
4443 4443 0
4443 3934 1
4443 866 0
4443 869 0
4443 9062 0
4443 3446 0
4443 7551 0
4443 5570 0
7084 6159 0
7084 2152 0
7084 1259 0
7084 757 0
7084 3934 1
7084 3937 0
7084 868 0
7084 3446 0
7084 7551 0
7084 7084 0
7084 5365 0
7084 17363 0
319 3934 1
319 7870 0
6752 6159 0
6752 6752 0
6752 15996 0
6752 17363 0
6752 2793 0
6752 9062 0
6752 3934 1
6752 1259 0
6752 2500 0
6752 2501 0
5570 7870 0
5570 1741 0
5570 3934 1
5570 866 0
5570 868 0
5570 869 0
5570 9062 0
5570 757 0
7870 13458 0
7870 7870 0
7870 757 0
7870 3938 0
7870 3934 1
7870 3936 0
7870 3937 0
7870 866 0
7870 868 0
7870 869 0
7870 9062 0
7870 5365 0
2500 6159 0
2500 2501 0
2500 726 0
2500 17363 0
2500 1259 0
2500 5365 0
2500 2500 0
2500 3446 0
2500 3453 0
2500 15996 0
2500 1741 0
2500 3934 1
2500 6111 1
2500 16367 1
2500 8185 0
2501 6159 0
2501 6645 0
2501 2501 0
2501 726 0
2501 866 0
2501 17363 0
2501 5329 0
2501 5365 0
2501 3453 0
2501 15996 0
2501 1741 0
2501 6111 1
840 1259 0
840 840 0
840 3934 1
5365 17363 0
5365 1741 0
5365 1259 0
5365 5365 0
5365 3934 1
5365 868 0
5365 9062 0
5365 3446 0
5365 8185 0
866 1741 0
866 757 0
866 3934 1
866 866 0
866 868 0
866 869 0
866 9062 0
866 17363 0
2382 2382 0
2382 1259 0
2382 3446 0
2382 1741 0
2382 3934 1
2382 3936 0
2382 3937 0
1741 2152 0
1741 757 0
1741 869 0
1741 868 0
1741 1259 0
1741 1392 0
1741 3446 0
1741 7551 0
1741 15996 0
1741 1741 0
1741 9062 0
1741 6111 1
1741 16367 1
1741 8185 0
5329 757 0
5329 3934 1
5329 3937 0
5329 869 0
5329 1392 0
757 757 0
757 3934 1
757 868 0
757 869 0
757 9062 0
757 17363 0
726 3934 1
726 1259 0
726 3446 0
9047 3934 1
9047 16367 1
6159 6159 0
6159 3934 1
6159 3446 0
6159 3453 0
6159 17363 0
7866 2793 1
3934 869 1
3934 2152 1
3934 15996 1
3934 13458 1
3934 2793 1
3934 6378 1
3934 1259 1
3934 3934 2
3934 3936 1
3934 3937 1
3934 868 1
3934 9062 1
3934 1392 1
3934 3446 1
3934 7551 1
3934 6645 1
3934 8185 1
6111 17363 1
6111 6111 2
6111 2793 1
6111 1259 1
6111 3446 1
6111 8185 1
6111 15996 1
3936 13458 0
3937 13458 0
3937 3937 0
3938 3938 0
3938 13458 0
3938 3446 0
868 2152 0
868 869 0
868 9062 0
868 7551 0
868 17363 0
868 868 0
869 869 0
869 9062 0
869 3446 0
869 17363 0
869 8185 0
9062 2793 0
9062 9062 0
9062 1392 0
9062 17363 0
2152 2152 0
2152 1259 0
2152 7551 0
2152 17363 0
2793 6378 0
2793 3446 0
6378 6378 0
6378 3446 0
16367 16367 2
1392 17363 0
17363 3446 0
6645 15996 0
3446 3446 0
3446 8185 0
8185 15996 0
8185 8185 0
15996 7551 0
15996 15996 0
