8065 6165 0
8065 659 1
8065 3426 0
8065 5744 1
8065 7893 0
8065 5855 0
8065 8065 0
13200 6165 0
13200 13200 0
13200 3986 0
13200 2480 1
13200 2483 1
146 2480 1
146 146 0
146 2483 1
146 18332 0
659 6165 1
659 6739 1
659 659 2
659 7893 1
659 5855 1
659 15671 1
659 861 1
659 3426 1
659 3986 1
659 18332 1
659 16308 1
659 2997 1
6165 6165 0
6165 6739 0
6165 861 0
6165 2997 0
6165 3426 0
6165 16308 0
6165 1620 0
6165 5744 1
6165 7893 0
6165 5855 0
6165 3986 0
6165 1943 0
6165 18332 0
6165 6065 0
1943 2480 1
1943 2997 0
1943 3426 0
1943 5727 0
1943 1620 0
1943 5744 1
1943 1943 0
3227 3227 2
3227 5233 1
18332 1620 0
18332 5743 1
18332 5744 1
6032 6032 2
6032 6739 1
6032 1620 1
6032 3930 1
10407 2480 1
10407 2483 1
10407 5727 0
2480 2480 2
2480 6065 1
2480 2483 2
2480 16308 1
2480 2997 1
2480 10180 1
2480 19536 1
2480 7893 1
2480 3930 1
2480 19808 1
2480 2488 1
2480 2535 1
2480 15220 1
6065 2488 0
6065 2997 0
6065 3426 0
6065 5744 1
6065 6065 0
2483 2483 2
2483 2488 1
2483 10180 1
2483 19536 1
2483 861 1
2483 19808 1
2483 3426 1
2483 15220 1
16308 3426 0
16308 16308 0
16308 7893 0
16308 5855 0
2997 2488 0
2997 3426 0
2997 2997 0
2997 5744 1
15671 15671 0
15671 5744 1
2488 3426 0
2488 2488 0
5727 2512 0
5727 5727 0
5727 5743 1
5727 5744 1
19536 19536 0
19536 3426 0
6739 6739 0
6739 3986 0
1620 1620 0
1620 5744 1
1620 5855 0
1620 3986 0
7893 7893 0
7893 5744 1
7893 5855 0
3930 3930 0
861 861 0
861 3426 0
861 5855 0
861 3986 0
5855 5744 1
5855 5855 0
2512 5744 1
2512 5743 1
2512 2512 0
3426 3426 0
3426 3986 0
2535 5233 0
2535 5744 1
2535 2535 0
3986 3986 0
3986 5744 1
5744 5744 2
5744 5233 1
5233 5233 0
