3359 21515 1
3359 3359 0
3359 6502 1
3561 8212 0
3561 8881 0
3561 19879 0
3561 8477 0
3561 8493 0
3561 8612 1
3561 4971 0
3561 4975 0
3561 17081 1
3561 7116 0
3561 13355 0
3561 4130 0
3561 5395 0
3561 5431 0
3561 5529 0
3561 3986 0
3561 4083 0
3986 8212 0
3986 8477 0
3986 8493 0
3986 8612 1
3986 8881 0
3986 19879 0
3986 3986 0
3986 4083 0
3986 4130 0
3986 4971 0
3986 4975 0
3986 5276 1
3986 5431 0
3986 5529 0
3986 7116 0
4083 11821 0
4083 6502 1
4083 4971 0
4083 4975 0
4083 8612 1
4083 19879 0
4083 16308 0
4130 4130 0
4130 6502 1
4130 8881 0
4130 8477 0
4130 8493 0
4130 5431 0
4130 4971 0
4130 4975 0
4130 19879 0
4130 16308 0
4130 7116 0
4130 8612 1
4971 8212 0
4971 8477 0
4971 8493 0
4971 8612 1
4971 12973 0
4971 8881 0
4971 4971 0
4971 4975 0
4971 7116 0
4971 13355 0
4971 5276 1
4971 5431 0
4971 5529 0
4971 19879 0
4971 11821 0
4975 8881 0
4975 13355 0
4975 16825 1
4975 12973 0
4975 8477 0
4975 11821 0
4975 8493 0
4975 16308 0
4975 5529 0
4975 5431 0
4975 7116 0
4975 8612 1
4975 19879 0
5276 5395 1
5276 8212 1
5276 19879 1
5276 13355 1
5276 11821 1
5395 8212 0
5395 8881 0
5395 5395 0
5395 8477 0
5395 8612 1
5395 16308 0
5431 13355 0
5431 16825 1
5431 8881 0
5431 8477 0
5431 8493 0
5431 19879 0
5431 7116 0
5431 8612 1
5529 8212 0
5529 19879 0
5529 8477 0
5529 5529 0
5529 8493 0
5529 8612 1
5529 13355 0
5529 16825 1
6502 8477 1
6502 19879 1
6502 16308 1
7116 13355 0
7116 8881 0
7116 11821 0
7116 8477 0
7116 8493 0
7116 19879 0
7116 16308 0
7116 16825 1
7116 8612 1
8212 8212 0
8212 8881 0
8212 13355 0
8212 8477 0
8212 8612 1
8212 16308 0
8477 8493 0
8477 8612 1
8477 8881 0
8477 13355 0
8477 19879 0
8477 16308 0
8493 8881 0
8493 13355 0
8493 11821 0
8493 16308 0
8493 16825 1
8493 8612 1
8493 19879 0
8612 12973 1
8612 8881 1
8612 13355 1
8612 11821 1
8612 16308 1
8612 10677 1
8612 19879 1
8881 8881 0
8881 12973 0
8881 18553 1
8881 19879 0
10677 20957 1
11821 19879 0
12973 19879 0
12973 16825 1
13355 19879 0
16308 19879 0
16308 16308 0
19879 19879 0
20957 20957 2
