1963 2418 1
1963 7666 1
16388 16389 0
16388 8881 0
16388 4145 0
16388 16444 0
16388 18530 1
16388 2937 0
16388 237 0
16388 8493 0
16388 6471 0
16388 2458 0
16388 2475 1
16388 4647 0
16388 2606 0
16388 6737 0
16388 6739 0
16388 6740 0
16388 2722 0
16388 13061 0
16388 4916 0
16388 6977 0
16388 4956 0
16388 4957 0
16388 4958 0
16388 4963 0
16388 4966 0
16388 4967 0
16388 4968 0
16388 4969 0
16388 4971 0
16388 4972 0
16388 4973 0
16388 4974 0
16388 4980 0
16388 3561 0
16388 4986 0
16388 4988 0
16388 4990 0
16388 4991 0
16388 5004 0
16388 5015 0
16388 5016 0
16388 5018 0
16388 5027 0
16388 5028 0
16388 7077 0
16388 5033 0
16388 5036 0
16388 5039 0
16388 17363 0
16388 861 0
16388 7227 0
16388 7243 0
16388 7317 0
16388 5329 0
16388 4985 0
16388 7480 0
16388 5021 0
16388 5679 0
16388 1591 0
16388 1593 0
16388 3345 0
16388 1653 0
16388 3729 0
16388 8477 0
16388 3802 0
16388 18728 0
16388 3986 0
16388 12954 0
16389 16389 0
16389 16444 0
16389 18530 1
16389 2937 0
16389 237 0
16389 8493 0
16389 6471 0
16389 4547 0
16389 8881 0
16389 2606 0
16389 6739 0
16389 12954 0
16389 669 0
16389 2722 0
16389 13061 0
16389 4916 0
16389 6977 0
16389 4956 0
16389 4957 0
16389 4958 0
16389 4963 0
16389 4966 0
16389 4967 0
16389 4968 0
16389 4969 0
16389 4971 0
16389 4972 0
16389 4973 0
16389 4974 0
16389 4980 0
16389 4985 0
16389 4986 0
16389 4990 0
16389 4991 0
16389 5004 0
16389 5015 0
16389 5016 0
16389 5018 0
16389 5021 0
16389 5027 0
16389 5028 0
16389 7077 0
16389 5033 0
16389 5036 0
16389 17363 0
16389 13355 0
16389 7219 1
16389 7227 0
16389 5329 0
16389 861 0
16389 7480 0
16389 3426 0
16389 3561 0
16389 5679 0
16389 1591 0
16389 7775 0
16389 3345 0
16389 1653 0
16389 3729 0
16389 8477 0
16389 1741 0
16389 3802 0
16389 18728 0
16389 16241 0
16389 3986 0
3844 2606 0
3844 5469 0
3844 6789 1
3844 2193 1
3844 7317 0
3844 3844 0
3844 3353 0
3844 3354 0
3844 7535 0
3844 3986 0
3844 5981 0
3844 3043 0
5039 4647 0
5039 13355 0
5039 2606 0
5039 4145 0
5039 1591 0
5039 1593 0
5039 7227 0
5039 3426 0
5039 6739 0
5039 6740 0
5039 12875 0
5039 4966 0
5039 6977 0
5039 5274 1
5039 2722 0
5039 1741 0
5039 2937 0
5039 3802 0
5039 5855 0
5039 237 0
5039 8493 0
5039 3345 0
5039 800 0
5039 18728 0
5039 6471 0
5039 861 0
5039 4963 0
5039 4967 0
5039 4968 0
5039 4969 0
5039 4971 0
5039 4972 0
5039 4973 0
5039 4974 0
5039 4980 0
5039 4985 0
5039 4986 0
5039 4988 0
5039 4990 0
5039 4991 0
5039 5015 0
5039 5004 0
5039 7480 0
5039 5016 0
5039 2458 0
5039 5018 0
5039 5027 0
5039 5028 0
5039 5033 0
5039 2475 1
5039 5036 0
5039 951 0
5039 7243 0
5039 8881 0
5039 5021 0
5039 6737 0
5893 13355 0
5893 5679 0
5893 53 0
5893 16444 0
5893 6739 0
5893 5274 1
5893 3248 0
5893 5855 0
5893 13061 0
5893 4916 0
5893 861 0
5893 3426 0
5893 3729 0
5893 3986 0
5893 2418 1
5893 7077 0
5893 5981 0
5893 2500 0
5893 6099 0
2084 16850 1
2084 21378 1
4647 4647 0
4647 4145 0
4647 1591 0
4647 1593 0
4647 7227 0
4647 6737 0
4647 4966 0
4647 4967 0
4647 2193 1
4647 669 0
4647 13355 0
4647 4991 0
4647 5885 0
4647 13061 0
4647 3345 0
4647 8477 0
4647 7480 0
4647 6471 0
4647 861 0
4647 3426 0
4647 4968 0
4647 4969 0
4647 4972 0
4647 4973 0
4647 4974 0
4647 4980 0
4647 3729 0
4647 4985 0
4647 4986 0
4647 4988 0
4647 3986 0
4647 5015 0
4647 5016 0
4647 2458 0
4647 5018 0
4647 5027 0
4647 5028 0
4647 5033 0
4647 2475 1
4647 5036 0
4647 5021 0
4647 7243 0
4647 16850 0
4647 3561 0
4647 6739 0
4647 6740 0
13355 2418 1
13355 18728 0
13355 8493 0
13355 2458 0
13355 2501 0
13355 8687 1
13355 6737 0
13355 12954 0
13355 4963 0
13355 4966 0
13355 4967 0
13355 4968 0
13355 4969 0
13355 4971 0
13355 4980 0
13355 4986 0
13355 4988 0
13355 5004 0
13355 5015 0
13355 5018 0
13355 5021 0
13355 5027 0
13355 7219 1
13355 7227 0
13355 5329 0
13355 4547 0
13355 3561 0
13355 951 0
13355 1653 0
13355 8477 0
13355 3802 0
13355 5855 0
13355 6099 0
2606 53 0
2606 18530 1
2606 237 0
2606 8493 0
2606 6471 0
2606 4547 0
2606 6739 0
2606 6740 0
2606 2722 0
2606 8881 0
2606 2793 0
2606 4870 1
2606 800 0
2606 4916 0
2606 6977 0
2606 4956 0
2606 4957 0
2606 4958 0
2606 4963 0
2606 4966 0
2606 4967 0
2606 4968 0
2606 4969 0
2606 4971 0
2606 4972 0
2606 4973 0
2606 4974 0
2606 4980 0
2606 4985 0
2606 4986 0
2606 4988 0
2606 4990 0
2606 4991 0
2606 5004 0
2606 5015 0
2606 5016 0
2606 5018 0
2606 5021 0
2606 5027 0
2606 5033 0
2606 861 0
2606 7219 1
2606 13061 0
2606 7227 0
2606 5329 0
2606 2937 0
2606 7480 0
2606 3426 0
2606 5028 0
2606 3561 0
2606 5036 0
2606 5679 0
2606 1591 0
2606 3345 0
2606 1653 0
2606 3729 0
2606 8477 0
2606 3802 0
2606 5855 0
2606 18728 0
2606 5981 0
2606 5994 0
2606 16241 0
2606 3986 0
2606 951 0
2606 12954 0
5679 13061 0
5679 8881 0
5679 53 0
5679 1591 0
5679 7227 0
5679 6739 0
5679 8493 0
5679 18530 1
5679 4967 0
5679 4968 0
5679 1653 0
5679 4972 0
5679 3729 0
5679 5274 1
5679 2722 0
5679 4985 0
5679 3802 0
5679 4986 0
5679 5855 0
5679 237 0
5679 18728 0
5679 4990 0
5679 3345 0
5679 3354 0
5679 8477 0
5679 7480 0
5679 6471 0
5679 5004 0
5679 861 0
5679 3426 0
5679 4963 0
5679 4966 0
5679 4969 0
5679 4971 0
5679 4973 0
5679 4974 0
5679 2418 1
5679 4980 0
5679 2937 0
5679 4991 0
5679 5015 0
5679 3986 0
5679 5016 0
5679 5018 0
5679 5021 0
5679 5027 0
5679 5028 0
5679 5033 0
5679 5036 0
5679 2500 0
5679 7077 0
5679 3561 0
561 4145 0
561 16444 0
561 18728 0
561 2418 1
561 2458 0
561 4547 0
561 2500 0
561 2501 0
561 4550 0
561 4551 0
561 481 0
561 561 0
561 2793 0
561 4870 1
561 4956 0
561 4957 0
561 4958 0
561 4980 0
561 4990 0
561 6977 0
561 5027 0
561 5033 0
561 3043 0
561 861 0
561 3248 0
561 5380 0
561 3353 0
561 3354 0
561 7666 1
561 3729 0
561 1741 0
561 5855 0
561 5981 0
561 5994 0
7219 5380 1
7219 13061 1
7219 9961 1
7219 1197 1
7219 8081 1
7219 16534 1
7219 2458 1
7219 4000 1
7219 4551 1
7219 4145 1
7219 8493 1
7219 4916 1
7219 951 1
7219 9626 1
7219 6977 1
7219 1350 1
7219 12875 1
7219 1741 1
7219 12954 1
7219 17363 1
7219 2793 1
7219 4971 1
13364 12954 0
13364 3270 1
13364 1741 0
13364 861 0
13364 5994 0
13364 18530 1
53 53 0
53 4158 1
53 2458 0
53 2500 0
53 2501 0
53 6740 0
53 2722 0
53 8881 0
53 4956 0
53 4957 0
53 4958 0
53 4967 0
53 4968 0
53 4972 0
53 5004 0
53 5018 0
53 5028 0
53 5033 0
53 861 0
53 5274 1
53 3345 0
53 3354 0
53 5469 0
53 5027 0
53 6739 0
53 1591 0
53 1593 0
53 1653 0
53 3729 0
53 1741 0
53 3802 0
53 5855 0
53 17363 0
53 5981 0
53 3981 0
12342 7666 1
12342 2418 1
12342 7077 0
1591 4145 0
1591 18530 1
1591 237 0
1591 8493 0
1591 6471 0
1591 2418 1
1591 2458 0
1591 2475 1
1591 4534 0
1591 16850 0
1591 6739 0
1591 6740 0
1591 2722 0
1591 8881 0
1591 13061 0
1591 4956 0
1591 861 0
1591 4958 0
1591 4963 0
1591 4967 0
1591 4968 0
1591 4969 0
1591 4971 0
1591 4972 0
1591 4973 0
1591 4974 0
1591 4980 0
1591 4985 0
1591 4986 0
1591 4988 0
1591 4990 0
1591 4991 0
1591 5004 0
1591 5015 0
1591 5016 0
1591 5018 0
1591 5021 0
1591 5027 0
1591 5028 0
1591 5033 0
1591 5036 0
1591 17363 0
1591 4957 0
1591 7227 0
1591 7243 0
1591 4966 0
1591 1197 0
1591 5329 0
1591 2937 0
1591 5380 0
1591 3353 0
1591 7480 0
1591 3426 0
1591 5981 0
1591 6737 0
1591 3561 0
1591 1591 0
1591 1593 0
1591 3345 0
1591 1653 0
1591 8477 0
1591 3802 0
1591 5855 0
1591 18728 0
1591 3986 0
1591 12954 0
1591 6099 0
1591 16354 0
1593 5981 0
1593 4145 0
1593 7227 0
1593 7243 0
1593 6737 0
1593 6740 0
1593 4967 0
1593 2193 1
1593 12954 0
1593 8881 0
1593 5885 0
1593 3345 0
1593 18728 0
1593 6471 0
1593 4956 0
1593 4957 0
1593 4958 0
1593 3426 0
1593 4963 0
1593 4966 0
1593 4968 0
1593 4969 0
1593 4972 0
1593 4973 0
1593 4974 0
1593 4980 0
1593 4985 0
1593 4986 0
1593 4988 0
1593 4991 0
1593 7480 0
1593 5015 0
1593 5016 0
1593 2458 0
1593 5018 0
1593 5027 0
1593 5028 0
1593 5033 0
1593 2475 1
1593 5036 0
1593 5021 0
1593 6739 0
7227 4145 0
7227 18530 1
7227 2937 0
7227 237 0
7227 8477 0
7227 6471 0
7227 2458 0
7227 2475 1
7227 6737 0
7227 6739 0
7227 6740 0
7227 2722 0
7227 8881 0
7227 13061 0
7227 4916 0
7227 6977 0
7227 861 0
7227 4963 0
7227 4966 0
7227 4967 0
7227 4968 0
7227 4969 0
7227 4971 0
7227 4972 0
7227 4973 0
7227 4974 0
7227 4980 0
7227 4985 0
7227 4986 0
7227 4988 0
7227 4990 0
7227 4991 0
7227 5004 0
7227 5015 0
7227 5016 0
7227 5018 0
7227 5027 0
7227 5028 0
7227 5033 0
7227 5036 0
7227 7243 0
7227 5274 1
7227 3345 0
7227 7480 0
7227 5021 0
7227 3561 0
7227 951 0
7227 1653 0
7227 1741 0
7227 3802 0
7227 5855 0
7227 18728 0
7227 8493 0
7227 3986 0
16444 1653 0
16444 1741 0
16444 5329 0
16444 3802 0
16444 17363 0
16444 18530 1
16444 4916 0
16444 6977 0
16444 16444 0
16444 5994 0
16444 16241 0
16444 2418 1
16444 2937 0
16444 2500 0
16444 2501 0
16444 16354 0
4158 4158 2
4158 15558 1
4158 481 1
12875 4870 1
12875 5018 0
12875 5036 0
6737 4145 0
6737 237 0
6737 8477 0
6737 18728 0
6737 6471 0
6737 2458 0
6737 2475 1
6737 2500 0
6737 2501 0
6737 6739 0
6737 6740 0
6737 669 0
6737 2722 0
6737 8881 0
6737 8968 0
6737 861 0
6737 4963 0
6737 4966 0
6737 4967 0
6737 4968 0
6737 4969 0
6737 4972 0
6737 4973 0
6737 4974 0
6737 4980 0
6737 4988 0
6737 4991 0
6737 5004 0
6737 5015 0
6737 5016 0
6737 5018 0
6737 5027 0
6737 5028 0
6737 5033 0
6737 5036 0
6737 7243 0
6737 1238 1
6737 4985 0
6737 4986 0
6737 7480 0
6737 3426 0
6737 5021 0
6737 3345 0
6737 1653 0
6737 18085 0
6737 3802 0
6737 5855 0
6737 5981 0
6737 3986 0
2130 5981 0
2130 5274 1
2130 7077 0
2130 2500 0
2130 4550 0
2130 4551 0
2130 8687 1
6739 4145 0
6739 18530 1
6739 7243 0
6739 4985 0
6739 237 0
6739 8493 0
6739 6471 0
6739 2418 1
6739 2458 0
6739 6570 0
6739 2475 1
6739 4530 0
6739 4547 0
6739 6739 0
6739 6740 0
6739 669 0
6739 2722 0
6739 8881 0
6739 4870 1
6739 8968 0
6739 4957 0
6739 4958 0
6739 4963 0
6739 4966 0
6739 4967 0
6739 4968 0
6739 4969 0
6739 4971 0
6739 4972 0
6739 4973 0
6739 4974 0
6739 4980 0
6739 2937 0
6739 4988 0
6739 4991 0
6739 5004 0
6739 5015 0
6739 5016 0
6739 5018 0
6739 5021 0
6739 5027 0
6739 5028 0
6739 5033 0
6739 5036 0
6739 7109 0
6739 5329 0
6739 4986 0
6739 5380 0
6739 3345 0
6739 7480 0
6739 1350 0
6739 3561 0
6739 1653 0
6739 8477 0
6739 1741 0
6739 3802 0
6739 18728 0
6739 5981 0
6739 3986 0
6739 12954 0
6740 4145 0
6740 237 0
6740 8477 0
6740 18728 0
6740 6471 0
6740 2458 0
6740 2475 1
6740 2722 0
6740 8881 0
6740 4963 0
6740 4966 0
6740 4967 0
6740 4968 0
6740 4969 0
6740 4972 0
6740 4973 0
6740 4974 0
6740 4980 0
6740 4985 0
6740 4986 0
6740 4988 0
6740 4990 0
6740 4991 0
6740 5004 0
6740 5015 0
6740 5016 0
6740 5018 0
6740 5021 0
6740 5027 0
6740 5028 0
6740 5033 0
6740 5036 0
6740 7109 0
6740 7243 0
6740 5329 0
6740 1238 1
6740 2937 0
6740 7480 0
6740 3561 0
6740 3345 0
6740 1653 0
6740 3802 0
6740 5981 0
6740 3986 0
7775 13061 0
7775 18530 1
7775 8497 1
7775 18227 0
7775 21378 0
7775 3986 0
18530 1653 1
18530 2722 1
18530 8881 1
18530 1741 1
18530 2937 1
18530 3802 1
18530 3812 1
18530 237 1
18530 18728 1
18530 3345 1
18530 8477 1
18530 800 1
18530 8493 1
18530 18227 1
18530 4916 1
18530 7480 1
18530 6471 1
18530 4963 1
18530 4966 1
18530 4967 1
18530 4968 1
18530 4969 1
18530 4971 1
18530 4972 1
18530 4973 1
18530 4974 1
18530 7535 1
18530 4980 1
18530 4985 1
18530 4986 1
18530 4990 1
18530 4991 1
18530 5004 1
18530 3986 1
18530 5015 1
18530 5016 1
18530 5018 1
18530 5021 1
18530 5027 1
18530 5028 1
18530 5033 1
18530 5036 1
18530 18325 1
18530 3561 1
4967 4145 0
4967 2937 0
4967 237 0
4967 8477 0
4967 8493 0
4967 6471 0
4967 2458 0
4967 2475 1
4967 7243 0
4967 2722 0
4967 8881 0
4967 13061 0
4967 800 0
4967 4916 0
4967 6977 0
4967 4956 0
4967 4957 0
4967 4958 0
4967 4963 0
4967 4966 0
4967 4967 0
4967 4968 0
4967 4969 0
4967 4971 0
4967 4972 0
4967 4973 0
4967 4974 0
4967 4980 0
4967 4985 0
4967 4986 0
4967 4988 0
4967 4990 0
4967 4991 0
4967 5004 0
4967 5015 0
4967 5016 0
4967 5018 0
4967 5027 0
4967 5028 0
4967 5033 0
4967 5036 0
4967 861 0
4967 3345 0
4967 7480 0
4967 3426 0
4967 5021 0
4967 3561 0
4967 951 0
4967 1653 0
4967 1741 0
4967 3802 0
4967 5855 0
4967 18728 0
4967 5994 0
4967 3986 0
1653 237 0
1653 8477 0
1653 8493 0
1653 390 1
1653 481 0
1653 669 0
1653 8881 0
1653 861 0
1653 1197 0
1653 1653 0
1653 2458 0
1653 2501 0
1653 2722 0
1653 2937 0
1653 3270 1
1653 3345 0
1653 3353 0
1653 3561 0
1653 3729 0
1653 3802 0
1653 3986 0
1653 12954 0
1653 4000 0
1653 4530 0
1653 4534 0
1653 4547 0
1653 13061 0
1653 4916 0
1653 4956 0
1653 4957 0
1653 4963 0
1653 4966 0
1653 4968 0
1653 4969 0
1653 4971 0
1653 4972 0
1653 4973 0
1653 4974 0
1653 4980 0
1653 4985 0
1653 4986 0
1653 4990 0
1653 4991 0
1653 5004 0
1653 5015 0
1653 5016 0
1653 5018 0
1653 5021 0
1653 5027 0
1653 5028 0
1653 5033 0
1653 5036 0
1653 4958 0
1653 18728 0
1653 5380 0
1653 5855 0
1653 6048 0
1653 6471 0
1653 6977 0
1653 7480 0
1653 16241 0
1653 16354 0
1665 3248 1
6789 6401 1
6789 6789 2
6789 4534 1
6789 7109 1
6789 4956 1
6789 4957 1
6789 4958 1
6789 16354 1
3729 8493 0
3729 2418 1
3729 4547 0
3729 2500 0
3729 2501 0
3729 4550 0
3729 4551 0
3729 669 0
3729 2722 0
3729 8881 0
3729 4870 1
3729 4972 0
3729 4974 0
3729 7077 0
3729 7109 0
3729 3043 0
3729 7243 0
3729 5329 0
3729 3353 0
3729 3354 0
3729 3729 0
3729 1741 0
3729 3802 0
3729 5855 0
3729 5981 0
4547 4870 1
4547 4957 0
4547 4958 0
4547 5274 1
4547 2722 0
4547 1741 0
4547 17363 0
4547 5855 0
4547 5380 0
4547 13061 0
4547 4145 0
4547 4956 0
4547 861 0
4547 3426 0
4547 5994 0
4547 3986 0
4547 2418 1
4547 2937 0
4547 6977 0
4547 8081 0
4547 2458 0
4547 6048 0
4547 4547 0
4547 8881 0
4547 7077 0
4547 3043 0
7317 2193 1
7317 16850 0
7317 4870 1
7317 3561 0
7317 21378 0
7317 5994 0
7317 3353 0
7317 3354 0
7317 5981 0
7317 3986 0
16534 16534 0
16534 4870 1
16534 861 0
16534 3986 0
5274 4145 1
5274 5274 2
5274 2722 1
5274 15558 1
5274 1741 1
5274 5329 1
5274 3802 1
5274 5855 1
5274 237 1
5274 3345 1
5274 3353 1
5274 3354 1
5274 18728 1
5274 4963 1
5274 5994 1
5274 5018 1
5274 4973 1
5274 4988 1
5274 5004 1
5274 5016 1
5274 7077 1
5274 2500 1
5274 7109 1
5274 18085 1
5274 16354 1
5274 3043 1
669 18728 0
669 2418 1
669 2458 0
669 669 0
669 4916 0
669 5028 0
669 5036 0
669 7109 0
669 3426 0
669 3561 0
669 3763 1
669 1741 0
669 5885 0
669 5981 0
7109 12954 0
7109 3353 0
7109 1197 0
7109 3248 0
7109 5855 0
7109 2793 0
7109 17363 0
7109 5885 0
7109 3354 0
7109 5981 0
7109 8081 0
7109 3986 0
7109 7109 0
7109 4550 0
7109 4551 0
7109 3561 0
2722 237 0
2722 8477 0
2722 6471 0
2722 2500 0
2722 2501 0
2722 13061 0
2722 2722 0
2722 8968 0
2722 6977 0
2722 861 0
2722 4963 0
2722 4966 0
2722 4968 0
2722 4969 0
2722 4971 0
2722 4972 0
2722 4973 0
2722 4974 0
2722 4980 0
2722 4985 0
2722 4986 0
2722 4988 0
2722 4990 0
2722 4991 0
2722 21378 0
2722 5004 0
2722 5015 0
2722 5018 0
2722 5021 0
2722 5027 0
2722 5028 0
2722 5033 0
2722 5036 0
2722 3043 0
2722 3248 0
2722 2937 0
2722 5380 0
2722 3345 0
2722 5469 0
2722 3426 0
2722 5016 0
2722 3561 0
2722 18085 0
2722 1741 0
2722 3802 0
2722 5855 0
2722 18728 0
2722 8493 0
2722 7480 0
2722 5981 0
2722 3986 0
2722 16354 0
18085 1741 0
18085 5329 0
18085 5855 0
18085 8968 0
18085 3354 0
18085 6977 0
18085 2418 1
18085 3986 0
18085 4000 0
18085 7077 0
18085 2500 0
18085 2501 0
18085 17363 0
1197 13061 0
1197 2193 1
1197 4551 0
1197 1197 0
1197 8881 0
1197 3270 1
1197 1741 0
1197 5855 0
1197 3354 0
1197 6048 0
1197 2500 0
1197 4550 0
1197 7077 0
1197 3043 0
5018 4145 0
5018 2937 0
5018 237 0
5018 8477 0
5018 8493 0
5018 6471 0
5018 2458 0
5018 2475 1
5018 13061 0
5018 8881 0
5018 800 0
5018 6977 0
5018 861 0
5018 4963 0
5018 4966 0
5018 4968 0
5018 4969 0
5018 4971 0
5018 4972 0
5018 4973 0
5018 4974 0
5018 4980 0
5018 4986 0
5018 4988 0
5018 4990 0
5018 4991 0
5018 5004 0
5018 5016 0
5018 5018 0
5018 5027 0
5018 5028 0
5018 5033 0
5018 5036 0
5018 7243 0
5018 4985 0
5018 3345 0
5018 7480 0
5018 1350 0
5018 3426 0
5018 5015 0
5018 5021 0
5018 3561 0
5018 951 0
5018 1741 0
5018 3802 0
5018 5855 0
5018 18728 0
5018 3986 0
3248 3248 0
3248 237 0
3248 6401 0
3248 4968 0
3248 4973 0
3248 2418 1
3248 4551 0
3248 481 0
8881 8881 0
8881 237 0
8881 18728 0
8881 8493 0
8881 4870 1
8881 861 0
8881 4963 0
8881 4966 0
8881 4969 0
8881 4971 0
8881 4972 0
8881 4973 0
8881 4974 0
8881 4980 0
8881 4985 0
8881 4988 0
8881 4990 0
8881 21378 0
8881 5004 0
8881 5015 0
8881 5016 0
8881 5021 0
8881 5027 0
8881 5028 0
8881 5036 0
8881 3043 0
8881 8968 0
8881 2937 0
8881 3345 0
8881 3353 0
8881 7480 0
8881 5469 0
8881 3561 0
8881 5033 0
8881 8477 0
8881 1741 0
8881 3802 0
8881 5855 0
8881 5981 0
8881 5994 0
8881 16241 0
8881 3986 0
8881 12954 0
8881 4000 0
3763 4530 1
3763 8119 2
3763 20763 1
15558 7077 0
15558 5885 0
1741 237 0
1741 18728 0
1741 2458 0
1741 2500 0
1741 2501 0
1741 4550 0
1741 4551 0
1741 481 0
1741 8968 0
1741 861 0
1741 4963 0
1741 4968 0
1741 4969 0
1741 4971 0
1741 4972 0
1741 4973 0
1741 4974 0
1741 4980 0
1741 4985 0
1741 4990 0
1741 4991 0
1741 5004 0
1741 5015 0
1741 5016 0
1741 5021 0
1741 5028 0
1741 5033 0
1741 5036 0
1741 3043 0
1741 7243 0
1741 4966 0
1741 2937 0
1741 3345 0
1741 3353 0
1741 3354 0
1741 5469 0
1741 7077 0
1741 8477 0
1741 1741 0
1741 3802 0
1741 5855 0
1741 5885 0
1741 8493 0
1741 5994 0
1741 6048 0
1741 12954 0
1741 16354 0
5329 3353 0
5329 3354 0
5329 8477 0
5329 18728 0
5329 4916 0
5329 5855 0
5329 1350 0
5329 861 0
5329 12954 0
5329 3986 0
5329 2475 1
5329 2501 0
5329 16354 0
5329 3561 0
1238 18227 1
1238 3426 1
1238 1238 2
1238 861 1
2937 237 0
2937 8477 0
2937 8493 0
2937 6471 0
2937 12954 0
2937 13061 0
2937 800 0
2937 4916 0
2937 6977 0
2937 4956 0
2937 4957 0
2937 4958 0
2937 4963 0
2937 4966 0
2937 4968 0
2937 4969 0
2937 4971 0
2937 4972 0
2937 4973 0
2937 4974 0
2937 4980 0
2937 4986 0
2937 4988 0
2937 4990 0
2937 4991 0
2937 5004 0
2937 5015 0
2937 5016 0
2937 5021 0
2937 5027 0
2937 5028 0
2937 5033 0
2937 5036 0
2937 17363 0
2937 861 0
2937 4985 0
2937 3345 0
2937 7480 0
2937 3426 0
2937 3561 0
2937 3802 0
2937 18728 0
2937 16241 0
2937 3986 0
2937 12188 1
3802 237 0
3802 8477 0
3802 8493 0
3802 6471 0
3802 2458 0
3802 4530 0
3802 13061 0
3802 4916 0
3802 6977 0
3802 4956 0
3802 4957 0
3802 4958 0
3802 4963 0
3802 4966 0
3802 4968 0
3802 4969 0
3802 4971 0
3802 4972 0
3802 4973 0
3802 4974 0
3802 4980 0
3802 3561 0
3802 4985 0
3802 4986 0
3802 4988 0
3802 4990 0
3802 4991 0
3802 21378 0
3802 5004 0
3802 5015 0
3802 5016 0
3802 5021 0
3802 5027 0
3802 5028 0
3802 5033 0
3802 5036 0
3802 17363 0
3802 861 0
3802 3345 0
3802 1350 0
3802 3426 0
3802 9626 0
3802 951 0
3802 3802 0
3802 5855 0
3802 18728 0
3802 7480 0
3802 5981 0
3802 3986 0
5855 4145 0
5855 237 0
5855 18728 0
5855 2418 1
5855 2458 0
5855 7243 0
5855 4534 0
5855 2500 0
5855 2501 0
5855 4551 0
5855 481 0
5855 13061 0
5855 4550 0
5855 2793 0
5855 4916 0
5855 4956 0
5855 861 0
5855 4963 0
5855 4968 0
5855 4972 0
5855 4973 0
5855 4974 0
5855 4980 0
5855 4985 0
5855 4986 0
5855 4990 0
5855 5004 0
5855 5015 0
5855 5016 0
5855 5021 0
5855 5028 0
5855 8968 0
5855 4957 0
5855 8493 0
5855 4969 0
5855 17363 0
5855 4988 0
5855 5380 0
5855 3345 0
5855 3353 0
5855 3354 0
5855 1350 0
5855 5469 0
5855 7480 0
5855 5027 0
5855 3561 0
5855 5033 0
5855 7077 0
5855 4966 0
5855 5855 0
5855 5981 0
5855 5994 0
5855 16241 0
5855 16354 0
3812 2193 1
3812 12954 0
3812 5994 0
2793 6570 0
2793 4551 0
2793 4870 1
2793 4971 0
2793 4530 0
2793 16241 0
237 4963 0
237 4972 0
237 4973 0
237 8477 0
237 4985 0
237 237 0
237 18728 0
237 3345 0
237 3353 0
237 6977 0
237 6471 0
237 7480 0
237 3426 0
237 4966 0
237 4968 0
237 4969 0
237 4971 0
237 3986 0
237 4974 0
237 4980 0
237 4986 0
237 4988 0
237 4990 0
237 4991 0
237 5004 0
237 5016 0
237 5021 0
237 5027 0
237 5028 0
237 5015 0
237 5036 0
237 8493 0
237 16354 0
237 3561 0
237 5033 0
6099 3986 0
6099 2475 1
6099 4145 0
6099 6099 0
6099 16241 0
6099 2418 1
5885 4145 0
5885 6401 0
5885 18728 0
5885 2418 1
5885 2475 1
5885 4985 0
5885 8968 0
5885 5469 0
5885 5885 0
5885 5981 0
5885 5994 0
5885 3986 0
6401 6401 0
6401 8493 0
6401 3986 0
6401 16850 0
6401 4551 0
6401 7666 1
5380 5380 0
5380 4916 0
5380 1350 0
5380 5981 0
5380 4963 0
5380 5994 0
5380 390 1
5380 8081 0
5380 7243 0
5380 2500 0
5380 2501 0
5380 3043 0
13061 8477 0
13061 18728 0
13061 4530 0
13061 4534 0
13061 2501 0
13061 4870 1
13061 4956 0
13061 4966 0
13061 4968 0
13061 4969 0
13061 4972 0
13061 4990 0
13061 5004 0
13061 5015 0
13061 5028 0
13061 13061 0
13061 5016 0
13061 3345 0
13061 5469 0
13061 3426 0
13061 8493 0
13061 5981 0
4870 4957 1
4870 861 1
4870 800 1
4870 4145 1
4870 1350 1
4870 4956 1
4870 5981 1
4870 4958 1
4870 4971 1
4870 9961 1
4870 3981 1
4870 4530 1
4870 951 1
4870 17363 1
4870 481 1
8968 9961 0
8968 8493 0
8968 4916 0
8968 5981 0
8968 3986 0
8968 390 1
8968 6048 0
8968 7077 0
8968 2475 1
8968 2500 0
8968 2501 0
8968 17363 0
8968 481 0
3345 4957 0
3345 4145 0
3345 4968 0
3345 8477 0
3345 4972 0
3345 4966 0
3345 4985 0
3345 18728 0
3345 7480 0
3345 6977 0
3345 6471 0
3345 4956 0
3345 861 0
3345 4958 0
3345 3426 0
3345 4963 0
3345 4969 0
3345 4971 0
3345 4973 0
3345 4974 0
3345 4980 0
3345 4986 0
3345 4988 0
3345 4990 0
3345 4991 0
3345 5015 0
3345 5004 0
3345 3986 0
3345 5016 0
3345 2458 0
3345 5027 0
3345 5028 0
3345 5033 0
3345 2475 1
3345 5036 0
3345 5021 0
3345 8493 0
3345 951 0
3345 7243 0
3345 3561 0
3353 2418 1
3353 4530 0
3353 2500 0
3353 2501 0
3353 4550 0
3353 4551 0
3353 861 0
3353 4988 0
3353 3043 0
3353 3353 0
3353 3354 0
3353 7666 1
3354 18728 0
3354 2500 0
3354 4550 0
3354 16850 0
3354 4956 0
3354 861 0
3354 4963 0
3354 5004 0
3354 3043 0
3354 7243 0
3354 3354 0
3354 7666 1
3354 5981 0
20763 8119 1
8477 8493 0
8477 6471 0
8477 2458 0
8477 12954 0
8477 4916 0
8477 6977 0
8477 4956 0
8477 4957 0
8477 4958 0
8477 4963 0
8477 4968 0
8477 4969 0
8477 4971 0
8477 4972 0
8477 4973 0
8477 4974 0
8477 4980 0
8477 4985 0
8477 4986 0
8477 4990 0
8477 4991 0
8477 5004 0
8477 5015 0
8477 5021 0
8477 5027 0
8477 5028 0
8477 5033 0
8477 5036 0
8477 861 0
8477 4966 0
8477 7480 0
8477 3426 0
8477 5016 0
8477 3561 0
8477 7666 1
8477 18728 0
8477 5981 0
8477 16241 0
8477 3986 0
8477 16354 0
800 8493 0
800 7480 0
800 6977 0
800 4963 0
800 4968 0
800 4971 0
800 4972 0
800 4985 0
800 4988 0
800 5015 0
800 5016 0
800 5021 0
800 5033 0
800 5036 0
800 5028 0
4145 4145 0
4145 6471 0
4145 2458 0
4145 2475 1
4145 2500 0
4145 481 0
4145 4956 0
4145 4957 0
4145 4958 0
4145 4966 0
4145 4968 0
4145 4972 0
4145 4973 0
4145 4974 0
4145 4980 0
4145 4985 0
4145 4986 0
4145 4988 0
4145 4991 0
4145 5015 0
4145 5016 0
4145 5027 0
4145 5036 0
4145 861 0
4145 7243 0
4145 4969 0
4145 5021 0
4145 8493 0
4145 5028 0
4145 5033 0
4145 7480 0
4145 5981 0
4145 8081 0
4145 3986 0
18728 8493 0
18728 6471 0
18728 2458 0
18728 12954 0
18728 4956 0
18728 4957 0
18728 4958 0
18728 4963 0
18728 4968 0
18728 4969 0
18728 4971 0
18728 4972 0
18728 4973 0
18728 4974 0
18728 4980 0
18728 4986 0
18728 4990 0
18728 4991 0
18728 5004 0
18728 5015 0
18728 5016 0
18728 5021 0
18728 5027 0
18728 5028 0
18728 5033 0
18728 5036 0
18728 17363 0
18728 21378 0
18728 861 0
18728 4966 0
18728 4985 0
18728 7480 0
18728 3426 0
18728 3561 0
18728 18728 0
18728 16241 0
18728 8081 0
18728 3986 0
8493 5994 0
8493 4916 0
8493 7480 0
8493 6977 0
8493 6471 0
8493 4963 0
8493 4966 0
8493 4968 0
8493 4969 0
8493 4971 0
8493 4972 0
8493 4973 0
8493 4974 0
8493 4980 0
8493 4985 0
8493 4986 0
8493 4988 0
8493 4990 0
8493 4991 0
8493 5004 0
8493 3986 0
8493 5015 0
8493 5016 0
8493 5021 0
8493 5027 0
8493 5028 0
8493 5033 0
8493 5036 0
8493 951 0
8493 3043 0
8493 3561 0
18227 3561 0
4916 2418 1
4916 2458 0
4916 2500 0
4916 2501 0
4916 4916 0
4916 6977 0
4916 4956 0
4916 4963 0
4916 4966 0
4916 4968 0
4916 4971 0
4916 4980 0
4916 4985 0
4916 4986 0
4916 4990 0
4916 4991 0
4916 5004 0
4916 5015 0
4916 5027 0
4916 5028 0
4916 5033 0
4916 5036 0
4916 3561 0
4916 5981 0
7480 6471 0
7480 2458 0
7480 2475 1
7480 7243 0
7480 6977 0
7480 861 0
7480 4963 0
7480 4966 0
7480 4968 0
7480 4969 0
7480 4971 0
7480 4972 0
7480 4973 0
7480 4974 0
7480 4980 0
7480 4986 0
7480 4988 0
7480 4990 0
7480 4991 0
7480 5004 0
7480 5015 0
7480 5016 0
7480 5027 0
7480 5028 0
7480 5033 0
7480 5036 0
7480 4985 0
7480 7480 0
7480 1350 0
7480 3426 0
7480 5021 0
7480 3561 0
7480 951 0
7480 16354 0
9626 2500 0
9626 16850 0
9626 1350 0
9626 4957 0
9626 4971 0
9626 8081 0
9626 5016 0
9626 5036 0
9626 2501 0
9626 8687 1
6977 2418 1
6977 2500 0
6977 2501 0
6977 12954 0
6977 6977 0
6977 4968 0
6977 4969 0
6977 4972 0
6977 4973 0
6977 4985 0
6977 4988 0
6977 4991 0
6977 5016 0
6977 5027 0
6977 5028 0
6977 7077 0
6977 951 0
6977 16354 0
4000 2418 1
1350 5994 0
1350 1350 0
1350 5981 0
1350 2501 0
1350 4974 0
1350 4986 0
1350 8687 1
1350 7077 0
1350 2500 0
6471 7243 0
6471 4963 0
6471 4966 0
6471 4968 0
6471 4969 0
6471 4971 0
6471 4972 0
6471 4973 0
6471 4974 0
6471 4980 0
6471 4985 0
6471 4986 0
6471 4988 0
6471 4990 0
6471 4991 0
6471 5004 0
6471 5015 0
6471 5016 0
6471 2458 0
6471 5027 0
6471 5028 0
6471 5033 0
6471 2475 1
6471 5036 0
6471 5021 0
6471 3561 0
4956 2418 1
4956 4956 0
4956 4957 0
4956 4958 0
4956 5004 0
4956 5027 0
4956 5028 0
4956 4966 0
4956 861 0
4956 3426 0
4956 3561 0
4956 5981 0
4956 8081 0
4956 3986 0
861 2418 1
861 4530 0
861 4550 0
861 4551 0
861 481 0
861 12954 0
861 861 0
861 4969 0
861 4972 0
861 4974 0
861 4986 0
861 4988 0
861 5004 0
861 5015 0
861 5016 0
861 5027 0
861 5036 0
861 3043 0
861 8081 0
861 4957 0
861 4958 0
861 4966 0
861 4973 0
861 4990 0
861 5469 0
861 3426 0
861 5028 0
861 5033 0
861 5994 0
861 3986 0
19806 2418 1
19806 7666 1
3426 4985 0
3426 2458 0
3426 2475 1
3426 4550 0
3426 4551 0
3426 4958 0
3426 4968 0
3426 4971 0
3426 4972 0
3426 4973 0
3426 4974 0
3426 4986 0
3426 4988 0
3426 5004 0
3426 5016 0
3426 5027 0
3426 5028 0
3426 5033 0
3426 5036 0
3426 4957 0
3426 4990 0
3426 3426 0
3426 5981 0
3426 3986 0
4963 4972 0
4963 4985 0
4963 4966 0
4963 4968 0
4963 4969 0
4963 4971 0
4963 4973 0
4963 4974 0
4963 4980 0
4963 4986 0
4963 4988 0
4963 4990 0
4963 4991 0
4963 5015 0
4963 5004 0
4963 3986 0
4963 5016 0
4963 5021 0
4963 5027 0
4963 5028 0
4963 5033 0
4963 5036 0
4963 951 0
4963 3561 0
4966 2418 1
4966 2458 0
4966 2475 1
4966 12954 0
4966 4957 0
4966 4958 0
4966 4968 0
4966 4969 0
4966 4971 0
4966 4972 0
4966 4973 0
4966 4974 0
4966 4980 0
4966 4986 0
4966 4988 0
4966 4990 0
4966 4991 0
4966 5004 0
4966 5015 0
4966 5016 0
4966 5021 0
4966 5027 0
4966 5028 0
4966 5033 0
4966 5036 0
4966 7243 0
4966 4985 0
4966 3561 0
4966 951 0
4966 3986 0
4966 16354 0
2193 3981 1
2193 2193 2
2193 18325 1
2193 5469 1
2193 4534 1
2193 4550 1
2193 4551 1
2193 16850 1
2193 3043 1
2193 7535 1
4968 4972 0
4968 12954 0
4968 4985 0
4968 4969 0
4968 4971 0
4968 4973 0
4968 4974 0
4968 4980 0
4968 4986 0
4968 4988 0
4968 4990 0
4968 4991 0
4968 5015 0
4968 5004 0
4968 3986 0
4968 5016 0
4968 2458 0
4968 5027 0
4968 5028 0
4968 5033 0
4968 2475 1
4968 5036 0
4968 5021 0
4968 951 0
4968 7243 0
4968 3561 0
4969 2458 0
4969 2475 1
4969 4971 0
4969 4972 0
4969 4973 0
4969 4974 0
4969 4980 0
4969 4986 0
4969 4988 0
4969 4990 0
4969 4991 0
4969 5004 0
4969 5015 0
4969 5016 0
4969 5027 0
4969 5028 0
4969 5033 0
4969 5036 0
4969 7243 0
4969 4985 0
4969 5021 0
4969 3561 0
4969 5994 0
4969 3986 0
4969 951 0
5994 2418 1
5994 4530 0
5994 2500 0
5994 21378 0
5994 3043 0
5994 7243 0
5994 5994 0
5994 16354 0
4971 4534 0
4971 2501 0
4971 4971 0
4971 4972 0
4971 4973 0
4971 4974 0
4971 4980 0
4971 4986 0
4971 4988 0
4971 4990 0
4971 4991 0
4971 5004 0
4971 5016 0
4971 5021 0
4971 5027 0
4971 5033 0
4971 5036 0
4971 4985 0
4971 5469 0
4971 5015 0
4971 5028 0
4971 3561 0
4971 951 0
4971 3986 0
4972 2458 0
4972 2475 1
4972 4972 0
4972 4973 0
4972 4974 0
4972 4980 0
4972 4986 0
4972 4988 0
4972 4990 0
4972 4991 0
4972 5004 0
4972 5015 0
4972 5016 0
4972 5027 0
4972 5028 0
4972 5033 0
4972 5036 0
4972 7243 0
4972 4985 0
4972 5021 0
4972 3561 0
4972 951 0
4973 5981 0
4973 7243 0
4973 4985 0
4973 4974 0
4973 4980 0
4973 4986 0
4973 4988 0
4973 4990 0
4973 4991 0
4973 5015 0
4973 5004 0
4973 5016 0
4973 2458 0
4973 5027 0
4973 5028 0
4973 5033 0
4973 2475 1
4973 5036 0
4973 5021 0
4973 3561 0
4974 2458 0
4974 2475 1
4974 7243 0
4974 4980 0
4974 4985 0
4974 4986 0
4974 4988 0
4974 4990 0
4974 4991 0
4974 5004 0
4974 5015 0
4974 5016 0
4974 5027 0
4974 5028 0
4974 5033 0
4974 5036 0
4974 5469 0
4974 5021 0
4974 3561 0
4974 951 0
4974 3986 0
16241 2418 1
16241 3561 0
16241 7666 1
16241 16241 0
2418 8081 1
2418 4957 1
2418 7243 1
2418 2500 1
2418 12954 1
2418 21378 1
2418 5469 1
2418 4958 1
2418 3986 1
2418 2418 2
2418 4988 1
2418 4990 1
2418 7077 1
2418 5033 1
2418 6048 1
2418 2501 1
2418 4550 1
2418 4551 1
4980 4985 0
4980 4986 0
4980 4988 0
4980 4990 0
4980 4991 0
4980 5015 0
4980 5004 0
4980 5016 0
4980 2458 0
4980 5027 0
4980 5028 0
4980 5033 0
4980 2475 1
4980 5036 0
4980 5021 0
4980 951 0
4980 7243 0
4980 3561 0
4985 4986 0
4985 4988 0
4985 4990 0
4985 4991 0
4985 5015 0
4985 5004 0
4985 5016 0
4985 2458 0
4985 5027 0
4985 5028 0
4985 5033 0
4985 2475 1
4985 5036 0
4985 5021 0
4985 951 0
4985 7243 0
4985 3561 0
4986 7243 0
4986 21378 0
4986 4988 0
4986 4990 0
4986 4991 0
4986 5015 0
4986 5004 0
4986 5016 0
4986 2458 0
4986 5027 0
4986 5028 0
4986 5033 0
4986 2475 1
4986 5036 0
4986 5021 0
4986 4551 0
4986 3561 0
4988 4990 0
4988 4991 0
4988 5015 0
4988 5004 0
4988 5016 0
4988 2458 0
4988 5027 0
4988 5028 0
4988 5033 0
4988 2475 1
4988 5036 0
4988 5021 0
4988 951 0
4988 7243 0
4990 5981 0
4990 4991 0
4990 5015 0
4990 5004 0
4990 5016 0
4990 5021 0
4990 5027 0
4990 5028 0
4990 5033 0
4990 5036 0
4990 951 0
4990 3561 0
4991 7243 0
4991 5015 0
4991 5004 0
4991 3986 0
4991 5016 0
4991 2458 0
4991 5027 0
4991 5028 0
4991 5033 0
4991 2475 1
4991 5036 0
4991 5021 0
4991 3561 0
21378 12954 0
21378 21378 0
21378 8081 0
21378 4530 0
390 6570 1
390 2500 1
390 2501 1
5004 4957 0
5004 4958 0
5004 5015 0
5004 5021 0
5004 5027 0
5004 5028 0
5004 5033 0
5004 5036 0
5004 5016 0
5004 3561 0
5004 951 0
5004 5981 0
5004 3986 0
3981 3981 0
8081 8081 0
8081 5016 0
8081 6570 0
3986 2475 1
3986 2501 0
3986 3561 0
3986 3986 0
3986 4534 0
3986 4550 0
3986 4551 0
3986 12954 0
3986 5015 0
3986 5016 0
3986 5021 0
3986 5028 0
3986 5033 0
3986 5469 0
3986 5981 0
18325 3561 0
5469 4534 0
5469 7077 0
5469 5981 0
5469 5469 0
5015 2458 0
5015 2475 1
5015 12954 0
5015 5015 0
5015 5016 0
5015 5027 0
5015 5028 0
5015 5033 0
5015 5036 0
5015 7243 0
5015 5021 0
5015 3561 0
5015 951 0
5015 5981 0
5015 16354 0
5016 2458 0
5016 2475 1
5016 4550 0
5016 5027 0
5016 5028 0
5016 5033 0
5016 5036 0
5016 7243 0
5016 5021 0
5016 4551 0
5016 3561 0
5016 951 0
5016 16354 0
2458 17363 0
2458 5981 0
2458 2458 0
2458 5027 0
2458 5033 0
2458 2475 1
2458 5036 0
2458 5021 0
2458 7243 0
2458 951 0
2458 5028 0
2458 481 0
12954 5027 0
12954 5033 0
12954 2501 0
12954 17363 0
12954 481 0
12954 3561 0
3270 3270 2
4957 4958 0
4957 5027 0
4957 5028 0
4957 3561 0
4957 5981 0
4958 4958 0
4958 5027 0
4958 5028 0
4958 3561 0
4958 5981 0
7077 5981 0
7077 7243 0
7077 3043 0
7077 7077 0
7077 2500 0
7077 2501 0
7077 7666 1
5981 16850 0
5981 2500 0
5981 3043 0
5981 3561 0
5981 4530 0
5981 5028 0
5981 5981 0
5981 7666 1
5033 2475 1
5033 5027 0
5033 5028 0
5033 5036 0
5033 7243 0
5033 5021 0
5033 3561 0
5033 951 0
6570 6570 0
6570 8687 1
2475 7243 1
2475 5021 1
2475 5027 1
2475 5028 1
2475 2475 2
2475 5036 1
2475 3561 1
5036 5027 0
5036 5028 0
5036 5036 0
5036 5021 0
5036 951 0
5036 7243 0
5036 3561 0
5021 5027 0
5021 5028 0
5021 7243 0
5021 3561 0
5021 951 0
4530 4530 0
4534 4534 0
4534 3561 0
8119 8119 2
5027 5028 0
5027 7243 0
5027 3561 0
5027 951 0
6048 6048 0
6048 7666 1
7243 7243 0
7243 5028 0
7243 3043 0
7243 7666 1
2500 2501 0
2500 17363 0
2500 3043 0
2500 2500 0
2501 2501 0
2501 17363 0
2501 3561 0
2501 16354 0
4550 4550 0
4550 4551 0
4550 481 0
4550 3043 0
4551 4551 0
4551 3043 0
16850 16850 0
17363 16354 0
5028 3561 0
5028 951 0
481 481 0
481 3561 0
16354 3043 0
16354 16354 0
3043 3043 0
