687 4205 1
687 7583 1
1653 1653 0
1653 2338 0
1653 3712 1
1653 4443 0
1653 4534 0
1653 6147 0
1653 6560 0
1653 7583 1
1653 16354 0
1822 1822 0
1822 4440 1
1822 7799 1
2338 2338 0
2338 4440 1
2338 2718 0
2338 5072 0
2338 3243 1
2338 13803 0
2338 7698 0
2338 5980 0
2338 5994 0
2588 6147 0
2588 7699 0
2588 2588 0
2588 4443 0
2588 8797 0
2588 2678 0
2588 16022 0
2588 6904 0
2588 7931 0
2588 8484 0
2588 4440 1
2588 8027 1
2588 5994 0
2588 6560 0
2588 16354 0
2678 2678 0
2678 6904 0
2678 8484 0
2678 4440 1
2678 6560 0
2678 7089 1
2718 6147 0
2718 4440 1
2718 4534 0
2718 4554 0
2718 6732 0
2718 2718 0
2718 7089 1
2718 8027 1
2718 3712 1
2718 16354 0
2718 2727 0
2727 4205 1
2727 7583 1
3243 3243 2
3712 6147 1
3712 6732 1
3712 3712 2
3712 5980 1
3712 13803 1
4205 4205 2
4426 7698 0
4426 8027 1
4426 7089 1
4426 4440 1
4426 4443 0
4440 7698 1
4440 7699 1
4440 16022 1
4440 7931 1
4440 10911 1
4440 6560 1
4440 8484 1
4440 8797 1
4440 4534 1
4440 4554 1
4440 5072 1
4440 5074 1
4440 4440 2
4440 4443 1
4440 16354 1
4440 5073 1
4440 5994 1
4440 13803 1
4440 6904 1
4443 8027 1
4443 8797 0
4443 16022 0
4443 7931 0
4443 4443 0
4443 5072 0
4443 5073 0
4534 4554 0
4534 4534 0
4534 8027 1
4554 6147 0
4554 7089 1
4554 4554 0
4554 5072 0
4644 4644 0
4644 8027 1
4644 6560 0
4644 7089 1
4644 5072 0
5072 7931 0
5072 7698 0
5072 7699 0
5072 8027 1
5072 8797 0
5072 16022 0
5072 10911 0
5072 6904 0
5072 8484 0
5072 5994 0
5072 7089 1
5072 6560 0
5072 5072 0
5073 7089 1
5073 6560 0
5073 5073 0
5073 6904 0
5073 7931 0
5074 7699 0
5074 7089 1
5980 8027 1
5994 6147 0
5994 8797 0
5994 7089 1
5994 7698 0
5994 7699 0
5994 5994 0
5994 16354 0
6147 6147 0
6147 6560 0
6147 7583 1
6560 7698 0
6560 7699 0
6560 8484 0
6560 8027 1
6560 6560 0
6560 7089 1
6560 6904 0
6732 7089 1
6904 7698 0
6904 8797 0
6904 16022 0
6904 6904 0
6904 8484 0
6904 8027 1
6904 7089 1
7089 7698 1
7089 7699 1
7089 16022 1
7089 8797 1
7089 7089 2
7089 8484 1
7583 7583 2
7583 16354 1
7698 7698 0
7698 7699 0
7698 16354 0
7699 16022 0
7931 8027 1
8027 10911 1
8027 8484 1
8027 8797 1
8484 16022 0
8484 8484 0
8797 16022 0
8797 16354 0
16022 16022 0
16354 16354 0
