141 5658 1
141 3633 1
141 3634 0
141 2635 0
141 1653 0
141 4223 0
141 141 0
141 7317 0
141 5793 0
141 4312 1
141 3354 0
141 301 0
141 7077 0
301 4119 1
301 5641 0
301 7077 0
301 1160 0
301 1687 0
301 722 1
301 4822 0
301 5855 0
301 3352 0
301 3354 0
301 301 0
301 5523 0
301 6005 0
301 2500 0
301 4551 0
301 5607 0
722 8065 1
722 1160 1
722 4371 1
722 1687 1
722 3352 1
722 3354 1
722 3356 1
722 5793 1
722 3634 1
722 7077 1
722 2500 1
722 4551 1
722 4822 1
722 5855 1
722 13024 1
722 5523 1
722 5525 1
1160 4371 0
1160 2500 0
1160 4551 0
1160 7077 0
1160 1160 0
1160 3352 0
1160 3354 0
1160 5523 0
1160 5525 0
1160 5641 0
1160 3633 1
1160 1653 0
1160 1687 0
1160 5855 0
1653 1653 0
1653 3356 0
1653 5523 0
1653 5641 0
1653 5658 1
1653 5855 0
1653 14972 1
1687 4119 1
1687 4822 0
1687 4371 0
1687 2500 0
1687 13024 0
1687 3352 0
1687 3354 0
1687 3356 0
1687 5523 0
1687 5525 0
1687 7077 0
1687 5641 0
1687 1687 0
1687 5855 0
1885 5523 1
1885 5525 1
1885 2999 1
1885 1885 2
1885 7317 1
2500 4223 0
2500 4312 1
2500 4371 0
2500 13024 0
2500 7077 0
2500 3352 0
2500 3354 0
2500 3356 0
2500 5422 0
2500 2500 0
2500 5523 0
2500 5525 0
2500 4822 0
2500 5607 0
2500 5641 0
2500 5658 1
2500 5793 0
2500 5855 0
2500 8065 0
2635 4119 1
2635 3633 1
2635 4223 0
2635 3352 0
2635 7486 0
2999 4119 1
3352 4119 1
3352 7317 0
3352 5855 0
3352 3352 0
3352 3354 0
3352 3356 0
3352 13024 0
3352 5523 0
3354 4119 1
3354 4312 1
3354 4371 0
3354 13024 0
3354 7317 0
3354 3354 0
3354 3356 0
3354 5855 0
3354 8065 0
3356 4119 1
3356 7317 0
3633 5641 1
3633 5793 1
3633 3633 2
3633 3634 1
3633 7486 1
3633 5855 1
3633 5607 1
3633 6005 1
3634 5793 0
3634 3634 0
3634 4312 1
4119 5641 1
4119 4119 2
4119 7317 1
4119 4822 1
4119 5422 1
4119 10044 1
4119 7486 1
4119 6005 1
4119 5607 1
4223 5658 1
4223 4312 1
4312 16795 1
4312 4312 2
4312 13024 1
4371 5658 1
4371 4822 0
4371 4371 0
4371 6005 0
4371 5523 0
4371 4551 0
4371 5855 0
4371 7077 0
4551 5523 0
4551 4551 0
4551 5525 0
4551 5658 1
4551 5855 0
4822 5641 0
4822 5855 0
4822 4822 0
4822 7077 0
4822 5523 0
4822 5607 0
5422 5422 0
5422 7077 0
5422 5658 1
5422 6005 0
5523 7077 0
5523 5523 0
5523 5525 0
5525 13024 0
5525 5525 0
5607 5641 0
5607 5855 0
5607 5607 0
5641 5641 0
5641 5855 0
5658 8065 1
5658 5658 2
5658 16795 1
5658 7077 1
5658 10044 1
5793 5793 0
5793 13024 0
5855 7077 0
5855 5855 0
5855 6005 0
5855 8065 0
6005 6005 0
6005 7317 0
7077 8065 0
7077 7077 0
8065 8065 0
