20 6160 0
20 6163 0
20 20 0
20 117 0
20 8391 0
20 4300 0
20 241 0
20 4339 0
20 2333 1
20 287 0
20 2338 0
20 2340 0
20 4536 0
20 4546 0
20 561 0
20 4694 0
20 2708 0
20 2718 0
20 719 0
20 4822 0
20 6907 0
20 827 0
20 861 0
20 892 0
20 2962 0
20 3035 0
20 3036 0
20 3043 0
20 7209 0
20 3123 0
20 5247 0
20 1158 0
20 1170 0
20 1259 0
20 5432 1
20 5464 0
20 5469 0
20 1384 0
20 5487 0
20 1576 0
20 4705 0
20 1620 0
20 5723 0
20 1687 0
20 3768 0
20 1741 0
20 3801 0
20 5855 0
20 1765 0
20 5981 0
20 3986 0
117 19879 0
117 2577 1
117 561 0
117 574 0
117 5724 0
117 1653 0
117 1160 0
117 2708 0
117 1687 0
117 8881 0
117 700 0
117 117 0
117 4812 0
117 1741 0
117 3802 0
117 5855 0
117 1765 0
117 1259 0
117 3884 0
117 5432 1
117 827 0
117 2881 0
117 8467 0
117 4428 0
117 861 0
117 3986 0
117 1428 1
117 5469 0
117 1943 0
117 7077 0
117 4520 0
117 2500 0
117 2501 0
117 4550 0
117 5072 0
117 16354 0
117 3043 0
117 4551 0
117 3561 0
148 2338 1
148 2567 1
148 1620 1
148 3801 1
148 287 1
161 1259 0
161 1687 0
161 2714 0
161 2718 0
161 161 0
161 3878 1
161 301 0
161 561 0
161 4534 0
161 5432 1
161 5365 0
161 2721 0
161 1741 0
161 334 0
161 4822 0
161 5469 0
161 7699 0
168 6163 0
168 2171 0
168 168 0
168 4812 0
168 4300 0
168 4339 0
168 287 0
168 2340 0
168 301 0
168 2382 0
168 338 0
168 4485 0
168 4534 0
168 4535 1
168 4544 0
168 4546 0
168 4555 0
168 4557 0
168 4644 0
168 561 0
168 4694 0
168 2499 0
168 2708 0
168 2714 0
168 669 0
168 2718 0
168 2721 0
168 2722 0
168 4795 0
168 700 0
168 2881 0
168 861 0
168 7077 0
168 2989 0
168 972 0
168 1158 0
168 1160 0
168 1221 0
168 1223 0
168 1259 0
168 3353 0
168 5469 0
168 1384 0
168 5487 0
168 19879 0
168 1546 0
168 7699 0
168 1620 0
168 5723 0
168 1687 0
168 1741 0
168 1742 0
168 3878 1
168 3930 1
168 5981 0
168 6081 0
168 16354 0
168 4083 0
241 2577 1
241 2599 0
241 5469 0
241 1620 0
241 1159 0
241 2714 0
241 2718 0
241 2722 0
241 8391 0
241 3802 0
241 242 0
241 8467 0
241 861 0
241 1384 0
241 3460 0
241 1943 0
241 19879 0
241 4534 0
241 4535 1
241 4536 0
241 4537 0
241 4538 0
241 4539 0
241 4540 0
241 4544 0
241 6081 0
241 4546 0
241 3561 0
242 2577 1
242 2599 0
242 5723 0
242 5247 0
242 1687 0
242 2718 0
242 3745 0
242 2722 0
242 3767 0
242 8391 0
242 1741 0
242 3802 0
242 5855 0
242 1765 0
242 287 0
242 2338 0
242 5432 1
242 338 0
242 861 0
242 1384 0
242 3729 0
242 3986 0
242 5469 0
242 1943 0
242 19879 0
242 4534 0
242 4535 1
242 4536 0
242 4537 0
242 4538 0
242 4539 0
242 4540 0
242 4544 0
242 6081 0
242 4546 0
277 2703 0
277 277 0
277 2718 0
277 3745 0
277 685 0
277 5432 1
277 8522 1
284 4609 0
284 3930 1
284 284 0
284 5432 1
284 287 0
284 1221 0
284 4553 0
284 1741 0
284 5477 0
284 1653 0
284 4602 0
287 8477 0
287 287 0
287 8881 0
287 700 0
287 719 0
287 827 0
287 1159 0
287 1221 0
287 1259 0
287 1620 0
287 2171 0
287 2338 0
287 2340 0
287 2382 0
287 2577 1
287 2708 0
287 2718 0
287 2782 0
287 2831 0
287 2956 1
287 2989 0
287 3043 0
287 3460 0
287 19879 0
287 3729 0
287 3745 0
287 3893 0
287 3930 1
287 4305 0
287 4428 0
287 4442 0
287 4485 0
287 4536 0
287 4538 0
287 4540 0
287 4553 0
287 4555 0
287 4609 0
287 4705 0
287 5247 0
287 5407 0
287 5464 0
287 5487 0
287 5747 0
287 6081 0
287 6094 0
287 6159 0
287 6160 0
287 6163 0
287 6739 0
287 7209 0
287 7317 0
287 16241 0
301 2567 0
301 7698 0
301 7699 0
301 6180 0
301 5469 0
301 561 0
301 7077 0
301 1620 0
301 15996 0
301 16354 0
301 1159 0
301 1160 0
301 2703 0
301 1687 0
301 669 0
301 2722 0
301 4795 0
301 700 0
301 8391 0
301 1741 0
301 719 0
301 4822 0
301 2782 0
301 5855 0
301 1259 0
301 5365 0
301 3884 0
301 301 0
301 4918 0
301 827 0
301 4428 0
301 2382 0
301 5432 1
301 5523 0
301 6005 0
301 892 0
301 5981 0
301 2718 0
301 4534 0
301 4535 1
301 2500 0
301 4550 0
301 2721 0
301 4555 0
301 3043 0
301 4551 0
301 4083 0
334 1158 0
334 5269 1
334 1687 0
334 2718 0
334 561 0
334 5432 1
334 1221 0
334 2721 0
334 1741 0
334 334 0
334 4822 0
334 5469 0
334 7699 0
334 1653 0
338 6160 0
338 6163 0
338 5469 0
338 2145 1
338 3802 0
338 338 0
338 4485 0
338 4535 1
338 2501 0
338 4550 0
338 4551 0
338 4557 0
338 2599 0
338 2703 0
338 669 0
338 2722 0
338 4795 0
338 2831 0
338 2881 0
338 2967 1
338 972 0
338 7317 0
338 1221 0
338 1223 0
338 7419 0
338 5464 0
338 1384 0
338 5487 0
338 19879 0
338 1546 0
338 1620 0
338 3745 0
338 5981 0
338 6081 0
338 16354 0
516 4534 0
516 4535 1
516 4536 0
516 4537 0
516 4538 0
516 4539 0
516 4540 0
516 4544 0
516 4546 0
516 3928 0
516 3930 1
516 5469 0
516 4704 0
534 4550 0
534 4551 0
534 4535 1
534 3986 0
534 534 0
534 2967 1
561 6159 0
561 8391 0
561 4300 0
561 4428 0
561 4521 0
561 2500 0
561 2501 0
561 4550 0
561 4551 0
561 2599 0
561 561 0
561 2718 0
561 700 0
561 4822 0
561 827 0
561 892 0
561 3035 0
561 3036 0
561 3043 0
561 861 0
561 1158 0
561 1160 0
561 1221 0
561 1259 0
561 5365 0
561 3353 0
561 5432 1
561 5523 0
561 19879 0
561 17943 0
561 5723 0
561 5724 0
561 15996 0
561 3729 0
561 1687 0
561 1741 0
561 3801 0
561 5855 0
561 3878 1
561 3884 0
561 3893 0
561 5981 0
561 6005 0
574 1259 0
574 1160 0
574 7698 0
574 1687 0
574 3353 0
574 6180 0
574 3884 0
574 4534 0
574 4535 1
574 4536 0
574 4537 0
574 4538 0
574 4539 0
574 4540 0
574 4544 0
574 4546 0
574 2500 0
574 2501 0
574 4812 0
574 1741 0
574 1742 0
574 5072 0
574 5432 1
574 2382 0
574 4442 0
574 5981 0
574 5855 0
574 3043 0
574 7699 0
574 1653 0
574 6005 0
574 892 0
669 8467 0
669 2355 0
669 2499 0
669 19879 0
669 6739 0
669 2708 0
669 669 0
669 2718 0
669 4795 0
669 2881 0
669 2967 1
669 7109 0
669 972 0
669 3036 0
669 1221 0
669 1223 0
669 5432 1
669 1384 0
669 3561 0
669 17943 0
669 1620 0
669 1653 0
669 3729 0
669 3745 0
669 3768 0
669 1741 0
669 1742 0
669 1765 0
669 3884 0
669 3930 1
669 5981 0
669 6056 0
685 6739 0
685 1620 0
685 4537 0
685 1653 0
685 1159 0
685 2718 0
685 1221 0
685 1223 0
685 1765 0
685 4544 0
685 2355 0
685 827 0
685 8522 1
685 5464 0
685 3986 0
685 4534 0
685 4535 1
685 4536 0
685 4538 0
685 4539 0
685 4540 0
685 4546 0
685 4551 0
700 4609 0
700 2567 0
700 3174 0
700 6163 0
700 1653 0
700 2714 0
700 700 0
700 4822 0
700 1259 0
700 3878 1
700 5432 1
700 5464 0
700 861 0
700 5477 0
700 16241 0
700 4544 0
700 6081 0
700 4546 0
700 2499 0
700 4555 0
700 4557 0
700 9035 0
700 7165 0
719 4694 0
719 1576 0
719 5469 0
719 4677 1
719 1620 0
719 4704 0
719 4715 0
719 5753 0
719 2193 0
719 2718 0
719 7109 0
719 1221 0
719 1223 0
719 1741 0
719 719 0
719 1259 0
719 4339 0
719 8467 0
719 3353 0
719 2340 0
719 3928 0
719 3930 1
719 4485 0
719 4442 0
719 3986 0
719 2967 1
719 6056 0
719 2989 0
719 4550 0
719 4551 0
719 3561 0
827 6180 0
827 3768 0
827 1741 0
827 4305 0
827 4535 1
827 4553 0
827 4609 0
827 2567 0
827 2577 1
827 4694 0
827 2708 0
827 2714 0
827 2718 0
827 4822 0
827 2171 0
827 6915 1
827 827 0
827 7109 0
827 3037 0
827 3043 0
827 7165 0
827 861 0
827 3174 0
827 1221 0
827 1223 0
827 5432 1
827 5469 0
827 19879 0
827 1620 0
827 5723 0
827 1653 0
827 3729 0
827 3802 0
827 5855 0
827 3893 0
827 5981 0
827 1687 0
827 3986 0
827 1943 0
827 6081 0
827 16354 0
861 6163 0
861 4305 0
861 4822 0
861 4428 0
861 4539 0
861 4550 0
861 4551 0
861 4609 0
861 2567 0
861 2577 1
861 4644 0
861 2599 0
861 4694 0
861 2708 0
861 2718 0
861 2722 0
861 8881 0
861 861 0
861 3043 0
861 1159 0
861 1160 0
861 8391 0
861 1221 0
861 1259 0
861 3353 0
861 5432 1
861 5464 0
861 5469 0
861 1384 0
861 19879 0
861 5724 0
861 1653 0
861 1687 0
861 3745 0
861 8477 0
861 3768 0
861 1741 0
861 3802 0
861 5855 0
861 3893 0
861 3986 0
861 6081 0
861 4083 0
892 2567 0
892 2577 1
892 7698 0
892 7699 0
892 1620 0
892 1653 0
892 1158 0
892 1159 0
892 1160 0
892 3729 0
892 1687 0
892 1741 0
892 4822 0
892 5855 0
892 16119 0
892 5365 0
892 3884 0
892 5432 1
892 2382 0
892 4442 0
892 5477 0
892 892 0
892 5523 0
892 2500 0
892 4550 0
892 4551 0
892 4553 0
892 4555 0
892 4557 0
892 3043 0
972 7698 0
972 6915 1
972 8881 0
972 4704 0
972 7699 0
972 1653 0
972 5753 0
972 1160 0
972 7165 0
972 2703 0
972 3729 0
972 1687 0
972 2714 0
972 5487 0
972 2718 0
972 1221 0
972 1741 0
972 5855 0
972 1259 0
972 3353 0
972 3884 0
972 2881 0
972 5469 0
972 16241 0
972 3986 0
972 2989 0
972 4534 0
972 4535 1
972 4536 0
972 4540 0
972 4544 0
972 2499 0
972 3745 0
972 972 0
972 2722 0
1066 5432 2
1066 4182 1
1066 3767 1
1066 4602 1
1066 1066 2
1066 4181 1
1136 2956 1
1136 4520 0
1136 2145 1
1158 4609 0
1158 2577 1
1158 4537 0
1158 6159 0
1158 7698 0
1158 1656 0
1158 1158 0
1158 1159 0
1158 1160 0
1158 1687 0
1158 2501 0
1158 3768 0
1158 1221 0
1158 5855 0
1158 5365 0
1158 3893 0
1158 4918 0
1158 4428 0
1158 5477 0
1158 2956 1
1158 1943 0
1158 2973 0
1158 1259 0
1158 6081 0
1158 2499 0
1158 2500 0
1158 2382 0
1158 16354 0
1158 3043 0
1159 4694 0
1159 2577 1
1159 6163 0
1159 6159 0
1159 6160 0
1159 3174 0
1159 1159 0
1159 1160 0
1159 1687 0
1159 2714 0
1159 2718 0
1159 8881 0
1159 1221 0
1159 1223 0
1159 4822 0
1159 1259 0
1159 6081 0
1159 3893 0
1159 4544 0
1159 6005 0
1159 2956 1
1159 1943 0
1159 4534 0
1159 4535 1
1159 4536 0
1159 4537 0
1159 4538 0
1159 4539 0
1159 4540 0
1159 4546 0
1159 4550 0
1159 4551 0
1159 4555 0
1159 4557 0
1159 3043 0
1159 6739 0
1160 6159 0
1160 6180 0
1160 5469 0
1160 4442 0
1160 4534 0
1160 4535 1
1160 4536 0
1160 4537 0
1160 4538 0
1160 4539 0
1160 4540 0
1160 4544 0
1160 4546 0
1160 2499 0
1160 2500 0
1160 2501 0
1160 4550 0
1160 4551 0
1160 4557 0
1160 2567 0
1160 2577 1
1160 4644 0
1160 4812 0
1160 2881 0
1160 7077 0
1160 5072 0
1160 3043 0
1160 7698 0
1160 1160 0
1160 1221 0
1160 1223 0
1160 1259 0
1160 5365 0
1160 3353 0
1160 5477 0
1160 1384 0
1160 5523 0
1160 7699 0
1160 1653 0
1160 3729 0
1160 1687 0
1160 3745 0
1160 3768 0
1160 1741 0
1160 1742 0
1160 5855 0
1160 1765 0
1160 3878 1
1160 5432 1
1170 6163 0
1170 2174 0
1170 4300 0
1170 2338 0
1170 4555 0
1170 4694 0
1170 4704 0
1170 6779 0
1170 2714 0
1170 2722 0
1170 6907 0
1170 6915 1
1170 2831 0
1170 2962 0
1170 2967 1
1170 2989 0
1170 3123 0
1170 5247 0
1170 7444 0
1170 5432 1
1170 5469 0
1170 1384 0
1170 1620 0
1170 3801 0
1170 5855 0
1170 5981 0
1170 3986 0
1221 6160 0
1221 8881 0
1221 4300 0
1221 4305 0
1221 4485 0
1221 2500 0
1221 2501 0
1221 4550 0
1221 4557 0
1221 2567 0
1221 2577 1
1221 12719 0
1221 4694 0
1221 4711 0
1221 2708 0
1221 2718 0
1221 2722 0
1221 7077 0
1221 2989 0
1221 9035 0
1221 7109 0
1221 3043 0
1221 1221 0
1221 1223 0
1221 1259 0
1221 5432 1
1221 5469 0
1221 5477 0
1221 19879 0
1221 1546 0
1221 7698 0
1221 7699 0
1221 1620 0
1221 8467 0
1221 1653 0
1221 16354 0
1221 3729 0
1221 1741 0
1221 3802 0
1221 5855 0
1221 15996 0
1221 3893 0
1221 2721 0
1221 5981 0
1221 3986 0
1221 1943 0
1221 3745 0
1221 6094 0
1223 4694 0
1223 2567 0
1223 1546 0
1223 2577 1
1223 5723 0
1223 5724 0
1223 5477 0
1223 4711 0
1223 15996 0
1223 16354 0
1223 3729 0
1223 2718 0
1223 2722 0
1223 1741 0
1223 4305 0
1223 5753 0
1223 3802 0
1223 5855 0
1223 17943 0
1223 1259 0
1223 5432 1
1223 5981 0
1223 3986 0
1223 2989 0
1223 2500 0
1223 2501 0
1223 2721 0
1223 4555 0
1223 4557 0
1223 6094 0
1223 3043 0
1223 7109 0
1259 4300 0
1259 4305 0
1259 8467 0
1259 2355 0
1259 2382 0
1259 4442 0
1259 4534 0
1259 4538 0
1259 2499 0
1259 2500 0
1259 4555 0
1259 4557 0
1259 4609 0
1259 4677 1
1259 4694 0
1259 4705 0
1259 4711 0
1259 4715 0
1259 4718 0
1259 2722 0
1259 8881 0
1259 2881 0
1259 5072 0
1259 7165 0
1259 5365 0
1259 3353 0
1259 5432 1
1259 5469 0
1259 1384 0
1259 3561 0
1259 6739 0
1259 1546 0
1259 1576 0
1259 4704 0
1259 1620 0
1259 1653 0
1259 5753 0
1259 1687 0
1259 1741 0
1259 3884 0
1259 16241 0
1259 3986 0
1259 16354 0
1273 8467 0
1273 3893 0
1273 5432 1
1273 5072 0
1273 2145 1
1273 3561 0
1273 1273 0
1328 8522 1
1328 5432 1
1384 6159 0
1384 6163 0
1384 8881 0
1384 8391 0
1384 4305 0
1384 8467 0
1384 2338 0
1384 2382 0
1384 4534 0
1384 4535 1
1384 4537 0
1384 4538 0
1384 4539 0
1384 4540 0
1384 4544 0
1384 4546 0
1384 2500 0
1384 2501 0
1384 2599 0
1384 6739 0
1384 2718 0
1384 2722 0
1384 2881 0
1384 2962 0
1384 7077 0
1384 4536 0
1384 5247 0
1384 5365 0
1384 5432 1
1384 1384 0
1384 19879 0
1384 3561 0
1384 1687 0
1384 8477 0
1384 3768 0
1384 1741 0
1384 1742 0
1384 3802 0
1384 5855 0
1384 1765 0
1384 3986 0
1384 1943 0
1384 6081 0
1384 6094 0
1428 2703 1
1428 8467 1
1428 1428 2
1428 1943 1
1428 3878 2
1428 1741 1
1428 1742 1
1428 5855 1
1428 3561 1
1428 2708 1
1546 1546 0
1546 1653 0
1546 5855 0
1546 6915 1
1546 5469 0
1546 3986 0
1546 4520 0
1546 2989 0
1546 4534 0
1546 4535 1
1546 4538 0
1546 7109 0
1546 16354 0
1576 6915 1
1576 1576 0
1576 3123 0
1576 1620 0
1576 4704 0
1576 4711 0
1576 5247 0
1576 3745 0
1576 1711 0
1576 4300 0
1576 2338 0
1576 1741 0
1576 3928 0
1576 5469 0
1576 3986 0
1576 2967 1
1576 4534 0
1576 4536 0
1576 3035 0
1576 3036 0
1576 3037 0
1620 6160 0
1620 4300 0
1620 13920 0
1620 2338 0
1620 2340 0
1620 4442 0
1620 5523 0
1620 4520 0
1620 4534 0
1620 4535 1
1620 4536 0
1620 4537 0
1620 4538 0
1620 4539 0
1620 4540 0
1620 4544 0
1620 4546 0
1620 2499 0
1620 4550 0
1620 4555 0
1620 4557 0
1620 4694 0
1620 4704 0
1620 4705 0
1620 4711 0
1620 4715 0
1620 4718 0
1620 6779 0
1620 2703 0
1620 2708 0
1620 2714 0
1620 2718 0
1620 2722 0
1620 4795 0
1620 6907 0
1620 2831 0
1620 6915 1
1620 2962 0
1620 2989 0
1620 3035 0
1620 3036 0
1620 7209 0
1620 3174 0
1620 5247 0
1620 7317 0
1620 7419 0
1620 7444 0
1620 5407 0
1620 5408 0
1620 5432 1
1620 5469 0
1620 4339 0
1620 4551 0
1620 17943 0
1620 1620 0
1620 1741 0
1620 3801 0
1620 5855 0
1620 5072 0
1620 1765 0
1620 5981 0
1620 3986 0
1620 1943 0
1653 8391 0
1653 8477 0
1653 8881 0
1653 17943 0
1653 1653 0
1653 1765 0
1653 1785 0
1653 1943 0
1653 2338 0
1653 2340 0
1653 2382 0
1653 2501 0
1653 2722 0
1653 3353 0
1653 19879 0
1653 3561 0
1653 3729 0
1653 3802 0
1653 3930 1
1653 3986 0
1653 4520 0
1653 4534 0
1653 4536 0
1653 4537 0
1653 4540 0
1653 4553 0
1653 4677 1
1653 4704 0
1653 2174 0
1653 5523 0
1653 5724 0
1653 5753 0
1653 5855 0
1653 6159 0
1653 6160 0
1653 6163 0
1653 6739 0
1653 6915 1
1653 7165 0
1653 7209 0
1653 16241 0
1653 16354 0
1656 4822 0
1656 2888 0
1656 3884 0
1656 2577 1
1656 3893 0
1656 5432 1
1656 5477 0
1687 6159 0
1687 6180 0
1687 4300 0
1687 4305 0
1687 4822 0
1687 2338 0
1687 4442 0
1687 4520 0
1687 4521 0
1687 4534 0
1687 4535 1
1687 4536 0
1687 2500 0
1687 4550 0
1687 4555 0
1687 4677 1
1687 2721 0
1687 4812 0
1687 5072 0
1687 3043 0
1687 7165 0
1687 5981 0
1687 3174 0
1687 5365 0
1687 3353 0
1687 5432 1
1687 5469 0
1687 5523 0
1687 19879 0
1687 7077 0
1687 7698 0
1687 7699 0
1687 5723 0
1687 5724 0
1687 5753 0
1687 15996 0
1687 3729 0
1687 1687 0
1687 3768 0
1687 1741 0
1687 1742 0
1687 5855 0
1687 1765 0
1687 3884 0
1687 3893 0
1687 16354 0
1711 6915 1
1711 2338 0
1711 7209 0
1711 8391 0
1711 1711 0
1711 3123 0
1711 5432 1
1711 4550 0
1711 4551 0
1711 4300 0
1711 4694 0
1711 3036 0
1711 5469 0
1711 4704 0
1711 4711 0
1711 4718 0
1711 4339 0
1711 7165 0
1711 5247 0
1741 6180 0
1741 8881 0
1741 4300 0
1741 2338 0
1741 4428 0
1741 4546 0
1741 2500 0
1741 2501 0
1741 4550 0
1741 4551 0
1741 4553 0
1741 4555 0
1741 4557 0
1741 2599 0
1741 6739 0
1741 4694 0
1741 6779 0
1741 2708 0
1741 2714 0
1741 2718 0
1741 2722 0
1741 4812 0
1741 4822 0
1741 6915 1
1741 4918 0
1741 9035 0
1741 2989 0
1741 5072 0
1741 3043 0
1741 2831 0
1741 15413 0
1741 3174 0
1741 5247 0
1741 17943 0
1741 8391 0
1741 4644 0
1741 5365 0
1741 3353 0
1741 5432 1
1741 5464 0
1741 5469 0
1741 5487 0
1741 5523 0
1741 19879 0
1741 7698 0
1741 7699 0
1741 7077 0
1741 15996 0
1741 3729 0
1741 3745 0
1741 8477 0
1741 3768 0
1741 1741 0
1741 1742 0
1741 3802 0
1741 5855 0
1741 1765 0
1741 3884 0
1741 3893 0
1741 3930 1
1741 2721 0
1741 2382 0
1741 16354 0
1741 4083 0
1742 7698 0
1742 7699 0
1742 4644 0
1742 5469 0
1742 3768 0
1742 1742 0
1742 6180 0
1742 5432 1
1742 3353 0
1742 5981 0
1742 2967 1
1742 2718 0
1742 4550 0
1765 6163 0
1765 8522 1
1765 2382 0
1765 4534 0
1765 4535 1
1765 4536 0
1765 4537 0
1765 4538 0
1765 4539 0
1765 4540 0
1765 4544 0
1765 4546 0
1765 2501 0
1765 4550 0
1765 4551 0
1765 2567 0
1765 2577 1
1765 2599 0
1765 6739 0
1765 8881 0
1765 9035 0
1765 7077 0
1765 3043 0
1765 5412 0
1765 5464 0
1765 5469 0
1765 19879 0
1765 7698 0
1765 16354 0
1765 5855 0
1765 1765 0
1765 6005 0
1765 3986 0
1765 1943 0
1785 4534 0
1785 4535 1
1785 4536 0
1785 4537 0
1785 4538 0
1785 4539 0
1785 4540 0
1785 4544 0
1785 4546 0
1785 5432 1
1785 1785 0
1830 7317 1
1830 1830 2
1830 3767 1
1830 5747 1
1830 5753 1
1943 6163 0
1943 4181 0
1943 6160 0
1943 8391 0
1943 2338 0
1943 4535 1
1943 4539 0
1943 2500 0
1943 19879 0
1943 2577 1
1943 2599 0
1943 2703 0
1943 2714 0
1943 2718 0
1943 2722 0
1943 4812 0
1943 3043 0
1943 3174 0
1943 2567 0
1943 5432 1
1943 5469 0
1943 3471 0
1943 5747 0
1943 3729 0
1943 3745 0
1943 8477 0
1943 3767 0
1943 3802 0
1943 5981 0
1943 1943 0
1943 6081 0
1943 4083 0
2145 3471 1
2145 2782 1
2149 2956 2
2149 2174 1
2171 4609 0
2171 2171 0
2171 7317 0
2171 8467 0
2171 3353 0
2171 5432 1
2171 5469 0
2171 4534 0
2171 4535 1
2171 4536 0
2171 4537 0
2171 4538 0
2171 4539 0
2171 4540 0
2171 4544 0
2171 6081 0
2171 4546 0
2171 4553 0
2171 4557 0
2174 4520 0
2174 4521 0
2174 4534 0
2174 4535 1
2174 4536 0
2174 4538 0
2174 4539 0
2174 4540 0
2174 4544 0
2174 4546 0
2174 4555 0
2174 4537 0
2174 3986 0
2193 2193 0
2193 2338 0
2193 5469 0
2193 4534 0
2193 4535 1
2193 5432 1
2193 4537 0
2193 4550 0
2193 4551 0
2193 4538 0
2193 3043 0
2193 7317 0
2333 5412 1
2333 4553 1
2338 6160 0
2338 6163 0
2338 4300 0
2338 4339 0
2338 3801 0
2338 2338 0
2338 2499 0
2338 4550 0
2338 4602 0
2338 2599 0
2338 6739 0
2338 4694 0
2338 4704 0
2338 4711 0
2338 4718 0
2338 8477 0
2338 6779 0
2338 2714 0
2338 2718 0
2338 2722 0
2338 8881 0
2338 4557 0
2338 4822 0
2338 6907 0
2338 6915 1
2338 2962 0
2338 2967 1
2338 2989 0
2338 5072 0
2338 3035 0
2338 3036 0
2338 5981 0
2338 3123 0
2338 3174 0
2338 5247 0
2338 7317 0
2338 3243 1
2338 5432 1
2338 5464 0
2338 5469 0
2338 19879 0
2338 7698 0
2338 4705 0
2338 7419 0
2338 3745 0
2338 2340 0
2338 3802 0
2338 3878 1
2338 3986 0
2338 6081 0
2340 2831 0
2340 2967 1
2340 2340 0
2340 4551 0
2340 2989 0
2340 3123 0
2340 6915 1
2340 4795 0
2340 4550 0
2340 4300 0
2340 3036 0
2340 5469 0
2355 4546 0
2355 2703 0
2355 5464 0
2355 2355 0
2355 4534 0
2355 4537 0
2355 4538 0
2355 4539 0
2355 4540 0
2355 5432 1
2355 4544 0
2355 3745 0
2355 4535 1
2355 4536 0
2382 6180 0
2382 2382 0
2382 4534 0
2382 4535 1
2382 4537 0
2382 4538 0
2382 4539 0
2382 4546 0
2382 4550 0
2382 4551 0
2382 4609 0
2382 2599 0
2382 4694 0
2382 4704 0
2382 2708 0
2382 2718 0
2382 8881 0
2382 5072 0
2382 3043 0
2382 7165 0
2382 3729 0
2382 5855 0
2382 3878 1
2382 3884 0
2382 16241 0
2382 6081 0
2499 2577 1
2499 7698 0
2499 2722 0
2499 4300 0
2499 4644 0
2499 5855 0
2499 3884 0
2499 5432 1
2499 6005 0
2499 2881 0
2499 2499 0
2499 7109 0
2499 4551 0
2500 6159 0
2500 4305 0
2500 4428 0
2500 4442 0
2500 2501 0
2500 4555 0
2500 4557 0
2500 2599 0
2500 2703 0
2500 2708 0
2500 2718 0
2500 2722 0
2500 4812 0
2500 7077 0
2500 3043 0
2500 7698 0
2500 5365 0
2500 3353 0
2500 2500 0
2500 5523 0
2500 19879 0
2500 4822 0
2500 7699 0
2500 15996 0
2500 3729 0
2500 3768 0
2500 5855 0
2500 3878 1
2500 3884 0
2500 3893 0
2500 5432 1
2500 5981 0
2500 6081 0
2501 6159 0
2501 4822 0
2501 2708 0
2501 2718 0
2501 2501 0
2501 2722 0
2501 4812 0
2501 7077 0
2501 2989 0
2501 2577 1
2501 5365 0
2501 3353 0
2501 5432 1
2501 5523 0
2501 19879 0
2501 3561 0
2501 7698 0
2501 7699 0
2501 8467 0
2501 15996 0
2501 3729 0
2501 5855 0
2501 3878 1
2501 3884 0
2501 3986 0
2501 16354 0
2501 4083 0
2567 4609 0
2567 2577 1
2567 5724 0
2567 4822 0
2567 5855 0
2567 5365 0
2567 3884 0
2567 5981 0
2567 3986 0
2567 4534 0
2567 4550 0
2577 7699 1
2577 2599 1
2577 5724 1
2577 2703 1
2577 2718 1
2577 4812 1
2577 3802 1
2577 5855 1
2577 16119 1
2577 8477 1
2577 3884 1
2577 3893 1
2577 4918 1
2577 5432 2
2577 2888 1
2577 9035 1
2577 4428 1
2577 4442 1
2577 5477 1
2577 5487 1
2577 3460 1
2577 2967 2
2577 2973 1
2577 19879 1
2577 4534 1
2577 5072 1
2577 3043 1
2577 4083 1
2599 19879 0
2599 6163 0
2599 2599 0
2599 6739 0
2599 7165 0
2599 2708 0
2599 2714 0
2599 2718 0
2599 2722 0
2599 4677 1
2599 6081 0
2599 8391 0
2599 3802 0
2599 8467 0
2599 8477 0
2599 16241 0
2599 3729 0
2599 3986 0
2599 4553 0
2599 8881 0
2599 3561 0
2703 6159 0
2703 6160 0
2703 6163 0
2703 4534 0
2703 4644 0
2703 6739 0
2703 2703 0
2703 2718 0
2703 2721 0
2703 2722 0
2703 8881 0
2703 2881 0
2703 3174 0
2703 5247 0
2703 15996 0
2703 3729 0
2703 3745 0
2703 5855 0
2703 3884 0
2703 3928 0
2703 3986 0
2708 6159 0
2708 8467 0
2708 4520 0
2708 4535 1
2708 4536 0
2708 4538 0
2708 4677 1
2708 6739 0
2708 2714 0
2708 2718 0
2708 2722 0
2708 8881 0
2708 4795 0
2708 7077 0
2708 7109 0
2708 3174 0
2708 3353 0
2708 5412 0
2708 5432 1
2708 19879 0
2708 3561 0
2708 7698 0
2708 5723 0
2708 5724 0
2708 5753 0
2708 3767 0
2708 3802 0
2708 5855 0
2708 3884 0
2708 3928 0
2708 5981 0
2708 3986 0
2708 4083 0
2708 16354 0
2714 2714 0
2714 4534 0
2714 4535 1
2714 4536 0
2714 4537 0
2714 4538 0
2714 4539 0
2714 4540 0
2714 4544 0
2714 4546 0
2714 19879 0
2714 6739 0
2714 2718 0
2714 2722 0
2714 6160 0
2714 8881 0
2714 2881 0
2714 2956 1
2714 7109 0
2714 7165 0
2714 3174 0
2714 5365 0
2714 5432 1
2714 5523 0
2714 3729 0
2714 5855 0
2714 5981 0
2714 3986 0
2714 6081 0
2718 6160 0
2718 6180 0
2718 8391 0
2718 8467 0
2718 7444 0
2718 5523 0
2718 4520 0
2718 4521 0
2718 4534 0
2718 4535 1
2718 4536 0
2718 4537 0
2718 4538 0
2718 4539 0
2718 4540 0
2718 4544 0
2718 4546 0
2718 4550 0
2718 19879 0
2718 6739 0
2718 2718 0
2718 2722 0
2718 8881 0
2718 4795 0
2718 2831 0
2718 2881 0
2718 3035 0
2718 3036 0
2718 3043 0
2718 5247 0
2718 5269 1
2718 5412 0
2718 5432 1
2718 5464 0
2718 5469 0
2718 5723 0
2718 5724 0
2718 5753 0
2718 3729 0
2718 3745 0
2718 3768 0
2718 3802 0
2718 5855 0
2718 3884 0
2718 3928 0
2718 3930 1
2718 16241 0
2718 3986 0
2718 6081 0
2718 16354 0
2718 7165 0
2721 3729 0
2721 5523 0
2721 5269 1
2721 2721 0
2721 2722 0
2721 3768 0
2721 4795 0
2721 6739 0
2721 8881 0
2721 3930 1
2721 5469 0
2721 5855 0
2721 5753 0
2722 6160 0
2722 8391 0
2722 8467 0
2722 8477 0
2722 4442 0
2722 5523 0
2722 4520 0
2722 4537 0
2722 4539 0
2722 4546 0
2722 4553 0
2722 19879 0
2722 2881 0
2722 6739 0
2722 2722 0
2722 4795 0
2722 2962 0
2722 3036 0
2722 3043 0
2722 3930 1
2722 5247 0
2722 5432 1
2722 5464 0
2722 5469 0
2722 3561 0
2722 5723 0
2722 3729 0
2722 3745 0
2722 3802 0
2722 5855 0
2722 3884 0
2722 5981 0
2722 3986 0
2722 6081 0
2722 16354 0
2782 2956 1
2782 3986 0
2782 5523 0
2782 5981 0
2782 2782 0
2831 2989 0
2831 6160 0
2831 6163 0
2831 7209 0
2831 4694 0
2831 4704 0
2831 6779 0
2831 5247 0
2831 8391 0
2831 4300 0
2831 5855 0
2831 6907 0
2831 6915 1
2831 2831 0
2831 5981 0
2831 2956 1
2831 3986 0
2831 5523 0
2831 5469 0
2831 2967 1
2831 4536 0
2831 3035 0
2831 3036 0
2881 6160 0
2881 12719 0
2881 8881 0
2881 6739 0
2881 5753 0
2881 7165 0
2881 8391 0
2881 5855 0
2881 6915 1
2881 5407 0
2881 3884 0
2881 2881 0
2881 4442 0
2881 5469 0
2881 16241 0
2881 2989 0
2881 4534 0
2881 4535 1
2881 4536 0
2881 4537 0
2881 4540 0
2881 4544 0
2881 4546 0
2881 3043 0
2888 5523 0
2888 3884 0
2888 4534 0
2888 4535 1
2888 4536 0
2888 4537 0
2888 4538 0
2888 4539 0
2888 4540 0
2888 4544 0
2888 4546 0
2888 2888 0
2888 7317 0
2956 2956 2
2956 2967 2
2956 2973 1
2956 4553 1
2956 4822 1
2962 5469 0
2962 5247 0
2962 4300 0
2962 4339 0
2962 8467 0
2962 5432 1
2962 5981 0
2962 3986 0
2962 2967 1
2967 6160 1
2967 7209 1
2967 13920 1
2967 4705 1
2967 5713 1
2967 4694 1
2967 4704 1
2967 4711 1
2967 4715 1
2967 4718 1
2967 6779 1
2967 5247 1
2967 17943 1
2967 7317 1
2967 4795 1
2967 8391 1
2967 4300 1
2967 4339 1
2967 6907 1
2967 6915 2
2967 7444 1
2967 3353 1
2967 8477 1
2967 5407 1
2967 5408 1
2967 5432 2
2967 5469 1
2967 3986 1
2967 2967 2
2967 4520 1
2967 4521 1
2967 2989 1
2967 4534 1
2967 4535 2
2967 4536 1
2967 4537 1
2967 4538 1
2967 4539 1
2967 4540 1
2967 4544 1
2967 4546 1
2967 7109 1
2967 4550 1
2967 4551 1
2967 3035 1
2967 3036 1
2967 7419 1
2973 3460 0
2973 2973 0
2973 4550 0
2973 4557 0
2989 6160 0
2989 6163 0
2989 7209 0
2989 4694 0
2989 7419 0
2989 4704 0
2989 4711 0
2989 4715 0
2989 6779 0
2989 5247 0
2989 4300 0
2989 6907 0
2989 6915 1
2989 5981 0
2989 3986 0
2989 19879 0
2989 4520 0
2989 4521 0
2989 2989 0
2989 4534 0
2989 4535 1
2989 4536 0
2989 4537 0
2989 4538 0
2989 4539 0
2989 4540 0
2989 4544 0
2989 4546 0
2989 4550 0
2989 4551 0
2989 4553 0
2989 4555 0
2989 4557 0
2989 3035 0
2989 3036 0
2989 3037 0
2989 16354 0
3035 7209 0
3035 4704 0
3035 4711 0
3035 4795 0
3035 8391 0
3035 4300 0
3035 4339 0
3035 6907 0
3035 6915 1
3035 3986 0
3035 5523 0
3035 19879 0
3035 4534 0
3035 4546 0
3035 3035 0
3035 3037 0
3035 16354 0
3036 6915 1
3036 7209 0
3036 3123 0
3036 4694 0
3036 4704 0
3036 4705 0
3036 4711 0
3036 4718 0
3036 5247 0
3036 3243 1
3036 4795 0
3036 4300 0
3036 3801 0
3036 4339 0
3036 6907 0
3036 3036 0
3036 5469 0
3036 4485 0
3036 5523 0
3036 4550 0
3036 4551 0
3036 3037 0
3037 6915 1
3037 7209 0
3037 3123 0
3037 4711 0
3037 3243 1
3037 4300 0
3037 6907 0
3037 5523 0
3037 3037 0
3043 8391 0
3043 4305 0
3043 4428 0
3043 4442 0
3043 4550 0
3043 4551 0
3043 4555 0
3043 4557 0
3043 8881 0
3043 4822 0
3043 9035 0
3043 7077 0
3043 3043 0
3043 3353 0
3043 5464 0
3043 5523 0
3043 7698 0
3043 7699 0
3043 3729 0
3043 3768 0
3043 3878 1
3043 3893 0
3043 5432 1
3043 5981 0
3043 6005 0
3043 6081 0
3043 16354 0
3123 5469 0
3123 4534 0
3123 4535 1
3123 5432 1
3123 4300 0
3123 4704 0
3123 3123 0
3123 4718 0
3123 4339 0
3123 7444 0
3123 6907 0
3174 6160 0
3174 6163 0
3174 3174 0
3174 5247 0
3174 4795 0
3174 5432 1
3174 7317 0
3174 4534 0
3174 4535 1
3174 4536 0
3174 4537 0
3174 4538 0
3174 4539 0
3174 4540 0
3174 4544 0
3174 4546 0
3243 5523 1
3243 17943 1
3243 5407 1
3243 5408 1
3243 7209 1
3243 3243 2
3243 13920 1
3243 4305 1
3243 4704 1
3243 4711 1
3243 4718 1
3353 6159 0
3353 4305 0
3353 4442 0
3353 4550 0
3353 4551 0
3353 4555 0
3353 4557 0
3353 8881 0
3353 7109 0
3353 5072 0
3353 7317 0
3353 5365 0
3353 3353 0
3353 5412 0
3353 5432 1
3353 7698 0
3353 5723 0
3353 5753 0
3353 3729 0
3353 5855 0
3460 3460 0
3460 5432 1
3460 7109 0
3471 3471 0
3471 4534 0
3471 4535 1
3471 4536 0
3471 4537 0
3471 4538 0
3471 4539 0
3471 4540 0
3471 4544 0
3471 4546 0
3561 8881 0
3561 19879 0
3561 8477 0
3561 8522 1
3561 5523 0
3561 4485 0
3561 4534 0
3561 6739 0
3561 4795 0
3561 7109 0
3561 7165 0
3561 5247 0
3561 7317 0
3561 16241 0
3561 5407 0
3561 3802 0
3561 5855 0
3561 3893 0
3561 5981 0
3561 3986 0
3561 4083 0
3729 6160 0
3729 6159 0
3729 4305 0
3729 4550 0
3729 4551 0
3729 4555 0
3729 4557 0
3729 4644 0
3729 8881 0
3729 4795 0
3729 4822 0
3729 7077 0
3729 7109 0
3729 7165 0
3729 5365 0
3729 5432 1
3729 15996 0
3729 3729 0
3729 3802 0
3729 5855 0
3729 3878 1
3729 5981 0
3745 6163 0
3745 4485 0
3745 4534 0
3745 4535 1
3745 4536 0
3745 4537 0
3745 4538 0
3745 4539 0
3745 4540 0
3745 4544 0
3745 4546 0
3745 5247 0
3745 5432 1
3745 5464 0
3745 5723 0
3745 5724 0
3745 3745 0
3745 3802 0
3745 5855 0
3745 3884 0
3745 3986 0
3767 6081 0
3767 3767 0
3767 5753 0
3768 7698 0
3768 7699 0
3768 3768 0
3768 4822 0
3768 5365 0
3768 5432 1
3768 5477 0
3768 7541 0
3768 5523 0
3768 4534 0
3768 4535 1
3768 4536 0
3768 4537 0
3768 4538 0
3768 4539 0
3768 4540 0
3768 4544 0
3768 4546 0
3768 5072 0
3768 16354 0
3801 6779 0
3801 4300 0
3801 4339 0
3801 6907 0
3801 5432 1
3801 4551 0
3802 6159 0
3802 8391 0
3802 4300 0
3802 8477 0
3802 4546 0
3802 6739 0
3802 8881 0
3802 4822 0
3802 5432 1
3802 5487 0
3802 19879 0
3802 5724 0
3802 3802 0
3802 5855 0
3802 5981 0
3802 3986 0
3802 6081 0
3802 4083 0
3878 6159 1
3878 6739 1
3878 7699 1
3878 12719 1
3878 7077 1
3878 16241 1
3878 5981 1
3878 4534 1
3878 4535 2
3878 4536 1
3878 4537 1
3878 4539 1
3878 6005 1
3878 4544 1
3878 4546 1
3878 4555 1
3878 4812 1
3878 4557 1
3878 4442 1
3878 4538 1
3878 4540 1
3878 7698 1
3878 4918 1
3878 5365 1
3878 7109 1
3878 15996 1
3878 7165 1
3884 7698 0
3884 6163 0
3884 7209 0
3884 6159 0
3884 5477 0
3884 7699 0
3884 6739 0
3884 8881 0
3884 5072 0
3884 7077 0
3884 3884 0
3884 5432 1
3884 4428 0
3884 5464 0
3884 4442 0
3884 16241 0
3884 5523 0
3884 4534 0
3884 6081 0
3884 7165 0
3893 8467 0
3893 5432 1
3893 16119 0
3893 4428 0
3893 5855 0
3893 5477 0
3928 4546 0
3928 4536 0
3928 4534 0
3928 4535 1
3928 4537 0
3928 4539 0
3928 4540 0
3928 5432 1
3928 4544 0
3928 3930 1
3928 4538 0
3930 4609 1
3930 16354 1
3930 15413 1
3930 4534 1
3930 5432 2
3930 4520 1
3930 3930 2
3930 7077 1
3930 6056 1
3930 4521 1
3930 4602 1
3986 8391 0
3986 8477 0
3986 8881 0
3986 8522 1
3986 19879 0
3986 3986 0
3986 4083 0
3986 4300 0
3986 4339 0
3986 4520 0
3986 4534 0
3986 4550 0
3986 4551 0
3986 4644 0
3986 4694 0
3986 4704 0
3986 4705 0
3986 4711 0
3986 4715 0
3986 4718 0
3986 4822 0
3986 5247 0
3986 5365 0
3986 5407 0
3986 5408 0
3986 5464 0
3986 5469 0
3986 5487 0
3986 5523 0
3986 5981 0
3986 6081 0
3986 6160 0
3986 6163 0
3986 6739 0
3986 6915 1
3986 7109 0
3986 15413 0
3986 7317 0
3986 15996 0
4083 5723 0
4083 4822 0
4083 19879 0
4083 4520 0
4083 4534 0
4083 4535 1
4083 4538 0
4083 6081 0
4181 4339 0
4181 5432 1
4181 4181 0
4182 5432 1
4182 4182 0
4300 4609 0
4300 6163 0
4300 5469 0
4300 4704 0
4300 5981 0
4300 6739 0
4300 5753 0
4300 4300 0
4300 4822 0
4300 4339 0
4300 5247 0
4300 7444 0
4300 5072 0
4300 6915 1
4300 7317 0
4300 7077 0
4300 19879 0
4300 7109 0
4300 4555 0
4300 16354 0
4300 6907 0
4300 5523 0
4305 7077 0
4305 4694 0
4305 5855 0
4305 4795 0
4305 4812 0
4305 7209 0
4305 5412 0
4305 5432 1
4305 4442 0
4339 6915 1
4339 5469 0
4339 4704 0
4339 4718 0
4339 5247 0
4339 8881 0
4339 4795 0
4339 8391 0
4339 8467 0
4339 8477 0
4339 5981 0
4339 4534 0
4339 19879 0
4428 6159 0
4428 7699 0
4428 5713 0
4428 4812 0
4428 5432 1
4428 4428 0
4428 5469 0
4428 5072 0
4442 6160 0
4442 7698 0
4442 6163 0
4442 6180 0
4442 4534 0
4442 7699 0
4442 8881 0
4442 4812 0
4442 4822 0
4442 5072 0
4442 5365 0
4442 5432 1
4442 4442 0
4442 5981 0
4442 7077 0
4442 4520 0
4442 4521 0
4442 4550 0
4442 4555 0
4442 4557 0
4485 8467 0
4485 4535 1
4485 5432 1
4520 4795 0
4520 5855 0
4520 5487 0
4520 4520 0
4520 4521 0
4521 4795 0
4521 4521 0
4534 6163 0
4534 8391 0
4534 8467 0
4534 4535 1
4534 4537 0
4534 4546 0
4534 4609 0
4534 4534 0
4534 4694 0
4534 4705 0
4534 4711 0
4534 4795 0
4534 4812 0
4534 15413 0
4534 5247 0
4534 7419 0
4534 5432 1
4534 5469 0
4534 5477 0
4534 7541 0
4534 19879 0
4534 4704 0
4534 5855 0
4534 6081 0
4534 6094 0
4535 5464 1
4535 6163 1
4535 15413 1
4535 4705 1
4535 4694 1
4535 5723 1
4535 4711 1
4535 15996 1
4535 8881 1
4535 4795 1
4535 7541 1
4535 8391 1
4535 4822 1
4535 7419 1
4535 6081 1
4535 19879 1
4535 4535 2
4535 4536 1
4535 4553 1
4535 4557 1
4535 6094 1
4535 4704 1
4536 6160 0
4536 6163 0
4536 4705 0
4536 8391 0
4536 4711 0
4536 5247 0
4536 4694 0
4536 8881 0
4536 4795 0
4536 7541 0
4536 5855 0
4536 7419 0
4536 5432 1
4536 5469 0
4536 6081 0
4536 4544 0
4536 4551 0
4536 19879 0
4536 4536 0
4536 4546 0
4536 7109 0
4536 4550 0
4536 5523 0
4537 4694 0
4537 4705 0
4537 4711 0
4537 4795 0
4537 7541 0
4537 8391 0
4537 7419 0
4537 5469 0
4537 6081 0
4537 19879 0
4537 4537 0
4537 4550 0
4537 4551 0
4537 5523 0
4538 6160 0
4538 6163 0
4538 4705 0
4538 4694 0
4538 4711 0
4538 15996 0
4538 4795 0
4538 7541 0
4538 7419 0
4538 6081 0
4538 19879 0
4538 4538 0
4538 6094 0
4539 5469 0
4539 4705 0
4539 4694 0
4539 4704 0
4539 4711 0
4539 4795 0
4539 7541 0
4539 7419 0
4539 6081 0
4539 19879 0
4539 4539 0
4540 4705 0
4540 4694 0
4540 4711 0
4540 4795 0
4540 7541 0
4540 6081 0
4540 7419 0
4540 5469 0
4540 19879 0
4540 4546 0
4540 7109 0
4544 6163 0
4544 4705 0
4544 4694 0
4544 4711 0
4544 4795 0
4544 7541 0
4544 7419 0
4544 6081 0
4544 19879 0
4544 4544 0
4544 4546 0
4546 4609 0
4546 19879 0
4546 6160 0
4546 6163 0
4546 4705 0
4546 4694 0
4546 4711 0
4546 7541 0
4546 4795 0
4546 4822 0
4546 5432 1
4546 5469 0
4546 6081 0
4546 4546 0
4546 7109 0
4546 4550 0
4546 4551 0
4546 7419 0
4550 6180 0
4550 4812 0
4550 4550 0
4550 4551 0
4550 4553 0
4550 4555 0
4550 4694 0
4550 4715 0
4550 4795 0
4550 4822 0
4550 7109 0
4550 5072 0
4550 5247 0
4550 5432 1
4550 5523 0
4550 5855 0
4551 6180 0
4551 5523 0
4551 4553 0
4551 4555 0
4551 4677 1
4551 4704 0
4551 4711 0
4551 4718 0
4551 4551 0
4551 4795 0
4551 7109 0
4551 5072 0
4551 5432 1
4551 5855 0
4553 7209 0
4553 8391 0
4553 8881 0
4553 4812 0
4553 5247 0
4553 5464 0
4553 5855 0
4553 9035 0
4553 4553 0
4553 4555 0
4553 4557 0
4553 5072 0
4553 7419 0
4555 6160 0
4555 4795 0
4555 4812 0
4555 4822 0
4555 5855 0
4555 5247 0
4555 5072 0
4555 5432 1
4555 5523 0
4555 4555 0
4555 4557 0
4555 16354 0
4557 4609 0
4557 8881 0
4557 4822 0
4557 5855 0
4557 5247 0
4557 5464 0
4557 5072 0
4557 4557 0
4602 4602 0
4609 4609 0
4609 5981 0
4609 5753 0
4609 5432 1
4644 19879 0
4644 4644 0
4644 4677 1
4644 6739 0
4644 4812 0
4644 5855 0
4644 5432 1
4644 5981 0
4644 6081 0
4644 5072 0
4677 6005 1
4677 4677 2
4677 7638 1
4677 8881 1
4677 5855 1
4677 12719 1
4694 5469 0
4694 4694 0
4694 6005 0
4694 5523 0
4704 6915 1
4704 7209 0
4704 5247 0
4704 8477 0
4704 5469 0
4704 4704 0
4704 6907 0
4704 5523 0
4705 6056 0
4705 5247 0
4711 4711 0
4715 4715 0
4715 6915 1
4718 4718 0
4795 6159 0
4795 6160 0
4795 6163 0
4795 8881 0
4795 4795 0
4795 8391 0
4795 4822 0
4795 8467 0
4795 5469 0
4795 12719 0
4812 7698 0
4812 7699 0
4812 7109 0
4812 4812 0
4812 5432 1
4812 5469 0
4812 5477 0
4812 7077 0
4812 5072 0
4812 16354 0
4812 19879 0
4822 6159 0
4822 5855 0
4822 15996 0
4822 8391 0
4822 4822 0
4822 6779 0
4822 5365 0
4822 7077 0
4822 5432 1
4822 5523 0
4822 16354 0
4822 19879 0
4918 7317 0
4918 5724 0
4918 5487 0
4918 4918 0
4918 5432 1
4918 5981 0
4918 6005 0
5072 7698 0
5072 7699 0
5072 5365 0
5072 5432 1
5072 5469 0
5072 5477 0
5072 7077 0
5072 5072 0
5247 19879 0
5247 6915 1
5247 8881 0
5247 8467 0
5247 5432 1
5247 5464 0
5247 5469 0
5365 19879 0
5365 7698 0
5365 7699 0
5365 6739 0
5365 8881 0
5365 5365 0
5365 5432 1
5365 5855 0
5365 5477 0
5365 5523 0
5365 7077 0
5407 8467 0
5407 7317 0
5407 17943 0
5407 5408 0
5407 5407 0
5407 13920 0
5408 7317 0
5408 17943 0
5408 5408 0
5408 13920 0
5412 5412 0
5412 5432 1
5412 5981 0
5432 6180 1
5432 8467 1
5432 6159 1
5432 9035 1
5432 7077 1
5432 7165 1
5432 7698 1
5432 5432 2
5432 5464 1
5432 5469 1
5432 5477 1
5432 7541 1
5432 5523 1
5432 7638 1
5432 7699 1
5432 5713 1
5432 5747 1
5432 5753 1
5432 5855 1
5432 16119 1
5432 5981 1
5432 6005 1
5432 6056 1
5432 6081 1
5464 6160 0
5464 8881 0
5464 6739 0
5464 5723 0
5464 6081 0
5464 5469 0
5469 6163 0
5469 6160 0
5469 8391 0
5469 5523 0
5469 6779 0
5469 8881 0
5469 7077 0
5469 5981 0
5469 5469 0
5469 5477 0
5469 5487 0
5469 5855 0
5477 7699 0
5477 5713 0
5477 5477 0
5477 7077 0
5487 6160 0
5487 8467 0
5487 6739 0
5487 6915 1
5487 5487 0
5523 7077 0
5523 8467 0
5523 6779 0
5523 15996 0
5523 8881 0
5523 8391 0
5523 5523 0
5523 16354 0
5713 5713 0
5723 5723 0
5723 5724 0
5723 6163 0
5723 15996 0
5723 6159 0
5723 8522 1
5723 6056 0
5723 7165 0
5724 6159 0
5724 5724 0
5724 6779 0
5724 8522 1
5724 6056 0
5747 5747 0
5747 5753 0
5747 6094 0
5753 17943 0
5753 5753 0
5753 7444 0
5753 7109 0
5855 6159 0
5855 6163 0
5855 7165 0
5855 8881 0
5855 12719 0
5855 6907 0
5855 19879 0
5855 7109 0
5855 7698 0
5855 7077 0
5855 15996 0
5855 5855 0
5855 5981 0
5855 16241 0
5855 6005 0
5855 6081 0
5855 16354 0
5981 8467 0
5981 8881 0
5981 8477 0
5981 19879 0
5981 5981 0
5981 6005 0
5981 6160 0
5981 6163 0
5981 6739 0
5981 6907 0
5981 7077 0
5981 7109 0
5981 7165 0
5981 15413 0
5981 7317 0
6005 6180 0
6005 7699 0
6005 6005 0
6005 7317 0
6005 19879 0
6056 19879 0
6056 6056 0
6081 6163 0
6081 8391 0
6081 6739 0
6081 8881 0
6081 9035 0
6081 19879 0
6081 6081 0
6094 8881 0
6094 8522 1
6094 6094 0
6159 6159 0
6159 6180 0
6159 7077 0
6159 19879 0
6160 6163 0
6160 6160 0
6160 6739 0
6160 6915 1
6160 7165 0
6160 7317 0
6160 16241 0
6163 6163 0
6163 6739 0
6163 8881 0
6163 6915 1
6163 7165 0
6163 16241 0
6180 6180 0
6180 6915 1
6180 16354 0
6739 8391 0
6739 8467 0
6739 8522 1
6739 19879 0
6739 6739 0
6739 8881 0
6739 7109 0
6739 12719 0
6739 8477 0
6779 6915 1
6779 7444 0
6907 6915 1
6907 6907 0
6915 16354 1
6915 7209 1
6915 16241 1
6915 7444 1
7077 7698 0
7077 7699 0
7077 15996 0
7077 7077 0
7109 19879 0
7109 7698 0
7109 8467 0
7109 7109 0
7165 8467 0
7165 7165 0
7165 7699 0
7165 16241 0
7209 15413 0
7317 8467 0
7444 15996 0
7541 7541 0
7638 7638 0
7698 7698 0
7698 7699 0
7698 16354 0
8391 8881 0
8391 8391 0
8391 8477 0
8391 19879 0
8467 8522 1
8467 8881 0
8467 19879 0
8467 8467 0
8477 8881 0
8477 19879 0
8477 16241 0
8477 16354 0
8522 19879 1
8522 8522 2
8881 8881 0
8881 12719 0
8881 19879 0
8881 16241 0
9035 19879 0
12719 16241 0
13920 17943 0
13995 13995 2
15413 15413 0
15996 15996 0
16241 16241 0
16354 19879 0
16354 16354 0
17943 17943 0
19879 19879 0
