117 6669 0
117 13061 0
117 15999 0
117 2708 0
117 117 0
117 3283 1
117 3802 0
117 20125 0
117 1259 0
117 7893 0
117 827 0
117 8467 0
117 861 0
117 15504 0
117 4956 0
117 5994 0
117 3986 0
117 16308 0
117 4547 0
117 7633 1
117 5075 0
166 3986 0
166 2184 0
166 4925 0
166 7633 1
166 6739 0
166 1523 1
237 2594 0
237 16308 0
237 1620 0
237 2718 0
237 3283 1
237 7893 0
237 3802 0
237 237 0
237 238 0
237 2338 0
237 6977 0
237 3426 0
237 3429 0
237 3986 0
237 7633 1
237 6737 0
237 6739 0
238 6162 0
238 6164 0
238 3283 1
238 13061 0
238 2338 0
238 3426 0
238 3986 0
238 6081 0
238 7633 1
238 6739 0
703 4609 0
703 6081 0
703 703 0
703 3283 1
703 3174 0
703 1523 1
721 5134 1
721 16275 0
721 1620 0
721 20125 0
721 3071 1
827 4609 0
827 13061 0
827 2708 0
827 2718 0
827 4803 0
827 7633 1
827 827 0
827 4956 0
827 5075 0
827 861 0
827 3174 0
827 3283 1
827 16308 0
827 1620 0
827 7893 0
827 3802 0
827 5994 0
827 1927 0
827 3986 0
827 12954 0
827 6068 0
827 6081 0
861 6162 0
861 6163 0
861 6164 0
861 6165 0
861 4547 0
861 4609 0
861 2594 0
861 6737 0
861 2708 0
861 2712 0
861 12954 0
861 2718 0
861 8867 0
861 4956 0
861 861 0
861 9173 0
861 3046 0
861 5134 1
861 3283 1
861 1259 0
861 3354 0
861 3426 0
861 1514 0
861 1519 0
861 1523 1
861 3802 0
861 7982 0
861 5994 0
861 1927 0
861 3986 0
861 6068 0
861 6081 0
915 6068 0
915 8287 0
915 4547 0
915 2708 0
915 2712 0
915 2715 0
915 2718 0
915 3283 1
915 7009 0
915 5994 0
915 915 0
915 4524 0
915 4525 0
915 4526 0
915 4534 0
915 4537 0
915 7634 0
915 5075 0
915 10223 1
1007 6163 0
1007 1007 0
1007 7721 0
1007 6739 0
1007 12954 0
1007 2594 0
1007 3283 1
1007 3802 0
1007 5487 0
1007 4547 0
1007 7633 1
1007 1515 1
1170 6163 0
1170 2338 0
1170 4524 0
1170 2712 0
1170 8867 0
1170 3154 0
1170 1171 0
1170 3283 1
1170 3354 0
1170 7633 1
1170 1514 0
1170 1620 0
1170 1927 0
1170 3986 0
1171 1620 0
1171 1171 0
1171 3283 1
1171 7893 0
1171 7633 1
1171 8467 0
1171 2338 0
1171 3426 0
1171 3986 0
1259 6165 0
1259 4322 1
1259 8467 0
1259 4524 0
1259 4534 0
1259 4609 0
1259 2594 0
1259 2712 0
1259 4803 0
1259 13061 0
1259 2938 0
1259 5075 0
1259 3046 0
1259 3283 1
1259 3354 0
1259 3426 0
1259 6739 0
1259 7721 0
1259 1620 0
1259 3986 0
1259 16308 0
1441 5134 1
1441 7633 1
1514 13200 0
1514 3986 0
1514 4322 1
1514 9052 0
1514 3426 0
1514 3429 0
1514 3046 0
1514 1519 0
1514 1520 1
1514 1523 1
1515 17360 1
1515 4322 2
1515 13099 1
1515 3046 1
1515 1515 2
1515 1519 1
1515 1520 2
1515 5075 1
1515 3382 1
1515 11896 1
1515 9052 1
1519 13061 0
1519 2184 0
1519 3986 0
1519 2594 0
1519 4322 1
1519 9052 0
1519 3426 0
1519 3429 0
1519 3046 0
1520 1927 1
1520 12887 1
1520 13061 1
1520 13099 1
1520 9523 1
1520 4609 1
1520 3382 1
1520 16308 1
1520 4925 1
1520 6977 1
1520 8246 1
1520 17360 1
1520 5075 1
1520 1620 1
1520 7893 1
1520 9052 1
1520 4322 2
1520 3046 1
1520 11896 1
1520 9173 1
1523 4609 1
1523 6669 1
1523 6165 1
1523 2594 1
1523 9052 1
1523 13355 1
1523 13356 1
1523 16308 1
1523 3154 1
1523 3174 1
1523 2184 1
1523 6739 1
1523 4803 1
1523 13512 1
1523 7893 1
1523 4322 2
1523 13061 1
1523 7982 1
1523 3887 1
1523 4956 1
1523 3426 1
1523 3429 1
1523 6977 1
1523 13200 1
1523 3986 1
1523 4524 1
1523 4525 1
1523 4526 1
1523 1523 2
1523 6068 1
1523 4534 1
1523 4537 1
1523 6081 1
1523 3046 1
1620 6160 0
1620 6162 0
1620 6165 0
1620 4322 1
1620 6380 0
1620 2338 0
1620 4524 0
1620 4534 0
1620 4537 0
1620 6669 0
1620 4547 0
1620 2708 0
1620 2712 0
1620 2718 0
1620 8867 0
1620 7634 0
1620 6946 0
1620 4956 0
1620 3046 0
1620 8287 0
1620 3154 0
1620 3174 0
1620 9523 0
1620 6737 0
1620 1620 0
1620 3986 0
1620 1957 0
1927 6163 0
1927 6165 0
1927 2338 0
1927 4524 0
1927 4525 0
1927 4534 0
1927 4609 0
1927 6669 0
1927 2594 0
1927 6739 0
1927 12954 0
1927 2718 0
1927 4803 0
1927 13061 0
1927 4925 0
1927 4956 0
1927 17360 0
1927 9173 0
1927 3046 0
1927 13355 0
1927 13356 0
1927 3283 1
1927 3354 0
1927 3426 0
1927 3429 0
1927 7721 0
1927 7893 0
1927 3986 0
1927 16308 0
1957 6160 0
1957 3802 0
1957 3283 1
1957 3354 0
1957 5994 0
1957 4322 1
1957 1957 0
1957 4524 0
1957 4525 0
1957 4526 0
2184 2184 0
2184 7633 1
2184 3046 0
2338 6160 0
2338 6162 0
2338 6163 0
2338 2338 0
2338 6669 0
2338 2594 0
2338 6739 0
2338 2712 0
2338 2718 0
2338 8867 0
2338 6164 0
2338 6165 0
2338 9173 0
2338 3154 0
2338 3174 0
2338 3283 1
2338 3354 0
2338 3426 0
2338 4547 0
2338 3802 0
2338 5994 0
2338 7633 1
2338 3986 0
2338 12954 0
2338 6068 0
2338 6081 0
2594 6162 0
2594 6165 0
2594 8467 0
2594 4524 0
2594 4525 0
2594 4526 0
2594 4547 0
2594 13061 0
2594 2594 0
2594 6737 0
2594 6739 0
2594 2718 0
2594 8867 0
2594 7982 0
2594 6977 0
2594 4956 0
2594 3046 0
2594 3154 0
2594 3283 1
2594 3426 0
2594 3429 0
2594 5487 0
2594 15504 0
2594 16308 0
2594 7893 0
2594 3802 0
2594 5994 0
2594 2712 0
2594 3986 0
2594 12954 0
2594 6068 0
2594 6081 0
2708 6165 0
2708 8287 0
2708 8467 0
2708 6669 0
2708 6739 0
2708 2712 0
2708 2718 0
2708 13061 0
2708 2976 0
2708 3046 0
2708 3071 1
2708 13355 0
2708 3174 0
2708 13512 0
2708 3354 0
2708 7633 1
2708 7634 0
2708 7721 0
2708 3802 0
2708 3986 0
2708 6068 0
2712 6162 0
2712 6163 0
2712 6165 0
2712 8287 0
2712 6164 0
2712 6737 0
2712 6739 0
2712 2712 0
2712 2718 0
2712 8867 0
2712 4956 0
2712 6977 0
2712 13200 0
2712 2976 0
2712 3071 1
2712 13356 0
2712 13512 0
2712 3354 0
2712 3426 0
2712 3429 0
2712 4547 0
2712 7633 1
2712 7634 0
2712 7721 0
2712 3802 0
2712 3887 0
2712 3986 0
2712 6068 0
2712 6081 0
2715 2715 0
2715 13512 0
2715 4322 1
2715 5994 0
2715 7633 1
2718 6160 0
2718 6162 0
2718 6165 0
2718 8287 0
2718 8467 0
2718 4524 0
2718 4525 0
2718 4534 0
2718 4537 0
2718 4547 0
2718 6737 0
2718 6739 0
2718 2718 0
2718 2938 0
2718 2976 0
2718 3071 1
2718 9523 0
2718 3426 0
2718 3429 0
2718 7633 1
2718 7634 0
2718 7721 0
2718 3802 0
2718 3887 0
2718 3986 0
2718 6068 0
2718 6081 0
2938 6739 0
2938 8287 0
2938 3283 1
2938 4322 1
2938 8467 0
2938 4925 0
2938 12954 0
2938 2938 0
2938 4547 0
2938 7634 0
2976 13061 0
2976 5707 0
2976 6739 0
2976 8287 0
2976 3283 1
2976 8467 0
2976 7982 0
2976 2976 0
2976 7633 1
2976 7634 0
3046 4609 0
3046 13061 0
3046 16308 0
3046 6737 0
3046 12887 0
3046 3429 0
3046 13512 0
3046 7893 0
3046 4322 1
3046 9523 0
3046 3382 0
3046 4925 0
3046 6977 0
3046 9052 0
3046 3426 0
3046 6380 0
3046 3986 0
3046 17360 0
3046 9173 0
3071 4525 1
3071 6162 1
3071 16275 1
3071 6164 1
3071 4524 1
3071 4526 1
3071 7634 1
3071 8287 1
3071 7009 1
3071 3986 1
3071 3071 2
3154 13061 0
3154 4322 1
3154 3426 0
3154 16308 0
3154 7893 0
3154 6737 0
3154 6739 0
3154 3174 0
3174 6669 0
3174 6160 0
3174 6162 0
3174 6163 0
3174 6164 0
3174 6165 0
3174 3174 0
3174 8867 0
3174 7893 0
3174 4322 1
3174 13061 0
3174 7982 0
3174 9052 0
3174 3426 0
3174 3429 0
3174 6977 0
3174 16308 0
3174 4534 0
3174 4537 0
3283 6669 1
3283 7721 1
3283 13355 1
3283 13356 1
3283 16308 1
3283 5707 1
3283 8467 1
3283 6165 1
3283 12954 1
3283 20125 1
3283 8867 1
3283 4803 1
3283 13512 1
3283 15504 1
3283 18948 1
3283 7889 1
3283 3283 2
3283 3802 1
3283 15999 1
3283 13061 1
3283 3354 1
3283 4925 1
3283 6977 1
3283 4956 1
3283 3426 1
3283 3429 1
3283 5994 1
3283 5487 1
3283 13200 1
3283 3986 1
3283 8619 1
3283 6068 1
3283 4534 1
3283 4537 1
3283 4547 1
3283 18902 1
3283 7893 1
3354 8287 0
3354 4956 0
3354 13200 0
3354 3354 0
3354 7633 1
3354 6081 0
3354 16275 0
3382 6164 0
3382 4322 1
3382 6380 0
3382 8619 0
3382 4925 0
3426 6163 0
3426 6164 0
3426 6160 0
3426 6162 0
3426 6165 0
3426 16308 0
3426 4547 0
3426 6669 0
3426 6737 0
3426 8867 0
3426 4803 0
3426 7982 0
3426 4925 0
3426 4956 0
3426 13061 0
3426 3426 0
3426 3429 0
3426 7634 0
3426 6081 0
3426 3802 0
3426 3986 0
3426 6068 0
3429 6669 0
3429 6163 0
3429 6164 0
3429 13355 0
3429 6737 0
3429 6739 0
3429 3802 0
3429 13061 0
3429 3986 0
3429 16308 0
3429 6081 0
3429 7633 1
3802 6165 0
3802 13061 0
3802 6737 0
3802 6739 0
3802 8867 0
3802 6977 0
3802 4956 0
3802 13355 0
3802 15504 0
3802 5487 0
3802 7633 1
3802 7893 0
3802 3802 0
3802 3887 0
3802 3986 0
3802 16308 0
3802 6081 0
3887 3887 0
3887 6068 0
3887 7633 1
3887 7634 0
3986 8867 0
3986 10223 1
3986 18902 0
3986 3986 0
3986 4525 0
3986 4534 0
3986 4547 0
3986 12954 0
3986 4925 0
3986 4956 0
3986 13200 0
3986 5487 0
3986 6068 0
3986 6081 0
3986 6160 0
3986 6162 0
3986 6163 0
3986 6164 0
3986 6165 0
3986 6737 0
3986 6739 0
3986 7009 0
3986 7982 0
3986 16275 0
4322 6160 1
4322 6162 1
4322 6163 1
4322 6164 1
4322 8867 1
4322 7982 1
4322 6977 1
4322 6739 1
4322 15504 1
4322 4322 2
4322 15999 1
4524 6165 0
4524 8467 0
4524 4524 0
4524 4525 0
4524 4526 0
4524 4609 0
4524 6739 0
4524 4925 0
4524 16275 0
4524 6081 0
4525 4609 0
4525 6165 0
4525 4526 0
4525 6081 0
4526 4609 0
4526 6165 0
4526 6081 0
4534 6163 0
4534 6165 0
4534 8467 0
4534 4537 0
4534 4609 0
4534 4534 0
4534 13061 0
4534 6081 0
4537 6165 0
4537 6081 0
4537 4537 0
4547 6669 0
4547 6160 0
4547 6163 0
4547 13356 0
4547 16308 0
4547 6739 0
4547 15504 0
4547 4803 0
4547 8867 0
4547 7893 0
4547 19494 0
4547 13355 0
4547 13061 0
4547 6165 0
4547 4956 0
4547 5994 0
4547 6977 0
4547 6068 0
4547 4547 0
4547 7633 1
4547 5075 0
4609 4609 0
4609 7009 0
4803 13355 0
4803 16308 0
4803 8467 0
4803 4803 0
4803 7893 0
4803 13061 0
4803 6977 0
4803 5994 0
4803 20125 0
4803 6068 0
4803 7633 1
4925 6164 0
4925 12954 0
4925 6739 0
4925 13355 0
4925 13099 0
4925 4925 0
4925 6081 0
4956 6380 0
4956 13061 0
4956 4956 0
4956 9052 0
4956 7634 0
4956 7893 0
4956 6081 0
5075 6081 0
5075 8467 0
5134 5134 2
5134 16275 1
5134 6946 1
5487 6160 0
5487 8467 0
5487 6739 0
5487 12954 0
5487 6977 0
5487 5487 0
5487 7633 1
5707 5707 0
5707 6737 0
5707 6739 0
5707 7633 1
5994 8467 0
5994 7633 1
5994 5994 0
6068 6160 0
6068 6162 0
6068 6163 0
6068 6164 0
6068 6165 0
6068 6380 0
6068 16308 0
6068 13061 0
6068 6739 0
6068 8867 0
6068 7982 0
6068 8287 0
6068 13355 0
6068 7634 0
6068 7721 0
6068 7893 0
6068 12954 0
6068 6068 0
6068 6081 0
6081 6162 0
6081 6163 0
6081 6165 0
6081 6739 0
6081 12954 0
6081 8867 0
6081 13356 0
6081 15504 0
6081 7633 1
6081 7721 0
6081 6081 0
6160 6162 0
6160 6163 0
6160 6165 0
6160 6160 0
6160 6164 0
6160 6739 0
6160 12954 0
6160 8867 0
6160 6946 0
6160 7633 1
6160 7893 0
6160 16275 0
6162 6162 0
6162 6163 0
6162 6165 0
6162 6164 0
6162 16308 0
6162 6739 0
6162 8867 0
6162 13061 0
6162 7633 1
6162 15999 0
6162 7893 0
6162 12954 0
6163 6163 0
6163 6165 0
6163 6164 0
6163 6737 0
6163 6739 0
6163 12954 0
6163 8867 0
6163 13061 0
6163 6946 0
6163 7009 0
6163 9173 0
6163 7633 1
6163 7893 0
6163 16275 0
6164 6165 0
6164 6164 0
6164 6737 0
6164 6739 0
6164 8867 0
6164 13061 0
6164 7633 1
6164 15999 0
6164 16275 0
6164 12954 0
6165 6165 0
6165 8467 0
6165 6739 0
6165 13200 0
6165 9173 0
6165 13512 0
6165 7633 1
6165 16308 0
6165 7893 0
6165 16275 0
6165 12954 0
6165 8867 0
6380 19494 0
6380 7893 0
6380 13099 0
6380 9523 0
6380 6977 0
6380 10223 1
6380 7009 0
6380 13200 0
6380 17360 0
6380 7633 1
6669 12954 0
6737 8287 0
6737 8467 0
6737 6739 0
6737 13355 0
6737 7633 1
6737 10223 1
6739 8467 0
6739 6739 0
6739 8867 0
6739 7634 0
6739 7982 0
6739 12954 0
6946 7633 1
6977 8467 0
6977 12954 0
6977 6977 0
6977 9052 0
7009 7009 0
7009 10223 1
7633 8283 1
7633 8287 1
7633 8467 1
7633 8619 1
7633 18902 1
7633 8867 1
7633 9173 1
7633 18948 1
7633 19494 1
7633 7633 2
7633 7634 1
7633 7721 1
7633 20125 1
7633 7889 1
7633 7982 1
7634 16308 0
7634 8287 0
7634 12954 0
7634 7893 0
7634 7634 0
7721 20125 0
7889 13355 0
7889 16308 0
7893 7893 0
7893 8867 0
7893 13061 0
7893 13355 0
7893 16308 0
7893 12954 0
7982 13355 0
7982 13061 0
7982 9052 0
7982 9173 0
8246 8246 0
8246 10223 1
8283 10223 1
8287 13356 0
8287 8287 0
8287 8467 0
8287 9523 0
8467 13355 0
8467 8467 0
8467 9173 0
8467 16308 0
8619 13099 0
8867 8867 0
8867 13061 0
8867 16308 0
8867 16275 0
9052 13061 0
9052 15999 0
9173 17360 0
9523 10223 1
10223 12887 1
10223 19494 1
12887 19494 0
12887 13099 0
12954 19142 1
12954 16308 0
12954 13355 0
13061 13061 0
13061 16308 0
13061 16275 0
13200 13200 0
13512 13512 0
16275 16275 0
16308 16308 0
20125 20125 0
