6401 6068 0
6401 5885 0
6401 2709 0
6401 6401 0
6401 6883 1
6401 389 0
6401 3011 1
13061 2059 0
13061 4321 1
13061 8565 0
13061 2594 0
13061 556 0
13061 2606 0
13061 659 0
13061 2709 0
13061 2722 0
13061 5004 0
13061 3046 0
13061 1022 0
13061 13061 0
13061 3154 0
13061 3163 1
13061 1591 0
13061 5953 0
13061 5981 0
13061 1927 0
13061 6068 0
1927 2059 0
1927 2338 0
1927 2594 0
1927 6739 0
1927 6792 1
1927 2722 0
1927 4859 0
1927 2881 0
1927 3011 1
1927 3046 0
1927 1022 0
1927 861 0
1927 3354 0
1927 3729 0
1927 5882 0
6792 2059 1
6792 8391 1
6792 20807 1
6792 8565 1
6792 389 1
6792 4859 1
6792 496 1
6792 2606 1
6792 6741 1
6792 6792 2
6792 659 1
6792 2722 1
6792 8940 1
6792 2849 1
6792 2881 1
6792 13147 1
6792 861 1
6792 7013 1
6792 5004 1
6792 972 1
6792 7165 1
6792 1022 1
6792 7208 1
6792 3158 1
6792 20088 1
6792 15612 1
6792 5026 1
6792 1591 1
6792 1620 1
6792 3729 1
6792 5882 1
6792 5883 1
6792 5885 1
6792 3884 1
6792 5953 1
6792 5981 1
6792 2709 1
6792 6081 1
3884 556 0
3884 6741 0
3884 6739 0
3884 659 0
3884 2709 0
3884 2722 0
3884 6883 1
3884 4859 0
3884 3884 0
3884 2881 0
3884 6068 0
3884 6081 0
3884 972 0
3884 7165 0
3884 1022 0
2059 2059 0
2059 8391 0
2059 3011 1
2059 3046 0
2059 1022 0
2059 5247 0
2059 5885 0
5004 8391 0
5004 2594 0
5004 2606 0
5004 6739 0
5004 6741 0
5004 2722 0
5004 6883 1
5004 3012 0
5004 861 0
5004 3354 0
5004 1591 0
5004 5953 0
5004 5981 0
5004 6081 0
3729 4321 1
3729 8565 0
3729 496 0
3729 2606 0
3729 6741 0
3729 2722 0
3729 4859 0
3729 972 0
3729 7165 0
3729 15612 0
3729 3353 0
3729 3354 0
3729 3729 0
3729 5953 0
3729 5981 0
659 7208 0
659 1591 0
659 6739 0
659 5247 0
659 659 0
659 2709 0
659 6883 1
659 5882 0
659 4859 0
659 3353 0
659 2338 0
659 6968 0
659 5953 0
659 861 0
659 5026 0
659 1022 0
2709 2338 0
2709 5885 0
2709 2881 0
2709 2594 0
2709 2606 0
2709 6739 0
2709 6741 0
2709 2709 0
2709 2722 0
2709 6883 1
2709 4859 0
2709 861 0
2709 5026 0
2709 7208 0
2709 3158 0
2709 3163 1
2709 5247 0
2709 1620 0
2709 5882 0
2709 5953 0
2709 5981 0
2709 6068 0
3353 6883 1
3353 8940 0
3353 861 0
3353 3011 1
3353 972 0
3353 3353 0
3353 3354 0
3353 1591 0
3354 2338 0
3354 6883 1
3354 6741 0
3354 8940 0
3354 4859 0
3354 861 0
3354 3011 1
3354 972 0
3354 7165 0
3354 3354 0
3354 6081 0
3354 5981 0
4893 3046 1
4893 4893 2
389 6883 1
389 4859 0
389 5885 0
389 3446 0
389 389 0
389 6068 0
2849 3154 0
2849 1620 0
2849 3163 1
2849 5247 0
2849 2849 0
5026 2594 0
5026 2606 0
5026 1591 0
5026 3154 0
5026 3163 1
5026 2722 0
13147 3163 1
13147 5882 0
2597 2594 0
2597 2606 0
2597 2640 1
2597 6741 0
2597 6883 1
2597 6739 0
2597 7165 0
7208 2594 0
7208 7208 0
7208 2606 0
7208 1591 0
7208 1620 0
7208 2722 0
7208 8817 1
7208 5882 0
7208 4859 0
7208 5885 0
7208 2881 0
7208 5981 0
7208 972 0
7208 5883 0
7208 15612 0
20807 6081 0
20807 20807 0
20807 15836 1
20807 5981 0
20807 5885 0
556 3011 1
556 3154 0
556 3163 1
556 861 0
2606 2338 0
2606 2881 0
2606 2594 0
2606 6739 0
2606 6741 0
2606 2722 0
2606 4859 0
2606 3011 1
2606 3012 0
2606 7165 0
2606 861 0
2606 3163 1
2606 3446 0
2606 1591 0
2606 5953 0
2606 5981 0
5981 8940 0
5981 1591 0
5981 1620 0
5981 2338 0
5981 2722 0
5981 3446 0
5981 4859 0
5981 5882 0
5981 5883 0
5981 5885 0
5981 5981 0
5981 6068 0
5981 14396 0
5981 6739 0
5981 6741 0
5981 6883 1
5981 6968 0
5981 7165 0
6068 2338 0
6068 2594 0
6068 6739 0
6068 6741 0
6068 2722 0
6068 6883 1
6068 861 0
6068 3011 1
6068 7165 0
6068 1022 0
6068 3446 0
6068 5885 0
6068 6068 0
6068 6081 0
1591 3446 0
1591 8391 0
1591 2338 0
1591 2594 0
1591 6739 0
1591 6741 0
1591 2722 0
1591 6883 1
1591 861 0
1591 1591 0
1591 1620 0
1591 5953 0
6968 3158 0
6968 3163 1
6968 8817 1
6968 2722 0
6968 5882 0
6968 5883 0
6968 5885 0
6968 6968 0
6968 7013 0
6968 6081 0
6968 972 0
6968 1022 0
14396 14396 0
14396 6883 1
14396 1620 0
14396 3163 1
8565 15836 1
8565 1620 0
5953 2722 0
5953 4321 1
5953 5953 0
5953 861 0
5953 1620 0
3011 3012 1
3011 2338 1
3011 6081 1
3011 3046 1
3011 5247 1
3012 6741 0
3012 6739 0
3012 8391 0
3012 15836 1
3012 1022 0
8391 2594 0
8391 6741 0
8391 2722 0
8391 8391 0
8391 6883 1
8391 6081 0
8391 15612 0
8391 2881 0
8391 861 0
8391 6739 0
4859 6741 0
4859 2722 0
4859 6883 1
4859 4859 0
4859 2881 0
4859 972 0
4859 7165 0
4859 1022 0
4859 3154 0
4859 15612 0
4859 3446 0
4859 6081 0
12367 2594 0
12367 6741 0
12367 3163 1
12367 6883 1
972 2594 0
972 6741 0
972 7165 0
972 6883 1
972 5882 0
972 5885 0
972 2881 0
972 15612 0
972 972 0
972 2722 0
972 496 0
972 1022 0
2338 2338 0
2338 2594 0
2338 6739 0
2338 2722 0
2338 6883 1
2338 1022 0
2338 3154 0
2338 3158 0
2338 3163 1
2338 5247 0
2338 1620 0
2338 6081 0
2640 5610 1
2129 3163 1
2129 20088 0
2129 6883 1
2129 5882 0
3154 2594 0
3154 6739 0
3154 1620 0
3154 6741 0
3154 3163 1
3154 6883 1
3154 5247 0
2594 4321 1
2594 2594 0
2594 6739 0
2594 6741 0
2594 2722 0
2594 861 0
2594 3046 0
2594 1022 0
2594 3163 1
2594 6081 0
1620 2722 0
1620 3046 0
1620 3158 0
1620 3163 1
1620 5247 0
1620 1620 0
1620 5882 0
6741 3163 1
6741 6739 0
6741 6741 0
6741 2722 0
6741 2881 0
6741 7165 0
6741 1022 0
6741 861 0
6741 15612 0
6741 3446 0
6741 5885 0
6741 6081 0
3158 4321 1
3158 3446 0
2722 2881 0
2722 6739 0
2722 2722 0
2722 6883 1
2722 861 0
2722 5247 0
2722 3446 0
2722 5882 0
2722 6081 0
3163 6739 1
3163 3163 2
3163 4321 2
3163 3446 1
3163 5247 1
15836 496 1
15836 6739 1
15836 1022 1
15836 15836 2
861 496 0
861 6883 1
861 861 0
861 3046 0
861 1022 0
861 15612 0
861 3446 0
861 6081 0
4321 6081 1
4321 20088 1
4321 5610 1
6081 6739 0
6081 3446 0
6081 6081 0
6883 8940 1
6883 6883 2
6883 15612 1
6883 2881 1
6883 3446 1
6883 7165 1
7013 6739 0
7013 8817 1
7013 5882 0
7013 7013 0
3046 7165 0
8940 8940 0
8940 5885 0
7165 2881 0
7165 7165 0
7165 3446 0
496 2881 0
496 496 0
8817 5882 1
8817 5883 1
8817 5885 1
6739 6739 0
6739 2881 0
6739 1022 0
1022 2881 0
1022 1022 0
1022 5247 0
1022 5882 0
3446 3446 0
3446 15612 0
20088 20088 0
2881 5882 0
2881 15612 0
2881 2881 0
2881 5885 0
5882 5882 0
5882 5883 0
5882 5885 0
5883 5883 0
15612 15612 0
5885 5885 0
4734 4734 2
