7723 7723 0
7723 732 1
7723 4081 1
3077 129 1
3077 3077 2
7187 3729 1
7187 3986 1
7187 7187 2
7187 2594 1
7187 2724 1
7187 2470 1
7187 7721 1
7187 2602 1
7187 18227 1
7187 6078 1
7187 1472 1
7187 6739 1
7187 18332 1
7187 4371 1
5661 5661 0
5661 15456 1
5661 732 1
5661 861 0
5661 5994 0
5661 6042 0
5661 4822 0
5661 2501 0
2594 168 0
2594 287 0
2594 2338 0
2594 18728 0
2594 413 0
2594 418 0
2594 13061 0
2594 2594 0
2594 2602 0
2594 6739 0
2594 2709 0
2594 2718 0
2594 2722 0
2594 2724 0
2594 4916 0
2594 861 0
2594 869 0
2594 3426 0
2594 16308 0
2594 3782 0
2594 1741 0
2594 7893 0
2594 5855 0
2594 5994 0
2594 3986 0
2594 18332 0
2594 6068 0
2594 6078 0
2594 4081 1
7721 2718 0
7721 2722 0
7721 2724 0
7721 3844 0
7721 3355 0
7721 3882 1
7721 10107 0
7721 1928 1
7721 413 0
7721 418 0
7721 6068 0
7721 7109 0
2602 2602 0
2602 16308 0
2602 3782 0
2602 1741 0
2602 7893 0
2602 732 1
2602 18728 0
2602 2338 0
2602 861 0
2602 3426 0
2602 18332 0
2602 6068 0
2602 6078 0
2602 6599 0
2602 6739 0
8747 3986 0
8747 5469 0
8747 2338 0
8747 3801 0
8747 1882 1
8747 1885 1
8747 1170 0
1885 3844 1
1885 7055 1
1885 5523 1
1885 7060 1
1885 6489 1
1885 287 1
1885 1697 1
1885 2338 1
1885 8133 1
1885 4300 1
1885 1868 1
1885 1869 1
1885 1870 1
1885 1872 1
1885 1873 1
1885 1874 1
1885 1875 1
1885 1885 2
1885 14716 1
1885 4339 1
1885 12412 1
1885 7317 1
4145 4145 0
4145 2500 0
4145 6739 0
4145 676 0
4145 861 0
4145 1159 0
4145 5274 1
4145 3517 0
4145 7893 0
4145 5855 0
4145 3986 0
4145 18332 0
4145 16308 0
4145 4081 1
6068 16444 0
6068 129 0
6068 168 0
6068 1741 0
6068 17451 0
6068 16308 0
6068 2338 0
6068 4477 0
6068 6599 0
6068 13061 0
6068 6739 0
6068 2709 0
6068 2718 0
6068 2722 0
6068 2724 0
6068 4916 0
6068 861 0
6068 5022 0
6068 13355 0
6068 3426 0
6068 7893 0
6068 5855 0
6068 3884 0
6068 1928 1
6068 3986 0
6068 18332 0
6068 6068 0
6068 676 0
6068 4081 1
16444 676 0
16444 1741 0
16444 4371 0
16444 4916 0
16444 16444 0
16444 5994 0
16444 1928 1
16444 1472 0
16444 2500 0
16444 2501 0
16444 418 0
16444 4081 1
6739 4300 0
6739 2338 0
6739 4477 0
6739 413 0
6739 418 0
6739 6739 0
6739 2709 0
6739 2718 0
6739 2722 0
6739 2724 0
6739 7109 0
6739 1159 0
6739 1472 0
6739 287 0
6739 3782 0
6739 1741 0
6739 18728 0
6739 3884 0
6739 8162 0
6739 3986 0
6739 4081 1
15456 5523 1
15456 2222 1
15456 7077 1
15456 168 1
15456 3884 1
15456 2501 1
15456 5855 1
15456 15456 2
15456 4477 1
5753 5753 0
5753 5274 1
5753 4300 0
5753 4371 0
5753 3355 0
5753 1830 1
5753 2718 0
5753 7109 0
12412 1882 1
129 3844 0
129 5469 0
129 129 0
129 2709 0
129 2724 0
129 168 0
129 732 1
129 2338 0
129 7317 0
129 6042 0
129 413 0
129 418 0
129 6078 0
129 8162 0
129 5523 0
1159 1159 0
1159 2718 0
1159 676 0
1159 4081 1
1159 4822 0
1159 732 1
1159 10107 0
1159 4371 0
1159 3355 0
1159 287 0
1159 861 0
1159 5994 0
1159 6042 0
1159 418 0
1159 3517 0
1159 2724 0
1159 3043 0
1159 2470 0
3729 4371 0
3729 287 0
3729 4477 0
3729 2470 0
3729 2500 0
3729 2501 0
3729 2718 0
3729 2722 0
3729 2724 0
3729 4822 0
3729 732 1
3729 869 0
3729 7077 0
3729 7109 0
3729 3043 0
3729 3517 0
3729 1472 0
3729 3729 0
3729 1741 0
3729 5855 0
3729 6078 0
1170 4300 0
1170 2338 0
1170 2709 0
1170 2722 0
1170 732 1
1170 5469 0
1170 3801 0
1170 5855 0
1170 1882 1
1170 1928 1
1170 3986 0
2709 168 0
2709 10433 0
2709 2338 0
2709 18728 0
2709 413 0
2709 2500 0
2709 2501 0
2709 6599 0
2709 2709 0
2709 2718 0
2709 2722 0
2709 676 0
2709 732 1
2709 13061 0
2709 4916 0
2709 861 0
2709 869 0
2709 5274 1
2709 3426 0
2709 16308 0
2709 7893 0
2709 3801 0
2709 5855 0
2709 3884 0
2709 18227 0
2709 10107 0
2709 3986 0
2709 18332 0
2709 6078 0
2709 2724 0
2709 8162 0
2709 4081 1
5274 5274 2
5274 2722 1
5274 2724 1
5274 168 1
5274 2730 1
5274 2222 1
5274 3782 1
5274 1741 1
5274 4822 1
5274 5855 1
5274 3325 1
5274 4371 1
5274 3355 1
5274 18728 1
5274 3882 2
5274 5994 1
5274 10107 1
5274 6042 1
5274 413 1
5274 418 1
5274 7077 1
5274 2470 1
5274 1472 1
5274 2500 1
5274 7109 1
5274 3043 1
2718 168 0
2718 287 0
2718 2338 0
2718 5523 0
2718 413 0
2718 418 0
2718 2500 0
2718 6599 0
2718 2718 0
2718 2501 0
2718 2722 0
2718 2724 0
2718 861 0
2718 869 0
2718 5022 0
2718 3043 0
2718 1882 1
2718 5469 0
2718 3426 0
2718 1472 0
2718 1741 0
2718 5855 0
2718 3884 0
2718 3986 0
2718 6042 0
2718 18332 0
2718 6078 0
2718 1697 0
2718 4081 1
2501 4822 0
2501 4371 0
2501 2500 0
2501 2501 0
2501 2722 0
2501 732 1
2501 13061 0
2501 4916 0
2501 7077 0
2501 13355 0
2501 5523 0
2501 1741 0
2501 7893 0
2501 5855 0
2501 3884 0
2501 3986 0
2501 16308 0
2501 6078 0
1697 1697 0
1697 6078 0
1697 8133 0
1697 1882 1
1697 5469 0
2722 168 0
2722 2338 0
2722 5523 0
2722 413 0
2722 418 0
2722 2500 0
2722 6599 0
2722 13061 0
2722 2722 0
2722 676 0
2722 861 0
2722 869 0
2722 5022 0
2722 3043 0
2722 5469 0
2722 3426 0
2722 16308 0
2722 1741 0
2722 7893 0
2722 5855 0
2722 18728 0
2722 3884 0
2722 3986 0
2722 6042 0
2722 18332 0
2722 2724 0
2722 4081 1
676 13355 0
676 676 0
676 10433 0
676 7893 0
676 18728 0
676 17451 0
676 287 0
676 1830 1
676 18227 0
676 4916 0
676 861 0
676 3426 0
676 3986 0
676 418 0
676 3043 0
676 4081 1
168 168 0
168 4300 0
168 4339 0
168 287 0
168 4477 0
168 861 0
168 7077 0
168 3010 0
168 3355 0
168 5469 0
168 1741 0
168 3844 0
168 10107 0
2730 18332 0
2730 287 0
2730 2338 0
2730 1869 0
2730 1874 0
2730 3426 0
2730 1830 1
2730 4339 0
2222 3355 0
2222 2500 0
13355 18728 0
13355 287 0
13355 2470 0
13355 732 1
13355 1472 0
13355 7893 0
13355 5855 0
13355 10107 0
13355 1928 1
13355 6042 0
13355 4081 1
10433 732 1
10433 15122 0
10433 8162 0
10433 4081 1
3782 18728 0
3782 6599 0
3782 3043 0
3782 861 0
3782 7317 0
3782 3426 0
3782 5523 0
3782 1741 0
3782 5855 0
3782 3884 0
3782 5994 0
3782 1928 1
3782 3986 0
3782 6042 0
3782 18332 0
3782 6078 0
4300 5469 0
4300 4300 0
4300 1741 0
4300 4822 0
4300 4339 0
4300 2338 0
4300 1882 1
4300 7317 0
4300 1928 1
4300 3986 0
4300 7077 0
4300 7109 0
4300 3801 0
4300 5523 0
1741 2338 0
1741 18728 0
1741 4477 0
1741 418 0
1741 2500 0
1741 2724 0
1741 4822 0
1741 732 1
1741 861 0
1741 869 0
1741 5022 0
1741 3043 0
1741 3355 0
1741 5469 0
1741 5523 0
1741 7077 0
1741 1741 0
1741 5855 0
1741 3884 0
1741 5994 0
1741 10107 0
1741 1928 1
1741 4081 1
7893 7893 0
7893 287 0
7893 18728 0
7893 413 0
7893 418 0
7893 2470 0
7893 732 1
7893 13061 0
7893 15122 0
7893 7109 0
7893 1472 0
7893 16308 0
7893 5855 0
7893 8162 0
7893 10107 0
7893 1928 1
7893 2724 0
7893 4081 1
4822 5855 0
4822 6599 0
4822 2338 0
4822 4822 0
4822 4371 0
4822 7077 0
4822 3882 1
4822 861 0
4822 869 0
4822 5994 0
4822 3986 0
4822 5523 0
4822 2500 0
4822 3043 0
3801 4339 0
3801 2338 0
3801 1882 1
3801 1928 1
732 15122 1
732 5855 1
732 13061 1
732 5895 1
732 2338 1
732 17451 1
732 861 1
732 3426 1
732 869 1
732 3986 1
732 18332 1
732 16308 1
732 6599 1
732 8162 1
732 4081 2
5855 4371 0
5855 18728 0
5855 4477 0
5855 413 0
5855 2500 0
5855 13061 0
5855 15122 0
5855 4916 0
5855 861 0
5855 869 0
5855 7109 0
5855 5469 0
5855 7077 0
5855 5855 0
5855 16308 0
5855 5994 0
5855 6078 0
4339 5469 0
4339 4371 0
4339 2338 0
4339 1882 1
4339 3986 0
4339 1928 1
18164 5994 1
18164 18164 2
18164 4477 1
18164 287 1
3325 7317 0
3325 1882 1
3325 3325 0
17451 287 0
17451 18332 0
17451 7109 0
17451 2724 0
17451 4081 1
3844 5469 0
3844 7317 0
3844 3844 0
3844 1882 1
3844 3986 0
3844 3043 0
13061 18728 0
13061 413 0
13061 418 0
13061 2470 0
13061 2724 0
13061 13061 0
13061 5469 0
13061 3426 0
13061 1472 0
13061 16308 0
13061 10107 0
13061 1928 1
13061 6042 0
13061 8162 0
13061 4081 1
5895 5895 0
5895 5469 0
5895 7317 0
5895 4081 1
15122 18227 0
15122 6599 0
15122 4081 1
4371 18227 0
4371 7109 0
4371 4371 0
4371 3884 0
4371 3043 0
4371 861 0
4371 5994 0
4371 3986 0
4371 5523 0
4371 2500 0
4371 7077 0
3355 7317 0
3355 3884 0
3355 3355 0
3355 3882 1
3355 5994 0
3355 2500 0
3355 7109 0
3355 3043 0
287 287 0
287 2338 0
287 413 0
287 3043 0
287 3426 0
287 4916 0
287 5994 0
287 6078 0
287 6599 0
287 7317 0
287 2724 0
2338 2338 0
2338 413 0
2338 418 0
2338 2724 0
2338 5022 0
2338 7317 0
2338 18728 0
2338 5469 0
2338 3426 0
2338 1472 0
2338 1882 1
2338 5994 0
2338 10107 0
2338 1928 1
2338 3986 0
1830 7317 1
1830 1830 2
18728 4477 0
18728 413 0
18728 6599 0
18728 861 0
18728 3426 0
18728 18728 0
18728 3986 0
18728 18332 0
18728 16308 0
18728 4081 1
3882 3043 1
3882 2500 1
3882 3882 2
3882 3517 1
3882 5022 1
3884 7077 0
3884 3884 0
3884 869 0
3884 1928 1
3884 5523 0
3884 2500 0
18227 18332 0
18227 8162 0
18227 4081 1
4916 418 0
4916 2500 0
4916 4916 0
4916 1472 0
4916 1928 1
4916 4081 1
7483 1928 1
7483 3986 0
7483 7109 0
7483 8162 0
7483 4081 1
1868 1868 0
1868 1882 1
1869 1869 0
1869 1882 1
1870 1882 1
1872 1882 1
1873 1882 1
1874 1882 1
1875 1882 1
6489 1882 1
1882 7055 1
1882 5523 1
1882 7060 1
1882 8133 1
1882 5022 1
1882 1882 2
1882 5469 1
1882 869 1
1882 14716 1
861 4477 0
861 413 0
861 418 0
861 2470 0
861 861 0
861 3043 0
861 5469 0
861 3426 0
861 1472 0
861 5994 0
861 10107 0
861 1928 1
861 3986 0
861 6078 0
861 2724 0
861 8162 0
861 4081 1
3426 16308 0
3426 413 0
3426 418 0
3426 2470 0
3426 3426 0
3426 1472 0
3426 10107 0
3426 1928 1
3426 3986 0
3426 2724 0
3426 8162 0
3426 4081 1
869 2724 0
869 5469 0
869 869 0
869 5523 0
869 6599 0
869 3043 0
869 7109 0
5994 2500 0
5994 3043 0
5994 7317 0
5994 5994 0
10107 10107 0
10107 1928 1
10107 16308 0
14716 14716 0
4477 3986 0
4477 5469 0
7317 3986 0
1928 16308 1
1928 5469 1
1928 1928 2
1928 3517 1
1928 3010 1
1928 7109 1
3986 413 0
3986 418 0
3986 1472 0
3986 2470 0
3986 2724 0
3986 3517 0
3986 3986 0
3986 4081 1
3986 5022 0
3986 5469 0
3986 5523 0
3986 6042 0
3986 7109 0
3986 8162 0
5523 7077 0
5523 3043 0
5523 5523 0
5523 5469 0
5523 2500 0
5469 7077 0
5469 3010 0
5469 5469 0
6042 413 0
6042 418 0
6042 18332 0
6042 4081 1
18332 413 0
18332 418 0
18332 2724 0
18332 8162 0
18332 4081 1
413 2724 0
413 16308 0
413 418 0
413 3517 0
413 6599 0
413 4081 1
5022 5022 0
418 16308 0
418 6599 0
418 4081 1
7077 3043 0
7077 7077 0
7077 6078 0
7077 2500 0
2470 7109 0
16308 2724 0
16308 1472 0
16308 16308 0
16308 8162 0
3517 7109 0
6078 2500 0
6078 6078 0
6078 4081 1
3010 3010 0
3010 4081 1
2500 2724 0
2500 3043 0
2500 2500 0
6599 2724 0
6599 4081 1
2724 2724 0
2724 4081 1
8162 4081 1
3043 3043 0
4081 4081 2
7109 7109 0
