4110 4110 2
4110 6162 1
4110 52 1
4110 53 1
4110 2115 1
4110 19029 2
4110 2136 1
4110 8287 1
4110 6164 1
4110 4642 1
4110 6359 1
4110 8438 1
4110 4349 1
4110 287 1
4110 4647 1
4110 16684 1
4110 4399 1
4110 337 1
4110 12663 1
4110 2468 1
4110 4550 1
4110 14072 1
4110 498 1
4110 499 1
4110 4645 1
4110 4655 1
4110 16933 1
4110 2701 1
4110 2703 1
4110 8849 1
4110 2708 1
4110 2712 1
4110 679 1
4110 2728 1
4110 4780 1
4110 17084 1
4110 705 1
4110 18982 1
4110 5243 1
4110 21322 2
4110 864 1
4110 5028 1
4110 9145 2
4110 5052 1
4110 7109 1
4110 19450 1
4110 7224 1
4110 5207 1
4110 11379 1
4110 5307 1
4110 1216 1
4110 4646 1
4110 1259 1
4110 15612 1
4110 5389 2
4110 13587 1
4110 15663 2
4110 3397 1
4110 3425 1
4110 13710 1
4110 19879 1
4110 15607 1
4110 7631 1
4110 7634 1
4110 5589 1
4110 17324 1
4110 7712 1
4110 17964 1
4110 1591 1
4110 1620 1
4110 15988 1
4110 4033 1
4110 2718 1
4110 5865 1
4110 5867 1
4110 3833 1
4110 5882 1
4110 7936 1
4110 5953 1
4110 5980 1
4110 5981 1
4110 2705 1
4110 6005 1
4110 6008 2
4110 8100 1
4110 6069 1
4110 6070 1
4110 6081 1
4110 2722 1
4110 2724 1
4110 4095 1
6160 6162 0
6160 52 0
6160 6160 0
6160 6164 0
6160 6359 0
6160 287 0
6160 337 0
6160 4547 0
6160 482 0
6160 2703 0
6160 2718 0
6160 2722 0
6160 8867 0
6160 679 0
6160 5052 0
6160 5243 0
6160 5389 1
6160 15663 1
6160 3397 0
6160 1620 0
6160 15988 0
6160 5980 0
6160 5981 0
6162 6162 0
6162 52 0
6162 2115 0
6162 6164 0
6162 168 0
6162 6359 0
6162 337 0
6162 19879 0
6162 2701 0
6162 2703 0
6162 2712 0
6162 669 0
6162 2718 0
6162 672 0
6162 2722 0
6162 8867 0
6162 9009 0
6162 861 0
6162 5028 0
6162 5243 0
6162 1216 0
6162 5389 1
6162 15663 1
6162 1620 0
6162 5855 0
6162 5882 0
6162 6081 0
6164 6164 0
6164 337 0
6164 2712 0
6164 8867 0
6164 861 0
6164 5028 0
6164 7224 0
6164 1216 0
6164 4647 0
6164 15663 1
6164 7712 0
6164 1591 0
6164 5953 0
7712 7712 0
7712 4399 0
7712 21322 1
7712 5389 1
7712 5980 0
4642 4642 0
4642 4645 0
4642 4646 0
4642 4647 0
4642 4655 0
4642 11379 0
4642 2703 0
4642 2712 0
4642 5855 0
4642 5885 0
4642 5389 1
4642 8467 0
4642 5981 0
4642 5994 0
4642 6078 0
4642 482 0
4645 4645 0
4645 4646 0
4645 4647 0
4645 4655 0
4645 1591 0
4645 11379 0
4645 2701 0
4645 2703 0
4645 2712 0
4645 5885 0
4645 861 0
4645 9009 0
4645 21322 1
4645 5981 0
4645 5028 0
4646 4647 0
4646 4655 0
4646 1591 0
4646 1620 0
4646 8287 0
4646 11379 0
4646 2703 0
4646 2718 0
4646 2722 0
4646 6359 0
4646 5885 0
4646 8467 0
4646 21322 1
4646 5981 0
4646 2712 0
4646 5028 0
4646 19879 0
4647 4647 0
4647 4655 0
4647 1591 0
4647 1620 0
4647 11379 0
4647 2703 0
4647 2712 0
4647 669 0
4647 5885 0
4647 8467 0
4647 21322 1
4647 7224 0
4647 861 0
4647 6005 0
4647 5028 0
4647 5589 0
17964 2724 0
17964 21322 1
17964 5981 0
17964 5882 0
4655 861 0
4655 1591 0
4655 2115 0
4655 11379 0
4655 2701 0
4655 2703 0
4655 2712 0
4655 5855 0
4655 5885 0
4655 287 0
4655 15663 1
4655 5981 0
4655 5028 0
51 51 0
51 1620 0
51 168 0
51 4780 0
51 1216 0
51 5855 0
51 5865 0
51 5867 0
51 5389 1
51 337 0
51 861 0
51 12663 0
51 6081 0
51 2500 0
51 19029 1
52 1620 0
52 5855 0
52 5865 0
52 15663 1
52 8867 0
53 53 0
53 2115 0
53 168 0
53 6359 0
53 287 0
53 337 0
53 2500 0
53 19879 0
53 498 0
53 2703 0
53 2708 0
53 2712 0
53 2718 0
53 2722 0
53 8867 0
53 2724 0
53 4780 0
53 9009 0
53 5028 0
53 5052 0
53 1022 0
53 861 0
53 5243 0
53 1216 0
53 5389 1
53 15663 1
53 3393 0
53 3397 0
53 3425 0
53 5589 0
53 1591 0
53 5855 0
53 5865 0
53 5867 0
53 5953 0
53 5980 0
53 5981 0
53 6069 0
53 6070 0
53 6078 0
53 6081 0
1591 2115 0
1591 6359 0
1591 8467 0
1591 4479 0
1591 2468 0
1591 2703 0
1591 2712 0
1591 2718 0
1591 2722 0
1591 8867 0
1591 2724 0
1591 4780 0
1591 861 0
1591 5028 0
1591 7224 0
1591 11379 0
1591 5243 0
1591 5389 1
1591 15663 1
1591 13710 0
1591 5981 0
1591 19879 0
1591 19029 1
1591 1591 0
1591 1620 0
1591 15988 0
1591 5855 0
1591 14072 0
1591 5953 0
7224 7224 0
7224 5855 0
7224 5885 0
7224 287 0
7224 21322 1
7224 861 0
7224 5028 0
7224 6078 0
7224 4095 0
8100 15663 1
8100 827 0
8100 6081 0
8100 21322 1
8100 1620 0
8100 8100 0
8100 861 0
8100 498 0
8100 8442 0
864 1620 0
864 19029 1
864 2718 0
864 2722 0
864 679 0
864 1216 0
864 1259 0
864 287 0
864 9009 0
864 5855 0
864 3397 0
864 863 0
864 864 0
864 6008 1
864 6081 0
864 4550 0
864 5589 0
2115 6069 0
2115 2115 0
2115 14072 0
2115 1620 0
2115 5885 0
2115 5243 0
2115 2705 0
2115 2712 0
2115 2718 0
2115 2722 0
2115 8867 0
2115 2724 0
2115 168 0
2115 6359 0
2115 5855 0
2115 5389 1
2115 287 0
2115 861 0
2115 3425 0
2115 13710 0
2115 6070 0
2115 6081 0
2115 4550 0
2115 5028 0
2115 19879 0
2115 4095 0
1620 168 0
1620 6359 0
1620 4349 0
1620 287 0
1620 337 0
1620 4479 0
1620 2468 0
1620 4550 0
1620 2701 0
1620 2703 0
1620 4547 0
1620 2708 0
1620 2712 0
1620 669 0
1620 2718 0
1620 672 0
1620 2722 0
1620 8867 0
1620 679 0
1620 14072 0
1620 7634 0
1620 827 0
1620 5052 0
1620 8287 0
1620 9009 0
1620 5243 0
1620 1216 0
1620 16933 0
1620 1259 0
1620 13549 0
1620 5389 1
1620 13587 0
1620 3397 0
1620 1472 0
1620 4551 0
1620 1620 0
1620 5855 0
1620 5865 0
1620 5867 0
1620 3833 0
1620 5882 0
1620 5953 0
1620 5980 0
1620 5981 0
1620 6008 1
1620 4033 0
1620 2724 0
1620 4095 0
19029 287 1
19029 6818 1
19029 2468 1
19029 168 1
19029 16684 1
19029 1211 1
19029 4033 1
19029 4551 1
19029 19029 2
19029 21322 2
19029 6359 1
19029 8442 1
19029 5882 1
19029 6081 1
19029 827 1
19029 13587 1
19029 5243 1
5207 18982 0
5207 5980 0
5207 861 0
5207 5207 0
5207 8467 0
5207 15988 0
5207 2712 0
5207 4780 0
5207 8438 0
5207 3833 0
5207 5994 0
5207 5981 0
5207 9145 1
5207 5052 0
5207 1472 0
5207 4547 0
5207 2500 0
5207 4550 0
2136 5389 1
2136 2708 0
2136 2718 0
2136 2724 0
8287 5981 0
8287 4664 0
8287 9145 1
8287 15663 1
8287 8287 0
8287 2703 0
8287 2708 0
8287 2718 0
8287 2722 0
8287 2724 0
8287 168 0
8287 5855 0
8287 18982 0
8287 5865 0
8287 8438 0
8287 5882 0
8287 4479 0
8287 5885 0
8287 5389 1
8287 8467 0
8287 287 0
8287 9009 0
8287 3397 0
8287 337 0
8287 5980 0
8287 2705 0
8287 2712 0
8287 6078 0
8287 7109 0
8287 7631 0
8287 7634 0
8287 2728 0
1211 9145 1
1211 4349 0
11379 2703 0
11379 2712 0
11379 5307 0
11379 6359 0
11379 5389 1
11379 5953 0
11379 5028 0
11379 19879 0
15988 2718 0
15988 2722 0
15988 5243 0
15988 5028 0
15988 18982 0
15988 19879 0
15988 5389 1
15988 15988 0
15988 5994 0
15988 6078 0
5243 168 0
5243 6359 0
5243 4349 0
5243 287 0
5243 337 0
5243 4664 0
5243 2703 0
5243 2708 0
5243 2712 0
5243 2718 0
5243 2722 0
5243 8867 0
5243 2724 0
5243 5028 0
5243 21322 1
5243 3216 0
5243 13549 0
5243 5389 1
5243 15663 1
5243 3397 0
5243 13710 0
5243 19879 0
5243 5855 0
5243 5882 0
5243 5885 0
5243 5953 0
5243 6069 0
5243 6070 0
5243 6081 0
4033 287 0
2701 4664 0
2701 2703 0
2701 2718 0
2701 14072 0
2701 5855 0
2701 5882 0
2701 5885 0
2701 5981 0
2701 15663 1
2701 2708 0
2701 13710 0
2701 2712 0
2701 19879 0
2701 6078 0
2703 337 0
2703 4479 0
2703 2500 0
2703 4664 0
2703 2703 0
2703 2705 0
2703 2712 0
2703 2718 0
2703 2722 0
2703 8867 0
2703 2724 0
2703 2728 0
2703 21322 1
2703 19450 0
2703 1022 0
2703 13549 0
2703 5389 1
2703 3397 0
2703 3425 0
2703 1472 0
2703 7634 0
2703 5855 0
2703 5882 0
2703 5885 0
2703 7936 0
2703 5953 0
2703 6078 0
3216 5389 1
3216 3216 0
3216 2712 0
3216 18982 0
3216 19879 0
3216 5953 0
3216 6008 1
8849 8849 0
8849 6078 0
8849 6008 1
2708 168 0
2708 8438 0
2708 4349 0
2708 8467 0
2708 287 0
2708 2500 0
2708 482 0
2708 2712 0
2708 669 0
2708 2718 0
2708 2722 0
2708 2724 0
2708 2728 0
2708 827 0
2708 21322 1
2708 861 0
2708 17324 0
2708 9145 1
2708 7109 0
2708 1022 0
2708 1216 0
2708 5389 1
2708 15663 1
2708 3397 0
2708 3425 0
2708 19879 0
2708 7631 0
2708 7634 0
2708 5855 0
2708 14072 0
2708 5882 0
2708 5885 0
2708 5953 0
2708 5981 0
2708 6078 0
2712 168 0
2712 6359 0
2712 8438 0
2712 287 0
2712 337 0
2712 4479 0
2712 2500 0
2712 4664 0
2712 16933 0
2712 2712 0
2712 2718 0
2712 2722 0
2712 8867 0
2712 2724 0
2712 2728 0
2712 18982 0
2712 861 0
2712 863 0
2712 5028 0
2712 5052 0
2712 1022 0
2712 1259 0
2712 5389 1
2712 15663 1
2712 3397 0
2712 3425 0
2712 4547 0
2712 19879 0
2712 1472 0
2712 7634 0
2712 5589 0
2712 5855 0
2712 14072 0
2712 5882 0
2712 5885 0
2712 7936 0
2712 5953 0
2712 5980 0
2712 5981 0
2712 6008 1
2712 6069 0
2712 6070 0
2712 6078 0
2712 6081 0
669 168 0
669 8467 0
669 337 0
669 19879 0
669 4664 0
669 669 0
669 2718 0
669 8867 0
669 679 0
669 5028 0
669 7109 0
669 5389 1
669 15663 1
669 3397 0
669 5882 0
669 5885 0
669 5981 0
669 6078 0
669 4095 0
2718 168 0
2718 8438 0
2718 8467 0
2718 287 0
2718 337 0
2718 4479 0
2718 4547 0
2718 2500 0
2718 4550 0
2718 19879 0
2718 4664 0
2718 2705 0
2718 2718 0
2718 2722 0
2718 2724 0
2718 679 0
2718 9009 0
2718 827 0
2718 861 0
2718 863 0
2718 5028 0
2718 21322 1
2718 1216 0
2718 18982 0
2718 15612 0
2718 6359 0
2718 5389 1
2718 15663 1
2718 1472 0
2718 7634 0
2718 5855 0
2718 5867 0
2718 14072 0
2718 5882 0
2718 7936 0
2718 5953 0
2718 6008 1
2718 6069 0
2718 6070 0
2718 6078 0
2718 6081 0
672 672 0
672 679 0
672 5882 0
672 5885 0
672 5389 1
672 15663 1
672 3397 0
672 337 0
672 6078 0
4769 4769 0
4769 17084 0
4769 8442 0
4769 5389 1
4769 15663 1
4769 4551 0
6818 8467 0
6818 9145 1
8867 6359 0
8867 8442 0
8867 337 0
8867 4547 0
8867 482 0
8867 8867 0
8867 679 0
8867 861 0
8867 1022 0
8867 1216 0
8867 5389 1
8867 15663 1
8867 3397 0
8867 13710 0
8867 19879 0
8867 1472 0
8867 17324 0
8867 5865 0
8867 6081 0
8867 4095 0
2724 6359 0
2724 8467 0
2724 4479 0
2724 2500 0
2724 482 0
2724 4664 0
2724 2722 0
2724 2724 0
2724 861 0
2724 5028 0
2724 15663 1
2724 13710 0
2724 19879 0
2724 287 0
2724 14072 0
2724 5953 0
2724 5981 0
2724 6069 0
2724 6070 0
2724 6081 0
679 679 0
679 168 0
679 5307 0
679 9009 0
679 8442 0
679 5389 1
679 3397 0
679 6081 0
679 7109 0
168 168 0
168 4479 0
168 287 0
168 337 0
168 4547 0
168 498 0
168 4664 0
168 2722 0
168 2728 0
168 4780 0
168 9009 0
168 482 0
168 861 0
168 1022 0
168 1259 0
168 5389 1
168 15663 1
168 3397 0
168 21322 1
168 19879 0
168 17324 0
168 14072 0
168 5885 0
168 5981 0
168 6008 1
168 6081 0
4780 5981 0
4780 15663 1
4780 4780 0
4780 5885 0
4780 861 0
4780 1022 0
5307 5389 1
5307 5307 0
17084 21322 1
1216 5855 0
1216 1259 0
1216 5389 1
1216 3397 0
1216 7013 0
1216 6078 0
1216 1022 0
705 5981 0
705 4664 0
705 7013 0
705 705 0
705 5855 0
705 1259 0
705 13549 0
705 5882 0
705 5885 0
705 287 0
705 15663 1
705 3397 0
705 5980 0
705 6005 0
705 498 0
705 9145 1
705 5052 0
705 6081 0
705 7109 0
705 4550 0
705 4551 0
705 482 0
6359 4349 0
6359 19879 0
6359 2722 0
6359 21322 1
6359 5028 0
6359 7109 0
6359 1259 0
6359 5389 1
6359 13587 0
6359 15663 1
6359 3397 0
6359 13710 0
6359 5855 0
6359 5953 0
6359 5981 0
6359 6008 1
6359 6069 0
6359 6070 0
6359 6078 0
6359 6081 0
217 2500 1
217 7634 1
217 1022 1
5855 4349 0
5855 337 0
5855 13710 0
5855 12663 0
5855 4479 0
5855 4547 0
5855 2500 0
5855 4551 0
5855 482 0
5855 19879 0
5855 498 0
5855 499 0
5855 4664 0
5855 2705 0
5855 2722 0
5855 4550 0
5855 2728 0
5855 14072 0
5855 827 0
5855 861 0
5855 863 0
5855 5028 0
5855 5052 0
5855 7109 0
5855 1022 0
5855 7631 0
5855 3393 0
5855 3425 0
5855 7634 0
5855 9145 1
5855 5855 0
5855 5865 0
5855 5867 0
5855 5953 0
5855 5980 0
5855 5981 0
5855 5994 0
5855 6005 0
5855 6008 1
5855 6078 0
5855 6081 0
16933 7936 0
16933 2705 0
16933 2468 0
16933 6069 0
16933 21322 1
16933 482 0
16933 8438 0
16933 1022 0
16933 4479 0
18982 18982 0
18982 5981 0
18982 8467 0
18982 5389 1
18982 1472 0
18982 4547 0
5865 5865 0
5865 5867 0
5865 9009 0
5865 15663 1
5865 861 0
1259 4349 0
1259 8467 0
1259 287 0
1259 2500 0
1259 4664 0
1259 2722 0
1259 861 0
1259 5882 0
1259 6008 1
1259 6078 0
13549 5389 1
13549 287 0
13549 3393 0
13549 21322 1
13549 5981 0
13549 7109 0
13549 1022 0
8438 7936 0
8438 13587 0
8438 287 0
8438 21322 1
8438 2468 0
8438 6069 0
8438 6070 0
8438 7634 0
8438 482 0
15607 8467 0
15607 21322 1
14072 5953 0
14072 2722 0
14072 2728 0
14072 5882 0
14072 5885 0
14072 8467 0
14072 15663 1
14072 287 0
14072 337 0
14072 861 0
14072 2468 0
14072 8442 0
14072 6069 0
3833 8467 0
3833 5981 0
3833 9145 1
5882 2705 0
5882 2722 0
5882 9009 0
5882 7013 0
5882 5052 0
5882 1022 0
5882 15663 1
5882 7634 0
5882 5882 0
5882 5885 0
5882 5980 0
5882 5981 0
5882 6005 0
15612 4664 0
15612 15612 0
15612 5389 1
15612 8467 0
15612 861 0
15612 3425 0
15612 13710 0
15612 4551 0
4349 4349 0
4349 5389 1
4349 287 0
4349 5953 0
4349 19879 0
4349 6081 0
7936 6069 0
7936 21322 1
7936 5885 0
861 4400 1
861 4547 0
861 4550 0
861 4551 0
861 2722 0
861 9009 0
861 827 0
861 861 0
861 5052 0
861 19450 0
861 1022 0
861 3397 0
861 3425 0
861 13710 0
861 19879 0
861 1472 0
861 5589 0
861 5028 0
861 5867 0
861 5953 0
861 5994 0
861 6008 1
861 6069 0
861 6070 0
861 6078 0
861 6081 0
861 4095 0
5389 8442 1
5389 287 1
5389 4399 1
5389 337 1
5389 4550 1
5389 4551 1
5389 482 1
5389 498 1
5389 1472 1
5389 2728 1
5389 21322 2
5389 863 1
5389 9145 2
5389 7109 1
5389 1022 1
5389 5389 2
5389 15663 2
5389 3393 1
5389 3397 1
5389 7631 1
5389 5589 1
5389 5885 1
5389 5953 1
5389 5980 1
5389 5981 1
5389 2705 1
5389 6069 1
5389 6070 1
5389 6081 1
5389 4095 1
8467 4400 1
8467 2722 0
8467 9009 0
8467 9145 1
8467 7109 0
8467 19879 0
8467 13587 0
8467 3393 0
8467 3425 0
8467 17324 0
8467 8467 0
8467 5867 0
8467 5981 0
8467 5994 0
8467 6069 0
8467 1022 0
15663 5867 1
15663 15663 2
15663 9009 1
15663 3393 1
15663 3397 1
15663 7013 1
15663 12663 1
15663 4479 1
15663 13710 1
15663 5028 1
15663 1472 1
15663 6081 1
15663 4547 1
15663 2722 1
15663 7631 1
15663 482 1
15663 1022 1
287 287 0
287 9009 0
287 827 0
287 863 0
287 2468 0
287 2728 0
287 3397 0
287 19879 0
287 5052 0
287 5885 0
287 5953 0
287 5980 0
287 5994 0
287 6008 1
287 6070 0
287 6078 0
287 6081 0
4664 4664 0
4664 5994 0
4664 2705 0
4664 2722 0
4664 9145 1
4664 21322 1
4664 5981 0
4664 13710 0
4664 5052 0
4664 4095 0
16684 13710 0
4399 4399 0
9009 19879 0
9009 7109 0
9009 2722 0
9009 5885 0
9009 9009 0
9009 827 0
9009 21322 1
9009 863 0
9009 5994 0
9009 2728 0
827 4479 0
827 827 0
827 17324 0
827 7109 0
827 3397 0
827 3425 0
827 19879 0
827 5589 0
827 5981 0
827 5994 0
827 6008 1
827 6081 0
827 4095 0
3393 9145 1
3393 21322 1
3393 337 0
3393 19879 0
3397 8442 0
3397 5885 0
3397 3397 0
3397 5980 0
3397 863 0
3397 5981 0
3397 7109 0
3397 4550 0
21322 2722 1
21322 2468 1
21322 9145 2
21322 5052 1
21322 21322 2
21322 4547 1
21322 7634 1
21322 5981 1
21322 3425 1
21322 6081 1
21322 498 1
21322 499 1
21322 19450 1
21322 5885 1
337 5981 0
337 4551 0
337 12663 0
337 6081 0
337 8442 0
337 5885 0
337 337 0
337 13710 0
337 19879 0
337 5980 0
337 5052 0
337 4550 0
337 5028 0
337 1022 0
5980 5953 0
5980 7109 0
5980 6008 1
5980 19879 0
5980 5885 0
5981 8442 0
5981 482 0
5981 2500 0
5981 2722 0
5981 2728 0
5981 3425 0
5981 19879 0
5981 4479 0
5981 5028 0
5981 5052 0
5981 5885 0
5981 5981 0
5981 6005 0
5981 6008 1
5981 6069 0
5981 6078 0
5981 7109 0
5981 7634 0
863 2722 0
863 6008 1
863 4479 0
863 6081 0
863 5589 0
3425 6069 0
3425 4550 0
3425 4551 0
3425 3425 0
3425 482 0
3425 5052 0
3425 5885 0
3425 498 0
7013 7013 0
7013 6005 0
7013 9145 1
2705 5885 0
2705 5953 0
5994 4547 0
5994 2500 0
5994 9145 1
5994 1022 0
5994 5885 0
5994 5994 0
5994 6005 0
5994 6008 1
6005 9145 1
6005 6005 0
6005 19879 0
6008 17324 1
6008 5052 1
6008 6078 1
6008 5885 1
4479 5885 0
4479 5028 0
4479 19879 0
4479 9145 1
4479 2500 0
4479 1022 0
4479 4095 0
5867 2722 0
5867 5867 0
5867 6069 0
5867 4095 0
5953 2722 0
5953 2728 0
5953 7634 0
5953 5953 0
5953 13710 0
5953 5028 0
13710 2722 0
13710 8442 0
13710 13587 0
13710 19879 0
13710 19450 0
19879 2500 0
19879 2722 0
19879 5028 0
19879 5052 0
19879 7109 0
19879 1022 0
19879 19879 0
19879 7634 0
19879 9145 1
19879 5885 0
19879 6069 0
19879 6070 0
19879 6081 0
17324 5885 0
17324 17324 0
17324 7109 0
17324 4550 0
17324 4551 0
6069 2722 0
6069 5885 0
6069 482 0
6069 5028 0
6069 6069 0
6069 6070 0
6069 6081 0
6069 4550 0
6069 4551 0
6069 498 0
6069 1022 0
6070 2722 0
6070 5885 0
6070 5028 0
6070 6081 0
6070 1022 0
9145 9145 2
9145 6078 1
9145 2500 1
9145 482 1
9145 498 1
9145 5885 1
5052 5885 0
5052 5028 0
5052 5052 0
5052 7109 0
6078 2500 0
6078 6078 0
6078 4095 0
1472 5885 0
1472 4547 0
6081 2500 0
6081 2722 0
6081 5028 0
6081 5589 0
6081 6081 0
4547 2722 0
4547 4547 0
4547 4095 0
2500 2722 0
2500 2500 0
7109 5885 0
7109 7109 0
7109 4550 0
7109 4551 0
4550 4550 0
4550 4551 0
4551 4551 0
4551 5589 0
2722 8442 0
2722 2722 0
2722 5028 0
7631 7631 0
7634 2728 0
7634 5885 0
7634 7634 0
5589 5589 0
5589 8442 0
482 482 0
482 498 0
482 499 0
482 4095 0
13587 5885 0
5885 5885 0
498 498 0
498 19450 0
1022 1022 0
4095 4095 0
