4480 6792 0
4480 4480 0
4480 3885 1
4480 4479 0
4480 15276 1
1153 1153 2
1153 20993 1
1153 781 2
1153 821 1
1153 599 1
1153 2606 1
771 771 0
771 2059 0
771 3225 0
771 1842 1
771 7268 1
772 6068 0
772 7268 1
772 3225 0
772 772 0
772 1842 1
772 821 0
772 5981 0
772 4534 0
772 5586 0
772 7165 0
13149 287 1
20993 20993 0
20993 781 1
20993 821 0
3336 2059 0
3336 20 0
3336 7268 1
3336 3225 0
3336 6792 0
3336 3336 0
3336 781 1
3336 784 0
3336 819 0
3336 4547 0
3336 5586 0
15148 5981 1
15498 287 1
2059 2059 0
2059 20 0
2059 287 0
2059 781 1
2059 819 0
2059 831 1
2059 7268 1
2059 3225 0
2059 5586 0
2059 6792 0
2059 1943 0
781 784 1
781 20 1
781 819 1
781 821 1
781 4550 1
781 5586 1
784 2854 1
784 5586 0
8467 4647 0
8467 16850 0
8467 4534 0
8467 2709 0
8467 15276 1
8467 7165 0
8467 8467 0
8467 3885 1
8467 5981 0
20 20 0
20 287 0
20 4547 0
20 599 0
20 831 1
20 5981 0
2709 48 1
2709 4547 0
2709 16850 0
2709 4647 0
2709 2606 0
2709 4655 0
2709 6792 0
2709 2709 0
2709 2854 1
2709 4957 0
2709 3561 0
2709 3885 1
2709 5981 0
2709 1943 0
2709 6068 0
1943 4479 0
1943 4547 0
1943 2606 0
1943 4655 0
1943 599 0
1943 2854 1
1943 819 0
1943 831 1
1943 4957 0
1943 5788 0
1943 5981 0
1943 1943 0
1943 6068 0
3225 7268 1
3225 3225 0
3225 6792 0
3225 1842 1
3225 819 0
3225 5586 0
3225 5981 0
3225 4550 0
3225 4534 0
7836 6267 0
7836 7836 0
7836 3800 1
7836 3885 1
7836 287 0
7836 2382 0
7836 4479 0
7836 4550 0
7836 5586 0
287 287 0
287 1842 1
287 2382 0
287 2854 1
287 4655 0
287 4957 0
287 5586 0
287 5788 0
20129 20129 2
2854 6792 1
2854 599 1
2854 819 1
2854 5788 1
2854 3517 1
2854 16850 1
2854 2382 1
2854 13539 1
2854 7165 1
2854 5373 1
4647 4647 0
4647 4655 0
4647 7268 1
4647 6267 0
4647 3885 1
4647 16850 0
4647 3561 0
5788 7268 1
5788 6267 0
5788 5788 0
5788 3561 0
7083 15276 1
7083 7268 1
7083 7083 0
15276 4550 1
15276 3561 1
15276 6267 1
15276 4479 1
3885 2606 1
3885 4655 1
3885 6792 1
3885 3885 2
3885 2382 1
3885 5981 1
3885 4479 1
3885 4547 1
3885 6068 1
3885 5883 1
3885 3561 1
3885 7165 1
2606 4547 0
2606 6792 0
2606 821 0
2606 4957 0
2606 7165 0
2606 5373 0
2606 5586 0
2606 3561 0
2606 5981 0
4655 7268 1
4655 6267 0
4655 5981 0
48 6267 1
48 4957 1
6792 2382 0
6792 4547 0
6792 6792 0
6792 7165 0
6792 5883 0
6792 5981 0
1842 5586 1
819 819 0
819 5586 0
6068 4479 0
6068 4550 0
6068 4547 0
6068 831 1
6068 7165 0
6068 5981 0
6068 6068 0
821 6267 0
821 821 0
821 5981 0
4534 2382 0
4534 4534 0
4534 5437 1
4534 5586 0
4534 3561 0
4534 3800 1
3517 5981 0
3517 3800 1
3517 4957 0
3517 4479 0
3517 4547 0
7165 2382 0
7165 7165 0
7165 3561 0
7165 5981 0
831 3561 1
6267 6267 0
6267 5373 0
6267 5981 0
11787 7268 1
11787 1998 1
5981 16850 0
5981 3561 0
5981 4479 0
5981 4957 0
5981 5437 1
5981 5883 0
5981 5981 0
4550 2382 0
4550 4550 0
2382 2382 0
2382 4547 0
2382 5373 0
16850 7268 1
16850 16850 0
599 599 0
599 2791 1
3800 4547 1
4957 4547 0
4957 7268 1
4957 3561 0
13539 13539 0
13539 7268 1
7268 5373 1
5586 5883 0
5586 5586 0
4547 4547 0
5883 16428 1
5883 5883 0
5373 5373 0
