1 1 0
1 287 1
1 3896 1
287 8477 1
287 287 2
287 374 1
287 8606 1
287 727 1
287 900 1
287 1180 1
287 1581 1
287 18000 1
287 1645 1
287 18127 1
287 1745 1
287 10199 1
287 2251 1
287 2594 1
287 2708 1
287 11006 1
287 2831 1
287 2861 1
287 3043 1
287 3134 1
287 11636 1
287 1957 1
287 3745 1
287 3897 1
287 3990 1
287 4059 1
287 4140 1
287 4198 2
287 4428 1
287 4522 1
287 4885 1
287 4888 1
287 13185 1
287 13355 1
287 10419 1
287 5240 1
287 5247 1
287 5504 1
287 5885 1
287 6094 1
287 21518 2
287 6504 1
287 6767 1
287 7125 1
287 7389 1
287 2724 1
374 2242 1
459 459 2
459 1653 1
459 1180 1
727 1202 1
727 727 0
727 3043 0
727 1653 0
900 900 0
900 9626 0
900 5598 1
900 12818 0
1030 1030 0
1030 3745 0
1030 2242 1
1030 2243 0
1030 2245 1
1030 2247 0
1055 2242 1
1055 2243 0
1055 2245 1
1180 2708 0
1180 1180 0
1180 3896 1
1202 2594 1
1202 12818 1
1202 18728 1
1202 1202 2
1202 8477 1
1581 2242 1
1581 2245 1
1581 5432 0
1645 3986 0
1645 1943 0
1645 2245 1
1653 8477 0
1653 1653 0
1653 1943 0
1653 2245 1
1653 2253 0
1653 2594 0
1653 2861 0
1653 3986 0
1653 13355 0
1653 18728 0
1653 5504 0
1741 18510 0
1741 2242 1
1741 2243 0
1741 2245 1
1741 2253 0
1741 2254 0
1741 18728 0
1741 4428 0
1741 8586 0
1741 2594 0
1741 2708 0
1741 2724 0
1741 4885 0
1741 3043 0
1741 2831 0
1741 5247 0
1741 5432 0
1741 3745 0
1741 8477 0
1741 1741 0
1741 5885 0
1741 1957 0
1745 5432 0
1745 21518 1
1745 1745 0
1943 2245 1
1943 6401 0
1943 18728 0
1943 2594 0
1943 2724 0
1943 5928 0
1943 3043 0
1943 5432 0
1943 3470 0
1943 5598 1
1943 3745 0
1943 8477 0
1943 13355 0
1943 1943 0
1957 6401 0
1957 4887 0
1957 2887 1
1957 4428 0
1957 1957 0
1957 3043 0
1968 2242 1
1968 2243 0
1968 2245 1
2242 4648 1
2242 4140 1
2242 18508 1
2242 3679 1
2242 3680 1
2242 6767 1
2242 10357 1
2242 20162 1
2242 15557 1
2242 3745 1
2242 2242 2
2242 2243 1
2242 4804 1
2242 2245 2
2242 2247 1
2242 2254 1
2242 2253 1
2242 2257 1
2242 2258 1
2242 2259 1
2242 2261 1
2242 20694 1
2242 3799 1
2242 18127 1
2242 5928 1
2242 9477 1
2242 2831 1
2242 4887 1
2242 4888 1
2242 4889 1
2242 18202 1
2242 4891 1
2242 19741 1
2242 4382 1
2242 17717 1
2242 9626 1
2242 19794 1
2242 19240 1
2242 5504 1
2242 8586 1
2242 19854 1
2242 3995 1
2242 8606 1
2242 8113 1
2242 18510 1
2242 18000 1
2243 2594 0
2243 18510 0
2243 3679 0
2243 3680 0
2243 6767 0
2243 18127 0
2243 20162 0
2243 15557 0
2243 3745 0
2243 2724 0
2243 10357 0
2243 2243 0
2243 2245 1
2243 2247 0
2243 2253 0
2243 2254 0
2243 2257 0
2243 2258 0
2243 2259 0
2243 2261 0
2243 20694 0
2243 3799 0
2243 2831 0
2243 4885 0
2243 4889 0
2243 4891 0
2243 19741 0
2243 4382 0
2243 5928 0
2243 17717 0
2243 9626 0
2243 19794 0
2243 19240 0
2243 19854 0
2243 3995 0
2243 8606 0
2243 8113 0
2243 9477 0
2245 4648 1
2245 18508 1
2245 18510 1
2245 3679 1
2245 3680 1
2245 6767 1
2245 10357 1
2245 18127 1
2245 20162 1
2245 15557 1
2245 2247 1
2245 10419 1
2245 4804 1
2245 2245 2
2245 2251 1
2245 2254 1
2245 2253 1
2245 2257 1
2245 2258 1
2245 2259 1
2245 2261 1
2245 3799 1
2245 7389 1
2245 5885 1
2245 7125 1
2245 6401 1
2245 9477 1
2245 19240 1
2245 8467 1
2245 4885 1
2245 4887 1
2245 4888 1
2245 4889 1
2245 18202 1
2245 4891 1
2245 19741 1
2245 4382 1
2245 5928 1
2245 17717 1
2245 19794 1
2245 11636 1
2245 8586 1
2245 19854 1
2245 3986 1
2245 9626 1
2245 3995 1
2245 8606 1
2245 20694 1
2245 8113 1
2247 15557 0
2247 3986 0
2247 4887 0
2247 3995 0
2247 19741 0
2247 8606 0
2247 4891 0
2247 5928 0
2247 8113 0
2247 17717 0
2247 20162 0
2247 2247 0
2247 6767 0
2247 19240 0
2251 19854 0
2253 18510 0
2253 3679 0
2253 2254 0
2253 2257 0
2253 2259 0
2253 2261 0
2253 3799 0
2253 2258 0
2253 4382 0
2253 19794 0
2253 19854 0
2253 3986 0
2253 9477 0
2254 18510 0
2254 3680 0
2254 15557 0
2254 3745 0
2254 2257 0
2254 2258 0
2254 2259 0
2254 2261 0
2254 5885 0
2254 9477 0
2254 4382 0
2254 19794 0
2254 19854 0
2254 9626 0
2257 2259 0
2257 2261 0
2257 18510 0
2257 2258 0
2258 2259 0
2258 2261 0
2258 18510 0
2259 2261 0
2259 18510 0
2261 18510 0
2374 3470 1
2594 8467 0
2594 18728 0
2594 2594 0
2594 8477 0
2594 2724 0
2594 19741 0
2594 3745 0
2594 3986 0
2708 8467 0
2708 4510 1
2708 2724 0
2708 13355 0
2708 5432 0
2708 5885 0
2708 3986 0
2724 4140 0
2724 8467 0
2724 8586 0
2724 4510 1
2724 2724 0
2724 4648 0
2724 3986 0
2831 5247 0
2831 2831 0
2831 3986 0
2861 4804 0
2861 2898 1
2861 11636 0
2882 2882 2
2882 5432 1
2887 12818 1
2887 5432 1
2887 3897 1
2887 2887 2
2887 4428 1
2887 3043 1
2887 5247 1
2898 2898 2
2898 5240 1
2898 4059 1
3043 4428 0
3043 4804 0
3043 3043 0
3043 5432 0
3134 3470 0
3134 4510 1
3134 3134 0
3134 6094 0
3470 21518 1
3470 3470 0
3470 5598 1
3679 18510 0
3679 3679 0
3679 3680 0
3680 3680 0
3680 18510 0
3745 13355 0
3745 5247 0
3745 9477 0
3745 5432 0
3745 3745 0
3745 3986 0
3896 3986 1
3896 3990 1
3896 3896 2
3896 3897 1
3897 3986 0
3897 3897 0
3897 5885 0
3897 5247 0
3972 3972 0
3972 19854 0
3972 3986 0
3972 21518 1
3972 4198 1
3972 8467 0
3986 8477 0
3986 18202 0
3986 18728 0
3986 19240 0
3986 19741 0
3986 3986 0
3986 11636 0
3986 4510 1
3986 4648 0
3986 4804 0
3986 5247 0
3986 5885 0
3986 6401 0
3986 6504 0
3995 6401 0
4140 6401 0
4198 13185 1
4198 10199 1
4382 18510 0
4428 5432 0
4428 4428 0
4510 4522 1
4510 13355 1
4510 5598 2
4510 18728 1
4510 5885 1
4522 4804 0
4522 8477 0
4522 18728 0
4648 5885 0
4648 8467 0
4804 13355 0
4804 4804 0
4804 5885 0
4804 8467 0
4885 4885 0
4889 4889 0
5240 5240 0
5240 9978 1
5247 8467 0
5247 5432 0
5432 8467 0
5432 5432 0
5598 6401 1
5598 6504 1
5885 6401 0
5885 18728 0
5885 5885 0
5890 11006 1
5928 5928 0
6094 21518 1
6094 7125 0
6094 6094 0
6401 6401 0
6504 20162 0
7125 18728 0
8113 8113 0
8293 8467 1
8467 8586 0
8467 13355 0
8467 8467 0
8477 13355 0
8477 18728 0
8586 8586 0
9477 18510 0
13355 18728 0
15557 18510 0
18000 18000 0
18202 18202 0
18510 19854 0
18728 18728 0
19240 19240 0
20162 20162 0
