6147 6147 0
6147 6165 0
6147 8467 0
6147 4385 0
6147 2588 1
6147 2594 0
6147 2718 0
6147 13061 0
6147 1259 0
6147 3426 0
6147 15903 0
6147 3729 0
6147 1749 1
6147 5855 0
6147 5994 0
6147 3986 0
3078 3078 0
3078 3081 1
3078 6580 1
6153 6153 0
6153 2069 0
6153 13061 0
6153 2594 0
6153 4145 0
6153 1115 1
6153 5569 0
6153 3729 0
6153 4547 0
6153 7893 0
6153 3426 0
6153 5994 0
6153 3986 0
6153 2973 1
6153 449 1
15884 15884 2
15884 6165 1
15884 4385 1
15884 4145 1
15884 5569 1
15884 8163 1
2069 2069 0
2069 2594 0
2069 13061 0
2069 8881 0
2069 6165 0
2069 5569 0
2069 1160 0
2069 4547 0
2069 1687 0
2069 3283 1
2069 7893 0
2069 5855 0
2069 8467 0
2069 3354 0
2069 4145 0
2069 3426 0
2069 3729 0
2069 3986 0
2069 2973 1
2069 449 1
2069 3561 0
5142 8160 1
5142 10315 1
5659 1160 0
5659 1687 0
5659 5659 0
5659 2588 1
5659 5290 1
5659 6068 0
5659 53 0
5659 6165 0
5659 3232 0
5659 4128 0
5659 1259 0
5659 5660 1
2588 2588 2
2588 4128 1
2588 4443 1
2588 6180 1
2588 2134 2
2588 1160 1
2588 1687 1
2588 3354 1
2588 1197 1
2588 8881 1
2588 5855 1
2588 1259 1
2588 5432 1
2588 5994 1
2588 4550 1
2588 4551 1
29 29 0
29 45 0
29 1626 1
29 3232 0
29 1748 1
29 1268 0
29 6403 0
29 2336 0
29 5412 0
29 5413 0
29 5414 0
29 3986 0
29 6042 0
29 2470 0
15903 5660 1
15903 15903 0
15903 1626 1
15903 3817 0
15903 287 0
15903 3986 0
4128 4128 0
4128 5660 1
4128 8881 0
4128 287 0
4128 5569 0
2594 53 0
2594 6165 0
2594 8467 0
2594 287 0
2594 4547 0
2594 13061 0
2594 2594 0
2594 2718 0
2594 8881 0
2594 2771 0
2594 869 0
2594 3232 0
2594 3283 1
2594 1259 0
2594 1268 0
2594 3426 0
2594 3561 0
2594 18092 1
2594 7893 0
2594 5855 0
2594 5994 0
2594 3986 0
2594 6068 0
2594 8160 0
6180 6180 0
6180 1160 0
6180 1687 0
6180 2718 0
6180 5432 0
6180 4550 0
6180 4551 0
6180 3283 1
6180 4443 0
6180 5994 0
45 2336 0
45 2470 0
45 5412 0
45 1626 1
45 1115 1
45 5413 0
45 3426 0
45 5414 0
45 7507 0
7726 4779 0
7726 4144 0
7726 4145 0
7726 4371 0
7726 2470 0
7726 2718 0
7726 4874 0
7726 5413 0
7726 3426 0
7726 7726 0
7726 1748 1
7726 1749 1
7726 5994 0
7726 1944 0
7726 6068 0
7726 8160 0
4144 4144 0
4144 3426 0
4144 1160 0
4144 8881 0
4144 3283 1
4144 1748 1
4144 7893 0
4144 5855 0
4144 5885 0
4144 5412 0
4144 3986 0
4144 8619 0
4144 8163 0
4145 4145 0
4145 2149 1
4145 4385 0
4145 4547 0
4145 16865 0
4145 1160 0
4145 3232 0
4145 1687 0
4145 7893 0
4145 5855 0
4145 5885 0
4145 3986 0
53 6165 0
53 53 0
53 287 0
53 2718 0
53 8881 0
53 3283 1
53 3354 0
53 1626 1
53 3729 0
53 1687 0
53 5855 0
53 6068 0
53 8160 0
3081 3232 1
3081 8356 1
3081 6580 2
3081 4534 1
6068 6165 0
6068 8881 0
6068 4550 0
6068 13061 0
6068 4547 0
6068 2718 0
6068 4551 0
6068 3283 1
6068 3426 0
6068 1626 1
6068 7893 0
6068 5855 0
6068 5885 0
6068 3986 0
6068 6068 0
1290 1115 1
1290 3659 0
1290 3729 0
1290 2771 0
1290 1750 1
1290 3817 0
1290 1290 0
1290 6045 0
1290 18796 0
1290 3986 0
1290 6040 0
1290 6041 0
1290 6042 0
1290 6043 0
1290 10315 0
1290 3561 0
1290 8871 0
1290 20101 0
3143 2134 1
3143 3283 1
3143 3986 0
5707 5707 0
5707 3283 1
5707 1748 1
5707 1749 1
5707 7633 0
5707 287 0
5707 5412 0
2134 5432 1
2134 869 1
2134 4550 1
2134 4551 1
2134 1687 1
2134 4443 1
1626 5414 1
1626 6403 1
1626 4874 1
1626 2336 1
1626 5412 1
1626 5413 1
1626 306 1
1626 16233 1
1626 3986 1
1626 1944 1
1626 2470 1
1626 2473 1
1626 18346 1
1115 20101 1
1115 6040 1
1115 6041 1
1115 6042 1
1115 6043 1
1115 6045 1
1115 5412 1
1115 5413 1
1115 5414 1
1115 8871 1
1115 4779 1
1115 3659 1
1115 8163 1
1115 18796 1
2149 2956 2
2149 3104 1
2149 5417 1
4371 1160 0
4371 3729 0
4371 1687 0
4371 1197 0
4371 3283 1
4371 4822 0
4371 6378 0
4371 1259 0
4371 18796 0
4371 4874 0
4371 4371 0
4371 3354 0
4371 5432 0
4371 5994 0
4371 4329 1
4371 3986 0
4371 4551 0
4371 4550 0
4371 5855 0
6165 8881 0
6165 6165 0
6165 8467 0
6165 287 0
6165 4534 0
6165 4547 0
6165 2718 0
6165 3232 0
6165 3283 1
6165 1259 0
6165 3426 0
6165 8163 0
6165 7633 0
6165 3561 0
6165 7893 0
6165 5855 0
6165 3986 0
6165 8160 0
20101 6040 0
20101 10315 0
20101 1750 1
20101 3561 0
20101 3817 0
1158 1197 0
1158 5660 1
1158 1158 0
1158 1160 0
1158 1687 0
1158 5855 0
1158 5994 0
1158 2956 1
1158 2973 1
1158 1259 0
449 449 2
1160 4329 1
1160 4534 0
1160 4550 0
1160 4551 0
1160 1160 0
1160 1259 0
1160 3354 0
1160 5660 1
1160 3729 0
1160 1687 0
1160 5855 0
1160 5432 0
1160 5994 0
3729 180 0
3729 287 0
3729 4443 0
3729 2470 0
3729 4547 0
3729 4550 0
3729 4551 0
3729 2718 0
3729 8881 0
3729 4822 0
3729 869 0
3729 3283 1
3729 3354 0
3729 5432 0
3729 3729 0
3729 1687 0
3729 1748 1
3729 5855 0
3729 8160 0
4547 1687 0
4547 2718 0
4547 3283 1
4547 7893 0
4547 5855 0
4547 13061 0
4547 4385 0
4547 5432 0
4547 3426 0
4547 5994 0
4547 3986 0
4547 2973 1
4547 4547 0
4547 7633 0
4547 8881 0
1687 3426 0
1687 4329 1
1687 4822 0
1687 4443 0
1687 4534 0
1687 4550 0
1687 869 0
1687 1197 0
1687 1259 0
1687 3354 0
1687 5432 0
1687 1687 0
1687 5855 0
1687 5994 0
2718 8467 0
2718 287 0
2718 7563 1
2718 4534 0
2718 4550 0
2718 5569 0
2718 2718 0
2718 8881 0
2718 869 0
2718 3232 0
2718 5339 1
2718 5412 0
2718 5432 0
2718 3426 0
2718 7633 0
2718 5855 0
2718 3986 0
2718 6042 0
2718 8160 0
3232 13061 0
3232 3426 0
3232 3232 0
3232 4779 0
3232 180 0
3232 185 0
3232 1748 1
3232 7893 0
3232 1268 0
3232 5412 0
3232 5417 0
3232 7507 0
3232 3986 0
8356 3986 0
8356 6580 1
8356 5855 0
8871 18796 0
8871 10315 0
8871 1750 1
8871 3817 0
5290 2973 2
5290 287 1
4779 1748 1
4779 7893 0
4779 5885 0
4779 13061 0
4779 8467 0
4779 287 0
4779 3561 0
4779 3986 0
4779 6042 0
18092 6378 1
18092 3426 1
18092 2771 1
18092 5885 1
1197 13061 0
1197 4551 0
1197 1197 0
1197 8881 0
1197 7893 0
1197 4822 0
1197 5855 0
1197 3354 0
1197 5432 0
1197 2973 1
1197 4550 0
8881 8881 0
8881 6378 0
8881 8467 0
8881 3104 0
8881 1259 0
8881 7563 1
8881 3561 0
8881 287 0
8881 5855 0
8881 5994 0
8881 3986 0
185 189 1
185 3283 1
185 7507 0
185 18796 0
189 287 1
189 180 1
189 189 2
189 3104 1
3104 3104 0
3104 5417 0
2771 1748 1
2771 287 0
2771 6041 0
2771 6042 0
2771 6043 0
2771 2470 0
2771 8160 0
2771 3561 0
1748 6403 1
1748 3986 1
1748 8619 1
1748 2336 1
1748 180 1
1748 2470 1
1748 2473 1
1748 16865 1
1748 6042 1
1748 7633 1
1748 1749 2
1748 13061 1
1748 7507 1
1748 3817 1
1748 7147 1
1748 1268 1
1748 5417 1
1748 5885 1
1748 7893 1
7893 7893 0
7893 6403 0
7893 287 0
7893 2470 0
7893 4550 0
7893 13061 0
7893 3283 1
7893 5569 0
7893 1749 1
7893 5855 0
7893 8160 0
7893 8163 0
1750 8467 1
1750 6040 1
1750 6041 1
1750 6042 1
1750 6043 1
1750 6045 1
1750 18796 1
1750 10315 1
1750 3659 1
1750 3561 1
1750 3817 1
5339 7482 1
5855 4329 1
5855 6378 0
5855 4443 0
5855 4534 0
5855 4551 0
5855 13061 0
5855 4550 0
5855 4822 0
5855 4874 0
5855 869 0
5855 7147 0
5855 3283 1
5855 3354 0
5855 5432 0
5855 3561 0
5855 5855 0
5855 5994 0
5855 8160 0
4329 4329 2
4329 5994 1
4329 3354 1
6378 3283 1
6378 6378 0
6378 4822 0
6378 4874 0
6378 3354 0
6378 8163 0
6378 3986 0
6378 6043 0
6378 5885 0
1259 8467 0
1259 287 0
1259 4534 0
1259 13061 0
1259 7147 0
1259 3283 1
1259 3354 0
1259 5432 0
1259 3426 0
1259 3561 0
1259 3986 0
3283 8467 1
3283 3283 2
3283 4822 1
3283 13061 1
3283 3354 1
3283 4385 1
3283 3426 1
3283 5994 1
3283 3986 1
3283 1944 1
3283 18346 1
3283 8619 1
3283 4534 1
3283 5569 1
3283 3561 1
3283 7147 1
3283 869 1
1268 2956 1
1268 287 0
1268 7507 0
1268 4550 0
1268 6042 0
13048 16865 1
13048 16233 1
13048 306 1
13048 7482 1
13048 4874 1
13048 287 1
5885 287 0
5885 2470 0
5885 5885 0
5885 5994 0
5885 3986 0
5885 8160 0
1749 3986 1
1749 287 1
1749 2336 1
1749 2473 1
1749 7507 1
1749 8160 1
6403 6403 0
6403 3986 0
6403 6042 0
6403 3561 0
13061 2470 0
13061 4534 0
13061 7147 0
13061 13061 0
13061 3426 0
13061 6042 0
13061 8160 0
13061 8163 0
4874 306 0
4874 4822 0
4874 4874 0
4874 7633 0
4874 5994 0
8467 2473 0
8467 4534 0
8467 5432 0
8467 8163 0
8467 5569 0
8467 7633 0
8467 8467 0
8467 8160 0
8467 16233 0
8467 5994 0
8467 6041 0
8467 6043 0
8467 7507 0
3354 287 0
3354 4550 0
3354 869 0
3354 3354 0
3354 7482 0
3354 7633 0
3354 5432 0
287 287 0
287 16865 0
287 1944 0
287 18346 0
287 2473 0
287 2956 1
287 3426 0
287 5413 0
287 5994 0
287 8163 0
2336 5413 0
2336 5414 0
2336 5412 0
180 3986 0
180 6040 0
180 6043 0
180 6042 0
180 5413 0
180 7507 0
180 18796 0
5412 5412 0
5412 5413 0
5412 5417 0
5412 5432 0
5412 8163 0
5413 5413 0
5417 3986 0
5417 5417 0
306 306 0
306 5994 0
306 8619 0
5432 4534 0
5432 4550 0
5432 4551 0
5432 4822 0
5432 5432 0
7482 4534 0
3659 6040 0
3659 6043 0
3659 10315 0
3659 3817 0
7507 3561 0
4443 7633 0
4443 4443 0
4443 869 0
4443 3986 0
4443 4550 0
4443 4551 0
3426 2470 0
3426 4550 0
3426 4551 0
3426 3426 0
3426 3986 0
3426 6041 0
3426 8160 0
869 5569 0
869 4822 0
869 869 0
869 8163 0
16233 16233 0
5994 4822 0
5994 7633 0
5994 5994 0
18796 10315 0
18796 3817 0
18796 6040 0
18796 6041 0
18796 6042 0
18796 6043 0
18796 6045 0
3817 10315 0
3817 6040 0
3817 6041 0
3817 6042 0
3817 6043 0
3817 6045 0
7563 7563 2
2956 2956 2
2956 2973 2
2956 4822 1
6040 6041 0
6040 6042 0
6040 6043 0
6040 6045 0
6040 4534 0
6040 10315 0
3986 999 1
3986 2470 0
3986 2473 0
3986 3561 0
3986 3986 0
3986 4534 0
3986 4550 0
3986 4551 0
3986 4822 0
3986 5569 0
3986 6041 0
3986 6042 0
3986 8160 0
3986 8163 0
6041 10315 0
6041 6042 0
6041 6045 0
6041 3561 0
6042 10315 0
6042 6045 0
6043 10315 0
6043 3561 0
2973 2973 2
2973 4550 1
2470 2473 0
2473 2473 0
2473 4551 0
2473 3561 0
18346 18346 0
8619 7633 0
6045 10315 0
4822 4550 0
4822 4822 0
4822 8163 0
4534 4534 0
4534 3561 0
5569 5569 0
5569 3561 0
10315 10315 0
4550 4550 0
4550 4551 0
4551 4551 0
7633 7633 0
7633 999 1
8160 8160 0
8160 3561 0
999 999 2
7147 7147 0
