6147 6147 0
6147 20 0
6147 6583 0
6147 15197 0
6147 495 1
6147 8798 1
6147 4795 0
6147 4859 0
6147 6968 0
6147 972 0
6147 7141 1
6147 1216 0
6147 6792 0
6147 1259 0
6147 3426 0
6147 5620 0
6147 1620 0
6147 1653 0
6147 1741 0
6147 16079 0
6147 5855 0
6147 5858 0
6147 3886 0
6147 6024 1
6147 2382 0
2058 20 0
2058 4544 0
2058 13451 0
2058 5469 0
2058 8798 1
2058 7141 1
2058 5620 0
20817 270 0
20817 8798 1
20817 6078 0
20817 16079 0
20817 7141 1
20817 5999 0
20817 1653 0
20817 5885 0
1552 1552 0
1552 861 0
1552 561 0
1552 1687 0
1552 1216 0
1552 1741 0
1552 5855 0
1552 268 0
1552 269 1
1552 270 0
1552 5432 0
1552 827 0
1552 2382 0
1552 5981 0
1552 389 1
1552 6078 0
1552 2500 0
1552 7165 0
1552 6741 0
531 531 0
531 7213 0
531 561 0
531 1620 0
531 8881 0
531 4869 0
531 827 0
531 4957 0
531 18793 1
531 6005 0
531 389 1
531 5855 0
531 3574 0
20 20 0
20 2338 0
20 389 1
20 561 0
20 4694 1
20 2712 0
20 706 0
20 719 0
20 827 0
20 861 0
20 863 0
20 864 0
20 865 0
20 869 0
20 1259 0
20 5432 0
20 5469 0
20 1620 0
20 1687 0
20 1741 0
20 5855 0
20 5858 0
20 5885 0
20 3886 0
20 5981 0
7213 7213 0
7213 561 0
7213 5835 0
7213 5981 0
7213 5999 0
7213 6001 0
7213 389 1
7213 6068 0
7213 4550 0
7213 7141 1
7213 3574 0
5981 168 0
5981 268 0
5981 269 1
5981 270 0
5981 561 0
5981 8798 1
5981 8881 0
5981 827 0
5981 1620 0
5981 1687 0
5981 2338 0
5981 2500 0
5981 2524 0
5981 2712 0
5981 3426 0
5981 3574 0
5981 3886 0
5981 4859 0
5981 4957 0
5981 5432 0
5981 5469 0
5981 5620 0
5981 5832 0
5981 5835 0
5981 5855 0
5981 5882 0
5981 5885 0
5981 5981 0
5981 5999 0
5981 6001 0
5981 6005 0
5981 6068 0
5981 6078 0
5981 6583 0
5981 6741 0
5981 6792 0
5981 6968 0
5981 7010 0
5981 8016 0
5981 7141 1
5981 7165 0
5981 15413 0
5981 7273 0
5981 16079 0
561 168 0
561 270 0
561 4465 0
561 389 1
561 2500 0
561 4550 0
561 2524 0
561 495 1
561 561 0
561 2712 0
561 706 0
561 4859 0
561 4869 0
561 827 0
561 4957 0
561 863 0
561 864 0
561 869 0
561 861 0
561 865 0
561 7273 0
561 1259 0
561 5432 0
561 5523 0
561 3574 0
561 1687 0
561 1741 0
561 5855 0
561 5858 0
561 5999 0
561 6005 0
561 6068 0
15413 6792 0
15413 268 0
15413 6068 0
15413 15413 0
15413 5832 0
15413 1741 0
15413 269 1
15413 7010 0
15413 8798 1
15413 5882 0
4677 1687 1
4677 6068 1
4677 6005 1
4677 4677 2
4677 719 1
4677 6741 1
4677 8881 1
4677 5855 1
4677 8034 1
4677 1259 1
4677 1653 1
20919 389 1
20919 2712 0
20919 8881 0
20919 20919 0
20919 8034 0
20919 6741 0
20919 4694 1
20919 5855 0
20919 1653 0
7010 6792 0
7010 2712 0
7010 5835 0
7010 16079 0
7010 5882 0
7010 5885 0
7010 268 0
7010 269 1
7010 270 0
7010 7010 0
7010 972 0
7010 7141 1
7010 5620 0
79 2338 1
79 5432 1
79 3426 1
79 1496 1
79 5858 1
1620 168 0
1620 268 0
1620 269 1
1620 2338 0
1620 5523 0
1620 4544 0
1620 4550 0
1620 4694 1
1620 2712 0
1620 682 0
1620 4795 0
1620 719 0
1620 827 0
1620 4957 0
1620 864 0
1620 7273 0
1620 1216 0
1620 1259 0
1620 5432 0
1620 5469 0
1620 6583 0
1620 1620 0
1620 5835 0
1620 1741 0
1620 5855 0
1620 5882 0
1620 6792 0
1620 6001 0
6741 10598 0
6741 4465 0
6741 495 1
6741 6741 0
6741 6792 0
6741 2712 0
6741 8881 0
6741 4859 0
6741 2881 0
6741 4957 0
6741 863 0
6741 869 0
6741 972 0
6741 7165 0
6741 861 0
6741 1259 0
6741 1653 0
6741 1741 0
6741 5858 0
6741 5885 0
6741 3886 0
6741 8034 0
6741 6068 0
4694 5469 1
4694 4694 2
4694 1159 1
4694 168 1
4694 15197 1
4694 1741 1
4694 719 1
4694 1259 1
4694 2338 1
4694 3886 1
4694 827 1
4694 2382 1
4694 856 1
4694 861 1
4694 863 1
4694 864 1
4694 865 1
4694 869 1
4694 6005 1
4694 4544 1
4694 4550 1
4694 5523 1
4694 4598 1
8798 4544 1
8798 6792 1
8798 13451 1
8798 682 1
8798 3886 1
8798 8881 1
8798 16691 1
8798 6078 1
8798 1216 1
8798 2881 1
8798 5832 1
8798 6583 1
8798 16079 1
8798 8798 2
8798 7141 2
8798 7273 1
8798 5999 1
8798 6001 1
8798 5620 1
8798 5882 1
8798 5885 1
7273 6792 0
7273 5835 0
7273 5882 0
7273 5885 0
7273 6968 0
7273 13451 0
7273 495 1
7273 5620 0
1653 270 0
1653 16691 0
1653 389 1
1653 495 1
1653 8881 0
1653 827 0
1653 861 0
1653 865 0
1653 869 0
1653 972 0
1653 1216 0
1653 1259 0
1653 1653 0
1653 2338 0
1653 2382 0
1653 5882 0
1653 3968 1
1653 4465 0
1653 4957 0
1653 5523 0
1653 5832 0
1653 5835 0
1653 5855 0
1653 5999 0
1653 6068 0
1653 6078 0
1653 7141 1
1653 7165 0
1653 18793 1
1653 8034 0
1159 1159 0
1159 1687 0
1159 8881 0
1159 1259 0
1159 861 0
1159 4544 0
1159 6005 0
1159 389 1
1159 4550 0
1159 495 1
1159 3574 0
6792 168 0
6792 268 0
6792 269 1
6792 2382 0
6792 4465 0
6792 389 1
6792 6583 0
6792 4859 0
6792 4544 0
6792 6792 0
6792 2712 0
6792 2881 0
6792 861 0
6792 972 0
6792 7141 1
6792 7165 0
6792 13451 0
6792 5469 0
6792 5620 0
6792 5832 0
6792 5835 0
6792 16079 0
6792 5882 0
6792 5885 0
6792 3886 0
13451 4544 0
13451 13451 0
13451 8881 0
13451 1216 0
13451 972 0
13451 1496 0
13451 7141 1
13451 495 1
13451 5620 0
13451 5885 0
1687 3426 0
1687 168 0
1687 2338 0
1687 389 1
1687 2500 0
1687 4550 0
1687 2524 0
1687 495 1
1687 4859 0
1687 827 0
1687 861 0
1687 869 0
1687 972 0
1687 7165 0
1687 1259 0
1687 5432 0
1687 5469 0
1687 3427 0
1687 5523 0
1687 3574 0
1687 1687 0
1687 1741 0
1687 5855 0
1687 5858 0
1687 5882 0
1687 3886 0
1687 6078 0
2712 168 0
2712 16079 0
2712 2338 0
2712 4465 0
2712 389 1
2712 2500 0
2712 2524 0
2712 495 1
2712 2712 0
2712 8881 0
2712 4795 0
2712 4859 0
2712 6968 0
2712 2881 0
2712 861 0
2712 863 0
2712 4957 0
2712 1259 0
2712 5432 0
2712 3426 0
2712 5620 0
2712 5835 0
2712 1741 0
2712 5855 0
2712 5882 0
2712 5885 0
2712 3886 0
2712 8034 0
2712 6068 0
2712 6078 0
6001 270 0
6001 6583 0
6001 7141 1
6001 5999 0
6001 5882 0
6001 5885 0
168 168 0
168 270 0
168 2382 0
168 4465 0
168 4544 0
168 4795 0
168 706 0
168 2881 0
168 861 0
168 972 0
168 7141 1
168 1259 0
168 5469 0
168 389 1
168 1741 0
168 5885 0
168 6068 0
682 682 0
682 7141 1
8881 8881 0
8881 2338 0
8881 2382 0
8881 10598 0
8881 4465 0
8881 2524 0
8881 5882 0
8881 4795 0
8881 2881 0
8881 861 0
8881 863 0
8881 972 0
8881 1216 0
8881 1259 0
8881 5469 0
8881 3427 0
8881 5523 0
8881 5620 0
8881 1741 0
8881 5855 0
8881 8016 0
8881 7141 1
8881 8034 0
8881 6068 0
8881 6078 0
4795 4795 0
4795 268 0
4795 269 1
4795 270 0
4795 5469 0
4795 4465 0
4795 3968 1
4795 6068 0
4795 4544 0
4795 4550 0
1216 5835 0
1216 5855 0
1216 1259 0
1216 3886 0
1216 5432 0
1216 2881 0
1216 4957 0
1216 864 0
1216 4465 0
1216 6078 0
1216 7141 1
1216 7165 0
706 268 0
706 269 1
706 270 0
706 6068 0
706 827 0
706 706 0
706 4550 0
706 7141 1
15197 389 1
15197 2500 0
15197 1741 0
15197 495 1
5832 5832 0
5832 5835 0
5832 5855 0
5832 5885 0
5832 268 0
5832 269 1
5832 2881 0
5832 5999 0
5832 972 0
5832 5882 0
5835 6005 0
5835 5835 0
5835 2338 0
5835 719 0
5835 5882 0
5835 5885 0
5835 268 0
5835 269 1
5835 6968 0
5835 5469 0
5835 2881 0
5835 4550 0
5835 972 0
5835 7141 1
5835 5620 0
1741 2338 0
1741 4465 0
1741 2500 0
1741 4550 0
1741 2524 0
1741 495 1
1741 719 0
1741 4859 0
1741 827 0
1741 861 0
1741 863 0
1741 864 0
1741 865 0
1741 869 0
1741 972 0
1741 1259 0
1741 5432 0
1741 5469 0
1741 5523 0
1741 16079 0
1741 1741 0
1741 5855 0
1741 5885 0
1741 8034 0
1741 6068 0
1741 2382 0
719 5469 0
719 6068 0
719 719 0
719 1259 0
719 5882 0
719 5885 0
719 6968 0
719 4957 0
719 4550 0
16079 3426 0
16079 16079 0
16079 5882 0
16079 5885 0
16079 270 0
16079 2881 0
16079 2500 0
16079 972 0
16079 7141 1
16079 5620 0
5855 7165 0
5855 2382 0
5855 18793 1
5855 4465 0
5855 389 1
5855 2500 0
5855 2524 0
5855 4550 0
5855 4859 0
5855 4869 0
5855 827 0
5855 2881 0
5855 861 0
5855 863 0
5855 864 0
5855 865 0
5855 869 0
5855 972 0
5855 4957 0
5855 8034 0
5855 5607 0
5855 5999 0
5855 5432 0
5855 5469 0
5855 5855 0
5855 5858 0
5855 3886 0
5855 6005 0
5855 6068 0
5855 6078 0
5858 5858 0
5858 827 0
5858 2881 0
5858 861 0
5858 6005 0
5858 2500 0
5858 972 0
5858 495 1
1259 2382 0
1259 6583 0
1259 2500 0
1259 2524 0
1259 495 1
1259 2881 0
1259 861 0
1259 864 0
1259 865 0
1259 972 0
1259 7165 0
1259 8034 0
1259 5432 0
1259 5469 0
1259 3426 0
1259 5882 0
1259 6078 0
5882 268 0
5882 269 1
5882 270 0
5882 16691 0
5882 2382 0
5882 6968 0
5882 2881 0
5882 972 0
5882 7141 1
5882 869 0
5882 5620 0
5882 5882 0
5882 5885 0
5882 5999 0
5882 6005 0
4859 2382 0
4859 389 1
4859 6583 0
4859 2500 0
4859 4550 0
4859 2524 0
4859 495 1
4859 4859 0
4859 4869 0
4859 2881 0
4859 863 0
4859 869 0
4859 972 0
4859 7165 0
4859 5432 0
4859 5523 0
4859 5607 0
4859 5620 0
4859 3886 0
5885 268 0
5885 269 1
5885 270 0
5885 16691 0
5885 4465 0
5885 389 1
5885 2524 0
5885 6968 0
5885 2881 0
5885 972 0
5885 7141 1
5885 5469 0
5885 3427 0
5885 5523 0
5885 5620 0
5885 5885 0
5885 8016 0
5885 5999 0
5885 6068 0
4869 861 0
4869 4869 0
4869 827 0
4869 4957 0
4869 863 0
4869 389 1
4869 2500 0
4869 495 1
4869 3574 0
861 4465 0
861 4550 0
861 495 1
861 827 0
861 861 0
861 865 0
861 4957 0
861 5432 0
861 5469 0
861 3426 0
861 3427 0
861 8034 0
861 5999 0
861 6068 0
861 6078 0
12552 3968 1
12552 18793 1
12552 12552 0
268 268 0
268 269 1
268 270 0
268 3886 0
268 16691 0
268 6968 0
268 2382 0
268 8016 0
268 6024 1
268 6583 0
268 7141 1
269 269 2
269 270 1
269 16691 1
269 6968 1
269 2881 1
269 2382 1
269 8016 1
269 5999 1
269 6005 1
269 6583 1
269 7141 2
270 270 0
270 16691 0
270 2382 0
270 5999 0
270 7141 1
270 5620 0
2338 2338 0
2338 4465 0
2338 4550 0
2338 5607 0
2338 5432 0
2338 5469 0
2338 3426 0
2338 6068 0
3886 3886 0
3886 2881 0
3886 5469 0
3886 3427 0
3886 6005 0
3886 6068 0
3886 2500 0
3886 972 0
3886 7141 1
3886 5620 0
3886 7165 0
6024 6024 2
6024 2524 1
16691 16691 0
6968 6968 0
6968 12680 0
6968 972 0
6968 7141 1
827 4465 0
827 495 1
827 827 0
827 4957 0
827 7165 0
827 5432 0
827 5469 0
827 6068 0
2881 6583 0
2881 7165 0
2881 2881 0
2881 5620 0
2881 5469 0
2881 4544 0
2881 972 0
2881 1496 0
2881 7141 1
2382 2382 0
2382 4550 0
2382 495 1
2382 7165 0
2382 6078 0
8016 8016 0
8016 389 1
5432 389 1
5432 2500 0
5432 4550 0
5432 2524 0
5432 495 1
5432 863 0
5432 7165 0
5432 5432 0
5432 5469 0
5432 5523 0
5432 6005 0
5432 6078 0
856 495 1
856 856 0
4957 18793 1
4957 4465 0
4957 389 1
4957 3426 0
4957 3427 0
4957 5523 0
4957 3574 0
863 3426 0
863 5469 0
863 864 0
863 865 0
863 4465 0
863 6068 0
863 495 1
864 5469 0
864 864 0
864 389 1
864 4550 0
864 495 1
865 5469 0
865 865 0
865 3426 0
865 495 1
8034 8034 0
8034 10598 0
8034 6078 0
8034 2524 0
8034 495 1
8034 5620 0
8034 7165 0
3427 3426 0
3427 389 1
3427 495 1
3427 2524 0
869 5469 0
869 869 0
869 389 1
869 5523 0
869 7141 1
10598 389 1
10598 495 1
18793 3574 1
18793 18793 2
5999 5999 0
5999 6078 0
5999 972 0
5999 7141 1
4465 389 1
4465 2500 0
4465 4550 0
4465 6068 0
4465 495 1
6005 6005 0
6005 6068 0
6005 2524 0
3968 3968 2
389 3426 1
389 389 2
389 12680 1
389 6068 1
389 6078 1
389 2500 1
389 2524 1
389 7141 2
389 5607 1
389 5620 1
389 3574 1
12680 6583 0
12680 7141 1
5523 5523 0
5523 5469 0
5523 2500 0
5523 4550 0
5523 2524 0
5523 495 1
5523 5620 0
5469 2524 0
5469 495 1
5469 972 0
5469 5469 0
6068 4550 0
6068 2524 0
6068 7165 0
6068 3426 0
6068 6068 0
6583 3426 0
6583 972 0
6583 7141 1
6078 2500 0
6078 2524 0
6078 6078 0
4544 7141 1
4544 4544 0
4544 972 0
4544 5620 0
2500 2524 0
2500 495 1
2500 2500 0
2500 5607 0
4598 495 1
4550 4550 0
4550 2524 0
4550 495 1
4550 3426 0
972 7165 0
972 5620 0
972 972 0
972 7141 1
972 495 1
1496 1496 0
1496 7141 1
2524 2524 0
7141 7165 1
7141 7141 2
7141 5620 1
5607 495 1
5607 5607 0
3426 495 1
3426 3426 0
3426 5620 0
495 495 2
495 7165 1
5620 5620 0
3574 3574 0
7165 7165 0
