5764 1943 0
5764 1065 1
5764 4038 1
5764 4182 0
5764 3312 1
5764 1653 0
7563 7563 2
7563 2718 1
7563 13099 1
7563 18227 1
1943 2718 0
1943 827 0
1943 1065 1
1943 1653 0
1943 1943 0
1943 4038 1
7579 1653 1
3223 13099 1
3223 3223 2
3223 18227 1
3223 3382 1
3223 827 1
2718 287 0
2718 2718 0
2718 827 0
2718 4934 1
2718 5855 0
287 287 0
287 827 0
287 13099 0
287 4934 1
287 7011 1
7458 3382 1
1065 4182 1
1065 1065 2
13099 1653 0
827 827 0
827 4934 1
827 1653 0
827 5855 0
4934 4934 2
4934 5855 1
5191 5191 2
5191 1653 1
4182 4182 0
4182 2668 1
5855 2668 1
5855 1653 0
5855 5855 0
2668 2668 2
1653 1653 0
