640 640 2
640 421 1
640 1350 1
640 4553 1
640 11501 1
16107 6739 1
16107 2338 0
16107 16107 0
16107 2039 1
10987 1321 2
10987 1855 1
3844 5139 1
3844 5141 1
3844 1090 1
3844 8034 0
3844 13424 0
3844 7317 0
3844 3844 0
3844 2831 0
3844 5926 0
3844 3986 0
3844 5981 0
1159 568 0
1159 1159 0
1159 1680 0
1159 2714 0
1159 2718 0
1159 287 0
1159 5994 0
1159 2956 1
1159 4524 0
1159 421 0
1159 6739 1
16136 3986 1
16136 18073 1
4524 4524 0
4524 4644 0
4524 12838 0
4524 6739 1
4524 2714 0
4524 2718 0
4524 2722 0
4524 5076 1
4524 1322 1
4524 16275 0
2956 2956 2
2956 2831 1
2956 2714 1
2956 287 1
2956 4553 1
2956 1268 1
2831 2718 0
2831 2831 0
2831 287 0
2831 1322 1
2831 5981 0
2831 3986 0
1680 2338 0
1680 6739 1
1680 2684 1
1680 2718 0
1680 2722 0
1680 4846 0
1680 16031 0
1680 5926 0
1680 3986 0
3986 8477 0
3986 421 0
3986 568 0
3986 8941 0
3986 1371 0
3986 1653 0
3986 18073 0
3986 2338 0
3986 2708 0
3986 2714 0
3986 2718 0
3986 2722 0
3986 20182 0
3986 3986 0
3986 4644 0
3986 13424 0
3986 5926 0
3986 5938 0
3986 5981 0
3986 6739 1
3986 7275 0
3986 7317 0
3986 16031 0
3986 16275 0
5139 16275 1
5139 5140 1
5139 5141 2
5139 8094 1
5139 16038 1
5139 5552 1
5139 1090 2
5139 18894 1
5139 20182 1
5139 5981 1
5139 12838 1
5139 7275 1
5139 8941 1
5139 13939 1
5139 7273 1
5139 7317 1
5140 13939 0
5140 5141 1
5141 1090 2
5141 7273 1
5141 7275 1
5141 8941 1
5141 18894 1
5141 5552 1
5141 1268 1
5141 20182 1
5141 13939 1
5141 16275 1
5141 5981 1
5141 8094 1
19478 672 1
19478 1371 1
18073 537 0
18073 6739 1
7890 6739 1
7890 2718 0
7890 2722 0
7890 7890 0
7890 5981 0
7890 8034 0
7890 18312 1
7890 9123 0
537 537 0
537 6739 1
537 669 0
537 4846 0
537 1371 0
537 1653 0
537 5981 0
537 5994 0
537 8099 1
2714 2714 0
2714 2338 0
2714 6739 1
2714 2708 0
2714 2718 0
2714 2722 0
2714 5432 0
2714 1350 0
2714 5981 0
2714 8034 0
2714 5994 0
2044 2338 0
2044 1321 1
2044 6828 0
2044 5432 0
2044 5994 0
2044 1653 0
2044 2684 1
8477 287 0
8477 2338 0
8477 421 0
8477 6739 1
8477 2722 0
8477 13424 0
8477 1653 0
8477 16031 0
8477 5981 0
8477 18312 1
8094 287 0
8094 1090 1
8094 20182 0
287 287 0
287 421 0
287 1268 0
287 2338 0
287 18894 0
287 2708 0
287 2718 0
287 4553 0
287 13424 0
287 5994 0
287 6739 1
287 7273 0
287 7317 0
287 8034 0
672 672 0
672 682 0
672 6739 1
2338 2338 0
2338 6739 1
2338 7275 0
2338 2718 0
2338 2722 0
2338 5926 0
2338 5076 1
2338 5981 0
2338 7317 0
2338 12838 0
2338 5432 0
2338 1653 0
2338 13424 0
2338 5994 0
9123 9123 0
9123 18312 1
9123 21448 0
9123 6739 1
9123 18514 0
4644 4644 0
4644 6739 1
4644 5432 0
4644 5981 0
4644 3530 1
421 5981 0
421 6739 1
12838 12838 0
12838 1090 1
12838 6739 1
12838 1653 0
12838 7317 0
12838 5981 0
1321 1321 2
1321 1855 1
1322 2722 1
1322 5432 1
1322 5434 1
6828 6739 1
6828 5994 0
6828 6828 0
6828 5434 0
6828 1371 0
6828 3530 1
669 6739 1
669 2708 0
669 669 0
669 2718 0
669 682 0
669 5076 1
669 5432 0
669 1653 0
669 5981 0
669 2039 1
5552 1090 1
5552 18894 0
5552 5552 0
18312 18514 1
18312 18312 2
18312 6739 2
18312 1653 1
18312 21448 1
18312 8034 1
5938 6739 1
5938 2708 0
5938 2718 0
5938 2722 0
5938 5938 0
5938 3530 1
5926 1090 1
5926 7317 0
5926 5926 0
5926 1350 0
5926 5981 0
5926 5994 0
5926 8099 1
2718 6739 1
2718 2708 0
2718 2718 0
2718 2722 0
2718 682 0
2718 21448 0
2718 5432 0
2718 3530 1
2718 16031 0
568 6739 1
568 7317 0
568 5432 0
568 5434 0
568 568 0
568 5981 0
568 16031 0
568 5076 1
5434 2684 1
5434 5432 0
5434 5994 0
5434 5076 1
16031 18514 0
16031 6739 1
16031 2708 0
16031 2722 0
16031 8034 0
16031 13424 0
16031 11501 0
16031 1371 0
16031 3530 1
16031 1653 0
16031 16031 0
16031 5981 0
16275 1090 1
16275 1653 0
16275 7317 0
16275 5981 0
16275 16275 0
16275 21448 0
1855 1855 0
1090 7317 1
1090 18894 1
1090 20182 1
1090 5981 1
1090 7273 1
1090 5994 1
1090 7275 1
1090 8941 1
1090 16038 1
1350 6739 1
1350 5994 0
1350 1350 0
1350 5981 0
21448 6739 1
4553 1653 0
4553 2722 0
4553 16038 0
4553 4553 0
3530 2708 1
3530 5994 1
2722 6739 1
2722 2708 0
2722 2722 0
2722 5432 0
2722 1653 0
2722 5981 0
18894 2708 0
5432 2684 1
5432 2708 0
5432 5432 0
5432 5981 0
18514 18514 0
18514 6739 1
18514 5981 0
18514 5994 0
6739 6739 2
6739 2708 1
6739 682 1
6739 4846 1
6739 4847 1
6739 8034 1
6739 13424 1
6739 11501 1
6739 1371 1
6739 1653 1
6739 13939 1
6739 5981 1
5076 682 1
5076 5076 2
5076 4846 1
5076 4847 1
5076 13424 1
20182 5981 0
1371 1371 0
1371 5981 0
1371 8034 0
5981 8941 0
5981 2708 0
5981 13939 0
5981 5981 0
5981 7273 0
5981 7275 0
5981 7317 0
5981 16038 0
8034 8034 0
8034 1653 0
8941 8941 0
5994 7275 0
5994 7317 0
5994 5994 0
7275 7275 0
11501 11501 0
13424 1653 0
13424 13424 0
13939 2708 0
13939 13939 0
1653 1653 0
682 682 0
