21 3390 0
21 3391 0
21 2592 1
21 3566 1
21 6895 0
21 254 0
53 2048 0
53 53 0
53 65 0
53 2115 0
53 197 1
53 8391 0
53 287 0
53 2338 0
53 8548 0
53 19879 0
53 4624 0
53 2594 0
53 2596 0
53 2599 0
53 2601 0
53 2606 0
53 2712 0
53 2718 0
53 2722 0
53 4780 0
53 2762 1
53 6917 0
53 6923 0
53 4968 0
53 4972 0
53 4981 0
53 5004 0
53 5017 0
53 5018 0
53 5028 0
53 5029 0
53 5033 0
53 5043 0
53 5044 0
53 5052 0
53 5243 0
53 3336 0
53 3345 0
53 1383 0
53 2969 0
53 7741 0
53 1653 0
53 7851 0
53 1714 0
53 3802 0
53 5893 0
53 5980 0
53 5981 0
53 1927 0
53 1943 0
53 6065 1
53 6068 0
53 6080 0
65 4624 0
65 6067 0
65 4704 0
65 1653 0
65 2712 0
65 2714 0
65 2722 0
65 2762 1
65 2338 0
65 1927 0
65 1943 0
65 6065 1
65 6068 0
65 3043 0
174 2048 1
174 4624 1
174 6162 1
174 2594 1
174 8883 1
174 7741 1
174 3150 1
174 591 1
174 3159 1
174 3160 1
174 3751 1
174 7851 1
174 174 2
174 8879 1
174 13497 1
174 2849 1
174 2338 1
174 287 1
174 8519 1
174 5516 1
174 1943 1
174 2480 1
174 16349 1
197 3469 1
197 287 1
197 2338 1
197 16349 1
197 4855 1
197 7517 1
254 3390 0
254 3391 0
254 2592 1
254 3566 1
254 6895 0
287 8477 0
287 287 0
287 8500 0
287 523 0
287 701 0
287 1159 0
287 1221 0
287 18029 0
287 8518 0
287 2059 0
287 2115 0
287 2338 0
287 2594 0
287 2712 0
287 2718 0
287 2883 1
287 3043 0
287 19879 0
287 21186 0
287 4972 0
287 4973 0
287 4988 0
287 5029 0
287 5034 0
287 5039 0
287 5043 0
287 5044 0
287 5049 0
287 5052 0
287 5243 0
287 5586 0
287 5747 1
287 5980 0
523 5828 1
523 5747 1
591 5193 1
690 6162 0
690 1943 0
690 6065 1
690 2115 0
690 5828 1
698 2883 1
698 698 0
698 701 0
698 2934 1
698 892 0
701 5394 0
701 2883 1
701 8879 0
701 701 0
701 2934 1
892 2604 0
892 1622 0
892 1653 0
892 1159 0
892 2762 1
892 4859 0
892 5432 0
892 2883 1
892 892 0
892 3043 0
1159 2601 0
1159 2115 0
1159 5193 1
1159 5243 0
1159 1159 0
1159 2714 0
1159 2718 0
1159 8883 0
1159 5828 1
1159 1221 0
1159 5893 0
1159 8548 0
1159 1943 0
1159 3043 0
1221 6153 0
1221 2069 0
1221 8500 0
1221 8518 0
1221 2594 0
1221 2596 0
1221 2718 0
1221 2722 0
1221 2762 1
1221 4855 0
1221 4859 0
1221 4964 0
1221 4974 0
1221 5004 0
1221 5016 0
1221 5043 0
1221 3043 0
1221 4624 0
1221 1221 0
1221 3336 0
1221 5432 0
1221 1383 0
1221 3469 0
1221 19879 0
1221 1622 0
1221 1653 0
1221 5828 1
1221 3802 0
1221 5981 0
1221 1943 0
1365 1927 0
1365 1943 0
1365 5828 1
1365 3535 0
1365 5747 1
1383 2048 0
1383 8212 0
1383 2115 0
1383 8391 0
1383 8477 0
1383 2338 0
1383 18728 0
1383 8500 0
1383 8567 0
1383 2594 0
1383 2596 0
1383 2599 0
1383 2601 0
1383 2606 0
1383 2712 0
1383 2718 0
1383 2722 0
1383 4780 0
1383 2762 1
1383 4855 0
1383 4859 0
1383 6916 0
1383 6917 0
1383 6923 0
1383 4968 0
1383 4972 0
1383 4981 0
1383 2936 0
1383 2937 0
1383 4988 0
1383 5004 0
1383 13207 0
1383 5016 0
1383 5017 0
1383 5018 0
1383 5028 0
1383 5029 0
1383 5033 0
1383 5043 0
1383 5044 0
1383 5243 0
1383 5394 0
1383 5432 0
1383 5015 0
1383 2969 0
1383 19879 0
1383 3345 0
1383 1653 0
1383 7851 0
1383 3802 0
1383 1943 0
1383 6065 1
1383 6067 0
1622 4624 0
1622 3391 0
1622 2883 1
1622 5828 1
1622 5432 0
1622 3043 0
1622 4859 0
1653 8212 0
1653 16453 0
1653 8391 0
1653 8477 0
1653 8500 0
1653 8518 0
1653 8883 0
1653 9081 0
1653 1653 0
1653 1714 0
1653 1943 0
1653 2338 0
1653 2594 0
1653 2596 0
1653 2601 0
1653 2604 0
1653 2606 0
1653 2722 0
1653 2883 1
1653 2936 0
1653 2937 0
1653 3160 0
1653 3336 0
1653 3345 0
1653 19879 0
1653 3628 0
1653 3802 0
1653 4704 0
1653 4963 0
1653 4968 0
1653 4969 0
1653 4972 0
1653 4973 0
1653 4974 0
1653 4976 0
1653 4985 0
1653 4986 0
1653 4989 0
1653 5004 0
1653 5015 0
1653 5016 0
1653 5017 0
1653 5018 0
1653 5021 0
1653 5028 0
1653 5029 0
1653 5033 0
1653 5053 0
1653 5243 0
1653 18728 0
1653 5516 0
1653 5828 1
1653 5999 0
1653 6065 1
1653 6068 0
1653 6080 0
1653 7741 0
1653 7851 0
1653 16349 0
1714 2059 0
1714 3150 0
1714 3159 0
1714 3160 0
1714 5747 1
1714 5243 0
1714 2712 0
1714 1714 0
1714 5893 0
1714 2338 0
1714 5980 0
1714 5981 0
1714 1927 0
1714 1943 0
1714 6065 1
1835 3018 1
1835 1835 2
1835 5586 1
1927 2059 0
1927 2338 0
1927 2594 0
1927 2599 0
1927 2718 0
1927 2722 0
1927 4780 0
1927 2762 1
1927 4855 0
1927 4859 0
1927 2936 0
1927 5029 0
1927 11294 0
1927 5193 1
1927 3043 0
1927 19879 0
1927 7741 0
1927 5747 1
1927 1943 0
1927 6065 1
1943 2048 0
1943 6153 0
1943 2069 0
1943 8879 0
1943 2059 0
1943 16453 0
1943 6162 0
1943 8212 0
1943 2115 0
1943 8391 0
1943 8567 0
1943 7851 0
1943 2338 0
1943 18728 0
1943 8500 0
1943 8518 0
1943 9081 0
1943 8548 0
1943 2451 0
1943 2480 0
1943 19879 0
1943 5893 0
1943 2594 0
1943 2596 0
1943 2599 0
1943 2601 0
1943 2604 0
1943 2606 0
1943 2712 0
1943 2714 0
1943 2718 0
1943 2722 0
1943 4780 0
1943 6916 0
1943 6917 0
1943 2849 0
1943 4963 0
1943 4964 0
1943 4968 0
1943 4970 0
1943 4972 0
1943 4973 0
1943 4974 0
1943 4976 0
1943 4981 0
1943 2936 0
1943 2937 0
1943 4988 0
1943 4989 0
1943 5004 0
1943 5015 0
1943 5016 0
1943 2969 0
1943 5018 0
1943 5021 0
1943 5028 0
1943 5029 0
1943 5033 0
1943 5034 0
1943 5039 0
1943 5049 0
1943 5052 0
1943 5053 0
1943 3018 0
1943 3043 0
1943 7177 0
1943 3150 0
1943 3159 0
1943 3160 0
1943 4969 0
1943 5243 0
1943 19628 0
1943 4985 0
1943 4986 0
1943 3345 0
1943 5398 0
1943 5432 0
1943 13207 0
1943 5516 0
1943 5017 0
1943 3628 0
1943 5043 0
1943 5044 0
1943 5747 1
1943 18029 0
1943 13976 0
1943 5798 0
1943 3751 0
1943 8477 0
1943 3802 0
1943 5980 0
1943 5981 0
1943 5999 0
1943 1943 0
1943 6067 0
1943 6068 0
1943 6080 0
1943 17064 0
2048 2048 0
2048 2115 0
2048 8477 0
2048 2338 0
2048 8500 0
2048 8548 0
2048 2594 0
2048 2599 0
2048 2601 0
2048 2604 0
2048 2606 0
2048 2712 0
2048 2718 0
2048 17064 0
2048 4859 0
2048 4963 0
2048 4970 0
2048 4972 0
2048 4973 0
2048 2936 0
2048 2937 0
2048 5028 0
2048 5029 0
2048 5034 0
2048 5243 0
2048 3345 0
2048 5516 0
2048 19879 0
2048 5798 0
2048 3802 0
2048 5893 0
2048 5981 0
2048 6065 1
2048 6067 0
2048 6068 0
2048 2722 0
2059 2059 0
2059 8391 0
2059 2604 0
2059 4704 0
2059 2718 0
2059 2883 1
2059 3336 0
2059 5432 0
2059 3469 0
2059 5586 0
2059 5828 1
2069 6153 0
2069 4624 0
2069 2069 0
2069 5893 0
2069 2594 0
2069 2604 0
2069 2762 1
2069 3802 0
2069 2338 0
2069 2936 0
2069 2937 0
2069 5516 0
2069 6065 1
2115 4624 0
2115 2594 0
2115 2596 0
2115 2599 0
2115 2601 0
2115 6067 0
2115 7741 0
2115 2115 0
2115 6162 0
2115 4968 0
2115 5243 0
2115 4972 0
2115 2712 0
2115 2718 0
2115 2722 0
2115 8391 0
2115 2762 1
2115 5017 0
2115 4855 0
2115 6917 0
2115 6923 0
2115 3345 0
2115 3802 0
2115 2338 0
2115 4981 0
2115 5004 0
2115 2969 0
2115 5018 0
2115 5029 0
2115 5033 0
2115 8519 0
2115 6065 1
2115 5043 0
2115 5044 0
2115 17064 0
2115 5028 0
2115 5798 0
2115 19879 0
2338 6162 0
2338 2338 0
2338 8500 0
2338 2393 1
2338 8548 0
2338 2594 0
2338 2596 0
2338 2599 0
2338 2601 0
2338 2604 0
2338 4704 0
2338 8477 0
2338 2712 0
2338 2714 0
2338 2718 0
2338 2722 0
2338 4855 0
2338 4963 0
2338 4964 0
2338 4973 0
2338 4974 0
2338 2937 0
2338 4986 0
2338 4988 0
2338 4989 0
2338 5016 0
2338 5017 0
2338 5028 0
2338 5029 0
2338 5034 0
2338 5039 0
2338 5044 0
2338 5049 0
2338 5052 0
2338 4985 0
2338 5981 0
2338 3150 0
2338 3159 0
2338 3160 0
2338 5243 0
2338 18728 0
2338 3336 0
2338 2606 0
2338 5432 0
2338 19879 0
2338 5586 0
2338 5033 0
2338 5043 0
2338 3345 0
2338 5053 0
2338 18029 0
2338 7851 0
2338 3802 0
2338 5893 0
2338 5980 0
2338 6065 1
2338 6068 0
2393 7741 1
2393 2393 2
2451 2594 0
2451 2606 0
2451 18029 0
2451 2762 1
2451 2937 0
2451 3802 0
2451 3345 0
2451 9081 0
2451 4963 0
2451 4964 0
2451 4968 0
2451 4969 0
2451 4970 0
2451 4972 0
2451 4973 0
2451 4974 0
2451 4981 0
2451 2936 0
2451 4985 0
2451 4986 0
2451 4988 0
2451 4989 0
2451 5015 0
2451 5004 0
2451 5017 0
2451 5021 0
2451 16453 0
2451 5028 0
2451 5029 0
2451 5033 0
2451 5034 0
2451 5039 0
2451 6065 1
2451 5043 0
2451 19879 0
2480 2480 0
2480 6065 1
2480 7741 0
2543 3469 1
2543 21186 1
2549 6162 1
2549 2712 1
2549 2718 1
2549 2722 1
2549 6068 1
2549 2549 2
2592 6895 1
2592 3390 1
2592 3391 1
2594 6153 0
2594 6162 0
2594 8212 0
2594 16453 0
2594 8391 0
2594 18728 0
2594 8500 0
2594 9081 0
2594 8567 0
2594 17064 0
2594 4624 0
2594 2594 0
2594 2596 0
2594 2599 0
2594 2601 0
2594 2604 0
2594 2606 0
2594 8477 0
2594 2714 0
2594 2718 0
2594 2722 0
2594 2762 1
2594 6917 0
2594 6923 0
2594 4963 0
2594 4964 0
2594 4968 0
2594 4969 0
2594 4970 0
2594 4972 0
2594 4973 0
2594 4974 0
2594 4981 0
2594 2936 0
2594 4985 0
2594 4986 0
2594 4988 0
2594 4989 0
2594 5004 0
2594 5015 0
2594 5016 0
2594 5017 0
2594 5018 0
2594 5021 0
2594 5028 0
2594 5029 0
2594 5033 0
2594 5034 0
2594 5039 0
2594 5043 0
2594 5044 0
2594 5052 0
2594 3150 0
2594 3159 0
2594 3160 0
2594 5243 0
2594 2937 0
2594 3345 0
2594 5394 0
2594 5398 0
2594 2969 0
2594 19879 0
2594 3628 0
2594 18029 0
2594 7851 0
2594 3802 0
2594 2712 0
2594 6065 1
2594 6068 0
2596 7851 0
2596 4624 0
2596 8212 0
2596 2596 0
2596 2599 0
2596 2601 0
2596 2604 0
2596 2606 0
2596 5981 0
2596 7741 0
2596 4968 0
2596 5243 0
2596 2712 0
2596 2714 0
2596 2718 0
2596 2722 0
2596 17064 0
2596 5018 0
2596 8477 0
2596 8391 0
2596 2762 1
2596 5017 0
2596 3802 0
2596 6162 0
2596 6917 0
2596 6923 0
2596 3345 0
2596 5394 0
2596 5398 0
2596 18728 0
2596 4972 0
2596 4981 0
2596 8567 0
2596 2937 0
2596 4989 0
2596 5004 0
2596 2969 0
2596 19879 0
2596 5033 0
2596 6065 1
2596 5043 0
2596 5044 0
2596 5052 0
2596 5053 0
2596 5028 0
2596 5029 0
2599 19879 0
2599 2599 0
2599 2601 0
2599 2712 0
2599 2604 0
2599 2606 0
2599 3345 0
2599 4968 0
2599 8883 0
2599 5243 0
2599 2714 0
2599 2718 0
2599 2722 0
2599 5798 0
2599 17064 0
2599 5828 1
2599 8391 0
2599 2762 1
2599 6923 0
2599 5017 0
2599 3802 0
2599 6917 0
2599 18728 0
2599 5018 0
2599 8477 0
2599 4972 0
2599 4981 0
2599 5004 0
2599 3469 0
2599 2969 0
2599 5028 0
2599 5029 0
2599 6065 1
2599 5043 0
2599 5044 0
2599 5053 0
2599 16349 0
2599 5033 0
2601 8212 0
2601 8391 0
2601 8477 0
2601 18728 0
2601 8500 0
2601 8548 0
2601 8567 0
2601 2601 0
2601 2604 0
2601 2606 0
2601 6923 0
2601 2712 0
2601 2714 0
2601 2718 0
2601 2722 0
2601 17064 0
2601 2762 1
2601 4855 0
2601 6917 0
2601 4968 0
2601 4972 0
2601 4981 0
2601 2936 0
2601 2937 0
2601 5004 0
2601 5017 0
2601 5018 0
2601 5028 0
2601 5029 0
2601 5033 0
2601 5043 0
2601 5044 0
2601 5243 0
2601 3345 0
2601 5394 0
2601 5398 0
2601 2969 0
2601 19879 0
2601 7851 0
2601 3802 0
2601 5981 0
2601 6065 1
2601 6068 0
2604 8212 0
2604 8477 0
2604 18728 0
2604 8500 0
2604 8567 0
2604 2604 0
2604 2606 0
2604 17064 0
2604 2762 1
2604 2937 0
2604 3336 0
2604 5394 0
2604 5398 0
2604 3802 0
2604 6068 0
2604 5798 0
2604 7851 0
2604 5981 0
2604 6065 1
2604 6067 0
2606 8212 0
2606 16453 0
2606 8567 0
2606 8500 0
2606 9081 0
2606 17064 0
2606 2714 0
2606 2722 0
2606 8883 0
2606 2762 1
2606 4859 0
2606 4963 0
2606 4964 0
2606 4968 0
2606 4969 0
2606 4970 0
2606 4972 0
2606 4973 0
2606 4974 0
2606 4976 0
2606 4981 0
2606 2936 0
2606 4985 0
2606 4986 0
2606 4988 0
2606 4989 0
2606 5004 0
2606 5015 0
2606 5016 0
2606 5017 0
2606 5018 0
2606 5021 0
2606 5029 0
2606 5033 0
2606 5034 0
2606 5039 0
2606 5043 0
2606 5044 0
2606 5049 0
2606 2937 0
2606 5394 0
2606 5398 0
2606 19879 0
2606 5586 0
2606 5028 0
2606 4704 0
2606 3345 0
2606 18029 0
2606 7851 0
2606 8477 0
2606 3802 0
2606 18728 0
2606 5981 0
2606 6065 1
2606 16349 0
2712 7851 0
2712 6162 0
2712 8391 0
2712 17064 0
2712 18728 0
2712 16453 0
2712 4624 0
2712 2712 0
2712 2714 0
2712 2718 0
2712 2722 0
2712 8879 0
2712 4855 0
2712 4859 0
2712 6917 0
2712 6923 0
2712 4968 0
2712 4969 0
2712 4972 0
2712 4981 0
2712 2936 0
2712 5004 0
2712 5017 0
2712 5018 0
2712 5028 0
2712 5029 0
2712 5033 0
2712 5043 0
2712 5044 0
2712 5052 0
2712 3043 0
2712 5243 0
2712 5394 0
2712 5398 0
2712 5432 0
2712 5516 0
2712 2969 0
2712 19879 0
2712 7741 0
2712 3345 0
2712 3802 0
2712 5893 0
2712 5980 0
2712 5981 0
2712 6065 1
2712 6067 0
2712 6068 0
2714 2714 0
2714 6153 0
2714 6162 0
2714 19879 0
2714 4624 0
2714 2718 0
2714 2722 0
2714 5432 0
2714 3628 0
2714 7741 0
2714 5828 1
2714 5981 0
2714 5999 0
2714 6065 1
2714 6068 0
2718 6162 0
2718 8391 0
2718 8567 0
2718 19879 0
2718 4624 0
2718 6917 0
2718 2718 0
2718 2722 0
2718 4859 0
2718 6923 0
2718 4963 0
2718 4964 0
2718 4968 0
2718 4972 0
2718 4976 0
2718 4981 0
2718 2937 0
2718 4988 0
2718 5004 0
2718 2969 0
2718 5018 0
2718 5021 0
2718 5028 0
2718 5039 0
2718 5043 0
2718 5044 0
2718 3043 0
2718 4969 0
2718 5243 0
2718 3336 0
2718 3345 0
2718 5432 0
2718 5516 0
2718 5016 0
2718 5017 0
2718 3535 0
2718 5029 0
2718 5033 0
2718 7741 0
2718 3802 0
2718 5999 0
2718 6065 1
2718 6068 0
2722 6162 0
2722 16453 0
2722 8391 0
2722 8477 0
2722 9081 0
2722 19879 0
2722 4624 0
2722 2722 0
2722 8879 0
2722 8883 0
2722 4859 0
2722 6917 0
2722 6923 0
2722 4963 0
2722 4964 0
2722 4968 0
2722 4969 0
2722 4972 0
2722 4973 0
2722 4974 0
2722 4976 0
2722 4981 0
2722 2936 0
2722 4985 0
2722 4986 0
2722 4988 0
2722 4989 0
2722 5004 0
2722 5015 0
2722 5017 0
2722 5018 0
2722 5021 0
2722 5028 0
2722 5029 0
2722 5033 0
2722 5039 0
2722 5043 0
2722 5044 0
2722 3043 0
2722 5243 0
2722 2937 0
2722 3345 0
2722 5398 0
2722 5432 0
2722 5016 0
2722 2969 0
2722 7851 0
2722 3802 0
2722 18728 0
2722 5981 0
2722 6065 1
2722 6068 0
2722 16349 0
2762 6153 1
2762 8212 1
2762 5039 1
2762 11294 1
2762 6917 1
2762 3628 1
2762 16453 1
2762 2969 1
2762 8548 1
2762 5052 1
2762 18029 1
2762 5053 1
2762 5243 1
2762 4973 1
2762 13976 1
2762 17064 1
2762 19628 1
2762 2762 2
2762 2937 1
2762 3802 1
2762 18298 1
2762 4859 1
2762 6916 1
2762 5893 1
2762 6923 1
2762 3345 1
2762 5394 1
2762 5398 1
2762 8477 1
2762 18728 1
2762 8500 1
2762 8518 1
2762 9081 1
2762 5981 1
2762 4963 1
2762 4964 1
2762 4968 1
2762 4969 1
2762 4970 1
2762 4972 1
2762 4974 1
2762 4976 1
2762 4981 1
2762 8567 1
2762 2936 1
2762 4985 1
2762 4986 1
2762 4988 1
2762 4989 1
2762 5980 1
2762 13207 1
2762 5004 1
2762 5015 1
2762 5016 1
2762 5017 1
2762 5018 1
2762 5028 1
2762 5029 1
2762 19879 1
2762 5033 1
2762 5034 1
2762 5021 1
2762 5043 1
2762 5044 1
2762 5049 1
2762 6080 1
2762 7177 1
2849 6162 0
2849 3150 0
2849 3159 0
2849 3160 0
2849 2849 0
2849 7741 0
2849 6065 1
2883 3336 1
2883 5432 1
2883 2883 2
2883 3535 1
2883 5999 1
2883 4604 1
2936 6153 0
2936 16453 0
2936 6162 0
2936 8477 0
2936 8500 0
2936 8879 0
2936 8883 0
2936 2937 0
2936 4859 0
2936 4963 0
2936 4964 0
2936 4968 0
2936 4969 0
2936 4970 0
2936 4972 0
2936 4973 0
2936 4974 0
2936 4976 0
2936 9081 0
2936 4986 0
2936 4988 0
2936 4989 0
2936 5004 0
2936 5015 0
2936 5018 0
2936 5021 0
2936 5028 0
2936 5029 0
2936 5033 0
2936 5034 0
2936 5039 0
2936 5043 0
2936 4981 0
2936 4985 0
2936 5394 0
2936 5398 0
2936 3469 0
2936 5016 0
2936 5017 0
2936 19879 0
2936 3345 0
2936 18029 0
2936 7851 0
2936 3802 0
2936 18728 0
2936 6065 1
2936 16349 0
2937 16453 0
2937 8477 0
2937 8500 0
2937 8883 0
2937 4963 0
2937 4964 0
2937 4968 0
2937 4969 0
2937 4970 0
2937 4972 0
2937 4973 0
2937 4974 0
2937 4976 0
2937 9081 0
2937 4986 0
2937 4988 0
2937 4989 0
2937 5004 0
2937 5015 0
2937 5016 0
2937 5017 0
2937 5018 0
2937 5021 0
2937 5028 0
2937 5029 0
2937 5033 0
2937 5034 0
2937 5039 0
2937 5043 0
2937 5049 0
2937 5053 0
2937 4981 0
2937 4985 0
2937 3345 0
2937 19879 0
2937 18029 0
2937 7851 0
2937 3802 0
2937 18728 0
2937 6065 1
2937 16349 0
2969 6162 0
2969 5015 0
2969 5243 0
2969 8391 0
2969 3802 0
2969 6917 0
2969 6923 0
2969 3345 0
2969 13207 0
2969 6916 0
2969 4968 0
2969 4972 0
2969 4981 0
2969 5004 0
2969 5016 0
2969 5017 0
2969 5018 0
2969 5028 0
2969 5029 0
2969 19879 0
2969 5033 0
2969 6065 1
2969 5043 0
2969 5044 0
2969 5049 0
2969 5053 0
2969 3043 0
3018 5828 1
3018 3018 0
3043 8391 0
3043 4859 0
3043 6916 0
3043 4964 0
3043 5052 0
3043 3043 0
3043 5193 1
3043 5243 0
3043 5516 0
3043 5828 1
3043 5432 0
3043 5980 0
3043 5981 0
3150 7741 0
3150 3159 0
3150 3160 0
3150 7851 0
3150 6065 1
3159 7851 0
3159 6065 1
3159 7741 0
3160 5029 0
3160 7851 0
3160 6065 1
3160 7741 0
3336 5828 1
3336 3336 0
3336 5980 0
3336 5586 0
3345 8879 0
3345 5039 0
3345 16453 0
3345 6923 0
3345 16349 0
3345 8883 0
3345 4964 0
3345 5053 0
3345 4968 0
3345 8477 0
3345 5243 0
3345 4972 0
3345 18029 0
3345 7851 0
3345 5018 0
3345 8391 0
3345 5017 0
3345 4985 0
3345 3802 0
3345 4859 0
3345 6917 0
3345 18728 0
3345 9081 0
3345 4963 0
3345 4969 0
3345 4970 0
3345 4973 0
3345 4974 0
3345 4976 0
3345 4981 0
3345 4986 0
3345 4988 0
3345 4989 0
3345 5015 0
3345 5004 0
3345 5016 0
3345 5028 0
3345 5029 0
3345 5033 0
3345 5034 0
3345 5021 0
3345 6065 1
3345 5043 0
3345 5044 0
3345 5049 0
3345 5052 0
3345 19879 0
3390 3390 0
3390 3391 0
3390 3566 1
3390 6895 0
3391 3391 0
3391 5432 0
3391 3566 1
3391 6895 0
3469 8518 0
3469 8519 0
3469 21186 0
3469 4859 0
3469 11294 0
3469 5747 1
3469 7851 0
3469 18298 0
3535 5747 1
3535 4855 0
3566 3566 2
3566 6895 1
3628 3628 0
3628 6080 0
3628 6065 1
3628 6067 0
3751 6065 1
3802 6153 0
3802 16453 0
3802 8391 0
3802 8477 0
3802 8500 0
3802 8518 0
3802 9081 0
3802 4624 0
3802 8883 0
3802 4859 0
3802 6916 0
3802 6917 0
3802 6923 0
3802 4963 0
3802 4964 0
3802 4968 0
3802 4969 0
3802 4970 0
3802 4972 0
3802 4973 0
3802 4974 0
3802 4976 0
3802 4981 0
3802 4985 0
3802 4986 0
3802 4988 0
3802 4989 0
3802 5004 0
3802 5015 0
3802 5016 0
3802 5017 0
3802 5018 0
3802 5021 0
3802 5028 0
3802 5029 0
3802 5033 0
3802 5034 0
3802 5039 0
3802 5043 0
3802 5044 0
3802 5243 0
3802 5432 0
3802 13207 0
3802 19879 0
3802 18029 0
3802 7851 0
3802 3802 0
3802 18728 0
3802 5981 0
3802 6065 1
3802 16349 0
4604 5828 1
4604 4859 0
4604 4604 0
4624 4624 0
4624 7741 0
4624 5893 0
4624 5981 0
4624 8548 0
4624 6065 1
4624 6068 0
4624 6153 0
4704 5193 1
4704 7741 0
4704 8477 0
4704 6065 1
4704 4704 0
4780 5981 0
4780 4780 0
4780 5828 1
4780 4981 0
4780 4986 0
4780 6065 1
4780 5017 0
4855 4855 0
4855 4859 0
4855 6916 0
4855 4988 0
4855 5033 0
4855 5243 0
4855 5432 0
4855 7851 0
4855 5828 1
4859 8548 0
4859 8879 0
4859 4859 0
4859 4974 0
4859 4988 0
4859 5016 0
4859 5034 0
4859 5039 0
4859 5052 0
4859 5243 0
4859 5432 0
4859 19879 0
4859 5033 0
4859 5828 1
4859 5980 0
4859 5981 0
4859 6065 1
4963 6162 0
4963 8883 0
4963 4972 0
4963 9081 0
4963 4976 0
4963 7851 0
4963 8477 0
4963 8391 0
4963 4985 0
4963 18029 0
4963 18728 0
4963 4964 0
4963 4968 0
4963 4969 0
4963 4970 0
4963 4973 0
4963 4974 0
4963 4981 0
4963 4986 0
4963 4988 0
4963 4989 0
4963 5015 0
4963 5004 0
4963 5016 0
4963 5017 0
4963 5018 0
4963 5021 0
4963 16453 0
4963 5028 0
4963 5033 0
4963 5034 0
4963 5039 0
4963 6065 1
4963 5043 0
4963 5044 0
4963 5049 0
4963 5052 0
4963 5053 0
4963 16349 0
4963 5029 0
4963 19879 0
4964 8879 0
4964 5039 0
4964 19879 0
4964 18029 0
4964 8391 0
4964 4985 0
4964 18728 0
4964 16453 0
4964 9081 0
4964 4964 0
4964 4968 0
4964 4969 0
4964 4970 0
4964 4972 0
4964 4973 0
4964 4974 0
4964 4976 0
4964 4981 0
4964 4986 0
4964 4988 0
4964 4989 0
4964 5015 0
4964 5004 0
4964 5016 0
4964 5017 0
4964 5018 0
4964 5028 0
4964 5029 0
4964 5021 0
4964 6065 1
4964 5043 0
4964 5044 0
4964 5049 0
4964 5052 0
4964 5053 0
4964 5033 0
4964 5034 0
4968 8879 0
4968 5039 0
4968 16453 0
4968 6923 0
4968 5053 0
4968 5243 0
4968 4972 0
4968 18029 0
4968 7851 0
4968 5018 0
4968 8477 0
4968 8883 0
4968 8391 0
4968 5017 0
4968 4985 0
4968 6917 0
4968 18728 0
4968 9081 0
4968 4969 0
4968 4970 0
4968 4973 0
4968 4974 0
4968 4976 0
4968 4981 0
4968 4986 0
4968 4988 0
4968 4989 0
4968 5015 0
4968 5004 0
4968 5016 0
4968 5028 0
4968 5029 0
4968 5033 0
4968 5034 0
4968 5021 0
4968 6065 1
4968 5043 0
4968 5044 0
4968 5049 0
4968 5052 0
4968 16349 0
4968 19879 0
4969 16453 0
4969 4981 0
4969 8477 0
4969 18728 0
4969 8879 0
4969 8883 0
4969 4970 0
4969 4972 0
4969 4973 0
4969 4974 0
4969 4976 0
4969 9081 0
4969 4986 0
4969 4988 0
4969 4989 0
4969 5004 0
4969 5015 0
4969 5016 0
4969 5017 0
4969 5018 0
4969 5028 0
4969 5029 0
4969 5033 0
4969 5034 0
4969 5039 0
4969 5043 0
4969 5044 0
4969 5049 0
4969 5052 0
4969 5053 0
4969 4985 0
4969 19879 0
4969 5021 0
4969 18029 0
4969 7851 0
4969 6065 1
4969 16349 0
4970 6162 0
4970 5039 0
4970 5981 0
4970 18029 0
4970 8879 0
4970 9081 0
4970 4972 0
4970 4973 0
4970 4974 0
4970 4976 0
4970 4981 0
4970 4985 0
4970 4986 0
4970 4988 0
4970 4989 0
4970 5015 0
4970 5004 0
4970 5016 0
4970 5017 0
4970 5018 0
4970 16453 0
4970 5028 0
4970 5029 0
4970 5033 0
4970 5034 0
4970 5021 0
4970 6065 1
4970 5043 0
4970 5044 0
4970 5049 0
4970 5052 0
4970 5053 0
4970 6068 0
4970 19879 0
4972 16453 0
4972 8391 0
4972 8477 0
4972 6917 0
4972 8879 0
4972 8883 0
4972 6923 0
4972 4972 0
4972 4973 0
4972 4974 0
4972 4976 0
4972 9081 0
4972 4986 0
4972 4988 0
4972 4989 0
4972 5004 0
4972 5015 0
4972 5016 0
4972 5017 0
4972 5018 0
4972 5028 0
4972 5029 0
4972 5033 0
4972 5034 0
4972 5039 0
4972 5043 0
4972 5044 0
4972 5049 0
4972 5052 0
4972 5053 0
4972 5243 0
4972 4981 0
4972 4985 0
4972 19879 0
4972 5021 0
4972 18029 0
4972 7851 0
4972 18728 0
4972 6065 1
4972 16349 0
4973 8879 0
4973 5039 0
4973 5981 0
4973 7851 0
4973 8477 0
4973 8883 0
4973 8391 0
4973 4985 0
4973 18728 0
4973 18029 0
4973 9081 0
4973 4974 0
4973 4976 0
4973 4981 0
4973 4986 0
4973 4988 0
4973 4989 0
4973 5015 0
4973 5004 0
4973 5016 0
4973 5017 0
4973 5018 0
4973 16453 0
4973 5028 0
4973 5029 0
4973 5033 0
4973 5034 0
4973 5021 0
4973 6065 1
4973 5043 0
4973 5044 0
4973 5049 0
4973 5052 0
4973 5053 0
4973 16349 0
4973 19879 0
4974 16453 0
4974 8391 0
4974 8477 0
4974 18728 0
4974 8879 0
4974 8883 0
4974 4976 0
4974 4981 0
4974 4985 0
4974 4986 0
4974 4988 0
4974 4989 0
4974 5004 0
4974 5015 0
4974 5016 0
4974 5017 0
4974 5018 0
4974 5028 0
4974 5029 0
4974 5033 0
4974 5034 0
4974 5039 0
4974 5043 0
4974 5044 0
4974 5049 0
4974 5052 0
4974 5053 0
4974 9081 0
4974 19879 0
4974 5021 0
4974 18029 0
4974 7851 0
4974 6065 1
4974 6068 0
4974 16349 0
4976 16453 0
4976 7851 0
4976 8477 0
4976 8883 0
4976 18029 0
4976 18728 0
4976 9081 0
4976 4981 0
4976 4985 0
4976 4986 0
4976 4989 0
4976 5015 0
4976 5004 0
4976 5016 0
4976 5017 0
4976 5018 0
4976 5021 0
4976 5028 0
4976 5033 0
4976 5034 0
4976 5039 0
4976 6065 1
4976 5043 0
4976 5044 0
4976 5049 0
4976 5052 0
4976 5053 0
4976 16349 0
4976 5029 0
4976 19879 0
4981 5039 0
4981 16453 0
4981 6923 0
4981 5981 0
4981 6068 0
4981 5243 0
4981 18029 0
4981 8391 0
4981 5017 0
4981 4985 0
4981 6917 0
4981 9081 0
4981 4981 0
4981 4986 0
4981 4988 0
4981 4989 0
4981 5015 0
4981 5004 0
4981 5016 0
4981 5018 0
4981 5028 0
4981 5029 0
4981 5033 0
4981 5034 0
4981 5021 0
4981 6065 1
4981 5043 0
4981 5044 0
4981 5049 0
4981 5052 0
4981 5053 0
4981 19879 0
4985 6153 0
4985 8879 0
4985 5039 0
4985 18029 0
4985 9081 0
4985 7851 0
4985 8477 0
4985 8883 0
4985 19879 0
4985 18728 0
4985 4986 0
4985 4988 0
4985 4989 0
4985 5015 0
4985 5004 0
4985 5016 0
4985 5017 0
4985 5018 0
4985 16453 0
4985 5028 0
4985 5033 0
4985 5034 0
4985 5021 0
4985 6065 1
4985 5043 0
4985 5044 0
4985 5049 0
4985 5052 0
4985 5053 0
4985 6068 0
4985 16349 0
4985 5029 0
4986 8879 0
4986 5039 0
4986 18029 0
4986 9081 0
4986 8477 0
4986 8883 0
4986 18728 0
4986 7851 0
4986 4988 0
4986 4989 0
4986 5015 0
4986 5004 0
4986 5016 0
4986 5017 0
4986 5018 0
4986 16453 0
4986 5028 0
4986 5033 0
4986 5034 0
4986 5021 0
4986 6065 1
4986 5043 0
4986 5044 0
4986 5049 0
4986 5052 0
4986 5053 0
4986 16349 0
4986 5029 0
4986 19879 0
4988 5039 0
4988 18029 0
4988 8879 0
4988 19879 0
4988 9081 0
4988 4989 0
4988 5015 0
4988 5004 0
4988 5016 0
4988 5017 0
4988 5018 0
4988 16453 0
4988 5028 0
4988 5033 0
4988 5034 0
4988 5021 0
4988 6065 1
4988 5043 0
4988 5044 0
4988 5049 0
4988 5052 0
4988 5053 0
4988 6068 0
4988 5029 0
4989 8477 0
4989 9081 0
4989 7851 0
4989 8883 0
4989 18029 0
4989 8391 0
4989 18728 0
4989 4989 0
4989 5015 0
4989 5004 0
4989 5016 0
4989 5017 0
4989 5018 0
4989 5021 0
4989 16453 0
4989 5028 0
4989 5033 0
4989 5034 0
4989 5039 0
4989 6065 1
4989 5043 0
4989 5044 0
4989 5049 0
4989 5052 0
4989 5053 0
4989 16349 0
4989 5029 0
4989 19879 0
5004 6162 0
5004 16453 0
5004 8391 0
5004 8477 0
5004 18728 0
5004 8567 0
5004 6917 0
5004 8883 0
5004 6923 0
5004 9081 0
5004 5015 0
5004 5017 0
5004 5018 0
5004 5021 0
5004 5028 0
5004 5029 0
5004 5033 0
5004 5034 0
5004 5039 0
5004 5043 0
5004 5044 0
5004 5049 0
5004 5052 0
5004 5053 0
5004 5243 0
5004 5016 0
5004 19879 0
5004 18029 0
5004 7851 0
5004 5981 0
5004 6065 1
5004 16349 0
5015 16453 0
5015 8391 0
5015 8477 0
5015 8879 0
5015 8883 0
5015 9081 0
5015 5015 0
5015 5016 0
5015 5017 0
5015 5018 0
5015 5028 0
5015 5029 0
5015 5033 0
5015 5034 0
5015 5039 0
5015 5043 0
5015 5044 0
5015 5049 0
5015 5052 0
5015 5053 0
5015 5021 0
5015 19879 0
5015 18029 0
5015 7851 0
5015 18728 0
5015 5981 0
5015 6065 1
5015 16349 0
5016 6162 0
5016 16453 0
5016 8391 0
5016 8477 0
5016 6916 0
5016 8879 0
5016 8883 0
5016 9081 0
5016 5017 0
5016 5018 0
5016 5028 0
5016 5029 0
5016 5033 0
5016 5034 0
5016 5039 0
5016 5043 0
5016 5044 0
5016 5049 0
5016 5052 0
5016 5053 0
5016 19879 0
5016 5021 0
5016 18029 0
5016 7851 0
5016 18728 0
5016 6065 1
5016 6068 0
5016 16349 0
5017 16453 0
5017 8391 0
5017 8477 0
5017 6917 0
5017 8883 0
5017 6916 0
5017 6923 0
5017 9081 0
5017 5018 0
5017 5021 0
5017 5028 0
5017 5029 0
5017 5033 0
5017 5034 0
5017 5039 0
5017 5043 0
5017 5044 0
5017 5049 0
5017 5052 0
5017 5053 0
5017 5243 0
5017 19879 0
5017 18029 0
5017 7851 0
5017 18728 0
5017 6065 1
5017 6068 0
5017 16349 0
5018 16453 0
5018 8391 0
5018 8477 0
5018 8879 0
5018 8883 0
5018 6917 0
5018 6923 0
5018 9081 0
5018 13207 0
5018 5018 0
5018 5028 0
5018 5029 0
5018 5033 0
5018 5034 0
5018 5039 0
5018 5043 0
5018 5044 0
5018 5049 0
5018 5052 0
5018 5053 0
5018 5243 0
5018 19879 0
5018 5021 0
5018 18029 0
5018 7851 0
5018 18728 0
5018 6065 1
5018 6068 0
5018 16349 0
5021 16453 0
5021 8391 0
5021 8477 0
5021 18728 0
5021 8879 0
5021 8883 0
5021 6917 0
5021 9081 0
5021 5028 0
5021 5029 0
5021 5033 0
5021 5034 0
5021 5039 0
5021 5043 0
5021 5044 0
5021 5049 0
5021 5052 0
5021 5053 0
5021 13497 0
5021 19879 0
5021 18029 0
5021 7851 0
5021 6065 1
5021 6068 0
5021 16349 0
5028 6162 0
5028 16453 0
5028 8391 0
5028 8477 0
5028 8879 0
5028 8883 0
5028 6917 0
5028 6923 0
5028 9081 0
5028 5029 0
5028 5033 0
5028 5034 0
5028 5039 0
5028 5043 0
5028 5044 0
5028 5049 0
5028 5052 0
5028 5053 0
5028 5243 0
5028 13207 0
5028 19879 0
5028 18029 0
5028 7851 0
5028 18728 0
5028 5981 0
5028 6065 1
5028 6068 0
5028 16349 0
5029 16453 0
5029 8391 0
5029 8477 0
5029 8883 0
5029 6916 0
5029 6917 0
5029 6923 0
5029 9081 0
5029 13207 0
5029 5033 0
5029 5034 0
5029 5039 0
5029 5043 0
5029 5044 0
5029 5049 0
5029 5052 0
5029 5053 0
5029 5243 0
5029 19879 0
5029 18029 0
5029 7851 0
5029 18728 0
5029 6065 1
5029 6068 0
5029 16349 0
5033 16453 0
5033 8391 0
5033 8477 0
5033 18728 0
5033 17064 0
5033 8879 0
5033 8883 0
5033 6917 0
5033 6923 0
5033 13207 0
5033 5034 0
5033 5039 0
5033 5043 0
5033 5044 0
5033 5049 0
5033 5052 0
5033 5053 0
5033 5243 0
5033 9081 0
5033 19879 0
5033 18029 0
5033 7851 0
5033 6065 1
5033 6068 0
5033 16349 0
5034 5039 0
5034 18029 0
5034 9081 0
5034 8879 0
5034 8567 0
5034 16453 0
5034 6065 1
5034 5043 0
5034 5044 0
5034 5049 0
5034 5052 0
5034 5053 0
5034 19879 0
5039 8879 0
5039 16453 0
5039 5053 0
5039 13207 0
5039 18029 0
5039 9081 0
5039 8391 0
5039 18728 0
5039 6065 1
5039 5043 0
5039 5044 0
5039 5049 0
5039 5052 0
5039 19879 0
5043 6916 0
5043 16453 0
5043 8883 0
5043 5052 0
5043 18029 0
5043 5053 0
5043 5243 0
5043 9081 0
5043 7851 0
5043 8477 0
5043 5828 1
5043 8391 0
5043 6923 0
5043 6917 0
5043 18728 0
5043 13207 0
5043 6065 1
5043 5044 0
5043 5049 0
5043 19879 0
5044 19879 0
5044 16453 0
5044 6067 0
5044 5243 0
5044 18029 0
5044 9081 0
5044 8391 0
5044 6917 0
5044 6923 0
5044 6065 1
5044 5044 0
5044 5049 0
5044 5052 0
5044 5053 0
5049 6068 0
5049 16453 0
5049 18029 0
5049 13207 0
5049 8391 0
5049 6916 0
5049 9081 0
5049 8567 0
5049 6065 1
5049 5052 0
5049 5053 0
5049 19879 0
5052 16453 0
5052 6067 0
5052 6068 0
5052 5981 0
5052 18029 0
5052 9081 0
5052 6065 1
5052 5052 0
5052 5053 0
5052 19879 0
5053 16453 0
5053 18029 0
5053 17064 0
5053 13207 0
5053 18298 0
5053 18728 0
5053 9081 0
5053 6065 1
5053 19879 0
5193 5798 1
5193 6067 1
5243 6162 0
5243 8391 0
5243 8548 0
5243 6917 0
5243 6923 0
5243 19879 0
5243 5586 0
5243 7741 0
5243 5893 0
5243 6065 1
5243 6068 0
5394 8879 0
5394 6065 1
5394 8212 0
5394 17064 0
5394 7851 0
5394 5398 0
5394 8477 0
5394 8500 0
5394 18728 0
5394 8567 0
5398 7851 0
5398 8212 0
5398 17064 0
5398 8879 0
5398 6162 0
5398 18728 0
5398 8477 0
5398 8567 0
5398 6065 1
5398 19879 0
5432 5432 0
5432 5586 0
5432 5747 1
5432 5828 1
5432 5981 0
5516 6068 0
5516 5828 1
5586 5980 0
5586 6065 1
5586 6080 0
5586 5586 0
5747 6162 1
5747 11294 1
5747 7517 1
5747 5747 2
5747 13497 1
5747 21186 1
5747 6923 1
5747 8519 1
5747 18298 1
5798 8477 0
5798 6065 1
5798 6067 0
5828 8391 1
5828 5828 2
5828 5981 1
5828 5999 1
5893 8548 0
5893 5981 0
5893 6065 1
5893 6068 0
5980 7741 0
5980 5999 0
5980 19879 0
5980 6065 1
5980 6068 0
5981 8212 0
5981 8548 0
5981 8567 0
5981 17064 0
5981 8477 0
5981 8500 0
5981 19879 0
5981 13497 0
5981 5981 0
5981 5999 0
5981 6065 1
5981 6067 0
5981 6068 0
5981 6916 0
5999 17064 0
5999 5999 0
5999 6065 1
6065 6153 1
6065 6162 1
6065 8212 1
6065 8879 1
6065 16453 1
6065 18728 1
6065 8518 1
6065 9081 1
6065 8548 1
6065 8567 1
6065 17064 1
6065 8883 1
6065 6916 1
6065 6917 1
6065 6923 1
6065 7177 1
6065 8391 1
6065 19628 1
6065 13207 1
6065 19879 1
6065 18029 1
6065 13976 1
6065 7851 1
6065 8477 1
6065 8500 1
6065 6065 2
6065 6067 1
6065 6068 1
6065 6080 1
6067 6162 0
6067 8477 0
6067 8391 0
6067 6067 0
6067 6068 0
6068 6162 0
6068 8548 0
6068 19879 0
6068 7741 0
6068 6068 0
6080 6080 0
6153 6153 0
6153 8500 0
6162 6162 0
6162 19879 0
6162 17064 0
6916 19879 0
6916 6917 0
6916 6923 0
6916 13207 0
6917 8391 0
6917 6923 0
6917 13207 0
6917 19879 0
6923 8391 0
6923 13207 0
6923 19879 0
7851 8212 0
7851 16453 0
7851 8477 0
7851 8500 0
7851 8567 0
7851 8883 0
7851 9081 0
7851 19879 0
7851 7851 0
7851 18728 0
7851 16349 0
7851 17064 0
8212 8212 0
8212 8477 0
8212 18728 0
8212 8500 0
8212 8567 0
8212 17064 0
8391 8391 0
8391 8477 0
8391 18728 0
8391 19879 0
8477 16453 0
8477 8500 0
8477 8567 0
8477 8883 0
8477 9081 0
8477 19879 0
8477 18728 0
8477 16349 0
8477 17064 0
8500 17064 0
8500 8567 0
8500 18728 0
8500 8500 0
8567 17064 0
8567 18728 0
8567 8567 0
8879 16349 0
8879 17064 0
8883 8883 0
8883 18728 0
8883 9081 0
8883 16453 0
8883 19879 0
8883 16349 0
9081 18029 0
9081 18728 0
9081 16453 0
9081 16349 0
9081 19879 0
11294 11294 0
11294 18298 0
13207 18728 0
13207 19879 0
16349 16453 0
16349 18728 0
16349 16349 0
16349 19879 0
16453 18728 0
16453 18029 0
16453 19879 0
17064 18728 0
18029 19879 0
18298 18298 0
18728 19879 0
18728 18728 0
19879 19879 0
