16354 5659 1
16354 2588 1
16354 6666 0
16354 1158 0
16354 1687 0
16354 5793 0
16354 168 0
16354 3768 0
16354 1741 0
16354 5855 0
16354 1259 0
16354 301 0
16354 865 0
16354 5994 0
16354 1919 0
16354 16354 0
4523 18299 0
4523 3469 0
4523 4520 0
4523 4521 0
4523 4523 0
4523 13240 1
4523 4579 1
277 274 0
277 277 0
277 3354 0
277 5659 1
277 2588 1
277 169 1
277 5432 0
18181 18181 0
18181 168 0
18181 169 1
18181 301 0
18181 5855 0
18181 4579 1
18181 1259 0
3078 3078 0
3078 3081 1
3078 6580 1
6081 6163 0
6081 6165 0
6081 168 0
6081 169 1
6081 706 0
6081 865 0
6081 1158 0
6081 3354 0
6081 3446 0
6081 5659 1
6081 5855 0
6081 5432 0
6081 6081 0
1160 5469 0
1160 168 0
1160 301 0
1160 6560 0
1160 6666 0
1160 2588 1
1160 746 0
1160 6904 0
1160 1158 0
1160 1160 0
1160 1259 0
1160 3353 0
1160 3354 0
1160 5476 0
1160 3446 0
1160 5659 1
1160 16022 0
1160 1687 0
1160 3768 0
1160 1741 0
1160 5855 0
1160 5432 0
1160 5994 0
1160 1919 0
1160 2044 0
3081 3232 1
3081 8356 1
3081 6160 1
3081 6580 2
3081 988 1
6666 6666 0
6666 6160 0
6666 6163 0
6666 6165 0
6666 1158 0
6666 169 1
6666 3768 0
6666 1687 0
6666 6057 1
6666 5117 0
13067 13067 0
13067 169 1
13067 4579 1
3469 169 1
3469 862 0
3469 18299 0
3469 3354 0
3469 7402 0
3469 7573 0
3469 6057 1
16022 2588 1
16022 5469 0
16022 16022 0
16022 1687 0
16022 1741 0
16022 5855 0
16022 6904 0
16022 3353 0
16022 3354 0
16022 301 0
16022 6057 1
6160 6163 0
6160 6165 0
6160 6160 0
6160 6754 0
6160 5469 0
6160 5659 1
6160 6014 1
6057 3359 1
6057 5793 1
6057 301 1
6057 5855 1
274 2588 1
274 169 1
274 274 0
274 410 0
2835 1158 0
2835 14546 1
2835 5659 1
2835 1919 0
6165 6163 0
6165 168 0
6165 169 1
6165 6165 0
6165 4520 0
6165 6754 0
6165 672 0
6165 673 0
6165 5117 0
6165 3232 0
6165 1259 0
6165 5659 1
6165 5855 0
6165 6014 1
6165 1919 0
7573 4128 0
7573 168 0
7573 169 1
7573 4579 1
7573 7573 0
3095 3095 2
3095 410 1
3095 673 1
3095 4533 1
3095 988 1
3095 4463 1
3353 168 0
3353 6560 0
3353 2588 1
3353 672 0
3353 10987 1
3353 1259 0
3353 3353 0
3353 3354 0
3353 3359 0
3353 5432 0
3353 1687 0
3353 1741 0
3353 5855 0
3354 168 0
3354 4311 0
3354 301 0
3354 6560 0
3354 2588 1
3354 10987 1
3354 6904 0
3354 1259 0
3354 3354 0
3354 3359 0
3354 5476 0
3354 1687 0
3354 3768 0
3354 1741 0
3354 5855 0
3354 5432 0
3354 1919 0
5659 5793 1
5659 1687 1
5659 2841 1
5659 5659 2
5659 2588 2
5659 672 1
5659 673 1
5659 6163 1
5659 936 1
5659 3232 1
5659 4128 1
5659 1314 1
5659 210 1
5659 5469 1
5659 6560 1
5659 1259 1
5659 6904 1
2588 2588 2
2588 4128 1
2588 5469 1
2588 1687 1
2588 1741 1
2588 210 1
2588 5855 1
2588 1259 1
2588 6904 1
2588 1314 1
2588 1919 1
2588 15141 1
2588 301 1
2588 4918 1
2588 5432 1
2588 5476 1
2588 5994 1
2588 3446 1
2588 6560 1
2588 936 1
2588 4520 1
2588 4521 1
410 2684 1
410 410 0
3359 10987 1
3359 3359 0
4128 4128 0
5793 5793 0
5793 1259 0
5793 4579 1
1314 1314 0
1314 5432 0
8356 6580 1
8356 5855 0
15141 1687 0
15141 15141 0
15141 5432 0
15141 14546 1
15025 7402 1
15025 4311 1
15025 2044 1
168 6163 0
168 168 0
168 169 1
168 301 0
168 4463 0
168 4533 0
168 6754 0
168 706 0
168 746 0
168 9009 0
168 872 1
168 5117 0
168 1158 0
168 3232 0
168 1259 0
168 5469 0
168 3446 0
168 1687 0
168 1741 0
168 1919 0
4521 1687 0
4521 5994 0
4521 18299 0
4521 4520 0
4521 4521 0
4521 13240 1
3232 3232 0
301 5469 0
301 9009 0
301 1687 0
301 672 0
301 169 1
301 1741 0
301 5855 0
301 1259 0
301 6904 0
301 301 0
301 4918 0
301 5432 0
301 865 0
301 5994 0
301 3446 0
301 1919 0
301 4463 0
301 6560 0
301 2044 0
746 862 0
746 1687 0
746 672 0
746 169 1
746 5855 0
746 746 0
746 1259 0
746 5432 0
746 5469 0
746 865 0
746 872 1
9009 5469 0
9009 169 1
9009 9009 0
9009 4579 1
9009 862 0
9009 865 0
9009 5994 0
9009 4520 0
4533 169 1
4533 4533 0
4533 4463 0
4918 1158 0
4918 4918 0
4918 5432 0
4918 1741 0
4918 4579 1
4918 5994 0
4918 5117 0
1259 169 1
1259 4579 1
1259 865 0
1259 1158 0
1259 5432 0
1259 5469 0
1259 1687 0
1259 1741 0
1259 1919 0
1259 2044 0
5432 2684 1
5432 5432 0
5432 1355 1
5432 5469 0
5432 5476 0
5432 1687 0
5432 3768 0
5432 1741 0
5432 5855 0
5432 2044 0
5117 169 1
5117 865 0
5117 5476 0
5117 5994 0
5117 4579 1
5117 5117 0
3768 872 1
3768 1158 0
3768 1687 0
3768 672 0
3768 673 0
3768 169 1
3768 3768 0
3768 1741 0
3768 865 0
2442 4463 1
6560 1687 0
6560 1741 0
6560 5855 0
6560 6560 0
6560 6904 0
706 169 1
706 706 0
706 4579 1
4520 1687 0
4520 5855 0
4520 4520 0
4520 13240 1
673 1741 0
1355 1158 1
1355 1355 2
1355 1013 1
2841 14546 1
1741 169 1
1741 4463 0
1741 672 0
1741 6904 0
1741 865 0
1741 988 0
1741 5469 0
1741 3446 0
1741 1687 0
1741 1741 0
1741 5855 0
1741 5994 0
1741 1919 0
5456 4579 1
5456 169 1
5456 5469 0
210 210 0
4311 4579 1
4311 2044 0
1158 1158 0
1158 1687 0
1158 169 1
1158 5855 0
1158 5476 0
1158 5994 0
1158 4463 0
672 672 0
672 4579 1
988 988 0
5469 6163 0
5469 865 0
5469 5469 0
5469 3446 0
5469 1687 0
5469 5855 0
5469 1919 0
862 169 1
862 4579 1
862 872 1
5855 6163 0
5855 4463 0
5855 6904 0
5855 865 0
5855 3446 0
5855 1687 0
5855 5855 0
5855 5994 0
865 865 0
865 872 1
865 4463 0
865 4579 1
6754 169 1
6754 6754 0
6754 4579 1
6754 3446 0
4579 7402 1
4579 5994 1
4579 18299 1
5476 1687 0
5476 5476 0
5476 5994 0
5476 6014 1
2044 5994 0
2044 6904 0
2044 2684 1
5994 3446 0
5994 1687 0
5994 5994 0
1687 169 1
1687 6904 0
1687 3446 0
1687 1687 0
1687 1919 0
14546 1013 1
4463 4463 0
4463 3446 0
6163 6163 0
6163 1919 0
6163 6014 1
3446 169 1
3446 3446 0
3446 1919 0
169 169 2
169 1919 1
6904 6904 0
6904 1919 0
18299 18299 0
18299 6014 1
1919 1919 0
