53 2048 0
53 53 0
53 2115 0
53 287 0
53 4463 0
53 2718 0
53 988 0
53 1022 0
53 861 0
53 15430 0
53 1224 0
53 3354 0
53 5464 0
53 5487 0
53 7568 0
53 1687 0
53 1741 1
53 14104 1
77 2115 1
77 77 2
118 8019 1
118 3354 1
118 1022 1
287 8367 0
287 287 0
287 20742 1
287 1221 0
287 1259 0
287 1620 0
287 2115 0
287 2718 0
287 3043 0
287 3354 0
287 5464 0
287 5487 0
287 5994 0
287 15161 1
287 7406 0
384 384 2
384 1160 1
384 8367 1
384 679 1
384 682 1
384 4524 1
384 561 1
384 1221 1
384 1223 1
384 1224 1
384 3043 1
384 3044 1
384 7406 1
384 8063 1
561 4463 0
561 561 0
561 2718 0
561 3043 0
561 3044 0
561 861 0
561 1160 0
561 1221 0
561 1224 0
561 1259 0
561 3354 0
561 3355 0
561 15996 0
561 1687 0
561 1741 1
561 5994 0
679 15430 0
679 1620 0
679 2718 0
679 679 0
679 682 0
679 1717 0
679 14104 1
679 2343 1
679 1439 0
682 1620 0
682 2718 0
682 682 0
682 3354 0
682 3355 0
682 2343 1
682 1439 0
861 2048 0
861 2115 0
861 2272 0
861 4463 0
861 2718 0
861 861 0
861 3043 0
861 1022 0
861 1160 0
861 1221 0
861 1224 0
861 1259 0
861 3354 0
861 5464 0
861 1439 0
861 1687 0
861 1741 1
861 14104 1
861 5994 0
988 6147 0
988 2115 0
988 1224 0
988 1741 1
988 7133 1
988 4525 0
988 988 0
988 1620 0
988 1022 0
1022 4463 0
1022 4524 0
1022 1022 0
1022 1687 0
1022 1741 1
1022 8019 0
1022 5994 0
1160 4546 0
1160 3043 0
1160 3044 0
1160 1160 0
1160 13458 1
1160 1221 0
1160 1223 0
1160 1259 0
1160 7406 0
1160 3354 0
1160 3355 0
1160 1687 0
1160 1741 1
1160 5994 0
1160 16367 0
1221 6147 0
1221 4525 0
1221 2718 0
1221 3043 0
1221 1221 0
1221 1223 0
1221 1224 0
1221 1259 0
1221 7406 0
1221 1620 0
1221 1741 1
1221 15996 0
1223 6147 0
1223 15996 0
1223 2718 0
1223 1224 0
1223 1741 1
1223 1259 0
1223 7573 0
1223 3043 0
1224 6147 0
1224 15430 0
1224 4546 0
1224 1224 0
1224 1741 1
1224 1259 0
1224 7406 0
1224 5994 0
1224 4463 0
1259 2048 0
1259 6147 0
1259 4524 0
1259 15236 1
1259 5180 0
1259 3354 0
1259 3355 0
1259 1620 0
1259 1687 0
1259 1741 1
1439 8367 0
1439 14104 1
1439 2343 1
1439 1439 0
1620 6147 0
1620 2115 0
1620 4524 0
1620 4546 0
1620 2718 0
1620 7133 1
1620 1620 0
1620 1741 1
1620 3844 0
1687 2048 0
1687 2115 0
1687 2272 0
1687 3043 0
1687 3044 0
1687 13458 1
1687 7406 0
1687 3354 0
1687 3355 0
1687 15996 0
1687 1687 0
1687 1741 1
1687 5994 0
1687 16367 0
1717 20239 1
1717 1717 0
1717 1741 1
1717 3043 0
1741 2048 1
1741 6147 1
1741 2272 1
1741 4463 1
1741 8063 1
1741 2115 1
1741 4524 1
1741 4525 1
1741 4526 1
1741 4546 1
1741 2718 1
1741 3043 1
1741 3044 1
1741 7406 1
1741 3354 1
1741 3355 1
1741 5464 1
1741 5487 1
1741 15996 1
1741 1741 2
1741 16091 1
1741 8019 1
1741 5994 1
1741 16367 1
2048 2048 0
2048 2115 0
2048 2718 0
2048 13042 1
2048 5994 0
2115 2115 0
2115 2718 0
2272 6147 0
2272 15430 0
2272 15996 0
2272 20239 1
2272 8019 0
2272 5994 0
2343 3844 1
2343 16367 1
2343 4524 1
2343 8367 1
2343 4525 1
2343 7568 1
2343 14104 2
2343 4526 1
2343 4546 1
2343 5180 1
2343 2343 2
2343 4463 1
2343 7573 1
2718 6147 0
2718 4524 0
2718 4525 0
2718 4546 0
2718 2718 0
2718 13042 1
2718 3043 0
2718 7406 0
2718 5464 0
2718 16091 0
3043 3043 0
3043 3354 0
3043 3355 0
3043 5464 0
3043 3844 0
3043 5994 0
3043 16367 0
3044 3354 0
3044 3355 0
3044 3044 0
3354 3354 0
3354 3355 0
3354 3844 0
3354 16367 0
3355 6147 0
3355 17137 1
3355 3355 0
3355 5994 0
3844 3844 0
3844 7133 1
4463 6147 0
4463 4463 0
4463 4524 0
4463 4525 0
4463 4526 0
4524 6147 0
4524 8367 0
4524 4524 0
4524 4525 0
4524 4526 0
4525 6147 0
4525 4526 0
4546 4546 0
5180 5180 0
5180 15236 1
5464 14104 1
5487 8367 0
5487 20742 1
5487 5487 0
5994 6147 0
5994 15236 1
5994 15996 0
5994 5994 0
5994 16367 0
6147 6147 0
6147 7133 1
7133 15996 1
7406 7406 0
7568 7568 0
7568 14104 1
7573 15236 1
7573 7573 0
7573 16367 0
8019 15430 0
8019 8019 0
15236 15236 2
15236 15430 1
15430 20742 1
15996 15996 0
16091 20742 1
16367 16367 0
