20 2059 0
20 20 0
20 6166 1
20 4300 0
20 287 0
20 2338 0
20 599 1
20 5247 0
20 5469 0
174 601 1
174 174 0
174 2338 0
174 10407 0
174 287 0
174 18764 0
174 1401 1
174 1943 0
174 2510 1
287 287 0
287 795 1
287 1004 0
287 2059 0
287 2338 0
287 5247 0
287 6078 0
287 6166 1
594 1943 1
594 6078 1
594 6977 1
594 596 1
594 4728 1
596 2338 0
596 596 0
596 599 1
596 4728 0
598 599 1
598 607 1
599 1943 1
599 10407 1
599 607 2
599 3005 1
599 6078 1
599 18880 1
599 1142 1
599 2510 2
599 599 2
599 600 1
599 2791 1
599 4728 1
599 1151 1
600 601 1
601 1943 1
601 10407 1
601 18880 1
601 1151 1
607 612 2
607 1142 1
607 607 2
611 812 1
611 612 2
611 613 1
611 615 2
612 1004 1
612 613 1
615 1004 1
615 812 1
615 1943 1
644 16031 1
644 5469 1
644 16354 1
644 6741 1
768 771 1
768 2059 1
768 6166 2
768 3225 1
768 799 1
768 820 1
768 1210 1
768 18764 1
768 4300 1
768 3037 1
768 18270 1
768 5247 1
771 771 0
771 2059 0
771 3225 0
771 799 0
771 2338 0
771 18764 0
771 1210 0
771 6166 1
771 3037 0
771 18270 0
771 4711 0
771 5247 0
795 5764 1
795 2059 1
795 5469 1
795 16031 1
799 6166 1
799 3225 0
812 2338 0
812 5469 0
820 4711 0
820 2059 0
820 820 0
820 6166 1
820 3225 0
1004 6741 0
1004 3243 1
1004 2338 0
1004 6078 0
1004 1004 0
1142 1142 0
1210 2059 0
1210 6166 1
1210 4711 0
1210 5247 0
1210 3225 0
1210 1210 0
1210 2338 0
1210 5469 0
1210 18270 0
1401 1401 2
1482 6977 1
1482 6741 1
1482 16354 1
1943 2059 0
1943 2338 0
1943 5469 0
1943 5764 0
1943 1943 0
1943 16031 0
1943 6078 0
2059 2059 0
2059 5469 0
2059 6166 1
2059 4300 0
2059 18764 0
2059 4711 0
2059 5247 0
2059 3225 0
2338 6166 1
2338 4300 0
2338 2338 0
2338 18764 0
2338 2510 1
2338 4711 0
2338 18270 0
2338 5247 0
2338 3243 1
2338 5469 0
2510 5764 1
2510 3005 1
2510 2791 1
3037 4711 0
3037 3225 0
3037 3243 1
3037 4300 0
3037 3037 0
3225 6166 1
3225 4711 0
3225 5247 0
3225 3225 0
3225 4300 0
3225 18270 0
3225 18764 0
3243 3243 2
3243 4711 1
4300 5469 0
4300 6166 1
4300 4300 0
4300 18764 0
4300 5247 0
4300 16354 0
4446 4446 2
4711 6166 1
4711 4711 0
5247 6166 1
5247 5469 0
5469 5469 0
6078 6078 0
6078 16354 0
6166 6166 2
6166 18764 1
6166 18270 1
6741 6741 0
6741 6977 0
6741 16031 0
6977 6977 0
6977 16354 0
16031 16031 0
16354 16354 0
18270 18270 0
