8202 3110 0
8202 8202 0
8202 6251 1
8202 169 1
8202 4550 0
8202 4551 0
8202 17375 0
7698 7698 0
7698 6165 0
7698 7699 0
7698 1158 0
7698 1160 0
7698 1687 0
7698 8055 0
7698 1741 0
7698 5855 0
7698 5365 0
7698 5369 0
7698 301 0
7698 4371 0
7698 3354 0
7698 3884 0
7698 2361 1
7698 4426 0
7698 5432 0
7698 4442 1
7698 5994 0
7698 892 0
7698 6560 0
7698 2500 0
7698 6904 0
7698 3043 0
7698 2031 0
7698 8185 0
7699 2582 0
7699 1160 0
7699 16022 0
7699 1687 0
7699 1741 0
7699 5365 0
7699 4859 0
7699 301 0
7699 4371 0
7699 3884 0
7699 5432 0
7699 2361 1
7699 334 0
7699 4442 1
7699 5994 0
7699 892 0
7699 5525 0
7699 5526 0
7699 8089 0
7699 6560 0
7699 2500 0
7699 3043 0
6165 6163 0
6165 169 1
6165 2280 0
6165 6165 0
6165 4646 0
6165 287 0
6165 4520 0
6165 4524 0
6165 4525 0
6165 4526 0
6165 4547 0
6165 4553 0
6165 4555 0
6165 4572 1
6165 2582 0
6165 2606 0
6165 561 0
6165 669 0
6165 2718 0
6165 2722 0
6165 4795 0
6165 13431 0
6165 1259 0
6165 5365 0
6165 1620 0
6165 3802 0
6165 5855 0
6165 5981 0
6165 6002 0
6165 1919 0
6165 8185 0
2582 2582 0
2582 1687 0
2582 2722 0
2582 169 1
2582 5855 0
2582 1259 0
2582 6904 0
2582 4859 0
2582 4371 0
2582 3354 0
2582 8484 0
2582 3884 0
2582 2361 1
2582 4442 1
2582 4443 0
2582 6560 0
2582 4550 0
2582 4555 0
2582 18767 0
2582 1004 0
2582 8185 0
7710 7430 0
7710 287 0
7710 169 1
7710 4443 0
7710 6251 1
4646 1620 0
4646 2718 0
4646 2722 0
4646 1741 0
4646 4442 1
4646 5981 0
4646 3446 0
4646 7147 1
2606 10286 0
2606 2280 0
2606 4371 0
2606 338 0
2606 4547 0
2606 4694 0
2606 2722 0
2606 4859 0
2606 869 0
2606 3446 0
2606 1687 0
2606 3802 0
2606 3803 1
2606 5855 0
2606 2361 1
2606 5981 0
2606 5994 0
2606 18767 0
561 169 1
561 6378 0
561 301 0
561 8503 0
561 334 0
561 4443 0
561 4469 1
561 6560 0
561 6561 0
561 4521 0
561 4547 0
561 2500 0
561 4550 0
561 4551 0
561 561 0
561 2718 0
561 6904 0
561 4859 0
561 8484 0
561 864 0
561 869 0
561 892 0
561 7045 0
561 17375 0
561 3043 0
561 7147 1
561 13431 0
561 1158 0
561 1160 0
561 1259 0
561 5365 0
561 3354 0
561 5432 0
561 5525 0
561 5729 0
561 1687 0
561 1741 0
561 5855 0
561 1779 0
561 3884 0
561 5981 0
561 5988 0
561 5994 0
561 5997 0
561 5999 0
561 6002 0
561 8089 0
3634 3634 0
3634 2361 1
3634 4550 0
3634 4426 0
3634 4442 1
3634 891 0
7231 8860 1
7231 2722 1
7231 9009 1
7231 2718 1
7231 8636 1
7231 2721 1
7231 3530 1
7231 8779 1
7231 334 1
7231 338 1
7231 1620 1
7231 8674 1
7231 869 1
8779 2718 0
8779 9009 0
8779 5981 0
8779 6378 0
8779 7147 1
2130 6251 1
2130 1160 0
2130 1687 0
2130 169 1
2130 5365 0
2130 5369 0
2130 7430 0
2130 4371 0
2130 5432 0
2130 4443 0
2130 5981 0
2130 4520 0
2130 2500 0
2130 4550 0
2130 4551 0
2130 4553 0
1620 169 1
1620 2280 0
1620 4371 0
1620 287 0
1620 2361 1
1620 338 0
1620 4442 1
1620 4520 0
1620 4524 0
1620 4550 0
1620 455 0
1620 4555 0
1620 4557 0
1620 4694 0
1620 4547 0
1620 8860 0
1620 669 0
1620 2718 0
1620 2722 0
1620 4795 0
1620 8674 0
1620 864 0
1620 892 0
1620 1004 0
1620 9009 0
1620 1259 0
1620 5432 0
1620 5525 0
1620 5526 0
1620 4551 0
1620 8797 0
1620 1620 0
1620 1741 0
1620 3803 1
1620 5855 0
1620 301 0
1620 5981 0
4694 4694 0
4694 169 1
4694 1741 0
4694 1259 0
4694 2382 0
4694 864 0
4694 869 0
4694 5525 0
4694 5526 0
4694 4550 0
4694 7147 1
5207 5207 0
5207 1741 0
5207 2280 0
5207 4859 0
5207 301 0
5207 5926 0
5207 3884 0
5207 5432 0
5207 2361 1
5207 338 0
5207 4442 1
5207 5994 0
5207 3446 0
5207 891 0
5207 5981 0
5207 4547 0
5207 2500 0
5207 4550 0
5207 5369 0
5207 5606 0
5207 8797 0
3191 3469 0
3191 2361 1
3191 5994 0
3191 7147 1
8797 7430 0
8797 1160 0
8797 16022 0
8797 1687 0
8797 4442 1
8797 4520 0
8797 4521 0
8797 3884 0
8797 5981 0
8797 6561 0
8797 2361 1
8797 4550 0
8797 1741 0
8797 2382 0
8797 3802 0
8797 4443 0
8797 5855 0
8797 869 0
8797 5994 0
8797 6904 0
8797 4859 0
5729 6251 1
5729 1687 0
5729 5855 0
5729 891 0
5729 1259 0
5729 5432 0
5729 4442 1
5729 5994 0
5729 4521 0
5729 4524 0
5729 3043 0
6251 3110 1
6251 10286 1
6251 5606 1
6251 5988 1
6251 6251 2
6251 12487 1
6251 5369 1
6251 5926 1
6251 17375 1
6251 17233 1
6251 5994 1
6251 5997 1
6251 5999 1
6251 3446 1
6251 2280 1
6251 3469 1
6251 4521 1
6251 455 1
6163 6163 0
6163 2280 0
6163 287 0
6163 8503 0
6163 338 0
6163 4442 1
6163 4547 0
6163 6604 0
6163 4572 1
6163 4795 0
6163 5369 0
6163 1919 0
6163 5855 0
6163 3884 0
6163 5981 0
6163 8089 0
13431 10286 0
13431 13431 0
13431 3803 1
13431 5855 0
13431 8503 0
13431 4520 0
13431 17375 0
13431 7147 1
7987 3110 0
7987 7147 1
7987 4442 1
6275 3110 0
6275 301 0
6275 2361 1
6275 4426 0
6275 4442 1
6275 5994 0
1158 1158 0
1158 1160 0
1158 1687 0
1158 169 1
1158 5855 0
1158 5365 0
1158 8503 0
1158 2361 1
1158 334 0
1158 5994 0
1158 892 0
1158 4524 0
1158 4525 0
1158 4526 0
1158 1259 0
1158 2500 0
1158 2382 0
1158 3043 0
1160 4371 0
1160 8484 0
1160 301 0
1160 8503 0
1160 4442 1
1160 6560 0
1160 2500 0
1160 4550 0
1160 4551 0
1160 4557 0
1160 4572 1
1160 3530 0
1160 6904 0
1160 4859 0
1160 891 0
1160 892 0
1160 3043 0
1160 1160 0
1160 1259 0
1160 5365 0
1160 2361 1
1160 3354 0
1160 3446 0
1160 5525 0
1160 5526 0
1160 16022 0
1160 1687 0
1160 1741 0
1160 5855 0
1160 5432 0
1160 5994 0
1160 1919 0
1160 4426 0
1160 18767 0
1160 16367 0
1160 8185 0
15509 5369 0
15509 5404 1
15509 4469 1
16022 16022 0
16022 1687 0
16022 1741 0
16022 5855 0
16022 6904 0
16022 4859 0
16022 3354 0
16022 8484 0
16022 3884 0
16022 301 0
16022 2361 1
16022 4442 1
16022 4443 0
16022 5981 0
16022 891 0
16022 8089 0
16022 4547 0
16022 4550 0
16022 3043 0
16022 16367 0
1687 891 0
1687 169 1
1687 4371 0
1687 8484 0
1687 301 0
1687 8503 0
1687 2361 1
1687 334 0
1687 4442 1
1687 4443 0
1687 18767 0
1687 6560 0
1687 4520 0
1687 4521 0
1687 4547 0
1687 2500 0
1687 4550 0
1687 4555 0
1687 2721 0
1687 3530 0
1687 6904 0
1687 4859 0
1687 869 0
1687 892 0
1687 3043 0
1687 5981 0
1687 1259 0
1687 5365 0
1687 3354 0
1687 5432 0
1687 3446 0
1687 5525 0
1687 5526 0
1687 1687 0
1687 1741 0
1687 5855 0
1687 5926 0
1687 3884 0
1687 5994 0
1687 1919 0
1687 16367 0
8860 2718 0
8860 2721 0
8860 2722 0
8860 287 0
8860 9009 0
8860 2361 1
8860 864 0
8860 869 0
8860 8674 0
669 301 0
669 2361 1
669 338 0
669 6604 0
669 669 0
669 2718 0
669 4795 0
669 4859 0
669 7147 1
669 5432 0
669 1741 0
669 3884 0
669 5981 0
669 6002 0
158 6561 0
158 1741 0
158 301 0
158 2361 1
158 4442 1
2721 2721 0
2721 2722 0
2721 301 0
2721 2361 1
2721 4795 0
2721 9009 0
2721 1741 0
2721 334 0
2721 5855 0
2721 8674 0
2722 169 1
2722 301 0
2722 338 0
2722 4442 1
2722 4520 0
2722 4524 0
2722 4525 0
2722 4547 0
2722 2500 0
2722 4553 0
2722 6604 0
2722 8674 0
2722 2718 0
2722 2722 0
2722 4795 0
2722 4859 0
2722 9009 0
2722 864 0
2722 869 0
2722 3043 0
2722 1259 0
2722 1322 1
2722 5432 0
2722 3446 0
2722 1741 0
2722 3802 0
2722 5855 0
2722 3884 0
2722 5981 0
2722 6002 0
2722 18767 0
169 4547 1
169 2718 1
169 169 2
169 4795 1
169 1741 1
169 1259 1
169 287 1
169 301 1
169 9009 1
169 5939 1
169 2382 1
169 338 1
169 3446 1
169 1919 1
169 3469 1
169 2029 1
169 4533 1
455 12487 0
455 301 0
455 5432 0
455 455 0
455 1741 0
455 4442 1
455 4443 0
4795 4525 0
4795 2718 0
4795 4795 0
4795 4555 0
4795 2280 0
4795 301 0
4795 9009 0
4795 2361 1
4795 338 0
4795 8089 0
4795 4520 0
4795 4521 0
4795 4524 0
4795 4526 0
4795 4550 0
4795 4551 0
4795 7147 1
5318 5318 0
5318 4524 0
5318 5432 0
5318 4442 1
5318 7147 1
12487 7147 1
12487 5988 0
15991 15991 0
15991 1741 0
15991 5404 1
15991 8503 0
15991 2361 1
15991 4442 1
1741 6002 0
1741 6465 0
1741 2280 0
1741 8484 0
1741 301 0
1741 8503 0
1741 334 0
1741 18767 0
1741 4443 0
1741 6520 0
1741 6561 0
1741 4524 0
1741 4525 0
1741 4526 0
1741 4547 0
1741 2500 0
1741 4550 0
1741 4551 0
1741 4553 0
1741 4555 0
1741 4557 0
1741 8674 0
1741 2718 0
1741 6604 0
1741 6904 0
1741 4859 0
1741 864 0
1741 869 0
1741 891 0
1741 892 0
1741 7045 0
1741 3043 0
1741 1259 0
1741 5365 0
1741 5369 0
1741 7430 0
1741 3354 0
1741 5404 1
1741 5432 0
1741 3446 0
1741 5525 0
1741 1741 0
1741 3802 0
1741 5855 0
1741 1779 0
1741 3884 0
1741 5994 0
1741 1919 0
1741 8089 0
1741 2382 0
1741 6560 0
1741 16367 0
1741 8185 0
3277 4550 1
3277 4520 1
3277 4521 1
3277 4551 1
3277 4524 1
3277 4525 1
3277 4526 1
3277 4348 2
3277 17375 1
3802 6378 0
3802 338 0
3802 2718 0
3802 4859 0
3802 869 0
3802 5080 0
3802 5432 0
3802 3446 0
3802 3802 0
3802 3803 1
3802 5855 0
3802 1779 0
3802 2361 1
3802 5981 0
3802 18767 0
3803 10286 1
3803 5080 1
3803 3803 2
3803 5855 1
3803 8185 1
2718 287 0
2718 301 0
2718 8503 0
2718 2361 1
2718 334 0
2718 4520 0
2718 4521 0
2718 4524 0
2718 4525 0
2718 4547 0
2718 2500 0
2718 4550 0
2718 6604 0
2718 8674 0
2718 2718 0
2718 4859 0
2718 9009 0
2718 6976 0
2718 864 0
2718 869 0
2718 3043 0
2718 5432 0
2718 3446 0
2718 3530 0
2718 5606 0
2718 5855 0
2718 3884 0
2718 18236 0
2718 5999 0
2718 2382 0
5855 10286 0
5855 2280 0
5855 6378 0
5855 4371 0
5855 8484 0
5855 301 0
5855 8503 0
5855 2361 1
5855 2382 0
5855 4443 0
5855 6560 0
5855 4520 0
5855 4524 0
5855 4547 0
5855 2500 0
5855 4551 0
5855 4553 0
5855 4555 0
5855 4557 0
5855 6904 0
5855 4550 0
5855 4859 0
5855 864 0
5855 869 0
5855 892 0
5855 7045 0
5855 7147 1
5855 5999 0
5855 5365 0
5855 5369 0
5855 3354 0
5855 5404 1
5855 5432 0
5855 3446 0
5855 5606 0
5855 5855 0
5855 1779 0
5855 5926 0
5855 5981 0
5855 5994 0
5855 6002 0
5855 8089 0
5855 2031 0
5855 8185 0
3110 3110 0
3110 10286 0
3110 287 0
3110 5926 0
3110 9009 0
3110 6465 0
3110 4521 0
3110 6604 0
3110 17375 0
3110 7147 1
2280 2280 0
2280 5404 1
2280 2361 1
2280 5981 0
2280 3446 0
2280 4555 0
2280 8185 0
6378 10286 0
6378 5988 0
6378 6378 0
6378 1779 0
6378 4859 0
6378 4371 0
6378 3354 0
6378 301 0
6378 9009 0
6378 8503 0
6378 4442 1
6378 3446 0
6378 5981 0
6378 21495 1
6378 6604 0
1259 287 0
1259 8484 0
1259 301 0
1259 2382 0
1259 4442 1
1259 6520 0
1259 4524 0
1259 8636 0
1259 2500 0
1259 4555 0
1259 4557 0
1259 864 0
1259 891 0
1259 7147 1
1259 5365 0
1259 3354 0
1259 5432 0
1259 7500 0
1259 5606 0
1259 4371 0
1259 1779 0
1259 3884 0
1259 1919 0
1779 1779 0
1779 6904 0
1779 4859 0
1779 4371 0
1779 5404 1
1779 301 0
1779 4442 1
1779 4443 0
1779 2500 0
1779 8185 0
5365 3354 0
5365 891 0
5365 5365 0
5365 5369 0
5365 4371 0
5365 5432 0
5365 2361 1
5365 301 0
5365 4442 1
5365 3446 0
5365 892 0
5365 1919 0
5365 5525 0
5365 2500 0
5365 6560 0
5365 6904 0
5365 8185 0
6904 6904 0
6904 3354 0
6904 8484 0
6904 3884 0
6904 301 0
6904 2361 1
6904 334 0
6904 4442 1
6904 5997 0
6904 1919 0
6904 7045 0
6904 5525 0
6904 16367 0
6904 6560 0
6904 4550 0
6904 4551 0
6904 4553 0
6904 3530 0
6904 5073 0
6904 3043 0
5369 301 0
5369 2361 1
5369 3043 0
5369 2500 0
4859 4371 0
4859 301 0
4859 8503 0
4859 2361 1
4859 2382 0
4859 4442 1
4859 6560 0
4859 4547 0
4859 2500 0
4859 4550 0
4859 4524 0
4859 4859 0
4859 869 0
4859 3043 0
4859 892 0
4859 3354 0
4859 5432 0
4859 3446 0
4859 3469 0
4859 3884 0
4859 5981 0
4859 5988 0
4859 5997 0
4348 4524 1
4348 4348 2
16641 16641 0
16641 2361 1
16641 4442 1
7430 4442 1
7430 301 0
7430 2361 1
7430 4443 0
7430 869 0
7430 5073 0
7430 5606 0
4371 4371 0
4371 3354 0
4371 8484 0
4371 3884 0
4371 8503 0
4371 5432 0
4371 2361 1
4371 7500 0
4371 334 0
4371 3043 0
4371 4442 1
4371 5994 0
4371 6002 0
4371 3446 0
4371 1919 0
4371 7045 0
4371 5981 0
4371 2500 0
4371 4551 0
4371 4550 0
10286 8503 0
10286 17375 0
10286 3446 0
10286 5926 0
12569 7147 1
12569 4469 1
3354 287 0
3354 301 0
3354 2361 1
3354 2382 0
3354 4442 1
3354 10642 0
3354 6560 0
3354 2500 0
3354 4550 0
3354 4557 0
3354 4555 0
3354 869 0
3354 891 0
3354 892 0
3354 3043 0
3354 3354 0
3354 7500 0
3354 3469 0
3354 5432 0
3354 5981 0
3354 1919 0
3354 8089 0
3354 16367 0
5404 5404 2
5404 5080 1
287 287 0
287 9009 0
287 864 0
287 1004 0
287 8503 0
287 2382 0
287 3043 0
287 3446 0
287 4442 1
287 4553 0
287 4555 0
287 5526 0
287 5994 0
287 6002 0
287 6561 0
287 6976 0
287 8089 0
8484 8484 0
8484 301 0
8484 2361 1
8484 334 0
8484 4442 1
8484 6560 0
8484 4550 0
8484 4551 0
8484 3043 0
5926 301 0
5926 5926 0
5926 2361 1
5926 7500 0
5926 5981 0
5926 5994 0
5926 3446 0
5926 3043 0
1322 4524 1
1322 5432 1
3884 119 0
3884 3884 0
3884 301 0
3884 8503 0
3884 5432 0
3884 2361 1
3884 2382 0
3884 4442 1
3884 5988 0
3884 869 0
3884 4547 0
3884 892 0
3884 5525 0
3884 4524 0
3884 4525 0
3884 4526 0
3884 2500 0
3884 7500 0
3884 18767 0
3884 6560 0
3884 1004 0
301 6002 0
301 9009 0
301 301 0
301 8503 0
301 2361 1
301 6465 0
301 2382 0
301 18767 0
301 5432 0
301 4443 0
301 869 0
301 5994 0
301 3446 0
301 891 0
301 892 0
301 1919 0
301 7045 0
301 8089 0
301 16367 0
301 6560 0
301 6561 0
301 5981 0
301 4547 0
301 2500 0
301 4550 0
301 4555 0
301 6604 0
301 5080 0
301 8674 0
301 3043 0
301 4551 0
9009 9009 0
9009 864 0
9009 869 0
9009 5994 0
9009 4520 0
5939 5981 0
5939 6002 0
5939 2361 1
8503 8503 0
8503 2361 1
8503 4442 1
8503 5994 0
8503 3446 0
8503 891 0
8503 3469 0
8503 4547 0
8503 2500 0
8503 5080 0
5432 334 0
5432 4442 1
5432 4547 0
5432 2500 0
5432 4550 0
5432 4555 0
5432 4551 0
5432 892 0
5432 5432 0
5432 3043 0
5432 5981 0
2361 4547 1
2361 8055 1
2361 6604 1
2361 119 1
2361 6520 1
2361 2361 2
2361 6465 1
2361 4426 1
2361 2382 1
2361 18767 1
2361 4442 2
2361 4443 1
2361 864 1
2361 18236 1
2361 5994 1
2361 6002 1
2361 3446 1
2361 891 1
2361 892 1
2361 7045 1
2361 5997 1
2361 10642 1
2361 5525 1
2361 5526 1
2361 8089 1
2361 16367 1
2361 6560 1
2361 6561 1
2361 4524 1
2361 13743 1
2361 2500 1
2361 4550 1
2361 4551 1
2361 4553 1
2361 3530 1
2361 4555 1
2361 4557 1
2361 5073 1
2361 8185 1
2361 8674 1
2361 3043 1
2361 5606 1
2361 1004 1
2361 2031 1
18236 4442 1
6976 6976 0
6976 7147 1
6976 4469 1
6465 4442 1
6465 7147 1
4426 4442 1
4426 4443 0
4426 3043 0
7500 7147 1
7500 4442 1
7500 5981 0
7500 4469 1
334 8674 0
334 334 0
334 5994 0
334 7147 1
18767 7147 1
17233 6604 0
17233 4442 1
338 338 0
338 4460 0
338 4550 0
338 4551 0
338 4557 0
338 8674 0
338 3446 0
338 5981 0
338 8185 0
4442 119 1
4442 4442 2
4442 4443 1
4442 5981 1
4442 864 1
4442 869 1
4442 5994 1
4442 4460 1
4442 3446 1
4442 8055 1
4442 6520 1
4442 891 1
4442 892 1
4442 1919 1
4442 7045 1
4442 10642 1
4442 5525 1
4442 8089 1
4442 6561 1
4442 4520 1
4442 4521 1
4442 13743 1
4442 6560 1
4442 2500 1
4442 4550 1
4442 4555 1
4442 6604 1
4442 4557 1
4442 5073 1
4442 3043 1
4442 1004 1
4442 16367 1
4443 4443 0
4443 869 0
4443 3446 0
4443 4550 0
4443 4551 0
4443 5073 0
4443 5606 0
5981 1004 0
5981 2029 0
5981 2500 0
5981 3043 0
5981 3446 0
5981 4572 1
5981 5080 0
5981 5981 0
5981 5988 0
5981 5997 0
5981 5999 0
5981 6002 0
5981 6560 0
5981 7147 1
5981 8089 0
5981 8185 0
864 864 0
864 3469 0
864 4550 0
864 3043 0
5988 5988 0
5988 6002 0
5988 3446 0
5988 7147 1
5988 8185 0
869 869 0
869 3446 0
869 8055 0
869 3043 0
869 8185 0
5994 4521 0
5994 4547 0
5994 2500 0
5994 5080 0
5994 3043 0
5994 3446 0
5994 3530 0
5994 5994 0
5994 8089 0
5994 16367 0
5994 8185 0
4460 4555 0
4460 7147 1
5997 4553 0
5997 5997 0
5997 6002 0
5997 3446 0
5997 8185 0
5999 5999 0
5999 3446 0
5999 7147 1
5999 8185 0
6002 6002 0
6002 3446 0
6002 891 0
6002 3469 0
6002 6560 0
6002 4553 0
6002 7147 1
4469 4524 1
4469 4525 1
4469 4526 1
4469 4469 2
3446 2382 0
3446 2500 0
3446 5080 0
3446 3043 0
3446 1004 0
3446 3446 0
3446 1919 0
3446 8185 0
8055 2500 0
8055 5073 0
891 2382 0
891 891 0
891 892 0
891 2500 0
891 4550 0
891 4551 0
891 4555 0
891 3043 0
892 2382 0
892 892 0
892 1919 0
892 5525 0
892 4524 0
892 4525 0
892 4526 0
892 2500 0
892 4550 0
892 4551 0
892 4553 0
892 4555 0
892 4557 0
892 3043 0
892 8185 0
1919 2382 0
1919 2029 0
1919 1919 0
7147 4533 1
7147 8636 1
7147 4553 1
7147 7147 2
7147 2031 1
7045 7045 0
7045 2500 0
7045 3530 0
7045 8185 0
3469 17375 0
5525 5525 0
5525 5526 0
5525 2500 0
5525 4550 0
5525 4551 0
5526 5526 0
5526 4550 0
5526 4572 1
8089 8089 0
8089 4524 0
8089 4553 0
8089 3043 0
16367 16367 0
16367 6560 0
16367 2500 0
16367 3043 0
6560 2382 0
6560 6560 0
6560 4524 0
6560 4550 0
6560 4555 0
6560 5073 0
6560 3043 0
6561 2500 0
6561 5073 0
6561 3530 0
6561 3043 0
4520 4520 0
4520 4521 0
4521 4521 0
4524 2382 0
4524 4524 0
4524 4525 0
4524 4526 0
4524 4533 0
4524 8636 0
4524 2500 0
4525 8636 0
4525 2382 0
4525 4526 0
4525 4533 0
4526 2382 0
4526 8636 0
4526 4533 0
13743 8185 0
4533 4533 0
4547 2382 0
4547 4547 0
4547 4555 0
4547 4557 0
4547 3043 0
2500 4555 0
2500 4557 0
2500 3043 0
2500 2500 0
2500 5606 0
2500 8185 0
4550 2382 0
4550 4550 0
4550 4551 0
4550 4553 0
4550 4555 0
4550 3043 0
4551 2382 0
4551 4553 0
4551 4555 0
4551 4551 0
4551 3043 0
4553 4553 0
4553 4555 0
4553 4557 0
3530 8674 0
4555 4555 0
4555 4557 0
4555 3043 0
4557 4557 0
4557 3043 0
4557 1004 0
4557 2031 0
5073 5073 0
2382 2382 0
2382 3043 0
5080 8185 0
4572 4572 2
8674 8674 0
3043 3043 0
5606 8185 0
2027 2027 2
2027 2029 1
1004 1004 0
2031 2031 0
8185 8185 0
119 119 0
