13185 2695 0
13185 4745 1
13185 25 0
13185 2336 1
13185 45 0
13185 11197 0
13185 711 0
13185 1626 0
6147 6147 0
6147 8467 0
6147 4745 1
6147 2962 1
6147 7928 0
6147 3986 0
2695 4745 1
2695 3986 0
2695 25 0
2695 2336 1
2695 45 0
2695 2606 0
2695 11197 0
2695 711 0
2695 1626 0
2695 5981 0
4745 25 1
4745 45 1
4745 1626 1
4745 6251 1
4745 4745 2
4745 711 1
4745 8467 1
3986 711 0
3986 1591 0
3986 1626 0
3986 2606 0
3986 2962 1
3986 3223 1
3986 3986 0
3986 5487 0
3986 5981 0
3986 7928 0
8467 2962 1
8467 5432 0
8467 5487 0
8467 1591 0
8467 8467 0
8467 5981 0
3223 3223 2
3223 2606 1
3223 5487 1
25 2336 1
25 45 0
25 11197 0
25 711 0
25 1626 0
2336 45 1
2336 11197 1
2336 711 1
2336 1626 1
2336 7928 1
1065 1065 2
1065 5432 1
1065 3543 2
1065 5434 1
4679 5432 1
4679 11197 1
4679 5981 1
4679 6251 1
45 11197 0
45 711 0
45 1626 0
2606 2962 1
2606 1591 0
2606 5981 0
1591 204 1
1591 2962 1
1591 5981 0
1591 1591 0
5432 2962 1
5432 5432 0
5432 5434 0
5432 5981 0
5434 2962 1
11197 711 0
11197 1626 0
4158 4158 2
4158 7928 1
711 711 0
711 1626 0
204 5487 1
12886 12886 2
3543 3543 2
5981 2962 1
5981 5981 0
6251 6251 0
5487 5487 0
5487 7928 0
