4100 4100 0
4100 6165 0
4100 70 0
4100 1620 0
4100 5753 1
4100 5755 1
4100 7317 0
4100 2718 0
4100 20251 0
4100 168 0
4100 3754 1
4100 1718 0
4100 4795 0
4100 1741 0
4100 3801 0
4100 4339 0
4100 3336 0
4100 3352 0
4100 3353 0
4100 3355 0
4100 287 0
4100 2338 0
4100 1830 1
4100 8002 0
4100 842 0
4100 861 0
4100 863 0
4100 1927 0
4100 7571 0
4100 4548 1
4100 4550 0
4100 3036 1
4100 11236 0
6153 6153 0
6153 2069 0
6153 4957 0
6153 561 0
6153 1620 0
6153 1115 1
6153 5725 1
6153 3729 0
6153 2708 0
6153 2714 0
6153 1741 0
6153 729 0
6153 8940 0
6153 301 0
6153 5967 0
6153 4956 0
6153 861 0
6153 4958 0
6153 3426 0
6153 891 0
6153 11236 0
4110 4110 0
4110 6162 0
4110 20 0
4110 2069 0
4110 52 1
4110 53 0
4110 2115 0
4110 8287 0
4110 4339 0
4110 287 0
4110 4550 0
4110 6741 0
4110 2708 0
4110 2712 0
4110 7109 0
4110 1259 0
4110 3469 0
4110 1427 1
4110 1620 0
4110 1653 0
4110 1687 0
4110 2718 0
4110 5865 0
4110 5981 0
4110 6068 0
12749 6165 0
12749 287 0
12749 2338 0
12749 21148 0
12749 842 0
12749 12749 0
12749 11236 0
12749 5365 0
12749 5753 1
12749 5755 1
15377 3355 0
15377 6741 0
15377 5753 1
15377 5755 1
15377 2718 0
6162 6162 0
6162 20 0
6162 6165 0
6162 52 1
6162 2115 0
6162 168 0
6162 2338 0
6162 6741 0
6162 2712 0
6162 2714 0
6162 669 0
6162 2718 0
6162 8867 0
6162 4795 0
6162 729 0
6162 861 0
6162 2989 0
6162 3141 0
6162 1197 0
6162 5469 0
6162 3426 0
6162 5620 0
6162 1620 0
6162 5747 0
6162 3729 0
6162 3747 1
6162 5855 0
6162 1920 0
6162 6068 0
20 20 0
20 2069 0
20 8287 0
20 6165 0
20 138 0
20 4300 0
20 4301 0
20 6378 0
20 4339 0
20 287 0
20 2338 0
20 3844 0
20 561 0
20 2708 0
20 2712 0
20 2718 0
20 8867 0
20 729 0
20 861 0
20 863 0
20 3036 1
20 3043 0
20 3123 0
20 5247 0
20 3248 0
20 1259 0
20 3336 0
20 5432 0
20 5469 0
20 1576 0
20 1620 0
20 5725 1
20 1687 0
20 1718 0
20 1719 0
20 1741 0
20 3801 0
20 5855 0
20 5885 0
20 20251 0
20 5981 0
20 1927 0
6165 2069 0
6165 53 0
6165 2115 0
6165 168 0
6165 6165 0
6165 8467 0
6165 287 0
6165 2338 0
6165 4450 0
6165 4534 0
6165 4555 0
6165 561 0
6165 6741 0
6165 2708 0
6165 2712 0
6165 2714 0
6165 669 0
6165 2718 0
6165 4795 0
6165 729 0
6165 861 0
6165 2989 0
6165 7109 0
6165 3141 0
6165 5247 0
6165 1259 0
6165 5365 0
6165 5466 0
6165 3426 0
6165 8163 0
6165 3561 0
6165 1620 0
6165 5725 1
6165 5753 1
6165 1680 0
6165 3745 0
6165 5855 0
6165 5981 0
6165 1920 0
6165 1927 0
6165 3978 0
6165 6068 0
6165 8867 0
5142 19808 1
17943 17943 0
17943 3352 0
17943 669 0
17943 561 0
17943 73 0
17943 74 0
17943 1741 0
17943 1620 0
17943 5521 0
17943 1653 0
17943 5753 1
17943 5755 1
20505 20505 0
20505 7705 0
20505 168 0
20505 1197 0
20505 52 1
20505 53 0
20505 4534 0
20505 4550 0
20505 4551 0
20505 4557 0
20505 5748 0
20505 5753 1
20505 4859 0
1882 3844 0
1882 1160 0
1882 7066 0
1882 2718 0
1882 2338 0
1882 1197 0
1882 4339 0
1882 1719 0
1882 3141 0
1882 4300 0
1882 3801 0
1882 1882 0
1882 3036 1
1882 5469 0
1882 4301 0
1882 1259 0
1882 5755 1
1882 5247 0
12838 12838 0
12838 3141 0
12838 1620 0
12838 1653 0
12838 5753 1
12838 7317 0
12838 729 0
12838 5855 0
12838 5368 0
12838 5885 0
12838 5892 0
12838 3353 0
12838 3354 1
12838 3358 0
12838 2338 0
12838 18728 0
12838 5981 0
12838 3934 0
12838 4555 0
12838 3043 0
12838 5620 0
19495 11236 0
19495 70 0
19495 5753 1
19495 3353 0
19495 3354 1
19495 3355 0
19495 21148 0
1576 1576 0
1576 3123 0
1576 1620 0
1576 5247 0
1576 3225 0
1576 3745 0
1576 4300 0
1576 2338 0
1576 1741 0
1576 729 0
1576 1259 0
1576 5885 0
1576 3336 0
1576 3354 1
1576 5967 0
1576 5469 0
1576 4534 0
1576 3036 1
5469 53 0
5469 8287 0
5469 138 0
5469 168 0
5469 195 0
5469 4300 0
5469 4339 0
5469 301 0
5469 2418 0
5469 2115 0
5469 4534 0
5469 2524 0
5469 1927 0
5469 2338 0
5469 2718 0
5469 2721 0
5469 4795 0
5469 729 0
5469 807 0
5469 842 0
5469 861 0
5469 863 0
5469 972 0
5469 3036 1
5469 5981 0
5469 3123 0
5469 5247 0
5469 1160 0
5469 1259 0
5469 3336 0
5469 1335 0
5469 5432 0
5469 5469 0
5469 5521 0
5469 1620 0
5469 5725 1
5469 5755 1
5469 1680 0
5469 1687 0
5469 1718 0
5469 1719 0
5469 1741 0
5469 5855 0
5469 5885 0
5469 3844 0
5469 20251 0
5469 3754 1
15920 52 1
15920 53 0
15920 8287 0
15920 5725 1
15920 1159 0
15920 5855 0
15920 861 0
15920 2338 0
15920 5967 0
15920 5981 0
15920 3426 0
15920 3729 0
15920 6068 0
15920 2500 0
561 2069 0
561 168 0
561 4300 0
561 6378 0
561 18728 0
561 301 0
561 2418 0
561 2500 0
561 4550 0
561 4551 0
561 2524 0
561 561 0
561 2712 0
561 2718 0
561 4859 0
561 4956 0
561 4957 0
561 4958 0
561 863 0
561 3036 1
561 3043 0
561 3045 0
561 861 0
561 1160 0
561 3225 0
561 3248 0
561 1259 0
561 5365 0
561 5368 0
561 3353 0
561 3354 1
561 3355 0
561 5432 0
561 1365 0
561 5521 0
561 1680 0
561 3729 0
561 1687 0
561 1741 0
561 3801 0
561 5855 0
561 5865 0
561 5981 0
561 1920 0
561 1927 0
561 3978 0
561 8089 0
561 6049 0
561 6068 0
3123 8070 1
3123 3336 0
3123 3225 0
3123 20251 0
3123 2338 0
3123 5521 0
3123 4534 0
3123 5432 0
3123 4300 0
3123 4301 0
3123 729 0
3123 3036 1
3123 3123 0
3123 4339 0
52 1620 1
52 6741 1
52 1160 1
52 1687 1
52 21148 1
52 3745 1
52 3747 2
52 3248 1
52 3767 1
52 5855 1
52 5865 1
52 5945 1
52 4956 1
52 4957 1
52 4958 1
52 3426 1
52 59 1
52 3978 1
52 8867 1
52 3043 1
53 53 0
53 59 0
53 2115 0
53 168 0
53 4301 0
53 287 0
53 2338 0
53 301 0
53 2500 0
53 6741 0
53 2708 0
53 2712 0
53 2718 0
53 8867 0
53 729 0
53 4956 0
53 4957 0
53 4958 0
53 861 0
53 3141 0
53 5247 0
53 195 0
53 3225 0
53 5274 0
53 9447 0
53 5365 0
53 5368 0
53 3336 0
53 3354 1
53 1335 0
53 15818 0
53 11236 0
53 1653 0
53 1680 0
53 3729 0
53 1687 0
53 3745 0
53 3747 1
53 1718 0
53 3767 0
53 1741 0
53 5855 0
53 5865 0
53 5981 0
53 1927 0
53 3978 0
53 6068 0
13368 3469 0
13368 3352 0
13368 2338 0
13368 70 0
13368 4956 0
13368 4957 0
13368 4958 0
13368 5753 1
13368 5755 1
6068 168 0
6068 4301 0
6068 1741 0
6068 2338 0
6068 301 0
6068 4550 0
6068 2524 0
6068 6741 0
6068 2708 0
6068 2712 0
6068 2714 0
6068 2718 0
6068 8867 0
6068 4551 0
6068 4795 0
6068 861 0
6068 863 0
6068 3036 1
6068 11236 0
6068 8287 0
6068 5224 1
6068 3426 0
6068 5521 0
6068 1653 0
6068 5855 0
6068 5885 0
6068 5981 0
6068 6068 0
59 3729 0
59 2115 0
59 2714 0
59 2338 0
59 20251 0
59 3754 1
59 5432 0
59 1741 0
59 3426 0
59 5865 0
59 5365 0
2115 4957 0
2115 2115 0
2115 3141 0
2115 1620 0
2115 6741 0
2115 5885 0
2115 1159 0
2115 1680 0
2115 1687 0
2115 2712 0
2115 3225 0
2115 2718 0
2115 8867 0
2115 168 0
2115 3767 0
2115 1741 0
2115 729 0
2115 5855 0
2115 13048 1
2115 287 0
2115 2338 0
2115 301 0
2115 2382 0
2115 4956 0
2115 861 0
2115 3426 0
2115 3978 0
2115 4958 0
2115 4548 1
2115 4550 0
2115 8163 0
3141 5981 0
3141 3141 0
3141 1620 0
3141 3225 0
3141 1653 0
3141 1680 0
3141 2712 0
3141 2718 0
3141 3248 0
3141 1718 0
3141 5855 0
3141 8467 0
3141 3353 0
3141 3354 1
3141 3355 0
3141 861 0
3141 3934 0
3141 3426 0
3141 3729 0
3141 3978 0
3141 3036 1
3141 11236 0
3141 5885 0
70 70 0
70 71 0
70 73 0
70 74 0
70 16055 0
70 16481 0
70 5753 1
70 5755 1
70 1160 0
70 138 0
70 1679 0
70 3352 0
70 3358 0
70 13121 0
70 8016 0
70 7517 0
70 17255 0
70 7083 0
70 7109 0
70 15818 0
70 11236 0
71 3353 0
71 3354 1
71 3355 0
71 3358 0
71 7083 0
71 2718 0
71 16055 0
71 71 0
71 73 0
71 15818 0
71 7517 0
71 11236 0
71 1653 0
71 5753 1
71 5755 1
73 1679 0
73 3353 0
73 3358 0
73 2718 0
73 16055 0
73 7517 0
73 5753 1
73 5755 1
74 1679 0
74 3352 0
74 2718 0
74 17699 0
74 7083 0
74 16055 0
74 7517 0
74 5747 0
74 5750 1
74 5753 1
74 5755 1
1719 1620 0
1719 5247 0
1719 2718 0
1719 168 0
1719 1718 0
1719 1719 0
1719 4300 0
1719 4301 0
1719 3801 0
1719 4339 0
1719 3844 0
1719 2338 0
1719 8070 1
1719 3036 1
4450 861 0
4450 6741 0
4450 5725 1
4450 1653 0
4450 1680 0
4450 3745 0
4450 168 0
4450 1741 0
4450 287 0
4450 2338 0
4450 3036 1
4450 4957 0
4450 4450 0
4450 3426 0
1620 2069 0
1620 138 0
1620 168 0
1620 4300 0
1620 4301 0
1620 4371 0
1620 287 0
1620 2338 0
1620 4534 0
1620 4550 0
1620 4555 0
1620 4557 0
1620 2708 0
1620 2712 0
1620 2714 0
1620 669 0
1620 2718 0
1620 8867 0
1620 682 0
1620 4795 0
1620 729 0
1620 807 0
1620 9038 0
1620 4956 0
1620 4957 0
1620 4958 0
1620 2989 0
1620 3036 1
1620 1004 0
1620 8287 0
1620 5247 0
1620 7317 0
1620 1197 0
1620 3248 0
1620 9447 0
1620 1259 0
1620 3336 0
1620 5432 0
1620 1365 0
1620 5521 0
1620 4339 0
1620 4551 0
1620 1620 0
1620 21148 0
1620 1718 0
1620 1741 0
1620 3801 0
1620 5855 0
1620 5865 0
1620 3844 0
1620 301 0
1620 20251 0
1620 8002 0
1620 5981 0
1620 8070 1
6741 5466 0
6741 17255 0
6741 4371 0
6741 18728 0
6741 6741 0
6741 2708 0
6741 2712 0
6741 669 0
6741 2718 0
6741 2721 0
6741 8941 0
6741 4859 0
6741 4956 0
6741 4957 0
6741 4958 0
6741 863 0
6741 7109 0
6741 972 0
6741 1004 0
6741 861 0
6741 1259 0
6741 3354 1
6741 8467 0
6741 1653 0
6741 1680 0
6741 3729 0
6741 3745 0
6741 1741 0
6741 5885 0
6741 3844 0
6741 5981 0
6741 3978 0
8794 5753 1
8794 5755 1
1115 8163 1
5725 2069 1
5725 8629 1
5725 5725 2
5725 8287 1
5725 5755 2
5725 1680 1
5725 3729 1
5725 2708 1
5725 2718 1
5725 2721 1
5725 8867 1
5725 168 1
5725 1741 1
5725 1259 1
5725 5365 1
5725 5368 1
5725 4859 1
5725 4371 1
5725 18728 1
5725 5432 1
5725 3408 1
5725 6049 1
5725 4534 1
5725 2524 1
5725 3043 1
5725 3045 1
8287 5981 0
8287 8287 0
8287 5753 1
8287 1680 0
8287 3729 0
8287 2708 0
8287 2714 0
8287 2718 0
8287 168 0
8287 1718 0
8287 4795 0
8287 1741 0
8287 5855 0
8287 5865 0
8287 5885 0
8287 8467 0
8287 3352 0
8287 3353 0
8287 3354 1
8287 3355 0
8287 287 0
8287 301 0
8287 1350 0
8287 2712 0
8287 7109 0
8287 972 0
8287 2524 0
8287 4859 0
8287 11236 0
8287 3561 0
8287 5620 0
16481 3352 0
16481 3353 0
16481 3354 1
16481 3355 0
16481 21148 0
16481 4795 0
16481 11236 0
16481 5753 1
5224 3844 1
5224 5224 2
5224 8940 1
5224 8941 1
2500 4371 0
2500 301 0
2500 2418 0
2500 4548 1
2500 4555 0
2500 4557 0
2500 2524 0
2500 2708 0
2500 2712 0
2500 2718 0
2500 4859 0
2500 9038 0
2500 891 0
2500 3043 0
2500 1160 0
2500 5274 0
2500 5275 0
2500 1197 0
2500 1259 0
2500 5365 0
2500 5368 0
2500 3352 0
2500 3353 0
2500 3354 1
2500 3355 0
2500 3358 0
2500 1350 0
2500 2500 0
2500 5521 0
2500 1680 0
2500 3729 0
2500 1687 0
2500 1741 0
2500 5855 0
2500 5432 0
2500 5981 0
2500 3934 0
2160 3353 0
2160 3354 1
2160 5753 1
5747 7517 0
5747 5747 0
5747 5753 1
5747 5755 1
5747 5756 0
5747 1679 0
5747 9447 0
5747 287 0
5747 1830 1
5747 5432 0
5747 1365 0
5747 5466 0
5747 1927 0
5747 3469 0
5747 1939 0
5747 1350 0
5747 7592 1
5747 12019 0
5747 3324 0
5748 1687 0
5748 7705 0
5748 2714 0
5748 3355 0
5748 3354 1
5748 3358 0
5748 301 0
5748 5755 1
1653 669 0
1653 807 0
1653 842 0
1653 861 0
1653 891 0
1653 972 0
1653 1160 0
1653 1197 0
1653 9447 0
1653 1259 0
1653 1653 0
1653 1920 0
1653 2338 0
1653 2382 0
1653 3045 0
1653 3336 0
1653 3353 0
1653 3561 0
1653 3729 0
1653 20251 0
1653 19808 0
1653 4534 0
1653 4956 0
1653 4957 0
1653 4958 0
1653 5368 0
1653 18728 0
1653 5750 1
1653 5753 1
1653 5756 0
1653 5855 0
1653 5865 0
1653 8002 0
1653 8070 1
5750 5755 2
5750 9447 1
5750 7592 2
5750 5756 1
5750 1679 1
5750 1939 1
5750 5750 2
5750 12019 1
5750 5753 2
5750 3324 1
5753 7705 1
5753 12225 1
5753 16055 1
5753 5753 2
5753 5755 2
5753 138 1
5753 1679 1
5753 2708 1
5753 1687 1
5753 18172 1
5753 5274 1
5753 5275 1
5753 21148 1
5753 2721 1
5753 1197 1
5753 3767 1
5753 4300 1
5753 4301 1
5753 5841 1
5753 17699 1
5753 5865 1
5753 1259 1
5753 5885 1
5753 20251 1
5753 5892 1
5753 4371 1
5753 3352 1
5753 3353 1
5753 3354 2
5753 3355 1
5753 3358 1
5753 21284 1
5753 1830 2
5753 807 1
5753 5432 1
5753 316 1
5753 8002 1
5753 842 1
5753 1335 1
5753 7500 1
5753 9038 1
5753 8016 1
5753 5466 1
5753 7517 1
5753 3934 1
5753 863 1
5753 17255 1
5753 9703 1
5753 7571 1
5753 6532 1
5753 13121 1
5753 8089 1
5753 7066 1
5753 15818 1
5753 7592 2
5753 7083 1
5753 2718 1
5753 9511 1
5753 7109 1
5753 972 1
5753 18400 1
5753 8163 1
5753 11236 1
5753 6630 1
5753 1004 1
5753 5620 1
5755 7705 1
5755 20251 1
5755 5756 1
5755 138 1
5755 1679 1
5755 21148 1
5755 2718 1
5755 2721 1
5755 1718 1
5755 16055 1
5755 4300 1
5755 4301 1
5755 9511 1
5755 729 1
5755 5755 2
5755 4849 1
5755 18172 1
5755 5885 1
5755 5892 1
5755 4371 1
5755 3354 2
5755 3355 1
5755 3358 1
5755 287 1
5755 17699 1
5755 21284 1
5755 807 1
5755 1335 1
5755 5432 1
5755 8002 1
5755 1350 1
5755 7500 1
5755 9038 1
5755 5967 1
5755 17039 1
5755 5981 1
5755 1259 1
5755 7571 1
5755 7066 1
5755 7592 2
5755 7083 1
5755 842 1
5755 7517 1
5755 8163 1
5755 11236 1
5755 1004 1
5755 5620 1
5756 1679 0
5756 7066 0
5756 7592 1
5756 5756 0
2069 2069 0
2069 4956 0
2069 4957 0
2069 4958 0
2069 1160 0
2069 1680 0
2069 1687 0
2069 5275 0
2069 1741 0
2069 5855 0
2069 8467 0
2069 3354 1
2069 3358 0
2069 2338 0
2069 301 0
2069 861 0
2069 3934 0
2069 3426 0
2069 3729 0
2069 2418 0
2069 891 0
2069 4555 0
2069 11236 0
2069 3561 0
2069 1004 0
1665 1004 0
1665 1822 0
1665 1830 1
1665 1831 0
1665 3248 0
1665 1365 0
1665 3295 1
1159 1197 0
1159 1159 0
1159 1160 0
1159 1680 0
1159 1687 0
1159 2714 0
1159 2718 0
1159 7592 1
1159 5865 0
1159 1259 0
1159 4371 0
1159 3354 1
1159 3355 0
1159 287 0
1159 807 0
1159 301 0
1159 861 0
1159 891 0
1159 4534 0
1159 4550 0
1159 4551 0
1159 4555 0
1159 4557 0
1159 3043 0
1160 168 0
1160 4371 0
1160 301 0
1160 4534 0
1160 4550 0
1160 4551 0
1160 4557 0
1160 4859 0
1160 2524 0
1160 4957 0
1160 891 0
1160 972 0
1160 3043 0
1160 861 0
1160 1160 0
1160 1259 0
1160 5365 0
1160 5368 0
1160 3336 0
1160 3352 0
1160 3353 0
1160 3354 1
1160 3355 0
1160 5521 0
1160 7705 0
1160 3729 0
1160 1687 0
1160 3745 0
1160 1741 0
1160 5855 0
1160 5432 0
1160 1920 0
1160 1350 0
138 4956 0
138 5247 0
138 2714 0
138 3745 0
138 1718 0
138 3355 0
138 2338 0
138 1335 0
138 4957 0
138 4958 0
138 3426 0
138 2418 0
138 1927 0
138 11236 0
18967 18092 1
18967 18967 0
18967 8467 0
18967 2712 0
18967 1741 0
18967 1259 0
18967 18728 0
18967 3426 0
18967 3036 1
17039 17039 0
17039 3754 1
17039 4859 0
17039 8467 0
17039 842 0
17039 3043 0
17039 3561 0
1680 168 0
1680 2338 0
1680 2712 0
1680 2718 0
1680 8867 0
1680 861 0
1680 3225 0
1680 3426 0
1680 1427 1
1680 5620 0
1680 3767 0
1680 20251 0
1680 3978 0
3729 4371 0
3729 287 0
3729 2382 0
3729 2418 0
3729 4550 0
3729 4551 0
3729 4555 0
3729 4557 0
3729 2524 0
3729 6630 0
3729 2714 0
3729 669 0
3729 2718 0
3729 2721 0
3729 8867 0
3729 4795 0
3729 4859 0
3729 863 0
3729 891 0
3729 7109 0
3729 972 0
3729 3043 0
3729 5365 0
3729 3353 0
3729 3354 1
3729 3358 0
3729 5432 0
3729 3408 0
3729 3729 0
3729 1687 0
3729 1741 0
3729 5855 0
3729 5981 0
3729 1920 0
3729 1927 0
3729 3978 0
2708 168 0
2708 8467 0
2708 729 0
2708 287 0
2708 2382 0
2708 2524 0
2708 2712 0
2708 2714 0
2708 669 0
2708 2718 0
2708 4795 0
2708 4859 0
2708 861 0
2708 7109 0
2708 3353 0
2708 3354 1
2708 5432 0
2708 3561 0
2708 1718 0
2708 3767 0
2708 1741 0
2708 5855 0
2708 5885 0
2708 5981 0
7317 4300 0
7317 8467 0
7317 287 0
7317 2338 0
7317 3844 0
7317 2712 0
7317 1830 1
7317 3561 0
7317 3352 0
7317 3353 0
7317 3354 1
7317 3355 0
7317 19808 0
7317 5521 0
7317 5620 0
7317 7705 0
7317 5892 0
7317 20251 0
7317 5981 0
7317 8163 0
7705 7705 0
7705 5885 0
7705 21148 0
7705 3745 0
7705 168 0
7705 6378 0
7705 1259 0
7705 8940 0
7705 8941 0
7705 729 0
7705 7482 0
7705 5967 0
7705 8016 0
7705 972 0
7705 11236 0
7705 5620 0
2712 168 0
2712 4301 0
2712 287 0
2712 2338 0
2712 18728 0
2712 4555 0
2712 2524 0
2712 2712 0
2712 2714 0
2712 2718 0
2712 2721 0
2712 8867 0
2712 4795 0
2712 729 0
2712 4859 0
2712 4956 0
2712 861 0
2712 4958 0
2712 863 0
2712 3036 1
2712 3043 0
2712 11236 0
2712 4957 0
2712 5247 0
2712 3225 0
2712 5274 0
2712 1259 0
2712 3354 1
2712 5432 0
2712 3426 0
2712 5620 0
2712 1741 0
2712 5855 0
2712 9511 0
2712 5885 0
2712 5981 0
2712 3978 0
3225 20251 0
3225 5247 0
3225 3225 0
3225 2718 0
3225 8867 0
3225 1197 0
3225 4795 0
3225 4300 0
3225 1741 0
3225 4557 0
3225 729 0
3225 4339 0
3225 3336 0
3225 3353 0
3225 3354 1
3225 807 0
3225 842 0
3225 5981 0
3225 3934 0
3225 8070 1
3225 3978 0
3225 5521 0
3225 7109 0
3225 4550 0
3225 4551 0
3225 4555 0
3225 4534 0
2714 2714 0
2714 168 0
2714 2338 0
2714 8940 0
2714 4534 0
2714 4548 1
2714 2718 0
2714 8867 0
2714 4956 0
2714 4957 0
2714 4958 0
2714 7083 0
2714 7109 0
2714 972 0
2714 5365 0
2714 5432 0
2714 1350 0
2714 5466 0
2714 3426 0
2714 5620 0
2714 3754 1
2714 1741 0
2714 5855 0
2714 5967 0
2714 5981 0
2714 21148 0
5275 5274 0
5275 5275 0
5275 21148 0
5275 1741 0
5275 8940 0
5275 3844 0
5275 4371 0
5275 3352 0
5275 3353 0
5275 3354 1
5275 3355 0
5275 1822 0
5275 6630 0
5275 5620 0
21148 11236 0
21148 21148 0
21148 5841 0
21148 3844 0
21148 3352 0
21148 3353 0
21148 3354 1
21148 3355 0
21148 3358 0
21148 1335 0
21148 5945 0
21148 316 0
21148 13121 0
21148 2382 0
21148 8016 0
21148 5981 0
21148 3978 0
21148 7109 0
21148 6630 0
669 168 0
669 8467 0
669 18728 0
669 301 0
669 2418 0
669 669 0
669 2718 0
669 8867 0
669 682 0
669 4795 0
669 729 0
669 4859 0
669 7109 0
669 972 0
669 3036 1
669 5432 0
669 5452 0
669 3426 0
669 3561 0
669 3745 0
669 3754 1
669 1741 0
669 5885 0
669 5945 0
669 5981 0
669 1927 0
669 3978 0
2718 168 0
2718 8467 0
2718 287 0
2718 2338 0
2718 301 0
2718 5521 0
2718 4534 0
2718 4550 0
2718 2524 0
2718 2718 0
2718 682 0
2718 4795 0
2718 8940 0
2718 4859 0
2718 861 0
2718 863 0
2718 972 0
2718 3036 1
2718 3043 0
2718 5247 0
2718 195 0
2718 3336 0
2718 9511 0
2718 5432 0
2718 3408 0
2718 3426 0
2718 5620 0
2718 3745 0
2718 1718 0
2718 1741 0
2718 5855 0
2718 5967 0
2718 1927 0
2718 3978 0
2718 2382 0
2721 1687 0
2721 2721 0
2721 168 0
2721 301 0
2721 1718 0
2721 4795 0
2721 1741 0
2721 2524 0
2721 5855 0
20251 5981 0
20251 20251 0
20251 4795 0
20251 4300 0
20251 729 0
20251 3295 1
20251 1259 0
20251 3844 0
20251 3336 0
20251 8467 0
20251 2338 0
20251 18728 0
20251 1335 0
20251 4956 0
20251 3561 0
168 168 0
168 4300 0
168 4339 0
168 287 0
168 301 0
168 2382 0
168 4534 0
168 4555 0
168 4557 0
168 4795 0
168 861 0
168 2989 0
168 842 0
168 972 0
168 5274 0
168 1197 0
168 1259 0
168 5368 0
168 3353 0
168 3354 1
168 3355 0
168 3358 0
168 5521 0
168 1687 0
168 1741 0
168 5885 0
168 3844 0
168 5981 0
168 3934 0
168 1920 0
168 3978 0
682 682 0
682 8467 0
682 3353 0
682 3354 1
682 3355 0
682 1927 0
682 5521 0
682 3754 1
4551 4371 0
4551 3801 0
4551 301 0
4551 2382 0
4551 2418 0
4551 4555 0
4551 2524 0
4551 4550 0
4551 4551 0
4551 4795 0
4551 861 0
4551 891 0
4551 2989 0
4551 7109 0
4551 3036 1
4551 3043 0
4551 3045 0
4551 1197 0
4551 3248 0
4551 3336 0
4551 3353 0
4551 3355 0
4551 5432 0
4551 3426 0
4551 5521 0
4551 3754 1
4551 1741 0
4551 5855 0
4551 1920 0
18092 6378 1
18092 7083 1
18092 3426 1
18092 5885 1
1197 5466 0
1197 1687 0
1197 3754 1
1197 1197 0
1197 1741 0
1197 5855 0
1197 4859 0
1197 4371 0
1197 729 0
1197 3354 1
1197 3358 0
1197 2338 0
1197 301 0
1197 5432 0
1197 5620 0
1197 3408 0
1197 1927 0
1197 5247 0
1197 5521 0
1197 2989 0
1197 7109 0
1197 4550 0
1197 4555 0
1197 4557 0
1197 7500 0
1197 3043 0
3248 5247 0
3248 3754 1
3248 3248 0
3248 3767 0
3248 287 0
3248 2418 0
3248 7109 0
1822 3469 0
1822 3354 1
1822 3355 0
1822 1822 0
1822 287 0
1822 8867 0
1822 6491 1
1822 9447 0
1718 5981 0
1718 5247 0
1718 4301 0
1718 1718 0
1718 4300 0
1718 1741 0
1718 729 0
1718 1259 0
1718 4339 0
1718 8467 0
1718 2338 0
1718 807 0
1718 8070 1
1718 5521 0
1718 2989 0
1718 4534 0
1718 3036 1
4795 8867 0
4795 4795 0
4795 4555 0
4795 4339 0
4795 3844 0
4795 8467 0
4795 301 0
4795 3295 1
4795 8089 0
4795 4534 0
4795 4548 1
4795 4550 0
4795 3036 1
4795 3561 0
195 5247 0
195 3745 0
195 3754 1
195 195 0
195 4300 0
195 4301 0
195 4339 0
195 5365 0
195 2338 0
195 2989 0
195 4550 0
195 3036 1
4300 5981 0
4300 1687 0
4300 3754 1
4300 4300 0
4300 1741 0
4300 4301 0
4300 4339 0
4300 5247 0
4300 729 0
4300 2338 0
4300 1335 0
4300 842 0
4300 5967 0
4300 3934 0
4300 1259 0
4300 1927 0
4300 2989 0
4300 7109 0
4300 4555 0
4300 3036 1
4300 3801 0
1741 2338 0
1741 18728 0
1741 301 0
1741 4550 0
1741 4555 0
1741 4557 0
1741 2524 0
1741 8867 0
1741 4859 0
1741 861 0
1741 863 0
1741 891 0
1741 2989 0
1741 972 0
1741 3043 0
1741 3045 0
1741 5247 0
1741 5274 0
1741 4301 0
1741 1259 0
1741 5365 0
1741 5368 0
1741 3353 0
1741 3354 1
1741 3355 0
1741 5432 0
1741 5466 0
1741 11236 0
1741 15818 0
1741 1687 0
1741 3745 0
1741 1741 0
1741 5855 0
1741 5885 0
1741 1920 0
1741 1927 0
1741 3978 0
1741 8089 0
1741 2382 0
4301 5466 0
4301 8467 0
4301 5247 0
4301 3745 0
4301 8867 0
4301 729 0
4301 3324 0
4301 287 0
4301 2338 0
4301 2989 0
4301 7109 0
4301 3561 0
5841 3353 0
5841 3352 0
5841 4548 1
5841 11236 0
5841 5841 0
5841 5865 0
729 7571 0
729 5247 0
729 3745 0
729 8867 0
729 729 0
729 3295 1
729 1259 0
729 4339 0
729 3336 0
729 3801 0
729 3354 1
729 3358 0
729 2338 0
729 842 0
729 5967 0
729 5466 0
729 3934 0
729 5981 0
729 2989 0
729 4534 0
729 4555 0
729 5885 0
5855 6378 0
5855 4371 0
5855 18728 0
5855 301 0
5855 2382 0
5855 2418 0
5855 4534 0
5855 4555 0
5855 4557 0
5855 2524 0
5855 6630 0
5855 4550 0
5855 4859 0
5855 842 0
5855 4956 0
5855 861 0
5855 863 0
5855 7109 0
5855 972 0
5855 11236 0
5855 4957 0
5855 5274 0
5855 5365 0
5855 3336 0
5855 3352 0
5855 3353 0
5855 3354 1
5855 3358 0
5855 5432 0
5855 1350 0
5855 15818 0
5855 3561 0
5855 1687 0
5855 3745 0
5855 3754 1
5855 5855 0
5855 5865 0
5855 7083 0
5855 5981 0
5855 1920 0
5855 1927 0
5855 3978 0
5855 8089 0
9447 7592 1
5865 3745 0
5865 8867 0
5865 3767 0
5865 5865 0
5865 2338 0
5865 5432 0
5865 5466 0
5865 861 0
5865 1927 0
5865 3043 0
5865 3045 0
6378 4957 0
6378 3745 0
6378 6378 0
6378 8941 0
6378 4859 0
6378 4371 0
6378 3354 1
6378 301 0
6378 1350 0
6378 8016 0
6378 8163 0
6378 8169 0
6378 4956 0
6378 861 0
6378 3934 0
6378 2418 0
6378 1920 0
6378 4958 0
6378 5981 0
6378 5885 0
807 1687 0
807 3745 0
807 5885 0
807 807 0
807 5452 0
807 1927 0
807 4534 0
807 7109 0
8940 8867 0
8940 8940 0
8940 5885 0
8940 3352 0
8940 3353 0
8940 3354 1
8940 3355 0
8940 3358 0
8940 5981 0
8940 3934 0
8941 8467 0
8941 3353 0
8941 3354 1
8941 3358 0
8941 18728 0
8941 7482 0
8941 5981 0
8941 3561 0
8941 8941 0
1679 1679 0
1679 7592 1
1679 5432 0
1679 17699 0
4849 3354 1
4339 5247 0
4339 4371 0
4339 2338 0
4339 3336 0
4339 3801 0
4339 316 0
4339 8467 0
4339 9038 0
4339 8070 1
4339 1927 0
4339 5981 0
4339 4534 0
4339 3036 1
5365 1687 0
5365 3354 1
5365 891 0
5365 1259 0
5365 5365 0
5365 5368 0
5365 4371 0
5365 3353 0
5365 3355 0
5365 5432 0
5365 301 0
5365 4956 0
5365 3934 0
5365 5521 0
5365 2524 0
5368 1687 0
5368 8467 0
5368 3353 0
5368 3354 1
5368 3355 0
5368 2338 0
5368 5432 0
5368 4956 0
5368 4957 0
5368 4958 0
5368 3934 0
5368 3043 0
5368 3561 0
5247 3036 1
5247 4557 0
5247 3745 0
5247 3747 1
5247 4550 0
5247 3336 0
5247 8467 0
5247 287 0
5247 2338 0
5247 5432 0
5247 5466 0
5247 8016 0
5247 8089 0
5247 2989 0
5247 4534 0
5247 4555 0
5247 2524 0
5247 3561 0
5885 287 0
5885 18728 0
5885 2418 0
5885 2524 0
5885 842 0
5885 9038 0
5885 7109 0
5885 972 0
5885 3036 1
5885 3469 0
5885 15818 0
5885 5620 0
5885 5885 0
5885 8016 0
5885 11236 0
5885 5981 0
5885 3978 0
5885 8089 0
3043 4371 0
3043 287 0
3043 2382 0
3043 4550 0
3043 4555 0
3043 4557 0
3043 2524 0
3043 8867 0
3043 4859 0
3043 301 0
3043 861 0
3043 863 0
3043 891 0
3043 3043 0
3043 3045 0
3043 5274 0
3043 3353 0
3043 3354 1
3043 3355 0
3043 5466 0
3043 5521 0
3043 1687 0
3043 3844 0
3043 5432 0
3043 5981 0
3043 1927 0
3043 8089 0
3844 3844 0
3844 3352 0
3844 3353 0
3844 3354 1
3844 3358 0
3844 5981 0
3844 2989 0
3336 861 0
3336 3745 0
3336 5892 0
3336 3336 0
3336 2338 0
3336 5967 0
3336 863 0
3336 1460 1
3336 3036 1
8867 2338 0
8867 301 0
8867 8867 0
8867 861 0
8867 11236 0
8867 3426 0
8867 3745 0
8867 3747 1
8867 5945 0
8867 1920 0
4371 1687 0
4371 5274 0
4371 7109 0
4371 1259 0
4371 4859 0
4371 4371 0
4371 3353 0
4371 3354 1
4371 5432 0
4371 1350 0
4371 7500 0
4371 861 0
4371 5521 0
4371 5981 0
4371 4550 0
4371 6630 0
3801 3754 1
3801 2338 0
3801 1335 0
3801 5432 0
3801 3036 1
3352 1687 0
3352 5274 0
3352 3352 0
3352 3353 0
3352 3354 1
3352 3355 0
3352 287 0
3352 301 0
3352 2382 0
3352 8016 0
3352 5981 0
3352 7571 0
3352 1920 0
3352 13121 0
3352 12225 0
3352 7109 0
3352 4550 0
3352 11236 0
3353 2418 0
3353 316 0
3353 6532 0
3353 4550 0
3353 4555 0
3353 4557 0
3353 6630 0
3353 13121 0
3353 9038 0
3353 861 0
3353 863 0
3353 17255 0
3353 7109 0
3353 972 0
3353 11236 0
3353 5274 0
3353 1259 0
3353 3353 0
3353 3354 1
3353 3355 0
3353 3358 0
3353 1335 0
3353 5432 0
3353 7500 0
3353 5466 0
3353 7517 0
3353 7571 0
3353 7592 1
3353 15818 0
3353 9703 0
3353 1687 0
3353 1831 0
3353 8016 0
3353 1920 0
3353 8089 0
3353 12225 0
3353 18400 0
3354 287 1
3354 2338 1
3354 18728 1
3354 301 1
3354 2382 1
3354 6532 1
3354 8629 1
3354 4550 1
3354 4557 1
3354 2524 1
3354 6630 1
3354 15818 1
3354 4555 1
3354 4859 1
3354 13121 1
3354 9038 1
3354 4956 1
3354 861 1
3354 863 1
3354 17255 1
3354 891 1
3354 2989 1
3354 7109 1
3354 972 1
3354 11236 1
3354 3045 1
3354 5274 1
3354 1259 1
3354 3354 2
3354 3355 1
3354 3358 1
3354 1335 1
3354 7482 1
3354 7500 1
3354 3408 1
3354 5466 1
3354 3469 1
3354 7571 1
3354 7592 2
3354 9703 1
3354 5620 1
3354 1687 1
3354 8016 1
3354 5432 1
3354 5981 1
3354 3934 1
3354 1920 1
3354 1927 1
3354 3978 1
3354 8089 1
3354 12225 1
3354 18400 1
3355 15818 0
3355 8629 0
3355 18400 0
3355 1687 0
3355 5274 0
3355 3358 0
3355 1259 0
3355 4859 0
3355 11236 0
3355 3355 0
3355 9703 0
3355 301 0
3355 1350 0
3355 3408 0
3355 5432 0
3355 8163 0
3355 5466 0
3355 7517 0
3355 891 0
3355 1920 0
3355 13121 0
3355 7592 1
3355 12225 0
3355 7109 0
3355 4550 0
3355 8016 0
3355 3045 0
3358 1687 0
3358 3358 0
3358 9038 0
3358 8016 0
3358 1259 0
3358 6532 0
3358 7083 0
3358 11236 0
3358 6630 0
3358 5620 0
287 287 0
287 8629 0
287 863 0
287 1004 0
287 1259 0
287 1335 0
287 2338 0
287 2382 0
287 2989 0
287 11236 0
287 3426 0
287 3745 0
287 3934 0
287 12225 0
287 4555 0
287 13048 1
287 13121 0
287 4957 0
287 6049 0
287 7592 1
287 8002 0
287 8089 0
287 8163 0
2338 2338 0
2338 4550 0
2338 4557 0
2338 842 0
2338 2989 0
2338 3036 1
2338 1004 0
2338 5981 0
2338 18728 0
2338 1335 0
2338 5432 0
2338 5466 0
2338 3426 0
2338 1687 0
2338 3745 0
2338 3747 1
2338 3754 1
2338 8070 1
2338 1927 0
1830 1830 2
1830 1831 1
1830 3767 1
1830 1365 1
1830 6491 2
9511 3469 0
18728 4956 0
18728 4957 0
18728 4958 0
18728 861 0
18728 5274 0
18728 3426 0
18728 3561 0
18728 18728 0
18728 3978 0
2524 1687 0
2524 1259 0
2524 4859 0
2524 301 0
2524 5432 0
2524 3408 0
2524 5981 0
2524 3934 0
2524 1920 0
2524 4550 0
2524 2524 0
2524 7109 0
301 1687 0
301 4548 1
301 1259 0
301 4859 0
301 301 0
301 1350 0
301 2382 0
301 5432 0
301 891 0
301 1927 0
301 8089 0
301 5981 0
301 4534 0
301 4550 0
301 4555 0
1335 3745 0
1335 1927 0
1335 4534 0
1335 6630 0
5432 8467 0
5432 4534 0
5432 4550 0
5432 4555 0
5432 4859 0
5432 9038 0
5432 861 0
5432 863 0
5432 1259 0
5432 5432 0
5432 5521 0
5432 1687 0
5432 3745 0
5432 3747 1
5432 5945 0
5432 5981 0
5945 1927 0
5945 4548 1
5945 7109 0
5945 4534 0
5945 4550 0
5945 3745 0
5945 5945 0
5945 861 0
5945 3426 0
7482 4534 0
7482 13048 1
3295 3295 2
316 316 0
316 5981 0
316 1927 0
316 4534 0
316 4548 1
316 15818 0
316 4555 0
316 11236 0
8002 8002 0
8002 11236 0
1350 3747 1
1350 1259 0
1350 1350 0
1350 5466 0
1350 5981 0
1350 7592 1
1350 6630 0
8467 4534 0
8467 7109 0
8467 9038 0
8467 1259 0
8467 5466 0
8467 19808 0
8467 1427 1
8467 8163 0
8467 1460 1
8467 8467 0
8467 5967 0
8467 8016 0
8467 5981 0
842 5981 0
842 4557 0
842 842 0
842 3934 0
842 3426 0
842 1927 0
842 7571 0
842 4534 0
842 4555 0
7500 5981 0
7500 1259 0
9038 9038 0
9038 1687 0
9038 2382 0
9038 11236 0
9038 6630 0
9038 3561 0
5967 5967 0
5967 5521 0
5967 2989 0
5967 4534 0
5967 3036 1
5967 3561 0
8016 8016 0
8016 5981 0
8016 3934 0
8016 19808 0
8016 15818 0
8016 11236 0
8163 863 0
8163 5981 0
1365 1927 0
1365 7592 1
5466 861 0
5466 3745 0
5466 4956 0
5466 4957 0
5466 4958 0
5466 891 0
5466 1927 0
5466 5521 0
5466 11236 0
6491 1831 1
4956 2418 0
4956 4956 0
4956 4957 0
4956 4958 0
4956 863 0
4956 861 0
4956 19808 0
4956 3426 0
4956 1460 1
4956 3561 0
4956 3745 0
4956 3747 1
4956 5981 0
4956 1927 0
861 2418 0
861 4550 0
861 861 0
861 891 0
861 7083 0
861 4957 0
861 4958 0
861 1259 0
861 3426 0
861 1427 1
861 1687 0
861 3745 0
861 1927 0
4958 2418 0
4958 4957 0
4958 4958 0
4958 7083 0
4958 19808 0
4958 3426 0
4958 1460 1
4958 3561 0
4958 3747 1
4958 5981 0
4958 1927 0
4958 3745 0
863 3426 0
863 4859 0
863 891 0
19808 4957 0
19808 7109 0
19808 7571 0
19808 5620 0
19808 3747 1
19808 8089 0
3426 4550 0
3426 1004 0
3426 4957 0
3426 1259 0
3426 3426 0
3426 5981 0
3426 5620 0
3426 1687 0
3426 3745 0
3426 1927 0
17255 11236 0
2418 4957 0
2418 4859 0
2418 2418 0
2418 5521 0
2418 4548 1
2418 4550 0
2418 972 0
2418 3036 1
7571 7571 0
3561 4534 0
3561 4957 0
3561 7109 0
3561 1259 0
3561 1427 1
3561 1460 1
3561 5981 0
891 1687 0
891 1259 0
891 2382 0
891 3408 0
891 891 0
891 7592 1
891 4550 0
891 4555 0
1939 7592 1
1920 1687 0
1920 4550 0
1920 972 0
1920 1259 0
1920 7592 1
1259 2382 0
1259 4534 0
1259 4555 0
1259 4557 0
1259 6630 0
1259 972 0
1259 11236 0
1259 3934 0
1259 1687 0
8070 8070 2
8070 1927 1
1927 4534 0
1927 4859 0
1927 4957 0
1927 5521 0
1927 5620 0
1927 3745 0
1927 3747 1
1927 11236 0
3978 2382 0
3978 4550 0
3978 8629 0
3978 11236 0
3978 1687 0
3978 5981 0
3978 3978 0
1687 4534 0
1687 4550 0
1687 4555 0
1687 4859 0
1687 972 0
1687 3045 0
1687 5981 0
1687 5521 0
1687 1460 1
1687 1687 0
1687 3934 0
1687 6049 0
1687 3408 0
3469 12019 0
3469 4548 1
3469 4859 0
3469 5452 0
5521 3747 1
5521 4859 0
5521 5521 0
5521 3036 1
5521 11236 0
1427 1427 2
1427 5981 1
1427 5452 1
3934 4859 0
3934 2382 0
3934 5981 0
3934 3934 0
3934 8089 0
3934 4550 0
8089 5274 0
8089 5452 0
8089 3408 0
8089 5981 0
8089 8089 0
8089 5620 0
7066 7066 0
5274 5274 0
5274 7109 0
5274 6630 0
6049 6049 0
6049 3754 1
6049 4557 0
6049 4859 0
4957 3408 0
4957 1460 1
4957 3747 1
4957 5981 0
4957 3745 0
5981 1004 0
5981 11236 0
5981 2989 0
5981 4859 0
5981 5620 0
5981 5981 0
5981 6630 0
5981 7109 0
5981 15818 0
7592 7592 2
7592 12019 1
7592 7517 1
7592 3324 1
7083 15818 0
7083 7083 0
2989 2989 0
2989 4534 0
2989 4550 0
2989 4555 0
2989 972 0
2989 4557 0
2989 3036 1
4534 2382 0
4534 4548 1
4534 4534 0
4534 4859 0
4534 972 0
4534 5452 0
4534 3745 0
4534 3754 1
4548 4548 2
4548 5452 1
4548 8169 1
7109 11236 0
7109 7109 0
7109 4550 0
4550 2382 0
4550 4550 0
4550 4555 0
4550 4859 0
4550 3036 1
4550 3045 0
4550 3754 1
3745 972 0
3745 3745 0
3745 3754 1
4555 3754 1
4555 4555 0
4555 4557 0
4555 3045 0
4555 5620 0
972 4859 0
972 5620 0
972 972 0
972 1004 0
4557 3754 1
4557 4557 0
4557 3045 0
4557 1004 0
3747 3767 1
2382 2382 0
2382 6630 0
2382 4859 0
2382 3754 1
3036 3036 2
18400 11236 0
3408 8169 0
3408 3408 0
4859 4859 0
4859 5620 0
11236 6630 0
11236 11236 0
6630 6630 0
8169 3754 1
1004 1004 0
3767 3767 0
5620 5620 0
