16900 2594 0
16900 13355 0
16900 2606 0
16900 1728 1
16900 3782 0
16900 4409 0
16900 984 1
16900 3986 0
16900 16308 0
16900 3561 0
2571 2571 0
2571 1687 0
2571 4524 0
2571 4525 0
2571 4526 0
2571 4534 0
2571 1728 1
2571 4409 0
2571 984 1
20 20 0
20 2069 0
20 4145 0
20 117 0
20 6378 0
20 287 0
20 2338 0
20 4409 0
20 561 0
20 719 1
20 4822 0
20 861 0
20 864 0
20 869 0
20 1259 0
20 5432 0
20 1371 0
20 3446 0
20 3514 0
20 1620 0
20 1687 0
20 1728 1
20 3782 0
20 1741 0
20 7893 0
20 5850 0
20 5855 0
20 5981 0
20 1927 0
20 3986 0
2069 2069 0
2069 2594 0
2069 4956 0
2069 13355 0
2069 561 0
2069 16308 0
2069 1620 0
2069 8881 0
2069 117 0
2069 1680 0
2069 1687 0
2069 1741 0
2069 3283 1
2069 7893 0
2069 3802 0
2069 5855 0
2069 8467 0
2069 3354 0
2069 2338 0
2069 4145 0
2069 6977 0
2069 4442 1
2069 861 0
2069 3446 0
2069 3986 0
2069 1943 0
2069 16031 0
2069 3561 0
14875 3453 1
2594 53 0
2594 237 0
2594 8467 0
2594 5850 0
2594 287 0
2594 2338 0
2594 8507 0
2594 4524 0
2594 4525 0
2594 4526 0
2594 2594 0
2594 2606 0
2594 561 0
2594 6737 0
2594 8881 0
2594 6977 0
2594 4956 0
2594 861 0
2594 869 0
2594 4971 0
2594 15463 1
2594 3283 1
2594 1259 0
2594 1371 0
2594 19879 0
2594 3561 0
2594 16308 0
2594 1680 0
2594 16031 0
2594 3782 0
2594 1741 0
2594 7893 0
2594 3802 0
2594 5855 0
2594 5994 0
2594 1927 0
2594 3986 0
2594 1943 0
2594 18332 0
2594 6068 0
6180 6180 0
6180 1687 0
6180 8768 0
6180 4524 0
6180 5432 0
6180 4550 0
6180 1741 0
6180 3283 1
6180 4442 1
6180 5994 0
13355 1371 0
13355 6378 0
13355 8467 0
13355 5850 0
13355 287 0
13355 4409 0
13355 4463 0
13355 6737 0
13355 4971 0
13355 7219 0
13355 17460 0
13355 15463 1
13355 15509 0
13355 3283 1
13355 19879 0
13355 3514 0
13355 3561 0
13355 7893 0
13355 3802 0
13355 5855 0
13355 1891 1
13355 1927 0
13355 1943 0
13355 6068 0
2606 53 0
2606 237 0
2606 4371 0
2606 5850 0
2606 2338 0
2606 4409 0
2606 8507 0
2606 8768 0
2606 8881 0
2606 6977 0
2606 4956 0
2606 869 0
2606 4971 0
2606 861 0
2606 7219 0
2606 15463 1
2606 3446 0
2606 19879 0
2606 3561 0
2606 1687 0
2606 16031 0
2606 1728 1
2606 3782 0
2606 7893 0
2606 3802 0
2606 5855 0
2606 5981 0
2606 5994 0
2606 3986 0
2606 1943 0
2606 16292 0
2606 16308 0
861 8875 0
861 4145 0
861 53 0
861 117 0
861 6378 0
861 4822 0
861 4371 0
861 5850 0
861 4409 0
861 4463 0
861 4550 0
861 6604 0
861 561 0
861 6737 0
861 8881 0
861 4956 0
861 861 0
861 7224 0
861 3137 0
861 1891 1
861 3283 1
861 1259 0
861 3353 0
861 3354 0
861 5432 0
861 3446 0
861 5495 0
861 19879 0
861 3514 0
861 1680 0
861 1687 0
861 3782 0
861 1741 0
861 3802 0
861 5855 0
861 5994 0
861 1927 0
861 3986 0
861 6068 0
861 16031 0
561 4145 0
561 117 0
561 6378 0
561 8503 0
561 4409 0
561 4463 0
561 4469 1
561 2500 0
561 4550 0
561 561 0
561 8768 0
561 4822 0
561 4956 0
561 864 0
561 869 0
561 6977 0
561 15463 1
561 1259 0
561 3353 0
561 3354 0
561 5432 0
561 1365 0
561 1371 0
561 19879 0
561 3514 0
561 1680 0
561 1687 0
561 1728 1
561 1741 0
561 5855 0
561 3884 0
561 5981 0
561 5994 0
561 1927 0
561 6068 0
7219 4145 0
7219 16308 0
7219 1728 1
7219 6977 0
7219 1741 0
7219 3283 1
7219 4971 0
7219 7893 0
17460 8467 0
17460 3354 0
17460 3283 1
17460 4442 1
17460 5855 0
17460 1259 0
53 53 0
53 117 0
53 287 0
53 2338 0
53 8503 0
53 4409 0
53 4463 0
53 2500 0
53 6604 0
53 19879 0
53 8768 0
53 8875 0
53 8881 0
53 719 1
53 4956 0
53 3283 1
53 3354 0
53 3446 0
53 3544 0
53 1680 0
53 1687 0
53 16031 0
53 1741 0
53 3802 0
53 5855 0
53 5981 0
53 1927 0
53 1943 0
53 6068 0
7224 4145 0
7224 7224 0
7224 6737 0
7224 6738 0
7224 16031 0
7224 8875 0
7224 719 1
7224 3283 1
7224 7893 0
7224 5855 0
7224 287 0
7224 1371 0
7224 3446 0
7224 1943 0
7224 6068 0
6068 8881 0
6068 1741 0
6068 16308 0
6068 2338 0
6068 4550 0
6068 8768 0
6068 6738 0
6068 6807 0
6068 719 1
6068 15509 0
6068 3283 1
6068 3446 0
6068 19879 0
6068 7893 0
6068 5850 0
6068 5855 0
6068 3884 0
6068 5981 0
6068 3986 0
6068 1943 0
6068 18332 0
6068 6068 0
8768 4145 0
8768 6378 0
8768 237 0
8768 8467 0
8768 287 0
8768 2338 0
8768 8503 0
8768 4463 0
8768 4469 1
8768 2459 0
8768 2500 0
8768 8768 0
8768 6977 0
8768 4956 0
8768 869 0
8768 984 1
8768 2938 0
8768 1259 0
8768 4409 0
8768 3446 0
8768 1687 0
8768 1741 0
8768 7893 0
8768 3884 0
8768 5981 0
8768 3986 0
8768 1943 0
8768 18332 0
8768 16292 0
8768 16308 0
3137 3137 0
3137 15463 1
3137 4442 1
3137 864 0
3137 869 0
3137 3986 0
3137 18332 0
3137 19879 0
3137 4534 0
6737 4145 0
6737 3446 0
6737 6378 0
6737 237 0
6737 8467 0
6737 287 0
6737 2500 0
6737 6738 0
6737 8875 0
6737 8881 0
6737 12989 0
6737 984 1
6737 1371 0
6737 1620 0
6737 1680 0
6737 16031 0
6737 1728 1
6737 3802 0
6737 5855 0
6737 3884 0
6737 5981 0
6737 6807 0
6737 3986 0
6738 4145 0
6738 6378 0
6738 237 0
6738 4409 0
6738 6738 0
6738 8875 0
6738 8881 0
6738 12989 0
6738 6977 0
6738 984 1
6738 1259 0
6738 1371 0
6738 3446 0
6738 5495 0
6738 19879 0
6738 1680 0
6738 16031 0
6738 1728 1
6738 3802 0
6738 5855 0
6738 3884 0
6738 5981 0
6738 6807 0
1620 4145 0
1620 237 0
1620 4371 0
1620 287 0
1620 2338 0
1620 4442 1
1620 4524 0
1620 4534 0
1620 4550 0
1620 719 1
1620 733 0
1620 4956 0
1620 864 0
1620 1259 0
1620 5432 0
1620 1365 0
1620 5495 0
1620 1620 0
1620 1741 0
1620 5855 0
1620 5981 0
1620 3986 0
1620 1943 0
1620 18332 0
15463 17323 1
15463 16031 1
15463 3782 1
15463 1741 1
15463 3802 1
15463 237 1
15463 5850 1
15463 8507 1
15463 6977 1
15463 4971 1
15463 3986 1
15463 16308 1
15463 19879 1
4371 5753 0
4371 1687 0
4371 3283 1
4371 4822 0
4371 6378 0
4371 1259 0
4371 4371 0
4371 3353 0
4371 3354 0
4371 3884 0
4371 8503 0
4371 5432 0
4371 7500 0
4371 4442 1
4371 5994 0
4371 3446 0
4371 3986 0
4371 5981 0
4371 2500 0
4371 4550 0
4371 5855 0
4371 19879 0
117 19879 0
117 4971 0
117 1687 0
117 16031 0
117 8881 0
117 117 0
117 1728 1
117 1741 0
117 3283 1
117 3802 0
117 5855 0
117 1259 0
117 7893 0
117 5850 0
117 4145 0
117 3884 0
117 5432 0
117 4409 0
117 8467 0
117 4956 0
117 5994 0
117 3986 0
117 1943 0
117 2459 0
117 16308 0
117 2500 0
117 4550 0
117 3561 0
5753 5747 1
5753 5753 0
5753 1687 0
5753 719 1
5753 1259 0
5753 3353 0
5753 3354 0
5753 1830 1
5753 5432 0
5753 7500 0
1680 4145 0
1680 2338 0
1680 8507 0
1680 2500 0
1680 8881 0
1680 6977 0
1680 3283 1
1680 19879 0
1680 16031 0
1680 3782 0
1680 7893 0
1680 3802 0
1680 1891 1
1680 3986 0
1680 1943 0
1680 18332 0
1680 16308 0
15509 16308 0
15509 2338 0
15509 3283 1
15509 7893 0
15509 6977 0
15509 4463 0
15509 4469 1
6807 18332 0
6807 8875 0
6807 8881 0
6807 12989 0
6807 1728 1
6807 5855 0
6807 1259 0
6807 4409 0
6807 1371 0
6807 3986 0
6807 984 1
16031 237 0
16031 8467 0
16031 5850 0
16031 4409 0
16031 8507 0
16031 8881 0
16031 4971 0
16031 1371 0
16031 5495 0
16031 19879 0
16031 3514 0
16031 3561 0
16031 16031 0
16031 1728 1
16031 3782 0
16031 3802 0
16031 5981 0
16031 3986 0
16031 1943 0
5290 4524 1
5290 4525 1
5290 4526 1
5290 287 1
8875 12989 0
8875 18332 0
8875 8875 0
8875 1728 1
8875 3802 0
8875 5855 0
8875 237 0
8875 6378 0
8875 3884 0
8875 8881 0
8875 4409 0
8875 1371 0
8875 1687 0
8875 3986 0
8875 5981 0
8875 4550 0
8875 984 1
8875 19879 0
8881 8881 0
8881 6378 0
8881 237 0
8881 8467 0
8881 5850 0
8881 2338 0
8881 4409 0
8881 4442 1
8881 12989 0
8881 733 0
8881 4971 0
8881 2938 0
8881 2976 0
8881 984 1
8881 1259 0
8881 3353 0
8881 1371 0
8881 3446 0
8881 5495 0
8881 19879 0
8881 3561 0
8881 287 0
8881 3782 0
8881 1741 0
8881 3802 0
8881 5855 0
8881 3884 0
8881 5981 0
8881 8507 0
8881 5994 0
8881 3986 0
8881 18332 0
5747 5747 2
5747 3322 1
5747 287 1
5747 1830 2
5747 5432 1
5747 1365 1
5747 1927 1
5747 1943 1
5747 18332 1
5747 16292 1
5747 3544 1
12989 18332 0
12989 12989 0
12989 1728 1
12989 5855 0
12989 8467 0
12989 4409 0
12989 1371 0
12989 5981 0
12989 3986 0
12989 984 1
12989 3561 0
1728 17323 1
1728 6378 1
1728 3884 1
1728 4145 1
1728 4409 1
1728 4027 1
1728 2500 1
1728 7893 1
1728 984 2
1728 1371 1
1728 4956 1
1728 5981 1
1728 5855 1
1728 8507 1
1728 4971 1
1728 3446 1
1728 5495 1
3782 2938 0
3782 237 0
3782 8467 0
3782 8507 0
3782 6977 0
3782 4971 0
3782 4956 0
3782 3283 1
3782 1259 0
3782 3446 0
3782 19879 0
3782 3561 0
3782 5850 0
3782 1741 0
3782 3802 0
3782 5855 0
3782 3884 0
3782 5981 0
3782 5994 0
3782 3986 0
3782 1943 0
3782 18332 0
1741 237 0
1741 5850 0
1741 2338 0
1741 8503 0
1741 4409 0
1741 4463 0
1741 4524 0
1741 4525 0
1741 4526 0
1741 2500 0
1741 4550 0
1741 6604 0
1741 719 1
1741 4822 0
1741 733 0
1741 864 0
1741 869 0
1741 4971 0
1741 1259 0
1741 3353 0
1741 3354 0
1741 5432 0
1741 3446 0
1741 19879 0
1741 3514 0
1741 1687 0
1741 1741 0
1741 3802 0
1741 5855 0
1741 3884 0
1741 8507 0
1741 5994 0
1741 1927 0
719 4524 1
719 719 2
719 1259 1
719 8467 1
719 2837 1
719 3353 1
719 287 1
719 4956 1
719 4463 1
719 2938 1
719 1927 1
719 4442 2
719 3986 1
719 2976 1
719 4550 1
719 3544 1
719 4575 1
719 3561 1
3283 19879 1
3283 7944 1
3283 16292 1
3283 16308 1
3283 8467 1
3283 3283 2
3283 4822 1
3283 3802 1
3283 5855 1
3283 6378 1
3283 1259 1
3283 237 1
3283 3354 1
3283 2338 1
3283 8503 1
3283 6977 1
3283 4956 1
3283 864 1
3283 5994 1
3283 2938 1
3283 1927 1
3283 3986 1
3283 1943 1
3283 2459 1
3283 18332 1
3283 2976 1
3283 4534 1
3283 3514 1
3283 6604 1
3283 3561 1
3283 7893 1
3283 869 1
3283 8702 1
7893 4145 0
7893 237 0
7893 7893 0
7893 3802 0
7893 287 0
7893 4409 0
7893 8507 0
7893 4463 0
7893 4550 0
7893 733 0
7893 4956 0
7893 4971 0
7893 19879 0
7893 1371 0
7893 3514 0
7893 16308 0
7893 5850 0
7893 5855 0
7893 5981 0
7893 1927 0
4822 6378 0
4822 5855 0
4822 1687 0
4822 4550 0
4822 2338 0
4822 4822 0
4822 3802 0
4822 8503 0
4822 5432 0
4822 4442 1
4822 864 0
4822 869 0
4822 5994 0
4822 4463 0
4822 3446 0
4822 3986 0
4822 4524 0
4822 2500 0
4822 19879 0
5850 4956 0
5850 4145 0
5850 16308 0
5850 5994 0
5850 3802 0
5850 19879 0
5850 237 0
5850 3353 0
5850 5850 0
5850 287 0
5850 8507 0
5850 6977 0
5850 864 0
5850 4971 0
5850 3986 0
5850 3446 0
5850 4534 0
5850 3514 0
5850 5855 0
5850 984 1
733 3986 0
733 8467 0
733 2338 0
733 984 1
733 5981 0
733 1891 1
5855 17323 0
5855 4145 0
5855 6378 0
5855 237 0
5855 8503 0
5855 4463 0
5855 4524 0
5855 4534 0
5855 2500 0
5855 19879 0
5855 4550 0
5855 2837 0
5855 4956 0
5855 864 0
5855 869 0
5855 984 1
5855 3353 0
5855 3354 0
5855 5432 0
5855 1371 0
5855 3446 0
5855 3561 0
5855 1687 0
5855 3802 0
5855 5855 0
5855 16308 0
5855 5981 0
5855 5994 0
5855 1927 0
6378 3802 0
6378 6378 0
6378 3354 0
6378 8503 0
6378 6977 0
6378 4442 1
6378 4956 0
6378 3446 0
6378 3986 0
6378 5981 0
6378 6604 0
1259 8467 0
1259 287 0
1259 4442 1
1259 4524 0
1259 4534 0
1259 2500 0
1259 864 0
1259 2938 0
1259 3353 0
1259 3354 0
1259 5432 0
1259 7500 0
1259 1371 0
1259 3561 0
1259 1687 0
1259 3884 0
1259 3986 0
1259 16308 0
237 16292 0
237 16308 0
237 18332 0
237 3802 0
237 237 0
237 3353 0
237 2338 0
237 3884 0
237 6977 0
237 4971 0
237 3986 0
237 1943 0
237 8507 0
237 3561 0
237 19879 0
3322 1830 1
3322 2837 0
3322 1943 0
3322 3322 0
3322 18332 0
4348 4524 1
4348 4348 2
7944 7944 0
7944 4469 1
7944 4463 0
8467 4409 0
8467 8507 0
8467 4524 0
8467 4534 0
8467 6977 0
8467 4971 0
8467 2938 0
8467 2976 0
8467 19879 0
8467 5432 0
8467 1371 0
8467 8467 0
8467 5981 0
8467 5994 0
8467 16308 0
2837 1943 0
2837 4442 1
3353 4442 1
3353 2500 0
3353 4550 0
3353 869 0
3353 3353 0
3353 3354 0
3353 5432 0
3353 7500 0
3353 1687 0
3354 287 0
3354 2338 0
3354 4442 1
3354 2500 0
3354 4550 0
3354 4956 0
3354 869 0
3354 3354 0
3354 7500 0
3354 1687 0
3354 5432 0
3354 5981 0
3354 1927 0
3802 2338 0
3802 4409 0
3802 8507 0
3802 6977 0
3802 4956 0
3802 869 0
3802 4971 0
3802 3561 0
3802 5432 0
3802 3446 0
3802 19879 0
3802 3802 0
3802 5981 0
3802 3986 0
3802 1943 0
3802 16292 0
3802 16308 0
287 287 0
287 8702 0
287 864 0
287 8503 0
287 2338 0
287 3446 0
287 19879 0
287 4442 1
287 4575 0
287 5994 0
2338 2338 0
2338 4409 0
2338 4463 0
2338 4550 0
2338 6604 0
2338 4575 0
2338 4971 0
2338 5981 0
2338 5432 0
2338 5495 0
2338 19879 0
2338 1687 0
2338 1891 1
2338 5994 0
2338 1927 0
2338 3986 0
2338 1943 0
1830 1830 2
1830 1365 1
4145 4145 0
4145 8503 0
4145 4409 0
4145 2500 0
4145 4956 0
4145 864 0
4145 984 1
4145 1371 0
4145 3446 0
4145 1687 0
4145 5981 0
4145 3986 0
4145 1943 0
4145 18332 0
4145 16308 0
3884 1687 0
3884 3884 0
3884 8503 0
3884 5432 0
3884 4409 0
3884 4442 1
3884 869 0
3884 4524 0
3884 4525 0
3884 4526 0
3884 4534 0
3884 2500 0
3884 7500 0
8503 1687 0
8503 8503 0
8503 4442 1
8503 5994 0
8503 3446 0
8503 2459 0
8503 2500 0
5432 4442 1
5432 4534 0
5432 2500 0
5432 4550 0
5432 4971 0
5432 5432 0
5432 3453 0
5432 1687 0
5432 5981 0
5432 1943 0
4409 4409 0
4409 4463 0
4409 4550 0
4409 6977 0
4409 4956 0
4409 984 1
4409 869 0
4409 1371 0
4409 3561 0
4409 1687 0
4409 5981 0
4409 3986 0
4409 16308 0
8507 16308 0
8507 5994 0
8507 19879 0
8507 6977 0
8507 5981 0
8507 4971 0
8507 3514 0
8507 3561 0
6977 4463 0
6977 2500 0
6977 6977 0
6977 1371 0
7500 4442 1
7500 5981 0
7500 4463 0
7500 4469 1
1365 1927 0
1365 1943 0
4442 4534 1
4442 4442 2
4442 5981 1
4442 864 1
4442 869 1
4442 5994 1
4442 3446 1
4442 3453 1
4442 1687 1
4442 2500 1
4442 4550 1
4442 6604 1
4442 4575 1
1371 2500 0
1371 4956 0
1371 984 1
1371 2938 0
1371 1371 0
1371 3446 0
1371 1687 0
1371 5981 0
1371 3986 0
1371 16308 0
4956 4956 0
4956 864 0
4956 19879 0
4956 18332 0
4956 3561 0
4956 5981 0
4956 1927 0
4956 3986 0
4956 1943 0
5981 1687 0
5981 1943 0
5981 2459 0
5981 2500 0
5981 2976 0
5981 3446 0
5981 19879 0
5981 3514 0
5981 3561 0
5981 3986 0
5981 5981 0
5981 16308 0
864 864 0
864 4463 0
864 3986 0
864 4550 0
1891 2459 1
869 1687 0
869 869 0
869 4463 0
869 3446 0
5994 2500 0
5994 3446 0
5994 1687 0
5994 5994 0
4971 4534 0
4971 4971 0
4971 19879 0
4971 3514 0
4971 3561 0
4971 3986 0
4971 1943 0
4971 16292 0
4463 4463 0
4463 4469 1
4463 4524 0
4463 4525 0
4463 4526 0
4463 2500 0
4463 4550 0
4463 3446 0
4463 3514 0
4463 1927 0
4463 3986 0
4463 1943 0
4463 16308 0
4469 4524 1
4469 4525 1
4469 4526 1
4469 3514 1
4469 8702 1
4469 4469 2
3446 2500 0
3446 3446 0
3446 19879 0
3446 1687 0
3446 984 1
5495 5495 0
5495 2938 0
5495 1943 0
5495 984 1
2938 2938 0
2938 1943 0
2938 18332 0
2938 3561 0
3453 17323 0
3453 2500 0
1927 4524 0
1927 4525 0
1927 4534 0
1927 6604 0
1927 19879 0
1927 3986 0
1927 1943 0
1927 16308 0
1687 4534 0
1687 2500 0
1687 4550 0
1687 984 1
1687 19879 0
1687 1687 0
3986 8702 0
3986 19879 0
3986 3561 0
3986 3986 0
3986 4525 0
3986 4534 0
3986 4550 0
3986 16292 0
1943 2500 0
1943 19879 0
1943 1943 0
2459 2459 0
2459 19879 0
18332 19879 0
2976 2976 0
16292 16292 0
16292 19879 0
16292 16308 0
16292 3561 0
19879 4534 0
19879 2500 0
19879 8702 0
19879 19879 0
19879 3514 0
19879 3561 0
19879 16308 0
4524 4524 0
4524 4525 0
4524 4526 0
4524 2500 0
4524 3561 0
4525 4526 0
16308 3514 0
16308 16308 0
4534 4534 0
4534 3561 0
4534 4027 0
3514 3514 0
4027 984 1
4027 4027 0
2500 2500 0
4550 4550 0
4550 8702 0
4575 4575 0
