7936 129 1
7936 3986 0
7936 2712 0
7936 2718 0
7936 6069 1
7936 6968 0
7936 5885 0
8195 12803 0
8195 2600 0
8195 13355 0
8195 1591 0
8195 590 0
8195 1620 0
8195 1653 0
8195 129 1
8195 1159 0
8195 2722 0
8195 4259 0
8195 2724 0
8195 8883 0
8195 3808 0
8195 237 0
8195 238 0
8195 2338 0
8195 5981 0
8195 5500 0
8195 393 0
8195 395 1
8195 3986 0
8195 14072 0
8195 1013 0
12803 129 1
12803 393 0
12803 395 1
12803 3986 0
12803 2722 0
12803 4259 0
12803 2724 0
12803 2600 0
12803 7726 0
12803 6068 0
12803 1591 0
12803 14072 0
12803 590 0
12803 3808 0
12803 237 0
12803 238 0
12803 5500 0
6070 29 0
6070 8065 0
6070 2596 0
6070 2601 0
6070 17451 0
6070 6703 0
6070 7740 0
6070 6069 1
6070 1601 0
6070 2115 0
6070 3141 0
6070 3654 0
6070 1108 0
6070 12887 0
6070 1653 0
6070 7286 0
6070 5243 0
6070 129 1
6070 1159 0
6070 2712 0
6070 3225 0
6070 2718 0
6070 4256 0
6070 2722 0
6070 2724 0
6070 9158 0
6070 16494 0
6070 8883 0
6070 4801 0
6070 2243 0
6070 8391 0
6070 6042 0
6070 7379 0
6070 5017 0
6070 3813 0
6070 6380 0
6070 237 0
6070 3835 0
6070 5885 0
6070 772 0
6070 16661 0
6070 287 0
6070 2336 0
6070 11616 0
6070 393 0
6070 395 1
6070 5005 0
6070 400 0
6070 3986 0
6070 5013 0
6070 2969 0
6070 413 0
6070 418 0
6070 421 0
6070 242 0
6070 433 0
6070 448 0
6070 3533 0
6070 8160 0
6070 1022 0
1051 672 0
1051 129 1
1051 51 0
1051 4352 1
1051 5243 0
1051 669 0
29 29 0
29 2695 0
29 669 0
29 4259 0
29 5880 0
29 2336 0
29 5413 1
29 19760 0
29 393 0
29 3986 0
29 5013 0
29 6042 0
29 421 0
29 433 0
29 6069 1
11294 6401 0
11294 19906 1
11294 2724 0
11294 2956 1
11294 11294 0
11294 19427 0
2596 2596 0
2596 2600 0
2596 2601 0
2596 5981 0
2596 6069 1
2596 1601 0
2596 2115 0
2596 3141 0
2596 1653 0
2596 5243 0
2596 129 1
2596 2243 0
2596 2712 0
2596 3225 0
2596 2718 0
2596 4256 0
2596 2722 0
2596 15527 0
2596 4801 0
2596 8391 0
2596 5017 0
2596 5855 0
2596 242 0
2596 772 0
2596 2338 0
2596 8065 0
2596 5005 0
2596 398 0
2596 3986 0
2596 2969 0
2596 2458 0
2596 413 0
2596 418 0
2596 6078 0
2596 3533 0
2596 2724 0
2596 8160 0
2600 129 1
2600 4256 0
2600 4259 0
2600 237 0
2600 238 0
2600 2338 0
2600 395 1
2600 421 0
2600 2601 0
2600 590 0
2600 2709 0
2600 2722 0
2600 2724 0
2600 8883 0
2600 4803 0
2600 5017 0
2600 9158 0
2600 13355 0
2600 5500 0
2600 1591 0
2600 1620 0
2600 1653 0
2600 5855 0
2600 3808 0
2600 14072 0
2600 5981 0
2600 8065 0
2600 3986 0
2601 2115 0
2601 129 1
2601 4256 0
2601 2243 0
2601 8391 0
2601 242 0
2601 2338 0
2601 413 0
2601 2601 0
2601 4745 0
2601 2709 0
2601 2712 0
2601 2718 0
2601 2722 0
2601 2724 0
2601 4801 0
2601 4803 0
2601 772 0
2601 5005 0
2601 5017 0
2601 3141 0
2601 5243 0
2601 1159 0
2601 3225 0
2601 2969 0
2601 3533 0
2601 7726 0
2601 1601 0
2601 1620 0
2601 1653 0
2601 5855 0
2601 1765 0
2601 5981 0
2601 3986 0
2601 6068 0
2601 6069 1
2601 6078 0
2601 8160 0
17451 6069 1
17451 1108 0
17451 3225 0
17451 4256 0
17451 7379 0
17451 5880 0
17451 772 0
17451 287 0
17451 5500 0
17451 403 1
17451 5013 0
17451 6068 0
17451 9158 0
17451 2724 0
17451 2535 0
17451 2536 0
7726 60 0
7726 6380 0
7726 242 0
7726 2338 0
7726 448 0
7726 2712 0
7726 669 0
7726 2718 0
7726 672 0
7726 673 0
7726 2722 0
7726 4859 0
7726 5013 0
7726 5017 0
7726 9158 0
7726 1022 0
7726 1108 0
7726 5243 0
7726 5254 0
7726 5413 1
7726 7726 0
7726 1601 0
7726 14072 0
7726 5981 0
7726 5994 0
7726 6068 0
7726 6069 1
7726 8160 0
6703 129 1
6703 8065 0
6703 3986 0
6703 6703 0
6703 6069 1
6703 4534 0
6703 7740 0
6703 1013 0
51 5469 0
51 51 0
51 60 0
51 1620 0
51 1687 0
51 168 0
51 1197 0
51 5855 0
51 4859 0
51 4352 1
51 2338 0
51 5945 0
51 3986 0
51 4534 0
51 3530 1
51 5081 0
1591 8883 0
1591 60 0
1591 2115 0
1591 129 1
1591 4256 0
1591 4259 0
1591 3446 0
1591 8391 0
1591 213 0
1591 6380 0
1591 237 0
1591 238 0
1591 2338 0
1591 393 0
1591 395 1
1591 2458 0
1591 418 0
1591 4534 0
1591 421 0
1591 590 0
1591 2712 0
1591 2718 0
1591 2722 0
1591 2724 0
1591 4803 0
1591 6883 0
1591 5005 0
1591 5013 0
1591 5017 0
1591 9158 0
1591 5243 0
1591 1197 0
1591 5500 0
1591 5981 0
1591 3533 0
1591 1591 0
1591 1601 0
1591 1620 0
1591 1653 0
1591 1687 0
1591 290 1
1591 5855 0
1591 3808 0
1591 14072 0
1591 15671 0
1591 10115 0
1591 3986 0
7740 13355 0
7740 7740 0
7740 3141 0
7740 1653 0
7740 1687 0
7740 8883 0
7740 8391 0
7740 213 0
7740 5855 0
7740 3446 0
7740 389 1
7740 403 1
7740 2458 0
7740 5981 0
7740 6069 1
7740 4547 0
7740 9158 0
1601 6069 1
1601 1601 0
1601 2115 0
1601 3141 0
1601 1620 0
1601 3225 0
1601 5243 0
1601 129 1
1601 2712 0
1601 2718 0
1601 4256 0
1601 2722 0
1601 2724 0
1601 8391 0
1601 4801 0
1601 2243 0
1601 5017 0
1601 1765 0
1601 242 0
1601 772 0
1601 287 0
1601 5981 0
1601 3422 0
1601 5005 0
1601 3986 0
1601 2969 0
1601 2458 0
1601 413 0
1601 6078 0
1601 3533 0
1601 8160 0
1601 2535 0
2115 6069 1
2115 2115 0
2115 3141 0
2115 3654 0
2115 14072 0
2115 1620 0
2115 7010 0
2115 5885 0
2115 5243 0
2115 129 1
2115 1159 0
2115 1687 0
2115 2712 0
2115 3225 0
2115 2718 0
2115 4256 0
2115 2722 0
2115 2724 0
2115 168 0
2115 187 0
2115 4801 0
2115 2243 0
2115 8391 0
2115 5017 0
2115 5855 0
2115 1765 0
2115 5723 0
2115 242 0
2115 772 0
2115 287 0
2115 2338 0
2115 3422 0
2115 3446 0
2115 3464 0
2115 5005 0
2115 3986 0
2115 5469 0
2115 2969 0
2115 413 0
2115 4550 0
2115 3533 0
2115 8160 0
3141 5723 0
3141 5017 0
3141 13355 0
3141 5981 0
3141 6069 1
3141 3141 0
3141 1620 0
3141 3225 0
3141 5724 0
3141 8160 0
3141 1653 0
3141 5243 0
3141 129 1
3141 4803 0
3141 2709 0
3141 2712 0
3141 2718 0
3141 4256 0
3141 2722 0
3141 2724 0
3141 679 0
3141 6005 0
3141 4801 0
3141 2243 0
3141 8391 0
3141 213 0
3141 5855 0
3141 242 0
3141 772 0
3141 6968 0
3141 5994 0
3141 3986 0
3141 8065 0
3141 5005 0
3141 915 0
3141 2969 0
3141 413 0
3141 3533 0
3141 5885 0
3654 5013 0
3654 6042 0
3654 4256 0
3654 4259 0
3654 421 0
3654 6069 1
3654 1108 0
3654 5413 1
3654 2535 0
3654 5880 0
3654 1620 0
3654 5500 0
3654 5885 0
3654 1022 0
9289 9158 0
9289 7379 0
9289 237 0
9289 238 0
9289 403 1
9289 5500 0
9289 6069 1
2338 60 0
2338 129 1
2338 152 1
2338 4259 0
2338 237 0
2338 238 0
2338 242 0
2338 287 0
2338 2338 0
2338 413 0
2338 418 0
2338 448 0
2338 4550 0
2338 2695 0
2338 2709 0
2338 2712 0
2338 2718 0
2338 673 0
2338 2722 0
2338 2724 0
2338 14072 0
2338 4822 0
2338 6883 0
2338 15509 0
2338 2967 0
2338 5017 0
2338 1022 0
2338 5981 0
2338 5243 0
2338 5254 0
2338 7317 0
2338 1197 0
2338 5432 0
2338 5469 0
2338 3422 0
2338 11616 0
2338 4547 0
2338 1620 0
2338 1653 0
2338 1687 0
2338 5835 0
2338 5994 0
2338 3986 0
2338 6068 0
590 12887 0
590 590 0
590 5243 0
590 129 1
590 2712 0
590 4256 0
590 2722 0
590 4259 0
590 2724 0
590 9158 0
590 2249 0
590 5835 0
590 3808 0
590 237 0
590 238 0
590 6968 0
590 5981 0
590 5500 0
590 8065 0
590 395 1
590 3986 0
590 6042 0
590 4534 0
590 4550 0
590 4551 0
590 14072 0
590 8160 0
13394 3464 1
13394 4534 1
13394 287 1
1108 6042 0
1108 287 0
1108 4256 0
1108 433 0
1108 6069 1
1108 187 0
1108 448 0
1108 12887 0
1108 9158 0
1108 5413 1
1108 7379 0
1108 3835 0
1108 5500 0
12887 7286 0
12887 7317 0
12887 4256 0
12887 8883 0
12887 1653 0
12887 719 0
12887 7379 0
12887 3813 0
12887 3835 0
12887 393 0
12887 9027 0
12887 403 1
12887 6042 0
12887 413 0
12887 418 0
12887 433 0
12887 6069 1
12887 448 0
12887 9158 0
88 4884 1
88 4524 1
88 4534 1
88 2249 1
88 88 2
5723 5723 0
5723 5724 0
5723 4547 0
5723 1687 0
5723 2718 0
5723 2722 0
5723 168 0
5723 1707 1
5723 187 0
5723 242 0
5723 16647 0
5723 5952 0
5723 325 0
5723 389 1
5723 5880 0
5724 5724 0
5724 1687 0
5724 2718 0
5724 1653 0
5724 4331 1
5724 5994 0
5724 389 1
5724 2458 0
5724 6068 0
5724 5880 0
5254 129 1
5254 2249 0
5254 287 0
5254 395 1
5254 433 0
5254 2535 0
5254 2709 0
5254 7010 0
5254 19427 0
5254 5254 0
5254 1159 0
5254 7317 0
5254 14072 0
5254 8064 0
5254 8065 0
5254 3986 0
5254 8160 0
16494 6069 1
16494 7286 0
16494 4256 0
16494 719 0
16494 9027 0
16494 403 1
16494 5013 0
16494 433 0
16494 9158 0
1653 8391 0
1653 213 0
1653 237 0
1653 389 1
1653 398 0
1653 433 0
1653 669 0
1653 673 0
1653 8883 0
1653 9027 0
1653 9158 0
1653 1197 0
1653 1653 0
1653 1765 0
1653 2239 0
1653 2361 0
1653 403 1
1653 2458 0
1653 2722 0
1653 11616 0
1653 3986 0
1653 4256 0
1653 4259 0
1653 4534 0
1653 4547 0
1653 4801 0
1653 5013 0
1653 5017 0
1653 13355 0
1653 5243 0
1653 5828 0
1653 5835 0
1653 5855 0
1653 6068 0
1653 6078 0
1653 6380 0
1653 8064 0
7286 6380 0
7286 7379 0
7286 237 0
7286 238 0
7286 3835 0
7286 16661 0
7286 5981 0
7286 393 0
7286 395 1
7286 400 0
7286 5013 0
7286 418 0
7286 421 0
7286 413 0
7286 433 0
7286 6069 1
7286 448 0
7286 1022 0
5243 129 1
5243 4256 0
5243 168 0
5243 187 0
5243 2243 0
5243 8391 0
5243 242 0
5243 287 0
5243 413 0
5243 418 0
5243 2712 0
5243 2718 0
5243 2722 0
5243 2724 0
5243 4801 0
5243 4803 0
5243 4859 0
5243 772 0
5243 6968 0
5243 9027 0
5243 7010 0
5243 5005 0
5243 5017 0
5243 9158 0
5243 1159 0
5243 7317 0
5243 3225 0
5243 19731 0
5243 15671 0
5243 3446 0
5243 2969 0
5243 3533 0
5243 1620 0
5243 5835 0
5243 5855 0
5243 5885 0
5243 5952 0
5243 8064 0
5243 8065 0
5243 3986 0
5243 6068 0
5243 6069 1
5243 8160 0
129 5469 1
129 8883 1
129 60 1
129 2831 1
129 6861 1
129 129 2
129 1158 1
129 2695 1
129 4803 1
129 2709 1
129 669 1
129 672 1
129 673 1
129 4259 1
129 2724 1
129 168 1
129 1197 1
129 11676 1
129 187 1
129 2239 1
129 2243 1
129 8391 1
129 2249 1
129 7379 1
129 213 1
129 9027 1
129 237 1
129 238 1
129 5880 1
129 772 1
129 16647 1
129 4884 1
129 5945 1
129 4801 1
129 5952 1
129 3808 1
129 325 1
129 2899 1
129 11616 1
129 915 1
129 3446 1
129 5500 1
129 7317 1
129 8064 1
129 393 1
129 5005 1
129 400 1
129 403 2
129 5013 1
129 2967 1
129 6042 1
129 413 1
129 418 1
129 421 1
129 5981 1
129 4524 1
129 4525 1
129 4526 1
129 6068 1
129 6069 2
129 4534 1
129 6078 1
129 448 1
129 4256 1
129 4547 1
129 9158 1
129 4040 1
129 14072 1
129 8160 1
129 2535 1
129 2536 1
129 4008 1
129 1022 1
1158 1197 0
1158 1158 0
1158 1159 0
1158 1687 0
1158 4259 0
1158 679 0
1158 168 0
1158 5855 0
1158 4331 1
1158 2361 0
1158 1350 0
1158 5994 0
1158 389 1
1158 2956 1
1158 915 0
1158 4524 0
1158 4525 0
1158 4526 0
2695 5413 1
2695 4745 0
2695 3986 0
2695 2336 0
2695 8391 0
2695 19760 0
2695 5981 0
4745 4745 0
4745 1707 1
4745 389 1
5017 4256 0
5017 4259 0
5017 2243 0
5017 8391 0
5017 237 0
5017 238 0
5017 242 0
5017 413 0
5017 418 0
5017 421 0
5017 4547 0
5017 772 0
5017 2712 0
5017 2718 0
5017 2722 0
5017 2724 0
5017 8883 0
5017 4801 0
5017 5005 0
5017 5013 0
5017 2969 0
5017 9158 0
5017 13355 0
5017 7317 0
5017 3225 0
5017 5413 1
5017 3422 0
5017 3533 0
5017 5855 0
5017 5885 0
5017 5994 0
5017 8065 0
5017 3986 0
5017 6068 0
5017 6069 1
5017 6078 0
5017 8160 0
4803 13355 0
4803 15509 0
4803 669 0
4803 4801 0
4803 4803 0
4803 5855 0
4803 15671 0
4803 5994 0
4803 6005 0
4803 3446 0
4803 6042 0
4803 6068 0
4803 4547 0
4803 3530 1
4803 1022 0
7317 287 0
7317 393 0
7317 403 1
7317 2712 0
7317 772 0
7317 2967 0
7317 1022 0
7317 5994 0
7317 1620 0
7317 5952 0
7317 5981 0
7317 6005 0
7317 3986 0
1687 168 0
1687 242 0
1687 6401 0
1687 4822 0
1687 3464 0
1687 2361 0
1687 389 1
1687 4534 0
1687 4547 0
1687 4550 0
1687 2524 0
1687 8883 0
1687 2709 0
1687 3530 1
1687 4801 0
1687 6883 0
1687 4859 0
1687 1022 0
1687 5981 0
1687 1159 0
1687 1197 0
1687 8064 0
1687 5432 0
1687 5434 0
1687 5469 0
1687 3446 0
1687 1687 0
1687 5855 0
1687 1765 0
1687 5994 0
1687 10115 0
1687 6078 0
2712 4256 0
2712 168 0
2712 2243 0
2712 8391 0
2712 242 0
2712 287 0
2712 389 1
2712 413 0
2712 2524 0
2712 2709 0
2712 2712 0
2712 2718 0
2712 2722 0
2712 2724 0
2712 4801 0
2712 13012 0
2712 4822 0
2712 4859 0
2712 772 0
2712 4884 0
2712 6968 0
2712 7010 0
2712 5005 0
2712 915 0
2712 1022 0
2712 3225 0
2712 10439 0
2712 5432 0
2712 4547 0
2712 3446 0
2712 2969 0
2712 3533 0
2712 1620 0
2712 5835 0
2712 5855 0
2712 14072 0
2712 5885 0
2712 5981 0
2712 8064 0
2712 3986 0
2712 6068 0
2712 6069 1
2712 6078 0
2712 8160 0
3225 6069 1
3225 8391 0
3225 3225 0
3225 2718 0
3225 4256 0
3225 2722 0
3225 1197 0
3225 4801 0
3225 2243 0
3225 242 0
3225 6401 0
3225 772 0
3225 290 1
3225 2361 0
3225 5981 0
3225 5005 0
3225 2969 0
3225 413 0
3225 4524 0
3225 4550 0
3225 4551 0
3225 3533 0
3225 2724 0
3225 8160 0
3225 4534 0
669 168 0
669 2249 0
669 16647 0
669 290 1
669 2361 0
669 2458 0
669 2535 0
669 2536 0
669 2709 0
669 669 0
669 2718 0
669 679 0
669 8883 0
669 4859 0
669 4884 0
669 6968 0
669 7010 0
669 2967 0
669 5432 0
669 1620 0
669 5835 0
669 1765 0
669 5885 0
669 5945 0
669 5981 0
669 6078 0
2718 60 0
2718 4256 0
2718 168 0
2718 187 0
2718 2243 0
2718 8391 0
2718 237 0
2718 242 0
2718 16647 0
2718 287 0
2718 2361 0
2718 2458 0
2718 413 0
2718 418 0
2718 4524 0
2718 4525 0
2718 4534 0
2718 4547 0
2718 4550 0
2718 2524 0
2718 496 0
2718 2709 0
2718 2718 0
2718 2722 0
2718 2724 0
2718 679 0
2718 4801 0
2718 719 0
2718 4859 0
2718 772 0
2718 2831 0
2718 6968 0
2718 5005 0
2718 915 0
2718 2969 0
2718 7010 0
2718 1159 0
2718 5432 0
2718 5469 0
2718 3446 0
2718 5500 0
2718 3464 0
2718 3530 1
2718 3533 0
2718 1620 0
2718 19731 0
2718 5835 0
2718 5855 0
2718 14072 0
2718 8064 0
2718 8065 0
2718 3986 0
2718 6042 0
2718 6068 0
2718 6069 1
2718 6078 0
2718 8160 0
4256 4801 0
4256 4259 0
4256 2243 0
4256 8391 0
4256 6380 0
4256 237 0
4256 238 0
4256 242 0
4256 16661 0
4256 393 0
4256 413 0
4256 418 0
4256 421 0
4256 7379 0
4256 2722 0
4256 2724 0
4256 8883 0
4256 13012 0
4256 4822 0
4256 4859 0
4256 772 0
4256 5005 0
4256 5013 0
4256 2967 0
4256 9158 0
4256 1022 0
4256 1159 0
4256 10439 0
4256 2969 0
4256 3533 0
4256 5855 0
4256 5981 0
4256 8065 0
4256 3986 0
4256 6042 0
4256 6068 0
4256 6069 1
4256 8160 0
673 1620 0
673 679 0
673 5835 0
673 5885 0
673 16647 0
673 290 1
673 6968 0
673 7010 0
673 2967 0
673 6078 0
673 2535 0
673 2536 0
2722 60 0
2722 4259 0
2722 168 0
2722 187 0
2722 2243 0
2722 8391 0
2722 237 0
2722 238 0
2722 242 0
2722 393 0
2722 395 1
2722 413 0
2722 418 0
2722 4524 0
2722 4525 0
2722 4547 0
2722 2524 0
2722 2709 0
2722 2722 0
2722 8883 0
2722 4801 0
2722 6883 0
2722 4859 0
2722 772 0
2722 6968 0
2722 5005 0
2722 915 0
2722 5013 0
2722 9158 0
2722 5432 0
2722 5469 0
2722 3446 0
2722 5500 0
2722 2969 0
2722 3533 0
2722 1620 0
2722 5855 0
2722 3808 0
2722 14072 0
2722 5981 0
2722 8064 0
2722 8065 0
2722 3986 0
2722 6042 0
2722 6068 0
2722 6069 1
2722 2724 0
2722 8160 0
4259 5013 0
4259 6380 0
4259 1620 0
4259 15671 0
4259 2724 0
4259 8883 0
4259 5835 0
4259 14072 0
4259 3808 0
4259 237 0
4259 16661 0
4259 5432 0
4259 6968 0
4259 5500 0
4259 8065 0
4259 393 0
4259 395 1
4259 3986 0
4259 238 0
4259 421 0
4259 6068 0
4259 9158 0
4259 5880 0
4259 1022 0
2724 187 0
2724 8391 0
2724 213 0
2724 237 0
2724 238 0
2724 242 0
2724 2361 0
2724 393 0
2724 395 1
2724 413 0
2724 4524 0
2724 433 0
2724 2709 0
2724 2724 0
2724 4801 0
2724 6861 0
2724 772 0
2724 5005 0
2724 915 0
2724 19427 0
2724 1159 0
2724 2243 0
2724 1197 0
2724 15671 0
2724 8160 0
2724 5500 0
2724 2969 0
2724 3533 0
2724 1620 0
2724 287 0
2724 3808 0
2724 14072 0
2724 5981 0
2724 8065 0
2724 3986 0
2724 6068 0
2724 6069 1
4550 4331 1
4550 393 0
4550 4550 0
4550 4551 0
4550 2524 0
4550 2535 0
4550 496 0
4550 705 0
4550 719 0
4550 4822 0
4550 4859 0
4550 5945 0
4550 1159 0
4550 1197 0
4550 5432 0
4550 5434 0
4550 2967 0
4550 1620 0
4550 5835 0
4550 5855 0
4550 1765 0
4550 2361 0
4550 8064 0
4550 3986 0
4550 6068 0
4550 6069 1
15527 389 1
15527 3986 0
15527 290 1
15527 8160 0
15527 242 0
168 168 0
168 187 0
168 287 0
168 393 0
168 4534 0
168 4547 0
168 2709 0
168 679 0
168 9158 0
168 1022 0
168 1197 0
168 5469 0
168 3446 0
168 3464 0
168 389 1
168 1620 0
168 14072 0
168 5885 0
168 5981 0
168 6068 0
10439 395 1
10439 403 1
10439 16661 0
10439 9027 0
10439 9158 0
1197 1620 0
1197 1159 0
1197 4551 0
1197 1197 0
1197 705 0
1197 4822 0
1197 5855 0
1197 16647 0
1197 1765 0
1197 4859 0
1197 772 0
1197 5432 0
1197 2361 0
1197 389 1
1197 496 0
8883 6069 1
8883 1620 0
8883 1159 0
8883 9158 0
8883 8883 0
8883 6380 0
8883 237 0
8883 6401 0
8883 13355 0
8883 15671 0
8883 7379 0
8883 3986 0
8883 5013 0
8883 421 0
187 1159 0
187 187 0
187 3835 0
187 6399 0
187 2336 0
187 5413 1
187 5432 0
187 325 0
187 8065 0
187 3986 0
187 2458 0
187 1620 0
2239 389 1
2239 915 0
2239 2249 0
2239 719 0
705 5981 0
705 7010 0
705 2709 0
705 705 0
705 5828 0
705 5835 0
705 4822 0
705 5855 0
705 5885 0
705 287 0
705 290 1
705 5432 0
705 9027 0
705 6968 0
705 5469 0
705 6005 0
705 395 1
705 325 0
705 11676 0
705 4551 0
705 496 0
2243 1620 0
2243 8391 0
2243 3533 0
2243 16661 0
2243 4801 0
2243 2243 0
2243 719 0
2243 6861 0
2243 242 0
2243 772 0
2243 2831 0
2243 5005 0
2243 915 0
2243 2969 0
2243 413 0
2243 6069 1
2243 4040 0
2243 8160 0
2243 19427 0
5828 1159 0
5828 672 0
5828 8391 0
5828 5828 0
5828 5835 0
5828 719 0
5828 4859 0
5828 290 1
5828 5432 0
5828 6968 0
5828 5981 0
5828 403 1
8391 5469 0
8391 6069 1
8391 4801 0
8391 8391 0
8391 5835 0
8391 4822 0
8391 6883 0
8391 238 0
8391 242 0
8391 5880 0
8391 13355 0
8391 772 0
8391 2831 0
8391 2361 0
8391 5952 0
8391 2967 0
8391 5005 0
8391 3986 0
8391 915 0
8391 2969 0
8391 413 0
8391 4534 0
8391 6078 0
8391 3533 0
8391 14072 0
8391 2524 0
8391 8160 0
2249 1620 0
2249 2249 0
2249 4884 0
2249 3446 0
2249 3986 0
5835 5981 0
5835 60 0
5835 14072 0
5835 1620 0
5835 2709 0
5835 672 0
5835 6005 0
5835 5835 0
5835 719 0
5835 237 0
5835 238 0
5835 7379 0
5835 5885 0
5835 290 1
5835 6968 0
5835 325 0
5835 1350 0
5835 5469 0
5835 7010 0
5835 5994 0
5835 5500 0
5835 393 0
5835 403 1
5835 413 0
5835 4547 0
5835 1022 0
6861 2956 1
6861 5981 0
719 4524 0
719 5469 0
719 6068 0
719 6069 1
719 1620 0
719 2709 0
719 719 0
719 7379 0
719 6380 0
719 5885 0
719 8064 0
719 287 0
719 290 1
719 6968 0
719 3986 0
719 2967 0
719 11676 0
719 4551 0
719 1022 0
7379 16647 0
7379 6068 0
7379 6069 1
7379 1620 0
7379 1159 0
7379 7379 0
7379 3835 0
7379 19731 0
7379 287 0
7379 5413 1
7379 9027 0
7379 3986 0
7379 403 1
7379 6042 0
7379 4524 0
7379 4525 0
7379 433 0
7379 9158 0
7379 4040 0
13012 242 0
13012 14072 0
13012 5981 0
13012 393 0
13012 403 1
13012 413 0
13012 418 0
13012 6068 0
13012 6069 1
13012 8160 0
213 2709 0
213 213 0
213 5880 0
213 6401 0
213 9027 0
213 915 0
213 5981 0
213 3986 0
213 403 1
213 6068 0
4822 5855 0
4822 1159 0
4822 4822 0
4822 6401 0
4822 290 1
4822 5432 0
4822 5434 0
4822 5994 0
4822 3446 0
4822 2956 1
4822 3986 0
4822 4524 0
4822 2524 0
5855 152 1
5855 237 0
5855 242 0
5855 2361 0
5855 389 1
5855 2458 0
5855 413 0
5855 4524 0
5855 4534 0
5855 11676 0
5855 4547 0
5855 4551 0
5855 2524 0
5855 496 0
5855 2709 0
5855 14072 0
5855 6883 0
5855 4859 0
5855 2831 0
5855 5081 0
5855 1022 0
5855 13355 0
5855 10115 0
5855 5432 0
5855 5434 0
5855 1350 0
5855 5469 0
5855 3446 0
5855 1620 0
5855 5855 0
5855 1765 0
5855 5880 0
5855 5952 0
5855 5981 0
5855 5994 0
5855 6005 0
5855 8065 0
5855 6068 0
5855 6078 0
5855 8160 0
3808 3813 0
3808 3835 0
3808 287 0
3808 5500 0
3808 395 1
3808 237 0
3808 238 0
3808 6042 0
3808 14072 0
6883 2709 0
6883 6883 0
6883 4859 0
6883 6401 0
6883 290 1
6883 1350 0
6883 5981 0
6883 5994 0
6883 6005 0
6883 3446 0
6883 389 1
6883 413 0
6883 6068 0
3813 389 1
3813 6380 0
3813 400 0
3813 6042 0
3813 19760 0
3813 6069 1
3813 448 0
3813 3835 0
4331 1159 1
4331 4551 1
4331 242 1
4331 4331 2
6380 14072 0
6380 3422 0
6380 6068 0
6380 1620 0
6380 1159 0
6380 2709 0
6380 242 0
6380 5880 0
6380 5885 0
6380 9027 0
6380 403 1
6380 6069 1
6380 6078 0
6380 448 0
6380 9158 0
6380 8160 0
6380 2535 0
5357 4352 1
5357 679 0
5357 403 1
238 14072 0
238 237 0
238 4859 0
238 6968 0
238 3986 0
238 5500 0
238 8065 0
238 393 0
238 395 1
238 2458 0
238 421 0
238 9158 0
238 19427 0
238 1013 0
242 6068 0
242 6069 1
242 2458 0
242 4801 0
242 1765 0
242 5885 0
242 772 0
242 287 0
242 5432 0
242 3422 0
242 5005 0
242 3986 0
242 5469 0
242 2969 0
242 413 0
242 4534 0
242 6078 0
242 3533 0
242 8160 0
242 2535 0
14072 13355 0
14072 1620 0
14072 237 0
14072 5880 0
14072 4859 0
14072 5885 0
14072 287 0
14072 5432 0
14072 5500 0
14072 8065 0
14072 395 1
14072 915 0
14072 2458 0
14072 3986 0
14072 6069 1
4859 60 0
4859 237 0
4859 2361 0
4859 389 1
4859 413 0
4859 4534 0
4859 4547 0
4859 2524 0
4859 4524 0
4859 2709 0
4859 672 0
4859 4859 0
4859 2898 1
4859 9158 0
4859 1022 0
4859 5432 0
4859 5434 0
4859 3422 0
4859 3446 0
4859 5981 0
4859 3986 0
4859 8160 0
5885 60 0
5885 6401 0
5885 287 0
5885 389 1
5885 403 1
5885 448 0
5885 2524 0
5885 2709 0
5885 672 0
5885 6968 0
5885 7010 0
5885 9158 0
5885 5469 0
5885 3464 0
5885 2969 0
5885 5885 0
5885 5981 0
5885 5994 0
5885 3986 0
5885 4008 0
5885 6068 0
5885 6069 1
5885 8160 0
6399 5413 1
6399 6069 1
6399 2361 0
4352 4352 2
4352 16647 1
4352 4524 1
4352 403 2
4352 679 1
4352 4525 1
4352 4526 1
4352 5081 1
6401 6068 0
6401 2709 0
6401 679 0
6401 1765 0
6401 6401 0
6401 290 1
6401 3986 0
6401 389 1
6401 5013 0
6401 4551 0
13355 287 0
13355 389 1
13355 393 0
13355 403 1
13355 2458 0
13355 5005 0
13355 1022 0
13355 15509 0
13355 4547 0
13355 2969 0
13355 4008 0
13355 1765 0
13355 6042 0
13355 325 0
13355 6068 0
13355 6069 1
13355 8160 0
772 6068 0
772 6069 1
772 4801 0
772 772 0
772 2361 0
772 5981 0
772 5005 0
772 2969 0
772 413 0
772 4534 0
772 3533 0
772 8160 0
16647 1620 0
16647 672 0
16647 679 0
16647 16647 0
16647 5981 0
16647 6042 0
16647 6078 0
16647 496 0
2831 1620 0
2831 2831 0
2831 287 0
2831 5981 0
2831 3446 0
2831 3464 0
2831 2956 1
2831 3986 0
2831 5469 0
2831 2967 0
2831 9158 0
19731 9158 0
19731 403 1
19731 6069 1
19731 5500 0
4884 2969 0
4884 4534 0
4884 5981 0
16661 393 0
16661 398 0
16661 400 0
16661 3986 0
16661 403 1
16661 5013 0
16661 413 0
16661 418 0
16661 421 0
16661 6069 1
16661 448 0
16661 6042 0
16661 9158 0
16661 5981 0
16661 1022 0
287 287 0
287 421 0
287 448 0
287 1159 0
287 1620 0
287 413 0
287 2956 1
287 3422 0
287 3446 0
287 3464 0
287 3835 0
287 5413 1
287 5994 0
287 6078 0
2336 5413 1
2336 19760 0
2336 6069 1
290 11616 1
290 1620 1
290 15509 1
290 672 1
290 290 2
290 19760 1
290 6968 1
290 5432 1
290 5952 1
290 325 1
290 1350 1
290 5469 1
290 5994 1
290 6005 1
290 3464 1
290 11676 1
290 4534 1
5413 5880 1
5413 5413 2
5413 19760 1
5413 3422 1
5413 7010 1
5413 10115 1
5413 2458 1
5413 4008 1
5413 6078 1
5413 2535 1
1159 9158 0
1159 1159 0
1159 11616 0
1159 5994 0
1159 6005 0
1159 389 1
1159 393 0
1159 2956 1
1159 403 1
1159 5013 0
1159 2458 0
1159 6042 0
1159 418 0
1159 4524 0
1159 4525 0
1159 4526 0
1159 6069 1
1159 4534 0
1159 448 0
1159 4551 0
1159 5880 0
1159 421 0
1159 4008 0
19760 3986 0
19760 6069 1
15671 60 0
15671 15671 0
15671 237 0
15671 5981 0
15671 5013 0
15671 393 0
15671 395 1
15671 403 1
15671 4547 0
15671 8160 0
15671 1022 0
6968 60 0
6968 672 0
6968 237 0
6968 6968 0
6968 5981 0
6968 393 0
6968 403 1
6968 4547 0
6968 1022 0
2361 5469 0
2361 1620 0
2361 4547 0
2361 672 0
2361 6005 0
2361 4801 0
2361 2361 0
2361 1350 0
2361 2898 1
2361 5994 0
2361 3446 0
2361 8064 0
2361 398 0
2361 4524 0
2361 4551 0
2361 3530 1
2361 1022 0
4801 60 0
4801 6069 1
4801 4801 0
4801 5994 0
4801 8065 0
4801 5005 0
4801 3986 0
4801 915 0
4801 2969 0
4801 413 0
4801 3533 0
4801 8160 0
20796 2709 1
20796 5434 1
20796 20796 2
5952 1620 0
5952 3446 0
5952 8064 0
5952 5005 0
9027 2709 0
9027 1765 0
9027 5880 0
9027 915 0
9027 5981 0
9027 3986 0
9027 403 1
325 1765 0
325 325 0
325 5469 0
325 3986 0
325 4524 0
325 4534 0
1350 5994 0
1350 1350 0
1350 5981 0
1350 6005 0
1350 3446 0
1350 389 1
1350 3464 0
5432 60 0
5432 389 1
5432 395 1
5432 4534 0
5432 4547 0
5432 2524 0
5432 2709 0
5432 4551 0
5432 2967 0
5432 5432 0
5432 5434 0
5432 5469 0
5432 1620 0
5432 5945 0
5432 5981 0
5432 6005 0
5432 6078 0
2898 2898 2
2898 2899 1
2899 2899 0
2899 5469 0
5945 3986 0
5945 4524 0
5945 6069 1
5945 4534 0
5945 5945 0
5945 1765 0
1707 1707 2
5434 5994 0
5434 6005 0
5434 395 1
5434 4551 0
3422 9158 0
3422 11616 0
3422 4008 0
3422 6068 0
3422 6069 1
3422 6078 0
3422 8160 0
3422 1022 0
1765 152 1
1765 389 1
1765 400 0
1765 4534 0
1765 4551 0
1765 19906 1
1765 9158 0
1765 5469 0
1765 11616 0
1765 1620 0
1765 1765 0
1765 6005 0
1765 3986 0
1765 6069 1
11616 2458 0
11616 6069 1
7010 60 0
7010 672 0
7010 5981 0
7010 7010 0
7010 5994 0
7010 6069 1
7010 9158 0
60 60 0
60 3530 1
5994 4547 0
5994 2524 0
5994 496 0
5994 915 0
5994 1022 0
5994 3446 0
5994 3530 1
5994 5994 0
5994 6005 0
5994 8065 0
2535 6068 0
2535 2709 0
2535 672 0
2535 5469 0
2535 395 1
2535 5013 0
2535 6042 0
2535 4008 0
2535 433 0
2535 6069 1
2535 8160 0
2535 2535 0
2535 2536 0
403 398 1
403 3986 1
403 403 2
403 5081 1
403 8065 1
403 679 1
403 4040 1
403 1620 1
403 1013 1
403 915 1
403 496 1
403 3446 1
403 3835 1
6005 5981 0
6005 6005 0
6005 3446 0
6005 4525 0
6005 6068 0
6005 3530 1
6005 2524 0
3446 2524 0
3446 5081 0
3446 5469 0
3446 3446 0
3446 389 1
3446 5880 0
3446 5981 0
3446 6068 0
5500 237 0
5500 395 1
5500 5013 0
5500 6042 0
5500 413 0
5500 421 0
5500 3533 0
5500 1620 0
15509 5005 0
15509 389 1
15509 398 0
15509 6068 0
8064 1620 0
8064 2709 0
8064 5880 0
8064 5981 0
8064 8064 0
8064 389 1
8064 3986 0
8064 915 0
8064 6068 0
8064 4534 0
8064 4551 0
8064 2524 0
8065 393 0
8065 413 0
8065 418 0
8065 4547 0
8065 5880 0
8065 2524 0
8065 2709 0
8065 679 0
8065 5013 0
8065 9158 0
8065 1022 0
8065 8065 0
8065 6042 0
8065 4008 0
8065 6068 0
8065 6069 1
8065 8160 0
10115 389 1
10115 2458 0
389 389 2
389 2969 1
389 2458 1
389 6068 1
389 6078 1
389 4547 1
389 2524 1
3464 3464 0
393 4534 0
393 1620 0
393 6042 0
393 237 0
393 3835 0
393 5981 0
393 5013 0
393 398 0
393 400 0
393 3986 0
393 421 0
393 4524 0
393 433 0
393 6069 1
393 4551 0
393 1022 0
395 400 1
395 3986 1
395 433 1
395 1013 1
395 2536 1
395 237 1
395 6069 2
395 1022 1
2956 2956 2
2956 2967 1
2956 19427 1
5005 6069 1
5005 2709 0
5005 11676 0
5005 237 0
5005 5005 0
5005 2969 0
5005 413 0
5005 9158 0
5005 3533 0
5005 8160 0
398 3986 0
398 5981 0
398 6069 1
398 1620 0
237 1620 0
237 237 0
237 3835 0
237 3986 0
237 5013 0
237 421 0
237 9158 0
237 1013 0
400 6069 1
400 2536 0
152 152 2
152 3533 1
3986 413 0
3986 418 0
3986 421 0
3986 433 0
3986 9158 0
3986 1022 0
3986 1620 0
3986 2709 0
3986 2967 0
3986 2969 0
3986 3986 0
3986 4008 0
3986 4525 0
3986 4534 0
3986 4547 0
3986 4551 0
3986 5013 0
3986 5469 0
3986 5880 0
3986 5981 0
3986 6042 0
3986 6068 0
3986 6069 1
3986 8160 0
915 6068 0
915 4547 0
915 2709 0
915 5981 0
915 915 0
915 4524 0
915 4525 0
915 4526 0
915 4534 0
5013 1620 0
5013 2709 0
5013 6042 0
5013 413 0
5013 421 0
5013 433 0
5013 6068 0
5013 6069 1
5013 9158 0
5013 5880 0
5013 1013 0
5013 1022 0
5469 4524 0
5469 4525 0
5469 4526 0
5469 4534 0
5469 2524 0
5469 2967 0
5469 1022 0
5469 5981 0
5469 5469 0
5469 1620 0
2967 672 0
2967 2967 0
2967 4534 0
2967 4551 0
2969 413 0
2969 3533 0
2969 8160 0
2969 6069 1
6042 3835 0
6042 413 0
6042 418 0
6042 421 0
6042 6069 1
6042 448 0
6042 5880 0
6042 1620 0
6042 1022 0
2458 1620 0
2458 4547 0
2458 2709 0
2458 672 0
2458 5981 0
2458 2458 0
2458 5880 0
418 6069 1
418 1620 0
418 413 0
418 421 0
418 448 0
418 4551 0
421 1620 0
421 3835 0
421 5981 0
421 413 0
421 433 0
421 6069 1
421 448 0
421 9158 0
421 1022 0
5981 413 0
5981 448 0
5981 1620 0
5981 2524 0
5981 2536 0
5981 2709 0
5981 5981 0
5981 6068 0
5981 6069 1
5981 6078 0
4008 4008 0
4008 1620 0
4524 4524 0
4524 4525 0
4524 4526 0
4524 496 0
4524 1022 0
4524 1620 0
4525 4526 0
413 1620 0
413 2709 0
413 3835 0
413 433 0
413 6069 1
413 448 0
413 3533 0
413 8160 0
433 433 0
433 6069 1
6068 2524 0
6068 4547 0
6068 2709 0
6068 4551 0
6068 1022 0
6068 5880 0
6068 6068 0
6069 9158 1
6069 3835 1
6069 6069 2
6069 448 1
6069 4551 1
6069 3533 1
6069 8160 1
6069 496 1
6069 1022 1
4534 496 0
4534 4534 0
4534 1620 0
4534 4040 0
6078 448 0
6078 2524 0
6078 2709 0
6078 672 0
6078 6078 0
448 3835 0
672 1620 0
672 672 0
672 679 0
672 2536 0
19906 19427 1
19906 2524 1
4547 1620 0
4547 2709 0
4547 4547 0
9158 1022 0
4551 2524 0
4551 496 0
4551 4551 0
4551 1620 0
4040 4040 0
3533 3533 0
3533 8160 0
2709 2536 0
2709 2709 0
2709 1620 0
2709 5880 0
5880 1620 0
5880 5880 0
5880 1022 0
5081 5081 0
2524 2524 0
2524 496 0
8160 1620 0
8160 8160 0
2536 2536 0
2536 1022 0
679 1620 0
679 679 0
496 496 0
1620 1620 0
1022 1022 0
