7740 13355 0
7740 861 0
7740 561 0
7740 7740 0
7740 2133 1
7740 1653 0
7740 1160 0
7740 1687 0
7740 9162 0
7740 1221 0
7740 8391 0
7740 5855 0
7740 5365 0
7740 5373 0
7740 6977 0
7740 4957 0
7740 13174 0
7740 3446 0
7740 4477 0
7740 5981 0
7740 9158 0
7740 6111 1
2134 5432 1
2134 869 1
2134 4550 1
2134 3143 1
2134 4551 1
2134 11020 1
2134 1169 1
2134 1687 1
2134 2520 1
2134 4443 1
2134 1765 1
6 2831 1
6 287 0
6 1718 0
6 6131 1
6 13174 0
4859 4256 0
4859 8409 0
4859 237 0
4859 7209 0
4859 4371 0
4859 301 0
4859 8503 0
4859 16444 0
4859 2418 0
4859 4477 0
4859 4534 0
4859 4546 0
4859 2500 0
4859 2501 0
4859 4550 0
4859 2524 0
4859 6907 0
4859 502 0
4859 4524 0
4859 561 0
4859 4681 0
4859 8797 0
4859 2708 0
4859 2709 0
4859 669 0
4859 2718 0
4859 672 0
4859 2722 0
4859 4859 0
4859 841 0
4859 869 0
4859 4966 0
4859 7077 0
4859 5052 0
4859 9158 0
4859 5072 0
4859 3043 0
4859 11283 0
4859 3143 0
4859 15456 0
4859 1160 0
4859 1169 0
4859 4297 1
4859 1221 0
4859 1223 0
4859 892 0
4859 3345 0
4859 3354 0
4859 5432 0
4859 5477 0
4859 3446 0
4859 3467 0
4859 3469 0
4859 5521 0
4859 5523 1
4859 7699 0
4859 5759 0
4859 3729 0
4859 1687 0
4859 18085 1
4859 3782 0
4859 1741 0
4859 5855 0
4859 1779 0
4859 3870 0
4859 3884 0
4859 3885 0
4859 3886 0
4859 5978 0
4859 5981 0
4859 3986 0
4859 1957 0
4859 16354 0
3244 11084 1
3244 3986 1
3244 2937 1
3244 8477 1
6666 6666 0
6666 6160 0
6666 13355 0
6666 7077 0
6666 1620 0
6666 7698 0
6666 15996 0
6666 1158 0
6666 1160 0
6666 8849 0
6666 16410 0
6666 4550 0
6666 4551 0
6666 4780 0
6666 3768 1
6666 8391 0
6666 9162 0
6666 7380 0
6666 4825 0
6666 4828 0
6666 1779 0
6666 5365 0
6666 8409 0
6666 2338 0
6666 8503 0
6666 6111 1
6666 6977 0
6666 3467 0
6666 1687 0
6666 11283 0
6666 4534 0
6666 4535 0
6666 2500 0
6666 2501 0
6666 4555 0
6666 8185 0
6666 16354 0
6666 5117 0
11787 11294 0
11787 3721 0
11787 6827 0
11787 12984 0
11787 18293 0
11787 3149 0
11787 18298 0
11787 18299 0
11787 2956 0
11787 17332 0
11787 971 1
11787 2520 0
11787 6123 1
11788 11294 0
11788 3721 0
11788 12984 0
11788 18293 0
11788 18299 0
11788 5372 0
11788 18298 0
11788 18300 0
11788 2956 0
11788 5053 1
11788 971 1
11788 6123 1
5759 5981 0
5759 1075 1
5759 3143 0
5759 5759 0
5759 5764 0
5759 6283 1
5759 669 0
5759 1223 0
5759 4822 0
5759 3353 0
5759 3354 0
5759 287 0
5759 3886 0
5759 5440 0
5759 5978 0
5759 5469 0
5759 316 1
5759 1943 0
5759 18332 0
5759 4524 0
5759 2999 0
5759 5052 0
5759 3008 0
5759 7109 0
5759 6614 0
14253 7077 0
14253 2831 1
14253 2833 1
14253 2500 0
6160 20 0
6160 6160 0
6160 4256 0
6160 4301 0
6160 8409 0
6160 287 0
6160 2338 0
6160 338 0
6160 8553 0
6160 4536 0
6160 4538 0
6160 4546 0
6160 4555 0
6160 6739 0
6160 2709 0
6160 2718 0
6160 2722 0
6160 729 0
6160 6915 0
6160 2831 1
6160 871 0
6160 2967 1
6160 2989 0
6160 5052 0
6160 3008 0
6160 1221 0
6160 5469 0
6160 1600 0
6160 1620 0
6160 1653 0
6160 3729 0
6160 7836 0
6160 5978 0
6160 5981 0
6160 3986 0
6160 1943 0
6160 1957 0
6160 6112 1
6160 4092 0
7698 7698 0
7698 4687 0
7698 7699 0
7698 1158 0
7698 1160 0
7698 2708 0
7698 1687 0
7698 7836 0
7698 7109 0
7698 4256 0
7698 18085 1
7698 3768 1
7698 1221 0
7698 1741 0
7698 5329 0
7698 723 0
7698 1742 0
7698 4825 0
7698 4828 0
7698 5855 0
7698 1765 0
7698 5365 0
7698 5372 0
7698 301 0
7698 4371 0
7698 5422 0
7698 3354 0
7698 2338 0
7698 3884 0
7698 2861 0
7698 3886 0
7698 5432 0
7698 3353 0
7698 870 0
7698 9077 0
7698 2935 0
7698 892 0
7698 7058 0
7698 7077 0
7698 2500 0
7698 2501 0
7698 9158 0
7698 5072 0
7698 6904 0
7698 16354 0
7698 3043 0
7698 8185 0
7698 5117 0
11283 5523 1
11283 11283 0
11283 301 0
11283 5422 0
11283 3768 1
11283 1479 0
11283 1741 0
11283 6614 0
11283 4443 0
11283 5855 0
11283 16354 0
11283 5365 0
11283 3446 0
20 20 0
20 8391 0
20 4300 0
20 4301 0
20 4339 0
20 287 0
20 2338 0
20 2340 0
20 8553 0
20 4536 0
20 4546 0
20 561 0
20 4694 0
20 2708 0
20 2718 0
20 719 0
20 4818 0
20 4822 0
20 729 0
20 6907 0
20 861 0
20 865 0
20 869 0
20 871 0
20 2937 0
20 892 0
20 3035 0
20 3036 0
20 3043 0
20 7209 0
20 3178 0
20 5247 0
20 1158 0
20 1170 0
20 1171 0
20 1259 0
20 3308 1
20 5432 0
20 5469 0
20 3446 0
20 1620 0
20 1687 0
20 7860 0
20 1718 0
20 3768 1
20 3782 0
20 1741 0
20 5855 0
20 1765 0
20 5885 0
20 3886 0
20 5981 0
20 3986 0
20 1957 0
20 6062 0
20 8112 0
6062 16444 0
6062 1620 0
6062 5258 0
6062 1170 0
6062 4550 0
6062 4780 0
6062 1718 0
6062 4300 0
6062 729 0
6062 6364 0
6062 4339 0
6062 6907 0
6062 2338 0
6062 3036 0
6062 316 1
6062 6977 0
6062 7573 0
6062 2967 1
6062 8623 0
6062 1779 0
6062 4544 0
6062 3043 0
17943 5254 0
17943 17943 0
17943 2967 1
17943 3352 0
17943 669 0
17943 561 0
17943 4297 1
17943 5407 0
17943 1223 0
17943 1741 0
17943 1620 0
17943 5521 0
17943 1653 0
8849 6614 0
8849 8849 0
8849 561 0
8849 3768 1
8849 1221 0
8849 1479 0
8849 4297 1
8849 9162 0
8849 4822 0
8849 8185 0
16410 1170 0
16410 5523 1
16410 1687 0
16410 2338 0
16410 19628 0
16410 301 0
16410 4300 0
16410 4443 0
16410 6111 1
16410 16354 0
16410 5365 0
16410 869 0
16410 4966 0
16410 1653 0
1563 1862 1
1563 11687 1
1563 7284 0
4124 16258 0
4124 3459 0
4124 1160 0
4124 7077 0
4124 2861 0
4124 1075 1
4124 3768 1
4124 5365 0
4124 2500 0
4124 5371 0
4124 1653 0
4124 3446 0
4124 1915 0
4818 7209 0
4818 15919 0
4818 1620 0
4818 2831 1
4818 5247 0
4818 1718 0
4818 1210 0
4818 8391 0
4818 4300 0
4818 719 0
4818 4818 0
4818 4339 0
4818 6907 0
4818 287 0
4818 2338 0
4818 5469 0
4818 3986 0
4818 2967 1
4818 8623 0
4818 1779 0
11294 2131 0
11294 2132 0
11294 3469 0
11294 4579 0
11294 12984 0
11294 2956 0
11294 17332 0
11294 971 1
11294 11294 0
11294 3149 0
11294 3178 0
11294 5372 0
11294 7284 0
11294 3721 0
11294 1742 0
11294 20248 1
11294 19427 0
11294 18293 0
11294 18298 0
11294 18299 0
11294 18300 0
11294 2520 0
11294 18346 0
11294 6123 1
11294 6131 1
13061 4256 0
13061 8477 0
13061 4828 0
13061 8503 0
13061 8623 0
13061 4534 0
13061 2501 0
13061 6711 0
13061 2708 0
13061 2709 0
13061 2722 0
13061 2833 1
13061 4966 0
13061 4969 0
13061 4972 0
13061 2937 0
13061 5004 0
13061 3008 0
13061 7207 0
13061 13061 0
13061 7227 0
13061 1259 0
13061 3345 0
13061 5469 0
13061 5521 0
13061 1612 1
13061 18003 1
13061 1653 0
13061 5855 0
13061 1765 0
13061 5981 0
13061 8112 0
13061 8185 0
2831 2989 1
2831 7209 1
2831 15919 1
2831 6711 1
2831 16310 1
2831 4681 1
2831 1620 1
2831 4694 1
2831 4704 1
2831 6779 1
2831 5247 1
2831 129 1
2831 5774 1
2831 16016 1
2831 1170 1
2831 1171 1
2831 2718 1
2831 1718 1
2831 18105 1
2831 1210 1
2831 8391 1
2831 4300 1
2831 1741 1
2831 4301 1
2831 2837 1
2831 729 1
2831 5855 1
2831 14546 1
2831 8437 1
2831 6907 1
2831 6915 1
2831 2831 2
2831 287 1
2831 2340 1
2831 2341 1
2831 11062 1
2831 338 1
2831 5981 1
2831 4972 1
2831 3446 1
2831 2956 1
2831 3986 1
2831 5523 2
2831 5469 1
2831 2967 2
2831 18332 1
2831 17309 1
2831 7071 1
2831 4536 1
2831 3008 1
2831 9158 1
2831 3035 1
2831 3036 1
2831 8698 1
13345 287 0
13345 5029 0
13345 5053 1
13345 6112 1
13345 3561 0
13345 8467 0
14884 2709 1
14884 1822 1
14884 287 1
14884 4664 1
14884 5733 1
14884 6120 1
14884 8438 1
14884 16661 1
21029 17323 1
21029 5981 1
21029 15293 1
1062 5440 1
1062 2837 1
1062 1943 1
1062 5764 1
1062 3363 1
1062 1062 2
1062 807 1
1062 687 1
1062 561 1
1062 2999 1
1062 3008 1
1062 13891 1
1062 11084 1
1062 5965 1
1062 1365 1
1062 4182 1
1062 5981 1
1062 1653 1
1062 4181 1
7207 5523 1
7207 3382 0
7207 2491 1
7207 5469 0
7207 4704 0
7207 1171 0
7207 1653 0
3112 1687 0
3112 3112 0
3112 3768 1
3112 4813 1
3112 4443 0
3112 5371 0
3112 1779 0
3112 6904 0
3112 892 0
7209 6915 0
7209 2967 1
7209 287 0
7209 3035 0
7209 4681 0
7209 3884 0
7209 2989 0
7209 3886 0
7209 7071 0
7209 4704 0
7209 1620 0
7209 3036 0
7209 6364 0
7209 1653 0
7209 5885 0
13355 6283 1
13355 2418 0
13355 8391 0
13355 8409 0
13355 8467 0
13355 287 0
13355 4828 0
13355 2501 0
13355 6613 0
13355 2708 0
13355 687 0
13355 4825 0
13355 2833 1
13355 4966 0
13355 4969 0
13355 4971 0
13355 9077 0
13355 5004 0
13355 9162 0
13355 7227 0
13355 1221 0
13355 1223 0
13355 5329 0
13355 7380 0
13355 5365 0
13355 1479 0
13355 3561 0
13355 17332 0
13355 18003 1
13355 1653 0
13355 15996 0
13355 8477 0
13355 5855 0
13355 1765 0
13355 1943 0
13355 8112 0
13355 6111 1
3036 6915 0
3036 561 0
3036 4681 0
3036 1620 0
3036 4694 0
3036 4704 0
3036 5247 0
3036 669 0
3036 2722 0
3036 19628 0
3036 1718 0
3036 18105 0
3036 4300 0
3036 6364 0
3036 4339 0
3036 6907 0
3036 5885 0
3036 8409 0
3036 2338 0
3036 2340 0
3036 3036 0
3036 3886 0
3036 5469 0
3036 871 0
3036 2418 0
3036 4477 0
3036 5521 0
3036 5523 1
3036 5525 0
3036 5526 0
3036 2967 1
3036 2989 0
3036 1779 0
3036 2718 0
3036 4550 0
3036 4551 0
3036 6614 0
5469 129 0
5469 8391 0
5469 4300 0
5469 4339 0
5469 2340 0
5469 301 0
5469 338 0
5469 8553 0
5469 2418 0
5469 5523 1
5469 4477 0
5469 4524 0
5469 4525 0
5469 4526 0
5469 8623 0
5469 4534 0
5469 4536 0
5469 4537 0
5469 4539 0
5469 4540 0
5469 4546 0
5469 2524 0
5469 549 0
5469 4681 0
5469 2338 0
5469 4694 0
5469 4695 0
5469 4704 0
5469 6779 0
5469 2718 0
5469 2721 0
5469 2722 0
5469 719 0
5469 729 0
5469 807 0
5469 861 0
5469 865 0
5469 869 0
5469 871 0
5469 4971 0
5469 2967 1
5469 7077 0
5469 5052 0
5469 5072 0
5469 5981 0
5469 5247 0
5469 1160 0
5469 1170 0
5469 19628 0
5469 1210 0
5469 1221 0
5469 1259 0
5469 5372 0
5469 5432 0
5469 5469 0
5469 5477 0
5469 3446 0
5469 5521 0
5469 5525 0
5469 5526 0
5469 8437 0
5469 15919 0
5469 1612 1
5469 1620 0
5469 1687 0
5469 7860 0
5469 1718 0
5469 1741 0
5469 1742 0
5469 5855 0
5469 1765 0
5469 5885 0
5469 5903 0
5469 3886 0
5469 5978 0
5469 5779 0
5469 3986 0
5469 1943 0
5469 6131 1
561 2132 0
561 8391 0
561 4300 0
561 16444 0
561 301 0
561 8503 0
561 4443 0
561 2418 0
561 4477 0
561 2500 0
561 2501 0
561 4550 0
561 4551 0
561 6613 0
561 2524 0
561 6645 0
561 561 0
561 2718 0
561 4822 0
561 4825 0
561 4828 0
561 6904 0
561 4957 0
561 869 0
561 871 0
561 892 0
561 6977 0
561 9158 0
561 9162 0
561 3035 0
561 7134 0
561 3043 0
561 861 0
561 865 0
561 1158 0
561 1160 0
561 19628 0
561 1221 0
561 7380 0
561 1249 0
561 1250 0
561 1259 0
561 5365 0
561 5372 0
561 3353 0
561 3354 0
561 5432 0
561 1365 0
561 5521 0
561 5523 1
561 5525 0
561 1479 0
561 18003 1
561 15996 0
561 3729 0
561 1687 0
561 18105 0
561 1741 0
561 5855 0
561 1779 0
561 3884 0
561 5981 0
561 1894 0
561 8112 0
1075 13891 1
1075 1765 1
1075 6283 2
1075 4286 1
1894 1620 0
1894 9158 0
1894 1158 0
1894 1160 0
1894 3729 0
1894 1687 0
1894 687 0
1894 1210 0
1894 1741 0
1894 723 0
1894 2774 0
1894 5855 0
1894 21148 0
1894 5885 0
1894 3354 0
1894 287 0
1894 301 0
1894 5432 0
1894 3353 0
1894 5981 0
1894 5477 0
1894 1894 0
1894 1259 0
1894 5523 1
1894 3008 0
1894 4550 0
1894 2524 0
1894 16354 0
1894 6131 1
1894 5117 0
8246 2833 1
8246 5407 0
8246 3353 0
8246 287 0
8246 8246 0
8246 2491 1
8246 316 1
8246 3408 0
8246 3729 0
8246 16661 0
6711 2833 1
6711 4780 0
6711 1718 0
6711 6711 0
4664 4664 0
4664 4681 0
4664 1653 0
4664 1171 0
4664 2709 0
4664 669 0
4664 2718 0
4664 2722 0
4664 1221 0
4664 1223 0
4664 4300 0
4664 1741 0
4664 719 0
4664 729 0
4664 5855 0
4664 4301 0
4664 6779 0
4664 1259 0
4664 237 0
4664 301 0
4664 1862 1
4664 5965 0
4664 5981 0
4664 7227 0
4664 13174 0
4664 5004 0
4664 2462 0
4664 5052 0
4664 4546 0
4664 2524 0
4664 5029 0
7077 5981 0
7077 20067 0
7077 2130 0
7077 2131 0
7077 2132 0
7077 15456 0
7077 7699 0
7077 15996 0
7077 1160 0
7077 3729 0
7077 2708 0
7077 1687 0
7077 7836 0
7077 3870 0
7077 1221 0
7077 4300 0
7077 1741 0
7077 723 0
7077 4822 0
7077 4825 0
7077 4828 0
7077 1249 0
7077 1765 0
7077 1779 0
7077 5365 0
7077 3043 0
7077 4371 0
7077 5422 0
7077 3884 0
7077 301 0
7077 3886 0
7077 8503 0
7077 5855 0
7077 6977 0
7077 5432 0
7077 5477 0
7077 2418 0
7077 5521 0
7077 5523 1
7077 7077 0
7077 2500 0
7077 2501 0
7077 9158 0
7077 1479 0
7077 5072 0
7077 2524 0
7077 18085 1
7077 502 0
7077 8185 0
7227 2937 0
7227 4256 0
7227 3782 0
7227 8409 0
7227 237 0
7227 8477 0
7227 2338 0
7227 338 0
7227 6739 0
7227 2722 0
7227 6977 0
7227 861 0
7227 4966 0
7227 4969 0
7227 4971 0
7227 4972 0
7227 5004 0
7227 5029 0
7227 5052 0
7227 5053 1
7227 9158 0
7227 3345 0
7227 3561 0
7227 1653 0
7227 1741 0
7227 5855 0
7227 5978 0
7227 3986 0
7227 1943 0
7227 6111 1
16444 8623 0
16444 2133 1
16444 9158 0
16444 7284 0
16444 1653 0
16444 1158 0
16444 4256 0
16444 9162 0
16444 8391 0
16444 1741 0
16444 5329 0
16444 4825 0
16444 4828 0
16444 17363 0
16444 1779 0
16444 4371 0
16444 301 0
16444 6977 0
16444 8467 0
16444 1765 0
16444 16444 0
16444 2418 0
16444 2937 0
16444 2500 0
16444 2501 0
16444 1479 0
16444 6614 0
16444 16354 0
16444 6131 1
16444 8185 0
18713 4822 0
18713 1160 0
18713 1687 0
18713 3352 0
18713 18085 1
18713 2500 0
18713 1741 0
18713 20248 1
18713 1765 0
18713 3729 0
1600 1169 0
1600 4524 0
1600 3886 0
1600 3382 0
1600 7109 0
1600 1612 1
1600 6111 1
1600 1259 0
4704 6915 0
4704 4681 0
4704 1620 0
4704 1653 0
4704 1170 0
4704 1171 0
4704 1718 0
4704 1210 0
4704 4300 0
4704 4301 0
4704 719 0
4704 729 0
4704 6364 0
4704 1259 0
4704 4339 0
4704 5247 0
4704 8477 0
4704 2338 0
4704 5521 0
4704 3986 0
4704 5525 0
4704 5526 0
4704 2967 1
4704 2989 0
4704 4534 0
4704 4535 0
4704 4539 0
4704 4551 0
4704 4704 0
4704 3035 0
4704 6907 0
4704 5523 1
1741 4256 0
1741 4300 0
1741 237 0
1741 8437 0
1741 16661 0
1741 2338 0
1741 4828 0
1741 301 0
1741 8503 0
1741 4443 0
1741 4477 0
1741 4524 0
1741 4525 0
1741 4526 0
1741 8623 0
1741 4546 0
1741 2500 0
1741 2501 0
1741 4550 0
1741 4551 0
1741 4555 0
1741 6613 0
1741 2524 0
1741 502 0
1741 4687 0
1741 6739 0
1741 4694 0
1741 8797 0
1741 6779 0
1741 2708 0
1741 669 0
1741 2718 0
1741 672 0
1741 673 0
1741 2722 0
1741 719 0
1741 4822 0
1741 4825 0
1741 6904 0
1741 6915 0
1741 861 0
1741 865 0
1741 869 0
1741 870 0
1741 4969 0
1741 4971 0
1741 4972 0
1741 2935 0
1741 892 0
1741 5004 0
1741 5029 0
1741 2989 0
1741 9158 0
1741 5072 0
1741 3043 0
1741 4966 0
1741 7284 0
1741 5247 0
1741 5254 0
1741 1160 0
1741 8391 0
1741 1221 0
1741 1223 0
1741 4301 0
1741 7380 0
1741 2937 0
1741 1259 0
1741 5365 0
1741 5371 0
1741 5372 0
1741 3345 0
1741 3353 0
1741 3354 0
1741 5432 0
1741 3446 0
1741 3467 0
1741 5523 1
1741 5525 0
1741 17309 0
1741 7699 0
1741 11236 0
1741 20067 0
1741 1620 0
1741 15996 0
1741 3729 0
1741 1687 0
1741 7836 0
1741 18085 1
1741 8477 0
1741 1718 0
1741 3768 1
1741 3782 0
1741 1741 0
1741 1742 0
1741 5855 0
1741 1765 0
1741 1779 0
1741 5885 0
1741 3884 0
1741 16258 0
1741 1957 0
1741 2721 0
1741 6111 1
1741 16354 0
1741 8185 0
13891 6283 1
13891 13891 0
13891 5855 0
971 18299 1
971 3178 1
971 3149 1
971 3441 1
971 19427 1
971 18293 1
971 12984 1
971 18298 1
971 18300 1
971 18346 1
971 5407 1
16310 3986 0
16310 807 0
16310 16310 0
16310 316 1
16310 338 0
16310 6739 0
1862 7109 1
1862 1223 1
1862 1869 1
1862 5422 1
1862 7573 1
3143 6739 0
3143 7284 0
3143 4780 0
3143 3768 1
3143 1742 0
3143 2340 0
3143 3884 0
3143 3885 0
3143 3886 0
3143 8503 0
3143 338 0
3143 871 0
3143 3986 0
3143 2500 0
3143 16354 0
4681 549 0
4681 15919 0
4681 4681 0
4681 1620 0
4681 4694 0
4681 6779 0
4681 5247 0
4681 1170 0
4681 1171 0
4681 6364 0
4681 2718 0
4681 2722 0
4681 1479 0
4681 4780 0
4681 1718 0
4681 1210 0
4681 1653 0
4681 4300 0
4681 729 0
4681 5855 0
4681 4339 0
4681 287 0
4681 2338 0
4681 8553 0
4681 3446 0
4681 5521 0
4681 3986 0
4681 2967 1
4681 2462 0
4681 7071 0
4681 2989 0
4681 3008 0
4681 5523 1
5965 1620 0
5965 5258 0
5965 3729 0
5965 2709 0
5965 8477 0
5965 5855 0
5965 1765 0
5965 5903 0
5965 3884 0
5965 861 0
5965 870 0
5965 5523 1
5965 3986 0
5965 4534 0
5965 16850 0
2999 1943 0
2999 18332 0
2999 5981 0
2999 1718 0
2999 3008 0
2999 1620 0
2999 729 0
2999 1765 0
2999 8698 0
2999 9447 1
1612 3729 1
1612 5779 1
1612 7573 1
1612 21148 1
1612 13099 1
1612 3382 1
1612 1612 2
1612 6739 1
1612 1620 1
1612 11236 1
1612 8553 1
1612 2542 1
3149 12984 0
3149 18293 0
3149 19427 0
3149 2520 0
3149 3469 0
3149 3149 0
3149 18298 0
3149 18299 0
3149 18300 0
3149 18346 0
3149 17332 0
3149 6123 1
4687 1653 0
4687 1160 0
4687 1687 0
4687 4256 0
4687 18085 1
4687 19628 0
4687 1221 0
4687 1223 0
4687 8477 0
4687 2338 0
4687 861 0
4687 5523 1
4687 2500 0
4687 2501 0
4687 9158 0
4687 6614 0
12984 3178 0
12984 12984 0
12984 18293 0
12984 19427 0
12984 3469 0
12984 18298 0
12984 18299 0
12984 18346 0
12984 17332 0
12984 1513 0
12984 6123 1
2130 1160 0
2130 2708 0
2130 1687 0
2130 7836 0
2130 4822 0
2130 5365 0
2130 5372 0
2130 4371 0
2130 5432 0
2130 5978 0
2130 4443 0
2130 5981 0
2130 18299 0
2130 5523 1
2130 5052 0
2130 2500 0
2130 4550 0
2130 4551 0
2130 6613 0
2130 16357 1
2130 6131 1
2131 1160 0
2131 4371 0
2131 1687 0
2131 18299 0
2131 6131 1
2131 2500 0
2131 4550 0
2131 19427 0
2131 2520 0
2131 4443 0
2131 3043 0
2131 3441 0
2131 5523 1
2131 1653 0
2131 18293 0
2132 7836 0
2132 4524 0
2132 861 0
2132 5432 0
2132 4813 1
2132 4443 0
2132 16357 1
2132 3446 0
4181 6283 1
4181 1943 0
4181 4339 0
4181 5432 0
4181 5440 0
4181 4181 0
4181 3441 0
4181 6131 1
4182 5764 0
4182 6283 1
4182 5432 0
4182 5440 0
4182 4182 0
4182 3441 0
7255 4694 0
7255 3469 0
7255 3446 0
7255 316 1
7255 6131 1
9158 17363 0
9158 4694 0
9158 4966 0
9158 1653 0
9158 16661 0
9158 129 0
9158 4972 0
9158 2722 0
9158 8477 0
9158 3768 1
9158 8409 0
9158 1765 0
9158 1259 0
9158 237 0
9158 1779 0
9158 8438 0
9158 5885 0
9158 3345 0
9158 6977 0
9158 861 0
9158 4969 0
9158 4971 0
9158 9077 0
9158 2937 0
9158 5004 0
9158 3986 0
9158 1943 0
9158 8112 0
9158 4256 0
9158 2500 0
9158 2501 0
9158 5029 0
9158 3561 0
2649 3459 1
2649 1158 1
2649 1160 1
2649 7574 1
2649 3352 1
2649 3353 1
2649 3870 1
2649 1957 1
2649 2861 1
2649 3043 1
2649 4333 1
2649 2542 1
2649 2935 1
2649 1915 1
2649 892 1
8975 2708 0
8975 287 0
8975 18003 1
8975 3308 1
8975 1653 0
8797 1160 0
8797 1687 0
8797 4813 1
8797 3884 0
8797 5981 0
8797 3768 1
8797 4550 0
8797 5072 0
8797 1620 0
8797 1742 0
8797 4443 0
8797 5855 0
8797 1765 0
8797 865 0
8797 16354 0
8797 869 0
8797 6904 0
5733 5733 0
5733 672 0
5733 4555 0
5733 3353 0
5733 861 0
5733 1915 0
5733 3456 0
5733 18085 1
5733 8112 0
5733 2500 0
5733 2501 0
5733 4550 0
15456 5523 1
15456 1687 0
15456 3884 0
15456 5422 0
15456 3768 1
15456 2501 0
15456 3408 0
15456 7380 0
15456 4828 0
15456 5855 0
15456 15456 0
15456 4477 0
4539 1620 0
4539 4694 0
4539 1160 0
4539 2722 0
4539 3768 1
4539 1765 0
4539 807 0
4539 861 0
4539 870 0
4539 1943 0
4539 2967 1
4539 2989 0
4539 2718 0
4539 4539 0
870 4825 0
870 7699 0
870 5981 0
870 4534 0
870 3178 0
870 1160 0
870 2709 0
870 1687 0
870 2718 0
870 1221 0
870 8391 0
870 4297 1
870 15785 0
870 4822 0
870 5855 0
870 3345 0
870 3354 0
870 287 0
870 5978 0
870 861 0
870 865 0
870 870 0
870 871 0
870 5523 1
870 3446 0
870 3469 0
870 7836 0
870 5052 0
870 2500 0
870 2501 0
870 4550 0
870 4551 0
870 4555 0
870 5029 0
870 3043 0
6739 4256 0
6739 8391 0
6739 4300 0
6739 4301 0
6739 8409 0
6739 237 0
6739 8467 0
6739 2338 0
6739 8503 0
6739 316 1
6739 4424 0
6739 2418 0
6739 4477 0
6739 4524 0
6739 8623 0
6739 6613 0
6739 6739 0
6739 2708 0
6739 2709 0
6739 669 0
6739 2718 0
6739 672 0
6739 673 0
6739 2722 0
6739 841 0
6739 4957 0
6739 4966 0
6739 4969 0
6739 4971 0
6739 4972 0
6739 2937 0
6739 5004 0
6739 5029 0
6739 5053 1
6739 7109 0
6739 3178 0
6739 5254 0
6739 5329 0
6739 7380 0
6739 1259 0
6739 5365 0
6739 5372 0
6739 5373 0
6739 3345 0
6739 3561 0
6739 1653 0
6739 8477 0
6739 287 0
6739 3782 0
6739 1765 0
6739 3884 0
6739 5981 0
6739 3986 0
6739 8112 0
6739 2721 0
6739 6120 0
6739 8185 0
2833 13099 1
2833 2833 2
2833 1943 1
2833 18332 1
2833 3382 1
2833 1221 1
2833 1223 1
2833 14546 1
2833 1765 1
2833 4332 1
2833 4333 1
2833 5117 1
2833 1653 1
2833 5885 1
5052 5981 0
5052 1718 0
5052 1620 0
5052 4966 0
5052 4969 0
5052 21148 0
5052 5855 0
5052 1765 0
5052 5885 0
5052 3345 0
5052 3352 0
5052 3353 0
5052 287 0
5052 2338 0
5052 3885 0
5052 3886 0
5052 6977 0
5052 338 0
5052 11236 0
5052 5978 0
5052 861 0
5052 316 1
5052 4971 0
5052 4972 0
5052 3446 0
5052 3729 0
5052 5004 0
5052 1943 0
5052 5029 0
5052 5052 0
5052 5053 1
5052 7109 0
5052 1479 0
5052 3043 0
3178 7284 0
3178 2967 1
3178 17332 0
3178 5372 0
3178 1513 0
3178 15996 0
3178 3721 0
3178 11925 0
3178 7836 0
3178 1943 0
15293 5855 0
15293 5523 1
8467 7860 0
8467 8279 1
8467 4301 0
8467 4339 0
8467 5523 1
8467 16850 0
8467 4524 0
8467 4534 0
8467 2501 0
8467 6613 0
8467 2708 0
8467 2709 0
8467 669 0
8467 2718 0
8467 673 0
8467 2722 0
8467 719 0
8467 6977 0
8467 4971 0
8467 2937 0
8467 3782 0
8467 7109 0
8467 19427 0
8467 5247 0
8467 1171 0
8467 1221 0
8467 5329 0
8467 1259 0
8467 5372 0
8467 5407 0
8467 5432 0
8467 8467 0
8467 18085 1
8467 1718 0
8467 14627 1
8467 3885 0
8467 5981 0
8467 6112 1
7284 19628 0
7284 20067 0
7284 7284 0
7284 1653 0
7284 15996 0
7284 1687 0
7284 2501 0
7284 18085 1
7284 3446 0
7284 7380 0
7284 4825 0
7284 4828 0
7284 5855 0
7284 19427 0
7284 6614 0
7284 8477 0
7284 2338 0
7284 5422 0
7284 6977 0
7284 861 0
7284 2418 0
7284 18298 0
7284 16258 0
7284 3986 0
7284 7573 0
7284 17309 0
7284 2500 0
7284 1479 0
7284 17363 0
7284 2524 0
7284 16354 0
7284 3043 0
7284 16357 1
1653 8279 1
1653 8391 0
1653 237 0
1653 8477 0
1653 669 0
1653 673 0
1653 723 0
1653 807 0
1653 861 0
1653 865 0
1653 869 0
1653 871 0
1653 892 0
1653 17309 0
1653 17323 0
1653 17332 0
1653 9162 0
1653 6827 0
1653 1160 0
1653 1171 0
1653 1210 0
1653 1221 0
1653 1249 0
1653 9447 1
1653 1259 0
1653 1653 0
1653 1765 0
1653 1779 0
1653 1943 0
1653 2338 0
1653 2340 0
1653 2491 1
1653 2501 0
1653 2722 0
1653 2861 0
1653 2937 0
1653 3008 0
1653 3345 0
1653 3353 0
1653 3561 0
1653 3729 0
1653 3986 0
1653 4000 0
1653 4256 0
1653 4297 1
1653 4332 0
1653 4333 0
1653 4443 0
1653 4534 0
1653 4536 0
1653 4537 0
1653 4540 0
1653 4825 0
1653 13099 0
1653 4957 0
1653 4966 0
1653 4969 0
1653 4971 0
1653 4972 0
1653 5004 0
1653 5029 0
1653 5053 1
1653 5523 1
1653 5764 0
1653 5855 0
1653 5903 0
1653 6613 0
1653 6915 0
1653 6977 0
1653 7380 0
1653 15919 0
1653 7836 0
1653 16354 0
4969 2937 0
4969 4256 0
4969 8409 0
4969 237 0
4969 8477 0
4969 2709 0
4969 2718 0
4969 2722 0
4969 6977 0
4969 861 0
4969 4966 0
4969 4971 0
4969 4972 0
4969 9077 0
4969 5004 0
4969 5029 0
4969 5053 1
4969 3345 0
4969 3561 0
4969 3782 0
4969 5855 0
4969 1765 0
4969 5978 0
4969 3986 0
4969 1943 0
4969 18332 0
4969 8112 0
4969 6111 1
6779 1620 0
6779 1170 0
6779 1718 0
6779 4301 0
6779 4822 0
6779 729 0
6779 6915 0
6779 2338 0
6779 5523 1
6779 2967 1
6779 2989 0
6779 8623 0
16508 7836 0
16508 4813 1
16508 5004 0
16508 5053 1
16508 3043 0
16508 6123 1
5247 6915 0
5247 1718 0
5247 1620 0
5247 1170 0
5247 2709 0
5247 2718 0
5247 2722 0
5247 4550 0
5247 1210 0
5247 4695 0
5247 4300 0
5247 4301 0
5247 729 0
5247 4339 0
5247 8437 0
5247 8409 0
5247 287 0
5247 2338 0
5247 5432 0
5247 3986 0
5247 1171 0
5247 5525 0
5247 5526 0
5247 2967 1
5247 2989 0
5247 4534 0
5247 4536 0
5247 4555 0
5247 2524 0
5247 3561 0
5247 502 0
129 129 0
129 1158 0
129 2709 0
129 669 0
129 672 0
129 673 0
129 1210 0
129 8391 0
129 237 0
129 2338 0
129 5254 0
129 4424 0
129 338 0
129 3446 0
129 2967 1
129 5981 0
129 4524 0
129 4525 0
129 4526 0
129 4534 0
129 4536 0
129 4256 0
129 5523 1
4971 2937 0
4971 4256 0
4971 8391 0
4971 8409 0
4971 237 0
4971 8477 0
4971 2338 0
4971 4534 0
4971 2501 0
4971 2722 0
4971 4966 0
4971 4971 0
4971 4972 0
4971 5004 0
4971 5029 0
4971 5053 1
4971 1158 0
4971 5373 0
4971 3345 0
4971 5432 0
4971 3561 0
4971 17332 0
4971 18003 1
4971 3782 0
4971 5978 0
4971 3986 0
4971 1943 0
5764 5440 0
5764 1943 0
5764 5422 0
5764 3008 0
5764 6283 1
5764 1869 0
5764 1365 0
5764 3308 1
5254 8279 1
5254 287 0
5254 2338 0
5254 316 1
5254 6613 0
5254 2708 0
5254 2709 0
5254 19427 0
5254 5254 0
5254 5407 0
5254 3459 0
5254 5521 0
5254 5523 1
5254 3782 0
5254 3986 0
5254 8112 0
5254 4092 0
1160 4371 0
1160 301 0
1160 8503 0
1160 8623 0
1160 4534 0
1160 4535 0
1160 4536 0
1160 4537 0
1160 4538 0
1160 4540 0
1160 4544 0
1160 4546 0
1160 2500 0
1160 2501 0
1160 4550 0
1160 4551 0
1160 6613 0
1160 6614 0
1160 502 0
1160 723 0
1160 4825 0
1160 4828 0
1160 6904 0
1160 11020 0
1160 2524 0
1160 2861 0
1160 4957 0
1160 892 0
1160 5072 0
1160 17363 0
1160 3043 0
1160 19628 0
1160 861 0
1160 1158 0
1160 1160 0
1160 1210 0
1160 1221 0
1160 1223 0
1160 1249 0
1160 1259 0
1160 5365 0
1160 3352 0
1160 3353 0
1160 3354 0
1160 5477 0
1160 3446 0
1160 3459 0
1160 5521 0
1160 5523 1
1160 5525 0
1160 5526 0
1160 1957 0
1160 7699 0
1160 3729 0
1160 1687 0
1160 3768 1
1160 1742 0
1160 5855 0
1160 1765 0
1160 5903 0
1160 5432 0
1160 6131 1
1160 8185 0
3721 16258 0
3721 3729 0
3721 20248 1
3721 287 0
3721 18085 1
3721 18346 0
3721 5432 0
3721 3408 0
3721 19427 0
3721 3441 0
3721 18293 0
3721 18298 0
3721 18299 0
5258 5258 0
5258 723 0
5258 1259 0
5258 4371 0
5258 841 0
5258 5523 1
5258 6112 1
5258 1513 0
6283 3363 1
6283 4286 1
6283 5440 1
6283 1223 1
6283 1365 1
6283 4694 1
6283 4695 1
5774 5774 0
5774 6131 1
5774 1718 0
5774 4694 0
5774 13174 0
16016 2967 1
16016 1620 0
1169 287 0
1169 2133 1
1169 5477 0
1169 1513 0
1169 5117 0
1169 5373 0
1170 4300 0
1170 4301 0
1170 2338 0
1170 4524 0
1170 8623 0
1170 4555 0
1170 549 0
1170 4694 0
1170 2709 0
1170 2722 0
1170 729 0
1170 6907 0
1170 6915 0
1170 2967 1
1170 2989 0
1170 5117 0
1170 1171 0
1170 3354 0
1170 5432 0
1170 5525 0
1170 5526 0
1170 15919 0
1170 17332 0
1170 1620 0
1170 7860 0
1170 1718 0
1170 5855 0
1170 5981 0
1170 3986 0
1170 8112 0
1170 4092 0
1171 1620 0
1171 1171 0
1171 1718 0
1171 4300 0
1171 4301 0
1171 729 0
1171 6907 0
1171 2338 0
1171 3986 0
1171 5525 0
1171 5526 0
1171 2967 1
1171 8623 0
1171 8112 0
1171 3008 0
1171 3561 0
2708 4297 1
2708 8438 0
2708 729 0
2708 287 0
2708 4535 0
2708 4536 0
2708 4538 0
2708 2500 0
2708 2501 0
2708 2524 0
2708 502 0
2708 2709 0
2708 669 0
2708 2718 0
2708 2722 0
2708 4825 0
2708 4828 0
2708 861 0
2708 7109 0
2708 5117 0
2708 1221 0
2708 3353 0
2708 3354 0
2708 5432 0
2708 3446 0
2708 3467 0
2708 1479 0
2708 3561 0
2708 1620 0
2708 18085 1
2708 1718 0
2708 5855 0
2708 5885 0
2708 3884 0
2708 3886 0
2708 5981 0
2708 16258 0
2708 3986 0
2708 8112 0
2708 16354 0
2708 6131 1
11925 20248 1
11925 316 1
1687 2133 1
1687 7574 0
1687 4300 0
1687 4822 0
1687 4371 0
1687 2338 0
1687 301 0
1687 8503 0
1687 4443 0
1687 4477 0
1687 4534 0
1687 4535 0
1687 4536 0
1687 2500 0
1687 4550 0
1687 4555 0
1687 6613 0
1687 6614 0
1687 2524 0
1687 502 0
1687 2709 0
1687 2721 0
1687 723 0
1687 6904 0
1687 11020 0
1687 807 0
1687 2861 0
1687 861 0
1687 869 0
1687 2937 0
1687 892 0
1687 5072 0
1687 17363 0
1687 3043 0
1687 5981 0
1687 1158 0
1687 19628 0
1687 5329 0
1687 1249 0
1687 1250 0
1687 1259 0
1687 5365 0
1687 3352 0
1687 3353 0
1687 3354 0
1687 5432 0
1687 3446 0
1687 3456 0
1687 5521 0
1687 5523 1
1687 5525 0
1687 5526 0
1687 7699 0
1687 15996 0
1687 3729 0
1687 1687 0
1687 3768 1
1687 1742 0
1687 5855 0
1687 1765 0
1687 5903 0
1687 3870 0
1687 3884 0
1687 3886 0
1687 1957 0
1687 3408 0
1687 16354 0
1687 16357 1
21148 11236 0
21148 1620 0
21148 21148 0
21148 2772 0
21148 2774 0
21148 237 0
21148 5903 0
21148 3352 0
21148 3353 0
21148 3354 0
21148 316 1
21148 5978 0
21148 5981 0
21148 7109 0
669 301 0
669 338 0
669 2418 0
669 2709 0
669 669 0
669 2718 0
669 729 0
669 2967 1
669 7109 0
669 1221 0
669 1223 0
669 5432 0
669 3561 0
669 1620 0
669 3729 0
669 3768 1
669 1742 0
669 1765 0
669 5885 0
669 3884 0
669 3885 0
669 3886 0
669 5981 0
669 8112 0
2718 4256 0
2718 8391 0
2718 4297 1
2718 8409 0
2718 237 0
2718 8438 0
2718 287 0
2718 2338 0
2718 301 0
2718 8503 0
2718 5521 0
2718 5523 1
2718 4524 0
2718 4525 0
2718 4534 0
2718 4535 0
2718 4536 0
2718 4537 0
2718 4538 0
2718 4540 0
2718 4544 0
2718 4546 0
2718 2500 0
2718 4550 0
2718 2524 0
2718 549 0
2718 2709 0
2718 2718 0
2718 2501 0
2718 2722 0
2718 719 0
2718 4825 0
2718 4828 0
2718 6614 0
2718 861 0
2718 865 0
2718 869 0
2718 4972 0
2718 2937 0
2718 5004 0
2718 3035 0
2718 3043 0
2718 4966 0
2718 1223 0
2718 1221 0
2718 3345 0
2718 5432 0
2718 3408 0
2718 3446 0
2718 1943 0
2718 5029 0
2718 1620 0
2718 3729 0
2718 1718 0
2718 3768 1
2718 1742 0
2718 5855 0
2718 3884 0
2718 3885 0
2718 16258 0
2718 3986 0
2718 18332 0
2718 8112 0
2718 18085 1
2718 16354 0
7109 3729 0
7109 3353 0
7109 1221 0
7109 1223 0
7109 4300 0
7109 4301 0
7109 719 0
7109 5855 0
7109 17363 0
7109 5885 0
7109 4371 0
7109 3352 0
7109 3354 0
7109 2341 0
7109 807 0
7109 3382 0
7109 11236 0
7109 5978 0
7109 5981 0
7109 869 0
7109 3986 0
7109 5525 0
7109 2967 1
7109 4536 0
7109 4540 0
7109 4546 0
7109 7109 0
7109 4550 0
7109 4551 0
7109 2524 0
7109 3561 0
4256 2937 0
4256 8391 0
4256 8409 0
4256 237 0
4256 16661 0
4256 8477 0
4256 2500 0
4256 3768 1
4256 4536 0
4256 4694 0
4256 2722 0
4256 4822 0
4256 6977 0
4256 4966 0
4256 4972 0
4256 9077 0
4256 5004 0
4256 2967 1
4256 5029 0
4256 17363 0
4256 5365 0
4256 861 0
4256 3345 0
4256 3561 0
4256 18085 1
4256 5855 0
4256 301 0
4256 5981 0
4256 3986 0
4256 1943 0
4256 18332 0
4256 8112 0
2721 3729 0
2721 5523 1
2721 2721 0
2721 2722 0
2721 301 0
2721 1718 0
2721 3768 1
2721 1221 0
2721 1223 0
2721 4297 1
2721 2524 0
2721 5855 0
2722 8391 0
2722 8409 0
2722 237 0
2722 8477 0
2722 2338 0
2722 301 0
2722 338 0
2722 5521 0
2722 5523 1
2722 4524 0
2722 4525 0
2722 4537 0
2722 4546 0
2722 2500 0
2722 2501 0
2722 2524 0
2722 2709 0
2722 2722 0
2722 4825 0
2722 4828 0
2722 6977 0
2722 861 0
2722 869 0
2722 4966 0
2722 4972 0
2722 5004 0
2722 5029 0
2722 3043 0
2722 1221 0
2722 1223 0
2722 2937 0
2722 1259 0
2722 3345 0
2722 5432 0
2722 3446 0
2722 3561 0
2722 1620 0
2722 3729 0
2722 18085 1
2722 5855 0
2722 3884 0
2722 3885 0
2722 5978 0
2722 5981 0
2722 16258 0
2722 3986 0
2722 1943 0
2722 18332 0
2722 8112 0
2722 16354 0
18085 7699 1
18085 5371 1
18085 9077 1
18085 7380 1
18085 20067 1
18085 8409 1
18085 15996 1
18085 2709 1
18085 7836 1
18085 6827 1
18085 1221 1
18085 11020 1
18085 1223 1
18085 5329 1
18085 723 1
18085 2773 1
18085 4825 1
18085 4828 1
18085 3885 1
18085 5855 1
18085 1249 1
18085 4839 1
18085 5365 1
18085 5373 1
18085 301 1
18085 4371 1
18085 3354 1
18085 3884 1
18085 2861 1
18085 5422 1
18085 6111 2
18085 6977 1
18085 3408 1
18085 5432 1
18085 7058 1
18085 2418 1
18085 2935 1
18085 16258 1
18085 3467 1
18085 3986 1
18085 5523 2
18085 4000 1
18085 15785 1
18085 2500 1
18085 2501 1
18085 17363 1
18085 6613 1
18085 6614 1
18085 2524 1
18085 5372 1
18085 502 1
18085 8185 1
892 7699 0
892 1620 0
892 1158 0
892 3729 0
892 4813 1
892 723 0
892 4822 0
892 5855 0
892 5365 0
892 3354 0
892 3884 0
892 301 0
892 5432 0
892 5477 0
892 892 0
892 5523 1
892 5525 0
892 4524 0
892 4525 0
892 4526 0
892 2500 0
892 4550 0
892 4551 0
892 4555 0
892 3043 0
892 8185 0
1223 4694 0
1223 5422 0
1223 8112 0
1223 5477 0
1223 15996 0
1223 16354 0
1223 3729 0
1223 672 0
1223 673 0
1223 1221 0
1223 719 0
1223 5855 0
1223 1259 0
1223 3456 0
1223 2837 0
1223 3886 0
1223 5432 0
1223 841 0
1223 1869 0
1223 338 0
1223 5981 0
1223 4957 0
1223 871 0
1223 3986 0
1223 7573 0
1223 1957 0
1223 2989 0
1223 2500 0
1223 2501 0
1223 4555 0
1223 3408 0
1223 3043 0
1223 11236 0
19628 15996 0
19628 4297 1
19628 4825 0
19628 5365 0
19628 8503 0
19628 5521 0
19628 1943 0
19628 6111 1
687 4694 0
687 8409 0
687 5855 0
687 729 0
687 8477 0
687 3886 0
687 338 0
687 3986 0
687 5523 1
687 1943 0
687 2524 0
4723 729 0
4723 3986 0
4723 2967 1
4723 287 0
4723 1718 0
4723 1210 0
4723 4551 0
4723 4297 1
4723 1259 0
4723 4723 0
7860 3986 0
7860 2967 1
7860 287 0
7860 2338 0
7860 4300 0
7860 3561 0
7860 3308 1
7860 4339 0
1822 3469 0
1822 1943 0
1822 3354 0
1822 1822 0
1822 287 0
1822 6827 0
1822 3008 0
1822 9447 1
1822 1513 0
1822 6645 0
1718 549 0
1718 5981 0
1718 1620 0
1718 4301 0
1718 1718 0
1718 4300 0
1718 719 0
1718 729 0
1718 1259 0
1718 4339 0
1718 8437 0
1718 6907 0
1718 15919 0
1718 2338 0
1718 807 0
1718 5521 0
1718 5523 1
1718 7573 0
1718 4524 0
1718 2989 0
1718 4534 0
1718 3035 0
3768 7699 1
3768 869 1
3768 1158 1
3768 672 1
3768 673 1
3768 6827 1
3768 3768 2
3768 1742 1
3768 5329 1
3768 723 1
3768 2772 1
3768 2773 1
3768 4822 1
3768 8409 1
3768 1779 1
3768 5365 1
3768 5371 1
3768 2774 1
3768 3354 1
3768 8503 1
3768 5432 1
3768 841 1
3768 861 1
3768 865 1
3768 5477 1
3768 3441 1
3768 3456 1
3768 3459 1
3768 5523 2
3768 8112 1
3768 4534 1
3768 4535 1
3768 4536 1
3768 4537 1
3768 4538 1
3768 4540 1
3768 4544 1
3768 4546 1
3768 2500 1
3768 5072 1
3768 7134 1
3768 16354 1
3768 3043 1
18105 3986 0
18105 2967 1
18105 2338 0
18105 2989 0
18105 18105 0
18105 4550 0
18105 4551 0
18105 1620 0
18105 3035 0
1210 1620 0
1210 1210 0
1210 719 0
1210 4822 0
1210 729 0
1210 2774 0
1210 2338 0
1210 807 0
1210 338 0
1210 2967 1
1210 4524 0
1210 8623 0
1210 3043 0
287 8438 0
287 8477 0
287 287 0
287 549 0
287 719 0
287 9077 0
287 1221 0
287 1250 0
287 1259 0
287 1620 0
287 8503 0
287 18346 0
287 2338 0
287 2340 0
287 2861 0
287 2956 0
287 2989 0
287 3043 0
287 11236 0
287 3308 1
287 3352 0
287 3354 0
287 3363 0
287 3446 0
287 1957 0
287 3729 0
287 4297 1
287 4301 0
287 4536 0
287 4538 0
287 4540 0
287 4555 0
287 13099 0
287 4957 0
287 4972 0
287 5029 0
287 5407 0
287 5526 0
287 5885 0
287 6111 1
287 6112 1
287 7836 0
4286 1259 0
18293 18293 0
18293 18299 0
18293 1779 0
18293 5372 0
18293 19427 0
18293 8503 0
18293 18298 0
18293 18300 0
18293 3469 0
18293 18346 0
18293 17332 0
18293 6123 1
4780 5981 0
4780 6977 0
4780 5779 0
4780 4780 0
4780 4300 0
4780 719 0
4780 4339 0
4780 5885 0
4780 316 1
4780 861 0
4780 3441 0
4780 18299 0
4780 4477 0
4780 5521 0
4780 5523 1
4780 1943 0
4780 4540 0
4780 8437 0
4780 4534 0
2837 1943 0
2837 807 0
2837 5855 0
2837 1221 0
2837 14546 0
2837 719 0
2837 5072 0
1221 3446 0
1221 4300 0
1221 4371 0
1221 338 0
1221 4525 0
1221 2500 0
1221 2501 0
1221 4550 0
1221 2520 0
1221 2524 0
1221 4579 0
1221 4694 0
1221 672 0
1221 673 0
1221 719 0
1221 4825 0
1221 841 0
1221 861 0
1221 865 0
1221 869 0
1221 4966 0
1221 871 0
1221 5004 0
1221 17323 0
1221 2989 0
1221 3043 0
1221 1158 0
1221 1221 0
1221 1259 0
1221 5432 0
1221 3408 0
1221 5477 0
1221 3456 0
1221 3469 0
1221 5521 0
1221 1957 0
1221 1513 0
1221 7699 0
1221 1620 0
1221 16354 0
1221 3729 0
1221 5855 0
1221 15996 0
1221 3886 0
1221 1869 0
1221 5981 0
1221 3986 0
1221 1943 0
3782 2937 0
3782 237 0
3782 8477 0
3782 338 0
3782 6977 0
3782 4957 0
3782 4966 0
3782 4972 0
3782 5004 0
3782 5029 0
3782 5053 1
3782 17363 0
3782 3043 0
3782 861 0
3782 5329 0
3782 1259 0
3782 7380 0
3782 3345 0
3782 3446 0
3782 5523 1
3782 3561 0
3782 5855 0
3782 1765 0
3782 3884 0
3782 3885 0
3782 5981 0
3782 3986 0
3782 1943 0
3782 18332 0
8391 18332 0
8391 8391 0
8391 4822 0
8391 1779 0
8391 4339 0
8391 3345 0
8391 8112 0
8391 8477 0
8391 301 0
8391 316 1
8391 861 0
8391 4972 0
8391 6977 0
8391 2967 1
8391 5004 0
8391 5521 0
8391 3986 0
8391 1943 0
8391 5029 0
8391 4534 0
8391 4535 0
8391 4536 0
8391 4537 0
8391 3008 0
8391 17363 0
8391 3035 0
8391 2524 0
8391 3043 0
8391 5523 1
4297 3729 1
4297 5523 2
4297 3870 1
4297 549 1
4297 13174 1
4297 5521 1
4297 4297 2
4297 841 1
4297 9162 1
4297 3408 1
4297 1620 1
4297 6364 1
4297 871 1
4297 3446 1
4297 4477 1
4695 861 0
4695 5521 0
4695 5523 1
4695 5525 0
4695 5526 0
4695 2967 1
4695 13099 0
4695 3382 0
4695 3008 0
4695 1620 0
4695 3035 0
4300 8623 0
4300 5981 0
4300 1620 0
4300 4300 0
4300 4301 0
4300 4822 0
4300 2340 0
4300 4339 0
4300 8437 0
4300 729 0
4300 5072 0
4300 2338 0
4300 3886 0
4300 3382 0
4300 6915 0
4300 1259 0
4300 2967 1
4300 3986 0
4300 2989 0
4300 4555 0
4300 3035 0
4300 16354 0
4300 6907 0
4300 5523 1
4813 3469 1
4813 7699 1
4813 3353 1
4813 4000 1
4813 4813 2
4813 5072 1
4813 20067 1
4813 6613 1
4813 6904 1
4813 5371 1
4813 5372 1
1742 7699 0
1742 3446 0
1742 672 0
1742 673 0
1742 1742 0
1742 6904 0
1742 5372 0
1742 3354 0
1742 8503 0
1742 5432 0
1742 19427 0
1742 4443 0
1742 3353 0
1742 5981 0
1742 5004 0
1742 3469 0
1742 5525 0
1742 2967 1
1742 4550 0
4301 2709 0
4301 729 0
4301 6907 0
4301 6915 0
4301 2338 0
4301 3884 0
4301 3986 0
4301 5523 1
4301 15785 0
4301 2989 0
4301 3561 0
4301 1620 0
5329 17323 0
5329 7699 0
5329 3729 0
5329 2709 0
5329 4822 0
5329 6904 0
5329 3353 0
5329 3354 0
5329 8477 0
5329 2861 0
5329 5855 0
5329 861 0
5329 869 0
5329 3467 0
5329 3986 0
5329 7573 0
5329 2501 0
5329 5072 0
5329 16354 0
5329 3561 0
14546 2967 1
14546 11687 1
14546 6131 1
723 7699 0
723 3729 0
723 1249 0
723 1250 0
723 723 0
723 5365 0
723 5885 0
723 4371 0
723 3352 0
723 3353 0
723 3354 0
723 301 0
723 5422 0
723 5432 0
723 865 0
723 4000 0
723 1957 0
723 2500 0
723 2501 0
723 1479 0
723 17363 0
723 3043 0
7380 20067 0
7380 15996 0
7380 7380 0
7380 4825 0
7380 16357 1
7380 4828 0
7380 5855 0
7380 5365 0
7380 5372 0
7380 5422 0
7380 861 0
7380 2418 0
7380 16258 0
7380 3986 0
7380 17309 0
7380 2500 0
7380 2501 0
7380 1479 0
7380 17363 0
7380 6613 0
7380 6614 0
7380 8185 0
2773 2709 0
2773 2133 1
2773 4550 0
2773 4551 0
2773 4555 0
2773 2773 0
2773 4822 0
2773 861 0
2773 7573 0
2773 8409 0
2773 15996 0
2774 861 0
2774 2133 1
2774 2774 0
729 1620 0
729 2709 0
729 729 0
729 1259 0
729 4339 0
729 3354 0
729 2338 0
729 8553 0
729 3986 0
729 5525 0
729 5526 0
729 2967 1
729 5981 0
729 2989 0
729 4534 0
729 8623 0
729 4544 0
729 4555 0
729 5523 1
729 5885 0
719 4694 0
719 4524 0
719 549 0
719 1620 0
719 2709 0
719 807 0
719 719 0
719 2772 0
719 6364 0
719 1259 0
719 4339 0
719 5885 0
719 13099 0
719 3353 0
719 2340 0
719 301 0
719 3382 0
719 316 1
719 4957 0
719 4477 0
719 3986 0
719 2967 1
719 2989 0
719 4550 0
719 4551 0
719 3561 0
6364 5523 1
6364 5526 0
6364 6364 0
6364 5981 0
6364 5521 0
6364 338 0
6364 3035 0
6364 3729 0
6364 6907 0
3885 4972 0
3885 2709 0
3885 7836 0
3885 672 0
3885 673 0
3885 5365 0
3885 3345 0
3885 3884 0
3885 3885 0
3885 3886 0
3885 5432 0
3885 5978 0
3885 5981 0
3885 4966 0
3885 2418 0
3885 3467 0
3885 5523 1
3885 3561 0
3885 502 0
673 1620 0
673 2338 0
673 5885 0
673 3884 0
673 3886 0
673 338 0
673 2967 1
673 17323 0
673 3561 0
549 5521 0
549 5523 1
549 5525 0
549 1620 0
549 5855 0
1249 7699 0
1249 1620 0
1249 15996 0
1249 7836 0
1249 4822 0
1249 5855 0
1249 1249 0
1249 1250 0
1249 1259 0
1249 2861 0
1249 5422 0
1249 5432 0
1249 16357 1
1249 3446 0
1249 3986 0
1249 15785 0
1249 2500 0
1249 2501 0
1249 1479 0
1249 4555 0
1249 6614 0
1249 502 0
1250 1620 0
1250 15996 0
1250 1250 0
1250 5422 0
1250 5981 0
1250 16357 1
1250 3446 0
1250 1915 0
1250 5053 1
1250 2500 0
1250 2501 0
1250 6614 0
1250 502 0
18299 8503 0
18299 4579 0
18299 17332 0
18299 5053 1
18299 7134 0
18299 19427 0
18299 3469 0
18299 18298 0
18299 18299 0
18299 18300 0
18299 2520 0
18299 18346 0
18299 6123 1
18299 6131 1
3008 13099 0
3008 807 0
3008 3382 0
3008 4957 0
3008 3986 0
3008 1943 0
3008 18332 0
3008 4534 0
3008 4537 0
3008 3008 0
6827 6827 0
6827 5855 0
6827 3446 0
6827 5523 1
6827 2500 0
6827 5072 0
6827 5117 0
6827 6131 1
6111 16258 1
6111 5004 1
6111 5779 1
6111 301 1
6111 2500 1
6111 2501 1
6111 17363 1
6111 6614 1
6111 6111 2
6111 4966 1
6111 1259 1
6111 9077 1
6111 3446 1
6111 8185 1
6111 15996 1
6111 5373 1
9447 1620 1
9447 1943 1
15996 301 0
15996 2418 0
15996 4535 0
15996 4538 0
15996 2500 0
15996 6614 0
15996 6645 0
15996 502 0
15996 2501 0
15996 4822 0
15996 4825 0
15996 4828 0
15996 2861 0
15996 6977 0
15996 4957 0
15996 17309 0
15996 7058 0
15996 5373 0
15996 5523 1
15996 1479 0
15996 15919 0
15996 20067 0
15996 15996 0
15996 3729 0
15996 5855 0
15996 1779 0
15996 16258 0
15996 3986 0
15996 8185 0
1259 301 0
1259 4524 0
1259 4534 0
1259 4538 0
1259 2500 0
1259 4555 0
1259 2524 0
1259 4579 0
1259 502 0
1259 4694 0
1259 861 0
1259 865 0
1259 5072 0
1259 11236 0
1259 1158 0
1259 5365 0
1259 3353 0
1259 3354 0
1259 5422 0
1259 5432 0
1259 3308 1
1259 3467 0
1259 3561 0
1259 1620 0
1259 4371 0
1259 7836 0
1259 1779 0
1259 3884 0
1259 3986 0
1259 8112 0
1259 16354 0
4332 3308 1
4332 4332 0
4332 3729 0
4332 4534 0
4332 4333 0
237 11236 0
237 1620 0
237 4972 0
237 18332 0
237 8477 0
237 8409 0
237 8112 0
237 237 0
237 5903 0
237 3345 0
237 3353 0
237 2338 0
237 3884 0
237 3886 0
237 5855 0
237 316 1
237 6977 0
237 4966 0
237 3986 0
237 2937 0
237 5004 0
237 1943 0
237 5053 1
237 5029 0
237 16354 0
237 3561 0
4339 6915 0
4339 1620 0
4339 4371 0
4339 2338 0
4339 316 1
4339 4972 0
4339 3986 0
4339 8477 0
4339 8623 0
4339 2967 1
4339 5981 0
4339 4524 0
4339 4525 0
4339 4526 0
4339 4534 0
4339 8437 0
4339 3035 0
8437 2967 1
8437 2338 0
8437 316 1
8437 1620 0
8438 18003 1
8438 16661 0
6904 2709 0
6904 5855 0
6904 1779 0
6904 5365 0
6904 6904 0
6904 5372 0
6904 3354 0
6904 3884 0
6904 301 0
6904 5477 0
6904 5523 1
6904 5525 0
6904 1957 0
6904 4550 0
6904 4551 0
6904 5072 0
6904 6613 0
6904 2524 0
6904 3043 0
6904 502 0
2772 4477 0
2772 2133 1
2772 13174 0
5371 8409 0
5371 2338 0
5371 2500 0
5371 2501 0
5371 5072 0
5371 6613 0
5371 4825 0
5371 3043 0
5371 5365 0
5371 5372 0
5372 4825 0
5372 5365 0
5372 19427 0
5372 16258 0
5372 8409 0
5372 3352 0
5372 301 0
5372 11062 0
5372 3043 0
5372 1765 0
5372 3446 0
5372 18298 0
5372 3469 0
5372 1957 0
5372 2500 0
5372 2501 0
5372 6613 0
5372 4579 0
5372 3561 0
5373 8409 0
5373 4825 0
5373 5855 0
5373 1765 0
5373 1779 0
5373 5373 0
5373 8477 0
5373 4966 0
5373 9077 0
5373 2937 0
5373 16258 0
5373 3469 0
5373 2501 0
5373 5072 0
5373 6614 0
19427 16850 0
19427 2520 0
19427 2956 0
19427 5053 1
19427 3561 0
19427 18298 0
19427 18300 0
19427 6123 1
19427 18346 0
6915 16354 0
6915 2967 1
6915 3986 0
6915 2338 0
6915 2340 0
6915 2989 0
6915 1620 0
6915 3035 0
6915 6907 0
5072 7699 0
5072 1620 0
5072 4551 0
5072 5365 0
5072 4371 0
5072 3353 0
5072 2338 0
5072 3884 0
5072 5432 0
5072 7836 0
5072 4443 0
5072 5477 0
5072 5521 0
5072 4000 0
5072 4524 0
5072 4550 0
5072 4555 0
5072 5072 0
5072 16850 0
5072 502 0
4822 5855 0
4822 3729 0
4822 4550 0
4822 2338 0
4822 4822 0
4822 4825 0
4822 4828 0
4822 5365 0
4822 4371 0
4822 301 0
4822 8503 0
4822 5432 0
4822 13174 0
4822 861 0
4822 865 0
4822 869 0
4822 3446 0
4822 2935 0
4822 2956 0
4822 3986 0
4822 5523 1
4822 1957 0
4822 4524 0
4822 4535 0
4822 4546 0
4822 2500 0
4822 2501 0
4822 1479 0
4822 4555 0
4822 2524 0
4822 16354 0
4822 3043 0
861 4371 0
861 4443 0
861 2418 0
861 13174 0
861 4477 0
861 4550 0
861 4551 0
861 6613 0
861 4694 0
861 2709 0
861 861 0
861 865 0
861 871 0
861 4972 0
861 2937 0
861 5004 0
861 5029 0
861 5053 1
861 3043 0
861 4957 0
861 4966 0
861 3345 0
861 3353 0
861 3354 0
861 5432 0
861 3446 0
861 1479 0
861 17332 0
861 8477 0
861 5855 0
861 1779 0
861 3986 0
861 6112 1
861 8185 0
861 4092 0
5004 2937 0
5004 8409 0
5004 8477 0
5004 338 0
5004 4825 0
5004 4957 0
5004 4966 0
5004 4972 0
5004 5029 0
5004 5053 1
5004 3345 0
5004 3354 0
5004 3561 0
5004 5855 0
5004 1765 0
5004 5978 0
5004 5981 0
5004 3986 0
5004 1943 0
5004 8112 0
5004 4092 0
11020 2133 1
5903 2709 0
5903 5855 0
5903 3353 0
5903 3354 0
5903 8495 1
5903 5523 1
5903 3043 0
5903 11236 0
3345 8112 0
3345 4957 0
3345 5053 1
3345 8477 0
3345 4972 0
3345 18332 0
3345 4966 0
3345 8409 0
3345 5855 0
3345 2338 0
3345 316 1
3345 6977 0
3345 338 0
3345 5978 0
3345 2937 0
3345 3986 0
3345 1943 0
3345 5029 0
3345 3561 0
2989 1620 0
2989 4694 0
2989 2501 0
2989 6907 0
2989 3354 0
2989 2338 0
2989 2340 0
2989 2341 0
2989 5981 0
2989 3986 0
2989 2967 1
2989 2989 0
2989 8623 0
2989 4534 0
2989 4535 0
2989 4536 0
2989 4537 0
2989 4538 0
2989 4540 0
2989 4544 0
2989 4546 0
2989 4550 0
2989 4551 0
2989 4555 0
2989 3035 0
2989 16354 0
4371 20067 0
4371 1620 0
4371 7699 0
4371 16354 0
4371 3729 0
4371 4371 0
4371 3353 0
4371 3354 0
4371 3870 0
4371 3884 0
4371 8503 0
4371 5432 0
4371 3043 0
4371 865 0
4371 5477 0
4371 4972 0
4371 3446 0
4371 5521 0
4371 3986 0
4371 5523 1
4371 1957 0
4371 5981 0
4371 1779 0
4371 5365 0
4371 2500 0
4371 2501 0
4371 4551 0
4371 4550 0
4371 5855 0
4371 2520 0
4371 3035 0
4371 5117 0
4825 20067 0
4825 7699 0
4825 1158 0
4825 2709 0
4825 1479 0
4825 8409 0
4825 4828 0
4825 4839 0
4825 5365 0
4825 5422 0
4825 5432 0
4825 5855 0
4825 6977 0
4825 5981 0
4825 2418 0
4825 16258 0
4825 3986 0
4825 1943 0
4825 18332 0
4825 17309 0
4825 7836 0
4825 8112 0
4825 1779 0
4825 2500 0
4825 2501 0
4825 17363 0
4825 6613 0
4825 6614 0
4825 16357 1
16661 3986 0
16661 18332 0
16661 2491 1
16661 5981 0
8409 8409 0
8409 8477 0
8409 2338 0
8409 338 0
8409 2500 0
8409 2501 0
8409 6613 0
8409 6614 0
8409 4966 0
8409 4972 0
8409 9077 0
8409 5029 0
8409 17323 0
8409 3035 0
8409 11236 0
8409 5365 0
8409 5855 0
8409 1779 0
8409 3986 0
8409 1943 0
8409 18332 0
8409 16354 0
3352 5855 0
3352 1765 0
3352 3352 0
3352 3353 0
3352 3354 0
3352 301 0
3352 5978 0
3352 5981 0
3352 869 0
3352 3467 0
3352 5523 1
3352 17323 0
3352 2500 0
3352 4550 0
3352 11236 0
3353 2418 0
3353 316 1
3353 8553 0
3353 8623 0
3353 2500 0
3353 2501 0
3353 4550 0
3353 4551 0
3353 4555 0
3353 6613 0
3353 672 0
3353 869 0
3353 3043 0
3353 11236 0
3353 2967 1
3353 5978 0
3353 5365 0
3353 3353 0
3353 3354 0
3353 5432 0
3353 3456 0
3353 1957 0
3353 3729 0
3353 5855 0
3353 8112 0
3354 2338 0
3354 301 0
3354 2500 0
3354 4550 0
3354 16850 0
3354 6613 0
3354 2524 0
3354 4555 0
3354 869 0
3354 3043 0
3354 11236 0
3354 5365 0
3354 3354 0
3354 3408 0
3354 3467 0
3354 3469 0
3354 3729 0
3354 7836 0
3354 5855 0
3354 5432 0
3354 5981 0
3354 1957 0
15919 2967 1
15919 1620 0
8477 2937 0
8477 2338 0
8477 8623 0
8477 6977 0
8477 4957 0
8477 869 0
8477 4972 0
8477 5029 0
8477 11236 0
8477 4966 0
8477 2967 1
8477 3561 0
8477 5981 0
8477 3986 0
8477 1943 0
8477 18332 0
8477 16354 0
3870 6614 0
3870 1158 0
3870 2861 0
3870 7836 0
3870 1957 0
3870 4551 0
3870 4524 0
3870 4534 0
3870 5365 0
3870 2500 0
3870 2501 0
3870 5855 0
3870 3043 0
5407 5521 0
5407 3986 0
5407 2967 1
5407 5407 0
5407 1620 0
5407 3561 0
2338 2338 0
2338 4828 0
2338 4424 0
2338 8623 0
2338 4550 0
2338 4694 0
2338 2709 0
2338 6907 0
2338 871 0
2338 2937 0
2338 2967 1
2338 5029 0
2338 3035 0
2338 5981 0
2338 5432 0
2338 5978 0
2338 15785 0
2338 17309 0
2338 1620 0
2338 5053 1
2338 2340 0
2338 3986 0
2338 1943 0
3363 1943 0
2340 7573 0
2340 2967 1
2340 2340 0
2340 4551 0
2340 4550 0
2340 1620 0
2340 17323 0
2341 2967 1
2341 3884 0
2341 4546 0
2341 1620 0
807 1620 0
807 4546 0
807 5779 0
807 5885 0
807 807 0
807 1869 0
807 1943 0
807 5523 1
807 4524 0
807 4534 0
807 4535 0
807 4536 0
807 4537 0
807 4538 0
807 4540 0
807 4544 0
4828 20067 0
4828 17363 0
4828 2709 0
4828 16357 1
4828 5855 0
4828 4839 0
4828 5365 0
4828 5885 0
4828 5422 0
4828 5432 0
4828 6977 0
4828 869 0
4828 2418 0
4828 2935 0
4828 16258 0
4828 17309 0
4828 8112 0
4828 1779 0
4828 2500 0
4828 2501 0
4828 6613 0
4828 6614 0
13099 4694 0
3884 5477 0
3884 7699 0
3884 2709 0
3884 7836 0
3884 672 0
3884 17363 0
3884 2861 0
3884 3884 0
3884 301 0
3884 3886 0
3884 8503 0
3884 5432 0
3884 869 0
3884 4966 0
3884 2418 0
3884 3467 0
3884 5523 1
3884 5525 0
3884 1957 0
3884 4524 0
3884 4525 0
3884 4526 0
3884 4534 0
3884 2500 0
3884 2501 0
3884 502 0
301 7699 0
301 1620 0
301 20067 0
301 6977 0
301 16354 0
301 7836 0
301 672 0
301 5855 0
301 1779 0
301 5365 0
301 301 0
301 8503 0
301 5432 0
301 4443 0
301 865 0
301 869 0
301 5523 1
301 3446 0
301 16258 0
301 5981 0
301 4534 0
301 4535 0
301 2500 0
301 4550 0
301 4555 0
301 2524 0
301 3043 0
301 4551 0
5422 2500 0
5422 2501 0
5422 6613 0
5422 4839 0
5422 13174 0
5422 2935 0
5422 17309 0
5422 5422 0
5422 7699 0
5422 16258 0
8495 3298 1
8495 1513 1
8495 8495 2
8495 17332 1
8495 6645 1
7699 2709 0
7699 7836 0
7699 9077 0
7699 5365 0
7699 2861 0
7699 3886 0
7699 5432 0
7699 5477 0
7699 2935 0
7699 16258 0
7699 7058 0
7699 5525 0
7699 5526 0
7699 4000 0
7699 1957 0
7699 2500 0
7699 2501 0
7699 3043 0
7699 5117 0
7134 1620 0
7134 20248 1
7134 18298 0
7134 3986 0
7134 7573 0
7134 18346 0
3382 4540 0
3382 4694 0
3382 2967 1
3382 3308 1
8503 1158 0
8503 3729 0
8503 1479 0
8503 5855 0
8503 2861 0
8503 8503 0
8503 3408 0
8503 1765 0
8503 5477 0
8503 3441 0
8503 3446 0
8503 3469 0
8503 5523 1
8503 7573 0
8503 15785 0
8503 4537 0
8503 2500 0
8503 17363 0
8503 6614 0
8503 16354 0
8503 4579 0
8503 502 0
8503 5117 0
5432 2133 1
5432 4534 0
5432 4536 0
5432 4546 0
5432 2500 0
5432 2501 0
5432 4550 0
5432 4555 0
5432 2524 0
5432 2709 0
5432 4551 0
5432 871 0
5432 2967 1
5432 17363 0
5432 5365 0
5432 5432 0
5432 5477 0
5432 3456 0
5432 5521 0
5432 5523 1
5432 1479 0
5432 1620 0
5432 3729 0
5432 7836 0
5432 5855 0
5432 3043 0
5432 5981 0
5432 16258 0
5432 1943 0
8279 3561 1
5855 17323 0
5855 4443 0
5855 2418 0
5855 13174 0
5855 4477 0
5855 4524 0
5855 4534 0
5855 4536 0
5855 2500 0
5855 2501 0
5855 4551 0
5855 4555 0
5855 6613 0
5855 2524 0
5855 6907 0
5855 2709 0
5855 4550 0
5855 865 0
5855 869 0
5855 4972 0
5855 2935 0
5855 5029 0
5855 11236 0
5855 4957 0
5855 1158 0
5855 17363 0
5855 5365 0
5855 3446 0
5855 3467 0
5855 1479 0
5855 3561 0
5855 1620 0
5855 3729 0
5855 4966 0
5855 5855 0
5855 1765 0
5855 1779 0
5855 20248 1
5855 3886 0
5855 5978 0
5855 5981 0
5855 16258 0
5855 8112 0
5855 16354 0
5855 6131 1
5855 8185 0
316 3886 1
316 316 2
316 4424 1
316 5978 1
316 5981 1
316 871 1
316 3446 1
316 2462 1
316 15785 1
316 4524 1
316 4525 1
316 4526 1
316 4534 1
316 4546 1
316 4555 1
316 11236 1
316 4092 1
6131 3467 1
6131 7573 1
6131 18346 1
6131 4524 1
6131 4525 1
6131 4526 1
6131 1479 1
6131 1765 1
6131 1779 1
6131 3446 1
6131 18298 1
5440 3456 0
5440 1943 0
5440 5440 0
20067 7836 0
20067 2500 0
20067 2501 0
20067 1479 0
20067 5365 0
20067 8185 0
7836 7836 0
7836 20248 1
7836 3886 0
7836 11062 0
7836 5477 0
7836 4477 0
7836 3456 0
7836 5521 0
7836 7573 0
7836 15785 0
7836 4550 0
7836 4551 0
7836 2524 0
7836 16354 0
7836 5117 0
11062 2967 1
3886 5981 0
3886 4694 0
3886 2709 0
3886 672 0
3886 2861 0
3886 3886 0
3886 841 0
3886 338 0
3886 5978 0
3886 4966 0
3886 2418 0
3886 5521 0
3886 2967 1
3886 4534 0
3886 4540 0
3886 2500 0
3886 2501 0
4424 18332 0
4424 2709 0
4424 2967 1
4424 1620 0
841 3469 0
841 841 0
841 2524 0
841 5981 0
841 4579 0
841 869 0
841 871 0
841 8185 0
14627 1869 1
3298 3308 1
3298 1943 0
20248 2520 1
20248 3441 1
20248 18298 1
20248 3469 1
20248 17332 1
20248 16850 1
20248 4579 1
20248 1513 1
20248 6645 1
20248 5117 1
3408 3729 0
3408 3408 0
3408 4957 0
3408 2935 0
3408 9162 0
3408 2524 0
338 338 0
338 4535 0
338 2501 0
338 4550 0
338 4551 0
338 672 0
338 4966 0
338 4972 0
338 2967 1
338 2937 0
338 3446 0
338 5521 0
338 1620 0
338 5885 0
338 5978 0
338 5981 0
338 2709 0
338 16354 0
338 8185 0
3043 2500 0
3043 4550 0
3043 4551 0
3043 4555 0
3043 2520 0
3043 2524 0
3043 502 0
3043 865 0
3043 869 0
3043 7058 0
3043 17309 0
3043 3043 0
3043 1158 0
3043 3446 0
3043 5521 0
3043 5523 1
3043 3729 0
3043 1765 0
3043 5978 0
3043 5981 0
3043 1943 0
3043 1957 0
3043 16354 0
1365 1943 0
1365 1620 0
13174 865 0
13174 869 0
13174 17309 0
13174 17323 0
13174 2491 1
13174 4555 0
13174 11236 0
5978 1620 0
5978 4966 0
5978 18332 0
5978 5885 0
5978 11236 0
5978 5978 0
5978 3729 0
5978 4972 0
5978 3446 0
5978 8623 0
5978 5029 0
5978 5053 1
4443 2133 1
4443 3729 0
4443 1779 0
4443 2861 0
4443 4443 0
4443 869 0
4443 3446 0
4443 3986 0
4443 4550 0
4443 4551 0
5981 16850 0
5981 502 0
5981 1620 0
5981 11236 0
5981 1943 0
5981 2500 0
5981 2524 0
5981 2709 0
5981 3446 0
5981 3561 0
5981 3729 0
5981 3986 0
5981 4957 0
5981 871 0
5981 5779 0
5981 5885 0
5981 5981 0
5981 6907 0
5981 15785 0
5981 8112 0
5981 8185 0
1765 2418 0
1765 8623 0
1765 4534 0
1765 4535 0
1765 4536 0
1765 4537 0
1765 4538 0
1765 4540 0
1765 4544 0
1765 4546 0
1765 2501 0
1765 4550 0
1765 4551 0
1765 6613 0
1765 8698 0
1765 4957 0
1765 1513 0
1765 2937 0
1765 3441 0
1765 18003 1
1765 1620 0
1765 16354 0
1765 1765 0
1765 1779 0
1765 3986 0
1765 1943 0
4694 1620 0
4694 4694 0
4694 4540 0
4694 865 0
4694 869 0
4694 2937 0
4694 3986 0
4694 5525 0
4694 5526 0
4694 2967 1
4694 4534 0
4694 4535 0
4694 4536 0
4694 4537 0
4694 4538 0
4694 4544 0
4694 4546 0
4694 4550 0
4694 5523 1
5477 2133 1
5477 1158 0
5477 5365 0
5477 5477 0
5477 2418 0
5477 4524 0
5477 4534 0
4966 2937 0
4966 2418 0
4966 4957 0
4966 4972 0
4966 9077 0
4966 5029 0
4966 5053 1
4966 3446 0
4966 3561 0
4966 1869 0
4966 3986 0
4966 1943 0
4966 18332 0
4966 8112 0
4966 16354 0
871 3729 0
871 865 0
871 4550 0
871 4551 0
871 4555 0
8553 3729 0
8553 3986 0
8553 2967 1
8553 8623 0
8553 865 0
6907 2967 1
6907 3035 0
6907 7071 0
6907 6907 0
6907 1620 0
4839 16354 0
4839 2500 0
4839 3308 1
4839 2501 0
4972 2937 0
4972 6977 0
4972 4972 0
4972 9077 0
4972 5029 0
4972 5053 1
4972 3446 0
4972 5523 1
4972 3561 0
4972 3729 0
4972 1943 0
4972 18346 0
865 18003 1
865 3729 0
865 865 0
865 4477 0
865 3986 0
865 1779 0
865 16354 0
865 4579 0
865 5117 0
3441 4550 0
3441 2520 0
3441 2937 0
3441 17332 0
3441 3441 0
3441 1513 0
3441 1957 0
3441 6123 1
2418 4957 0
2418 3729 0
2418 2500 0
2418 5885 0
2418 3986 0
2418 2418 0
2418 3446 0
2418 16258 0
2418 6977 0
2418 5521 0
2418 5523 1
2418 18332 0
2418 4000 0
2418 2501 0
2418 4550 0
2418 4551 0
5779 4546 0
5779 3729 0
5779 4534 0
5779 4535 0
5779 4536 0
5779 4537 0
5779 4538 0
5779 5779 0
9077 1620 0
9077 3729 0
9077 9077 0
9077 3986 0
9077 2501 0
9077 5029 0
3446 2500 0
3446 16850 0
3446 6614 0
3446 2524 0
3446 869 0
3446 2937 0
3446 17363 0
3446 11236 0
3446 5365 0
3446 3446 0
3446 3035 0
3446 8185 0
2935 1915 0
2935 16258 0
2935 17323 0
2935 2501 0
3729 4477 0
3729 2500 0
3729 2501 0
3729 4550 0
3729 4551 0
3729 4555 0
3729 2524 0
3729 2861 0
3729 869 0
3729 5365 0
3729 3467 0
3729 3729 0
3729 1943 0
3729 8112 0
3729 8185 0
2937 2709 0
2937 6977 0
2937 4957 0
2937 5029 0
2937 5053 1
2937 17363 0
2937 18332 0
2937 3561 0
2937 1779 0
2937 3986 0
2937 1943 0
2937 8112 0
18298 3469 0
18298 17332 0
18298 5053 1
18298 18298 0
18298 18300 0
18298 2520 0
18298 18346 0
18298 6123 1
1915 1158 0
1915 2133 1
1915 5365 0
18300 18300 0
18300 6123 1
18300 3469 0
18300 18346 0
18300 17332 0
4477 5526 0
4477 1620 0
4477 1943 0
4477 3986 0
4477 5525 0
4477 2967 1
4477 4957 0
4477 4536 0
4477 4550 0
4477 4551 0
4477 11236 0
5525 1620 0
5525 5365 0
5525 2967 1
5525 5521 0
5525 5523 1
5525 5525 0
5525 5526 0
5525 1943 0
5525 2500 0
5525 4550 0
5525 4551 0
5525 3035 0
3456 2133 1
3456 3456 0
3456 4524 0
3456 4550 0
3456 4551 0
3456 9162 0
3456 4555 0
3456 16354 0
16258 2709 0
16258 5365 0
16258 7058 0
16258 15785 0
16258 2500 0
16258 2501 0
16258 6614 0
3459 1158 0
5526 5526 0
5526 2967 1
5526 4550 0
5526 1620 0
5526 3035 0
5526 5521 0
5526 3986 0
5526 5523 1
4957 4524 0
4957 8623 0
4957 2709 0
4957 2861 0
4957 5029 0
4957 3467 0
4957 5523 1
4957 3561 0
4957 18003 1
4957 1620 0
4957 1943 0
4957 8112 0
4957 8185 0
6977 2500 0
6977 2501 0
6977 6613 0
6977 6614 0
6977 2709 0
6977 6977 0
6977 5053 1
6977 9162 0
6977 5365 0
6977 3467 0
6977 1479 0
6977 18003 1
6977 1779 0
6977 16354 0
6977 8185 0
3308 3308 2
3308 2956 1
3308 1513 1
3308 8698 1
3467 3467 0
3467 2500 0
3467 2501 0
3467 6614 0
2956 1158 0
2956 2956 0
2956 2967 1
3469 4540 0
3469 7573 0
3469 5885 0
4333 3035 0
5521 1620 0
5521 5365 0
5521 5521 0
5521 3986 0
5521 5523 1
5521 8112 0
5521 4536 0
5521 4537 0
5521 2500 0
5521 4551 0
5521 3035 0
5521 1957 0
5521 11236 0
5521 502 0
5521 8185 0
3986 8623 0
3986 8698 0
3986 1479 0
3986 1620 0
3986 2501 0
3986 2709 0
3986 2967 1
3986 3035 0
3986 3561 0
3986 3986 0
3986 4525 0
3986 4534 0
3986 4550 0
3986 4551 0
3986 5029 0
3986 5365 0
3986 5523 1
3986 5885 0
3986 6112 1
3986 8112 0
3986 8185 0
5523 1620 1
5523 4555 1
5523 5365 1
5523 5885 1
5523 3035 1
5523 869 1
5523 7058 1
5523 5523 2
5523 4551 1
5523 18346 1
5523 8112 1
5523 17332 1
5523 4536 1
5523 4537 1
5523 2500 1
5523 2501 1
5523 4550 1
5523 1479 1
5523 2524 1
5523 5029 1
5523 16354 1
5523 16357 2
5523 3561 1
5523 8623 1
5523 502 1
5523 8185 1
5523 4092 1
7573 4534 0
7573 4538 0
7573 16850 0
7573 6645 0
7573 4579 0
7573 7573 0
7574 7574 0
7574 4524 0
7574 2133 1
7574 4534 0
2967 672 1
2967 2967 2
2967 2462 1
2967 7071 1
2967 8623 1
2967 4534 1
2967 4535 1
2967 4536 1
2967 4537 1
2967 4538 1
2967 4540 1
2967 4544 1
2967 4546 1
2967 4550 1
2967 4551 1
2967 3035 1
1620 4524 0
1620 4534 0
1620 4535 0
1620 4536 0
1620 4537 0
1620 4538 0
1620 4540 0
1620 4544 0
1620 4546 0
1620 4550 0
1620 4555 0
1620 2709 0
1620 672 0
1620 6614 0
1620 3035 0
1620 4551 0
1620 1620 0
1620 1943 0
1620 18332 0
1620 1957 0
1620 8112 0
18332 2709 0
18332 5029 0
18332 5365 0
18332 8112 0
18332 8185 0
17309 2500 0
17309 2501 0
17309 17363 0
17309 16357 1
4000 5365 0
8112 2501 0
8112 2709 0
8112 5029 0
8112 1779 0
8112 8112 0
8112 8185 0
2861 869 0
2861 5365 0
2861 2500 0
2861 2501 0
2861 502 0
11687 6120 1
11687 1869 1
15785 2501 0
15785 2500 0
15785 15785 0
18346 17332 0
18346 5053 1
18346 2520 0
18346 6123 1
18346 18346 0
17323 9162 0
17323 6112 1
17323 8698 0
17323 4092 0
4524 2133 1
4524 4524 0
4524 4525 0
4524 4526 0
4524 2500 0
4524 9162 0
4524 1158 0
4524 3561 0
4524 1869 0
4524 1957 0
4524 5117 0
4525 1158 0
4525 1869 0
4525 1957 0
4525 4526 0
4526 1158 0
4526 1869 0
4526 1957 0
8623 8623 0
8623 1779 0
8623 4550 0
1779 2133 1
1779 1779 0
1779 2500 0
1779 2501 0
1779 1479 0
1779 6614 0
1779 16354 0
1779 8185 0
4534 4535 0
4534 4537 0
4534 4546 0
4534 6614 0
4534 8698 0
4534 4534 0
4534 3561 0
4534 3035 0
4534 1869 0
4535 1943 0
4535 4535 0
4535 4536 0
4536 4544 0
4536 4551 0
4536 4536 0
4536 4546 0
4536 4550 0
4537 1158 0
4537 4537 0
4537 4550 0
4537 4551 0
4538 4538 0
4540 4546 0
5053 1943 1
5053 5029 1
5365 17363 0
5365 1158 0
5365 5365 0
5365 2500 0
5365 2501 0
5365 6613 0
5365 2524 0
5365 8185 0
4544 4544 0
4544 4546 0
672 672 0
672 5885 0
672 4579 0
4546 5885 0
4546 4546 0
4546 4550 0
4546 4551 0
4546 3035 0
2500 2501 0
2500 4555 0
2500 6613 0
2500 6614 0
2500 2524 0
2500 502 0
2500 2709 0
2500 7058 0
2500 17363 0
2500 1158 0
2500 2500 0
2500 1479 0
2500 1943 0
2500 16357 1
2500 8185 0
2501 2133 1
2501 6613 0
2501 6614 0
2501 2524 0
2501 6645 0
2501 2709 0
2501 2501 0
2501 7058 0
2501 17363 0
2501 1158 0
2501 1479 0
2501 3561 0
2501 16354 0
2501 16357 1
4550 2133 1
4550 4550 0
4550 4551 0
4550 4555 0
4550 2524 0
4550 1957 0
1479 2709 0
1479 1479 0
1479 6614 0
1479 16354 0
1479 8185 0
9162 2709 0
9162 9162 0
9162 1943 0
9162 6614 0
9162 18003 1
9162 8185 0
4555 1957 0
4555 4551 0
4555 4555 0
4555 16354 0
4555 1513 0
1869 1869 0
2709 16850 0
2709 5885 0
2709 2709 0
2709 869 0
2709 11236 0
2709 3561 0
2709 16354 0
2709 1943 0
16850 16850 0
16850 16357 1
16850 5117 0
17363 6613 0
17363 869 0
17363 6614 0
17363 16354 0
6613 3561 0
6614 1158 0
6614 6614 0
6614 8185 0
6614 3035 0
8185 869 0
8185 1943 0
8185 2524 0
8185 16354 0
8185 11236 0
8185 5885 0
8185 8185 0
3035 3035 0
3035 16354 0
3035 11236 0
2524 5885 0
2524 1943 0
2524 4551 0
2524 2524 0
1158 1158 0
1158 1943 0
1158 16354 0
1957 2133 1
1957 1957 0
1957 4551 0
1957 16354 0
1957 502 0
6112 4579 1
16354 16354 0
4579 5117 0
4579 7058 0
11236 5029 0
11236 11236 0
11236 5885 0
16357 2133 2
4551 2133 1
4551 502 0
4551 4551 0
3561 5029 0
1513 1513 0
5885 5029 0
5885 5885 0
5885 4092 0
1943 5029 0
1943 1943 0
1943 4092 0
869 869 0
8698 8698 0
5117 5117 0
