3671 3840 2
3671 3841 1
3671 19331 1
3671 12933 1
3671 18796 1
3671 1290 1
3671 20101 1
3671 10315 1
3671 6040 1
3671 6041 1
3671 6042 1
3671 12956 2
3671 6045 1
3671 16159 1
3671 6043 1
3671 8871 1
3671 15004 1
3671 1582 1
3671 3677 1
3671 15412 1
3671 9145 1
3671 3654 1
3671 3809 1
3671 5885 1
3671 3659 1
3671 1750 1
3671 3671 2
3671 3672 2
3671 9828 1
3671 3675 1
3671 3805 2
3671 3806 1
3671 3807 1
3671 3808 1
3671 13135 1
3671 3811 1
3671 3812 1
3671 3813 1
3671 3815 1
3671 3816 1
3671 3817 1
3671 3818 1
3671 3819 1
3671 3820 2
3671 3821 1
3671 3822 1
3671 3823 1
3671 3824 1
3671 3825 1
3671 3826 2
3671 3827 1
3671 3828 1
3671 3829 1
3671 3830 2
3671 3831 2
3671 3833 2
3671 3834 2
3671 3835 2
3671 3836 1
3671 3837 2
3671 3839 2
4110 4110 0
4110 4259 0
4110 8438 0
4110 287 0
4110 421 0
4110 448 0
4110 14072 0
4110 21153 0
4110 17084 0
4110 9145 0
4110 1147 0
4110 3444 0
4110 1620 0
4110 4033 0
4110 3816 0
4110 3831 1
4110 3833 1
4110 3835 1
4110 5981 0
4110 2705 0
4110 6070 0
4110 6071 0
1039 6043 0
1039 19234 0
1039 3806 0
1039 7878 0
1039 3815 0
1039 3816 0
1039 3826 1
1039 3839 1
14937 6739 0
14937 5254 0
14937 18062 1
14937 2771 0
14937 3831 1
14937 8467 0
14937 21317 0
14937 3561 0
3674 19331 0
3674 18796 0
3674 1290 0
3674 3729 0
3674 6040 0
3674 6041 0
3674 6042 0
3674 6045 0
3674 20101 0
3674 6043 0
3674 8871 0
3674 15004 0
3674 15412 0
3674 3659 0
3674 13135 0
3674 1750 0
3674 3808 0
3674 9828 0
3674 3813 0
3674 3817 0
3674 3818 0
3674 3819 0
3674 3820 1
3674 3821 0
3674 3822 0
3674 3823 0
3674 3824 0
3674 3825 0
3674 3826 1
3674 3827 0
3674 3829 0
3674 3833 1
3674 3835 1
3674 3836 0
3674 3837 1
393 13355 0
393 6071 0
393 18227 0
393 6739 0
393 1620 0
393 12887 0
393 7286 0
393 129 0
393 8838 0
393 3729 0
393 4256 0
393 4259 0
393 6042 0
393 3825 0
393 3830 1
393 3834 1
393 3835 1
393 1290 0
393 16660 0
393 16661 0
393 9523 0
393 3382 0
393 5981 0
393 18796 0
393 398 0
393 400 0
393 3986 0
393 18332 0
393 4762 0
393 421 0
393 6070 0
393 1022 0
13355 4186 0
13355 8467 0
13355 287 0
13355 14072 0
13355 1022 0
13355 5183 1
13355 1437 0
13355 1438 0
13355 3561 0
13355 3830 1
13355 16183 0
13355 1891 0
13355 1943 0
13355 6041 0
13355 6042 0
13355 5787 0
1582 9828 0
1582 12956 1
15412 19331 0
15412 6380 0
15412 16661 0
15412 15004 0
15412 6045 0
15412 1438 0
15412 4256 0
15412 4026 0
15412 17981 0
15412 4033 0
15412 13135 0
15412 3676 0
15412 3820 1
15412 3822 0
15412 3823 0
15412 3825 0
15412 3826 1
15412 3829 0
15412 18796 0
17981 1290 0
17981 5183 1
17981 5573 0
17981 13135 0
17981 1620 0
17981 17084 0
17981 3825 0
17981 8438 0
17981 3833 1
17981 3839 1
5183 5184 1
5183 5185 1
5183 6739 1
5183 4186 1
5183 1177 1
5183 21153 1
5183 8881 1
5183 2771 1
5183 3806 1
5183 3831 2
5183 14072 1
5183 3834 2
5183 3837 2
5183 6399 1
5183 3840 2
5183 3848 1
5183 1290 1
5183 8467 1
5183 16660 1
5183 20759 1
5183 16183 1
5183 21317 1
5183 1891 1
5183 5981 1
5183 18796 1
5183 3444 1
5183 7041 1
5183 7042 1
5183 7043 1
5183 398 1
5183 1425 1
5183 3986 1
5183 1943 1
5183 6040 1
5183 6043 1
5183 18332 1
5183 1438 1
5183 427 1
5183 2997 1
5183 3833 2
5183 4069 1
5183 2535 1
5183 10745 1
5183 3839 2
5184 3444 0
5184 5185 0
5184 3654 0
5184 6739 0
5184 4186 0
5184 2170 0
5184 15004 0
5184 4259 0
5184 8881 0
5184 3806 0
5184 3811 0
5184 3815 0
5184 3816 0
5184 6380 0
5184 3823 0
5184 3826 1
5184 8438 0
5184 3834 1
5184 3835 1
5184 6399 0
5184 3840 1
5184 16661 0
5184 20759 0
5184 16159 0
5184 1891 0
5184 7041 0
5184 7042 0
5184 7043 0
5184 6040 0
5184 6042 0
5184 6043 0
5184 1437 0
5184 1438 0
5184 418 0
5184 2997 0
5184 6071 0
5184 3830 1
5184 4069 0
5184 3839 1
5185 7041 0
5185 5186 1
5185 1891 0
5185 16661 0
5185 20759 0
5185 7042 0
5185 6399 0
5185 7043 0
5185 3831 1
5185 4069 0
5186 7041 1
5186 7042 1
5186 1891 1
5186 4069 1
5186 7043 1
5186 20759 1
5186 6399 1
3654 3840 1
3654 20101 0
3654 18796 0
3654 1290 0
3654 1943 0
3654 6040 0
3654 6041 0
3654 6042 0
3654 12956 1
3654 6045 0
3654 4256 0
3654 4259 0
3654 421 0
3654 427 0
3654 3805 1
3654 6070 0
3654 6071 0
3654 11202 0
3654 3659 0
3654 2771 0
3654 9828 0
3654 2535 0
3654 8871 0
3654 6043 0
3654 3830 1
3654 1620 0
3654 5885 0
3654 1022 0
10315 3840 1
10315 3841 0
10315 19331 0
10315 12933 0
10315 18796 0
10315 1290 0
10315 18062 1
10315 20101 0
10315 6040 0
10315 6041 0
10315 6042 0
10315 6043 0
10315 12956 1
10315 6045 0
10315 16159 0
10315 15004 0
10315 8871 0
10315 427 0
10315 3677 0
10315 19760 0
10315 10315 0
10315 3827 0
10315 19807 1
10315 17084 0
10315 10180 0
10315 3659 0
10315 13135 0
10315 18332 0
10315 1750 0
10315 3672 1
10315 3675 0
10315 3805 1
10315 3806 0
10315 3807 0
10315 3808 0
10315 3809 0
10315 3811 0
10315 3812 0
10315 3813 0
10315 3815 0
10315 3816 0
10315 3817 0
10315 3818 0
10315 3819 0
10315 3820 1
10315 3821 0
10315 3822 0
10315 3823 0
10315 3824 0
10315 3825 0
10315 3826 1
10315 3571 0
10315 3828 0
10315 3829 0
10315 3830 1
10315 3831 1
10315 3833 1
10315 3834 1
10315 3835 1
10315 3836 0
10315 3837 1
10315 3839 1
6739 4186 0
6739 4256 0
6739 4259 0
6739 8467 0
6739 418 0
6739 421 0
6739 6739 0
6739 4740 0
6739 2705 0
6739 8881 0
6739 2937 0
6739 1022 0
6739 5254 0
6739 21317 0
6739 7041 0
6739 3561 0
6739 14072 0
6739 287 0
6739 3808 0
6739 3809 0
6739 3830 1
6739 3831 1
6739 3833 1
6739 3848 0
6739 5981 0
6739 3986 0
6739 4033 0
1620 4259 0
1620 6380 0
1620 287 0
1620 398 0
1620 418 0
1620 421 0
1620 427 0
1620 4740 0
1620 8838 0
1620 14072 0
1620 7043 0
1620 7379 0
1620 9523 0
1620 3571 0
1620 1620 0
1620 3815 0
1620 5864 0
1620 3830 1
1620 3833 1
1620 5981 0
1620 3986 0
1620 1943 0
1620 6042 0
1620 18332 0
1620 5787 0
1620 4033 0
12887 7286 0
12887 4740 0
12887 12933 0
12887 4256 0
12887 19234 0
12887 7379 0
12887 3806 0
12887 3809 0
12887 3811 0
12887 3812 0
12887 3813 0
12887 3815 0
12887 5864 0
12887 3818 0
12887 3821 0
12887 3824 0
12887 3825 0
12887 3831 1
12887 3833 1
12887 3834 1
12887 3835 1
12887 3836 0
12887 3837 1
12887 3839 1
12887 3840 1
12887 3841 0
12887 1290 0
12887 16159 0
12887 18227 0
12887 18796 0
12887 3816 0
12887 6041 0
12887 6042 0
12887 6043 0
12887 418 0
12887 6070 0
12887 448 0
12887 3830 1
12887 9158 0
3672 3840 2
3672 3841 1
3672 19331 1
3672 12933 1
3672 18796 1
3672 1290 1
3672 20101 1
3672 8871 1
3672 6040 1
3672 6041 1
3672 6042 1
3672 6043 1
3672 12956 2
3672 6045 1
3672 16159 1
3672 15004 1
3672 3677 1
3672 3659 1
3672 13135 1
3672 1750 1
3672 3675 1
3672 3805 2
3672 3806 1
3672 3807 1
3672 3808 1
3672 3809 1
3672 3811 1
3672 3812 1
3672 3813 1
3672 3815 1
3672 3816 1
3672 3817 1
3672 3818 1
3672 3819 1
3672 3820 2
3672 3821 1
3672 3822 1
3672 3823 1
3672 3824 1
3672 3825 1
3672 3826 2
3672 3827 1
3672 3828 1
3672 3829 1
3672 3830 2
3672 3831 2
3672 3833 2
3672 3834 2
3672 3835 2
3672 3836 1
3672 3837 2
3672 3454 1
3672 3839 2
3673 20101 1
3673 8871 1
3673 1290 1
3673 3659 1
3673 18796 1
3673 1750 1
3673 6040 1
3673 6041 1
3673 6042 1
3673 6043 1
3673 6045 1
4186 129 0
4186 398 0
4186 3986 0
4186 1437 0
4186 1438 0
4186 5981 0
4186 2997 0
4186 4026 0
4186 4186 0
4186 6380 0
4186 3834 1
3675 3840 1
3675 3841 0
3675 19331 0
3675 12933 0
3675 18796 0
3675 1290 0
3675 20101 0
3675 6040 0
3675 6041 0
3675 6042 0
3675 6043 0
3675 15004 0
3675 6045 0
3675 16159 0
3675 8871 0
3675 3677 0
3675 3659 0
3675 1750 0
3675 3805 1
3675 3806 0
3675 3807 0
3675 3808 0
3675 3809 0
3675 3811 0
3675 3812 0
3675 3813 0
3675 3815 0
3675 3816 0
3675 3817 0
3675 3818 0
3675 3819 0
3675 3820 1
3675 3821 0
3675 3822 0
3675 3823 0
3675 3824 0
3675 3825 0
3675 3826 1
3675 3827 0
3675 3828 0
3675 3829 0
3675 3830 1
3675 3831 1
3675 3833 1
3675 3834 1
3675 3835 1
3675 3836 0
3675 3837 1
3675 3839 1
3676 3840 1
3676 19331 0
3676 20101 0
3676 1290 0
3676 6040 0
3676 6041 0
3676 6042 0
3676 6043 0
3676 6045 0
3676 16159 0
3676 1703 0
3676 3659 0
3676 1750 0
3676 3813 0
3676 3815 0
3676 8871 0
3676 18796 0
3676 3833 1
3676 3834 1
3676 3835 1
3676 3836 0
3677 3840 1
3677 3841 0
3677 19331 0
3677 12933 0
3677 18796 0
3677 1290 0
3677 18062 1
3677 20101 0
3677 6040 0
3677 6041 0
3677 6042 0
3677 6043 0
3677 15004 0
3677 6045 0
3677 16159 0
3677 8871 0
3677 19760 0
3677 3659 0
3677 1750 0
3677 3805 1
3677 3806 0
3677 3807 0
3677 3808 0
3677 3809 0
3677 3811 0
3677 3812 0
3677 3813 0
3677 3815 0
3677 3816 0
3677 3817 0
3677 3818 0
3677 3819 0
3677 3820 1
3677 3821 0
3677 3822 0
3677 3823 0
3677 3824 0
3677 3825 0
3677 3826 1
3677 3827 0
3677 3828 0
3677 3829 0
3677 3830 1
3677 3831 1
3677 3833 1
3677 3834 1
3677 3835 1
3677 3836 0
3677 3837 1
3677 3839 1
9828 9828 0
9828 2170 0
9828 12933 0
9828 18062 1
9828 3729 0
9828 12956 1
9828 287 0
9828 7878 0
9828 3805 1
9828 3807 0
9828 3813 0
9828 3818 0
9828 3822 0
9828 3825 0
9828 3829 0
9828 3830 1
9828 3831 1
9828 3833 1
9828 3836 0
9828 5885 0
9828 3839 1
9828 8467 0
9828 19760 0
9828 13135 0
9828 19807 1
9828 15004 0
9828 6137 0
1128 5573 0
1128 3815 0
1128 1290 0
1128 16159 0
1128 3835 1
1128 3837 1
1128 3839 1
16494 7286 0
16494 4740 0
16494 4256 0
16494 3806 0
16494 3812 0
16494 3821 0
16494 3824 0
16494 3825 0
16494 3830 1
16494 3836 0
16494 3839 1
16494 16159 0
16494 19234 0
16494 6070 0
16494 9158 0
7286 6380 0
7286 7379 0
7286 3806 0
7286 3824 0
7286 3825 0
7286 3830 1
7286 3834 1
7286 3835 1
7286 16660 0
7286 16661 0
7286 9523 0
7286 5981 0
7286 400 0
7286 6045 0
7286 418 0
7286 421 0
7286 427 0
7286 6070 0
7286 6071 0
7286 448 0
7286 13775 0
7286 10211 0
7286 1022 0
2170 18062 1
2170 3839 1
1147 3986 0
1147 8467 0
1147 18332 0
1147 3834 1
1147 3806 0
1147 8438 0
1147 3561 0
1147 6380 0
1147 3830 1
129 6070 0
129 129 0
129 4259 0
129 7379 0
129 3831 1
129 3833 1
129 3834 1
129 5254 0
129 3808 0
129 3809 0
129 16183 0
129 400 0
129 6042 0
129 418 0
129 421 0
129 5981 0
129 1437 0
129 448 0
129 4256 0
129 9158 0
129 14072 0
129 2535 0
129 1022 0
4740 4740 0
4740 6380 0
4740 8467 0
4740 15004 0
4740 5573 0
4740 7379 0
4740 9523 0
4740 13135 0
4740 10211 0
4740 3561 0
4740 3986 0
4740 3571 0
4740 8438 0
4740 3834 1
4740 3835 1
20101 3840 1
20101 3841 0
20101 12933 0
20101 1290 0
20101 3831 1
20101 6040 0
20101 19331 0
20101 3805 1
20101 3813 0
20101 3812 0
20101 16159 0
20101 3828 0
20101 3807 0
20101 3808 0
20101 3809 0
20101 13135 0
20101 3811 0
20101 1750 0
20101 3806 0
20101 3815 0
20101 3816 0
20101 3561 0
20101 3818 0
20101 3819 0
20101 3820 1
20101 3821 0
20101 3822 0
20101 3823 0
20101 3824 0
20101 3825 0
20101 3826 1
20101 3827 0
20101 3829 0
20101 3830 1
20101 3817 0
20101 3833 1
20101 3834 1
20101 3835 1
20101 3836 0
20101 3837 1
20101 3839 1
5254 287 0
5254 2535 0
5254 3841 0
5254 4770 0
5254 2771 0
5254 5254 0
5254 1438 0
5254 15783 1
5254 3831 1
5254 14072 0
5254 3833 1
5254 3986 0
3948 6041 0
3948 10745 0
3948 3948 0
3948 3833 1
3948 3834 1
3948 1022 0
18062 12933 1
18062 3575 1
18062 1290 1
18062 12956 2
18062 19760 1
18062 15004 1
18062 10180 1
18062 5573 1
18062 13135 1
18062 2771 1
18062 19807 2
18062 3813 1
18062 3729 1
18062 17006 1
18062 3827 1
18062 3831 2
18062 3833 2
18062 3835 2
18062 3836 1
18062 3839 2
3729 4259 0
3729 287 0
3729 421 0
3729 8881 0
3729 7042 0
3729 1290 0
3729 3729 0
3729 3809 0
3729 3813 0
3729 3830 1
3729 3831 1
3729 3833 1
3729 5981 0
3729 1943 0
3729 4033 0
17006 17006 0
17006 12956 1
17006 7043 0
1177 1177 0
1177 3833 1
1177 2937 0
4762 18227 0
4762 16661 0
4762 4770 0
4762 4259 0
4762 7379 0
4762 6380 0
4762 3825 0
4762 3826 1
4762 3839 1
4762 1290 0
4762 9523 0
4762 18796 0
4762 398 0
4762 400 0
4762 6042 0
4762 6070 0
4762 4256 0
5787 5787 0
5787 7379 0
5787 3837 1
5787 3840 1
5787 3936 0
5787 3986 0
5787 10745 0
15004 3840 1
15004 3841 0
15004 19331 0
15004 12933 0
15004 6040 0
15004 16159 0
15004 12956 1
15004 13775 0
15004 7379 0
15004 3812 0
15004 3805 1
15004 3806 0
15004 3807 0
15004 3808 0
15004 3809 0
15004 3811 0
15004 3813 0
15004 3815 0
15004 3816 0
15004 3817 0
15004 3818 0
15004 3819 0
15004 3820 1
15004 3821 0
15004 3822 0
15004 3823 0
15004 3824 0
15004 3825 0
15004 3826 1
15004 3827 0
15004 3828 0
15004 3829 0
15004 3830 1
15004 3831 1
15004 3833 1
15004 3834 1
15004 3835 1
15004 3836 0
15004 3837 1
15004 3839 1
4256 2937 0
4256 4259 0
4256 6380 0
4256 16661 0
4256 18796 0
4256 418 0
4256 421 0
4256 7379 0
4256 8838 0
4256 2771 0
4256 19234 0
4256 2997 0
4256 9158 0
4256 1022 0
4256 1290 0
4256 9523 0
4256 13775 0
4256 3561 0
4256 3821 0
4256 3831 1
4256 3833 1
4256 3839 1
4256 5981 0
4256 3986 0
4256 1943 0
4256 6042 0
4256 18332 0
4256 6065 0
4256 6070 0
4256 6071 0
4256 10211 0
21153 3821 0
21153 3827 0
21153 3835 1
21153 5981 0
4770 8467 0
4770 6042 0
4770 3382 0
4770 13775 0
4770 6380 0
4770 7379 0
4770 3561 0
4770 3830 1
4770 1022 0
4770 3839 1
4259 6071 0
4259 6380 0
4259 8467 0
4259 16660 0
4259 2705 0
4259 8881 0
4259 18332 0
4259 7878 0
4259 14072 0
4259 2771 0
4259 3808 0
4259 3822 0
4259 3825 0
4259 3827 0
4259 3830 1
4259 18796 0
4259 3839 1
4259 3840 1
4259 3841 0
4259 1290 0
4259 16661 0
4259 16159 0
4259 8838 0
4259 2937 0
4259 3986 0
4259 421 0
4259 427 0
4259 8438 0
4259 9158 0
4259 3561 0
4259 1022 0
8871 3840 1
8871 3841 0
8871 19331 0
8871 12933 0
8871 18796 0
8871 1290 0
8871 16159 0
8871 3805 1
8871 3813 0
8871 3812 0
8871 3807 0
8871 3808 0
8871 3809 0
8871 3811 0
8871 1750 0
8871 3806 0
8871 3815 0
8871 3816 0
8871 3817 0
8871 3818 0
8871 3819 0
8871 3820 1
8871 3821 0
8871 3822 0
8871 3823 0
8871 3824 0
8871 3825 0
8871 3826 1
8871 3827 0
8871 3828 0
8871 3829 0
8871 3830 1
8871 3831 1
8871 3833 1
8871 3834 1
8871 3835 1
8871 3836 0
8871 3837 1
8871 3839 1
8881 8881 0
8881 8467 0
8881 2705 0
8881 14072 0
8881 1022 0
8881 2937 0
8881 3444 0
8881 1437 0
8881 3561 0
8881 287 0
8881 3834 1
8881 3848 0
8881 5981 0
8881 3986 0
8881 18332 0
287 8438 0
287 287 0
287 421 0
287 448 0
287 8838 0
287 2771 0
287 19234 0
287 3806 0
287 3808 0
287 3809 0
287 3818 0
287 3820 1
287 3823 0
287 3831 1
287 3835 1
287 21317 0
287 13135 0
287 5864 0
287 14072 0
287 5885 0
287 6070 0
287 6137 0
287 7379 0
287 4033 0
17084 3986 0
17084 18332 0
17084 3830 1
17084 3839 1
7878 427 0
7878 3561 0
7878 3821 0
7878 5885 0
7878 8467 0
7878 8438 0
7878 3833 1
7878 3835 1
7379 6065 0
7379 6071 0
7379 12933 0
7379 16159 0
7379 18332 0
7379 7379 0
7379 3806 0
7379 3809 0
7379 3811 0
7379 3812 0
7379 3815 0
7379 3816 0
7379 3821 0
7379 3825 0
7379 3830 1
7379 3831 1
7379 3834 1
7379 3835 1
7379 3836 0
7379 3837 1
7379 3839 1
7379 3840 1
7379 3841 0
7379 19234 0
7379 4425 0
7379 3986 0
7379 1943 0
7379 6040 0
7379 6041 0
7379 6042 0
7379 6043 0
7379 2997 0
7379 6070 0
7379 8438 0
7379 9158 0
7379 10211 0
1750 3840 1
1750 3841 0
1750 19331 0
1750 12933 0
1750 1290 0
1750 8467 0
1750 6040 0
1750 6041 0
1750 6042 0
1750 6043 0
1750 3831 1
1750 16159 0
1750 6045 0
1750 18796 0
1750 3659 0
1750 3805 1
1750 3806 0
1750 3807 0
1750 3808 0
1750 3809 0
1750 3811 0
1750 3812 0
1750 3813 0
1750 3815 0
1750 3816 0
1750 3561 0
1750 3818 0
1750 3819 0
1750 3820 1
1750 3821 0
1750 3822 0
1750 3823 0
1750 3824 0
1750 3825 0
1750 3826 1
1750 3827 0
1750 3828 0
1750 3829 0
1750 3830 1
1750 3817 0
1750 3833 1
1750 3834 1
1750 3835 1
1750 3836 0
1750 3837 1
1750 3839 1
3805 3840 2
3805 3841 1
3805 19331 1
3805 12933 1
3805 18796 1
3805 1290 1
3805 6040 1
3805 6041 1
3805 6042 1
3805 6043 1
3805 12956 2
3805 6045 1
3805 16159 1
3805 5885 1
3805 3659 1
3805 3811 1
3805 3806 1
3805 3807 1
3805 3808 1
3805 3809 1
3805 3812 1
3805 3813 1
3805 3815 1
3805 3816 1
3805 3817 1
3805 3818 1
3805 3819 1
3805 3820 2
3805 3821 1
3805 3822 1
3805 3823 1
3805 3824 1
3805 3825 1
3805 3826 2
3805 3827 1
3805 3828 1
3805 3829 1
3805 3830 2
3805 3831 2
3805 3833 2
3805 3834 2
3805 3835 2
3805 3836 1
3805 3837 2
3805 3839 2
3806 16661 0
3806 12933 0
3806 16159 0
3806 3807 0
3806 3808 0
3806 3809 0
3806 3811 0
3806 3812 0
3806 3813 0
3806 3815 0
3806 3816 0
3806 3817 0
3806 3818 0
3806 3819 0
3806 3820 1
3806 3821 0
3806 3822 0
3806 3823 0
3806 3824 0
3806 3825 0
3806 3826 1
3806 3828 0
3806 3829 0
3806 8438 0
3806 3831 1
3806 3834 1
3806 3835 1
3806 3836 0
3806 3837 1
3806 3839 1
3806 3840 1
3806 3841 0
3806 1290 0
3806 19331 0
3806 2771 0
3806 19234 0
3806 19760 0
3806 18796 0
3806 2937 0
3806 398 0
3806 400 0
3806 1943 0
3806 6040 0
3806 6041 0
3806 6042 0
3806 6043 0
3806 6045 0
3806 418 0
3806 3827 0
3806 2997 0
3806 3659 0
3806 3830 1
3806 9158 0
3806 13775 0
3806 3833 1
3806 10211 0
3807 3840 1
3807 3841 0
3807 19331 0
3807 12933 0
3807 18796 0
3807 1290 0
3807 3822 0
3807 6040 0
3807 6041 0
3807 6042 0
3807 6043 0
3807 6045 0
3807 16159 0
3807 3659 0
3807 13135 0
3807 3808 0
3807 3809 0
3807 3811 0
3807 3812 0
3807 3813 0
3807 3815 0
3807 3816 0
3807 3817 0
3807 3818 0
3807 3819 0
3807 3820 1
3807 3821 0
3807 3823 0
3807 3824 0
3807 3825 0
3807 3826 1
3807 3827 0
3807 3828 0
3807 3829 0
3807 3830 1
3807 3831 1
3807 3833 1
3807 3834 1
3807 3835 1
3807 3836 0
3807 3837 1
3807 3839 1
3808 3659 0
3808 12933 0
3808 16159 0
3808 3809 0
3808 3811 0
3808 3812 0
3808 3813 0
3808 3815 0
3808 3816 0
3808 3817 0
3808 3818 0
3808 3819 0
3808 3820 1
3808 3821 0
3808 3822 0
3808 3823 0
3808 3824 0
3808 3826 1
3808 3827 0
3808 3828 0
3808 3829 0
3808 3830 1
3808 3831 1
3808 3833 1
3808 3834 1
3808 3835 1
3808 3836 0
3808 3837 1
3808 3839 1
3808 3840 1
3808 3841 0
3808 1290 0
3808 18796 0
3808 19331 0
3808 6040 0
3808 6041 0
3808 6042 0
3808 6043 0
3808 6045 0
3808 3825 0
3808 9145 0
3808 14072 0
3809 3840 1
3809 12933 0
3809 3841 0
3809 18796 0
3809 1290 0
3809 10745 0
3809 19331 0
3809 1943 0
3809 6040 0
3809 6041 0
3809 6042 0
3809 6043 0
3809 6045 0
3809 16159 0
3809 18227 0
3809 3659 0
3809 3813 0
3809 3811 0
3809 3812 0
3809 3815 0
3809 3816 0
3809 3817 0
3809 3818 0
3809 3819 0
3809 3820 1
3809 3821 0
3809 3822 0
3809 3823 0
3809 3824 0
3809 3825 0
3809 3826 1
3809 3827 0
3809 3828 0
3809 3829 0
3809 3830 1
3809 3831 1
3809 3833 1
3809 3834 1
3809 3835 1
3809 3836 0
3809 3837 1
3809 3839 1
3811 3840 1
3811 3841 0
3811 19331 0
3811 12933 0
3811 18796 0
3811 1290 0
3811 16661 0
3811 6040 0
3811 6041 0
3811 6042 0
3811 12956 1
3811 6045 0
3811 16159 0
3811 6043 0
3811 3659 0
3811 3812 0
3811 3813 0
3811 3815 0
3811 3816 0
3811 3817 0
3811 3818 0
3811 3819 0
3811 3820 1
3811 3821 0
3811 3822 0
3811 3823 0
3811 3824 0
3811 3825 0
3811 3826 1
3811 3827 0
3811 3828 0
3811 3829 0
3811 3830 1
3811 3831 1
3811 3833 1
3811 3834 1
3811 3835 1
3811 3836 0
3811 3837 1
3811 3839 1
3812 3820 1
3812 3659 0
3812 12933 0
3812 3813 0
3812 3815 0
3812 3816 0
3812 3817 0
3812 3818 0
3812 3819 0
3812 6380 0
3812 3821 0
3812 3822 0
3812 3823 0
3812 3824 0
3812 3825 0
3812 3826 1
3812 3828 0
3812 3829 0
3812 3831 1
3812 3833 1
3812 3834 1
3812 3835 1
3812 3836 0
3812 3837 1
3812 3839 1
3812 3840 1
3812 3841 0
3812 1290 0
3812 19331 0
3812 16159 0
3812 19234 0
3812 9523 0
3812 3830 1
3812 18796 0
3812 6040 0
3812 6041 0
3812 6042 0
3812 6043 0
3812 6045 0
3812 3827 0
3812 6071 0
3812 8438 0
3812 1703 0
3812 13775 0
3812 10211 0
3813 3840 1
3813 3841 0
3813 19331 0
3813 6380 0
3813 1290 0
3813 400 0
3813 6040 0
3813 6041 0
3813 6042 0
3813 6043 0
3813 12956 1
3813 6045 0
3813 12933 0
3813 19760 0
3813 18796 0
3813 6070 0
3813 16159 0
3813 448 0
3813 3659 0
3813 13135 0
3813 3815 0
3813 3816 0
3813 3817 0
3813 3818 0
3813 3819 0
3813 3820 1
3813 3821 0
3813 3822 0
3813 3823 0
3813 3824 0
3813 3825 0
3813 3826 1
3813 3827 0
3813 3828 0
3813 3829 0
3813 3830 1
3813 3831 1
3813 3833 1
3813 3834 1
3813 3835 1
3813 3836 0
3813 3837 1
3813 3839 1
3815 427 0
3815 6070 0
3815 12933 0
3815 8838 0
3815 12956 1
3815 3816 0
3815 3817 0
3815 3818 0
3815 3819 0
3815 3820 1
3815 3821 0
3815 3822 0
3815 3823 0
3815 3824 0
3815 3825 0
3815 3826 1
3815 2771 0
3815 3828 0
3815 3829 0
3815 3830 1
3815 3831 1
3815 3833 1
3815 3834 1
3815 3835 1
3815 3836 0
3815 3837 1
3815 3839 1
3815 3840 1
3815 3841 0
3815 1290 0
3815 16159 0
3815 18227 0
3815 13135 0
3815 18796 0
3815 19331 0
3815 400 0
3815 6040 0
3815 3986 0
3815 1943 0
3815 6041 0
3815 6042 0
3815 6043 0
3815 18332 0
3815 6045 0
3815 1438 0
3815 3827 0
3815 6071 0
3815 4033 0
3815 11202 0
3815 3659 0
3815 2535 0
3815 1022 0
5864 5864 0
5864 3834 1
5864 3840 1
5864 3986 0
5864 6043 0
5864 4069 0
3817 12933 0
3817 3816 0
3817 3818 0
3817 3819 0
3817 3820 1
3817 3821 0
3817 3822 0
3817 3823 0
3817 3824 0
3817 3825 0
3817 3826 1
3817 3827 0
3817 3828 0
3817 3829 0
3817 3830 1
3817 3831 1
3817 3833 1
3817 3834 1
3817 3835 1
3817 3836 0
3817 3837 1
3817 3839 1
3817 3840 1
3817 3841 0
3817 1290 0
3817 16159 0
3817 18796 0
3817 19331 0
3817 6040 0
3817 6041 0
3817 6042 0
3817 6043 0
3817 6045 0
3817 3659 0
3818 3840 1
3818 3841 0
3818 19331 0
3818 12933 0
3818 18796 0
3818 1290 0
3818 6040 0
3818 6041 0
3818 6042 0
3818 6043 0
3818 6045 0
3818 16159 0
3818 3659 0
3818 13775 0
3818 3816 0
3818 3819 0
3818 3820 1
3818 3821 0
3818 3822 0
3818 3823 0
3818 3824 0
3818 3825 0
3818 3826 1
3818 3827 0
3818 3828 0
3818 3829 0
3818 3830 1
3818 3831 1
3818 3833 1
3818 3834 1
3818 3835 1
3818 3836 0
3818 3837 1
3818 3839 1
3819 3840 1
3819 3841 0
3819 19331 0
3819 12933 0
3819 18796 0
3819 1290 0
3819 6040 0
3819 6041 0
3819 6042 0
3819 6045 0
3819 16159 0
3819 6043 0
3819 3659 0
3819 3816 0
3819 3820 1
3819 3821 0
3819 3822 0
3819 3823 0
3819 3824 0
3819 3825 0
3819 3826 1
3819 3827 0
3819 3828 0
3819 3829 0
3819 3830 1
3819 3831 1
3819 3833 1
3819 3834 1
3819 3835 1
3819 3836 0
3819 3837 1
3819 3839 1
3820 3840 2
3820 3841 1
3820 19331 1
3820 12933 1
3820 1290 1
3820 6040 1
3820 6041 1
3820 6042 1
3820 6043 1
3820 6045 1
3820 421 1
3820 1703 1
3820 16159 1
3820 3659 1
3820 3816 1
3820 18796 1
3820 3821 1
3820 3822 1
3820 3823 1
3820 3824 1
3820 3825 1
3820 3826 2
3820 3827 1
3820 3828 1
3820 3829 1
3820 3830 2
3820 3831 2
3820 3833 2
3820 3834 2
3820 3835 2
3820 3836 1
3820 3837 2
3820 3839 2
3821 3840 1
3821 3841 0
3821 12933 0
3821 6380 0
3821 1290 0
3821 18796 0
3821 19331 0
3821 6040 0
3821 6041 0
3821 6042 0
3821 6043 0
3821 16159 0
3821 1703 0
3821 6045 0
3821 9523 0
3821 10211 0
3821 3827 0
3821 3659 0
3821 13135 0
3821 13775 0
3821 3816 0
3821 3822 0
3821 3823 0
3821 3824 0
3821 3825 0
3821 3826 1
3821 3571 0
3821 3828 0
3821 3829 0
3821 3830 1
3821 3831 1
3821 3833 1
3821 3834 1
3821 3835 1
3821 3836 0
3821 3837 1
3821 3839 1
3822 3840 1
3822 3841 0
3822 19331 0
3822 12933 0
3822 18796 0
3822 1290 0
3822 16661 0
3822 6040 0
3822 6041 0
3822 6042 0
3822 6043 0
3822 1438 0
3822 16159 0
3822 1703 0
3822 6045 0
3822 427 0
3822 3827 0
3822 3659 0
3822 13135 0
3822 2771 0
3822 3816 0
3822 3823 0
3822 3824 0
3822 3825 0
3822 3826 1
3822 3571 0
3822 3828 0
3822 3829 0
3822 3830 1
3822 3831 1
3822 3833 1
3822 3834 1
3822 3835 1
3822 3836 0
3822 3837 1
3822 3839 1
3823 3840 1
3823 3841 0
3823 19331 0
3823 12933 0
3823 18796 0
3823 1290 0
3823 6040 0
3823 6041 0
3823 6042 0
3823 6043 0
3823 12956 1
3823 6045 0
3823 3827 0
3823 16159 0
3823 3659 0
3823 13135 0
3823 3816 0
3823 3824 0
3823 3825 0
3823 3826 1
3823 3571 0
3823 3828 0
3823 3829 0
3823 3830 1
3823 3831 1
3823 3833 1
3823 3834 1
3823 3835 1
3823 3836 0
3823 3837 1
3823 3839 1
3824 3840 1
3824 3841 0
3824 12933 0
3824 6380 0
3824 1290 0
3824 400 0
3824 2705 0
3824 19331 0
3824 6040 0
3824 6041 0
3824 6042 0
3824 6043 0
3824 3831 1
3824 16159 0
3824 6045 0
3824 427 0
3824 6071 0
3824 9158 0
3824 3659 0
3824 19234 0
3824 2771 0
3824 3816 0
3824 18796 0
3824 3825 0
3824 3826 1
3824 3571 0
3824 3828 0
3824 3829 0
3824 3830 1
3824 3827 0
3824 3833 1
3824 3834 1
3824 3835 1
3824 3836 0
3824 3837 1
3824 3839 1
3825 12933 0
3825 1703 0
3825 3816 0
3825 6380 0
3825 3826 1
3825 3827 0
3825 3828 0
3825 3829 0
3825 8438 0
3825 3831 1
3825 3833 1
3825 3834 1
3825 3835 1
3825 3836 0
3825 3837 1
3825 3839 1
3825 3840 1
3825 3841 0
3825 1290 0
3825 8467 0
3825 16661 0
3825 10526 0
3825 16159 0
3825 19234 0
3825 13135 0
3825 3830 1
3825 18796 0
3825 19331 0
3825 6040 0
3825 6041 0
3825 6042 0
3825 6043 0
3825 6045 0
3825 6071 0
3825 3659 0
3825 5573 0
3825 9158 0
3825 10211 0
3826 12933 1
3826 2705 1
3826 1703 1
3826 3816 1
3826 3827 1
3826 3828 1
3826 3829 1
3826 3830 2
3826 3831 2
3826 3834 2
3826 3835 2
3826 3836 1
3826 3837 2
3826 3839 2
3826 3840 2
3826 3841 1
3826 1290 1
3826 8467 1
3826 16661 1
3826 10526 1
3826 16159 1
3826 3372 1
3826 16183 1
3826 4425 1
3826 13135 1
3826 18796 1
3826 2937 1
3826 3454 1
3826 19331 1
3826 6040 1
3826 6041 1
3826 6042 1
3826 6043 1
3826 6045 1
3826 418 1
3826 421 1
3826 427 1
3826 6070 1
3826 448 1
3826 11202 1
3826 3659 1
3826 3833 2
3826 3571 1
3826 3575 1
3826 1022 1
2771 427 0
2771 12933 0
2771 3830 1
2771 3831 1
2771 14072 0
2771 3833 1
2771 3834 1
2771 3839 1
2771 1290 0
2771 19760 0
2771 8838 0
2771 16183 0
2771 7043 0
2771 6041 0
2771 6042 0
2771 6043 0
2771 21317 0
2771 418 0
2771 421 0
2771 6071 0
2771 9158 0
2771 3561 0
3828 3840 1
3828 3841 0
3828 19331 0
3828 12933 0
3828 18796 0
3828 1290 0
3828 6040 0
3828 6041 0
3828 6042 0
3828 6043 0
3828 6045 0
3828 16159 0
3828 3659 0
3828 3816 0
3828 3827 0
3828 3829 0
3828 3830 1
3828 3831 1
3828 3833 1
3828 3834 1
3828 3835 1
3828 3836 0
3828 3837 1
3828 3839 1
3829 3840 1
3829 3841 0
3829 19331 0
3829 12933 0
3829 18796 0
3829 1290 0
3829 6040 0
3829 6041 0
3829 6042 0
3829 6043 0
3829 6045 0
3829 16159 0
3829 6137 0
3829 3659 0
3829 13135 0
3829 3816 0
3829 3827 0
3829 3830 1
3829 3831 1
3829 3833 1
3829 3834 1
3829 3835 1
3829 3836 0
3829 3837 1
3829 3839 1
3830 18227 1
3830 3659 1
3830 12933 1
3830 8838 1
3830 12956 2
3830 3816 1
3830 6380 1
3830 8438 1
3830 3831 2
3830 3833 2
3830 3834 2
3830 3835 2
3830 3836 1
3830 3837 2
3830 3839 2
3830 3840 2
3830 3841 1
3830 1290 1
3830 16660 1
3830 16661 1
3830 16159 1
3830 19234 1
3830 9523 1
3830 5981 1
3830 18796 1
3830 3444 1
3830 19331 1
3830 398 1
3830 400 1
3830 3986 1
3830 6040 1
3830 6041 1
3830 6042 1
3830 6043 1
3830 18332 1
3830 6045 1
3830 418 1
3830 421 1
3830 427 1
3830 6065 1
3830 3827 1
3830 4033 1
3830 11202 1
3830 13775 1
3830 10211 1
3830 2535 1
3830 6137 1
3830 1022 1
3831 12933 1
3831 8857 1
3831 16159 1
3831 3816 1
3831 3827 1
3831 3833 2
3831 3834 2
3831 3835 2
3831 3836 1
3831 3837 2
3831 3839 2
3831 3840 2
3831 3841 1
3831 1290 1
3831 8467 1
3831 16661 1
3831 19760 1
3831 18227 1
3831 13135 1
3831 2705 1
3831 18796 1
3831 19331 1
3831 3986 1
3831 6040 1
3831 6041 1
3831 6042 1
3831 6043 1
3831 18332 1
3831 1437 1
3831 1438 1
3831 427 1
3831 6045 1
3831 4026 1
3831 3659 1
3831 3561 1
14072 6380 0
14072 5885 0
14072 3839 1
14072 3848 0
14072 8467 0
14072 1943 0
14072 18332 0
14072 3986 0
14072 6065 0
14072 3561 0
3833 3659 1
3833 12933 1
3833 18796 1
3833 8857 1
3833 12956 2
3833 3816 1
3833 3827 1
3833 3834 2
3833 3835 2
3833 3836 1
3833 3837 2
3833 3839 2
3833 3840 2
3833 3841 1
3833 1290 1
3833 8467 1
3833 16661 1
3833 16159 1
3833 19760 1
3833 18227 1
3833 3382 1
3833 5981 1
3833 19807 2
3833 19331 1
3833 398 1
3833 400 1
3833 3986 1
3833 1943 1
3833 6040 1
3833 6041 1
3833 6042 1
3833 6043 1
3833 6045 1
3833 6065 1
3833 2997 1
3833 9145 1
3833 11202 1
3833 10180 1
3833 5573 1
3833 3561 1
3833 6137 1
3834 3659 1
3834 12933 1
3834 18796 1
3834 2705 1
3834 8438 1
3834 3835 2
3834 3836 1
3834 3837 2
3834 3839 2
3834 3840 2
3834 3841 1
3834 1290 1
3834 19331 1
3834 16660 1
3834 16159 1
3834 9523 1
3834 4425 1
3834 13135 1
3834 10211 1
3834 3936 1
3834 1891 1
3834 3816 1
3834 2937 1
3834 398 1
3834 6040 1
3834 6041 1
3834 6042 1
3834 6043 1
3834 6045 1
3834 427 1
3834 3827 1
3834 6070 1
3834 9158 1
3834 13775 1
3834 4069 1
3835 12933 1
3835 3816 1
3835 3827 1
3835 3836 1
3835 3837 2
3835 3839 2
3835 3840 2
3835 3841 1
3835 1290 1
3835 10526 1
3835 6045 1
3835 18796 1
3835 19331 1
3835 6040 1
3835 6041 1
3835 6042 1
3835 6043 1
3835 1437 1
3835 16159 1
3835 421 1
3835 427 1
3835 6070 1
3835 6071 1
3835 4026 1
3835 448 1
3835 3659 1
3836 3840 1
3836 3841 0
3836 19331 0
3836 12933 0
3836 18796 0
3836 1290 0
3836 400 0
3836 6040 0
3836 6041 0
3836 6042 0
3836 6043 0
3836 12956 1
3836 6045 0
3836 16159 0
3836 19760 0
3836 9523 0
3836 19807 1
3836 11202 0
3836 3659 0
3836 13775 0
3836 15783 1
3836 13135 0
3836 3816 0
3836 3827 0
3836 3837 1
3836 3839 1
3837 3840 2
3837 3841 1
3837 19331 1
3837 12933 1
3837 3848 1
3837 6380 1
3837 1290 1
3837 18796 1
3837 8467 1
3837 6040 1
3837 6041 1
3837 6042 1
3837 16159 1
3837 6043 1
3837 10211 1
3837 3827 1
3837 3659 1
3837 19234 1
3837 6045 1
3837 13775 1
3837 3839 2
3837 3561 1
3837 3816 1
3837 3571 1
3837 2937 1
3839 6071 1
3839 12933 1
3839 8838 1
3839 3816 1
3839 3827 1
3839 3840 2
3839 3841 1
3839 1290 1
3839 16159 1
3839 18227 1
3839 3382 1
3839 13135 1
3839 18796 1
3839 19331 1
3839 1425 1
3839 6040 1
3839 6041 1
3839 6042 1
3839 6043 1
3839 6045 1
3839 4033 1
3839 3659 1
3839 5573 1
3839 9158 1
3839 3571 1
3839 10745 1
3840 12933 1
3840 16159 1
3840 3827 1
3840 3841 1
3840 1290 1
3840 19234 1
3840 18227 1
3840 3936 1
3840 18796 1
3840 3816 1
3840 7041 1
3840 19331 1
3840 6380 1
3840 1943 1
3840 6040 1
3840 6041 1
3840 6042 1
3840 6043 1
3840 6045 1
3840 3659 1
3840 5573 1
3840 13775 1
3840 10211 1
3841 19331 0
3841 12933 0
3841 18796 0
3841 1290 0
3841 8467 0
3841 6040 0
3841 6041 0
3841 6042 0
3841 6043 0
3841 10526 0
3841 10211 0
3841 16159 0
3841 3659 0
3841 6045 0
3841 13135 0
3841 3816 0
3841 3561 0
3841 3827 0
3841 2937 0
3848 5981 0
3848 2705 0
3848 18332 0
3848 3848 0
3848 2937 0
3848 5885 0
3848 1022 0
1290 3659 0
1290 12933 0
1290 8838 0
1290 9158 0
1290 3816 0
1290 3827 0
1290 1290 0
1290 19331 0
1290 16159 0
1290 6045 0
1290 18796 0
1290 398 0
1290 400 0
1290 1425 0
1290 3986 0
1290 6040 0
1290 6041 0
1290 6042 0
1290 6043 0
1290 18332 0
1290 1437 0
1290 6070 0
1290 6071 0
1290 4026 0
1290 448 0
1290 11202 0
1290 5573 0
1290 8438 0
1290 3561 0
1290 1022 0
8467 10745 0
8467 8857 0
8467 5573 0
8467 2937 0
8467 9145 0
8467 15783 1
8467 8467 0
8467 18227 0
8467 5981 0
8467 6041 0
8467 6043 0
8467 4026 0
8467 1022 0
16660 398 0
16660 400 0
16660 427 0
16660 6071 0
16660 448 0
16660 6070 0
16660 13135 0
16660 8438 0
16660 10211 0
16661 398 0
16661 400 0
16661 3986 0
16661 16159 0
16661 418 0
16661 421 0
16661 18332 0
16661 427 0
16661 6070 0
16661 6071 0
16661 448 0
16661 6042 0
16661 9158 0
16661 5981 0
16661 8438 0
16661 1022 0
20759 7041 0
20759 7043 0
20759 20759 0
20759 7042 0
20759 1438 0
20759 4026 0
20759 6399 0
16159 12933 0
16159 12956 1
16159 3816 0
16159 3827 0
16159 19234 0
16159 9523 0
16159 13135 0
16159 18796 0
16159 19331 0
16159 398 0
16159 400 0
16159 6040 0
16159 6041 0
16159 6042 0
16159 6043 0
16159 6045 0
16159 418 0
16159 421 0
16159 6070 0
16159 3659 0
16159 5573 0
16159 13775 0
16159 10211 0
16159 3571 0
19234 18227 0
19234 3382 0
19234 21317 0
19234 10211 0
19234 6041 0
19234 1437 0
19234 6070 0
19234 9158 0
19234 13775 0
19234 3571 0
8838 19331 0
8838 12933 0
8838 3986 0
8838 6042 0
8838 18332 0
8838 427 0
8838 9523 0
8838 9158 0
8838 13135 0
8838 18796 0
9523 6380 0
9523 3936 0
9523 6041 0
3372 12956 1
3372 6399 0
3372 3372 0
3372 5981 0
3372 2937 0
3372 7043 0
19760 12933 0
19760 3986 0
19760 12956 1
19760 1437 0
19760 21317 0
19760 13135 0
19760 6137 0
8857 3986 0
8857 3561 0
18227 18332 0
18227 6380 0
18227 4425 0
18227 3561 0
3382 6380 0
3382 3575 0
3382 3936 0
16183 5981 0
21317 2705 0
21317 12956 1
21317 2937 0
21317 1437 0
4425 3986 0
13135 12933 0
13135 19807 1
13135 12956 1
13135 3827 0
13135 6137 0
5981 398 0
5981 421 0
5981 448 0
5981 1943 0
5981 2997 0
5981 3561 0
5981 3986 0
5981 12933 0
5981 5885 0
5981 5981 0
5981 6041 0
5981 6065 0
5981 6071 0
19807 12933 1
1891 6399 0
1891 3444 0
1891 1438 0
1891 4069 0
2705 5885 0
2705 6041 0
2705 1437 0
18796 6380 0
18796 12933 0
18796 3816 0
18796 3827 0
18796 19331 0
18796 398 0
18796 6040 0
18796 6041 0
18796 6042 0
18796 6043 0
18796 6045 0
18796 421 0
18796 427 0
18796 6070 0
18796 1022 0
3816 12933 0
3816 3827 0
3816 19331 0
3816 3986 0
3816 6040 0
3816 6041 0
3816 6043 0
3816 6042 0
3816 6045 0
3816 3659 0
3816 10180 0
3816 13775 0
3816 10211 0
3816 3571 0
3444 6065 0
3444 3986 0
3444 1943 0
3444 418 0
3444 2997 0
3444 3444 0
2937 2997 0
2937 9158 0
2937 1425 0
2937 18332 0
2937 3561 0
2937 3986 0
2937 1943 0
2937 6041 0
2937 6045 0
2937 6065 0
2937 4033 0
3454 9158 0
3454 3454 0
7041 7043 0
7041 7042 0
7041 1438 0
7041 4026 0
7041 4069 0
7041 6399 0
7042 7043 0
7042 1438 0
7042 4026 0
7042 4069 0
7042 6399 0
7043 3986 0
7043 1438 0
7043 4026 0
7043 4069 0
7043 6399 0
6380 5885 0
6380 1943 0
6380 6070 0
6380 448 0
6380 9158 0
6380 2535 0
398 3986 0
398 6040 0
398 6043 0
398 1437 0
398 1438 0
398 427 0
398 8438 0
400 4026 0
400 8438 0
400 6040 0
400 1438 0
400 427 0
400 6070 0
400 6071 0
1425 4026 0
3986 418 0
3986 421 0
3986 9158 0
3986 1022 0
3986 1437 0
3986 1438 0
3986 3561 0
3986 3575 0
3986 3986 0
3986 4026 0
3986 4033 0
3986 4069 0
3986 5885 0
3986 6041 0
3986 6042 0
3986 6070 0
3986 6071 0
1943 418 0
1943 421 0
1943 2997 0
1943 1022 0
1943 1438 0
1943 9158 0
1943 1943 0
1943 6070 0
6040 3659 0
6040 3827 0
6040 12933 0
6040 19331 0
6040 6041 0
6040 6042 0
6040 6043 0
6040 6045 0
6040 427 0
6041 12933 0
6041 19331 0
6041 6042 0
6041 6045 0
6041 1438 0
6041 418 0
6041 421 0
6041 3827 0
6041 11202 0
6041 5573 0
6041 9158 0
6041 13775 0
6041 10211 0
6041 3561 0
6042 12933 0
6042 3827 0
6042 19331 0
6042 1438 0
6042 418 0
6042 421 0
6042 18332 0
6042 6045 0
6042 6070 0
6042 448 0
6042 11202 0
6042 10211 0
6042 2535 0
6042 1022 0
6043 3659 0
6043 12933 0
6043 3827 0
6043 19331 0
6043 13775 0
6043 10211 0
6043 4069 0
6043 3561 0
6043 3571 0
18332 418 0
18332 421 0
18332 1022 0
18332 6070 0
18332 6071 0
6045 12933 0
6045 3827 0
6045 19331 0
6045 11202 0
6045 3571 0
1438 8438 0
1438 1437 0
1438 1438 0
1438 4026 0
1438 4069 0
418 421 0
418 427 0
418 6065 0
418 2997 0
418 6070 0
418 6071 0
418 448 0
421 6065 0
421 6071 0
421 427 0
421 6070 0
421 448 0
421 9158 0
421 1022 0
15783 3561 1
12956 12933 1
12956 6137 1
12956 5885 1
427 5885 0
427 6070 0
427 6071 0
427 448 0
1437 1437 0
1437 4026 0
1437 2535 0
6065 448 0
6065 2997 0
6065 9158 0
6065 1022 0
6065 6065 0
6065 6070 0
3827 12933 0
3827 19331 0
3827 448 0
3827 11202 0
3827 3659 0
2997 448 0
2997 9158 0
2997 1022 0
2997 2997 0
2997 6070 0
6070 9158 0
6070 8438 0
6070 5885 0
6070 10211 0
6070 6071 0
6070 448 0
6070 11202 0
6070 13775 0
6070 3571 0
6070 3575 0
6070 1022 0
6071 9158 0
6071 8438 0
6071 448 0
6071 11202 0
6071 3575 0
6071 10211 0
6071 2535 0
6071 1022 0
9145 9145 0
9145 5885 0
4026 4069 0
4026 3561 0
19331 12933 0
19331 3659 0
448 5885 0
11202 12933 0
11202 9158 0
11202 1022 0
3659 12933 0
5573 3561 0
5573 3575 0
9158 8438 0
9158 5885 0
9158 13775 0
9158 10211 0
9158 3561 0
9158 1022 0
8438 6399 0
8438 2535 0
4069 6399 0
2535 2535 0
3561 3571 0
5885 5885 0
3575 3575 0
6137 12933 0
1022 1022 0
