4622 4623 0
4622 4624 0
4622 4625 0
4622 4626 0
4622 4627 0
4622 4628 0
4622 4633 0
4622 4636 1
4622 4641 0
4622 4642 0
4622 4643 0
4622 4644 0
4622 4645 0
4622 4646 0
4622 4647 0
4622 4648 0
4622 4649 0
4622 4651 0
4622 4652 0
4622 4655 0
4622 4656 0
4622 4657 0
4622 4659 0
4622 19741 0
4622 4622 0
4622 4640 0
4622 13200 0
4622 2703 0
4622 2709 0
4622 2712 0
4622 20227 0
4622 15893 0
4622 7930 0
4622 5981 0
4622 3986 1
4622 2473 0
4622 5885 0
4622 8234 0
4622 6741 0
4623 4623 0
4623 4624 0
4623 4625 0
4623 4626 0
4623 4627 0
4623 4628 0
4623 4633 0
4623 4636 1
4623 4640 0
4623 4641 0
4623 4642 0
4623 4643 0
4623 4645 0
4623 4646 0
4623 4647 0
4623 4648 0
4623 4649 0
4623 4651 0
4623 4652 0
4623 4655 0
4623 4656 0
4623 4657 0
4623 4659 0
4623 15459 0
4623 6793 1
4623 2703 0
4623 2709 0
4623 2712 0
4623 16031 0
4623 4644 0
4623 6378 0
4623 7930 0
4623 5885 0
4623 20227 0
4623 5980 0
4623 5981 0
4623 15221 0
4623 13200 0
4623 3986 1
4623 2473 0
4623 8234 0
4623 6741 0
4624 4624 0
4624 4625 0
4624 4626 0
4624 4627 0
4624 4628 0
4624 4633 0
4624 4636 1
4624 4640 0
4624 4641 0
4624 4643 0
4624 4645 0
4624 4647 0
4624 4649 0
4624 4651 0
4624 4652 0
4624 4655 0
4624 4656 0
4624 4659 0
4624 65 0
4624 13200 0
4624 6167 0
4624 8549 0
4624 2701 0
4624 2703 0
4624 1680 0
4624 4642 0
4624 2712 0
4624 2718 0
4624 1221 0
4624 6867 0
4624 4644 0
4624 4319 0
4624 4646 0
4624 6378 0
4624 4648 0
4624 7930 0
4624 4657 0
4624 6792 0
4624 5981 0
4624 15221 0
4624 14072 0
4624 2709 0
4624 3986 1
4624 9108 0
4624 5885 0
4624 8234 0
4624 6741 0
4625 4625 0
4625 4626 0
4625 4627 0
4625 4633 0
4625 4636 1
4625 4640 0
4625 4641 0
4625 4642 0
4625 4643 0
4625 4645 0
4625 4646 0
4625 4647 0
4625 4648 0
4625 4649 0
4625 4651 0
4625 4652 0
4625 4655 0
4625 4656 0
4625 4657 0
4625 4659 0
4625 4628 0
4625 2703 0
4625 2709 0
4625 2712 0
4625 1221 0
4625 4644 0
4625 1765 0
4625 7930 0
4625 5885 0
4625 5903 0
4625 21287 0
4625 15221 0
4625 13200 0
4625 3986 1
4625 9108 0
4625 6583 0
4625 8234 0
4625 6741 0
4626 4627 0
4626 4628 0
4626 6165 0
4626 4633 0
4626 4636 1
4626 4640 0
4626 4641 0
4626 4642 0
4626 4643 0
4626 4645 0
4626 4646 0
4626 4647 0
4626 4648 0
4626 4649 0
4626 4651 0
4626 4652 0
4626 4655 0
4626 4656 0
4626 4657 0
4626 4659 0
4626 6739 0
4626 15459 0
4626 2703 0
4626 2709 0
4626 2712 0
4626 4644 0
4626 6378 0
4626 7930 0
4626 20227 0
4626 21287 0
4626 5981 0
4626 13200 0
4626 3986 1
4626 16031 0
4626 8234 0
4626 6741 0
4627 4628 0
4627 4633 0
4627 4636 1
4627 4640 0
4627 4641 0
4627 4642 0
4627 4643 0
4627 4645 0
4627 4646 0
4627 4648 0
4627 4649 0
4627 4651 0
4627 4652 0
4627 4655 0
4627 4656 0
4627 4659 0
4627 65 0
4627 5885 0
4627 2703 0
4627 2712 0
4627 8881 0
4627 4644 0
4627 4647 0
4627 7930 0
4627 20227 0
4627 15920 0
4627 4657 0
4627 827 0
4627 15221 0
4627 2709 0
4627 13200 0
4627 3986 1
4627 6035 0
4627 5981 0
4627 8234 0
4627 6741 0
4628 4633 0
4628 4636 1
4628 4640 0
4628 4641 0
4628 4642 0
4628 4643 0
4628 4644 0
4628 4645 0
4628 4646 0
4628 4647 0
4628 4648 0
4628 4649 0
4628 4651 0
4628 4652 0
4628 4655 0
4628 4656 0
4628 4659 0
4628 6739 0
4628 1620 0
4628 6741 0
4628 4628 0
4628 2703 0
4628 2709 0
4628 2712 0
4628 8881 0
4628 7930 0
4628 20227 0
4628 4657 0
4628 5981 0
4628 13200 0
4628 3986 1
4628 8234 0
15893 6165 0
15893 65 0
15893 5243 0
15893 15893 0
15893 2703 0
15893 4254 0
15893 8881 0
15893 1765 0
15893 5885 0
15893 6792 0
15893 1927 0
15893 3986 1
15893 5535 1
15893 1472 0
15893 1022 0
6167 6167 0
6167 13061 0
6167 2125 0
6167 6739 0
6167 7300 0
6167 7861 0
6167 1765 0
6167 3986 1
6167 5535 1
6167 2473 0
6167 4555 0
6167 3561 0
4633 4636 1
4633 4640 0
4633 4641 0
4633 4642 0
4633 4643 0
4633 4645 0
4633 4646 0
4633 4647 0
4633 4648 0
4633 4649 0
4633 4651 0
4633 4652 0
4633 4655 0
4633 4656 0
4633 4657 0
4633 4659 0
4633 65 0
4633 6792 0
4633 6793 1
4633 2703 0
4633 2709 0
4633 2712 0
4633 2718 0
4633 4644 0
4633 6378 0
4633 7930 0
4633 5885 0
4633 5981 0
4633 15221 0
4633 13200 0
4633 3561 0
4633 8234 0
4633 6741 0
26 1680 0
26 26 0
26 4645 0
26 6793 1
26 1216 0
26 1221 0
26 1620 0
26 729 0
26 3561 0
26 4647 0
26 3986 1
26 8702 0
26 5247 0
15535 13061 0
15535 3986 1
15535 2338 0
15535 4259 0
15535 5835 1
15535 6739 0
15535 6741 0
15535 7930 0
4636 21287 1
4636 6792 1
4636 4636 2
4636 8879 1
4636 4254 1
4636 4640 1
4636 4641 1
4636 4643 1
4636 4644 1
4636 4645 1
4636 4646 1
4636 4647 1
4636 4648 1
4636 2473 1
4636 4651 1
4636 4652 1
4636 4655 1
4636 4656 1
4636 4657 1
4636 4659 1
4636 6583 1
4636 7861 1
4636 65 1
4636 3782 1
4636 4642 1
4636 5903 1
4636 13200 1
4636 15459 1
4636 8549 1
4636 6378 1
4636 1643 1
4636 7456 1
4636 15221 1
4636 4649 1
4636 7930 1
4636 5883 1
4636 8234 1
6686 3986 1
6686 6165 0
6686 2338 0
6686 16031 0
6686 5835 1
6686 8881 0
6686 13200 0
6686 6739 0
4640 4641 0
4640 4642 0
4640 4643 0
4640 4644 0
4640 4645 0
4640 4646 0
4640 4647 0
4640 4648 0
4640 4649 0
4640 4651 0
4640 4652 0
4640 4655 0
4640 4656 0
4640 4657 0
4640 4659 0
4640 13061 0
4640 6739 0
4640 2703 0
4640 2709 0
4640 2712 0
4640 729 0
4640 7930 0
4640 5885 0
4640 5981 0
4640 13200 0
4640 3986 1
4640 8234 0
4641 4641 0
4641 4642 0
4641 4643 0
4641 4644 0
4641 4645 0
4641 4646 0
4641 4647 0
4641 4648 0
4641 4649 0
4641 4651 0
4641 4652 0
4641 4655 0
4641 4656 0
4641 4657 0
4641 4659 0
4641 6739 0
4641 5243 0
4641 5254 0
4641 2701 0
4641 2703 0
4641 659 0
4641 2709 0
4641 2712 0
4641 685 0
4641 20227 0
4641 7930 0
4641 5885 0
4641 2338 0
4641 5981 0
4641 8549 0
4641 13200 0
4641 3986 1
4641 8234 0
4642 4642 0
4642 4643 0
4642 4644 0
4642 4645 0
4642 4646 0
4642 4647 0
4642 4648 0
4642 4649 0
4642 4651 0
4642 4652 0
4642 4655 0
4642 4656 0
4642 4657 0
4642 4659 0
4642 1643 0
4642 5254 0
4642 2703 0
4642 659 0
4642 2709 0
4642 2712 0
4642 6867 0
4642 7930 0
4642 5885 0
4642 5981 0
4642 5521 0
4642 13200 0
4642 3986 1
4642 3561 0
4642 8234 0
4642 5620 0
4643 4644 0
4643 4645 0
4643 4646 0
4643 4647 0
4643 4648 0
4643 4649 0
4643 4651 0
4643 4652 0
4643 4655 0
4643 4656 0
4643 4657 0
4643 4659 0
4643 6739 0
4643 6793 1
4643 2703 0
4643 659 0
4643 2709 0
4643 2712 0
4643 7930 0
4643 5885 0
4643 5981 0
4643 15221 0
4643 8571 0
4643 13200 0
4643 3986 1
4643 7634 0
4643 8163 0
4643 3561 0
4643 8234 0
4644 4644 0
4644 4645 0
4644 4646 0
4644 4647 0
4644 4648 0
4644 4649 0
4644 4651 0
4644 4655 0
4644 4656 0
4644 4657 0
4644 4659 0
4644 6739 0
4644 5243 0
4644 6793 1
4644 2701 0
4644 2703 0
4644 659 0
4644 2709 0
4644 2712 0
4644 729 0
4644 7930 0
4644 5885 0
4644 4652 0
4644 15221 0
4644 13200 0
4644 3986 1
4644 6035 0
4644 5981 0
4644 8234 0
4645 4645 0
4645 4646 0
4645 4647 0
4645 4648 0
4645 4649 0
4645 4651 0
4645 4652 0
4645 4655 0
4645 4656 0
4645 4657 0
4645 4659 0
4645 2701 0
4645 2703 0
4645 2709 0
4645 2712 0
4645 6867 0
4645 20185 0
4645 1765 0
4645 7930 0
4645 5885 0
4645 9009 0
4645 5981 0
4645 8549 0
4645 659 0
4645 13200 0
4645 3986 1
4645 8234 0
4646 6165 0
4646 13061 0
4646 4647 0
4646 4648 0
4646 4649 0
4646 4651 0
4646 4652 0
4646 4655 0
4646 4656 0
4646 4657 0
4646 4659 0
4646 6739 0
4646 1620 0
4646 2703 0
4646 659 0
4646 2709 0
4646 2718 0
4646 7930 0
4646 5885 0
4646 5981 0
4646 13200 0
4646 2712 0
4646 3986 1
4646 3561 0
4646 8234 0
4647 4647 0
4647 4648 0
4647 4649 0
4647 4651 0
4647 4655 0
4647 4656 0
4647 4659 0
4647 20227 0
4647 1620 0
4647 8549 0
4647 6165 0
4647 4230 0
4647 2703 0
4647 659 0
4647 2712 0
4647 8879 0
4647 5835 1
4647 6741 0
4647 7930 0
4647 5885 0
4647 13061 0
4647 4652 0
4647 8477 0
4647 4657 0
4647 8571 0
4647 2709 0
4647 13200 0
4647 3986 1
4647 5016 0
4647 8234 0
4647 4555 0
4647 3561 0
4647 6739 0
4648 13061 0
4648 4649 0
4648 4651 0
4648 4652 0
4648 4655 0
4648 4656 0
4648 4657 0
4648 590 0
4648 15459 0
4648 2703 0
4648 2709 0
4648 2712 0
4648 4259 0
4648 8879 0
4648 14072 0
4648 6867 0
4648 237 0
4648 238 0
4648 7930 0
4648 5885 0
4648 20227 0
4648 4659 0
4648 8505 0
4648 5453 0
4648 8571 0
4648 13200 0
4648 3986 1
4648 3561 0
4648 8234 0
4649 4649 0
4649 4651 0
4649 4655 0
4649 4656 0
4649 4657 0
4649 1620 0
4649 6793 1
4649 2703 0
4649 659 0
4649 2709 0
4649 2712 0
4649 3784 0
4649 7930 0
4649 5885 0
4649 20227 0
4649 4652 0
4649 4659 0
4649 9016 0
4649 5981 0
4649 5980 0
4649 13200 0
4649 3986 1
4649 413 0
4649 2470 0
4649 8234 0
4649 6741 0
8234 4651 0
8234 4652 0
8234 4655 0
8234 4656 0
8234 4657 0
8234 4659 0
8234 2703 0
8234 2709 0
8234 2712 0
8234 7930 0
8234 5885 0
8234 20227 0
8234 2338 0
8234 5981 0
8234 13200 0
8234 3986 1
4651 4652 0
4651 4655 0
4651 4656 0
4651 4657 0
4651 4659 0
4651 2703 0
4651 2709 0
4651 2712 0
4651 1765 0
4651 7930 0
4651 8477 0
4651 5981 0
4651 13200 0
4651 3986 1
4651 5885 0
4652 4655 0
4652 4656 0
4652 4657 0
4652 4659 0
4652 15459 0
4652 2703 0
4652 2709 0
4652 2712 0
4652 7930 0
4652 5981 0
4652 13200 0
4652 3986 1
4652 5885 0
4655 4656 0
4655 4657 0
4655 4659 0
4655 6793 1
4655 2701 0
4655 2703 0
4655 2709 0
4655 2712 0
4655 7930 0
4655 5885 0
4655 2338 0
4655 14157 0
4655 5981 0
4655 6035 0
4655 13200 0
4655 3986 1
4656 4656 0
4656 4657 0
4656 4659 0
4656 6741 0
4656 6793 1
4656 2703 0
4656 659 0
4656 2709 0
4656 2712 0
4656 7930 0
4656 5981 0
4656 13200 0
4656 5885 0
4657 4659 0
4657 2703 0
4657 2709 0
4657 2712 0
4657 7930 0
4657 2338 0
4657 6792 0
4657 13200 0
4657 3986 1
4657 5885 0
4659 4659 0
4659 3986 1
4659 7930 0
6709 3458 1
6709 3986 1
6709 6709 0
6709 9009 0
6709 4463 0
6709 5885 0
65 6165 0
65 13061 0
65 1576 0
65 1620 0
65 4704 0
65 1653 0
65 5247 0
65 2703 0
65 2712 0
65 3745 0
65 2338 0
65 4464 0
65 1927 0
65 13200 0
65 5521 0
65 3986 1
65 4554 0
5192 5835 1
5192 3986 1
5192 3745 0
5192 1620 0
4681 1576 0
4681 4704 0
4681 4681 0
4681 1620 0
4681 5247 0
4681 6080 0
4681 2718 0
4681 1653 0
4681 5835 1
4681 4300 0
4681 729 0
4681 4339 0
4681 4859 0
4681 2338 0
4681 5469 0
4681 4463 0
4681 4464 0
4681 1927 0
4681 5521 0
4681 3986 1
4681 1022 0
2125 3986 1
2125 4761 1
2125 6792 0
2125 13061 0
2125 2125 0
2125 6739 0
2125 1653 0
590 2599 0
590 590 0
590 6739 0
590 6741 0
590 5243 0
590 2712 0
590 16031 0
590 4259 0
590 8879 0
590 8881 0
590 5835 1
590 237 0
590 238 0
590 6867 0
590 21287 0
590 8505 0
590 2881 0
590 8163 0
590 5981 0
590 3986 1
590 4550 0
590 4551 0
590 14072 0
6739 6165 0
6739 8702 0
6739 8549 0
6739 4464 0
6739 4259 0
6739 3784 0
6739 8391 0
6739 4300 0
6739 4319 0
6739 6378 0
6739 237 0
6739 238 0
6739 8442 0
6739 2338 0
6739 8505 0
6739 4463 0
6739 8571 0
6739 393 0
6739 403 0
6739 413 0
6739 2468 0
6739 8623 0
6739 6583 0
6739 4547 0
6739 20857 0
6739 2599 0
6739 6739 0
6739 6741 0
6739 6793 1
6739 2701 0
6739 2703 0
6739 659 0
6739 2709 0
6739 2712 0
6739 4761 1
6739 2718 0
6739 685 0
6739 8879 0
6739 8881 0
6739 705 0
6739 4815 0
6739 6867 0
6739 2881 0
6739 7616 0
6739 5016 0
6739 14157 0
6739 1022 0
6739 7267 0
6739 5243 0
6739 7300 0
6739 5254 0
6739 5286 0
6739 15540 0
6739 13500 0
6739 7456 0
6739 1472 0
6739 7634 0
6739 3561 0
6739 14072 0
6739 15920 0
6739 21287 0
6739 1643 0
6739 1653 0
6739 1680 0
6739 8477 0
6739 7861 0
6739 3782 0
6739 1765 0
6739 5981 0
6739 1927 0
6739 3986 1
6739 325 0
6739 16031 0
6739 8163 0
6739 4095 0
1620 413 0
1620 6165 0
1620 4230 0
1620 4259 0
1620 4300 0
1620 4815 0
1620 8571 0
1620 237 0
1620 8452 0
1620 2338 0
1620 393 0
1620 398 0
1620 403 0
1620 2468 0
1620 4550 0
1620 4555 0
1620 7267 0
1620 4704 0
1620 20243 0
1620 8838 0
1620 6793 1
1620 2701 0
1620 2703 0
1620 4547 0
1620 2709 0
1620 2712 0
1620 2718 0
1620 685 0
1620 8879 0
1620 14072 0
1620 719 0
1620 729 0
1620 7634 0
1620 827 0
1620 9016 0
1620 9108 0
1620 13221 0
1620 3035 0
1620 9009 0
1620 5243 0
1620 5247 0
1620 5286 0
1620 13500 0
1620 9077 0
1620 1216 0
1620 1221 0
1620 7379 0
1620 5419 0
1620 15677 0
1620 5469 0
1620 6583 0
1620 5521 0
1620 4339 0
1620 8505 0
1620 1472 0
1620 15845 0
1620 4551 0
1620 1576 0
1620 1620 0
1620 16009 0
1620 20857 0
1620 5835 1
1620 1765 0
1620 12584 0
1620 6792 0
1620 5980 0
1620 5981 0
1620 6008 0
1620 3986 1
1620 6080 0
1620 20185 0
1620 4095 0
6741 6165 0
6741 4319 0
6741 237 0
6741 238 0
6741 8549 0
6741 4463 0
6741 413 0
6741 2468 0
6741 14072 0
6741 2599 0
6741 15159 0
6741 6741 0
6741 8477 0
6741 6792 0
6741 2701 0
6741 2703 0
6741 2709 0
6741 2710 0
6741 2712 0
6741 4761 1
6741 2718 0
6741 8879 0
6741 8881 0
6741 4815 0
6741 6867 0
6741 4859 0
6741 2881 0
6741 5016 0
6741 972 0
6741 1022 0
6741 5243 0
6741 5254 0
6741 8391 0
6741 1653 0
6741 1680 0
6741 16031 0
6741 3745 0
6741 3746 0
6741 3782 0
6741 3784 0
6741 1765 0
6741 5885 0
6741 5981 0
6741 3986 1
6741 4095 0
2136 3986 1
2136 729 0
2136 2718 0
2136 685 0
2136 2101 1
5254 6165 0
5254 2338 0
5254 2709 0
5254 6840 0
5254 5108 0
5254 5254 0
5254 1224 0
5254 15575 0
5254 7399 1
5254 5521 0
5254 6080 0
5254 16031 0
5254 7861 0
5254 3782 0
5254 14072 0
5254 3986 1
4704 1576 0
4704 1653 0
4704 5835 1
4704 3264 1
4704 711 0
4704 4300 0
4704 719 0
4704 729 0
4704 4339 0
4704 5247 0
4704 8477 0
4704 2338 0
4704 5419 0
4704 5469 0
4704 5521 0
4704 3986 1
4704 4551 0
4704 972 0
4704 4704 0
4704 3035 0
7267 2703 0
7267 659 0
7267 2712 0
7267 2718 0
7267 5835 1
7267 4319 0
7267 6378 0
7267 14072 0
7267 4859 0
7267 2338 0
7267 5981 0
7267 3986 1
7267 1022 0
1643 6165 0
1643 2599 0
1643 13061 0
1643 1643 0
1643 2709 0
1643 5885 0
1643 2712 0
1643 3986 1
1643 7616 0
1643 8702 0
15470 6793 1
15470 15575 0
15470 3986 1
15470 20857 0
1653 8391 0
1653 237 0
1653 8477 0
1653 398 0
1653 685 0
1653 8881 0
1653 9016 0
1653 827 0
1653 972 0
1653 1216 0
1653 1221 0
1653 1653 0
1653 1765 0
1653 1809 0
1653 2338 0
1653 403 0
1653 3561 0
1653 3784 0
1653 20243 0
1653 3986 1
1653 4011 0
1653 4259 0
1653 12584 0
1653 4464 0
1653 4547 0
1653 13061 0
1653 5016 0
1653 5243 0
1653 13500 0
1653 5378 0
1653 13221 0
1653 5835 1
1653 5903 0
1653 18757 0
1653 6080 0
1653 6867 0
1653 7616 0
1653 16031 0
4727 7603 1
4727 7616 1
4727 4547 1
4727 5453 1
4727 2147 2
4727 4727 2
5243 6165 0
5243 8391 0
5243 4319 0
5243 2338 0
5243 8549 0
5243 413 0
5243 4554 0
5243 2599 0
5243 6792 0
5243 2703 0
5243 2712 0
5243 2718 0
5243 8881 0
5243 4815 0
5243 6867 0
5243 729 0
5243 4859 0
5243 2881 0
5243 972 0
5243 5247 0
5243 5620 0
5243 15920 0
5243 1680 0
5243 16031 0
5243 5835 1
5243 5885 0
5243 5903 0
5243 20243 0
5243 3986 1
6165 8881 0
6165 2147 1
6165 4319 0
6165 6165 0
6165 2338 0
6165 8549 0
6165 413 0
6165 6583 0
6165 4547 0
6165 4554 0
6165 4555 0
6165 2599 0
6165 6792 0
6165 2703 0
6165 659 0
6165 2709 0
6165 2712 0
6165 2718 0
6165 8879 0
6165 6840 0
6165 14072 0
6165 6867 0
6165 729 0
6165 13200 0
6165 5016 0
6165 1022 0
6165 5247 0
6165 1216 0
6165 5453 0
6165 8163 0
6165 1472 0
6165 3561 0
6165 1680 0
6165 3745 0
6165 20185 0
6165 1765 0
6165 5980 0
6165 5981 0
6165 1927 0
6165 3986 1
6165 16031 0
6165 6080 0
6165 4095 0
3264 7300 1
3264 1058 1
3264 1576 1
3264 4550 1
3264 4551 1
3264 4554 1
3264 4555 1
3264 4558 1
3264 4339 1
3264 5108 1
7300 15920 0
7300 7300 0
7300 16031 0
7300 7861 0
7300 9009 0
7300 5981 0
7300 8549 0
7300 3986 1
7300 6035 0
7300 8881 0
7300 3561 0
3718 4464 1
3718 1765 1
3718 3718 2
3718 3561 1
3718 1680 1
6792 8391 0
6792 6378 0
6792 237 0
6792 238 0
6792 325 0
6792 4464 0
6792 6583 0
6792 4547 0
6792 14072 0
6792 4859 0
6792 6792 0
6792 2703 0
6792 659 0
6792 2710 0
6792 2712 0
6792 2718 0
6792 685 0
6792 8879 0
6792 705 0
6792 4815 0
6792 9009 0
6792 2881 0
6792 5016 0
6792 972 0
6792 1022 0
6792 5469 0
6792 1472 0
6792 5620 0
6792 3745 0
6792 3746 0
6792 3762 0
6792 5835 1
6792 5883 0
6792 5885 0
6792 5980 0
6792 5981 0
6792 2709 0
6792 1927 0
6793 6401 1
6793 1927 1
6793 6793 2
6793 3986 2
6793 4547 1
6793 13061 1
6793 15920 1
6793 15845 1
6793 6583 1
6793 1472 1
6793 2881 1
6793 4555 1
6793 972 1
6793 15575 1
6793 4319 1
6793 13500 1
6793 15272 1
6793 5620 1
6793 15221 1
6793 20857 1
6793 5247 1
6793 8702 1
6793 4095 1
2701 8881 0
2701 5247 0
2701 2703 0
2701 659 0
2701 2709 0
2701 2710 0
2701 2718 0
2701 685 0
2701 11966 0
2701 5835 1
2701 14072 0
2701 4815 0
2701 4859 0
2701 5885 0
2701 5981 0
2701 8549 0
2701 8571 0
2701 2712 0
2701 3986 1
2701 5620 0
2703 6401 0
2703 8571 0
2703 413 0
2703 7930 0
2703 2703 0
2703 2709 0
2703 2710 0
2703 2712 0
2703 2718 0
2703 8879 0
2703 8881 0
2703 4859 0
2703 2881 0
2703 13200 0
2703 972 0
2703 1022 0
2703 5247 0
2703 13500 0
2703 1472 0
2703 7634 0
2703 5620 0
2703 16031 0
2703 3745 0
2703 5835 1
2703 5885 0
2703 3986 1
1680 8391 0
1680 4319 0
1680 2338 0
1680 8571 0
1680 413 0
1680 2468 0
1680 2599 0
1680 2712 0
1680 2718 0
1680 8881 0
1680 711 0
1680 13061 0
1680 7399 1
1680 5469 0
1680 5620 0
1680 16031 0
1680 3762 0
1680 3782 0
1680 14072 0
1680 5903 0
1680 3986 1
1680 6080 0
659 13061 0
659 5247 0
659 659 0
659 2709 0
659 2712 0
659 4259 0
659 5835 1
659 6867 0
659 729 0
659 4859 0
659 2338 0
659 4463 0
659 393 0
659 3986 1
659 5016 0
659 4550 0
659 4551 0
659 5620 0
659 1022 0
2709 8442 0
2709 6401 0
2709 2338 0
2709 8571 0
2709 413 0
2709 4547 0
2709 4554 0
2709 7930 0
2709 5885 0
2709 2881 0
2709 2709 0
2709 2710 0
2709 2712 0
2709 2718 0
2709 8881 0
2709 705 0
2709 719 0
2709 729 0
2709 4859 0
2709 13061 0
2709 13200 0
2709 5247 0
2709 13500 0
2709 5016 0
2709 7634 0
2709 3561 0
2709 5620 0
2709 20185 0
2709 16031 0
2709 3745 0
2709 3746 0
2709 7861 0
2709 5835 1
2709 5903 0
2709 5981 0
2709 3986 1
2709 8163 0
2710 2712 0
2710 3986 1
2710 2718 0
2710 2599 0
2710 8881 0
2710 5835 1
2710 729 0
2710 5247 0
2712 2147 1
2712 8391 0
2712 2338 0
2712 4463 0
2712 8571 0
2712 413 0
2712 4555 0
2712 7930 0
2712 2599 0
2712 2712 0
2712 2718 0
2712 8879 0
2712 8881 0
2712 6867 0
2712 729 0
2712 4859 0
2712 2881 0
2712 13200 0
2712 1022 0
2712 5247 0
2712 13500 0
2712 4547 0
2712 1472 0
2712 7634 0
2712 5620 0
2712 16031 0
2712 7861 0
2712 5835 1
2712 14072 0
2712 5885 0
2712 14157 0
2712 5980 0
2712 5981 0
2712 6008 0
2712 3986 1
4761 4761 2
4761 4510 1
4761 16031 1
4761 2338 1
4761 2468 1
4761 9016 1
4761 705 1
4761 8881 1
4761 5453 1
4254 3986 1
4254 719 0
4254 8442 0
16031 4259 0
16031 8391 0
16031 237 0
16031 238 0
16031 413 0
16031 2468 0
16031 2470 0
16031 8623 0
16031 6583 0
16031 14072 0
16031 2599 0
16031 8477 0
16031 2718 0
16031 685 0
16031 8881 0
16031 6867 0
16031 13061 0
16031 21287 0
16031 5016 0
16031 5286 0
16031 15677 0
16031 5521 0
16031 7616 0
16031 3561 0
16031 16031 0
16031 3782 0
16031 3784 0
16031 1765 0
16031 5981 0
16031 3986 1
16031 1022 0
16031 4095 0
3745 6378 0
3745 2338 0
3745 4463 0
3745 4464 0
3745 413 0
3745 2718 0
3745 972 0
3745 1022 0
3745 5247 0
3745 1221 0
3745 729 0
3745 1576 0
3745 3745 0
3745 3746 0
3745 3762 0
3745 3784 0
3745 5835 1
3745 1927 0
3745 3986 1
3746 5247 0
3746 3746 0
3746 1221 0
3746 3782 0
3746 5835 1
3746 729 0
3746 4859 0
3746 2338 0
3746 5521 0
3746 3986 1
3746 972 0
3746 2881 0
4259 13061 0
4259 685 0
4259 8879 0
4259 8881 0
4259 5835 1
4259 14072 0
4259 237 0
4259 5903 0
4259 8477 0
4259 2338 0
4259 8838 0
4259 12584 0
4259 8505 0
4259 15677 0
4259 1379 0
4259 9077 0
4259 393 0
4259 3986 1
4259 238 0
4259 6867 0
4259 5016 0
4259 7616 0
4259 3561 0
4259 1022 0
5286 3986 1
5286 13061 0
5286 5835 1
8391 5469 0
8391 2718 0
8391 8881 0
8391 8391 0
8391 5835 1
8391 2599 0
8391 238 0
8391 4339 0
8391 8477 0
8391 2881 0
8391 5521 0
8391 3986 1
8391 5016 0
8391 413 0
8391 14072 0
8391 3035 0
685 13061 0
685 2718 0
685 1221 0
685 5835 1
685 1765 0
685 827 0
685 1379 0
685 398 0
685 3986 1
685 4551 0
685 5885 0
685 1022 0
8879 14072 0
8879 5835 1
8879 6867 0
8879 237 0
8879 238 0
8879 4859 0
8879 13061 0
8879 8505 0
8879 4463 0
8879 3986 1
8879 5016 0
8879 1472 0
8879 4547 0
8881 8881 0
8881 3784 0
8881 4319 0
8881 6378 0
8881 237 0
8881 238 0
8881 4339 0
8881 2338 0
8881 8549 0
8881 2468 0
8881 4547 0
8881 4558 0
8881 2599 0
8881 2718 0
8881 14072 0
8881 6867 0
8881 2881 0
8881 5016 0
8881 972 0
8881 1022 0
8881 5247 0
8881 9077 0
8881 1216 0
8881 1221 0
8881 5469 0
8881 5521 0
8881 1472 0
8881 3561 0
8881 5620 0
8881 8477 0
8881 3782 0
8881 1765 0
8881 5980 0
8881 5981 0
8881 6008 0
8881 3986 1
8881 4095 0
3762 3762 0
3762 5835 1
3762 2338 0
3762 5980 0
3762 5981 0
3762 4464 0
3762 1927 0
3762 3986 1
3762 3561 0
3762 1022 0
15540 3986 1
15540 5557 1
15540 5835 1
15540 20857 0
15540 1379 0
15540 1809 0
15540 3561 0
7861 1221 0
7861 3782 0
7861 8477 0
7861 3986 1
7861 4547 0
7861 3561 0
7861 1022 0
6840 3986 1
6840 6840 0
6840 5835 1
13500 6401 0
13500 2338 0
13500 20857 0
13500 3986 1
11966 3986 1
11966 2338 0
11966 7379 0
11966 2147 1
9077 1379 0
9077 238 0
9077 12584 0
9077 6515 0
9077 9077 0
9077 3986 1
9077 5016 0
9077 5557 1
1216 2718 0
1216 5835 1
1216 2881 0
1216 3986 1
1216 1022 0
705 5981 0
705 705 0
705 5835 1
705 5885 0
705 2881 0
705 5980 0
705 5469 0
705 325 0
705 8623 0
705 6080 0
705 4550 0
705 4551 0
705 4555 0
705 972 0
1221 2147 1
1221 4300 0
1221 413 0
1221 4547 0
1221 4550 0
1221 2718 0
1221 719 0
1221 4859 0
1221 9009 0
1221 827 0
1221 5016 0
1221 972 0
1221 1221 0
1221 1224 0
1221 19741 0
1221 15677 0
1221 5469 0
1221 5521 0
1221 3784 0
1221 5981 0
1221 3986 1
3782 3784 0
3782 237 0
3782 8477 0
3782 21287 0
3782 4859 0
3782 9009 0
3782 15677 0
3782 3561 0
3782 1765 0
3782 5981 0
3782 3986 1
4295 2338 0
4295 5835 1
4295 729 0
4295 5521 0
4295 3986 1
4295 4300 0
1224 2147 1
1224 1224 0
1224 6401 0
1224 827 0
1224 2881 0
1224 4463 0
1224 4464 0
1224 3986 1
1224 1472 0
1224 14157 0
1224 3784 0
5835 2599 1
5835 1576 1
5835 5981 1
5835 14072 1
5835 4230 1
5835 16009 1
5835 2718 1
5835 3784 1
5835 5835 2
5835 4300 1
5835 2338 1
5835 8838 1
5835 719 1
5835 6867 1
5835 729 1
5835 4815 1
5835 237 1
5835 238 1
5835 7379 1
5835 5883 1
5835 5885 1
5835 20227 1
5835 5903 1
5835 1809 1
5835 20185 1
5835 8477 1
5835 5419 1
5835 15159 1
5835 15677 1
5835 325 1
5835 14157 1
5835 8163 1
5835 8505 1
5835 5980 1
5835 5469 1
5835 1379 1
5835 5521 1
5835 4463 1
5835 6035 1
5835 6008 1
5835 2881 1
5835 393 1
5835 7634 1
5835 5016 1
5835 403 1
5835 9108 1
5835 413 1
5835 2470 1
5835 4011 1
5835 6080 1
5835 4547 1
5835 4550 1
5835 4555 1
5835 972 1
5835 3035 1
5835 8442 1
5835 8623 1
5835 5620 1
5835 1022 1
4300 8623 0
4300 1576 0
4300 5469 0
4300 5981 0
4300 15159 0
4300 6080 0
4300 4300 0
4300 4339 0
4300 5247 0
4300 729 0
4300 2338 0
4300 5419 0
4300 1927 0
4300 3986 1
4300 4555 0
4300 3035 0
1058 2338 0
1058 7399 1
8838 393 0
8838 13061 0
8838 3986 1
8838 413 0
719 1576 0
719 5469 0
719 2718 0
719 719 0
719 7379 0
719 4339 0
719 5885 0
719 5419 0
719 4463 0
719 1927 0
719 3986 1
719 5535 1
719 4011 0
719 4550 0
719 4551 0
719 3561 0
719 1022 0
7379 7379 0
7379 5903 0
7379 3986 1
7379 403 0
7379 2468 0
15575 5521 0
15575 3986 1
15575 3035 0
15575 3561 0
15575 20857 0
20185 6401 0
20185 3986 1
20185 5981 0
20185 20185 0
20185 1379 0
20185 3561 0
4815 13061 0
4815 3986 1
4815 2338 0
4815 5981 0
2718 1379 0
2718 4319 0
2718 237 0
2718 2338 0
2718 8549 0
2718 5521 0
2718 8571 0
2718 413 0
2718 4547 0
2718 4550 0
2718 4554 0
2718 2599 0
2718 2718 0
2718 4859 0
2718 9009 0
2718 827 0
2718 2881 0
2718 972 0
2718 3035 0
2718 5247 0
2718 5469 0
2718 5016 0
2718 1472 0
2718 7634 0
2718 5620 0
2718 14072 0
2718 14157 0
2718 6008 0
2718 1927 0
2718 3986 1
4319 2599 0
4319 4230 0
4319 4319 0
4319 1765 0
4319 6378 0
4319 4859 0
4319 13061 0
4319 2338 0
4319 4463 0
4319 13200 0
4319 3986 1
4319 4554 0
4319 8163 0
1765 6378 0
1765 8442 0
1765 251 0
1765 6401 0
1765 325 0
1765 8623 0
1765 4550 0
1765 4551 0
1765 2599 0
1765 6867 0
1765 21287 0
1765 13061 0
1765 9009 0
1765 15677 0
1765 5469 0
1765 8571 0
1765 7616 0
1765 1765 0
1765 5883 0
1765 3986 1
7399 3561 1
6378 9108 0
6378 20857 0
6378 6378 0
6378 4859 0
6378 9009 0
6378 8163 0
6378 5980 0
6378 3986 1
6378 5981 0
6378 1472 0
6378 5883 0
6378 5885 0
2599 2599 0
2599 6401 0
2599 1809 0
2599 8477 0
2599 2338 0
2599 1927 0
2599 3986 1
2599 413 0
2599 1472 0
2599 14072 0
2599 3561 0
237 4859 0
237 14072 0
237 8477 0
237 3784 0
237 237 0
237 238 0
237 5903 0
237 2338 0
237 12584 0
237 8505 0
237 15677 0
237 1379 0
237 3986 1
237 393 0
237 6867 0
237 5016 0
237 7616 0
237 251 0
237 3561 0
238 1379 0
238 14072 0
238 4859 0
238 13061 0
238 5903 0
238 2338 0
238 12584 0
238 8505 0
238 3986 1
238 8571 0
238 393 0
238 6867 0
238 5016 0
1576 1576 0
1576 5247 0
1576 2338 0
1576 729 0
1576 5885 0
1576 5419 0
1576 5469 0
1576 3986 1
1576 8623 0
1576 3035 0
6867 13061 0
6867 14072 0
6867 5247 0
6867 8505 0
6867 4859 0
6867 5885 0
6867 2338 0
6867 5981 0
6867 4463 0
6867 13200 0
6867 3986 1
6867 6867 0
6867 2468 0
6867 6583 0
6867 4547 0
6867 5620 0
14072 13061 0
14072 5247 0
14072 729 0
14072 4859 0
14072 5885 0
14072 2338 0
14072 8505 0
14072 2881 0
14072 3986 1
14072 2468 0
14072 972 0
14072 8442 0
14072 3561 0
14072 5620 0
7930 20227 0
7930 5885 0
7930 13200 0
7930 398 0
7930 3986 1
7930 7634 0
4859 8442 0
4859 413 0
4859 6583 0
4859 4547 0
4859 4550 0
4859 4558 0
4859 4859 0
4859 2881 0
4859 5016 0
4859 972 0
4859 1022 0
4859 3458 1
4859 5521 0
4859 7634 0
4859 5620 0
4859 14157 0
4859 5980 0
4859 5981 0
4859 1927 0
4859 3986 1
5885 6401 0
5885 403 0
5885 4510 0
5885 2470 0
5885 729 0
5885 7634 0
5885 9009 0
5885 2881 0
5885 972 0
5885 15677 0
5885 5469 0
5885 6035 0
5885 1472 0
5885 5620 0
5885 3784 0
5885 5885 0
5885 1809 0
5885 14157 0
5885 5980 0
5885 5981 0
5885 6008 0
5885 3986 1
5885 6080 0
6401 20227 0
6401 1809 0
6401 6401 0
6401 3986 1
6401 729 0
6401 4551 0
5378 3986 1
5378 5557 1
20227 20227 0
20227 5903 0
20227 5980 0
20227 5981 0
20227 3986 1
20227 6583 0
8452 3458 1
8452 3986 1
13061 4230 0
13061 251 0
13061 8477 0
13061 325 0
13061 8549 0
13061 393 0
13061 398 0
13061 403 0
13061 413 0
13061 2470 0
13061 8623 0
13061 6583 0
13061 4547 0
13061 711 0
13061 827 0
13061 1022 0
13061 13061 0
13061 15459 0
13061 5016 0
13061 5469 0
13061 5521 0
13061 5557 1
13061 1472 0
13061 7456 0
13061 5981 0
13061 15677 0
13061 1927 0
13061 8163 0
5903 3784 0
5903 5469 0
5903 4095 0
1809 5981 0
1809 5980 0
1809 3986 1
20243 3986 1
20243 2147 1
20243 3561 0
729 5469 0
729 5247 0
729 729 0
729 4339 0
729 2338 0
729 5419 0
729 3986 1
729 5981 0
729 8623 0
729 4555 0
8477 4339 0
8477 2338 0
8477 12584 0
8477 4463 0
8477 8623 0
8477 1472 0
8477 15677 0
8477 5016 0
8477 7616 0
8477 3561 0
8477 5981 0
8477 3986 1
7456 7456 0
7456 20857 0
7456 3986 1
15920 8549 0
15920 2338 0
15920 827 0
15920 5981 0
15920 3986 1
2338 6515 0
2338 4339 0
2338 2338 0
2338 8549 0
2338 4463 0
2338 4464 0
2338 413 0
2338 8623 0
2338 4550 0
2338 5016 0
2338 3035 0
2338 5108 0
2338 1022 0
2338 5981 0
2338 5247 0
2338 5419 0
2338 5469 0
2338 4547 0
2338 1472 0
2338 5980 0
2338 1927 0
2338 3986 1
2338 4095 0
4230 3986 1
4230 4230 0
21287 3986 1
12584 5557 1
12584 1379 0
12584 6515 0
12584 15677 0
12584 12584 0
12584 3986 1
12584 5016 0
12584 7616 0
12584 3561 0
1321 1321 2
5419 5247 0
5419 4339 0
5419 5419 0
5419 5469 0
5419 3986 1
5419 4550 0
9009 5469 0
9009 2147 1
9009 5883 0
9009 9009 0
9009 827 0
9009 2881 0
9009 8571 0
9009 3986 1
9009 4554 0
9009 972 0
9009 3561 0
9009 5620 0
16009 3986 1
16009 20857 0
9016 3986 1
9016 5981 0
8505 3986 1
827 5535 1
827 4463 0
827 403 0
827 8702 0
827 8623 0
827 827 0
827 5469 0
827 5981 0
827 6008 0
827 1927 0
827 3986 1
827 4095 0
15677 3986 1
15677 5016 0
2101 7603 1
2101 5883 1
2881 6583 0
2881 4547 0
2881 2881 0
2881 5620 0
2881 5980 0
2881 5469 0
2881 4463 0
2881 1927 0
2881 6035 0
2881 972 0
2881 14157 0
2881 1022 0
18757 3986 1
18757 5535 1
15159 3986 1
5453 4095 0
8163 5981 0
8163 3986 1
5980 5469 0
5980 6008 0
5980 3986 1
5980 5620 0
5981 8442 0
5981 8549 0
5981 398 0
5981 413 0
5981 393 0
5981 2470 0
5981 3561 0
5981 3784 0
5981 3986 1
5981 4339 0
5981 4464 0
5981 13200 0
5981 5469 0
5981 5620 0
5981 5883 0
5981 5981 0
5981 6008 0
5981 6035 0
5981 6583 0
5981 7634 0
5981 15845 0
1379 393 0
1379 5016 0
1379 3986 1
1379 3561 0
1379 1022 0
8549 5247 0
8549 14157 0
8549 8571 0
8549 3986 1
8549 5016 0
8549 4555 0
8549 4558 0
711 3986 1
711 711 0
711 5535 1
711 3561 0
711 4095 0
4463 4463 0
4463 4464 0
4463 4547 0
4463 4550 0
4463 4551 0
4463 972 0
4463 1022 0
4463 1472 0
4463 1927 0
4463 3986 1
4464 1927 0
4464 3986 1
4464 8623 0
2147 398 1
2147 19741 1
2147 4558 1
2147 13221 1
2147 2147 2
2147 5107 1
2147 5108 1
2147 8571 1
6515 3986 1
6515 5557 1
7616 3986 1
7616 5016 0
7616 7616 0
7616 3561 0
251 3986 1
251 5557 1
6008 3986 1
6008 5883 0
20857 393 0
20857 3986 1
8571 393 0
8571 3986 1
8571 5016 0
8571 5521 0
15459 3986 1
1472 1927 0
1472 3986 1
1472 4547 0
1927 4339 0
1927 1022 0
1927 5469 0
1927 5521 0
1927 5620 0
1927 3986 1
393 398 0
393 5016 0
393 3986 1
393 4550 0
393 4551 0
393 1022 0
5247 4550 0
5247 4339 0
5247 8442 0
5247 5469 0
5247 3986 1
5247 4547 0
5247 6583 0
5247 4555 0
5247 4558 0
5247 14157 0
5247 3561 0
5247 1022 0
5247 4095 0
398 3986 1
398 403 0
398 2468 0
398 2470 0
398 6035 0
13200 4339 0
13200 13200 0
13200 3986 1
13200 4095 0
5521 5469 0
5521 5521 0
5521 3986 1
5521 2473 0
5521 4551 0
5521 3035 0
3986 8442 1
3986 325 1
3986 403 1
3986 413 1
3986 8623 1
3986 8702 1
3986 9108 1
3986 972 1
3986 1022 1
3986 2468 1
3986 2470 1
3986 2473 1
3986 3035 1
3986 19741 1
3986 3561 1
3986 3784 1
3986 3986 2
3986 4095 1
3986 4339 1
3986 4510 1
3986 4547 1
3986 4550 1
3986 4551 1
3986 4554 1
3986 5016 1
3986 5107 1
3986 5469 1
3986 13221 1
3986 6035 1
3986 6080 1
3986 6583 1
3986 15272 1
3986 14157 1
3986 15845 1
403 403 0
5469 4339 0
5469 325 0
5469 8623 0
5469 972 0
5469 1022 0
5469 5469 0
5469 5883 0
5469 6080 0
5016 3784 0
5016 413 0
5016 4550 0
5016 4551 0
5016 3561 0
5016 5620 0
413 4554 0
413 3561 0
325 325 0
325 2468 0
325 6080 0
325 4555 0
2468 2470 0
2468 6080 0
2470 15845 0
2470 2473 0
2473 2473 0
2473 4551 0
2473 3561 0
4011 5535 1
4011 4011 0
8623 4339 0
8623 8442 0
8623 8623 0
8623 4550 0
4339 3035 0
5557 7634 1
6583 972 0
5620 14157 0
5620 6035 0
5620 4555 0
5620 972 0
5620 5620 0
5620 1022 0
5535 5535 2
6080 6080 0
6080 4555 0
6080 4558 0
4547 15845 0
4547 4547 0
4547 4555 0
4547 972 0
4547 4095 0
4550 4550 0
4550 4551 0
4550 4555 0
4550 8702 0
4550 19741 0
4550 5108 0
4551 4555 0
4551 8702 0
4551 4551 0
4554 4554 0
4555 4555 0
972 972 0
972 1022 0
4558 8442 0
4558 4558 0
14157 1022 0
7634 7634 0
3035 3035 0
5883 5883 0
3784 3784 0
5108 5108 0
1022 1022 0
6035 6035 0
4095 4095 0
