6147 6147 0
6147 8256 0
6147 4425 1
6147 4463 0
6147 6561 0
6147 4524 0
6147 659 0
6147 2718 0
6147 2722 0
6147 4795 0
6147 1259 0
6147 5372 0
6147 1388 0
6147 3446 0
6147 3461 1
6147 1546 0
6147 7077 0
6147 1653 0
6147 1741 0
6147 5855 0
6147 1779 0
6147 3927 0
6147 5994 0
6147 3986 0
6147 2382 0
1546 1546 0
1546 1653 0
1546 7301 0
1546 13512 1
1546 722 0
1546 5855 0
1546 1259 0
1546 5882 0
1546 5469 0
1546 3461 1
1546 3986 0
8211 8211 0
8211 1687 0
8211 2718 0
8211 13512 1
8211 5855 0
8211 2338 0
8211 301 1
8211 8503 0
8211 5469 0
8211 3986 0
2069 2069 0
2069 561 0
2069 1160 0
2069 1680 0
2069 1687 0
2069 1741 0
2069 722 0
2069 5855 0
2069 3354 0
2069 2338 0
2069 301 1
2069 21300 0
2069 4425 1
2069 1388 0
2069 3446 0
2069 3986 0
2069 4555 0
6180 6180 0
6180 1160 0
6180 1687 0
6180 158 1
6180 1444 0
6180 4524 0
6180 301 1
6180 2718 0
6180 5432 0
6180 4550 0
6180 4551 0
6180 1741 0
6180 2382 0
6180 4443 0
6180 5994 0
5981 301 1
5981 8507 0
5981 561 0
5981 669 0
5981 760 0
5981 1388 0
5981 1687 0
5981 10152 0
5981 2338 0
5981 3141 0
5981 2470 0
5981 2500 0
5981 2524 0
5981 2712 0
5981 2722 0
5981 3043 0
5981 3354 0
5981 3446 0
5981 3461 1
5981 3986 0
5981 5207 0
5981 5432 0
5981 5469 0
5981 5855 0
5981 5882 0
5981 5981 0
5981 7077 0
5981 7165 0
5981 16073 0
561 16444 0
561 301 1
561 8503 0
561 4443 0
561 4463 0
561 6561 0
561 2500 0
561 2501 0
561 4550 0
561 4551 0
561 2524 0
561 561 0
561 2712 0
561 2718 0
561 6828 0
561 6904 0
561 866 0
561 3043 0
561 7301 0
561 1160 0
561 1259 0
561 5365 0
561 5367 0
561 5372 0
561 3353 0
561 3354 0
561 5432 0
561 1388 0
561 3461 1
561 5523 0
561 1680 0
561 1687 0
561 1741 0
561 5855 0
561 1779 0
561 5980 0
561 5994 0
561 1927 0
16444 5980 0
16444 2133 1
16444 1653 0
16444 2703 0
16444 7851 0
16444 1741 0
16444 1779 0
16444 6403 0
16444 301 1
16444 16444 0
16444 5994 0
16444 1388 0
16444 10152 0
16444 2500 0
16444 2501 0
16444 7165 0
8256 3461 1
8256 3353 0
8256 3354 0
8256 4524 0
8256 13512 1
8256 5855 0
8256 760 0
3141 3141 0
3141 1653 0
3141 1680 0
3141 2712 0
3141 2718 0
3141 2722 0
3141 5855 0
3141 3353 0
3141 3354 0
3141 5427 1
3141 8507 0
3141 5994 0
3141 3986 0
3141 5490 1
3141 6561 0
3141 16073 0
2133 6828 1
2133 1687 1
2133 6057 1
2133 4524 1
2133 5432 1
2133 2501 1
2133 4550 1
2133 4551 1
2133 16357 2
2133 4443 1
2133 1779 1
2133 2044 2
5207 5980 0
5207 5207 0
5207 1653 0
5207 2712 0
5207 13512 1
5207 1741 0
5207 301 1
5207 5432 0
5207 2361 0
5207 3927 0
5207 5994 0
5207 4463 0
5207 3446 0
5207 3986 0
5207 5469 0
5207 2500 0
5207 2501 0
5207 4550 0
1653 669 0
1653 1160 0
1653 1259 0
1653 1388 0
1653 1653 0
1653 1779 0
1653 18181 0
1653 2044 1
1653 2338 0
1653 2361 0
1653 2382 0
1653 2501 0
1653 5882 0
1653 2722 0
1653 3353 0
1653 3927 0
1653 3986 0
1653 4443 0
1653 13512 1
1653 5367 0
1653 5523 0
1653 5855 0
1653 6403 0
1653 6561 0
1653 7165 0
1653 7301 0
1653 7851 0
2684 1680 1
2684 5432 1
2684 2044 2
6275 6828 0
6275 301 1
6275 2361 0
6275 5994 0
6275 5882 0
6275 2044 1
7301 13512 1
7301 7301 0
7301 1388 0
7301 7851 0
7301 6828 0
7301 6403 0
7301 4988 0
7301 3986 0
7301 16357 1
1160 5469 0
1160 301 1
1160 8503 0
1160 2500 0
1160 2501 0
1160 4550 0
1160 4551 0
1160 6828 0
1160 722 0
1160 6904 0
1160 2524 0
1160 866 0
1160 7077 0
1160 3043 0
1160 1160 0
1160 1259 0
1160 5365 0
1160 5367 0
1160 2361 0
1160 3353 0
1160 3354 0
1160 7455 0
1160 5427 1
1160 1388 0
1160 3446 0
1160 5523 0
1160 1687 0
1160 1741 0
1160 5855 0
1160 5432 0
1160 3927 0
1160 5994 0
1160 2044 1
16523 16523 0
16523 2715 0
16523 13512 1
16523 1741 0
16523 5855 0
16523 301 1
16523 18758 0
2703 301 1
2703 2361 0
2703 2500 0
2703 2703 0
2703 2712 0
2703 2718 0
2703 2721 0
2703 2722 0
2703 8867 0
2703 13512 1
2703 5427 1
2703 3461 1
2703 7851 0
2703 5855 0
2703 1779 0
2703 5882 0
2703 3927 0
2703 3986 0
1680 2338 0
1680 8507 0
1680 2500 0
1680 2501 0
1680 2712 0
1680 2715 0
1680 2718 0
1680 2722 0
1680 8867 0
1680 7165 0
1680 13512 1
1680 5372 0
1680 5469 0
1680 3986 0
659 659 0
659 2712 0
659 13512 1
659 5855 0
659 5365 0
659 5882 0
659 3353 0
659 2338 0
659 4463 0
659 3461 1
659 3986 0
659 4524 0
659 4550 0
659 4551 0
659 760 0
1687 2338 0
1687 301 1
1687 8503 0
1687 2361 0
1687 4443 0
1687 2500 0
1687 4550 0
1687 4555 0
1687 2524 0
1687 2721 0
1687 722 0
1687 6904 0
1687 866 0
1687 3043 0
1687 7165 0
1687 1259 0
1687 5365 0
1687 5367 0
1687 3353 0
1687 3354 0
1687 7455 0
1687 5427 1
1687 5432 0
1687 5469 0
1687 5490 1
1687 3446 0
1687 5523 0
1687 7077 0
1687 1687 0
1687 1741 0
1687 5855 0
1687 5882 0
1687 5994 0
1687 16357 1
2712 7851 0
2712 2338 0
2712 4463 0
2712 2500 0
2712 2501 0
2712 4555 0
2712 2524 0
2712 2712 0
2712 2718 0
2712 2721 0
2712 2722 0
2712 8867 0
2712 4795 0
2712 3043 0
2712 13512 1
2712 1259 0
2712 3354 0
2712 5432 0
2712 3446 0
2712 3461 1
2712 7077 0
2712 1741 0
2712 5855 0
2712 5882 0
2712 5980 0
2712 3986 0
2715 2715 0
2715 13512 1
2715 1741 0
2715 5882 0
2715 301 1
2715 5432 0
2715 5994 0
669 301 1
669 2361 0
669 669 0
669 2718 0
669 8867 0
669 4795 0
669 5432 0
669 3461 1
669 1741 0
669 5882 0
669 1927 0
158 6561 1
158 1741 1
158 301 2
158 4437 1
158 2361 1
158 2044 2
158 7455 1
672 672 0
672 1741 0
672 5882 0
672 301 1
672 3353 0
672 2361 0
672 3461 1
2721 3461 1
2721 5523 0
2721 2721 0
2721 2722 0
2721 301 1
2721 2361 0
2721 4795 0
2721 9009 0
2721 1741 0
2721 2524 0
2721 5469 0
2721 5855 0
2721 1902 0
2722 2338 0
2722 301 1
2722 5523 0
2722 4524 0
2722 2500 0
2722 2501 0
2722 2524 0
2722 2718 0
2722 2722 0
2722 4795 0
2722 9009 0
2722 866 0
2722 4988 0
2722 3043 0
2722 1902 0
2722 1259 0
2722 5432 0
2722 5469 0
2722 1388 0
2722 3446 0
2722 3461 1
2722 7851 0
2722 1741 0
2722 5855 0
2722 5882 0
2722 1927 0
2722 3986 0
2722 10152 0
8867 2338 0
8867 301 1
8867 4443 0
8867 6561 0
8867 2470 0
8867 8867 0
8867 4795 0
8867 6904 0
8867 7077 0
8867 3043 0
8867 1388 0
8867 3446 0
8867 3461 1
8867 7851 0
8867 1741 0
8867 3986 0
8867 10152 0
7851 1388 0
7851 2338 0
7851 13512 1
7851 7851 0
7851 1741 0
7851 6403 0
7851 3986 0
7851 10152 0
7851 2044 1
6828 5994 0
6828 6828 0
6828 1741 0
6828 301 1
6828 5855 0
6828 4463 0
6828 3446 0
6828 4988 0
6828 2524 0
6828 3043 0
6828 2044 1
4795 2718 0
4795 4795 0
4795 4555 0
4795 301 1
4795 9009 0
4795 2361 0
4795 5469 0
4795 3461 1
4795 4524 0
4795 4550 0
4795 4551 0
13512 6403 1
13512 18758 1
13512 16073 1
13512 5855 1
13512 10152 1
13512 5365 1
13512 5367 1
13512 760 1
13512 5372 1
13512 13512 2
13512 3927 1
13512 5980 1
13512 5469 1
13512 1388 1
13512 4463 1
13512 3446 1
13512 4988 1
13512 8507 1
13512 2470 1
13512 4555 1
13512 2524 1
13512 7165 1
16073 3461 1
16073 3353 0
16073 2470 0
1741 2338 0
1741 301 1
1741 8503 0
1741 4443 0
1741 4463 0
1741 6561 0
1741 4524 0
1741 2500 0
1741 2501 0
1741 4550 0
1741 4551 0
1741 4555 0
1741 2524 0
1741 2718 0
1741 6904 0
1741 21300 0
1741 866 0
1741 3043 0
1741 1259 0
1741 5365 0
1741 5372 0
1741 3353 0
1741 3354 0
1741 5432 0
1741 5469 0
1741 1388 0
1741 3446 0
1741 3461 1
1741 5523 0
1741 7077 0
1741 1741 0
1741 5855 0
1741 1779 0
1741 3927 0
1741 8507 0
1741 5994 0
1741 1902 0
1741 1927 0
1741 2382 0
722 3353 0
722 3354 0
722 301 1
722 5427 1
722 7077 0
722 2500 0
722 4551 0
722 2524 0
722 5855 0
722 3043 0
722 5523 0
5855 18181 0
5855 7165 0
5855 301 1
5855 8503 0
5855 2361 0
5855 2382 0
5855 4443 0
5855 4463 0
5855 4524 0
5855 2500 0
5855 2501 0
5855 4551 0
5855 4555 0
5855 6904 0
5855 2524 0
5855 2718 0
5855 4550 0
5855 760 0
5855 866 0
5855 4988 0
5855 5365 0
5855 3353 0
5855 3354 0
5855 7455 0
5855 5432 0
5855 5469 0
5855 3446 0
5855 3461 1
5855 1444 0
5855 5367 0
5855 10152 0
5855 7077 0
5855 5855 0
5855 1779 0
5855 5980 0
5855 5994 0
5855 1927 0
5855 6057 0
10987 1321 1
10987 3354 1
10987 3353 1
1779 5980 0
1779 7077 0
1779 1259 0
1779 1779 0
1779 6904 0
1779 301 1
1779 4437 0
1779 4443 0
1779 1388 0
1779 2500 0
1779 2501 0
1779 7165 0
5365 3354 0
5365 1259 0
5365 5365 0
5365 5367 0
5365 3353 0
5365 5432 0
5365 2361 0
5365 301 1
5365 3927 0
5365 8507 0
5365 3446 0
5365 3986 0
5365 5523 0
5365 10152 0
5365 6057 0
5365 2500 0
5365 2501 0
5365 2524 0
5365 7077 0
5365 5372 0
5365 6904 0
5367 5367 0
5367 2361 0
5367 3353 0
5367 3354 0
5367 2338 0
5367 301 1
5367 5432 0
5367 3927 0
5367 3986 0
5367 6904 0
5367 2500 0
5367 2501 0
5367 7077 0
5367 3043 0
5367 5372 0
6904 6904 0
6904 5372 0
6904 3354 0
6904 301 1
6904 2361 0
6904 5523 0
6904 4550 0
6904 4551 0
6904 2524 0
6904 3043 0
6904 2044 1
5882 2382 0
5882 6561 0
5882 4555 0
5882 2718 0
5882 9009 0
5882 3043 0
5882 1259 0
5882 5427 1
5882 3461 1
5882 5882 0
5882 18181 0
5882 5980 0
5882 1927 0
5372 301 1
5372 2361 0
5372 3043 0
5372 5469 0
5372 3446 0
5372 2500 0
5372 2501 0
768 5427 1
768 5490 1
6403 6403 0
6403 2338 0
6403 1388 0
6403 3986 0
6403 2044 1
18181 3461 1
18181 18181 0
18181 3986 0
18181 7077 0
18181 301 1
18181 2500 0
18181 2501 0
18181 1259 0
3353 2500 0
3353 2501 0
3353 4550 0
3353 4551 0
3353 4555 0
3353 760 0
3353 4988 0
3353 3043 0
3353 1259 0
3353 3353 0
3353 3354 0
3353 5427 1
3353 5432 0
3353 5980 0
3354 2338 0
3354 301 1
3354 2361 0
3354 2382 0
3354 2500 0
3354 4550 0
3354 2524 0
3354 4555 0
3354 3043 0
3354 7165 0
3354 1259 0
3354 3354 0
3354 5427 1
3354 5490 1
3354 5432 0
3354 1927 0
7455 7455 0
7455 301 1
7455 4555 0
7455 3043 0
2338 2338 0
2338 4463 0
2338 4550 0
2338 2718 0
2338 4988 0
2338 5432 0
2338 5469 0
2338 1388 0
2338 3461 1
2338 3927 0
2338 5980 0
2338 5994 0
2338 1927 0
2338 3986 0
2338 10152 0
2338 2044 1
1321 1321 0
1321 2044 1
301 5469 1
301 7077 1
301 9009 1
301 4437 1
301 1902 1
301 18758 1
301 21300 1
301 1259 1
301 301 2
301 8503 1
301 2361 1
301 2382 1
301 5432 1
301 3927 1
301 4443 1
301 866 1
301 5994 1
301 5490 2
301 5523 1
301 3446 1
301 1927 1
301 4463 1
301 6561 1
301 1444 1
301 10152 1
301 6057 1
301 2718 1
301 2500 1
301 4550 1
301 4555 1
301 2524 1
301 3043 1
301 4551 1
301 2044 2
9009 5469 0
9009 2718 0
9009 9009 0
9009 866 0
9009 5994 0
9009 1902 0
9009 4988 0
9009 3461 1
9009 3986 0
5427 1444 1
5427 4524 1
5427 5427 2
5427 5432 1
5427 5994 1
5427 2044 2
5427 7165 1
21300 2044 1
8503 2718 0
8503 3461 1
8503 8503 0
8503 2361 0
8503 5994 0
8503 3446 0
8503 4988 0
8503 5523 0
8503 7077 0
8503 2500 0
5432 2500 0
5432 2501 0
5432 4550 0
5432 4555 0
5432 2524 0
5432 2718 0
5432 4551 0
5432 7077 0
5432 7165 0
5432 1259 0
5432 5432 0
5432 5469 0
5432 5490 1
5432 5523 0
5432 1444 0
5432 3043 0
5432 2044 1
2361 5469 0
2361 2361 0
2361 2382 0
2361 4443 0
2361 5980 0
2361 5994 0
2361 1902 0
2361 5523 0
2361 3446 0
2361 6561 0
2361 4524 0
2361 2718 0
2361 2500 0
2361 2501 0
2361 4550 0
2361 4551 0
2361 4555 0
2361 3043 0
8507 5994 0
8507 1388 0
8507 4988 0
8507 3461 1
18758 18758 0
4425 3986 1
2382 2382 0
2382 4463 0
2382 4524 0
2382 4550 0
2382 4551 0
2382 2718 0
2382 3043 0
2382 7165 0
2382 1259 0
2382 3446 0
2382 3461 1
4437 4988 0
4437 4437 0
4437 1259 0
4437 6057 0
3927 2500 0
3927 1259 0
3927 3927 0
3927 5469 0
3927 5994 0
3927 4463 0
3927 3986 0
3927 7077 0
3927 2501 0
4443 4443 0
4443 866 0
4443 3446 0
4443 3986 0
4443 4550 0
4443 4551 0
5980 5469 0
5980 3446 0
5980 3461 1
5980 3986 0
5980 3043 0
5469 5523 0
5469 4524 0
5469 2524 0
5469 1927 0
5469 2718 0
5469 866 0
5469 7077 0
5469 1259 0
5469 5469 0
5469 3446 0
5469 3986 0
866 1902 0
866 2718 0
866 866 0
866 4463 0
866 2501 0
866 3043 0
866 2044 1
5994 2500 0
5994 2524 0
5994 3043 0
5994 1388 0
5994 3446 0
5994 3461 1
5994 1444 0
5994 5994 0
5994 2044 1
1388 1388 0
1388 4988 0
1388 3043 0
1388 1259 0
1388 3446 0
1388 3461 1
1388 3986 0
1388 10152 0
1902 2718 0
1902 3461 1
1902 3986 0
4463 4463 0
4463 4524 0
4463 2500 0
4463 4550 0
4463 4551 0
4463 7077 0
4463 3446 0
4463 1927 0
4463 3986 0
5490 7077 1
5490 5490 2
3446 2500 0
3446 2524 0
3446 2718 0
3446 3043 0
3446 7165 0
3446 3446 0
4988 2718 0
4988 3461 1
1259 4524 0
1259 2500 0
1259 4555 0
1259 2524 0
1259 7165 0
1259 3986 0
1259 2044 1
3461 2718 1
3461 760 1
3461 3461 2
3461 1927 1
3461 3986 1
3461 2470 1
3461 4550 1
3461 4551 1
3461 4555 1
3461 3043 1
1927 4524 0
1927 2718 0
1927 3043 0
1927 3986 0
3986 760 0
3986 10152 0
3986 2470 0
3986 2501 0
3986 2718 0
3986 3986 0
3986 4550 0
3986 4551 0
3986 5523 0
5523 7077 0
5523 4555 0
5523 2718 0
5523 3043 0
5523 5523 0
5523 4551 0
5523 2500 0
5523 2501 0
5523 4550 0
5523 2524 0
5523 16357 1
6561 2500 0
6561 7077 0
6561 2501 0
6561 3043 0
6561 2044 1
1444 7077 0
1444 2500 0
1444 2501 0
1444 1444 0
7077 760 0
7077 3043 0
7077 7077 0
7077 2500 0
7077 2501 0
7077 2524 0
10152 10152 0
4524 4524 0
4524 2500 0
4524 2718 0
4524 7165 0
2718 2500 0
2718 4550 0
2718 2524 0
2718 2718 0
2718 2501 0
2718 3043 0
2718 7165 0
2500 2501 0
2500 4555 0
2500 2524 0
2500 760 0
2500 3043 0
2500 2500 0
2500 16357 1
2501 2524 0
2501 2501 0
2501 16357 1
4550 4550 0
4550 4551 0
4550 4555 0
4550 2524 0
4550 3043 0
4550 2044 1
4551 4555 0
4551 2524 0
4551 4551 0
4551 3043 0
4555 760 0
4555 4555 0
4555 3043 0
760 7165 0
2524 2524 0
2524 3043 0
3043 3043 0
3043 2044 1
7165 7165 0
