3840 3671 1
3840 5184 0
3840 3654 1
3840 10315 0
3840 3672 0
3840 3675 0
3840 3676 1
3840 3677 1
3840 12933 0
3840 15004 0
3840 4259 0
3840 8871 0
3840 16159 0
3840 1750 0
3840 3805 0
3840 3806 0
3840 3807 0
3840 3808 0
3840 3809 0
3840 3811 0
3840 3812 0
3840 3813 0
3840 3815 0
3840 3817 0
3840 3818 0
3840 3819 0
3840 3820 0
3840 3821 0
3840 3822 0
3840 3823 0
3840 3824 0
3840 3825 0
3840 3826 0
3840 3827 0
3840 3828 0
3840 3829 0
3840 3830 0
3840 3831 0
3840 3833 0
3840 3834 0
3840 3835 0
3840 3836 0
3840 3837 0
3840 3839 0
3840 3841 0
3840 1290 0
3840 20101 0
3840 18796 0
3840 3816 0
3840 19331 0
3840 1943 0
3840 6040 0
3840 6041 0
3840 6042 0
3840 6043 0
3840 6045 0
3840 3659 0
7007 7303 1
7007 4624 0
7007 2338 0
7007 17982 1
7007 8768 0
7007 1741 0
7007 16374 0
7007 7007 0
7007 3831 0
7007 5881 0
7007 5500 0
8196 9154 1
8196 3561 1
8196 1653 1
3836 3841 0
3836 19331 0
3836 12933 0
3836 7303 1
3836 18796 0
3836 1290 0
3836 10315 0
3836 6040 0
3836 6041 0
3836 6042 0
3836 6043 0
3836 12956 0
3836 6045 0
3836 16159 0
3836 15004 0
3836 8871 0
3836 3677 1
3836 4874 0
3836 11202 0
3836 20101 0
3836 3659 0
3836 13135 0
3836 1750 0
3836 3671 1
3836 3672 0
3836 9828 0
3836 3674 1
3836 3675 0
3836 3676 1
3836 3805 0
3836 3806 0
3836 3807 0
3836 3808 0
3836 3809 0
3836 3811 0
3836 3812 0
3836 3813 0
3836 3815 0
3836 3816 0
3836 3817 0
3836 3818 0
3836 3819 0
3836 3820 0
3836 3821 0
3836 3822 0
3836 3823 0
3836 3824 0
3836 3825 0
3836 3826 0
3836 3827 0
3836 3828 0
3836 3829 0
3836 3830 0
3836 3831 0
3836 3833 0
3836 3834 0
3836 3835 0
3836 3837 0
3836 3839 0
2571 2571 0
2571 1728 1
2571 3267 0
2571 1221 0
2571 4409 0
2571 984 1
6042 5207 0
6042 10315 0
6042 13061 0
6042 5184 0
6042 3653 1
6042 3654 1
6042 3655 1
6042 590 0
6042 1108 0
6042 3671 1
6042 3672 0
6042 3674 1
6042 3675 0
6042 3676 1
6042 3677 1
6042 12933 0
6042 4256 0
6042 685 0
6042 4803 0
6042 3782 0
6042 2771 0
6042 1750 0
6042 3802 0
6042 3805 0
6042 3806 0
6042 3807 0
6042 3808 0
6042 3809 0
6042 3811 0
6042 3812 0
6042 3813 0
6042 3815 0
6042 3816 0
6042 3817 0
6042 3818 0
6042 3819 0
6042 3820 0
6042 3821 0
6042 3822 0
6042 3823 0
6042 3824 0
6042 3825 0
6042 3826 0
6042 3827 0
6042 3829 0
6042 3830 0
6042 3831 0
6042 3833 0
6042 3834 0
6042 3835 0
6042 3837 0
6042 3839 0
6042 3841 0
6042 18696 0
6042 1290 0
6042 5389 0
6042 19331 0
6042 16159 0
6042 842 0
6042 7504 0
6042 18796 0
6042 5497 0
6042 5500 0
6042 3986 0
6042 5013 0
6042 6040 0
6042 6041 0
6042 1438 0
6042 18332 0
6042 6045 0
6042 3828 0
6042 5564 0
6042 11202 0
6042 2535 0
6042 1620 0
6042 1022 0
4110 4110 0
4110 6162 0
4110 4145 0
4110 2136 0
4110 4642 0
4110 4259 0
4110 7858 1
4110 4583 1
4110 4624 0
4110 4641 0
4110 2600 0
4110 2601 0
4110 2606 0
4110 8768 0
4110 590 0
4110 6741 0
4110 2703 0
4110 676 0
4110 4780 0
4110 4803 0
4110 4925 0
4110 4963 0
4110 4966 0
4110 5021 0
4110 5028 0
4110 5045 0
4110 5207 0
4110 7303 1
4110 5389 0
4110 1384 0
4110 5495 0
4110 3469 0
4110 1591 0
4110 1620 0
4110 1653 0
4110 3782 0
4110 3816 0
4110 3831 0
4110 3833 0
4110 3835 0
4110 5981 0
4110 6068 0
4110 16374 0
4624 4624 0
4624 4641 0
4624 2600 0
4624 4662 0
4624 1591 0
4624 16374 0
4624 7812 0
4624 2703 0
4624 4642 0
4624 676 0
4624 1221 0
4624 18134 0
4624 3802 0
4624 7633 0
4624 17363 0
4624 3885 0
4624 18339 1
4624 5981 0
4624 3729 0
4624 1384 0
4624 5487 0
4624 3446 0
4624 3986 0
4624 915 0
4624 18332 0
4624 6068 0
4624 455 1
4624 5885 0
4624 6741 0
1041 17982 1
1041 12933 0
1041 7303 1
1041 669 0
1041 4864 0
1041 19738 0
1041 5495 0
1041 5529 0
6162 6162 0
6162 4256 0
6162 2338 0
6162 2458 0
6162 4583 1
6162 8768 0
6162 590 0
6162 6739 0
6162 6741 0
6162 2703 0
6162 669 0
6162 676 0
6162 13061 0
6162 861 0
6162 4963 0
6162 4966 0
6162 5016 0
6162 5028 0
6162 3108 0
6162 5389 0
6162 3462 0
6162 7633 0
6162 3654 1
6162 1620 0
6162 5747 0
6162 3729 0
6162 7893 0
6162 5855 0
6162 7986 0
6162 6002 0
6162 3986 0
6162 1943 0
6162 18332 0
6162 6068 0
6162 16034 0
16900 2600 0
16900 2601 0
16900 2606 0
16900 16444 0
16900 6739 0
16900 1728 1
16900 3782 0
16900 18728 0
16900 4409 0
16900 5974 0
16900 1384 0
16900 984 1
16900 2937 0
16900 3986 0
16900 3561 0
1830 7317 1
1830 676 1
1830 1830 2
1830 8270 1
1830 5747 1
17438 984 1
17438 1722 0
17438 1371 0
17438 1725 1
13061 16453 0
13061 4803 0
13061 4256 0
13061 4259 0
13061 18728 0
13061 4409 0
13061 2600 0
13061 2601 0
13061 2606 0
13061 4662 0
13061 8768 0
13061 685 0
13061 7303 1
13061 4956 0
13061 4961 0
13061 4966 0
13061 2937 0
13061 5028 0
13061 13301 0
13061 1022 0
13061 13061 0
13061 5207 0
13061 7014 0
13061 5016 0
13061 1384 0
13061 5529 0
13061 18339 1
13061 1591 0
13061 17982 1
13061 1653 0
13061 18040 0
13061 16031 0
13061 7858 1
13061 7893 0
13061 3802 0
13061 5855 0
13061 1765 0
13061 5981 0
13061 6068 0
4641 4641 0
4641 4642 0
4641 6739 0
4641 8469 0
4641 2703 0
4641 3729 0
4641 685 0
4641 8389 1
4641 5885 0
4641 8467 0
4641 2338 0
4641 4925 0
4641 5981 0
4641 2411 0
4641 7043 1
4641 3986 0
4641 5013 0
4641 18332 0
4641 7633 0
4642 4642 0
4642 2703 0
4642 3729 0
4642 8389 1
4642 5855 0
4642 3817 0
4642 5885 0
4642 5389 0
4642 8467 0
4642 7455 0
4642 301 0
4642 5981 0
4642 5994 0
4642 2411 0
4642 6002 0
4642 3446 0
4642 5013 0
4642 3986 0
4642 18332 0
4642 9158 0
4642 455 1
4642 7633 0
4642 3561 0
3675 3841 0
3675 19331 0
3675 6404 0
3675 12933 0
3675 18796 0
3675 1290 0
3675 20101 0
3675 6040 0
3675 6041 0
3675 6043 0
3675 15004 0
3675 6045 0
3675 16159 0
3675 8871 0
3675 3677 1
3675 10315 0
3675 3659 0
3675 1750 0
3675 3671 1
3675 3672 0
3675 3805 0
3675 3806 0
3675 3807 0
3675 3808 0
3675 3809 0
3675 3811 0
3675 3812 0
3675 3813 0
3675 3815 0
3675 3816 0
3675 3817 0
3675 3818 0
3675 3819 0
3675 3820 0
3675 3821 0
3675 3822 0
3675 3823 0
3675 3824 0
3675 3825 0
3675 3826 0
3675 3827 0
3675 3828 0
3675 3829 0
3675 3830 0
3675 3831 0
3675 3833 0
3675 3834 0
3675 3835 0
3675 3837 0
3675 3839 0
3108 3108 0
3108 8881 0
3108 4803 0
3108 8389 1
3108 7893 0
3108 3353 0
3108 4925 0
3108 7014 0
3108 3469 0
3108 3986 0
3108 915 0
3108 5529 0
3108 9129 0
3108 455 1
18469 8389 1
18469 7858 1
18469 16031 0
18469 4662 0
18469 6739 0
18469 6740 0
18469 6741 0
18469 2535 0
18469 1653 0
18469 4985 0
9768 9768 0
9768 17982 1
9768 6738 0
9768 1620 0
9768 7858 1
9768 3782 0
9768 2338 0
9768 1371 0
9768 861 0
9768 1384 0
9768 1943 0
9768 5013 0
2601 8875 0
2601 4256 0
2601 8389 1
2601 2338 0
2601 18728 0
2601 6484 0
2601 2600 0
2601 2601 0
2601 2602 0
2601 2606 0
2601 4662 0
2601 6737 0
2601 6738 0
2601 6739 0
2601 6740 0
2601 6741 0
2601 8881 0
2601 4803 0
2601 4833 0
2601 6977 0
2601 4956 0
2601 2937 0
2601 5028 0
2601 5029 0
2601 17363 0
2601 17396 0
2601 13301 0
2601 861 0
2601 13549 0
2601 5380 0
2601 1384 0
2601 3462 0
2601 5529 0
2601 7605 0
2601 1620 0
2601 1653 0
2601 16031 0
2601 7858 1
2601 3782 0
2601 7893 0
2601 3802 0
2601 5855 0
2601 1765 0
2601 3885 0
2601 7986 0
2601 5974 0
2601 5981 0
2601 3986 0
2601 1943 0
2601 18332 0
2601 6068 0
2601 8166 0
2601 16374 0
2602 8875 0
2602 2600 0
2602 2602 0
2602 7858 1
2602 2606 0
2602 1591 0
2602 6737 0
2602 6740 0
2602 6741 0
2602 7812 0
2602 16031 0
2602 4256 0
2602 4259 0
2602 8881 0
2602 3782 0
2602 1741 0
2602 7893 0
2602 2937 0
2602 4833 0
2602 18728 0
2602 2338 0
2602 5529 0
2602 6977 0
2602 6471 0
2602 3408 0
2602 6484 0
2602 861 0
2602 4963 0
2602 4966 0
2602 1384 0
2602 4971 0
2602 5487 0
2602 4985 0
2602 4986 0
2602 1943 0
2602 5016 0
2602 5021 0
2602 1438 0
2602 16453 0
2602 18332 0
2602 6068 0
2602 955 1
2602 9158 0
2602 5029 0
2602 3561 0
2602 6739 0
2602 17396 0
2602 16374 0
7724 7812 1
7724 15413 1
2606 16453 0
2606 8296 0
2606 4256 0
2606 4259 0
2606 2338 0
2606 4409 0
2606 6471 0
2606 6484 0
2606 2411 0
2606 6651 0
2606 2600 0
2606 4662 0
2606 8768 0
2606 6739 0
2606 6740 0
2606 6741 0
2606 676 0
2606 8881 0
2606 2771 0
2606 4833 0
2606 10995 0
2606 4859 0
2606 4864 0
2606 800 0
2606 2855 1
2606 6977 0
2606 4956 0
2606 4961 0
2606 4963 0
2606 4966 0
2606 4971 0
2606 4985 0
2606 4986 0
2606 5013 0
2606 5016 0
2606 5021 0
2606 5029 0
2606 7084 0
2606 5045 0
2606 9158 0
2606 17396 0
2606 13301 0
2606 861 0
2606 8389 1
2606 2937 0
2606 13549 0
2606 3408 0
2606 1384 0
2606 3446 0
2606 5529 0
2606 7616 0
2606 7633 0
2606 5028 0
2606 3561 0
2606 1591 0
2606 1653 0
2606 18040 0
2606 7812 0
2606 3729 0
2606 16031 0
2606 7858 1
2606 1728 1
2606 3782 0
2606 7893 0
2606 3802 0
2606 5855 0
2606 1765 0
2606 18728 0
2606 3885 0
2606 7986 0
2606 5974 0
2606 5981 0
2606 5994 0
2606 3986 0
2606 951 0
2606 1943 0
2606 16374 0
861 8875 0
861 7858 1
861 4145 0
861 4256 0
861 4259 0
861 8469 0
861 18728 0
861 4409 0
861 2411 0
861 6651 0
861 2600 0
861 561 0
861 4662 0
861 6737 0
861 6741 0
861 8296 0
861 676 0
861 4780 0
861 8881 0
861 4833 0
861 754 0
861 4864 0
861 9023 0
861 4956 0
861 861 0
861 2937 0
861 4986 0
861 5016 0
861 5029 0
861 5045 0
861 3043 0
861 1022 0
861 4961 0
861 5207 0
861 4966 0
861 1221 0
861 1224 0
861 3353 0
861 5432 0
861 1384 0
861 3446 0
861 5495 0
861 5500 0
861 5028 0
861 7084 0
861 1591 0
861 3654 1
861 1653 0
861 7812 0
861 9158 0
861 3782 0
861 1741 0
861 18134 0
861 3802 0
861 5855 0
861 5994 0
861 3986 0
861 6068 0
861 16031 0
4145 4145 0
4145 4409 0
4145 6471 0
4145 6484 0
4145 2458 0
4145 2535 0
4145 561 0
4145 8768 0
4145 6737 0
4145 6738 0
4145 6739 0
4145 6740 0
4145 6741 0
4145 676 0
4145 4859 0
4145 9023 0
4145 4956 0
4145 4966 0
4145 4985 0
4145 4986 0
4145 5016 0
4145 5045 0
4145 984 1
4145 1371 0
4145 3446 0
4145 5021 0
4145 7605 0
4145 3517 0
4145 5028 0
4145 1591 0
4145 1620 0
4145 1727 0
4145 1728 1
4145 7893 0
4145 5855 0
4145 1765 0
4145 5885 0
4145 5981 0
4145 3986 0
4145 1943 0
4145 18332 0
1587 8881 0
1587 3653 1
1587 3671 1
15412 19331 0
15412 2715 0
15412 15004 0
15412 6045 0
15412 1438 0
15412 4256 0
15412 7303 1
15412 590 0
15412 13135 0
15412 3671 1
15412 3674 1
15412 3676 1
15412 3820 0
15412 3822 0
15412 3823 0
15412 3825 0
15412 3826 0
15412 3829 0
15412 18796 0
15413 3986 0
15413 6068 0
15413 15413 0
15413 455 1
15413 1741 0
15413 5981 0
15413 3813 0
15413 5881 0
4662 2600 0
4662 5981 0
4662 4662 0
4662 16444 0
4662 6739 0
4662 6741 0
4662 5207 0
4662 1653 0
4662 16031 0
4662 685 0
4662 8881 0
4662 7858 1
4662 1725 1
4662 4803 0
4662 7893 0
4662 3802 0
4662 8467 0
4662 2338 0
4662 6977 0
4662 6484 0
4662 5974 0
4662 4956 0
4662 5487 0
4662 3446 0
4662 3986 0
4662 1943 0
4662 18332 0
4662 16374 0
4662 9158 0
4662 3561 0
1591 4256 0
1591 4259 0
1591 3446 0
1591 8467 0
1591 2338 0
1591 4409 0
1591 6471 0
1591 6484 0
1591 2458 0
1591 16453 0
1591 6651 0
1591 2600 0
1591 8768 0
1591 590 0
1591 6738 0
1591 6739 0
1591 6740 0
1591 6741 0
1591 2703 0
1591 2715 0
1591 4780 0
1591 8881 0
1591 4803 0
1591 4833 0
1591 4864 0
1591 842 0
1591 4956 0
1591 4961 0
1591 4963 0
1591 4971 0
1591 4985 0
1591 4986 0
1591 5013 0
1591 5016 0
1591 5021 0
1591 5028 0
1591 5029 0
1591 5045 0
1591 9158 0
1591 17363 0
1591 17396 0
1591 13301 0
1591 4966 0
1591 3267 0
1591 2937 0
1591 5380 0
1591 5389 0
1591 3353 0
1591 3355 0
1591 1371 0
1591 5495 0
1591 5497 0
1591 5500 0
1591 4333 0
1591 5529 0
1591 5981 0
1591 7616 0
1591 6737 0
1591 3561 0
1591 20238 0
1591 1591 0
1591 1620 0
1591 1653 0
1591 18040 0
1591 7812 0
1591 16031 0
1591 7858 1
1591 3782 0
1591 7893 0
1591 18134 0
1591 3802 0
1591 5855 0
1591 3808 0
1591 18728 0
1591 3861 1
1591 5974 0
1591 3986 0
1591 1943 0
1591 18332 0
1591 6045 0
2107 3861 1
2107 339 1
2107 2136 0
2107 16100 0
2107 4333 0
16444 5974 0
16444 4859 0
16444 561 0
16444 8768 0
16444 590 0
16444 9158 0
16444 8296 0
16444 5747 0
16444 1653 0
16444 2703 0
16444 4803 0
16444 8389 1
16444 4256 0
16444 676 0
16444 685 0
16444 1224 0
16444 1741 0
16444 3802 0
16444 17363 0
16444 4833 0
16444 4864 0
16444 7303 1
16444 301 0
16444 6977 0
16444 8467 0
16444 6068 0
16444 1765 0
16444 1384 0
16444 16444 0
16444 5994 0
16444 7616 0
16444 2937 0
16444 5500 0
4874 2338 0
4874 5855 0
4874 6484 0
4874 2411 0
4874 455 1
4874 6737 0
4874 14978 0
4874 4874 0
4874 2938 0
4874 7317 0
4874 3446 0
4874 7633 0
4874 1725 1
4874 5981 0
4874 5994 0
17982 2703 1
17982 3729 1
17982 1943 1
17982 16034 1
17982 15964 1
17982 7605 1
17982 6068 1
17982 4925 1
17982 9023 1
17982 9158 1
17982 842 1
17982 6739 1
17982 1620 1
17982 8296 1
17982 21486 1
17982 7543 1
17982 2938 1
17982 6525 1
5045 7858 1
5045 8768 0
5045 5981 0
5045 590 0
5045 6738 0
5045 6739 0
5045 6741 0
5045 1384 0
5045 18332 0
5045 16031 0
5045 8389 1
5045 4259 0
5045 8881 0
5045 3446 0
5045 1741 0
5045 2937 0
5045 3808 0
5045 4833 0
5045 5500 0
5045 2600 0
5045 18728 0
5045 2338 0
5045 8875 0
5045 4409 0
5045 6471 0
5045 6484 0
5045 1371 0
5045 4961 0
5045 4963 0
5045 4966 0
5045 4971 0
5045 4985 0
5045 4986 0
5045 1943 0
5045 5016 0
5045 2458 0
5045 16453 0
5045 5028 0
5045 5029 0
5045 5021 0
5045 9158 0
5045 6737 0
5045 16374 0
5045 6740 0
5045 6651 0
5184 3654 1
5184 8270 0
5184 6739 0
5184 1108 0
5184 6741 0
5184 15004 0
5184 16031 0
5184 4259 0
5184 8881 0
5184 3806 0
5184 3811 0
5184 3815 0
5184 3816 0
5184 3823 0
5184 3826 0
5184 3834 0
5184 3835 0
5184 16159 0
5184 4925 0
5184 5495 0
5184 7043 1
5184 6040 0
5184 6043 0
5184 1438 0
5184 3830 0
5184 6740 0
5184 3839 0
3821 3841 0
3821 12933 0
3821 1290 0
3821 18796 0
3821 20101 0
3821 19331 0
3821 6040 0
3821 6041 0
3821 6043 0
3821 15004 0
3821 16159 0
3821 4256 0
3821 1703 0
3821 6045 0
3821 8871 0
3821 3677 1
3821 3827 0
3821 10315 0
3821 3809 0
3821 3659 0
3821 13135 0
3821 7633 0
3821 1750 0
3821 3671 1
3821 3672 0
3821 3674 1
3821 3805 0
3821 3806 0
3821 3807 0
3821 3808 0
3821 3811 0
3821 3812 0
3821 3813 0
3821 3815 0
3821 3816 0
3821 3817 0
3821 3818 0
3821 3819 0
3821 3820 0
3821 3822 0
3821 3823 0
3821 3824 0
3821 3825 0
3821 3826 0
3821 3828 0
3821 3829 0
3821 3830 0
3821 3831 0
3821 3833 0
3821 3834 0
3821 3835 0
3821 3837 0
3821 3839 0
16453 4985 0
16453 2600 0
16453 8768 0
16453 6741 0
16453 3671 1
16453 1653 0
16453 18040 0
16453 6977 0
16453 7812 0
16453 16374 0
16453 669 0
16453 16031 0
16453 4256 0
16453 4259 0
16453 9158 0
16453 3782 0
16453 1741 0
16453 3802 0
16453 7986 0
16453 4833 0
16453 18728 0
16453 4864 0
16453 800 0
16453 6471 0
16453 6484 0
16453 5974 0
16453 4956 0
16453 4961 0
16453 4963 0
16453 4966 0
16453 4971 0
16453 2937 0
16453 4986 0
16453 3986 0
16453 5013 0
16453 1943 0
16453 5016 0
16453 5021 0
16453 5028 0
16453 951 0
16453 7616 0
16453 7858 1
16453 5029 0
16453 3561 0
16453 6739 0
16453 6651 0
3654 6404 1
3654 20101 1
3654 18696 1
3654 18796 1
3654 1290 1
3654 5013 1
3654 1943 1
3654 6040 1
3654 6041 1
3654 2715 1
3654 12956 1
3654 6045 1
3654 4256 1
3654 4259 1
3654 5412 1
3654 5414 1
3654 685 1
3654 3805 1
3654 5564 1
3654 11202 1
3654 3267 1
3654 3653 2
3654 3655 2
3654 3659 1
3654 7504 1
3654 2771 1
3654 1108 1
3654 3671 2
3654 9828 1
3654 5413 1
3654 5497 1
3654 8676 1
3654 2535 1
3654 8871 1
3654 6043 1
3654 754 1
3654 3830 1
3654 1620 1
3654 5500 1
3654 5885 1
3654 1022 1
3654 7893 1
3655 20101 1
3655 18696 1
3655 1290 1
3655 6040 1
3655 6041 1
3655 6043 1
3655 6045 1
3655 2715 1
3655 5412 1
3655 5413 1
3655 5414 1
3655 8871 1
3655 4780 1
3655 5564 1
3655 11202 1
3655 3267 1
3655 3653 2
3655 3659 1
3655 7504 1
3655 1108 1
3655 18796 1
10315 3841 0
10315 19331 0
10315 12933 0
10315 18796 0
10315 1290 0
10315 20101 0
10315 6040 0
10315 6041 0
10315 6043 0
10315 12956 0
10315 6045 0
10315 16159 0
10315 15004 0
10315 8871 0
10315 3677 1
10315 10315 0
10315 3827 0
10315 3659 0
10315 13135 0
10315 18332 0
10315 1750 0
10315 3671 1
10315 3672 0
10315 3805 0
10315 3806 0
10315 3807 0
10315 3808 0
10315 3809 0
10315 3811 0
10315 3812 0
10315 3813 0
10315 3815 0
10315 3816 0
10315 3817 0
10315 3818 0
10315 3819 0
10315 3820 0
10315 3822 0
10315 3823 0
10315 3824 0
10315 3825 0
10315 3826 0
10315 3828 0
10315 3829 0
10315 3830 0
10315 3831 0
10315 3833 0
10315 3834 0
10315 3835 0
10315 3837 0
10315 3839 0
8270 8270 0
8270 14978 0
8270 455 1
8270 2338 0
8270 7317 0
8270 3469 0
8270 7633 0
8270 1653 0
6737 3446 0
6737 8467 0
6737 18728 0
6737 6471 0
6737 6484 0
6737 2458 0
6737 6651 0
6737 2600 0
6737 590 0
6737 6738 0
6737 6739 0
6737 6740 0
6737 6741 0
6737 2703 0
6737 669 0
6737 8875 0
6737 8881 0
6737 12989 0
6737 4833 0
6737 754 0
6737 4961 0
6737 4963 0
6737 4966 0
6737 5016 0
6737 5028 0
6737 984 1
6737 13301 0
6737 4985 0
6737 4986 0
6737 7455 0
6737 1371 0
6737 1384 0
6737 5021 0
6737 7633 0
6737 1620 0
6737 1653 0
6737 7812 0
6737 16031 0
6737 1728 1
6737 3802 0
6737 5855 0
6737 1765 0
6737 3884 0
6737 5981 0
6737 6807 0
6737 3986 0
6738 18728 0
6738 4409 0
6738 6471 0
6738 6484 0
6738 2458 0
6738 6651 0
6738 2600 0
6738 590 0
6738 6738 0
6738 6739 0
6738 6740 0
6738 6741 0
6738 2703 0
6738 8875 0
6738 8881 0
6738 12989 0
6738 754 0
6738 4925 0
6738 6977 0
6738 4963 0
6738 4966 0
6738 4985 0
6738 5016 0
6738 5028 0
6738 984 1
6738 17396 0
6738 4986 0
6738 5021 0
6738 7455 0
6738 1371 0
6738 1384 0
6738 3446 0
6738 5495 0
6738 951 0
6738 3729 0
6738 16031 0
6738 1728 1
6738 3802 0
6738 5855 0
6738 1765 0
6738 3884 0
6738 5981 0
6738 6807 0
6738 6068 0
6739 8875 0
6739 4256 0
6739 4259 0
6739 4985 0
6739 8467 0
6739 8469 0
6739 2338 0
6739 6471 0
6739 6484 0
6739 2458 0
6739 13301 0
6739 2600 0
6739 8768 0
6739 590 0
6739 6739 0
6739 6740 0
6739 6741 0
6739 2703 0
6739 6807 0
6739 669 0
6739 685 0
6739 8881 0
6739 12989 0
6739 4833 0
6739 4864 0
6739 7303 1
6739 4925 0
6739 7616 0
6739 4961 0
6739 4963 0
6739 4966 0
6739 4971 0
6739 2937 0
6739 2938 0
6739 5013 0
6739 5016 0
6739 5021 0
6739 5028 0
6739 5029 0
6739 1022 0
6739 5974 0
6739 4986 0
6739 5380 0
6739 7455 0
6739 1371 0
6739 1384 0
6739 5487 0
6739 5495 0
6739 5497 0
6739 5500 0
6739 5529 0
6739 7605 0
6739 3561 0
6739 1653 0
6739 7812 0
6739 19738 0
6739 7858 1
6739 3782 0
6739 1741 0
6739 18134 0
6739 3802 0
6739 3808 0
6739 3809 0
6739 1765 0
6739 18728 0
6739 3830 0
6739 3831 0
6739 3833 0
6739 3884 0
6739 5981 0
6739 3986 0
6739 6068 0
6739 16031 0
6739 16374 0
1108 20101 0
1108 18696 0
1108 18796 0
1108 1290 0
1108 6040 0
1108 6041 0
1108 6045 0
1108 4256 0
1108 6043 0
1108 5412 0
1108 5414 0
1108 8871 0
1108 3653 1
1108 3659 0
1108 7504 0
1108 2771 0
1108 9158 0
1108 3806 0
1108 5413 0
1108 3816 0
1108 5564 0
1108 3824 0
1108 3835 0
1108 5500 0
6741 8469 0
6741 18728 0
6741 6471 0
6741 6484 0
6741 11673 0
6741 2458 0
6741 6651 0
6741 2600 0
6741 8768 0
6741 590 0
6741 6740 0
6741 6741 0
6741 6977 0
6741 2703 0
6741 669 0
6741 8875 0
6741 8881 0
6741 12989 0
6741 4803 0
6741 4833 0
6741 4859 0
6741 4956 0
6741 4961 0
6741 4963 0
6741 4985 0
6741 4986 0
6741 5016 0
6741 5021 0
6741 5028 0
6741 5029 0
6741 1022 0
6741 5974 0
6741 4966 0
6741 7303 1
6741 2937 0
6741 2938 0
6741 7455 0
6741 1371 0
6741 1384 0
6741 3446 0
6741 5495 0
6741 5529 0
6741 8467 0
6741 1653 0
6741 3729 0
6741 19738 0
6741 16031 0
6741 7858 1
6741 3782 0
6741 1741 0
6741 18040 0
6741 3802 0
6741 1765 0
6741 5885 0
6741 3884 0
6741 3885 0
6741 5981 0
6741 6807 0
6741 3986 0
6741 18332 0
6741 6068 0
6741 13301 0
5207 5207 0
5207 8467 0
5207 1653 0
5207 4259 0
5207 4780 0
5207 8881 0
5207 1725 1
5207 1221 0
5207 3782 0
5207 1741 0
5207 7893 0
5207 3833 0
5207 4859 0
5207 301 0
5207 800 0
5207 3884 0
5207 3885 0
5207 7986 0
5207 5432 0
5207 7858 1
5207 6977 0
5207 7504 0
5207 5974 0
5207 4956 0
5207 1384 0
5207 5994 0
5207 3446 0
5207 2937 0
5207 5500 0
5207 3986 0
5207 1943 0
5207 5529 0
5207 5981 0
5207 3561 0
5207 5881 0
5207 17396 0
2136 5389 0
2136 3986 0
2136 3861 1
2136 18332 0
2136 685 0
2136 2101 1
2136 4606 1
3674 19331 1
3674 6404 1
3674 389 1
3674 18796 1
3674 1290 1
3674 3729 1
3674 6040 1
3674 6041 1
3674 3355 1
3674 6045 1
3674 20101 1
3674 2338 1
3674 6043 1
3674 8871 1
3674 15004 1
3674 5432 1
3674 3267 1
3674 3659 1
3674 13135 1
3674 3408 1
3674 1750 1
3674 3808 1
3674 9828 1
3674 3813 1
3674 3817 1
3674 3818 1
3674 3819 1
3674 3820 1
3674 3822 1
3674 3823 1
3674 3824 1
3674 3825 1
3674 3826 1
3674 3827 1
3674 3829 1
3674 3833 1
3674 3835 1
3674 3837 1
17499 18134 0
17499 8467 0
17499 15126 0
17499 17499 0
17499 7858 1
17499 2101 1
17499 1371 0
17499 3561 0
17499 7893 0
15964 16034 0
15964 3809 0
15964 5855 0
15964 455 1
15964 6740 0
3677 3841 1
3677 19331 1
3677 12933 1
3677 18796 1
3677 1290 1
3677 20101 1
3677 6040 1
3677 6041 1
3677 6043 1
3677 15004 1
3677 6045 1
3677 16159 1
3677 8871 1
3677 3659 1
3677 1750 1
3677 3671 2
3677 3672 1
3677 8676 1
3677 3805 1
3677 3806 1
3677 3807 1
3677 3808 1
3677 3809 1
3677 3811 1
3677 3812 1
3677 3813 1
3677 3815 1
3677 3816 1
3677 3817 1
3677 3818 1
3677 3819 1
3677 3820 1
3677 3822 1
3677 3823 1
3677 3824 1
3677 3825 1
3677 3826 1
3677 3827 1
3677 3828 1
3677 3829 1
3677 3830 1
3677 3831 1
3677 3833 1
3677 3834 1
3677 3835 1
3677 3837 1
3677 3839 1
4027 1728 1
4027 984 1
4027 4027 0
9828 3671 1
9828 9828 0
9828 12933 0
9828 3729 0
9828 12956 0
9828 21193 0
9828 3805 0
9828 3807 0
9828 3813 0
9828 3818 0
9828 3822 0
9828 3825 0
9828 3829 0
9828 3830 0
9828 3831 0
9828 3833 0
9828 4859 0
9828 5885 0
9828 3839 0
9828 8467 0
9828 3355 0
9828 3884 0
9828 13135 0
9828 15004 0
4966 2937 0
4966 4256 0
4966 4259 0
4966 6471 0
4966 6484 0
4966 2458 0
4966 6651 0
4966 2600 0
4966 8875 0
4966 8881 0
4966 2771 0
4966 4833 0
4966 4859 0
4966 4864 0
4966 4956 0
4966 4961 0
4966 4963 0
4966 4971 0
4966 4986 0
4966 5013 0
4966 5016 0
4966 5021 0
4966 5028 0
4966 5029 0
4966 9158 0
4966 17396 0
4966 1221 0
4966 4985 0
4966 1371 0
4966 3446 0
4966 8768 0
4966 5529 0
4966 7616 0
4966 3561 0
4966 6740 0
4966 951 0
4966 3671 1
4966 1653 0
4966 18040 0
4966 7812 0
4966 16031 0
4966 7858 1
4966 3782 0
4966 1741 0
4966 7893 0
4966 3802 0
4966 5855 0
4966 18728 0
4966 3884 0
4966 3885 0
4966 7986 0
4966 5974 0
4966 3986 0
4966 1943 0
4966 6040 0
4966 18332 0
4966 6068 0
4966 16374 0
3686 389 1
3686 1653 1
3686 383 1
17363 8296 0
17363 2600 0
17363 8768 0
17363 590 0
17363 1384 0
17363 16031 0
17363 4256 0
17363 7858 1
17363 1722 0
17363 1725 1
17363 4803 0
17363 3782 0
17363 3802 0
17363 5855 0
17363 13549 0
17363 3884 0
17363 18728 0
17363 4409 0
17363 5432 0
17363 2410 0
17363 2411 0
17363 3446 0
17363 2937 0
17363 2458 0
17363 7084 0
17363 3517 0
17363 9158 0
8296 7858 1
8296 19738 0
8296 5974 0
8296 6068 0
8296 4606 1
12989 6740 0
12989 18332 0
12989 6807 0
12989 8875 0
12989 8881 0
12989 12989 0
12989 1728 1
12989 1221 0
12989 5855 0
12989 8467 0
12989 7455 0
12989 6484 0
12989 4409 0
12989 1371 0
12989 5981 0
12989 3986 0
12989 7633 0
12989 984 1
12989 3561 0
9331 3653 1
9331 339 1
9331 9331 0
1653 270 0
1653 389 0
1653 669 0
1653 676 0
1653 685 0
1653 8881 0
1653 9023 0
1653 842 0
1653 9158 0
1653 1221 0
1653 1653 0
1653 18040 0
1653 1765 0
1653 1943 0
1653 2338 0
1653 2386 0
1653 2458 0
1653 2600 0
1653 2937 0
1653 3353 0
1653 3561 0
1653 3729 0
1653 3802 0
1653 3815 0
1653 3829 0
1653 3986 0
1653 4256 0
1653 4259 0
1653 4333 0
1653 4409 0
1653 4864 0
1653 4956 0
1653 4963 0
1653 4971 0
1653 4985 0
1653 4986 0
1653 5013 0
1653 5016 0
1653 5021 0
1653 5028 0
1653 5029 0
1653 18728 0
1653 5380 0
1653 5497 0
1653 5529 0
1653 5855 0
1653 6068 0
1653 6471 0
1653 6484 0
1653 6740 0
1653 6977 0
1653 7014 0
1653 7616 0
1653 7812 0
1653 16031 0
1653 7858 1
1653 7893 0
1653 7986 0
1653 16374 0
18040 7084 0
18040 8768 0
18040 7812 0
18040 4256 0
18040 4259 0
18040 7858 1
18040 1728 1
18040 2937 0
18040 3802 0
18040 4859 0
18040 18728 0
18040 4864 0
18040 8467 0
18040 3884 0
18040 3885 0
18040 6471 0
18040 4963 0
18040 4971 0
18040 4985 0
18040 4986 0
18040 3469 0
18040 5013 0
18040 5016 0
18040 5021 0
18040 5028 0
18040 5029 0
18040 7616 0
18040 9158 0
18040 3561 0
5994 270 0
5994 8467 0
5994 2338 0
5994 3806 0
5994 4579 0
5994 561 0
5994 2715 0
5994 8881 0
5994 4803 0
5994 915 0
5994 3043 0
5994 1022 0
5994 7317 0
5994 1224 0
5994 5380 0
5994 3355 0
5994 5428 1
5994 1384 0
5994 3446 0
5994 7633 0
5994 7858 1
5994 3782 0
5994 1741 0
5994 5855 0
5994 3812 0
5994 5885 0
5994 301 0
5994 5994 0
3861 3729 1
3861 18332 1
3861 3267 1
3861 16100 1
14978 5747 0
14978 14978 0
14978 1725 1
14978 18332 0
14978 455 1
4971 2937 0
4971 4256 0
4971 4259 0
4971 8467 0
4971 2338 0
4971 6471 0
4971 2600 0
4971 8881 0
4971 4864 0
4971 800 0
4971 4961 0
4971 4963 0
4971 4971 0
4971 4986 0
4971 5013 0
4971 5016 0
4971 5021 0
4971 5029 0
4971 9158 0
4971 13301 0
4971 16374 0
4971 4985 0
4971 5432 0
4971 1384 0
4971 5529 0
4971 7616 0
4971 5028 0
4971 3561 0
4971 951 0
4971 7812 0
4971 16031 0
4971 7858 1
4971 1728 1
4971 3782 0
4971 1741 0
4971 7893 0
4971 3802 0
4971 18728 0
4971 7986 0
4971 5974 0
4971 3986 0
4971 1943 0
7812 2600 0
7812 8768 0
7812 1384 0
7812 16031 0
7812 4256 0
7812 4259 0
7812 8881 0
7812 7858 1
7812 2937 0
7812 3802 0
7812 5497 0
7812 18728 0
7812 4864 0
7812 301 0
7812 6471 0
7812 1371 0
7812 4963 0
7812 2410 0
7812 4985 0
7812 4986 0
7812 3986 0
7812 5013 0
7812 5016 0
7812 5021 0
7812 5028 0
7812 5981 0
7812 7616 0
7812 9158 0
7812 5029 0
7812 3561 0
12933 3671 1
12933 3672 0
12933 20101 0
12933 2715 0
12933 12956 0
12933 8871 0
12933 3267 0
12933 1750 0
12933 3805 0
12933 3806 0
12933 3807 0
12933 3808 0
12933 3809 0
12933 3811 0
12933 3812 0
12933 3813 0
12933 3815 0
12933 3816 0
12933 3817 0
12933 3818 0
12933 3819 0
12933 3820 0
12933 3822 0
12933 3823 0
12933 3824 0
12933 3825 0
12933 3826 0
12933 2771 0
12933 3828 0
12933 3829 0
12933 3830 0
12933 3831 0
12933 3833 0
12933 3834 0
12933 3835 0
12933 3837 0
12933 3839 0
12933 3841 0
12933 1290 0
12933 16159 0
12933 4925 0
12933 13135 0
12933 5981 0
12933 18796 0
12933 6002 0
12933 19331 0
12933 6040 0
12933 6041 0
12933 6043 0
12933 6045 0
12933 15004 0
12933 3827 0
12933 11202 0
12933 3659 0
12933 8676 0
7303 5981 1
7303 6740 1
7303 7303 2
7303 2703 1
7303 16031 1
7303 8881 1
7303 1741 1
7303 7986 1
7303 7633 1
7303 4859 1
7303 270 1
7303 8467 1
7303 3885 1
7303 5935 1
7303 4925 1
7303 9023 1
7303 2386 1
7303 6484 1
7303 2938 1
7303 6525 1
7303 3462 1
7303 3986 1
7303 915 1
7303 11673 1
7303 5529 1
7303 2458 1
7303 18332 1
7303 1438 1
7303 3517 1
7303 2535 1
7303 21486 1
7303 1620 1
9154 3671 1
2703 301 0
2703 6484 0
2703 2458 0
2703 6740 0
2703 2703 0
2703 8875 0
2703 8881 0
2703 7633 0
2703 4859 0
2703 7986 0
2703 915 0
2703 1022 0
2703 13549 0
2703 5380 0
2703 5389 0
2703 3408 0
2703 3462 0
2703 1943 0
2703 5529 0
2703 5029 0
2703 1620 0
2703 3729 0
2703 16031 0
2703 5855 0
2703 5881 0
2703 5885 0
2703 20238 0
2703 3884 0
2703 3885 0
2703 3986 0
2703 18332 0
2703 6068 0
3729 4259 0
3729 4409 0
3729 2411 0
3729 2600 0
3729 561 0
3729 8768 0
3729 590 0
3729 669 0
3729 8881 0
3729 4803 0
3729 4859 0
3729 5013 0
3729 7084 0
3729 3043 0
3729 1221 0
3729 1290 0
3729 3353 0
3729 5432 0
3729 3408 0
3729 1371 0
3729 5495 0
3729 5497 0
3729 5500 0
3729 3517 0
3729 3729 0
3729 1725 1
3729 1741 0
3729 3802 0
3729 5855 0
3729 3809 0
3729 3813 0
3729 3830 0
3729 3831 0
3729 3833 0
3729 20238 0
3729 5981 0
3729 1943 0
4803 2600 0
4803 6740 0
4803 8467 0
4803 669 0
4803 7858 1
4803 4803 0
4803 3782 0
4803 7893 0
4803 5855 0
4803 5380 0
4803 7986 0
4803 6977 0
4803 842 0
4803 3446 0
4803 5021 0
4803 3653 1
4803 6068 0
4803 7633 0
4803 1022 0
7317 8467 0
7317 8469 0
7317 2338 0
7317 3561 0
7317 9129 0
7317 955 1
7317 13135 0
7317 1022 0
7317 3353 0
7317 3355 0
7317 7605 0
7317 1620 0
7317 3782 0
7317 5881 0
7317 5981 0
7317 3986 0
6807 6740 0
6807 18332 0
6807 16034 0
6807 8875 0
6807 8881 0
6807 1728 1
6807 1221 0
6807 1224 0
6807 5855 0
6807 1765 0
6807 7455 0
6807 4409 0
6807 6484 0
6807 1371 0
6807 2535 0
6807 3986 0
6807 6068 0
6807 984 1
5487 8467 0
5487 18728 0
5487 4579 0
5487 6977 0
5487 5487 0
5487 7616 0
5487 7633 0
5487 16031 0
5487 7858 1
5487 1725 1
5487 3782 0
5487 1741 0
5487 3802 0
5487 5974 0
5487 3986 0
12956 15004 0
12956 16159 0
12956 13135 0
12956 3671 1
12956 3672 0
12956 3805 0
12956 3811 0
12956 3813 0
12956 3815 0
12956 3823 0
12956 3830 0
12956 3833 0
12956 5885 0
669 8467 0
669 18728 0
669 301 0
669 2458 0
669 2535 0
669 669 0
669 676 0
669 4859 0
669 5028 0
669 955 1
669 1221 0
669 1224 0
669 5389 0
669 5432 0
669 1384 0
669 3462 0
669 3561 0
669 1620 0
669 7858 1
669 1741 0
669 1765 0
669 5885 0
669 3884 0
669 3885 0
669 7986 0
669 5981 0
669 6002 0
1221 8881 0
1221 2411 0
1221 3446 0
1221 4409 0
1221 2458 0
1221 4579 0
1221 561 0
1221 7455 0
1221 685 0
1221 4859 0
1221 915 0
1221 5016 0
1221 955 1
1221 3043 0
1221 17396 0
1221 1221 0
1221 1224 0
1221 5389 0
1221 5432 0
1221 3408 0
1221 3469 0
1221 9129 0
1221 1620 0
1221 8467 0
1221 1725 1
1221 1741 0
1221 7893 0
1221 3802 0
1221 5855 0
1221 5981 0
1221 3986 0
1221 1943 0
1221 16374 0
4256 2937 0
4256 4259 0
4256 18728 0
4256 6471 0
4256 2411 0
4256 18796 0
4256 2600 0
4256 8768 0
4256 590 0
4256 2771 0
4256 4859 0
4256 4864 0
4256 6977 0
4256 4963 0
4256 4986 0
4256 5013 0
4256 5016 0
4256 5021 0
4256 5028 0
4256 5029 0
4256 9158 0
4256 1022 0
4256 4961 0
4256 4985 0
4256 1290 0
4256 1384 0
4256 5497 0
4256 5529 0
4256 7616 0
4256 3561 0
4256 7858 1
4256 1741 0
4256 7893 0
4256 3802 0
4256 5855 0
4256 3831 0
4256 3833 0
4256 3839 0
4256 301 0
4256 5981 0
4256 3986 0
4256 1943 0
4256 18332 0
4256 6068 0
2210 2210 0
2210 18332 0
2210 339 1
2210 2101 1
4259 4864 0
4259 5013 0
4259 2600 0
4259 590 0
4259 4963 0
4259 1620 0
4259 18728 0
4259 8467 0
4259 8768 0
4259 16031 0
4259 685 0
4259 8881 0
4259 7858 1
4259 18332 0
4259 2771 0
4259 4985 0
4259 3802 0
4259 5497 0
4259 3808 0
4259 3822 0
4259 3825 0
4259 3827 0
4259 3830 0
4259 18796 0
4259 3839 0
4259 3841 0
4259 1290 0
4259 3353 0
4259 16159 0
4259 2338 0
4259 5432 0
4259 6977 0
4259 4961 0
4259 2937 0
4259 4986 0
4259 5500 0
4259 3986 0
4259 5016 0
4259 5021 0
4259 5028 0
4259 6471 0
4259 6068 0
4259 7616 0
4259 9158 0
4259 5029 0
4259 3561 0
4259 6740 0
4259 1022 0
676 6068 0
676 1620 0
676 676 0
676 685 0
676 7858 1
676 7893 0
676 18728 0
676 301 0
676 4956 0
676 1765 0
676 6002 0
676 3986 0
676 2458 0
676 3043 0
676 2535 0
676 5885 0
676 17396 0
4986 2600 0
4986 14940 1
4986 8768 0
4986 16374 0
4986 6740 0
4986 16031 0
4986 4780 0
4986 7858 1
4986 3782 0
4986 4985 0
4986 3802 0
4986 7986 0
4986 5855 0
4986 4833 0
4986 18728 0
4986 4864 0
4986 2338 0
4986 6471 0
4986 6484 0
4986 5974 0
4986 1371 0
4986 4961 0
4986 4963 0
4986 3446 0
4986 2937 0
4986 5013 0
4986 1943 0
4986 5016 0
4986 2458 0
4986 5028 0
4986 5021 0
4986 7616 0
4986 9158 0
4986 5029 0
4986 3561 0
4986 6651 0
8871 3841 0
8871 19331 0
8871 18696 0
8871 18796 0
8871 1290 0
8871 16159 0
8871 3805 0
8871 3813 0
8871 3812 0
8871 3807 0
8871 5564 0
8871 3808 0
8871 3653 1
8871 3809 0
8871 7504 0
8871 3811 0
8871 1750 0
8871 3671 1
8871 3672 0
8871 3676 1
8871 3806 0
8871 3815 0
8871 3816 0
8871 3817 0
8871 3818 0
8871 3819 0
8871 3820 0
8871 3822 0
8871 3823 0
8871 3824 0
8871 3825 0
8871 3826 0
8871 3827 0
8871 3828 0
8871 3829 0
8871 3830 0
8871 3831 0
8871 3833 0
8871 3834 0
8871 3835 0
8871 3837 0
8871 3839 0
3671 3841 1
3671 19331 1
3671 18796 1
3671 1290 1
3671 3469 1
3671 20101 1
3671 6040 1
3671 6041 1
3671 3355 1
3671 6045 1
3671 16159 1
3671 6043 1
3671 15004 1
3671 561 1
3671 21193 1
3671 5935 1
3671 3267 1
3671 3809 1
3671 5885 1
3671 3659 1
3671 8166 1
3671 1750 1
3671 3671 2
3671 3672 1
3671 3805 1
3671 3806 1
3671 3807 1
3671 3808 1
3671 13135 1
3671 3811 1
3671 3812 1
3671 3813 1
3671 3815 1
3671 3816 1
3671 3817 1
3671 3818 1
3671 3819 1
3671 3820 1
3671 3822 1
3671 3823 1
3671 3824 1
3671 3825 1
3671 3826 1
3671 3827 1
3671 3828 1
3671 3829 1
3671 3830 1
3671 3831 1
3671 3833 1
3671 3834 1
3671 3835 1
3671 3837 1
3671 3839 1
8875 2600 0
8875 590 0
8875 6740 0
8875 18332 0
8875 8875 0
8875 1728 1
8875 3802 0
8875 5855 0
8875 4833 0
8875 1765 0
8875 7455 0
8875 18728 0
8875 3884 0
8875 8881 0
8875 7504 0
8875 4409 0
8875 1371 0
8875 4963 0
8875 1384 0
8875 4985 0
8875 3986 0
8875 5981 0
8875 984 1
8875 6484 0
8875 4606 1
4780 5981 0
4780 6977 0
4780 5529 0
4780 4780 0
4780 3324 1
4780 5885 0
4780 270 0
4780 842 0
4780 4961 0
4780 7014 0
4780 1943 0
4780 11202 0
4780 1022 0
685 5013 0
685 1620 0
685 16031 0
685 8389 1
685 1765 0
685 1290 0
685 4956 0
685 3446 0
685 5497 0
685 3986 0
685 915 0
685 5529 0
685 18332 0
685 6068 0
685 5885 0
685 7893 0
685 1022 0
6041 8768 0
6041 3653 1
6041 3672 0
6041 3676 1
6041 18796 0
6041 2771 0
6041 1750 0
6041 3805 0
6041 3806 0
6041 3807 0
6041 3808 0
6041 3809 0
6041 3811 0
6041 3812 0
6041 3813 0
6041 3815 0
6041 3816 0
6041 3817 0
6041 3818 0
6041 3819 0
6041 3820 0
6041 3822 0
6041 3823 0
6041 3824 0
6041 3825 0
6041 3826 0
6041 3828 0
6041 3829 0
6041 3830 0
6041 3833 0
6041 3834 0
6041 3835 0
6041 3837 0
6041 3839 0
6041 3841 0
6041 18696 0
6041 1290 0
6041 8467 0
6041 16159 0
6041 7504 0
6041 5981 0
6041 2937 0
6041 19331 0
6041 3986 0
6041 6040 0
6041 6045 0
6041 1438 0
6041 3827 0
6041 5564 0
6041 11202 0
6041 9158 0
6041 3831 0
6041 3561 0
8881 8881 0
8881 8467 0
8881 2338 0
8881 18728 0
8881 4409 0
8881 6484 0
8881 6651 0
8881 2600 0
8881 590 0
8881 6740 0
8881 4833 0
8881 4864 0
8881 4961 0
8881 4963 0
8881 4985 0
8881 2938 0
8881 5013 0
8881 5016 0
8881 5021 0
8881 5028 0
8881 5029 0
8881 984 1
8881 3043 0
8881 13301 0
8881 1022 0
8881 2937 0
8881 3353 0
8881 3355 0
8881 7455 0
8881 3408 0
8881 1371 0
8881 1384 0
8881 3446 0
8881 5495 0
8881 5500 0
8881 3462 0
8881 3561 0
8881 16031 0
8881 7858 1
8881 3782 0
8881 1741 0
8881 3802 0
8881 5855 0
8881 1765 0
8881 3834 0
8881 3884 0
8881 5981 0
8881 3986 0
8881 18332 0
8881 6068 0
7858 2600 1
7858 8768 1
7858 1620 1
7858 7014 1
7858 7616 1
7858 13549 1
7858 16031 1
7858 7858 2
7858 3782 1
7858 7893 1
7858 4985 1
7858 3802 1
7858 7986 1
7858 4833 1
7858 1765 1
7858 5881 1
7858 4859 1
7858 18728 1
7858 4864 1
7858 15126 1
7858 2338 1
7858 5529 1
7858 3884 1
7858 3885 1
7858 6977 1
7858 6471 1
7858 4956 1
7858 4961 1
7858 4963 1
7858 1384 1
7858 2937 1
7858 383 1
7858 3462 1
7858 3986 1
7858 5013 1
7858 1943 1
7858 5016 1
7858 2458 1
7858 5028 1
7858 5981 1
7858 13301 1
7858 16374 1
7858 9158 1
7858 5029 1
7858 5021 1
7858 3043 1
7858 3561 1
7858 17396 1
7858 6651 1
5747 5747 0
5747 5432 0
5747 3469 0
5747 1943 0
5747 18332 0
5747 3324 1
15004 3841 0
15004 19331 0
15004 6040 0
15004 16159 0
15004 7543 0
15004 3672 0
15004 3812 0
15004 3805 0
15004 3806 0
15004 3807 0
15004 3808 0
15004 3809 0
15004 3811 0
15004 3813 0
15004 3815 0
15004 3816 0
15004 3817 0
15004 3818 0
15004 3819 0
15004 3820 0
15004 3822 0
15004 3823 0
15004 3824 0
15004 3825 0
15004 3826 0
15004 3827 0
15004 3828 0
15004 3829 0
15004 3830 0
15004 3831 0
15004 3833 0
15004 3834 0
15004 3835 0
15004 3837 0
15004 3839 0
1722 3986 0
1722 2415 0
1722 301 0
1722 561 0
1722 7603 0
1722 4409 0
1722 1722 0
1722 1725 1
1722 1727 0
1722 1728 1
1722 17396 0
1722 5855 0
1722 2410 0
1722 2411 0
16159 3672 0
16159 3676 1
16159 1750 0
16159 3805 0
16159 3806 0
16159 3807 0
16159 3808 0
16159 3809 0
16159 3811 0
16159 3812 0
16159 3813 0
16159 3815 0
16159 3816 0
16159 3817 0
16159 3818 0
16159 3819 0
16159 3820 0
16159 3822 0
16159 3823 0
16159 3824 0
16159 3825 0
16159 3826 0
16159 3827 0
16159 3828 0
16159 3829 0
16159 3830 0
16159 3831 0
16159 3833 0
16159 3834 0
16159 3835 0
16159 3837 0
16159 3839 0
16159 3841 0
16159 1290 0
16159 20101 0
16159 13135 0
16159 18796 0
16159 3446 0
16159 19331 0
16159 5013 0
16159 6040 0
16159 6043 0
16159 6045 0
16159 3659 0
1725 561 1
1725 1727 1
1725 1728 2
1725 5855 1
1725 10995 1
1725 270 1
1725 8467 1
1725 3353 1
1725 7455 1
1725 800 1
1725 301 1
1725 4409 1
1725 842 1
1725 2415 1
1725 5974 1
1725 2410 1
1725 2411 1
1725 7084 1
1725 7603 1
1725 7605 1
1725 951 1
1725 17396 1
20238 2338 0
20238 20238 0
20238 11202 0
20238 3653 1
20238 3676 1
20238 5981 0
20238 4963 0
1727 4409 0
1727 1728 1
1727 1765 0
1727 2415 0
1728 7084 1
1728 15126 1
1728 16031 1
1728 800 1
1728 561 1
1728 3884 1
1728 951 1
1728 4409 1
1728 7893 1
1728 984 2
1728 1371 1
1728 4956 1
1728 5981 1
1728 5855 1
1728 2410 1
1728 3446 1
1728 5495 1
1728 6651 1
3267 8768 0
3267 3653 1
3267 3676 1
3267 389 0
3267 3827 0
8389 2600 1
8389 8768 1
8389 6740 1
8389 8469 1
8389 2937 1
8389 3802 1
8389 1765 1
8389 4864 1
8389 19738 1
8389 18728 1
8389 5855 1
8389 6977 1
8389 6471 1
8389 2386 1
8389 4961 1
8389 4963 1
8389 1384 1
8389 4985 1
8389 5016 1
8389 5021 1
8389 1443 1
8389 5028 1
8389 5029 1
8389 6068 1
8389 3517 1
8389 13301 1
8389 8166 1
8389 1022 1
8389 16374 1
3782 2937 0
3782 2938 0
3782 8467 0
3782 18728 0
3782 6525 0
3782 2535 0
3782 2600 0
3782 6740 0
3782 4833 0
3782 4859 0
3782 9023 0
3782 6977 0
3782 4961 0
3782 4963 0
3782 5021 0
3782 5028 0
3782 5029 0
3782 955 1
3782 3043 0
3782 17396 0
3782 13301 0
3782 4956 0
3782 4985 0
3782 13549 0
3782 1384 0
3782 3446 0
3782 5497 0
3782 5529 0
3782 3561 0
3782 20101 0
3782 16031 0
3782 1741 0
3782 3802 0
3782 5855 0
3782 1765 0
3782 5881 0
3782 3884 0
3782 3885 0
3782 7986 0
3782 5974 0
3782 5981 0
3782 3986 0
3782 1943 0
3782 18332 0
3782 16374 0
1224 561 0
1224 8467 0
1224 1224 0
1224 1741 0
1224 5855 0
1224 7893 0
1224 4864 0
1224 5380 0
1224 4956 0
1224 3986 0
1224 1943 0
1224 5529 0
1224 6068 0
1224 955 1
1224 984 1
1224 17396 0
21193 21193 0
21193 3653 1
5495 1620 0
5495 16031 0
5495 2771 0
5495 1290 0
5495 2338 0
5495 7986 0
5495 6484 0
5495 18796 0
5495 5495 0
5495 2937 0
5495 2938 0
5495 1943 0
5495 2458 0
5495 3833 0
5495 984 1
5495 8676 0
5495 17396 0
1741 6002 0
1741 2338 0
1741 18728 0
1741 301 0
1741 4409 0
1741 2458 0
1741 2600 0
1741 561 0
1741 2715 0
1741 455 1
1741 4859 0
1741 4864 0
1741 4963 0
1741 4985 0
1741 5013 0
1741 5016 0
1741 5021 0
1741 5028 0
1741 5029 0
1741 9158 0
1741 3043 0
1741 13301 0
1741 1022 0
1741 4961 0
1741 2937 0
1741 3353 0
1741 3355 0
1741 5432 0
1741 1384 0
1741 3446 0
1741 8768 0
1741 5529 0
1741 1620 0
1741 1741 0
1741 3802 0
1741 5855 0
1741 1765 0
1741 5885 0
1741 3884 0
1741 6068 0
2937 8467 0
2937 2338 0
2937 4409 0
2937 6471 0
2937 6484 0
2937 6740 0
2937 4864 0
2937 15126 0
2937 800 0
2937 6977 0
2937 4956 0
2937 4963 0
2937 5013 0
2937 5016 0
2937 5021 0
2937 5028 0
2937 5029 0
2937 9158 0
2937 17396 0
2937 4961 0
2937 4985 0
2937 2938 0
2937 5389 0
2937 1371 0
2937 1384 0
2937 3446 0
2937 5497 0
2937 5500 0
2937 5529 0
2937 18332 0
2937 7616 0
2937 3561 0
2937 16031 0
2937 7893 0
2937 3802 0
2937 3806 0
2937 1765 0
2937 18728 0
2937 3826 0
2937 3834 0
2937 3837 0
2937 3841 0
2937 5974 0
2937 3986 0
2937 1943 0
2937 6045 0
2937 16374 0
2771 590 0
2771 3806 0
2771 3815 0
2771 3822 0
2771 3824 0
2771 3830 0
2771 3831 0
2771 3833 0
2771 3834 0
2771 3839 0
2771 1290 0
2771 8676 0
2771 4961 0
2771 4963 0
2771 7043 1
2771 6043 0
2771 9158 0
2771 5028 0
2771 3561 0
7893 7893 0
7893 8469 0
7893 3802 0
7893 18728 0
7893 4409 0
7893 4833 0
7893 2600 0
7893 8768 0
7893 590 0
7893 4956 0
7893 4961 0
7893 5016 0
7893 5021 0
7893 5029 0
7893 1022 0
7893 7504 0
7893 1371 0
7893 1384 0
7893 5529 0
7893 5028 0
7893 5855 0
7893 1765 0
7893 3833 0
7893 5974 0
7893 5981 0
7893 6002 0
7893 6068 0
7893 13301 0
7893 16374 0
18134 1765 0
18134 5881 0
18134 11673 0
18134 7633 0
18134 4583 1
18134 3324 1
4985 2600 0
4985 8768 0
4985 6740 0
4985 6977 0
4985 16031 0
4985 3802 0
4985 7986 0
4985 5855 0
4985 4833 0
4985 5885 0
4985 4864 0
4985 18728 0
4985 15126 0
4985 800 0
4985 2338 0
4985 5529 0
4985 6471 0
4985 6484 0
4985 5974 0
4985 1371 0
4985 4961 0
4985 4963 0
4985 5013 0
4985 1943 0
4985 5016 0
4985 2458 0
4985 5028 0
4985 5021 0
4985 951 0
4985 7616 0
4985 9158 0
4985 6068 0
4985 5029 0
4985 2535 0
4985 3561 0
4985 6651 0
5849 9129 1
3802 2338 0
3802 4409 0
3802 6471 0
3802 6484 0
3802 2411 0
3802 2458 0
3802 6740 0
3802 4859 0
3802 4864 0
3802 6977 0
3802 4956 0
3802 4961 0
3802 4963 0
3802 3561 0
3802 5013 0
3802 5016 0
3802 5021 0
3802 5028 0
3802 5029 0
3802 9158 0
3802 5432 0
3802 3446 0
3802 1384 0
3802 5529 0
3802 7616 0
3802 7633 0
3802 951 0
3802 16031 0
3802 3802 0
3802 5855 0
3802 18728 0
3802 3885 0
3802 7986 0
3802 5974 0
3802 5981 0
3802 3986 0
3802 1943 0
3802 16374 0
3805 3841 0
3805 19331 0
3805 18796 0
3805 1290 0
3805 20101 0
3805 6040 0
3805 6043 0
3805 6045 0
3805 5885 0
3805 3659 0
3805 3811 0
3805 1750 0
3805 3672 0
3805 3806 0
3805 3807 0
3805 3808 0
3805 3809 0
3805 3812 0
3805 3813 0
3805 3815 0
3805 3816 0
3805 3817 0
3805 3818 0
3805 3819 0
3805 3820 0
3805 3822 0
3805 3823 0
3805 3824 0
3805 3825 0
3805 3826 0
3805 3827 0
3805 3828 0
3805 3829 0
3805 3830 0
3805 3831 0
3805 3833 0
3805 3834 0
3805 3835 0
3805 3837 0
3805 3839 0
3806 20101 0
3806 3672 0
3806 1750 0
3806 3807 0
3806 3808 0
3806 3809 0
3806 3811 0
3806 3812 0
3806 3813 0
3806 3815 0
3806 3816 0
3806 3817 0
3806 3818 0
3806 3819 0
3806 3820 0
3806 3822 0
3806 3823 0
3806 3824 0
3806 3825 0
3806 3826 0
3806 3828 0
3806 3829 0
3806 3831 0
3806 3834 0
3806 3835 0
3806 3837 0
3806 3839 0
3806 3841 0
3806 1290 0
3806 19331 0
3806 18796 0
3806 1943 0
3806 6040 0
3806 6043 0
3806 6045 0
3806 3827 0
3806 3659 0
3806 3830 0
3806 9158 0
3806 3833 0
3807 3841 0
3807 19331 0
3807 18796 0
3807 1290 0
3807 20101 0
3807 3822 0
3807 6040 0
3807 6043 0
3807 6045 0
3807 3659 0
3807 13135 0
3807 1750 0
3807 3672 0
3807 3808 0
3807 3809 0
3807 3811 0
3807 3812 0
3807 3813 0
3807 3815 0
3807 3816 0
3807 3817 0
3807 3818 0
3807 3819 0
3807 3820 0
3807 3823 0
3807 3824 0
3807 3825 0
3807 3826 0
3807 3827 0
3807 3828 0
3807 3829 0
3807 3830 0
3807 3831 0
3807 3833 0
3807 3834 0
3807 3835 0
3807 3837 0
3807 3839 0
3808 20101 0
3808 2600 0
3808 8768 0
3808 3659 0
3808 590 0
3808 3672 0
3808 1750 0
3808 3809 0
3808 3811 0
3808 3812 0
3808 3813 0
3808 3815 0
3808 3816 0
3808 3817 0
3808 3818 0
3808 3819 0
3808 3820 0
3808 3822 0
3808 3823 0
3808 3824 0
3808 3826 0
3808 3827 0
3808 3828 0
3808 3829 0
3808 3830 0
3808 3831 0
3808 3833 0
3808 3834 0
3808 3835 0
3808 3837 0
3808 3839 0
3808 3841 0
3808 1290 0
3808 4925 0
3808 18796 0
3808 2938 0
3808 5500 0
3808 19331 0
3808 6040 0
3808 6043 0
3808 6045 0
3808 3825 0
3808 21486 0
3809 3841 0
3809 18796 0
3809 1290 0
3809 19331 0
3809 1943 0
3809 6040 0
3809 6043 0
3809 6045 0
3809 4925 0
3809 20101 0
3809 3659 0
3809 1750 0
3809 3672 0
3809 3813 0
3809 3811 0
3809 3812 0
3809 1765 0
3809 3815 0
3809 3816 0
3809 3817 0
3809 3818 0
3809 3819 0
3809 3820 0
3809 3822 0
3809 3823 0
3809 3824 0
3809 3825 0
3809 3826 0
3809 3827 0
3809 3828 0
3809 3829 0
3809 3830 0
3809 3831 0
3809 3833 0
3809 3834 0
3809 3835 0
3809 3837 0
3809 3839 0
3811 3841 0
3811 19331 0
3811 18796 0
3811 1290 0
3811 20101 0
3811 6040 0
3811 2715 0
3811 6045 0
3811 6043 0
3811 3659 0
3811 1750 0
3811 3672 0
3811 3812 0
3811 3813 0
3811 3815 0
3811 3816 0
3811 3817 0
3811 3818 0
3811 3819 0
3811 3820 0
3811 3822 0
3811 3823 0
3811 3824 0
3811 3825 0
3811 3826 0
3811 3827 0
3811 3828 0
3811 3829 0
3811 3830 0
3811 3831 0
3811 3833 0
3811 3834 0
3811 3835 0
3811 3837 0
3811 3839 0
3812 20101 0
3812 3820 0
3812 3659 0
3812 3672 0
3812 1750 0
3812 3813 0
3812 3815 0
3812 3816 0
3812 3817 0
3812 3818 0
3812 3819 0
3812 3822 0
3812 3823 0
3812 3824 0
3812 3825 0
3812 3826 0
3812 3828 0
3812 3829 0
3812 3831 0
3812 3833 0
3812 3834 0
3812 3835 0
3812 3837 0
3812 3839 0
3812 3841 0
3812 1290 0
3812 19331 0
3812 3830 0
3812 18796 0
3812 6040 0
3812 6043 0
3812 6045 0
3812 3827 0
3812 1703 0
3813 3841 0
3813 19331 0
3813 389 0
3813 1290 0
3813 6040 0
3813 6043 0
3813 6045 0
3813 18796 0
3813 20101 0
3813 3659 0
3813 13135 0
3813 1750 0
3813 3672 0
3813 3676 1
3813 3815 0
3813 3816 0
3813 3817 0
3813 3818 0
3813 3819 0
3813 3820 0
3813 3822 0
3813 3823 0
3813 3824 0
3813 3825 0
3813 3826 0
3813 3827 0
3813 3828 0
3813 3829 0
3813 3830 0
3813 3831 0
3813 3833 0
3813 3834 0
3813 3835 0
3813 3837 0
3813 3839 0
3815 20101 0
3815 7605 0
3815 1620 0
3815 3672 0
3815 3676 1
3815 1750 0
3815 3816 0
3815 3817 0
3815 3818 0
3815 3819 0
3815 3820 0
3815 3822 0
3815 3823 0
3815 3824 0
3815 3825 0
3815 3826 0
3815 3828 0
3815 3829 0
3815 3830 0
3815 3831 0
3815 3833 0
3815 3834 0
3815 3835 0
3815 3837 0
3815 3839 0
3815 3841 0
3815 1290 0
3815 13135 0
3815 18796 0
3815 5497 0
3815 19331 0
3815 6040 0
3815 3986 0
3815 1943 0
3815 6043 0
3815 18332 0
3815 6045 0
3815 1438 0
3815 3827 0
3815 11202 0
3815 3659 0
3815 2535 0
3815 1022 0
3816 20101 0
3816 3672 0
3816 1750 0
3816 3817 0
3816 3818 0
3816 3819 0
3816 3820 0
3816 3822 0
3816 3823 0
3816 3824 0
3816 3825 0
3816 3826 0
3816 3827 0
3816 3828 0
3816 3829 0
3816 3830 0
3816 3831 0
3816 3833 0
3816 3834 0
3816 3835 0
3816 3839 0
3816 3841 0
3816 1290 0
3816 18796 0
3816 19331 0
3816 3986 0
3816 6040 0
3816 6043 0
3816 6045 0
3816 3659 0
3816 3837 0
3817 20101 0
3817 3672 0
3817 1750 0
3817 3818 0
3817 3819 0
3817 3820 0
3817 3822 0
3817 3823 0
3817 3824 0
3817 3825 0
3817 3826 0
3817 3827 0
3817 3828 0
3817 3829 0
3817 3830 0
3817 3831 0
3817 3833 0
3817 3834 0
3817 3835 0
3817 3837 0
3817 3839 0
3817 3841 0
3817 1290 0
3817 18796 0
3817 19331 0
3817 6040 0
3817 6043 0
3817 6045 0
3817 3659 0
3818 3841 0
3818 19331 0
3818 18796 0
3818 1290 0
3818 20101 0
3818 6040 0
3818 6043 0
3818 6045 0
3818 3659 0
3818 1750 0
3818 3672 0
3818 1765 0
3818 3819 0
3818 3820 0
3818 3822 0
3818 3823 0
3818 3824 0
3818 3825 0
3818 3826 0
3818 3827 0
3818 3828 0
3818 3829 0
3818 3830 0
3818 3831 0
3818 3833 0
3818 3834 0
3818 3835 0
3818 3837 0
3818 3839 0
3819 3841 0
3819 19331 0
3819 18796 0
3819 1290 0
3819 3469 0
3819 20101 0
3819 6040 0
3819 6045 0
3819 6043 0
3819 3659 0
3819 1750 0
3819 3672 0
3819 3820 0
3819 3822 0
3819 3823 0
3819 3824 0
3819 3825 0
3819 3826 0
3819 3827 0
3819 3828 0
3819 3829 0
3819 3830 0
3819 3831 0
3819 3833 0
3819 3834 0
3819 3835 0
3819 3837 0
3819 3839 0
3820 3841 0
3820 19331 0
3820 1290 0
3820 20101 0
3820 6040 0
3820 6043 0
3820 6045 0
3820 1703 0
3820 3659 0
3820 1750 0
3820 3672 0
3820 18796 0
3820 3822 0
3820 3823 0
3820 3824 0
3820 3825 0
3820 3826 0
3820 3827 0
3820 3828 0
3820 3829 0
3820 3830 0
3820 3831 0
3820 3833 0
3820 3834 0
3820 3835 0
3820 3837 0
3820 3839 0
4333 5380 0
4333 339 1
4333 6002 0
4333 4606 1
3822 3841 0
3822 19331 0
3822 18796 0
3822 1290 0
3822 20101 0
3822 6040 0
3822 6043 0
3822 1438 0
3822 1703 0
3822 6045 0
3822 3827 0
3822 3659 0
3822 13135 0
3822 1750 0
3822 3672 0
3822 3823 0
3822 3824 0
3822 3825 0
3822 3826 0
3822 3828 0
3822 3829 0
3822 3830 0
3822 3831 0
3822 3833 0
3822 3834 0
3822 3835 0
3822 3837 0
3822 3839 0
3823 3841 0
3823 19331 0
3823 18796 0
3823 1290 0
3823 5389 0
3823 6040 0
3823 6043 0
3823 6045 0
3823 3827 0
3823 20101 0
3823 3659 0
3823 13135 0
3823 1750 0
3823 3672 0
3823 8676 0
3823 3824 0
3823 3825 0
3823 3826 0
3823 3828 0
3823 3829 0
3823 3830 0
3823 3831 0
3823 3833 0
3823 3834 0
3823 3835 0
3823 3837 0
3823 3839 0
3824 3841 0
3824 1290 0
3824 19331 0
3824 6040 0
3824 6043 0
3824 3831 0
3824 6045 0
3824 20101 0
3824 9158 0
3824 3659 0
3824 1750 0
3824 3672 0
3824 18796 0
3824 3825 0
3824 3826 0
3824 3828 0
3824 3829 0
3824 3830 0
3824 3827 0
3824 3833 0
3824 3834 0
3824 3835 0
3824 3837 0
3824 3839 0
2600 2338 0
2600 4409 0
2600 6471 0
2600 6484 0
2600 4579 0
2600 8768 0
2600 590 0
2600 6740 0
2600 4833 0
2600 6977 0
2600 4956 0
2600 4963 0
2600 5016 0
2600 5021 0
2600 5029 0
2600 9158 0
2600 17396 0
2600 2938 0
2600 5380 0
2600 1384 0
2600 5500 0
2600 5529 0
2600 1620 0
2600 16031 0
2600 5855 0
2600 18728 0
2600 3884 0
2600 5974 0
2600 5981 0
2600 3986 0
2600 1943 0
2600 18332 0
3826 20101 0
3826 3672 0
3826 1703 0
3826 1750 0
3826 3825 0
3826 3827 0
3826 3828 0
3826 3829 0
3826 3830 0
3826 3831 0
3826 3834 0
3826 3835 0
3826 3837 0
3826 3839 0
3826 3841 0
3826 1290 0
3826 8467 0
3826 13135 0
3826 18796 0
3826 19331 0
3826 5013 0
3826 6040 0
3826 6043 0
3826 6045 0
3826 11202 0
3826 3659 0
3826 3833 0
3826 4583 1
3826 1022 0
3827 3841 0
3827 1290 0
3827 20101 0
3827 19331 0
3827 6040 0
3827 6043 0
3827 6045 0
3827 4864 0
3827 18796 0
3827 11202 0
3827 3659 0
3827 1750 0
3827 3672 0
3827 13135 0
3827 3825 0
3827 3828 0
3827 3829 0
3827 3830 0
3827 3831 0
3827 3833 0
3827 3834 0
3827 3835 0
3827 3837 0
3827 3839 0
2715 3653 1
2715 2715 0
2715 5885 0
2715 5389 0
2715 301 0
2715 5432 0
2715 915 0
2715 7633 0
3829 3841 0
3829 19331 0
3829 18796 0
3829 1290 0
3829 20101 0
3829 6040 0
3829 6043 0
3829 6045 0
3829 3659 0
3829 13135 0
3829 1750 0
3829 3672 0
3829 3825 0
3829 3828 0
3829 3830 0
3829 3831 0
3829 3833 0
3829 3834 0
3829 3835 0
3829 3837 0
3829 3839 0
3830 20101 0
3830 3659 0
3830 1620 0
3830 3672 0
3830 1750 0
3830 3825 0
3830 3828 0
3830 3831 0
3830 3833 0
3830 3834 0
3830 3835 0
3830 3837 0
3830 3839 0
3830 3841 0
3830 1290 0
3830 5981 0
3830 18796 0
3830 19331 0
3830 3986 0
3830 6040 0
3830 6043 0
3830 18332 0
3830 6045 0
3830 11202 0
3830 2535 0
3830 1022 0
3831 20101 0
3831 3672 0
3831 1750 0
3831 3825 0
3831 3828 0
3831 3833 0
3831 3834 0
3831 3835 0
3831 3837 0
3831 3839 0
3831 3841 0
3831 1290 0
3831 8467 0
3831 13135 0
3831 18796 0
3831 19331 0
3831 3986 0
3831 6040 0
3831 6043 0
3831 18332 0
3831 1438 0
3831 6045 0
3831 3659 0
3831 3561 0
3833 20101 0
3833 3659 0
3833 1620 0
3833 3672 0
3833 3676 1
3833 18796 0
3833 1750 0
3833 3825 0
3833 3828 0
3833 3834 0
3833 3835 0
3833 3837 0
3833 3839 0
3833 3841 0
3833 1290 0
3833 8467 0
3833 5981 0
3833 2938 0
3833 19331 0
3833 3986 0
3833 1943 0
3833 6040 0
3833 6043 0
3833 6045 0
3833 11202 0
3833 3561 0
3834 20101 0
3834 3659 0
3834 3672 0
3834 3676 1
3834 18796 0
3834 1750 0
3834 3825 0
3834 3828 0
3834 3835 0
3834 3837 0
3834 3839 0
3834 3841 0
3834 1290 0
3834 19331 0
3834 13135 0
3834 7504 0
3834 1765 0
3834 6040 0
3834 6043 0
3834 6045 0
3834 9158 0
3835 20101 0
3835 3672 0
3835 3676 1
3835 3825 0
3835 3828 0
3835 3837 0
3835 3839 0
3835 3841 0
3835 1750 0
3835 1290 0
3835 6045 0
3835 18796 0
3835 19331 0
3835 6040 0
3835 6043 0
3835 3659 0
3324 754 1
3324 18332 1
3837 3841 0
3837 19331 0
3837 1290 0
3837 18796 0
3837 8467 0
3837 6040 0
3837 6043 0
3837 3825 0
3837 20101 0
3837 3659 0
3837 6045 0
3837 1750 0
3837 3672 0
3837 3839 0
3837 3561 0
3837 3828 0
3043 2410 0
3043 2411 0
3043 561 0
3043 590 0
3043 4859 0
3043 301 0
3043 7084 0
3043 3043 0
3043 5380 0
3043 3353 0
3043 3355 0
3043 7455 0
3043 5428 1
3043 3446 0
3043 1765 0
3043 5432 0
3043 5981 0
3043 1943 0
3043 6040 0
3839 20101 0
3839 3672 0
3839 1750 0
3839 3825 0
3839 3828 0
3839 3841 0
3839 1290 0
3839 13135 0
3839 18796 0
3839 19331 0
3839 6040 0
3839 6043 0
3839 6045 0
3839 3517 0
3839 3659 0
3839 9158 0
4864 8768 0
4864 16374 0
4864 8467 0
4864 1765 0
4864 4864 0
4864 6404 0
4864 18728 0
4864 5529 0
4864 4409 0
4864 6471 0
4864 6484 0
4864 4963 0
4864 1384 0
4864 5013 0
4864 1943 0
4864 3986 0
4864 5016 0
4864 5021 0
4864 5028 0
4864 5029 0
4864 16031 0
4864 7616 0
4864 9158 0
4864 3561 0
3841 19331 0
3841 18796 0
3841 1290 0
3841 20101 0
3841 8467 0
3841 6040 0
3841 6043 0
3841 842 0
3841 3659 0
3841 6045 0
3841 13135 0
3841 4579 0
3841 1750 0
3841 3672 0
3841 3561 0
3841 3825 0
3841 3828 0
6404 8467 0
6404 3517 0
1750 19331 0
1750 1290 0
1750 20101 0
1750 8467 0
1750 6040 0
1750 6043 0
1750 6045 0
1750 18796 0
1750 3659 0
1750 3672 0
1750 3676 1
1750 3561 0
1750 3825 0
1750 3828 0
18696 20101 0
18696 1290 0
18696 6040 0
18696 6043 0
18696 6045 0
18696 5564 0
18696 3653 1
18696 3659 0
18696 7504 0
18696 18796 0
1290 5013 0
1290 3653 1
1290 3659 0
1290 3672 0
1290 3676 1
1290 9158 0
1290 3825 0
1290 3828 0
1290 1290 0
1290 19331 0
1290 6045 0
1290 7504 0
1290 18796 0
1290 5497 0
1290 3986 0
1290 6040 0
1290 6043 0
1290 18332 0
1290 5564 0
1290 11202 0
1290 3561 0
1290 20101 0
1290 1022 0
5389 4606 1
5389 1022 0
5389 13549 0
5389 5389 0
5389 7616 0
5389 3653 1
5389 1620 0
5389 5885 0
5389 5981 0
270 561 0
270 3446 0
270 5885 0
270 270 0
270 5981 0
270 3462 0
270 7605 0
270 9158 0
3885 8768 0
3885 4859 0
3885 18728 0
3885 8467 0
3885 3884 0
3885 3885 0
3885 5432 0
3885 5981 0
3885 5016 0
3885 5028 0
3885 6068 0
3885 3561 0
3885 1022 0
8467 4409 0
8467 6484 0
8467 2410 0
8467 6525 0
8467 8768 0
8467 6740 0
8467 754 0
8467 15126 0
8467 6977 0
8467 2938 0
8467 5016 0
8467 5432 0
8467 1371 0
8467 1384 0
8467 16374 0
8467 7633 0
8467 8467 0
8467 16031 0
8467 16034 0
8467 3825 0
8467 5974 0
8467 5981 0
8467 6043 0
8467 8166 0
8467 1022 0
8469 6740 0
8469 16031 0
8469 16034 0
8469 1765 0
8469 5380 0
8469 7043 1
8469 3986 0
8469 2535 0
8469 1022 0
15126 15126 0
15126 3408 0
15126 3561 0
7960 16100 1
3353 6484 0
3353 4606 1
3353 561 0
3353 7084 0
3353 3353 0
3353 3355 0
3353 5412 0
3353 5432 0
3353 5855 0
19738 13301 0
19738 6740 0
19738 339 1
3355 561 0
3355 1765 0
3355 4859 0
3355 3884 0
3355 3355 0
3355 301 0
3355 3408 0
3355 5432 0
3355 1943 0
16031 18728 0
16031 4409 0
16031 6484 0
16031 6651 0
16031 590 0
16031 6740 0
16031 4833 0
16031 4961 0
16031 4963 0
16031 915 0
16031 5016 0
16031 5021 0
16031 5028 0
16031 5029 0
16031 13301 0
16031 1371 0
16031 1384 0
16031 5497 0
16031 5500 0
16031 5529 0
16031 7616 0
16031 3561 0
16031 16031 0
16031 1765 0
16031 5974 0
16031 5981 0
16031 3986 0
16031 1943 0
16031 1022 0
16031 16374 0
7455 6740 0
7455 18332 0
7455 5855 0
7455 7455 0
7455 301 0
7455 4409 0
7455 6484 0
7455 1371 0
7455 2415 0
7455 984 1
800 6977 0
800 4963 0
800 5016 0
800 5021 0
800 5029 0
800 5028 0
800 13301 0
2338 2338 0
2338 4409 0
2338 6471 0
2338 4606 1
2338 8768 0
2338 842 0
2338 4961 0
2338 4963 0
2338 5016 0
2338 5028 0
2338 5029 0
2338 1022 0
2338 5981 0
2338 18728 0
2338 5432 0
2338 1384 0
2338 1438 0
2338 3653 1
2338 1443 0
2338 1620 0
2338 7633 0
2338 3986 0
2338 1943 0
2338 6068 0
5412 3653 1
5412 1765 0
5412 5412 0
5412 5413 0
5412 5432 0
5412 7504 0
5412 5981 0
5412 6002 0
5412 5500 0
5413 3653 1
5413 5413 0
5413 7504 0
5413 2458 0
5413 10995 0
5413 2535 0
5414 7504 0
5414 3653 1
561 2415 0
561 18728 0
561 301 0
561 4409 0
561 2410 0
561 2411 0
561 389 0
561 2458 0
561 6651 0
561 4606 1
561 561 0
561 8768 0
561 7616 0
561 4859 0
561 4956 0
561 4961 0
561 6977 0
561 9158 0
561 5380 0
561 5432 0
561 1371 0
561 3462 0
561 3517 0
561 5855 0
561 16100 0
561 3884 0
561 5981 0
561 6002 0
561 6068 0
561 16374 0
18728 6471 0
18728 6484 0
18728 2458 0
18728 2535 0
18728 6651 0
18728 8768 0
18728 6740 0
18728 4833 0
18728 4956 0
18728 4963 0
18728 5013 0
18728 5016 0
18728 5021 0
18728 5028 0
18728 5029 0
18728 9158 0
18728 17396 0
18728 4961 0
18728 1384 0
18728 5529 0
18728 7616 0
18728 7633 0
18728 3561 0
18728 5855 0
18728 18728 0
18728 5885 0
18728 7986 0
18728 5974 0
18728 3986 0
18728 1943 0
18728 18332 0
18728 16374 0
6043 3653 1
6043 3659 0
6043 3672 0
6043 3676 1
6043 3825 0
6043 3828 0
6043 7504 0
6043 18796 0
6043 19331 0
6043 6040 0
6043 5564 0
6043 3561 0
3884 8768 0
3884 590 0
3884 4859 0
3884 3884 0
3884 301 0
3884 5432 0
3884 4409 0
3884 6484 0
3884 5016 0
3884 5028 0
3884 6068 0
3884 1022 0
301 6002 0
301 1620 0
301 6977 0
301 455 1
301 5855 0
301 4859 0
301 301 0
301 5432 0
301 2411 0
301 2415 0
301 3446 0
301 5981 0
301 7084 0
301 6068 0
301 6740 0
7986 8768 0
7986 4956 0
7986 4961 0
7986 4963 0
7986 5016 0
7986 5021 0
7986 5028 0
7986 5029 0
7986 1022 0
7986 5855 0
5428 5380 1
5428 5428 2
5428 7605 1
5428 5432 1
5428 4579 1
5428 9129 1
5432 389 0
5432 455 1
5432 4859 0
5432 5432 0
5432 1384 0
5432 1620 0
5432 3676 1
5432 5855 0
5432 5981 0
5432 1943 0
4409 4409 0
4409 6484 0
4409 2410 0
4409 2411 0
4409 389 0
4409 2458 0
4409 6740 0
4409 4859 0
4409 6977 0
4409 2415 0
4409 4956 0
4409 7084 0
4409 984 1
4409 8768 0
4409 1371 0
4409 1384 0
4409 3561 0
4409 1765 0
4409 5981 0
4409 3986 0
5855 389 0
5855 2458 0
5855 754 0
5855 4859 0
5855 4925 0
5855 842 0
5855 4956 0
5855 4963 0
5855 5016 0
5855 5021 0
5855 5028 0
5855 5029 0
5855 7084 0
5855 984 1
5855 1022 0
5855 4961 0
5855 5380 0
5855 1371 0
5855 1384 0
5855 3446 0
5855 3561 0
5855 1620 0
5855 5855 0
5855 1765 0
5855 5981 0
5855 6002 0
5855 6068 0
4925 18332 0
4925 16034 0
4925 7014 0
4925 1765 0
4925 4925 0
4925 4963 0
4925 2938 0
4925 3986 0
4925 5529 0
2101 7603 1
2101 339 2
3676 19331 1
3676 20101 1
3676 6040 1
3676 6045 1
3676 1703 1
3676 3659 1
3676 8676 1
3676 18796 1
6977 8768 0
6977 4833 0
6977 6977 0
6977 4961 0
6977 5013 0
6977 5016 0
6977 5028 0
6977 9158 0
6977 1022 0
6977 1371 0
6977 1384 0
6977 951 0
6977 16374 0
4833 6740 0
4833 7043 1
4833 6471 0
4833 4956 0
4833 4961 0
4833 4963 0
4833 1384 0
4833 3986 0
4833 1943 0
4833 5016 0
4833 5029 0
4833 9158 0
4833 6651 0
842 5981 0
842 3653 1
842 3672 0
842 5885 0
842 842 0
842 5529 0
13135 20101 0
13135 3672 0
13135 8676 0
13135 3825 0
7504 20101 0
7504 6040 0
7504 6045 0
7504 5564 0
7504 11202 0
7504 3653 1
7504 3659 0
7504 18796 0
7504 383 0
2386 3986 0
2386 2386 0
2386 8166 0
339 339 2
339 4579 1
6484 1371 0
6484 6471 0
6484 2458 0
6484 6651 0
6484 590 0
6484 6740 0
6484 4961 0
6484 4963 0
6484 5016 0
6484 5028 0
6484 5029 0
6484 984 1
6484 13301 0
6484 1022 0
6484 2938 0
6484 1384 0
6484 5500 0
6484 5021 0
6484 1765 0
6484 5981 0
6484 3986 0
6484 6068 0
6484 8166 0
5974 4606 1
5974 4961 0
5974 4963 0
5974 5021 0
5974 5028 0
5974 5029 0
5974 17396 0
5974 1384 0
5974 3469 0
5974 3561 0
5974 1765 0
5974 3986 0
5974 1943 0
16100 18332 0
16100 951 0
16100 1371 0
1371 6471 0
1371 2458 0
1371 6740 0
1371 4956 0
1371 5016 0
1371 5028 0
1371 5029 0
1371 11202 0
1371 984 1
1371 17396 0
1371 2938 0
1371 5021 0
1371 1371 0
1371 1384 0
1371 3446 0
1371 3462 0
1371 1765 0
1371 5885 0
1371 5981 0
1371 3986 0
4956 389 0
4956 8768 0
4956 4956 0
4956 5028 0
4956 5029 0
4956 1022 0
4956 1384 0
4956 18332 0
4956 3517 0
4956 3561 0
4956 1620 0
4956 1765 0
4956 5981 0
4956 3986 0
4956 1943 0
4956 16374 0
5981 8768 0
5981 590 0
5981 915 0
5981 1443 0
5981 1620 0
5981 1943 0
5981 2458 0
5981 3446 0
5981 3462 0
5981 3517 0
5981 3561 0
5981 3986 0
5981 4859 0
5981 5028 0
5981 13549 0
5981 5881 0
5981 5885 0
5981 5981 0
5981 6002 0
5981 6068 0
5981 6651 0
5981 6740 0
5981 5380 0
5981 16374 0
1765 389 0
1765 6740 0
1765 9158 0
1765 17396 0
1765 2938 0
1765 5380 0
1765 1384 0
1765 7616 0
1765 7633 0
1765 1620 0
1765 1765 0
1765 5881 0
1765 3986 0
1765 1943 0
1765 16374 0
4961 8768 0
4961 6740 0
4961 9158 0
4961 17396 0
4961 5380 0
4961 5529 0
4961 6471 0
4961 4963 0
4961 3986 0
4961 1943 0
4961 5016 0
4961 5021 0
4961 5028 0
4961 951 0
4961 5029 0
4961 2535 0
4961 16374 0
4961 6651 0
19331 18796 0
19331 3469 0
19331 20101 0
19331 6040 0
19331 6045 0
19331 3828 0
19331 3659 0
19331 3672 0
19331 8676 0
19331 3825 0
4963 8768 0
4963 16374 0
4963 1620 0
4963 18332 0
4963 5380 0
4963 5529 0
4963 6045 0
4963 6471 0
4963 13549 0
4963 3986 0
4963 5013 0
4963 1943 0
4963 5016 0
4963 5021 0
4963 5028 0
4963 951 0
4963 7616 0
4963 9158 0
4963 5029 0
4963 6651 0
4963 3561 0
4963 6740 0
7014 915 0
7014 1943 0
7014 7616 0
7014 7014 0
7014 4606 1
2535 6068 0
2535 8768 0
2535 16374 0
2535 5497 0
2535 5013 0
2535 5029 0
2535 2535 0
1384 6525 0
1384 6740 0
1384 2938 0
1384 5028 0
1384 17396 0
1384 13549 0
1384 1384 0
1384 3446 0
1384 5529 0
1384 5029 0
1384 3561 0
1384 5881 0
1384 3986 0
1384 1943 0
1384 18332 0
1384 16374 0
2410 2410 0
2410 2411 0
2410 2415 0
2410 3446 0
2410 3561 0
2411 2411 0
2411 4583 1
2411 2415 0
2411 3986 0
2411 7084 0
2411 4606 1
18796 3653 1
18796 3672 0
18796 3825 0
18796 3828 0
18796 6040 0
18796 6045 0
18796 5564 0
18796 984 1
18796 1022 0
2415 984 1
6002 6002 0
6002 3446 0
6002 3469 0
6002 3986 0
6002 915 0
6002 18339 1
6002 4606 1
3446 754 0
3446 4859 0
3446 5016 0
3446 5021 0
3446 7084 0
3446 3446 0
3446 8768 0
3446 389 0
3446 984 1
3446 6068 0
7543 955 1
7543 7043 1
7543 8676 0
5497 8768 0
5497 3825 0
5497 9023 0
5497 2938 0
5497 5500 0
5497 3986 0
5497 5013 0
5497 5016 0
5497 18332 0
5497 9158 0
5497 4606 1
2938 8768 0
2938 2938 0
2938 5500 0
2938 5013 0
2938 1943 0
2938 18332 0
2938 7605 0
2938 3561 0
9023 6740 0
9023 9023 0
9023 5500 0
5500 8768 0
5500 590 0
5500 6525 0
5500 7043 1
5500 5013 0
5500 18332 0
5500 1620 0
6525 5013 0
8768 6471 0
8768 8768 0
8768 590 0
8768 4859 0
8768 5016 0
8768 5021 0
8768 5028 0
8768 5029 0
8768 9158 0
8768 984 1
8768 3462 0
8768 3517 0
8768 7633 0
8768 6068 0
8768 5885 0
8768 3986 0
8768 1943 0
8768 18332 0
8768 16374 0
7043 3986 1
7043 1438 1
7043 1443 1
7043 10995 1
7043 1620 1
389 4859 0
389 5885 0
389 389 0
389 2458 0
389 6068 0
389 3517 0
389 4579 0
3462 590 0
3462 1620 0
3462 5885 0
3462 3462 0
3462 6068 0
3462 1022 0
1943 590 0
1943 6740 0
1943 5013 0
1943 5016 0
1943 5021 0
1943 5028 0
1943 5029 0
1943 13301 0
1943 1022 0
1943 1438 0
1943 1620 0
1943 9158 0
1943 1943 0
1943 6068 0
1943 16374 0
3469 4859 0
3469 7605 0
3469 3653 1
3469 5885 0
1022 6740 0
1022 4859 0
1022 5013 0
1022 5029 0
1022 11202 0
1022 9158 0
1022 1022 0
1022 13549 0
1022 3408 0
1022 5529 0
1022 6068 0
1022 3986 0
1022 18332 0
13549 1620 0
13549 14940 1
13549 6068 0
5016 6471 0
5016 2458 0
5016 6651 0
5016 6740 0
5016 4859 0
5016 5013 0
5016 5028 0
5016 5029 0
5016 9158 0
5016 5529 0
5016 5021 0
5016 7616 0
5016 3561 0
5016 951 0
5016 5881 0
5016 3986 0
5016 18332 0
5016 6068 0
5016 16374 0
3986 455 1
3986 8676 0
3986 590 0
3986 9158 0
3986 16374 0
3986 1438 0
3986 1620 0
3986 3517 0
3986 3561 0
3986 3986 0
3986 4583 1
3986 4859 0
3986 5013 0
3986 5021 0
3986 5028 0
3986 5029 0
3986 5529 0
3986 5885 0
3986 6068 0
3986 13301 0
3986 6740 0
3986 7605 0
3986 7616 0
3986 8166 0
915 6068 0
915 915 0
915 4606 1
5013 1620 0
5013 18332 0
5013 3825 0
5013 5529 0
5013 6471 0
5013 5028 0
5013 5021 0
5013 6068 0
5013 7616 0
5013 9158 0
5013 5029 0
5013 3561 0
11673 18339 1
11673 7616 0
6040 20101 0
6040 3653 1
6040 3659 0
6040 3672 0
6040 3825 0
6040 3828 0
6040 6045 0
6040 5564 0
5529 9158 0
5529 5529 0
5529 5028 0
5529 5021 0
5529 951 0
5529 3561 0
5529 16374 0
5529 5029 0
2458 1620 0
2458 7084 0
2458 6471 0
2458 2458 0
2458 5021 0
2458 951 0
2458 5028 0
2458 6740 0
1620 455 1
1620 1620 0
1620 18332 0
18332 4583 1
18332 4606 1
18332 590 0
18332 5021 0
18332 5029 0
18332 6068 0
18332 16374 0
6045 3653 1
6045 3672 0
6045 3825 0
6045 3828 0
6045 5564 0
6045 11202 0
1438 1438 0
1438 1443 0
3653 20101 1
3653 5564 1
3653 3659 1
3653 3408 1
3653 3825 1
5028 6471 0
5028 6740 0
5028 5029 0
5028 9158 0
5028 5021 0
5028 7616 0
5028 3561 0
5028 951 0
5028 6068 0
5029 6471 0
5029 6651 0
5029 6740 0
5029 5021 0
5029 9158 0
5029 7616 0
5029 3561 0
5029 951 0
5029 5885 0
5029 6068 0
5029 16374 0
3825 20101 0
3825 3672 0
3825 1703 0
3825 3828 0
3825 3659 0
3825 9158 0
9129 4859 0
9129 4579 0
6471 6740 0
6471 5021 0
6471 7616 0
6471 9158 0
6471 3561 0
6471 6651 0
7084 4859 0
7084 7084 0
7084 6651 0
754 3561 0
5021 6740 0
5021 9158 0
5021 17396 0
5021 7616 0
5021 3561 0
5021 951 0
5021 6068 0
5021 16374 0
10995 10995 0
6068 4606 1
6068 6740 0
6068 5380 0
6068 5885 0
6068 6068 0
6068 16374 0
7605 7605 0
7605 7633 0
7605 4579 0
3828 20101 0
3828 3659 0
3828 3672 0
955 16034 1
955 3517 1
5564 20101 0
5564 3659 0
5564 4579 0
13301 17396 0
13301 6740 0
7616 7616 0
7616 9158 0
7616 455 1
7616 3561 0
7616 21486 0
11202 9158 0
3659 3672 0
5380 5881 0
5380 5380 0
5380 4606 1
9158 590 0
9158 4859 0
9158 5885 0
9158 3561 0
9158 6651 0
455 455 2
455 14940 2
455 5881 1
14940 590 1
16034 16034 0
16034 4859 0
16034 3561 0
7633 4606 1
7633 7633 0
18339 1703 1
590 590 0
590 6740 0
590 5881 0
590 21486 0
590 16374 0
590 4606 1
5881 5881 0
5881 5885 0
3408 3408 0
4859 6740 0
4859 4859 0
8676 3672 0
8166 8166 0
4583 4583 2
3561 16374 0
3561 6740 0
3561 20101 0
3672 20101 0
5885 5885 0
16374 6740 0
16374 16374 0
4606 4606 2
