287 287 0
287 16730 1
287 9306 1
287 18116 1
287 15498 1
287 4553 0
287 15383 1
287 7317 0
1998 16233 1
2714 2714 0
2714 8318 1
2714 7109 0
2714 9306 1
2714 5981 0
3116 12963 1
3116 3469 1
3116 7317 1
3469 16557 1
4145 4145 0
4145 8318 1
4145 5437 1
4145 5981 0
4553 16730 1
4553 15462 1
4553 4553 0
5437 5981 1
5981 5981 0
5981 15148 1
5981 7109 0
5981 7317 0
7109 20992 1
7109 18749 1
7109 7109 0
7317 12963 0
7317 19159 1
12470 12963 1
12470 19159 2
12470 16233 1
12470 15996 1
12963 12963 0
15996 15996 0
15996 20421 1
16233 16233 0
