4103 6081 1
4103 7105 1
4103 4744 1
4103 4103 2
4103 5389 1
4103 5840 1
4103 4795 1
523 1062 1
523 1063 1
523 287 0
4624 4624 0
4624 3848 0
4624 1591 0
4624 8372 0
4624 8287 0
4624 1605 0
4624 8301 0
4624 4629 0
4624 2703 0
4624 2705 0
4624 2712 0
4624 2718 0
4624 4644 0
4624 5952 0
4624 5981 0
4624 3429 0
4624 3986 0
4624 1437 1
4624 2124 0
4624 2722 0
4624 2724 0
4624 16865 1
4624 5885 0
4624 4081 0
4624 8234 0
4624 6741 0
13332 13667 1
13332 3948 1
13332 4795 0
13332 8391 0
13332 5329 0
4629 4644 0
4629 2703 0
4629 3846 0
4629 5981 0
4629 3426 0
4629 13667 1
4629 2712 0
4629 1943 0
4629 18631 0
4629 5036 0
4629 16865 1
4629 8234 0
29 29 0
29 2102 1
29 7236 0
29 6739 0
29 4763 0
29 4259 0
29 3236 0
29 1748 0
29 2785 0
29 1361 0
29 8571 0
29 4479 1
29 7043 1
29 3986 0
29 1438 0
29 4095 0
4127 4482 0
4127 3986 0
4127 4127 0
4127 4259 0
4127 4664 1
4127 1620 0
4127 4479 1
3871 7064 0
3871 3871 0
3871 6081 0
3871 4305 0
3871 18793 1
3871 4479 1
4644 4644 0
4644 6739 0
4644 5243 0
4644 2703 0
4644 2712 0
4644 679 0
4644 168 0
4644 18631 0
4644 1741 0
4644 5840 0
4644 729 0
4644 5855 0
4644 2785 0
4644 5841 1
4644 5867 0
4644 5885 0
4644 13355 0
4644 7986 0
4644 3986 0
4644 5981 0
4644 5033 0
4644 2475 1
4644 6081 0
4644 11236 0
4644 8234 0
1062 5440 1
1062 14220 1
1062 1943 1
1062 795 1
1062 1062 2
1062 807 1
1062 2994 1
1062 5965 1
1062 6096 1
1062 3539 1
1062 1365 1
1062 4182 1
1062 5981 1
1062 18341 1
1062 5222 1
1062 1063 2
1062 4081 1
1062 1653 1
1062 5752 1
1062 4181 1
1063 14220 1
1063 1943 1
1063 795 1
1063 19741 1
1063 287 1
1063 4081 1
1063 18341 1
1063 807 1
1063 7986 1
1063 2994 1
1063 5440 1
1063 6096 1
1063 3539 1
1063 1365 1
1063 4182 1
1063 5222 1
1063 5233 1
1063 5752 1
1063 4181 1
4485 8467 0
4485 4259 0
4485 168 0
4485 4664 1
4485 287 0
4485 719 0
4485 4479 1
8234 8287 0
8234 2703 0
8234 2712 0
8234 5885 0
8234 5965 0
8234 5981 0
8234 3948 1
8234 7043 1
8234 3986 0
13355 1371 0
13355 8391 0
13355 4343 0
13355 8467 0
13355 287 0
13355 4479 1
13355 6755 0
13355 4967 0
13355 4986 0
13355 5015 0
13355 7064 0
13355 5018 0
13355 5021 0
13355 1022 0
13355 7227 0
13355 5329 0
13355 3429 0
13355 1437 1
13355 1438 0
13355 1653 0
13355 3746 0
13355 3757 0
13355 5855 0
13355 16113 0
13355 3846 0
13355 1927 0
13355 1928 0
13355 1943 0
13355 4081 0
13871 5059 0
13871 16113 0
13871 242 0
13871 5885 0
13871 3844 0
13871 5952 0
13871 18805 0
13871 4479 1
13871 2475 1
13871 5109 0
4145 4145 0
4145 8301 0
4145 2475 1
4145 6738 0
4145 6739 0
4145 6741 0
4145 18191 0
4145 16865 1
4145 4967 0
4145 4973 0
4145 4974 0
4145 4986 0
4145 4987 0
4145 4992 0
4145 5015 0
4145 5016 0
4145 5018 0
4145 5031 0
4145 5036 0
4145 5045 0
4145 7227 0
4145 5233 0
4145 1371 0
4145 3429 0
4145 242 0
4145 5021 0
4145 5028 0
4145 5033 0
4145 1591 0
4145 1593 0
4145 1605 0
4145 1620 0
4145 7844 0
4145 5855 0
4145 5885 0
4145 3846 0
4145 3848 0
4145 7480 0
4145 5981 0
4145 3986 0
4145 1943 0
4145 4081 0
2102 4744 1
2102 1943 1
2102 287 1
2102 8006 1
2102 2102 2
2102 1748 1
2102 8571 1
21047 21047 0
21047 3236 0
21047 4305 0
21047 8006 0
21047 3919 0
21047 3426 0
21047 18805 0
21047 4479 1
21047 4482 0
21047 911 0
21047 912 1
4664 5036 1
4664 4664 2
4664 1593 1
4664 5180 1
4664 5045 1
4664 1605 1
4664 6755 1
4664 8287 1
4664 4707 1
4664 1653 1
4664 5243 1
4664 4744 1
4664 2703 1
4664 2705 1
4664 2712 1
4664 2718 1
4664 2722 1
4664 4259 1
4664 2724 1
4664 168 1
4664 3757 1
4664 8372 1
4664 4300 1
4664 1741 1
4664 719 1
4664 9145 1
4664 729 1
4664 5855 1
4664 5500 1
4664 16113 1
4664 242 1
4664 4343 1
4664 3844 1
4664 3846 1
4664 5021 1
4664 18191 1
4664 1816 1
4664 7480 1
4664 5952 1
4664 5965 1
4664 1359 1
4664 1361 1
4664 1371 1
4664 5981 1
4664 7227 1
4664 4967 1
4664 4973 1
4664 4974 1
4664 4987 1
4664 4992 1
4664 1928 1
4664 911 1
4664 5015 1
4664 5016 1
4664 5018 1
4664 5543 1
4664 5033 1
4664 3746 1
4664 3236 1
4664 5029 1
4664 5090 1
4664 13284 1
4664 4095 1
1593 5981 0
1593 1591 0
1593 7227 0
1593 1604 0
1593 1605 0
1593 6738 0
1593 6741 0
1593 4967 0
1593 5885 0
1593 3846 0
1593 3848 0
1593 1371 0
1593 3426 0
1593 3429 0
1593 4973 0
1593 4974 0
1593 4986 0
1593 4987 0
1593 4992 0
1593 4482 0
1593 3462 0
1593 7480 0
1593 5015 0
1593 5016 0
1593 5018 0
1593 5028 0
1593 5031 0
1593 5033 0
1593 2475 1
1593 5036 0
1593 5045 0
1593 5021 0
1593 5543 0
1593 6739 0
7227 4259 0
7227 4482 0
7227 2475 1
7227 6738 0
7227 6739 0
7227 6741 0
7227 2722 0
7227 4967 0
7227 4973 0
7227 4974 0
7227 4986 0
7227 4987 0
7227 4992 0
7227 5015 0
7227 5016 0
7227 5018 0
7227 5028 0
7227 5029 0
7227 5031 0
7227 5033 0
7227 5036 0
7227 5045 0
7227 9158 0
7227 7480 0
7227 1371 0
7227 3429 0
7227 5021 0
7227 1591 0
7227 1605 0
7227 1653 0
7227 1741 0
7227 5855 0
7227 3846 0
7227 3848 0
7227 7986 0
7227 3986 0
7227 1943 0
5180 5981 0
5180 5180 0
5180 1653 0
5180 3236 0
5180 3400 0
5180 13667 1
5180 5885 0
5184 8270 0
5184 6739 0
5184 6741 0
5184 4259 0
5184 7043 1
5184 7064 0
5184 1437 1
5184 1438 0
1604 1591 0
1604 1604 0
1604 6739 0
1604 1620 0
1604 6741 0
1604 168 0
1604 5329 0
1604 5841 1
1604 3848 0
1604 7986 0
1604 3426 0
1604 3986 0
1604 1943 0
1604 2475 1
1604 11236 0
1605 1591 0
1605 5045 0
1605 1605 0
1605 6738 0
1605 6739 0
1605 6741 0
1605 5243 0
1605 2712 0
1605 2718 0
1605 2722 0
1605 1741 0
1605 5855 0
1605 4833 0
1605 4992 0
1605 3846 0
1605 3848 0
1605 7480 0
1605 5965 0
1605 1371 0
1605 3426 0
1605 3429 0
1605 4967 0
1605 4973 0
1605 4974 0
1605 4986 0
1605 4987 0
1605 4479 1
1605 5015 0
1605 3986 0
1605 1943 0
1605 5016 0
1605 5018 0
1605 5029 0
1605 5031 0
1605 5033 0
1605 2475 1
1605 5036 0
1605 5021 0
1605 5059 0
1605 2724 0
1605 5028 0
1605 11236 0
2124 2124 0
2124 5885 0
2124 807 0
2124 3400 0
2124 3948 1
2124 3986 0
2124 2475 1
8270 8270 0
8270 13667 1
8270 4795 0
8270 729 0
8270 4479 1
8270 3844 0
8270 1653 0
6738 8372 0
6738 4479 1
6738 2475 1
6738 6738 0
6738 6739 0
6738 6741 0
6738 2703 0
6738 2705 0
6738 2712 0
6738 2718 0
6738 2722 0
6738 2724 0
6738 4967 0
6738 4973 0
6738 4974 0
6738 4987 0
6738 4992 0
6738 5015 0
6738 5016 0
6738 5028 0
6738 5031 0
6738 5045 0
6738 5243 0
6738 4986 0
6738 5021 0
6738 7480 0
6738 1371 0
6738 3426 0
6738 3429 0
6738 5018 0
6738 5033 0
6738 5036 0
6738 1591 0
6738 5855 0
6738 3846 0
6738 3848 0
6738 5981 0
6738 4095 0
6755 6739 0
6755 6741 0
6755 6755 0
6755 2718 0
6755 4795 0
6755 4300 0
6755 5855 0
6755 7986 0
6755 18805 0
6755 4479 1
6755 4482 0
6755 1620 0
1620 4259 0
1620 18009 0
1620 168 0
1620 4300 0
1620 8571 0
1620 4343 0
1620 4360 0
1620 287 0
1620 4479 1
1620 4744 0
1620 2703 0
1620 2712 0
1620 2718 0
1620 2722 0
1620 679 0
1620 4795 0
1620 719 0
1620 729 0
1620 2785 0
1620 807 0
1620 7043 1
1620 911 0
1620 5090 0
1620 8287 0
1620 5243 0
1620 5389 0
1620 3400 0
1620 1365 0
1620 5500 0
1620 3462 0
1620 18191 0
1620 5036 0
1620 1591 0
1620 1620 0
1620 7105 0
1620 3757 0
1620 1741 0
1620 5855 0
1620 5867 0
1620 3844 0
1620 1816 0
1620 5952 0
1620 5965 0
1620 7480 0
1620 13284 0
1620 5981 0
1620 3986 0
1620 1943 0
1620 2724 0
1620 4081 0
1620 4095 0
6741 2475 1
6741 6739 0
6741 6741 0
6741 2703 0
6741 2705 0
6741 2712 0
6741 2718 0
6741 2722 0
6741 2724 0
6741 5233 0
6741 4833 0
6741 4973 0
6741 4974 0
6741 4986 0
6741 4987 0
6741 4992 0
6741 5015 0
6741 5016 0
6741 5018 0
6741 5021 0
6741 5028 0
6741 5029 0
6741 5033 0
6741 5036 0
6741 5045 0
6741 1022 0
6741 4967 0
6741 5243 0
6741 8391 0
6741 7480 0
6741 3400 0
6741 1371 0
6741 3429 0
6741 1437 1
6741 5031 0
6741 1591 0
6741 8467 0
6741 1653 0
6741 3746 0
6741 1741 0
6741 5885 0
6741 3844 0
6741 3846 0
6741 3848 0
6741 5965 0
6741 5981 0
6741 3986 0
6741 6081 0
6741 4095 0
4182 5440 0
4182 4182 0
18009 3948 1
18009 3919 0
18009 3426 0
18009 4479 1
18009 5543 0
8287 5981 0
8287 9145 0
8287 8287 0
8287 2703 0
8287 2718 0
8287 2722 0
8287 2724 0
8287 168 0
8287 4795 0
8287 1741 0
8287 5855 0
8287 4479 1
8287 5885 0
8287 5389 0
8287 8467 0
8287 3353 0
8287 287 0
8287 2705 0
8287 3462 0
8287 2712 0
8287 5543 0
8287 11236 0
4707 1371 0
4707 5981 0
4707 4479 1
8301 16865 1
8301 1653 0
8301 18805 0
8301 4305 0
8301 1748 0
8301 5867 0
8301 242 0
8301 4479 1
8301 4360 0
8301 4986 0
8301 5500 0
8301 4992 0
8301 5029 0
8301 5031 0
5233 5233 0
5233 2712 0
5233 2718 0
5233 2722 0
5233 8467 0
5233 5981 0
5233 16865 1
1653 8391 0
1653 807 0
1653 9158 0
1653 1591 0
1653 1653 0
1653 1943 0
1653 2722 0
1653 3353 0
1653 3986 0
1653 4259 0
1653 4479 1
1653 4482 0
1653 4967 0
1653 4973 0
1653 4974 0
1653 4986 0
1653 5015 0
1653 5016 0
1653 5018 0
1653 5021 0
1653 5028 0
1653 5029 0
1653 5033 0
1653 5036 0
1653 5243 0
1653 5855 0
1653 5867 0
1653 14220 0
1653 6739 0
1653 7009 0
1653 18793 1
1653 7480 0
1653 7579 1
1653 16113 0
1653 7986 0
6776 3986 0
6776 5841 1
6776 6776 0
6776 4479 1
5243 168 0
5243 8372 0
5243 8391 0
5243 242 0
5243 287 0
5243 4482 0
5243 6739 0
5243 2703 0
5243 2712 0
5243 2718 0
5243 2722 0
5243 2724 0
5243 729 0
5243 4967 0
5243 5018 0
5243 5028 0
5243 5029 0
5243 5033 0
5243 5036 0
5243 9158 0
5243 11236 0
5243 5389 0
5243 3426 0
5243 3429 0
5243 3462 0
5243 1943 0
5243 1591 0
5243 1741 0
5243 5855 0
5243 5885 0
5243 3848 0
5243 7986 0
5243 5952 0
5243 3948 1
5243 3986 0
5243 6081 0
4181 1943 0
4181 5440 0
4181 4181 0
7105 4744 0
7105 3986 0
7105 729 0
7105 4479 1
4744 4300 0
4744 4744 0
4744 8372 0
4744 729 0
4744 5885 0
4744 8467 0
4744 1816 0
4744 1943 0
4744 7064 0
4744 1022 0
2703 4302 0
2703 8571 0
2703 4479 1
2703 4482 0
2703 6739 0
2703 2703 0
2703 2705 0
2703 2712 0
2703 2718 0
2703 2722 0
2703 2724 0
2703 7986 0
2703 11236 0
2703 1022 0
2703 5389 0
2703 3426 0
2703 3429 0
2703 3462 0
2703 1943 0
2703 5543 0
2703 5029 0
2703 1591 0
2703 5855 0
2703 5885 0
2703 3848 0
2703 3986 0
2705 7009 0
2705 2718 0
2705 4259 0
2705 1741 0
2705 729 0
2705 5855 0
2705 5885 0
2705 3848 0
2705 5389 0
2705 3426 0
2705 3429 0
2705 3462 0
2705 1437 1
2705 6739 0
5307 3844 1
5307 679 1
5307 8391 1
5307 5389 1
5307 7573 1
5307 8372 1
5307 5307 2
2712 168 0
2712 8391 0
2712 4302 0
2712 242 0
2712 287 0
2712 8571 0
2712 4479 1
2712 6739 0
2712 2712 0
2712 2718 0
2712 2722 0
2712 2724 0
2712 4795 0
2712 729 0
2712 7986 0
2712 4967 0
2712 5018 0
2712 5028 0
2712 5029 0
2712 5033 0
2712 5036 0
2712 11236 0
2712 1022 0
2712 5389 0
2712 1371 0
2712 3426 0
2712 3429 0
2712 3462 0
2712 1591 0
2712 1741 0
2712 5855 0
2712 5885 0
2712 3848 0
2712 5981 0
2712 14220 0
2712 3986 0
2712 1943 0
2712 6081 0
4763 1591 0
4763 719 0
4763 1748 0
4763 7009 0
4763 5500 0
4763 7043 1
4763 912 1
4763 9158 0
5789 4833 1
2718 168 0
2718 8391 0
2718 242 0
2718 8467 0
2718 287 0
2718 18805 0
2718 8571 0
2718 4479 1
2718 4482 0
2718 6739 0
2718 2718 0
2718 2722 0
2718 2724 0
2718 679 0
2718 4795 0
2718 719 0
2718 7986 0
2718 4967 0
2718 5018 0
2718 5021 0
2718 5028 0
2718 5036 0
2718 5045 0
2718 5389 0
2718 3400 0
2718 14220 0
2718 3426 0
2718 3429 0
2718 5500 0
2718 3462 0
2718 1943 0
2718 5016 0
2718 5543 0
2718 5029 0
2718 5031 0
2718 5033 0
2718 1591 0
2718 1741 0
2718 5855 0
2718 5867 0
2718 3848 0
2718 1816 0
2718 1927 0
2718 3986 0
2718 6081 0
2718 4081 0
3746 3746 0
3746 3757 0
3746 729 0
3746 7986 0
3746 7009 0
3746 18793 1
3746 3462 0
3746 3986 0
3746 1943 0
3746 7064 0
4259 1591 0
4259 4967 0
4259 8467 0
4259 11236 0
4259 2722 0
4259 2724 0
4259 2785 0
4259 1290 0
4259 3353 0
4259 6476 0
4259 3426 0
4259 4973 0
4259 4974 0
4259 4986 0
4259 4987 0
4259 5500 0
4259 4479 1
4259 7480 0
4259 3986 0
4259 5015 0
4259 5016 0
4259 5018 0
4259 5021 0
4259 4992 0
4259 5028 0
4259 5033 0
4259 5036 0
4259 5045 0
4259 9158 0
4259 5029 0
4259 6739 0
4259 1022 0
7844 2475 1
7844 1437 1
679 679 0
679 168 0
679 807 0
679 5389 0
679 3353 0
679 1927 0
679 912 1
679 7064 0
679 6081 0
168 168 0
168 4300 0
168 4479 1
168 287 0
168 2722 0
168 4795 0
168 7064 0
168 9158 0
168 1022 0
168 5016 0
168 5389 0
168 3353 0
168 7573 0
168 1741 0
168 5885 0
168 3844 0
168 5981 0
168 6081 0
8391 1591 0
8391 5015 0
8391 4967 0
8391 2722 0
8391 2724 0
8391 4795 0
8391 8391 0
8391 1741 0
8391 6081 0
8391 242 0
8391 4343 0
8391 3426 0
8391 4973 0
8391 4974 0
8391 4479 1
8391 5952 0
8391 3986 0
8391 1943 0
8391 5016 0
8391 5018 0
8391 5028 0
8391 5029 0
8391 5033 0
8391 5021 0
8391 5045 0
8391 6739 0
3757 1741 0
3757 729 0
3757 5855 0
3757 7986 0
3757 8006 0
3757 1359 0
3757 3429 0
3757 3462 0
3757 1927 0
3757 911 0
3757 912 1
3757 3986 0
3757 7064 0
3757 13284 0
8372 4300 0
8372 1741 0
8372 5389 0
8372 3353 0
8372 7986 0
8372 5952 0
8372 4482 0
8372 1943 0
4795 1591 0
4795 2722 0
4795 2724 0
4795 4795 0
4795 4305 0
4795 3844 0
4795 8467 0
4795 4479 1
4795 4482 0
18631 4305 0
18631 8467 0
18631 2724 0
18631 5329 0
18631 13667 1
18631 5841 1
5752 1943 0
4300 5981 0
4300 6739 0
4300 4974 0
4300 4300 0
4300 1741 0
4300 729 0
4300 1816 0
4300 13667 1
4300 1927 0
4300 1928 0
4300 3986 0
1741 242 0
1741 4343 0
1741 4479 1
1741 6739 0
1741 2722 0
1741 2724 0
1741 719 0
1741 4967 0
1741 4973 0
1741 4974 0
1741 911 0
1741 5015 0
1741 5016 0
1741 5018 0
1741 5021 0
1741 5028 0
1741 5029 0
1741 5033 0
1741 5036 0
1741 5045 0
1741 9158 0
1741 1022 0
1741 3353 0
1741 3400 0
1741 1359 0
1741 11236 0
1741 1741 0
1741 5855 0
1741 5885 0
1741 3846 0
1741 3919 0
1741 1927 0
1741 1928 0
1741 4081 0
4302 3986 0
4302 1943 0
4302 2722 0
4302 2475 1
4302 5841 1
719 807 0
719 719 0
719 5885 0
719 3848 0
719 5389 0
719 8467 0
719 3353 0
719 287 0
719 1359 0
719 4479 1
719 1927 0
719 3986 0
719 13284 0
719 1022 0
5840 5840 0
5840 5841 1
5329 1591 0
5329 6739 0
5329 5841 1
5329 3353 0
5329 5855 0
5329 8467 0
5329 1371 0
5329 3986 0
5329 7573 0
5329 2475 1
5329 5109 0
1748 3986 0
1748 7043 1
1748 3236 0
1748 16865 1
1748 2785 0
1748 5885 0
729 1591 0
729 6081 0
729 729 0
729 1816 0
729 3948 1
729 3986 0
729 7064 0
729 5981 0
729 5885 0
5855 4305 0
5855 242 0
5855 18793 1
5855 4479 1
5855 2722 0
5855 7986 0
5855 4967 0
5855 4973 0
5855 4974 0
5855 4986 0
5855 4987 0
5855 4992 0
5855 5015 0
5855 5016 0
5855 5018 0
5855 5021 0
5855 5028 0
5855 5029 0
5855 11236 0
5855 1022 0
5855 3353 0
5855 1359 0
5855 1371 0
5855 7480 0
5855 7064 0
5855 5543 0
5855 5033 0
5855 18191 0
5855 1591 0
5855 9145 0
5855 5855 0
5855 5867 0
5855 3846 0
5855 3848 0
5855 5952 0
5855 5965 0
5855 13284 0
5855 5981 0
5855 1927 0
5855 6081 0
4833 1591 0
4833 5045 0
4833 6739 0
4833 3846 0
4833 7043 1
4833 7480 0
4833 4967 0
4833 4973 0
4833 4986 0
4833 4987 0
4833 5015 0
4833 3986 0
4833 1943 0
4833 5016 0
4833 5029 0
4833 5033 0
4833 5036 0
4833 9158 0
8571 1591 0
8571 6739 0
8571 2722 0
8571 3236 0
8571 287 0
8571 7480 0
8571 5952 0
8571 3426 0
8571 4974 0
8571 4992 0
8571 3986 0
8571 5015 0
8571 5016 0
8571 5018 0
8571 5031 0
8571 5033 0
8571 5036 0
8571 5045 0
8571 6081 0
8571 2724 0
8571 16865 1
20196 7573 1
20196 15326 1
4305 5389 0
4305 3353 0
4305 287 0
4305 13667 1
4305 1371 0
4305 911 0
4305 16865 1
4305 5885 0
5867 6739 0
5867 2722 0
5867 5841 1
5867 5867 0
5867 1290 0
5867 8467 0
5867 7986 0
5867 3426 0
5867 3986 0
5867 1943 0
5867 7064 0
5867 16865 1
5867 4095 0
16113 7064 0
16113 3986 0
16113 1943 0
16113 6081 0
16113 3400 0
16113 16865 1
16113 3426 0
16113 5885 0
242 3426 0
242 4967 0
242 2722 0
242 2724 0
242 18805 0
242 5885 0
242 287 0
242 1359 0
242 3429 0
242 5018 0
242 4479 1
242 4482 0
242 1927 0
242 3986 0
242 1943 0
242 7064 0
242 5033 0
242 6081 0
242 5028 0
242 5029 0
242 16865 1
242 13284 0
4343 6739 0
4343 7986 0
4343 3426 0
4343 4479 1
4343 1927 0
4343 1943 0
4343 7064 0
4343 6081 0
4343 13284 0
5885 287 0
5885 3462 0
5885 18805 0
5885 4479 1
5885 2475 1
5885 807 0
5885 7009 0
5885 5029 0
5885 9145 0
5885 9158 0
5885 5389 0
5885 3400 0
5885 1371 0
5885 5031 0
5885 5885 0
5885 3848 0
5885 11236 0
5885 5981 0
5885 3986 0
3844 3844 0
3844 5389 0
3844 3353 0
3844 3462 0
3844 3986 0
3844 5981 0
3846 1591 0
3846 5045 0
3846 6739 0
3846 2722 0
3846 3848 0
3846 7986 0
3846 7480 0
3846 1371 0
3846 3426 0
3846 3429 0
3846 4967 0
3846 4973 0
3846 4974 0
3846 4986 0
3846 4987 0
3846 4992 0
3846 5015 0
3846 3986 0
3846 1943 0
3846 5016 0
3846 5018 0
3846 5028 0
3846 5029 0
3846 5031 0
3846 5033 0
3846 2475 1
3846 5036 0
3846 5021 0
3846 9158 0
4360 287 0
4360 2475 1
4360 3986 0
4360 16865 1
1290 9158 0
1290 1290 0
1290 4479 1
1290 3986 0
1290 1437 1
1290 4026 0
1290 1022 0
5389 287 0
5389 1816 0
5389 9145 0
5389 1022 0
5389 5389 0
5389 3429 0
5389 1591 0
5389 5981 0
5389 6081 0
5389 4095 0
18191 8467 0
18191 287 0
18191 6739 0
18191 3426 0
18191 4479 1
8467 6476 0
8467 2475 1
8467 6739 0
8467 2722 0
8467 2724 0
8467 13667 1
8467 4974 0
8467 5016 0
8467 9145 0
8467 1371 0
8467 7064 0
8467 1591 0
8467 8467 0
8467 8006 0
8467 13284 0
8467 5981 0
8467 14220 0
8467 4026 0
8467 1022 0
1816 1816 0
1816 3948 1
1816 4482 0
3353 4479 1
3353 2724 0
3353 11236 0
3353 3353 0
3353 1591 0
3353 5841 1
795 287 0
19741 3986 0
19741 5015 0
19741 13667 1
287 287 0
287 16865 1
287 911 0
287 11236 0
287 3426 0
287 3429 0
287 4973 0
287 4992 0
287 5029 0
287 5031 0
287 5045 0
287 13284 0
287 5543 0
287 14220 0
287 6081 0
287 6739 0
287 7480 0
287 2724 0
807 807 0
807 1359 0
807 1927 0
807 1943 0
807 7064 0
807 3539 0
807 13284 0
7986 2722 0
7986 2724 0
7986 4967 0
7986 4973 0
7986 4974 0
7986 4986 0
7986 4987 0
7986 4992 0
7986 911 0
7986 912 1
7986 5015 0
7986 5016 0
7986 5018 0
7986 5021 0
7986 5028 0
7986 5029 0
7986 5031 0
7986 5036 0
7986 13284 0
7986 1022 0
7986 7480 0
7986 1359 0
7986 5965 0
7986 1927 0
7986 6081 0
7480 4482 0
7480 2475 1
7480 6739 0
7480 2722 0
7480 2724 0
7480 4967 0
7480 4973 0
7480 4974 0
7480 4986 0
7480 4987 0
7480 4992 0
7480 5015 0
7480 5016 0
7480 5018 0
7480 5028 0
7480 5029 0
7480 5031 0
7480 5033 0
7480 5036 0
7480 5045 0
7480 9158 0
7480 11236 0
7480 7480 0
7480 1371 0
7480 3426 0
7480 3429 0
7480 5500 0
7480 3462 0
7480 1438 0
7480 5021 0
7480 1591 0
7480 3848 0
7480 1943 0
5841 2722 1
5841 6081 1
5841 3400 1
5841 11236 1
5841 5841 2
5440 1943 0
5440 5440 0
8006 6739 0
8006 3236 0
8006 5965 0
8006 1359 0
8006 1927 0
8006 911 0
8006 912 1
8006 3986 0
8006 7064 0
8006 3919 0
8006 13284 0
2785 7043 1
2785 4479 1
3400 3462 0
3400 3986 0
3400 1943 0
3400 2475 1
3400 6739 0
3400 3426 0
3400 4974 0
1591 4479 1
1591 4482 0
1591 2475 1
1591 6739 0
1591 2722 0
1591 2724 0
1591 4967 0
1591 4973 0
1591 4974 0
1591 4986 0
1591 4987 0
1591 4992 0
1591 5015 0
1591 5016 0
1591 5018 0
1591 5021 0
1591 5028 0
1591 5029 0
1591 5031 0
1591 5033 0
1591 5036 0
1591 5045 0
1591 9158 0
1591 11236 0
1591 1371 0
1591 3426 0
1591 3429 0
1591 5500 0
1591 5981 0
1591 1591 0
1591 3848 0
1591 3986 0
1591 1943 0
6476 7043 1
6476 1437 1
6476 1438 0
6476 4026 0
5965 3426 0
5965 3986 0
5965 6081 0
5965 4095 0
1870 5015 1
1359 2722 0
1359 3429 0
1359 3986 0
1359 3462 0
1359 1927 0
1359 1928 0
1359 911 0
1359 912 1
1359 1943 0
1359 7064 0
1359 13284 0
1359 1022 0
1361 1438 0
1361 1443 0
1361 3948 1
1365 1927 0
1365 1943 0
13284 3462 0
13284 1927 0
13284 1928 0
13284 911 0
13284 912 1
13284 3986 0
13284 7064 0
13284 5981 0
13284 1022 0
1371 2475 1
1371 6739 0
1371 4967 0
1371 4973 0
1371 4974 0
1371 4986 0
1371 4987 0
1371 4992 0
1371 5015 0
1371 5016 0
1371 5018 0
1371 5028 0
1371 5029 0
1371 5031 0
1371 5045 0
1371 5021 0
1371 1371 0
1371 3429 0
1371 3462 0
1371 5033 0
1371 5036 0
1371 3848 0
1371 5981 0
1371 3986 0
5981 1443 0
5981 11236 0
5981 1943 0
5981 2722 0
5981 2724 0
5981 3426 0
5981 3429 0
5981 3462 0
5981 3848 0
5981 3986 0
5981 4479 1
5981 4973 0
5981 5015 0
5981 5028 0
5981 5031 0
5981 5045 0
5981 5981 0
5981 6739 0
7009 7009 0
7009 4479 1
7009 3986 0
7009 1943 0
7009 9158 0
7009 16865 1
7009 1022 0
3426 4479 1
3426 4482 0
3426 2475 1
3426 2722 0
3426 4967 0
3426 4973 0
3426 4974 0
3426 4986 0
3426 4987 0
3426 4992 0
3426 911 0
3426 5016 0
3426 5018 0
3426 5028 0
3426 5029 0
3426 5031 0
3426 5033 0
3426 5036 0
3426 9158 0
3426 5090 0
3426 5109 0
3426 1022 0
3426 3236 0
3426 3426 0
3426 3429 0
3426 5500 0
3426 7064 0
3426 5045 0
3426 9145 0
3426 6081 0
3426 5952 0
3426 3919 0
3426 1927 0
3426 1928 0
3426 3986 0
3426 1943 0
3426 2724 0
3426 4081 0
3426 4095 0
13667 13667 2
3429 5045 0
3429 6739 0
3429 5015 0
3429 4967 0
3429 4974 0
3429 2722 0
3429 9158 0
3429 4987 0
3429 3848 0
3429 4973 0
3429 5021 0
3429 5090 0
3429 5018 0
3429 3986 0
3429 4986 0
3429 4992 0
3429 5952 0
3429 4482 0
3429 1927 0
3429 1928 0
3429 911 0
3429 912 1
3429 1943 0
3429 5016 0
3429 5028 0
3429 5031 0
3429 5033 0
3429 2475 1
3429 5036 0
3429 6081 0
3429 4095 0
4967 2475 1
4967 6739 0
4967 2722 0
4967 2724 0
4967 4967 0
4967 4973 0
4967 4974 0
4967 4986 0
4967 4987 0
4967 4992 0
4967 5015 0
4967 5016 0
4967 5018 0
4967 5028 0
4967 5029 0
4967 5031 0
4967 5033 0
4967 5036 0
4967 5045 0
4967 9158 0
4967 5021 0
4967 3848 0
4967 3986 0
4967 1943 0
4967 6081 0
18793 18793 2
3948 5952 1
3948 1927 1
3948 1928 1
3948 7064 1
3948 3948 2
3948 18805 1
3948 1022 1
4973 5045 0
4973 6739 0
4973 2722 0
4973 3848 0
4973 4974 0
4973 4986 0
4973 4987 0
4973 4992 0
4973 5015 0
4973 1943 0
4973 5016 0
4973 5018 0
4973 5028 0
4973 5029 0
4973 5031 0
4973 5033 0
4973 2475 1
4973 5036 0
4973 5021 0
4973 6081 0
4973 9158 0
3848 2724 0
3848 6739 0
3848 4987 0
3848 3848 0
3848 4974 0
3848 4986 0
3848 4992 0
3848 5016 0
3848 5015 0
3848 5018 0
3848 5028 0
3848 5031 0
3848 5033 0
3848 2475 1
3848 5036 0
3848 5021 0
3848 5045 0
3848 16865 1
3848 4095 0
3848 1022 0
18805 3986 0
18805 1943 0
18805 2722 0
18805 3919 0
18805 16865 1
18805 18805 0
18805 4095 0
4986 5045 0
4986 2722 0
4986 4974 0
4986 4987 0
4986 4992 0
4986 5015 0
4986 1943 0
4986 5016 0
4986 5018 0
4986 5028 0
4986 5031 0
4986 5033 0
4986 2475 1
4986 5036 0
4986 5021 0
4986 9158 0
4986 5029 0
4986 16865 1
4986 6739 0
4987 6739 0
4987 4974 0
4987 4992 0
4987 5015 0
4987 5016 0
4987 5018 0
4987 5028 0
4987 5029 0
4987 5031 0
4987 5033 0
4987 2475 1
4987 5036 0
4987 5021 0
4987 5045 0
4987 9158 0
5500 6739 0
5500 2722 0
5500 2724 0
5500 7043 1
5500 5045 0
4479 7236 1
4479 6739 1
4479 2724 1
4479 15326 1
4479 3919 1
4479 4482 1
4479 3462 1
4479 3986 1
4479 1943 1
4479 5016 1
4479 5028 1
4479 9145 1
4479 9158 1
4479 16865 2
4479 5090 1
4479 11236 1
4479 1022 1
4479 4095 1
4992 4974 0
4992 5015 0
4992 1943 0
4992 5016 0
4992 5018 0
4992 5028 0
4992 5031 0
4992 5033 0
4992 2475 1
4992 5036 0
4992 5021 0
4992 5045 0
4992 9158 0
4992 5029 0
4992 11236 0
4992 6739 0
5952 6739 0
5952 1443 0
4482 16865 1
4482 2724 0
4482 3919 0
4482 7064 0
4482 5018 0
4482 5021 0
4482 5028 0
4482 5031 0
4482 6081 0
4482 5090 0
4482 6739 0
4482 4095 0
7043 3986 1
7043 1438 1
7043 1443 1
7043 4026 1
7043 5059 1
7043 7236 1
4974 2475 1
4974 6739 0
4974 2722 0
4974 5015 0
4974 5016 0
4974 5018 0
4974 5028 0
4974 5029 0
4974 5031 0
4974 5033 0
4974 5036 0
4974 5045 0
4974 9158 0
4974 5021 0
4974 3986 0
4974 1943 0
3462 2722 0
3462 3462 0
3462 1927 0
3462 912 1
3462 7064 0
3462 6081 0
3462 6096 0
3462 11236 0
3462 1022 0
1927 6739 0
1927 2722 0
1927 911 0
1927 912 1
1927 7064 0
1927 5029 0
1927 1022 0
1927 11236 0
1927 1928 0
1927 3986 0
1927 1943 0
1928 1928 0
1928 1943 0
1928 7064 0
1943 2722 0
1943 2724 0
1943 911 0
1943 5015 0
1943 5016 0
1943 5018 0
1943 5021 0
1943 5028 0
1943 5029 0
1943 5031 0
1943 5033 0
1943 5036 0
1943 1022 0
1943 3236 0
1943 7064 0
1943 1438 0
1943 3539 0
1943 5045 0
1943 9158 0
1943 1943 0
1943 6081 0
1943 4095 0
14220 2722 0
911 3236 0
911 912 1
911 3986 0
911 7064 0
911 3919 0
911 11236 0
911 4095 0
912 7064 1
912 3236 1
912 3919 1
912 912 2
912 5543 1
5016 2475 1
5016 6739 0
5016 2722 0
5016 2724 0
5016 5015 0
5016 5018 0
5016 5028 0
5016 5029 0
5016 5031 0
5016 5033 0
5016 5036 0
5016 5045 0
5016 9158 0
5016 11236 0
5016 5021 0
5016 3919 0
5016 3986 0
3986 9158 0
3986 1022 0
3986 1437 1
3986 1438 0
3986 2475 1
3986 2722 0
3986 2724 0
3986 3236 0
3986 3986 0
3986 4026 0
3986 4081 0
3986 4095 0
3986 5015 0
3986 5018 0
3986 5021 0
3986 5028 0
3986 5029 0
3986 5033 0
3986 5059 0
3986 5090 0
3986 5109 0
3986 6081 0
3986 6739 0
3986 7064 0
2724 6739 0
2724 2722 0
2724 2724 0
2724 5018 0
2724 5028 0
2724 5029 0
2724 5033 0
2724 5045 0
2724 11236 0
2724 6081 0
2724 4081 0
7573 7236 0
7573 7573 0
5015 2475 1
5015 6739 0
5015 2722 0
5015 5015 0
5015 5018 0
5015 5028 0
5015 5029 0
5015 5031 0
5015 5033 0
5015 5036 0
5015 5045 0
5015 9158 0
5015 5021 0
7064 2722 0
7064 1022 0
7236 1438 0
5018 2475 1
5018 6739 0
5018 2722 0
5018 5018 0
5018 5028 0
5018 5029 0
5018 5031 0
5018 5033 0
5018 5036 0
5018 5045 0
5018 9158 0
5018 11236 0
5018 5021 0
5018 6081 0
5021 2475 1
5021 6739 0
5021 2722 0
5021 5028 0
5021 5029 0
5021 5031 0
5021 5033 0
5021 5045 0
5021 9158 0
5021 11236 0
5021 5036 0
1438 1437 1
1438 1438 0
1438 1443 0
1438 4026 0
1443 1437 1
1443 4026 0
5028 2475 1
5028 6739 0
5028 2722 0
5028 5029 0
5028 5031 0
5028 5033 0
5028 5036 0
5028 5045 0
5028 9158 0
5028 11236 0
5028 6081 0
18341 6739 0
5031 5045 0
5031 6739 0
5031 2722 0
5031 5033 0
5031 2475 1
5031 5036 0
5031 5029 0
5031 16865 1
5031 11236 0
5033 2475 1
5033 6739 0
5033 2722 0
5033 5029 0
5033 5036 0
5033 5045 0
5033 9158 0
5033 11236 0
5033 6081 0
2475 6739 1
2475 2475 2
2475 5036 1
2475 5045 1
2475 5109 1
5036 5045 0
5036 2722 0
5036 5036 0
5036 9158 0
5036 11236 0
5036 6739 0
5036 5029 0
1437 1437 2
1437 4026 1
2994 2994 0
5045 6739 0
5045 2722 0
5045 11236 0
5045 5029 0
5045 9158 0
9145 3236 0
9145 9145 0
6081 6739 0
6081 2722 0
6081 5029 0
6081 11236 0
6081 3919 0
6081 6081 0
5059 5059 0
5059 16865 1
9158 16865 1
9158 2722 0
9158 3236 0
9158 5029 0
9158 1022 0
2722 6739 0
2722 2722 0
2722 5029 0
2722 4081 0
6096 6096 0
3539 3539 0
3236 6739 0
3236 3236 0
3236 3919 0
3236 11236 0
3919 3919 0
5029 16865 1
5029 6739 0
5029 11236 0
5029 1022 0
16865 6739 1
16865 4081 1
16865 5109 1
5090 5090 0
11236 11236 0
11236 1022 0
5543 5543 0
4081 4081 0
4081 6739 0
6739 6739 0
6739 1022 0
6739 4095 0
5109 5109 0
1022 1022 0
4095 4095 0
