4694 2581 0
4694 4694 0
4694 13099 1
4694 18227 0
4694 3382 0
4694 10661 1
4694 444 0
4425 10661 1
4425 13099 1
4425 18227 0
4425 7379 0
4425 17896 0
18788 5893 1
18788 15261 2
18788 5679 1
18788 15920 1
18788 10418 2
18788 3382 1
18788 17343 2
18788 11348 1
18788 11233 2
18788 3682 1
18788 8547 1
18788 8548 1
18788 8549 1
18788 760 1
4695 10661 1
4695 13099 1
4695 3382 0
4695 3008 0
4695 1901 0
6164 6164 0
6164 8484 0
6164 10745 0
6164 10898 1
6164 8945 0
6164 17343 1
6164 3153 0
6164 13398 0
6164 3382 0
6164 15807 0
6164 7746 0
6164 1653 0
6164 5857 0
6164 7928 0
6164 16271 1
2581 13099 1
2581 1281 0
2581 1944 0
2581 10661 1
2581 18227 0
2581 3382 0
21528 10661 1
21528 13099 1
21528 18227 0
21528 1653 0
21528 3382 0
8219 7810 0
8219 16271 1
8219 10898 1
8219 21165 0
8219 4143 0
8219 14654 0
8219 15807 0
8219 7746 0
8219 15950 0
8219 19808 0
8219 6761 0
8219 7920 0
8219 8945 0
8219 10745 0
8219 10431 0
31 16271 1
31 1813 0
31 1572 0
31 15273 0
31 18227 0
31 1361 0
31 17017 1
12320 10661 1
12320 13099 1
12320 18227 0
12320 1653 0
12320 3382 0
8737 7746 0
8737 16271 1
8737 13431 0
8737 21165 0
8737 4143 0
8737 15950 0
8737 3153 0
8737 10745 0
8737 19808 0
8737 8945 0
8737 17017 1
8737 1653 0
8737 6761 0
8227 8227 0
8227 10661 1
8227 13099 1
8227 18227 0
8227 3382 0
1572 16271 1
1572 15261 1
1572 14654 0
1572 17343 1
1572 7746 0
1572 10745 0
1572 10898 1
1572 7920 0
1572 13431 0
5669 10661 1
5669 13099 1
5669 17836 1
5669 18227 0
5669 3382 0
5669 1653 0
5669 8189 0
15912 10661 1
15912 13099 1
15912 3382 0
15912 18227 0
19207 7810 0
19207 17343 1
19207 16271 1
19207 10898 1
19207 8988 0
19207 15261 1
19207 15772 0
19207 21165 0
19207 4143 0
19207 14654 0
19207 10431 0
19207 7746 0
19207 15171 0
19207 13431 0
19207 3153 0
19207 20180 0
19207 10745 0
19207 19808 0
19207 6761 0
19207 7920 0
19207 8945 0
19207 17017 1
19207 7928 0
19207 15807 0
16941 13099 1
16941 5013 0
16941 10661 1
16941 17836 1
16941 18227 0
16941 3382 0
16941 9027 0
5679 13332 0
5679 15920 0
5679 18009 0
5679 1653 0
5679 6091 0
5679 18332 0
5679 8547 0
5679 13046 0
5679 760 0
5679 5893 0
5679 8548 0
5679 8549 0
5679 9027 0
5679 5013 0
5679 15261 1
15920 18009 0
15920 8547 0
15920 18332 0
15920 8549 0
15920 760 0
15920 5893 0
15920 8548 0
15920 15261 1
4147 16271 1
4147 10898 1
4147 4143 0
4147 19808 0
4147 15807 0
4147 15963 0
4147 6761 0
4147 8945 0
17463 10745 0
17463 17463 0
17463 4143 0
17463 7746 0
17463 16271 1
17463 11233 1
17463 17017 1
10300 16271 1
10300 11233 1
5183 16271 1
5183 1427 0
5183 18332 0
5183 17836 1
5183 10745 0
19808 4143 0
19808 10349 0
19808 6326 0
19808 10647 1
19808 10745 0
19808 6761 0
19808 10889 0
19808 10898 1
19808 21165 0
19808 8945 0
19808 8988 0
19808 15171 0
19808 13300 0
19808 3153 0
19808 13431 0
19808 1361 0
19808 15772 0
19808 15807 0
19808 7746 0
19808 15963 0
19808 1653 0
19808 1667 0
19808 7817 0
19808 16074 0
19808 5857 0
19808 7920 0
19808 7926 0
19808 7928 0
19808 7990 0
19808 5961 0
19808 14654 0
7746 4143 0
7746 15431 0
7746 15963 0
7746 6761 0
7746 10349 0
7746 13431 0
7746 13332 0
7746 7817 0
7746 10898 1
7746 5787 0
7746 21165 0
7746 6326 0
7746 185 0
7746 10431 0
7746 16074 0
7746 20180 0
7746 5857 0
7746 7920 0
7746 7926 0
7746 7928 0
7746 8988 0
7746 7716 0
7746 7990 0
7746 15171 0
7746 5961 0
7746 14051 0
7746 15205 0
7746 10889 0
7746 14654 0
7746 10647 1
7746 15772 0
7746 21184 0
7746 15273 0
7746 15807 0
7746 18424 0
7746 13300 0
7746 13816 0
7746 10745 0
6326 7810 0
6326 16271 1
6326 10898 1
6326 7920 0
6326 4143 0
6326 694 0
6326 14654 0
6326 15807 0
6326 15950 0
6326 3153 0
6326 6761 0
6326 8945 0
6326 13431 0
6326 7928 0
6326 10745 0
20631 10661 1
20631 13099 1
20631 1653 0
20631 3382 0
20631 18227 0
20631 20631 0
15431 13332 0
15431 4143 0
15431 15950 0
15431 3153 0
15431 6761 0
15431 13431 0
15431 17343 1
15431 10898 1
15431 17017 1
15431 8945 0
15431 7810 0
15431 8988 0
15431 16271 1
15431 15807 0
15431 10745 0
1099 1099 0
1099 3712 0
1099 5254 0
1099 14999 0
1099 5324 0
1099 13099 1
1099 18332 0
1099 15261 1
15950 13332 0
15950 4143 0
15950 15963 0
15950 6761 0
15950 7817 0
15950 21165 0
15950 185 0
15950 10431 0
15950 16074 0
15950 20180 0
15950 5857 0
15950 14051 0
15950 7920 0
15950 7926 0
15950 7928 0
15950 8988 0
15950 7990 0
15950 5961 0
15950 9054 0
15950 10889 0
15950 16271 1
15950 10647 1
15950 15772 0
15950 21184 0
15950 15171 0
15950 15807 0
15950 13300 0
15950 10745 0
3153 15963 0
3153 7716 0
3153 4143 0
3153 6761 0
3153 10349 0
3153 13431 0
3153 13332 0
3153 10889 0
3153 7920 0
3153 7928 0
3153 7990 0
3153 8505 0
3153 8506 0
3153 15171 0
3153 5961 0
3153 16271 1
3153 1901 0
3153 10647 1
3153 15772 0
3153 15807 0
3153 13300 0
11348 5893 0
11348 5254 0
11348 15261 1
11348 8547 0
11348 8548 0
11348 1653 0
11348 760 0
15807 4143 0
15807 15963 0
15807 15205 0
15807 6761 0
15807 10349 0
15807 13431 0
15807 13332 0
15807 15996 0
15807 7810 0
15807 7817 0
15807 10898 1
15807 10431 0
15807 20180 0
15807 16091 0
15807 5857 0
15807 14051 0
15807 7920 0
15807 8945 0
15807 7928 0
15807 7990 0
15807 10889 0
15807 8506 0
15807 14654 0
15807 5961 0
15807 16271 1
15807 15171 0
15807 10647 1
15807 15772 0
15807 13300 0
15807 10745 0
13398 13099 1
13398 10418 1
13398 3382 0
185 694 0
185 13099 1
185 18227 0
185 3382 0
185 10661 1
18009 760 0
18009 5893 0
18009 4143 0
18009 8988 0
18009 8547 0
18009 8549 0
18009 16271 1
18009 11233 1
18009 10745 0
15963 4143 0
15963 13431 0
15963 17017 1
15963 17343 1
15963 7810 0
15963 10898 1
15963 21165 0
15963 7920 0
15963 8945 0
15963 7928 0
15963 8988 0
15963 13192 0
15963 14654 0
15963 16271 1
15963 6761 0
15963 10745 0
20573 10661 1
20573 13099 1
20573 7379 0
20573 3382 0
20573 18227 0
7775 8336 0
7775 8866 0
7775 7379 0
7775 19234 0
7775 13099 1
7775 18227 0
7775 3382 0
7775 15677 0
7775 15755 0
7775 4475 0
7775 16823 0
7775 18332 0
7775 10661 1
7775 17836 1
3682 11233 1
3682 1653 0
15461 13099 1
15461 10661 1
8294 10661 1
8294 13099 1
8294 5555 0
8294 3382 0
8294 18227 0
8294 7653 0
5555 1667 0
5555 17896 0
5555 10661 1
5555 8619 0
5555 3382 0
5555 13099 1
5555 7378 0
5555 7653 0
6761 13332 0
6761 4143 0
6761 15772 0
6761 10349 0
6761 10898 1
6761 6761 0
6761 17017 1
6761 7810 0
6761 10889 0
6761 4763 0
6761 17343 1
6761 21165 0
6761 21184 0
6761 16074 0
6761 20180 0
6761 14051 0
6761 7920 0
6761 8945 0
6761 9086 0
6761 7926 0
6761 7928 0
6761 5857 0
6761 8988 0
6761 16091 0
6761 14654 0
6761 5961 0
6761 9054 0
6761 1901 0
6761 4475 0
6761 16271 1
6761 15171 0
6761 10647 1
6761 13431 0
6761 13300 0
6761 10745 0
10349 7810 0
10349 16271 1
10349 10898 1
10349 15772 0
10349 4143 0
10349 14654 0
10349 15171 0
10349 13431 0
10349 7920 0
10349 8945 0
10349 7928 0
10349 10745 0
10349 15996 0
4719 4719 0
4719 16647 0
4719 10661 1
4719 17836 1
5744 18227 0
5744 5744 0
5744 6380 0
5744 13099 1
5744 3382 0
5744 16271 1
5744 18332 0
5744 8189 0
13427 17896 0
13427 13099 1
13427 3382 0
13427 18227 0
13427 10661 1
1653 16620 0
1653 8527 0
1653 16744 0
1653 8866 0
1653 694 0
1653 9027 0
1653 17896 0
1653 1653 0
1653 18206 0
1653 18210 0
1653 1944 0
1653 10661 1
1653 10889 0
1653 19234 0
1653 3008 0
1653 11284 0
1653 11616 0
1653 11693 0
1653 3712 0
1653 4019 0
1653 21165 0
1653 13046 0
1653 13099 1
1653 5013 0
1653 13276 0
1653 13431 0
1653 13816 0
1653 5787 0
1653 6380 0
1653 6520 0
1653 14999 0
1653 15171 0
1653 15259 0
1653 15273 0
1653 7110 0
1653 7653 0
1653 7817 0
1653 16150 0
13431 13332 0
13431 4143 0
13431 13431 0
13431 17343 1
13431 15996 0
13431 3712 0
13431 7810 0
13431 10889 0
13431 10898 1
13431 21165 0
13431 21184 0
13431 16074 0
13431 20180 0
13431 5857 0
13431 14051 0
13431 7920 0
13431 8945 0
13431 7926 0
13431 8988 0
13431 8505 0
13431 8506 0
13431 5961 0
13431 9054 0
13431 8547 0
13431 15205 0
13431 14654 0
13431 16271 1
13431 10647 1
13431 13300 0
13431 15171 0
13431 10745 0
13431 18424 0
17017 3712 1
17017 10889 1
17017 15171 1
17017 13332 1
17017 10647 2
17017 5536 1
17017 16091 1
17017 4143 1
17017 7990 1
17017 8505 1
17017 8506 1
17017 21184 1
17017 16074 1
17017 5324 1
17017 4951 1
17017 5857 1
17017 14051 1
17017 21379 1
7359 13099 1
7359 18227 0
7359 10661 1
7359 3382 0
7359 8866 0
15996 14654 0
15996 21165 0
15996 15171 0
15996 11233 1
15996 13332 0
15996 15996 0
15996 5857 0
15996 16271 1
3712 3712 0
3712 21165 0
3712 14654 0
3712 16271 1
3712 7920 0
3712 10745 0
7810 7817 0
7810 10898 1
7810 15171 0
7810 13332 0
7810 10647 1
7810 5787 0
7810 15772 0
7810 7990 0
7810 4143 0
7810 5961 0
7810 16074 0
7810 14548 0
7810 5857 0
7810 14051 0
7810 15205 0
7810 13300 0
7810 7926 0
7810 7928 0
7810 20180 0
7810 10431 0
1667 18227 0
1667 1667 0
1667 5324 0
1667 7378 0
1667 13099 1
1667 3382 0
1667 8505 0
1667 18332 0
1667 10661 1
5254 2709 0
5254 15261 1
5254 5254 0
5254 7817 0
5254 16271 1
10889 10745 0
10889 16271 1
10889 4143 0
10889 7928 0
1901 10898 1
1901 4951 0
1901 1901 0
1901 21379 0
1901 15261 1
8336 13099 1
8336 15755 0
8336 19234 0
8336 10661 1
8336 3382 0
8336 16823 0
8336 18227 0
8336 4475 0
10898 4143 1
10898 18210 1
10898 13332 1
10898 7817 1
10898 4763 1
10898 21165 1
10898 10431 1
10898 20180 1
10898 7920 1
10898 13046 1
10898 7928 1
10898 8988 1
10898 7990 1
10898 15171 1
10898 15205 1
10898 6520 1
10898 1427 1
10898 10647 2
10898 15772 1
10898 5961 1
10898 7926 1
10898 8165 1
10898 13300 1
10898 18424 1
10898 10745 1
2709 6380 0
2709 20860 0
2709 10661 1
2709 2709 0
2709 5013 0
2709 17836 1
2709 9027 0
2709 18227 0
2709 18332 0
3223 13099 1
3223 3223 0
3223 10661 1
3223 18227 0
3223 3382 0
4763 10431 0
4763 6380 0
4763 8988 0
4763 5411 0
4763 3382 0
4763 14654 0
4763 9027 0
4763 5013 0
4763 10144 0
4763 8945 0
4763 17836 1
4763 8165 0
8866 13099 1
8866 15772 0
8866 8866 0
8866 10661 1
8866 17836 1
8866 18227 0
8866 3382 0
8866 19234 0
8866 6380 0
8866 7379 0
8866 8189 0
1699 1699 0
1699 10418 1
1699 13099 1
8358 13099 1
8358 10661 1
8358 3382 0
8358 18227 0
683 17836 1
683 5013 0
683 10661 1
683 13099 1
683 18227 0
683 3382 0
21165 7817 0
21165 10647 1
21165 4143 0
21165 8988 0
21165 7990 0
21165 21184 0
21165 5961 0
21165 7920 0
21165 8945 0
21165 10745 0
7439 10661 1
7439 13099 1
7439 3382 0
7439 18227 0
7439 8189 0
10418 15261 2
10418 10661 2
10418 18332 1
10418 10697 1
10418 11233 2
16564 13099 1
16564 10661 1
16564 18332 0
16564 3382 0
694 16271 1
694 14051 0
694 16091 0
694 8506 0
694 10647 1
5816 18227 0
5816 13099 1
5816 18332 0
5816 10661 1
7865 13099 1
7865 17836 1
7865 18227 0
7865 10661 1
18424 15261 1
18424 4143 0
18424 7920 0
18424 10745 0
18424 14654 0
5310 13099 1
5310 17836 1
5310 18227 0
5310 3382 0
10431 16271 1
10431 13332 0
10431 15273 0
10431 4143 0
10431 7817 0
10431 16074 0
10431 5857 0
10431 10745 0
21184 16271 1
21184 4143 0
21184 14654 0
21184 10745 0
16074 7716 0
16074 15261 1
16074 16271 1
16074 11233 1
16074 8945 0
16074 10745 0
5324 8505 0
5324 8506 0
5324 5013 0
5324 16271 1
18210 16271 1
7378 5787 0
7378 7378 0
7378 7379 0
7378 13099 1
7378 7653 0
7378 10661 1
7378 5582 0
13523 10661 1
13523 13099 1
13523 18227 0
14548 10745 0
14548 13099 1
14548 3382 0
14548 7928 0
14548 15261 1
14548 17343 1
20181 13099 1
20181 5013 0
20181 18332 0
20181 10661 1
20181 17836 1
20181 13128 0
20181 458 0
20181 7379 0
20181 18227 0
20181 6380 0
7716 18332 0
7716 16271 1
7716 13099 1
7716 3382 0
16091 7817 0
16091 8988 0
16091 15261 1
16091 17343 1
16091 4951 0
16091 7920 0
16091 7928 0
16091 10745 0
15580 10661 1
15580 13099 1
15580 3382 0
8414 13099 1
8414 17836 1
8414 3382 0
8414 18227 0
8414 10661 1
5857 4143 0
5857 16271 1
5857 8945 0
5857 10745 0
14051 16271 1
14051 13332 0
14051 8945 0
14051 10745 0
16620 10661 1
16620 13099 1
16620 3382 0
16620 18227 0
7920 13332 0
7920 4143 0
7920 7817 0
7920 20180 0
7920 8945 0
7920 7926 0
7920 7928 0
7920 8988 0
7920 14654 0
7920 5961 0
7920 15205 0
7920 16271 1
7920 15171 0
7920 10647 1
7920 13300 0
7920 10745 0
8945 4143 0
8945 13332 0
8945 20180 0
8945 6380 0
8945 7926 0
8945 7928 0
8945 9027 0
8945 6405 0
8945 5411 0
8945 7990 0
8945 5961 0
8945 16271 1
8945 1427 0
8945 10647 1
8945 15772 0
8945 5787 0
8945 15171 0
8945 7110 0
8945 1361 0
8945 13300 0
8945 10745 0
7379 16647 0
7379 5787 0
7379 18332 0
7379 7379 0
7379 19234 0
7379 5411 0
7379 13099 1
7379 9027 0
7379 10661 1
7379 5582 0
16116 13099 1
16116 3382 0
16116 18227 0
16116 10661 1
13046 10661 1
13046 18227 0
13046 16271 1
13046 5013 0
13046 10745 0
7928 4143 0
7928 13300 0
7928 20180 0
7928 8988 0
7928 5961 0
7928 16271 1
7928 15171 0
7928 10745 0
20180 4143 0
20180 16271 1
20180 10647 1
20180 13300 0
20180 10745 0
8960 10661 1
8960 13099 1
8960 18227 0
8960 3382 0
8960 8165 0
1281 18332 0
1281 10661 1
1281 13099 1
1281 18227 0
6405 13099 1
6405 18227 0
6405 10661 1
16647 18227 0
16647 16647 0
16647 13099 1
16647 10661 1
16647 8189 0
19210 10661 1
19210 13099 1
19210 17836 1
19210 18227 0
19210 3382 0
19210 18332 0
13357 13099 1
13357 10661 1
13357 6380 0
13357 8189 0
13357 3382 0
13357 18227 0
8466 10661 1
8466 13099 1
8466 18227 0
8466 3382 0
8466 11233 1
8466 17896 0
1813 10661 1
1813 13099 1
1813 18227 0
1813 3382 0
16150 10661 1
16150 13099 1
16150 17836 1
16150 18227 0
16150 3382 0
4143 13332 0
4143 13300 0
4143 17343 1
4143 7926 0
4143 8988 0
4143 7990 0
4143 7817 0
4143 5961 0
4143 15205 0
4143 14654 0
4143 16271 1
4143 15171 0
4143 10647 1
4143 15772 0
4143 10745 0
8988 13332 0
8988 7926 0
8988 8988 0
8988 14654 0
8988 11079 0
8988 5961 0
8988 10647 1
8988 10745 0
18206 10661 1
18206 13099 1
18206 17836 1
18206 3382 0
18206 18227 0
19234 16823 0
19234 4475 0
19234 13099 1
19234 18227 0
19234 3382 0
19234 15755 0
19234 10144 0
19234 10661 1
5411 10661 1
5411 13099 1
5411 3382 0
5411 18227 0
5411 6380 0
8484 13099 1
8484 8484 0
8484 10661 1
13099 11284 1
13099 8527 1
13099 16744 1
13099 11079 1
13099 8165 1
13099 11583 1
13099 6380 1
13099 7473 1
13099 11066 1
13099 321 1
13099 15755 1
13099 8523 1
13099 17237 1
13099 15677 1
13099 7653 1
13099 11616 1
13099 10602 1
13099 12141 1
13099 5488 1
13099 374 1
13099 4475 1
13099 20860 1
13099 9086 1
13099 16823 1
13099 13192 1
13099 14999 1
13099 1944 1
13099 15259 1
13099 5535 1
13099 10144 1
13099 16291 1
13099 8619 1
13099 11693 1
13099 20212 1
13099 444 1
13099 446 1
13099 3008 1
13099 7110 1
13099 458 1
13099 6091 1
13099 5582 1
13099 8146 1
13099 987 1
13099 13276 1
13099 17896 1
13099 13816 1
13099 5626 1
13099 8189 1
7473 3382 0
7473 5582 0
7473 10661 1
7473 8165 0
18227 11284 0
18227 17896 0
18227 16823 0
18227 17343 1
18227 6091 0
18227 18332 0
18227 13816 0
18227 14999 0
18227 4475 0
18227 6380 0
18227 9086 0
18227 8619 0
18227 11583 0
18227 15755 0
18227 8523 0
18227 11598 0
18227 17237 0
18227 8165 0
18227 11616 0
18227 16744 0
18227 10602 0
18227 12141 0
18227 15677 0
18227 5488 0
18227 20212 0
18227 1427 0
18227 20860 0
18227 10119 0
18227 5013 0
18227 1944 0
18227 15259 0
18227 5535 0
18227 10144 0
18227 16291 0
18227 11693 0
18227 13128 0
18227 11079 0
18227 4019 0
18227 444 0
18227 446 0
18227 3008 0
18227 7110 0
18227 458 0
18227 8146 0
18227 987 0
18227 13276 0
18227 11233 1
18227 7653 0
18227 5626 0
18227 8189 0
3382 6380 0
3382 321 0
3382 16744 0
3382 10602 0
3382 1427 0
3382 374 0
3382 4475 0
3382 16823 0
3382 5535 0
3382 446 0
3382 458 0
3382 14999 0
3382 8619 0
3382 11066 0
3382 11079 0
3382 9086 0
3382 15259 0
3382 15261 1
3382 3008 0
3382 987 0
3382 13276 0
3382 17237 0
3382 11284 0
3382 11583 0
3382 11598 0
3382 11616 0
3382 5488 0
3382 15755 0
3382 5582 0
3382 7653 0
3382 13816 0
3382 5626 0
3382 12141 0
3382 10119 0
3382 16291 0
3382 6091 0
3382 8146 0
3382 8165 0
3382 8189 0
7817 15171 0
7817 16271 1
7817 10745 0
8505 14654 0
8505 16271 1
8505 10745 0
11066 15261 1
11066 10745 0
15677 10661 1
14654 7926 0
14654 7990 0
14654 8506 0
14654 3901 0
14654 5961 0
14654 15205 0
14654 5488 0
14654 10119 0
14654 16271 1
14654 15171 0
14654 10647 1
14654 15772 0
14654 13300 0
14654 10745 0
11583 10661 1
11583 17836 1
11583 8189 0
321 10661 1
321 321 0
9027 6380 0
9027 8549 0
9027 16271 1
9027 18332 0
9027 17836 1
9027 17896 0
9027 10745 0
7990 16271 1
7990 10745 0
11079 10661 1
11079 8189 0
13128 5013 0
13128 18332 0
13128 10661 1
13128 17836 1
5961 16271 1
5961 10745 0
5961 17343 1
8523 16291 0
8523 10661 1
11598 10661 1
11598 17836 1
8527 10661 1
1361 16271 1
1361 15261 1
1361 10745 0
5893 13332 0
5893 8549 0
5893 760 0
5893 8547 0
5893 8548 0
5893 5013 0
5893 15261 1
5893 18332 0
17237 10661 1
4951 21379 0
4951 16271 1
8506 16271 1
8506 18332 0
9054 16271 1
9054 11233 1
9054 13300 0
9054 10745 0
7653 5535 0
7653 10661 1
7653 5582 0
7653 8189 0
11616 14999 0
11616 10661 1
8547 13332 0
8547 760 0
8547 8548 0
8547 8549 0
8547 5013 0
8547 18332 0
8547 15261 1
8548 13332 0
8548 8549 0
8548 760 0
8548 15261 1
8548 18332 0
8548 6091 0
8549 13332 0
8549 6091 0
8549 760 0
8549 15261 1
8549 18332 0
16744 13192 0
16744 10661 1
16744 8189 0
10602 10661 1
12141 10661 1
12141 17836 1
12141 18332 0
3901 17343 1
3901 3901 0
3901 16271 1
5488 10661 1
5488 17836 1
5488 17896 0
5488 374 0
374 10661 1
374 17896 0
6520 11233 1
4475 15755 0
4475 16271 1
4475 18332 0
4475 10661 1
4475 17836 1
4475 16823 0
20860 10661 1
9086 16271 1
9086 10661 1
21379 21379 0
21379 16271 1
21379 10745 0
16823 15755 0
16823 18332 0
16823 10661 1
10119 17836 1
10119 16271 1
13192 10661 1
13192 987 0
6380 446 0
6380 10661 1
6380 444 0
6380 8189 0
15755 18332 0
15755 10661 1
15755 17836 1
14999 10661 1
14999 8165 0
16271 13332 1
16271 5787 1
16271 7926 1
16271 10647 2
16271 5536 1
16271 4019 1
16271 15171 1
16271 5572 1
16271 13300 1
16271 10745 1
1427 1427 0
1427 10661 1
5013 17836 1
5013 18332 0
5013 10661 1
5013 760 0
10647 10745 1
1944 10661 1
15259 10661 1
15772 15261 1
15772 15171 0
15772 10745 0
15261 15205 1
15261 15273 1
15261 17343 2
15261 17836 2
15261 11233 2
15261 10661 2
15261 760 1
5535 5535 0
5535 10661 1
10144 10661 1
5787 5787 0
5787 11693 0
5787 10745 0
5787 11233 1
10661 11284 1
10661 458 1
10661 17896 1
10661 18332 1
10661 16291 1
10661 8619 1
10661 11693 1
10661 4019 1
10661 20212 1
10661 446 1
10661 3008 1
10661 7110 1
10661 10697 1
10661 6091 1
10661 5582 1
10661 13816 1
10661 8146 1
10661 987 1
10661 13276 1
10661 11233 2
10661 8165 1
10661 5626 1
10661 8189 1
18332 446 0
18332 458 0
18332 760 0
18332 3008 0
18332 17896 0
17836 11284 1
17836 444 1
17836 5572 1
17836 6091 1
17836 8146 1
17836 8165 1
17836 446 1
17836 8189 1
4019 8165 0
446 8189 0
15205 10745 0
20212 8189 0
15171 10745 0
444 5582 0
444 8189 0
17343 11233 2
17343 13332 1
3008 3008 0
7926 10745 0
458 13276 0
6091 17896 0
5582 8165 0
760 13332 0
11233 15273 1
8165 8165 0
17896 17896 0
13300 10745 0
15273 10745 0
10745 13332 0
8189 8189 0
