155 17006 1
155 5405 1
174 5727 0
174 174 0
174 274 1
174 287 0
174 2480 0
174 5077 1
236 5274 1
236 3886 1
236 8881 1
236 1591 1
236 5836 1
236 1012 1
236 1013 1
274 5727 1
274 17006 1
274 274 2
274 287 1
274 5452 2
274 9117 1
274 2480 1
274 6068 1
274 4553 1
274 1004 1
287 287 0
287 8881 0
287 705 0
287 1004 0
287 1159 0
287 1221 0
287 1267 0
287 2782 0
287 2831 0
287 2956 1
287 3446 0
287 4553 0
287 9117 0
287 16330 0
403 1159 1
403 403 2
403 5274 1
403 679 1
403 681 1
403 6968 1
403 1653 1
403 5828 2
403 5836 1
403 16330 1
403 5835 1
403 5452 2
403 1013 1
403 915 1
403 1012 1
403 3446 1
669 669 0
669 679 0
669 6968 0
669 5077 1
669 1221 0
669 1223 0
669 5405 0
669 5452 1
669 1653 0
669 5835 0
669 5836 0
669 3886 0
679 679 0
679 681 0
679 5077 1
681 681 0
681 5077 1
705 705 0
705 5828 1
705 5835 0
705 5452 1
705 6968 0
915 6068 0
915 2714 0
915 2715 0
915 1221 0
915 915 0
915 4525 0
915 5077 1
1004 5828 1
1004 3886 0
1004 3446 0
1004 1004 0
1012 1653 0
1159 1159 0
1159 2714 0
1159 8881 0
1159 5828 1
1159 1221 0
1159 1223 0
1159 2956 1
1159 4525 0
1221 8881 0
1221 3446 0
1221 4525 0
1221 1221 0
1221 1223 0
1221 5452 1
1221 1653 0
1221 5828 1
1221 3886 0
1223 5828 1
1223 3886 0
1223 5452 1
1267 2956 1
1267 2830 1
1267 2715 0
1267 1267 0
1591 3446 0
1591 2714 0
1591 2715 0
1591 8881 0
1591 5452 1
1591 9117 0
1591 1591 0
1591 1653 0
1653 8881 0
1653 1653 0
1653 4553 0
1653 5828 1
1653 5835 0
1653 6068 0
1653 16330 0
2480 2480 0
2480 5452 1
2714 2714 0
2714 4525 0
2714 8881 0
2714 2956 1
2714 5828 1
2714 3886 0
2714 6068 0
2715 2715 0
2715 5828 1
2715 5077 1
2782 2956 1
2782 2830 1
2782 2782 0
2830 3939 1
2830 2831 1
2830 2839 1
2830 2841 1
2830 5727 1
2831 2831 0
2831 3446 0
2831 2956 1
2839 5452 1
2839 5727 0
2841 2956 1
2956 2956 2
2956 4553 1
2956 3939 1
3446 8881 0
3446 5077 1
3446 3446 0
3446 6068 0
3886 5828 1
3886 3886 0
3886 6068 0
4525 5452 1
4525 5077 1
4553 5405 0
4553 8881 0
4553 4553 0
5077 5405 1
5077 6068 1
5077 5077 2
5274 5274 0
5452 8881 1
5452 16330 1
5727 9117 0
5727 5727 0
5828 5828 2
5828 5835 1
5828 5836 1
5828 6968 1
5828 9117 1
5835 17006 0
5835 5836 0
5835 5835 0
5835 6968 0
5836 5836 0
5836 6968 0
6068 8881 0
6068 6068 0
6968 6968 0
8881 8881 0
8881 9117 0
17006 17006 0
