2048 2048 0
2048 20 0
2048 6165 0
2048 4110 0
2048 6359 0
2048 6401 0
2048 2382 1
2048 389 1
2048 4535 0
2048 4547 0
2048 2594 0
2048 2599 0
2048 6739 0
2048 6741 0
2048 2712 0
2048 8867 0
2048 8881 0
2048 4859 0
2048 861 0
2048 5072 0
2048 13355 0
2048 1259 1
2048 3426 0
2048 1382 0
2048 1384 0
2048 5539 0
2048 1687 0
2048 1741 0
2048 1765 0
2048 16241 0
2048 3986 0
2048 6067 0
2048 6068 0
2048 2722 0
4609 4609 0
4609 568 0
4609 864 0
4609 865 0
4609 1158 0
4609 5657 0
4609 4300 0
4609 1259 1
4609 1260 0
4609 15612 0
4609 5885 0
4609 4894 0
4609 287 0
4609 5432 0
4609 827 0
4609 843 0
4609 2382 1
4609 861 0
4609 3934 0
4609 4524 0
4609 4525 0
4609 4526 0
4609 4534 0
6147 6147 0
6147 20 0
6147 6165 0
6147 19381 0
6147 7533 1
6147 2254 0
6147 263 0
6147 8467 0
6147 4463 0
6147 4481 0
6147 6560 0
6147 4524 0
6147 4525 0
6147 4530 0
6147 6583 0
6147 6630 0
6147 15197 0
6147 495 1
6147 2582 0
6147 2594 0
6147 574 0
6147 8768 0
6147 2722 0
6147 6867 0
6147 4859 0
6147 840 0
6147 2938 0
6147 13190 0
6147 5021 0
6147 5025 0
6147 17324 0
6147 972 0
6147 9051 0
6147 13355 0
6147 1217 0
6147 1221 0
6147 1223 0
6147 1224 0
6147 6792 0
6147 1259 1
6147 1260 0
6147 8064 0
6147 1350 0
6147 9545 0
6147 3426 0
6147 1382 0
6147 1384 0
6147 3446 0
6147 5539 0
6147 5725 0
6147 1620 0
6147 5723 0
6147 1653 0
6147 3729 0
6147 1741 0
6147 5852 0
6147 5855 0
6147 7958 0
6147 3884 0
6147 1919 0
6147 1920 0
6147 3986 0
6147 8112 0
6147 6067 0
6147 2382 1
6147 2019 1
6147 20867 0
17324 4110 0
17324 7758 0
17324 1639 1
17324 1640 1
17324 1641 0
17324 5230 0
17324 17686 0
17324 6792 0
17324 2708 0
17324 8867 0
17324 168 0
17324 2748 0
17324 5885 0
17324 6917 0
17324 8467 0
17324 7958 0
17324 4894 0
17324 827 0
17324 2881 0
17324 9545 0
17324 1371 0
17324 20867 0
17324 3981 0
17324 3986 0
17324 5021 0
17324 5025 0
17324 17324 0
17324 6583 0
17324 4550 0
17324 4551 0
17324 4555 0
17324 972 0
17324 2524 0
17324 16354 0
17324 2019 1
17324 3561 0
5130 7758 0
5130 389 1
5130 453 0
5130 2019 1
10253 1259 1
10253 2382 1
10253 263 0
4110 4110 0
4110 20 0
4110 6359 0
4110 287 0
4110 4550 0
4110 2594 0
4110 2599 0
4110 8768 0
4110 6741 0
4110 2708 0
4110 2712 0
4110 6867 0
4110 752 0
4110 864 0
4110 5021 0
4110 1259 1
4110 15612 0
4110 1384 0
4110 5539 0
4110 5657 0
4110 1620 0
4110 1653 0
4110 1687 0
4110 7836 0
4110 5882 0
4110 6792 0
4110 6005 0
4110 6067 0
4110 6068 0
4110 2722 0
4110 2019 1
1552 1552 0
1552 2582 0
1552 861 0
1552 561 0
1552 870 0
1552 1687 0
1552 8867 0
1552 117 0
1552 1741 0
1552 5855 0
1552 752 0
1552 8467 0
1552 3884 0
1552 301 0
1552 5432 0
1552 827 0
1552 840 0
1552 843 0
1552 2382 1
1552 1371 0
1552 1894 0
1552 3446 0
1552 389 1
1552 6560 0
1552 7084 0
1552 6078 0
1552 2500 0
1552 453 0
1552 12234 0
1552 16354 0
1552 3561 0
1552 7165 0
1552 6741 0
20 20 0
20 117 0
20 6165 0
20 4300 0
20 287 0
20 389 1
20 6560 0
20 4547 0
20 453 0
20 561 0
20 4694 0
20 2708 0
20 2712 0
20 8867 0
20 827 0
20 840 0
20 861 0
20 864 0
20 865 0
20 1158 0
20 1259 1
20 5432 0
20 1371 0
20 5469 0
20 1384 0
20 3446 0
20 1620 0
20 5723 0
20 5725 0
20 3704 0
20 1687 0
20 1741 0
20 5855 0
20 1765 0
20 5885 0
20 3986 0
20 8112 0
20 2019 1
6165 8881 0
6165 168 0
6165 169 0
6165 4298 1
6165 6359 0
6165 6165 0
6165 263 0
6165 8467 0
6165 287 0
6165 4465 0
6165 4524 0
6165 4525 0
6165 4526 0
6165 4534 0
6165 6583 0
6165 4547 0
6165 4555 0
6165 4563 0
6165 2582 0
6165 2594 0
6165 2599 0
6165 561 0
6165 6739 0
6165 6741 0
6165 6792 0
6165 2708 0
6165 2712 0
6165 2722 0
6165 6867 0
6165 861 0
6165 6920 0
6165 5230 0
6165 5254 0
6165 1217 0
6165 1259 1
6165 7406 0
6165 9545 0
6165 1371 0
6165 3426 0
6165 3427 0
6165 1382 0
6165 8768 0
6165 5543 0
6165 3561 0
6165 1600 0
6165 1620 0
6165 5725 0
6165 5855 0
6165 1765 0
6165 5924 0
6165 16241 0
6165 8053 0
6165 1919 0
6165 1920 0
6165 3986 0
6165 7836 0
6165 8112 0
6165 6067 0
6165 6068 0
6165 8867 0
6165 2019 1
6165 7165 0
2582 2582 0
2582 5657 0
2582 5723 0
2582 1687 0
2582 2722 0
2582 168 0
2582 169 0
2582 1197 0
2582 5852 0
2582 5855 0
2582 1259 1
2582 7406 0
2582 4859 0
2582 4371 0
2582 3354 0
2582 3358 0
2582 3884 0
2582 8053 0
2582 8064 0
2582 389 1
2582 5523 0
2582 6560 0
2582 7084 0
2582 6078 0
2582 4550 0
2582 4555 0
2582 5072 0
2582 2524 0
2582 6631 0
2582 5543 0
5657 5657 0
5657 6756 0
5657 1640 1
5657 1687 0
5657 2712 0
5657 1221 0
5657 1223 0
5657 1259 1
5657 4859 0
5657 5852 0
5657 301 0
5657 5855 0
5657 1350 0
5657 870 0
5657 4463 0
5657 3986 0
5657 5793 0
5657 4547 0
4869 13355 0
4869 861 0
4869 3934 0
4869 117 0
4869 8867 0
4869 1224 0
4869 3794 0
4869 5852 0
4869 5855 0
4869 4859 0
4869 4869 0
4869 561 0
4869 827 0
4869 1350 0
4869 891 0
4869 389 1
4869 3986 0
4869 2500 0
4869 495 1
4869 3574 0
2594 168 0
2594 6359 0
2594 263 0
2594 8467 0
2594 287 0
2594 4524 0
2594 4525 0
2594 4526 0
2594 4547 0
2594 2594 0
2594 2599 0
2594 561 0
2594 6739 0
2594 6741 0
2594 2722 0
2594 8867 0
2594 8881 0
2594 6917 0
2594 861 0
2594 5021 0
2594 972 0
2594 1221 0
2594 1223 0
2594 1259 1
2594 15616 0
2594 1371 0
2594 3426 0
2594 1382 0
2594 1384 0
2594 5539 0
2594 3561 0
2594 19381 0
2594 1640 1
2594 1653 0
2594 1741 0
2594 5855 0
2594 1765 0
2594 16241 0
2594 2712 0
2594 3986 0
2594 6068 0
2594 6078 0
9051 389 1
9051 9051 0
9051 7165 0
9051 4547 0
9051 5277 0
9051 5539 0
9051 8112 0
9051 453 0
9051 1350 0
9051 2382 1
9051 6741 0
9051 1371 0
9051 1765 0
9051 3311 0
9051 16241 0
9051 3446 0
6180 6180 0
6180 389 1
6180 1687 0
6180 8768 0
6180 4524 0
6180 301 0
6180 5432 0
6180 827 0
6180 574 0
6180 4550 0
6180 4551 0
6180 1741 0
6180 2382 1
6180 16354 0
6180 6005 0
6180 15612 0
1382 2599 0
1382 861 0
1382 6739 0
1382 6741 0
1382 1640 1
1382 5254 0
1382 3729 0
1382 18073 0
1382 8867 0
1382 8881 0
1382 1741 0
1382 3794 0
1382 1765 0
1382 1259 1
1382 4859 0
1382 287 0
1382 3426 0
1382 1384 0
1382 4463 0
1382 8064 0
1382 389 1
1382 3986 0
1382 8112 0
1382 6067 0
1382 3574 0
2599 7084 0
2599 2599 0
2599 2712 0
2599 561 0
2599 6739 0
2599 6741 0
2599 7165 0
2599 2708 0
2599 2722 0
2599 1741 0
2599 6359 0
2599 1765 0
2599 6401 0
2599 6917 0
2599 8467 0
2599 2382 1
2599 861 0
2599 3426 0
2599 1384 0
2599 16241 0
2599 3446 0
2599 3729 0
2599 3986 0
2599 4524 0
2599 4525 0
2599 4526 0
2599 6078 0
2599 2500 0
2599 5539 0
2599 8881 0
2599 2019 1
2599 3561 0
13355 1371 0
13355 8467 0
13355 287 0
13355 4463 0
13355 4465 0
13355 389 1
13355 6583 0
13355 2708 0
13355 13037 0
13355 13190 0
13355 5021 0
13355 19381 0
13355 1221 0
13355 1223 0
13355 15616 0
13355 4547 0
13355 5539 0
13355 3561 0
13355 3574 0
13355 1653 0
13355 18073 0
13355 5855 0
13355 1765 0
13355 8112 0
13355 6067 0
13355 6068 0
13355 2019 1
15197 389 1
15197 7084 0
15197 2500 0
15197 1741 0
15197 4694 0
15197 5543 0
15197 495 1
15197 10745 0
15197 15612 0
561 117 0
561 168 0
561 169 0
561 4300 0
561 301 0
561 4463 0
561 4465 0
561 389 1
561 6560 0
561 4547 0
561 2500 0
561 4550 0
561 4551 0
561 2524 0
561 495 1
561 6917 0
561 561 0
561 8768 0
561 2712 0
561 453 0
561 752 0
561 4859 0
561 827 0
561 864 0
561 861 0
561 865 0
561 1158 0
561 5277 0
561 8053 0
561 1217 0
561 1221 0
561 1224 0
561 1259 1
561 17686 0
561 3354 0
561 5432 0
561 9545 0
561 1371 0
561 5523 0
561 5539 0
561 3574 0
561 5723 0
561 3729 0
561 1687 0
561 1741 0
561 3794 0
561 5852 0
561 5855 0
561 3884 0
561 5986 0
561 1894 0
561 6005 0
561 1920 0
561 8112 0
561 6068 0
561 2019 1
568 6068 0
568 6739 0
568 1159 0
568 1765 0
568 7958 0
568 5432 0
568 568 0
568 389 1
568 3986 0
568 6078 0
568 453 0
568 2019 1
574 1259 1
574 1687 0
574 3354 0
574 3884 0
574 4534 0
574 4535 0
574 4538 0
574 117 0
574 2500 0
574 1741 0
574 5072 0
574 5432 0
574 2382 1
574 15612 0
574 5855 0
574 1653 0
574 6005 0
574 891 0
1600 263 0
1600 4524 0
1600 1259 1
1600 7533 1
1600 16241 0
4486 263 0
4486 3729 0
4486 2382 1
4486 6630 0
4486 6631 0
4486 1259 1
4481 6739 0
4481 1620 0
4481 1640 1
4481 1653 0
4481 5855 0
4481 3934 0
4481 3426 0
4481 3986 0
4481 5025 0
4481 453 0
4481 2019 1
4535 1620 0
4535 4694 0
4535 5723 0
4535 1639 1
4535 1159 0
4535 2708 0
4535 1687 0
4535 168 0
4535 8881 0
4535 5852 0
4535 1765 0
4535 301 0
4535 6792 0
4535 2881 0
4535 2381 0
4535 2382 1
4535 827 0
4535 1384 0
4535 4463 0
4535 4485 0
4535 4534 0
4535 4535 0
4535 972 0
4535 4704 0
4535 5607 0
6732 389 1
6732 13190 0
6732 2712 0
6732 287 0
6732 5725 0
6732 1371 0
6732 5855 0
6732 5986 0
6732 1640 1
6732 3446 0
5986 8112 0
5986 3426 0
5986 6739 0
5986 8034 0
5986 5258 0
5986 1687 0
5986 1180 0
5986 5277 0
5986 3794 0
5986 1259 1
5986 5882 0
5986 4859 0
5986 5885 0
5986 2382 1
5986 5986 0
5986 870 0
5986 3446 0
5986 8064 0
5986 13190 0
5986 13037 0
5986 7084 0
5986 6583 0
5986 6078 0
5986 12234 0
5986 2524 0
5986 15616 0
5986 7165 0
7758 8768 0
7758 389 1
7758 3986 0
7758 2708 0
7758 7958 0
7758 19850 0
7758 2748 0
7758 4547 0
7758 453 0
7758 9545 0
7758 6867 0
7758 1620 0
7758 6359 0
7758 2019 1
4691 4691 0
4691 1259 1
4691 6401 0
4691 6920 0
4691 2382 1
6739 4300 0
6739 6359 0
6739 8467 0
6739 4463 0
6739 6560 0
6739 4524 0
6739 4530 0
6739 6583 0
6739 4547 0
6739 495 1
6739 8768 0
6739 6739 0
6739 6741 0
6739 2708 0
6739 2712 0
6739 2722 0
6739 8867 0
6739 8881 0
6739 6867 0
6739 752 0
6739 2881 0
6739 2938 0
6739 5021 0
6739 8034 0
6739 5254 0
6739 1159 0
6739 5277 0
6739 1259 1
6739 1260 0
6739 15616 0
6739 13190 0
6739 1350 0
6739 1371 0
6739 3427 0
6739 1384 0
6739 3561 0
6739 19381 0
6739 1653 0
6739 18073 0
6739 287 0
6739 1741 0
6739 1765 0
6739 3884 0
6739 3986 0
6739 8112 0
6739 6068 0
1620 168 0
1620 169 0
1620 4300 0
1620 2254 0
1620 6359 0
1620 4371 0
1620 287 0
1620 5523 0
1620 4524 0
1620 4530 0
1620 4534 0
1620 4538 0
1620 453 0
1620 4550 0
1620 4555 0
1620 4694 0
1620 4704 0
1620 4547 0
1620 2708 0
1620 2712 0
1620 2722 0
1620 8867 0
1620 6920 0
1620 827 0
1620 843 0
1620 864 0
1620 1894 0
1620 1197 0
1620 1221 0
1620 1259 1
1620 1260 0
1620 5432 0
1620 5469 0
1620 6583 0
1620 4551 0
1620 1620 0
1620 3704 0
1620 1741 0
1620 5855 0
1620 5072 0
1620 1765 0
1620 5882 0
1620 301 0
1620 7958 0
1620 6792 0
1620 8064 0
1620 3986 0
1620 8112 0
1620 2019 1
6741 4371 0
6741 10598 0
6741 4463 0
6741 4465 0
6741 495 1
6741 8768 0
6741 6741 0
6741 6792 0
6741 2708 0
6741 2712 0
6741 2722 0
6741 8881 0
6741 6867 0
6741 752 0
6741 4859 0
6741 2881 0
6741 870 0
6741 5021 0
6741 972 0
6741 7165 0
6741 861 0
6741 5254 0
6741 5277 0
6741 2938 0
6741 1259 1
6741 15612 0
6741 15616 0
6741 3354 0
6741 9545 0
6741 1371 0
6741 1384 0
6741 3446 0
6741 19381 0
6741 8467 0
6741 1653 0
6741 3729 0
6741 1741 0
6741 1765 0
6741 5885 0
6741 3884 0
6741 8034 0
6741 16241 0
6741 3986 0
6741 18334 0
6741 6068 0
4694 5469 0
4694 4694 0
4694 1159 0
4694 168 0
4694 169 0
4694 8053 0
4694 1221 0
4694 1223 0
4694 1741 0
4694 1259 1
4694 827 0
4694 2382 1
4694 861 0
4694 864 0
4694 865 0
4694 6005 0
4694 3986 0
4694 4534 0
4694 4538 0
4694 4550 0
4694 5523 0
5723 5723 0
5723 5725 0
5723 4547 0
5723 2708 0
5723 1687 0
5723 5277 0
5723 2722 0
5723 165 1
5723 168 0
5723 1223 0
5723 1224 0
5723 3794 0
5723 827 0
5723 1371 0
5723 6583 0
5723 3426 0
5723 389 1
5723 18334 0
5723 2019 1
5723 7165 0
5725 8768 0
5725 5725 0
5725 3729 0
5725 2708 0
5725 8867 0
5725 168 0
5725 169 0
5725 1741 0
5725 6867 0
5725 1259 1
5725 4859 0
5725 4371 0
5725 5432 0
5725 2019 1
5725 1371 0
5725 5469 0
5725 8053 0
5725 3446 0
5725 13190 0
5725 4534 0
5725 5025 0
5725 2524 0
4704 1653 0
4704 1197 0
4704 4300 0
4704 1259 1
4704 2382 1
4704 5469 0
4704 19850 0
4704 3986 0
4704 4534 0
4704 4551 0
4704 972 0
4704 4704 0
4704 5523 0
6756 6756 0
6756 2708 0
6756 2712 0
6756 2722 0
6756 165 1
6756 1221 0
6756 1224 0
6756 4859 0
6756 263 0
6756 8467 0
6756 5432 0
6756 2382 1
6756 861 0
6756 4463 0
6756 16241 0
6756 6005 0
6756 3986 0
6756 8112 0
6756 2500 0
6756 7165 0
1894 1158 0
1894 3729 0
1894 1687 0
1894 165 1
1894 1741 0
1894 5855 0
1894 5885 0
1894 3354 0
1894 287 0
1894 301 0
1894 5432 0
1894 3426 0
1894 1894 0
1894 1919 0
1894 1259 1
1894 5523 0
1894 4550 0
1894 2524 0
1894 16354 0
1639 6917 1
1639 6920 1
1639 3729 1
1639 3986 1
1639 4371 1
1639 5021 1
1639 287 1
1639 5025 1
1639 6824 1
1639 6067 1
1639 4534 1
1639 19381 1
1639 10399 1
1639 18073 1
1639 4538 1
1639 2019 2
1639 1639 2
1639 1640 2
1639 1641 1
1639 6005 1
1639 5885 1
1640 4485 1
1640 4551 1
1640 389 2
1640 5254 1
1640 20867 1
1640 5025 1
1640 2722 1
1640 168 1
1640 169 1
1640 453 1
1640 1223 1
1640 1197 1
1640 4534 1
1640 827 1
1640 8053 1
1640 4547 1
1640 1221 1
1640 4550 1
1640 2382 2
1640 2019 2
1640 7406 1
1640 6824 1
1640 3314 1
1641 2019 1
1641 1653 0
5230 4524 0
5230 5230 0
5230 1653 0
5230 1158 0
5230 6792 0
5230 2708 0
5230 4809 0
5230 6920 0
5230 2881 0
5230 9545 0
5230 2381 0
5230 2382 1
5230 1919 0
5230 1920 0
5230 4525 0
5230 4526 0
5230 6068 0
5230 4550 0
5230 8867 0
5230 2019 1
4371 5258 0
4371 16354 0
4371 1159 0
4371 3729 0
4371 1687 0
4371 5277 0
4371 1197 0
4371 1217 0
4371 1221 0
4371 1224 0
4371 1259 1
4371 4859 0
4371 4371 0
4371 3354 0
4371 3884 0
4371 5432 0
4371 827 0
4371 1350 0
4371 861 0
4371 865 0
4371 8034 0
4371 6005 0
4371 3446 0
4371 1919 0
4371 8064 0
4371 3986 0
4371 5523 0
4371 5539 0
4371 2500 0
4371 4551 0
4371 4550 0
4371 5855 0
4371 5072 0
4371 2019 1
4371 6630 0
1653 117 0
1653 389 1
1653 495 1
1653 8881 0
1653 827 0
1653 861 0
1653 865 0
1653 891 0
1653 972 0
1653 1197 0
1653 1221 0
1653 1259 1
1653 9545 0
1653 1653 0
1653 1765 0
1653 1920 0
1653 18334 0
1653 2382 1
1653 5882 0
1653 2722 0
1653 3561 0
1653 3729 0
1653 3986 0
1653 4465 0
1653 4468 0
1653 4530 0
1653 4534 0
1653 4547 0
1653 4664 0
1653 4809 0
1653 5021 0
1653 5025 0
1653 5277 0
1653 5523 0
1653 5855 0
1653 6068 0
1653 6078 0
1653 6560 0
1653 6867 0
1653 7165 0
1653 7836 0
1653 8034 0
1653 16241 0
1653 8064 0
1653 16354 0
3704 263 0
3704 1687 0
3704 6792 0
3704 5432 0
3704 2881 0
3704 1741 0
3704 2382 1
3704 2524 0
3704 5469 0
3704 5855 0
3704 1259 1
3704 1260 0
5025 6917 0
5025 7084 0
5025 19381 0
5025 1687 0
5025 5021 0
5025 287 0
5025 5025 0
5025 4894 0
5025 5543 0
5025 168 0
5025 6920 0
5025 827 0
5025 4298 1
5025 1221 0
5025 4550 0
5025 1224 0
5025 9545 0
5025 4555 0
5025 1741 0
5025 2382 1
5025 8034 0
5025 2019 1
5025 4579 0
5025 5469 0
5025 3446 0
17686 2019 1
17686 389 1
17686 19381 0
17686 3986 0
17686 6068 0
1158 1197 0
1158 1158 0
1158 1159 0
1158 1687 0
1158 168 0
1158 169 0
1158 1221 0
1158 5855 0
1158 7406 0
1158 1350 0
1158 2381 0
1158 4463 0
1158 8053 0
1158 389 1
1158 4524 0
1158 4525 0
1158 4526 0
1158 1259 1
1158 2500 0
1158 453 0
1158 2382 1
1158 16354 0
1159 1197 0
1159 8768 0
1159 1159 0
1159 1687 0
1159 7836 0
1159 5793 0
1159 6824 0
1159 8881 0
1159 1221 0
1159 1223 0
1159 2254 0
1159 3794 0
1159 1259 1
1159 1260 0
1159 7406 0
1159 3354 0
1159 287 0
1159 5254 0
1159 301 0
1159 861 0
1159 6005 0
1159 891 0
1159 389 1
1159 4524 0
1159 4525 0
1159 4526 0
1159 4534 0
1159 4538 0
1159 4550 0
1159 4551 0
1159 4555 0
1159 495 1
1159 3574 0
6792 117 0
6792 168 0
6792 2382 1
6792 4465 0
6792 389 1
6792 6560 0
6792 6583 0
6792 4547 0
6792 453 0
6792 4859 0
6792 6792 0
6792 2708 0
6792 2712 0
6792 2722 0
6792 2881 0
6792 861 0
6792 972 0
6792 7165 0
6792 870 0
6792 5277 0
6792 15612 0
6792 6359 0
6792 1371 0
6792 5469 0
6792 5539 0
6792 3729 0
6792 5882 0
6792 5885 0
6792 3884 0
6792 16241 0
6792 2019 1
5258 3426 0
5258 5258 0
5258 5277 0
5258 8881 0
5258 6359 0
5258 1259 1
5258 263 0
5258 5523 0
5258 389 1
5258 453 0
3729 6359 0
3729 287 0
3729 2381 0
3729 2382 1
3729 4463 0
3729 4468 0
3729 4547 0
3729 2500 0
3729 4550 0
3729 4551 0
3729 4555 0
3729 2524 0
3729 6630 0
3729 8768 0
3729 2722 0
3729 8867 0
3729 8881 0
3729 6867 0
3729 4859 0
3729 827 0
3729 864 0
3729 865 0
3729 891 0
3729 7084 0
3729 972 0
3729 7165 0
3729 5277 0
3729 1221 0
3729 1223 0
3729 1260 0
3729 15612 0
3729 3354 0
3729 3358 0
3729 5432 0
3729 1371 0
3729 5607 0
3729 3729 0
3729 1687 0
3729 1741 0
3729 5852 0
3729 5855 0
3729 1920 0
3729 8112 0
3729 6078 0
2708 117 0
2708 168 0
2708 8467 0
2708 287 0
2708 2382 1
2708 4463 0
2708 4465 0
2708 4538 0
2708 2500 0
2708 2524 0
2708 502 0
2708 2712 0
2708 2722 0
2708 8881 0
2708 6867 0
2708 4859 0
2708 827 0
2708 861 0
2708 5254 0
2708 1180 0
2708 1221 0
2708 3354 0
2708 453 0
2708 5432 0
2708 9545 0
2708 3446 0
2708 3561 0
2708 7084 0
2708 5793 0
2708 1741 0
2708 3794 0
2708 5855 0
2708 5882 0
2708 5885 0
2708 7958 0
2708 3884 0
2708 8064 0
2708 3986 0
2708 8112 0
2708 6068 0
2708 6078 0
2708 16354 0
2708 2019 1
1687 3426 0
1687 117 0
1687 891 0
1687 168 0
1687 169 0
1687 4300 0
1687 6401 0
1687 301 0
1687 389 1
1687 6560 0
1687 4534 0
1687 4547 0
1687 2500 0
1687 453 0
1687 4550 0
1687 4555 0
1687 2524 0
1687 495 1
1687 502 0
1687 8768 0
1687 4859 0
1687 827 0
1687 843 0
1687 861 0
1687 870 0
1687 7084 0
1687 972 0
1687 5072 0
1687 7165 0
1687 1197 0
1687 1259 1
1687 7406 0
1687 8064 0
1687 3354 0
1687 3358 0
1687 5432 0
1687 1371 0
1687 5469 0
1687 3427 0
1687 1384 0
1687 3446 0
1687 5523 0
1687 3574 0
1687 1687 0
1687 1741 0
1687 3794 0
1687 5855 0
1687 1765 0
1687 5882 0
1687 3884 0
1687 3934 0
1687 8053 0
1687 1919 0
1687 1920 0
1687 6078 0
1687 16354 0
2712 168 0
2712 6359 0
2712 287 0
2712 4463 0
2712 4465 0
2712 389 1
2712 2500 0
2712 4555 0
2712 2524 0
2712 495 1
2712 4664 0
2712 2712 0
2712 2722 0
2712 8867 0
2712 8881 0
2712 6867 0
2712 13037 0
2712 4859 0
2712 6917 0
2712 2881 0
2712 843 0
2712 861 0
2712 870 0
2712 5277 0
2712 1259 1
2712 3354 0
2712 5432 0
2712 1371 0
2712 3426 0
2712 1384 0
2712 4547 0
2712 3446 0
2712 5539 0
2712 1741 0
2712 5852 0
2712 5855 0
2712 5882 0
2712 5885 0
2712 3884 0
2712 8034 0
2712 8064 0
2712 3986 0
2712 6067 0
2712 6068 0
2712 6078 0
18073 8064 0
18073 13190 0
18073 3986 0
18073 165 1
18073 16241 0
18073 4555 0
18073 4551 0
18073 8467 0
18073 1765 0
18073 3561 0
18073 1259 1
1180 1180 0
1180 1197 0
1180 5855 0
1180 1259 1
1180 287 0
1180 5523 0
1180 843 0
1180 2500 0
1180 972 0
1180 495 1
5277 4664 0
5277 6068 0
5277 10598 0
5277 8034 0
5277 3354 0
5277 16241 0
5277 8881 0
5277 1741 0
5277 6867 0
5277 1259 1
5277 752 0
5277 4859 0
5277 15612 0
5277 8768 0
5277 3884 0
5277 5855 0
5277 2881 0
5277 861 0
5277 3426 0
5277 870 0
5277 4463 0
5277 4465 0
5277 18334 0
5277 5539 0
5277 5277 0
5277 12234 0
5277 972 0
5277 495 1
5277 7165 0
10399 8467 0
10399 1741 0
10399 2382 1
10399 5855 0
10399 6630 0
10399 3561 0
5793 117 0
5793 5793 0
5793 1221 0
5793 1223 0
5793 1224 0
5793 1259 1
5793 4859 0
5793 827 0
5793 2382 1
5793 870 0
5793 6078 0
5793 2500 0
5793 16354 0
5793 4579 0
2722 168 0
2722 169 0
2722 6359 0
2722 8467 0
2722 301 0
2722 5523 0
2722 4524 0
2722 4525 0
2722 4547 0
2722 2500 0
2722 2524 0
2722 2881 0
2722 4664 0
2722 8768 0
2722 2722 0
2722 6867 0
2722 4859 0
2722 6917 0
2722 861 0
2722 864 0
2722 5021 0
2722 972 0
2722 1221 0
2722 1223 0
2722 1259 1
2722 5432 0
2722 5469 0
2722 3426 0
2722 1384 0
2722 3446 0
2722 5539 0
2722 3561 0
2722 1741 0
2722 5855 0
2722 5882 0
2722 3884 0
2722 8064 0
2722 3986 0
2722 8112 0
2722 6068 0
2722 16354 0
8867 4298 1
8867 6359 0
8867 263 0
8867 301 0
8867 6560 0
8867 4547 0
8867 8768 0
8867 8867 0
8867 861 0
8867 870 0
8867 1217 0
8867 1919 0
8867 3426 0
8867 3427 0
8867 3446 0
8867 7836 0
8867 1741 0
8867 5924 0
8867 3884 0
8867 1920 0
8867 3986 0
8867 6067 0
8867 6068 0
8867 2019 1
165 3981 1
165 8467 1
165 287 1
165 3574 1
16241 10304 0
16241 263 0
16241 287 0
16241 2382 1
16241 4465 0
16241 4524 0
16241 6630 0
16241 8881 0
16241 4859 0
16241 2881 0
16241 864 0
16241 6631 0
16241 13190 0
16241 972 0
16241 7165 0
16241 5254 0
16241 1259 1
16241 3446 0
16241 3561 0
16241 3574 0
16241 5855 0
16241 3884 0
16241 8034 0
16241 16241 0
16241 8112 0
16241 6068 0
168 168 0
168 169 0
168 4300 0
168 287 0
168 301 0
168 2381 0
168 2382 1
168 4463 0
168 4465 0
168 4485 0
168 4534 0
168 4547 0
168 4555 0
168 4664 0
168 2881 0
168 861 0
168 870 0
168 2938 0
168 7084 0
168 972 0
168 1197 0
168 1221 0
168 1223 0
168 1259 1
168 3354 0
168 3358 0
168 9545 0
168 5469 0
168 1384 0
168 7533 1
168 3446 0
168 389 1
168 1741 0
168 5885 0
168 5924 0
168 3934 0
168 1919 0
168 1920 0
168 6068 0
168 16354 0
168 2019 1
169 4664 0
169 4547 0
169 169 0
169 4298 1
169 1741 0
169 5924 0
169 1259 1
169 287 0
169 301 0
169 2382 1
169 870 0
169 3446 0
169 1919 0
169 1920 0
169 972 0
169 2019 1
1197 4551 0
1197 1197 0
1197 8881 0
1197 1221 0
1197 1223 0
1197 1224 0
1197 1741 0
1197 7406 0
1197 5855 0
1197 5072 0
1197 1765 0
1197 4859 0
1197 3354 0
1197 3358 0
1197 301 0
1197 5432 0
1197 2881 0
1197 870 0
1197 389 1
1197 7084 0
1197 9545 0
1197 2500 0
1197 4550 0
1197 4555 0
1197 6560 0
1197 5523 0
1197 7165 0
1197 6824 0
8881 8881 0
8881 117 0
8881 263 0
8881 8467 0
8881 2382 1
8881 10598 0
8881 4465 0
8881 4547 0
8881 2524 0
8881 5882 0
8881 502 0
8881 2748 0
8881 6867 0
8881 6920 0
8881 2881 0
8881 861 0
8881 2938 0
8881 5021 0
8881 972 0
8881 1221 0
8881 1259 1
8881 3358 0
8881 1371 0
8881 5469 0
8881 3427 0
8881 1384 0
8881 3446 0
8881 5523 0
8881 3561 0
8881 19381 0
8881 287 0
8881 1741 0
8881 5852 0
8881 5855 0
8881 1765 0
8881 3884 0
8881 8034 0
8881 3986 0
8881 6068 0
8881 6078 0
3358 5855 0
3358 3354 0
3358 3358 0
3358 843 0
3358 8064 0
3358 1259 1
3358 389 1
3358 7084 0
3358 2500 0
3358 16354 0
3358 6630 0
3358 6631 0
2748 7958 0
2748 389 1
2748 453 0
2748 864 0
2748 2019 1
8053 1920 0
8053 4664 0
8053 301 0
8053 4538 0
8053 972 0
8053 1741 0
8053 2382 1
8053 2019 1
8053 870 0
8053 3446 0
8053 5924 0
8053 1919 0
1217 5855 0
1217 1259 1
1217 263 0
1217 3354 0
1217 287 0
1217 843 0
1217 864 0
1217 3446 0
1217 389 1
1217 6560 0
1217 6630 0
1217 10745 0
1221 3426 0
1221 3446 0
1221 4300 0
1221 263 0
1221 4468 0
1221 10304 0
1221 4485 0
1221 4525 0
1221 4547 0
1221 2500 0
1221 4550 0
1221 2524 0
1221 4579 0
1221 4664 0
1221 4859 0
1221 6920 0
1221 827 0
1221 843 0
1221 861 0
1221 864 0
1221 865 0
1221 972 0
1221 870 0
1221 1221 0
1221 1223 0
1221 1224 0
1221 1259 1
1221 7406 0
1221 5432 0
1221 5469 0
1221 3427 0
1221 5539 0
1221 5607 0
1221 3574 0
1221 8467 0
1221 16354 0
1221 287 0
1221 1741 0
1221 5852 0
1221 5855 0
1221 3986 0
1221 1350 0
1221 6078 0
1223 8064 0
1223 6917 0
1223 8112 0
1223 4664 0
1223 16354 0
1223 4468 0
1223 1224 0
1223 1741 0
1223 5852 0
1223 5855 0
1223 1259 1
1223 4859 0
1223 6920 0
1223 5432 0
1223 827 0
1223 843 0
1223 3986 0
1223 4547 0
1223 2500 0
1223 4555 0
1223 10304 0
1224 13231 0
1224 8467 0
1224 5254 0
1224 1224 0
1224 1741 0
1224 5852 0
1224 5855 0
1224 1259 1
1224 6401 0
1224 7406 0
1224 263 0
1224 827 0
1224 2881 0
1224 2500 0
1224 2382 1
1224 861 0
1224 864 0
1224 865 0
1224 870 0
1224 4463 0
1224 4465 0
1224 3986 0
1224 6068 0
1224 6920 0
1224 5072 0
1224 16354 0
1224 10304 0
1224 7165 0
4809 389 1
4809 5254 0
4809 8467 0
4809 4809 0
4809 2019 1
4809 3561 0
4809 7533 1
4298 4664 1
4298 4298 2
4298 4300 1
4300 5469 0
4300 4664 0
4300 4300 0
4300 1741 0
4300 5072 0
4300 840 0
4300 3934 0
4300 1259 1
4300 3986 0
4300 4555 0
4300 16354 0
4300 5523 0
1741 117 0
1741 2254 0
1741 6359 0
1741 301 0
1741 4463 0
1741 4465 0
1741 4524 0
1741 4525 0
1741 4526 0
1741 4547 0
1741 2500 0
1741 4550 0
1741 4551 0
1741 4555 0
1741 2524 0
1741 495 1
1741 502 0
1741 4664 0
1741 6867 0
1741 4859 0
1741 827 0
1741 861 0
1741 864 0
1741 865 0
1741 870 0
1741 891 0
1741 5021 0
1741 972 0
1741 5072 0
1741 5254 0
1741 1259 1
1741 7406 0
1741 3354 0
1741 5432 0
1741 5469 0
1741 1384 0
1741 3446 0
1741 8768 0
1741 5523 0
1741 7836 0
1741 1741 0
1741 5852 0
1741 5855 0
1741 1765 0
1741 5885 0
1741 5924 0
1741 3884 0
1741 8034 0
1741 1919 0
1741 1920 0
1741 6068 0
1741 2382 1
1741 16354 0
1741 6560 0
2254 861 0
2254 5855 0
2254 5885 0
2254 2382 1
2254 1371 0
2254 870 0
2254 5523 0
2254 2019 1
3794 9545 0
3794 3446 0
3794 389 1
3794 752 0
3794 4547 0
3794 453 0
3794 16354 0
3794 2019 1
3794 3574 0
6867 19381 0
6867 8768 0
6867 7958 0
6867 6359 0
6867 1765 0
6867 1259 1
6867 5882 0
6867 4859 0
6867 5885 0
6867 8467 0
6867 3884 0
6867 301 0
6867 4463 0
6867 2938 0
6867 3986 0
6867 6867 0
6867 13231 0
6867 8112 0
6867 6583 0
6867 4547 0
6867 2019 1
6867 502 0
6359 263 0
6359 2382 1
6359 20867 0
6359 4485 0
6359 4859 0
6359 6917 0
6359 5021 0
6359 870 0
6359 1259 1
6359 15616 0
6359 9545 0
6359 3426 0
6359 1384 0
6359 5543 0
6359 5855 0
6359 8064 0
6359 3986 0
6359 6067 0
6359 6078 0
5852 117 0
5852 5855 0
5852 1259 1
5852 15612 0
5852 827 0
5852 1350 0
5852 2382 1
5852 4463 0
5852 6005 0
5852 4534 0
5852 4538 0
5852 6078 0
5852 4547 0
5852 2500 0
5852 4550 0
5852 4551 0
5855 117 0
5855 7165 0
5855 263 0
5855 301 0
5855 2381 0
5855 2382 1
5855 4463 0
5855 4465 0
5855 389 1
5855 6560 0
5855 4524 0
5855 4534 0
5855 4547 0
5855 2500 0
5855 4551 0
5855 4555 0
5855 2524 0
5855 6630 0
5855 10745 0
5855 4664 0
5855 453 0
5855 4550 0
5855 13037 0
5855 4859 0
5855 12234 0
5855 827 0
5855 2881 0
5855 13190 0
5855 861 0
5855 864 0
5855 865 0
5855 870 0
5855 5021 0
5855 7084 0
5855 972 0
5855 8034 0
5855 5607 0
5855 3354 0
5855 5432 0
5855 1350 0
5855 1371 0
5855 5469 0
5855 1384 0
5855 3446 0
5855 5539 0
5855 5543 0
5855 3561 0
5855 5855 0
5855 1765 0
5855 6005 0
5855 1920 0
5855 18334 0
5855 8112 0
5855 6068 0
5855 6078 0
5855 16354 0
5855 2019 1
5855 6824 0
1765 117 0
1765 6401 0
1765 2382 1
1765 4468 0
1765 389 1
1765 6560 0
1765 4534 0
1765 4538 0
1765 4550 0
1765 4551 0
1765 453 0
1765 10999 1
1765 891 0
1765 2938 0
1765 1371 0
1765 5469 0
1765 3426 0
1765 1384 0
1765 5607 0
1765 16354 0
1765 1765 0
1765 5882 0
1765 6005 0
1765 3986 0
1765 6067 0
502 8064 0
502 5523 0
502 6560 0
502 4551 0
502 3884 0
502 8768 0
502 2500 0
502 2382 1
502 2381 0
502 5072 0
502 1259 1
502 4859 0
1259 117 1
1259 263 1
1259 8467 1
1259 287 1
1259 301 1
1259 2381 1
1259 2382 2
1259 13037 1
1259 4524 1
1259 4534 1
1259 6583 1
1259 4538 1
1259 2500 1
1259 4555 1
1259 4563 1
1259 2524 1
1259 4579 1
1259 6630 1
1259 6631 1
1259 495 2
1259 10745 1
1259 4664 1
1259 8768 1
1259 752 1
1259 2881 1
1259 840 1
1259 843 1
1259 861 1
1259 864 1
1259 865 1
1259 2938 1
1259 891 1
1259 7084 1
1259 972 1
1259 5072 1
1259 7165 1
1259 3934 1
1259 8034 1
1259 15508 1
1259 1260 1
1259 3311 1
1259 9456 1
1259 15616 1
1259 1920 1
1259 3354 1
1259 5432 1
1259 1350 1
1259 1371 1
1259 5469 1
1259 3426 1
1259 1384 1
1259 5539 1
1259 3561 1
1259 7836 1
1259 5882 1
1259 3884 1
1259 1919 1
1259 8064 1
1259 3986 1
1259 8112 1
1259 6067 1
1259 6078 1
1259 12234 1
1259 16354 1
1260 3986 0
1260 287 0
1260 5539 0
1260 6068 0
1260 843 0
1260 2382 1
1260 5469 0
1260 3426 0
1260 4534 0
1260 1260 0
1260 8467 0
13037 870 0
13037 13037 0
13037 752 0
13037 3986 0
13037 495 1
7406 7406 0
7406 4859 0
7406 287 0
7406 5924 0
7406 3884 0
7406 2382 1
7406 5523 0
7406 5543 0
7406 4550 0
7406 4551 0
751 4463 0
751 287 0
751 5924 0
751 5432 0
751 2382 1
751 861 0
751 864 0
751 865 0
751 8034 0
751 827 0
751 870 0
751 495 1
751 4465 0
9456 2381 0
9456 2382 1
3314 2019 1
5882 117 0
5882 2382 1
5882 4555 0
5882 8768 0
5882 4894 0
5882 2881 0
5882 972 0
5882 5882 0
5882 5885 0
5882 6005 0
5882 2019 1
4859 10304 0
4859 117 0
4859 301 0
4859 2382 1
4859 389 1
4859 6560 0
4859 4534 0
4859 6583 0
4859 4547 0
4859 2500 0
4859 4550 0
4859 2524 0
4859 495 1
4859 4524 0
4859 8768 0
4859 4859 0
4859 2881 0
4859 13190 0
4859 7084 0
4859 972 0
4859 5072 0
4859 7165 0
4859 15612 0
4859 3354 0
4859 5432 0
4859 3446 0
4859 5523 0
4859 5607 0
4859 3884 0
4859 3934 0
4859 3986 0
4859 16354 0
15612 4664 0
15612 8034 0
15612 752 0
15612 15612 0
15612 8467 0
15612 2881 0
15612 2382 1
15612 861 0
15612 3934 0
15612 3446 0
15612 6560 0
15612 5539 0
15612 6583 0
15612 9545 0
15612 4551 0
15612 972 0
15612 2524 0
15612 2019 1
15612 3561 0
5885 117 0
5885 6401 0
5885 287 0
5885 4465 0
5885 389 1
5885 2524 0
5885 6920 0
5885 2881 0
5885 972 0
5885 1371 0
5885 5469 0
5885 3427 0
5885 8768 0
5885 5523 0
5885 5885 0
5885 3986 0
5885 6068 0
5885 2019 1
15616 2382 1
15616 3986 0
15616 5021 0
6401 6068 0
6401 864 0
6401 6401 0
6401 2382 1
6401 870 0
6401 3986 0
6401 389 1
6401 4551 0
6401 2019 1
6917 19381 0
6917 1384 0
6917 6920 0
6917 3426 0
6917 3446 0
6917 3986 0
6917 5021 0
6917 2019 1
263 263 0
263 7958 0
263 3884 0
263 2382 1
263 1371 0
263 861 0
263 6631 0
263 4524 0
263 4525 0
263 4526 0
263 6583 0
263 6630 0
263 10745 0
263 5607 0
263 7165 0
6920 6920 0
6920 287 0
6920 3934 0
6920 3426 0
6920 3986 0
6920 8112 0
6920 6067 0
6920 2019 1
7084 5469 0
7084 4664 0
7084 117 0
7084 301 0
7084 3354 0
7084 861 0
7084 3934 0
7084 870 0
7084 3446 0
7084 1920 0
7084 7084 0
7084 6078 0
7084 6560 0
7084 2524 0
7084 16354 0
7084 495 1
8467 117 0
8467 5523 0
8467 4485 0
8467 4524 0
8467 4534 0
8467 4563 0
8467 495 1
8467 10745 0
8467 8768 0
8467 2938 0
8467 7165 0
8467 5432 0
8467 1371 0
8467 1384 0
8467 5607 0
8467 19381 0
8467 8467 0
8467 20867 0
8467 8064 0
8467 2019 1
7958 389 1
7958 3986 0
7958 6068 0
7958 8768 0
7958 4547 0
7958 453 0
7958 9545 0
7958 2019 1
3354 287 0
3354 301 0
3354 2382 1
3354 6560 0
3354 6583 0
3354 2500 0
3354 4550 0
3354 2524 0
3354 6630 0
3354 6631 0
3354 4555 0
3354 840 0
3354 843 0
3354 861 0
3354 870 0
3354 891 0
3354 972 0
3354 7165 0
3354 3354 0
3354 1384 0
3354 7836 0
3354 5924 0
3354 5432 0
3354 3934 0
3354 8034 0
3354 1919 0
3354 1920 0
4894 389 1
4894 453 0
4894 5924 0
4894 2019 1
287 287 0
287 8768 0
287 827 0
287 864 0
287 870 0
287 2381 0
287 2382 1
287 3426 0
287 3446 0
287 3934 0
287 4465 0
287 4485 0
287 4538 0
287 4555 0
287 5254 0
287 5539 0
287 5543 0
287 13231 0
287 6078 0
287 7836 0
287 8034 0
5924 3986 0
5924 495 1
5924 4550 0
5924 4551 0
5924 2382 1
5924 16354 0
5924 6630 0
5924 1919 0
5254 117 0
5254 2938 0
5254 5254 0
5254 5523 0
5254 8064 0
5254 3986 0
5254 8112 0
5254 2019 1
3884 3934 0
3884 8768 0
3884 117 0
3884 7836 0
3884 5072 0
3884 3884 0
3884 301 0
3884 5432 0
3884 2881 0
3884 2382 1
3884 4547 0
3884 5523 0
3884 5539 0
3884 4524 0
3884 4525 0
3884 4526 0
3884 6068 0
3884 4534 0
3884 2500 0
3884 972 0
3884 4563 0
3884 6560 0
3884 7165 0
301 5469 0
301 4664 0
301 16354 0
301 7836 0
301 752 0
301 301 0
301 827 0
301 1350 0
301 2381 0
301 2382 1
301 5432 0
301 865 0
301 5523 0
301 6005 0
301 3446 0
301 891 0
301 1919 0
301 4463 0
301 6560 0
301 6068 0
301 4534 0
301 6078 0
301 4547 0
301 2500 0
301 4550 0
301 4555 0
301 2524 0
301 4551 0
301 5607 0
301 495 1
5432 117 0
5432 389 1
5432 4485 0
5432 4534 0
5432 4547 0
5432 2500 0
5432 4550 0
5432 4555 0
5432 2524 0
5432 495 1
5432 453 0
5432 4551 0
5432 827 0
5432 861 0
5432 5072 0
5432 7165 0
5432 5432 0
5432 5469 0
5432 1384 0
5432 5523 0
5432 7836 0
5432 6005 0
5432 6078 0
827 117 0
827 4463 0
827 4465 0
827 495 1
827 752 0
827 827 0
827 840 0
827 870 0
827 7165 0
827 861 0
827 5469 0
827 1919 0
827 3986 0
827 8112 0
827 6068 0
827 12234 0
827 16354 0
2881 6583 0
2881 117 0
2881 7165 0
2881 4547 0
2881 2881 0
2881 9545 0
2881 2019 1
2881 5469 0
2881 1384 0
2881 4463 0
2881 1920 0
2881 5539 0
2881 4534 0
2881 972 0
2881 6560 0
1920 389 1
1920 7165 0
1920 4485 0
1920 4550 0
1920 4551 0
1920 840 0
1920 972 0
1920 2524 0
1920 865 0
1920 16354 0
1920 3446 0
10598 389 1
10598 8034 0
10598 495 1
10598 3446 0
1350 117 0
1350 1350 0
1350 6005 0
1350 3446 0
1350 389 1
1350 2500 0
1350 453 0
1350 6630 0
1350 5523 0
840 4664 0
840 870 0
840 840 0
840 843 0
840 3934 0
840 3986 0
840 6068 0
840 495 1
9545 16354 0
9545 20867 0
9545 5021 0
9545 4534 0
9545 6583 0
9545 972 0
9545 2382 1
9545 1371 0
9545 8034 0
9545 2019 1
9545 2938 0
843 4664 0
843 2500 0
843 843 0
843 2382 1
843 5469 0
843 4463 0
843 3446 0
843 2938 0
843 6067 0
843 6583 0
843 495 1
2381 2381 0
2381 4468 0
2381 891 0
2381 1919 0
2381 8064 0
2381 752 0
2381 4524 0
2381 4525 0
2381 4526 0
2381 4534 0
2381 4538 0
2381 4547 0
2381 6630 0
2381 6631 0
2381 495 1
2382 10304 1
2382 2382 2
2382 4463 1
2382 4468 1
2382 6560 1
2382 4524 1
2382 4525 1
2382 4526 1
2382 4530 1
2382 4534 1
2382 4538 1
2382 4547 1
2382 4550 1
2382 4551 1
2382 4563 1
2382 6630 1
2382 6631 1
2382 4664 1
2382 752 1
2382 870 1
2382 2938 1
2382 891 1
2382 13190 1
2382 495 2
2382 13231 1
2382 5072 1
2382 7165 1
2382 15508 1
2382 3311 1
2382 1384 1
2382 3446 1
2382 5539 1
2382 5543 1
2382 7836 1
2382 12250 1
2382 3934 1
2382 1919 1
2382 8064 1
2382 18334 1
2382 6078 1
2382 2019 2
4664 4664 0
4664 5021 0
4664 4485 0
4664 1371 0
4664 4463 0
4664 6560 0
4664 5543 0
4664 2524 0
4579 389 1
4579 865 0
4579 8034 0
4579 6005 0
1371 2500 0
1371 13190 0
1371 7165 0
1371 870 0
1371 2938 0
1371 5021 0
1371 1371 0
1371 1384 0
1371 3446 0
1371 5539 0
1371 8034 0
1371 3986 0
1371 8112 0
1371 2019 1
861 117 0
861 4463 0
861 4465 0
861 4530 0
861 4547 0
861 4550 0
861 4551 0
861 495 1
861 752 0
861 861 0
861 865 0
861 870 0
861 891 0
861 5469 0
861 3426 0
861 3427 0
861 1384 0
861 3446 0
861 8034 0
861 1919 0
861 3986 0
861 6067 0
861 6068 0
861 6078 0
861 12234 0
3934 3427 0
3934 117 0
3934 3934 0
3934 3446 0
3934 2938 0
3934 389 1
3934 4547 0
3934 2500 0
3934 4550 0
3934 2524 0
864 7836 0
864 752 0
864 5469 0
864 864 0
864 870 0
864 4463 0
864 4468 0
864 389 1
864 3986 0
864 4550 0
864 10745 0
864 495 1
865 5469 0
865 752 0
865 865 0
865 870 0
865 4463 0
865 891 0
865 3986 0
865 12234 0
865 16354 0
865 3426 0
865 495 1
8034 8034 0
8034 752 0
8034 6078 0
8034 2524 0
8034 495 1
8034 7165 0
3427 752 0
3427 3426 0
3427 389 1
3427 3986 0
3427 495 1
3427 453 0
3427 2524 0
870 13231 0
870 4534 0
870 117 0
870 870 0
870 5523 0
870 3446 0
870 891 0
870 1919 0
870 8064 0
870 13190 0
870 7836 0
870 752 0
870 6068 0
870 2500 0
870 4550 0
870 4551 0
870 4555 0
870 495 1
1384 19381 0
1384 6560 0
1384 4534 0
1384 4538 0
1384 4547 0
1384 2500 0
1384 2938 0
1384 3426 0
1384 1384 0
1384 3446 0
1384 5539 0
1384 3561 0
1384 3986 0
1384 6078 0
6631 6630 0
6631 7165 0
7533 16354 1
7533 10745 1
4463 4463 0
4463 4465 0
4463 4468 0
4463 4485 0
4463 4524 0
4463 4525 0
4463 4526 0
4463 4530 0
4463 4547 0
4463 2500 0
4463 4550 0
4463 4551 0
4463 6630 0
4463 8768 0
4463 972 0
4463 3446 0
4463 5539 0
4463 389 1
4463 8064 0
4463 3986 0
4463 8112 0
4465 4468 0
4465 8064 0
4465 389 1
4465 5539 0
4465 4524 0
4465 4525 0
4465 4526 0
4465 2500 0
4465 4550 0
4465 6068 0
4465 495 1
4468 389 1
4468 6067 0
6005 2019 1
6005 6005 0
6005 3446 0
6005 4525 0
6005 6068 0
6005 6560 0
6005 2524 0
3446 4485 0
3446 2500 0
3446 453 0
3446 2524 0
3446 5021 0
3446 7165 0
3446 5469 0
3446 3446 0
3446 8768 0
3446 5539 0
3446 389 1
3446 5607 0
3446 3574 0
3446 1919 0
3446 6068 0
2938 8768 0
2938 2938 0
2938 4530 0
2938 4547 0
2938 2019 1
2938 3561 0
891 10304 0
891 117 0
891 891 0
891 2500 0
891 4550 0
891 4551 0
891 4555 0
1919 5469 0
1919 16354 0
1919 117 0
1919 1919 0
8064 3426 0
8064 8064 0
8064 389 1
8064 3986 0
8064 5021 0
8064 6068 0
8064 4534 0
8064 6583 0
8064 4550 0
8064 4551 0
8064 5539 0
8064 2524 0
8768 2500 0
8768 2524 0
8768 8768 0
8768 5021 0
8768 13231 0
8768 6068 0
8768 7836 0
8768 3986 0
8768 8112 0
8768 16354 0
8768 2019 1
20867 2019 1
20867 3561 0
4485 389 1
4485 7836 0
4485 3561 0
13190 389 1
13190 13190 0
13190 6068 0
13190 6078 0
13190 4550 0
13190 4551 0
19850 389 1
19850 453 0
19850 2019 1
3981 3981 0
3981 453 0
3981 2019 1
3986 117 0
3986 972 0
3986 19381 0
3986 3426 0
3986 3561 0
3986 3574 0
3986 3986 0
3986 4525 0
3986 4534 0
3986 4547 0
3986 4550 0
3986 4551 0
3986 5021 0
3986 5469 0
3986 5523 0
3986 6067 0
3986 6068 0
3986 6583 0
3986 8112 0
5523 4555 0
5523 5523 0
5523 4551 0
5523 5469 0
5523 8112 0
5523 2500 0
5523 4550 0
5523 2524 0
5523 16354 0
5523 2019 1
5523 3561 0
5523 495 1
5469 117 0
5469 4524 0
5469 4525 0
5469 4526 0
5469 4534 0
5469 2524 0
5469 495 1
5469 972 0
5469 5072 0
5469 5469 0
5469 6067 0
3311 6630 0
3311 3311 0
5021 19381 0
5021 4525 0
5021 3561 0
5021 6068 0
5021 6078 0
5021 2019 1
18334 18334 0
18334 495 1
6560 6560 0
6560 4524 0
6560 4550 0
6560 4555 0
6560 972 0
6560 5072 0
6560 495 1
752 4530 0
752 12234 0
752 7165 0
752 3574 0
5539 6583 0
5539 6078 0
5539 7165 0
5539 3426 0
5539 5539 0
5539 4524 0
5539 4525 0
5539 4526 0
5539 972 0
5539 10745 0
5543 389 1
5543 5543 0
5543 4524 0
5543 16354 0
389 10304 1
389 117 1
389 3426 1
389 389 2
389 13231 1
389 8112 1
389 6068 1
389 6078 1
389 4547 1
389 2500 1
389 453 1
389 2524 1
389 5607 1
389 3574 1
7836 7836 0
7836 4550 0
7836 4551 0
7836 5072 0
7836 2524 0
7836 16354 0
4524 4524 0
4524 4525 0
4524 4526 0
4524 4530 0
4524 2500 0
4524 495 1
4524 10745 0
4524 5072 0
4524 7165 0
4524 3561 0
4525 4526 0
4525 4530 0
4525 495 1
4526 4530 0
4526 495 1
8112 117 0
8112 4530 0
8112 6583 0
8112 453 0
8112 19381 0
8112 3426 0
8112 3574 0
8112 8112 0
8112 6068 0
4530 4530 0
4530 4563 0
4530 2019 1
4530 7165 0
6067 6067 0
6067 4534 0
6067 6068 0
6068 453 0
6068 4550 0
6068 2524 0
6068 4547 0
6068 4551 0
6068 7165 0
6068 3426 0
6068 6068 0
6068 2019 1
19381 2019 1
19381 3561 0
4534 4534 0
4534 972 0
4534 3561 0
4534 2019 1
6583 3426 0
6583 972 0
6583 2019 1
4538 4538 0
6078 117 0
6078 2500 0
6078 2524 0
6078 6078 0
6078 16354 0
117 117 0
117 4547 0
117 2500 0
117 4550 0
117 5072 0
117 2524 0
117 16354 0
117 4551 0
117 3561 0
117 3574 0
4547 3426 0
4547 4547 0
4547 453 0
4547 4555 0
4547 972 0
4547 3574 0
2500 10304 0
2500 4555 0
2500 2524 0
2500 495 1
2500 453 0
2500 2500 0
2500 5607 0
2500 12234 0
453 3426 0
453 453 0
453 3574 0
4550 4550 0
4550 4551 0
4550 4555 0
4550 2524 0
4550 495 1
4550 6824 0
4550 5072 0
4550 3426 0
4551 4555 0
4551 2524 0
4551 4551 0
4551 5072 0
4551 3426 0
12234 12234 0
12234 495 1
4555 5072 0
4555 2019 1
4555 4555 0
4555 16354 0
972 7165 0
972 972 0
972 2019 1
972 495 1
5072 10304 0
5072 5072 0
4563 4563 0
12250 6116 1
2524 10304 0
2524 2524 0
16354 10304 0
16354 16354 0
16354 2019 1
2019 2019 2
2019 3561 1
6630 7165 0
6630 6630 0
5607 3561 0
5607 495 1
5607 5607 0
3561 7165 0
3426 495 1
3426 3426 0
495 495 2
495 7165 1
10304 10304 0
3574 3574 0
7165 7165 0
