2048 2048 0
2048 6165 0
2048 16444 0
2048 8254 0
2048 4110 0
2048 4256 0
2048 6380 1
2048 237 0
2048 16308 0
2048 2338 0
2048 8547 0
2048 4535 0
2048 2594 0
2048 2600 0
2048 6739 0
2048 2709 0
2048 2718 0
2048 8867 0
2048 4825 0
2048 4956 0
2048 861 0
2048 4963 0
2048 2997 0
2048 13355 0
2048 5243 0
2048 3283 1
2048 3426 0
2048 19879 0
2048 1591 0
2048 3782 0
2048 7893 0
2048 3802 0
2048 14072 0
2048 8503 0
2048 5994 0
2048 3986 0
2048 1943 0
2048 6065 0
2048 6068 0
2567 861 0
2567 1478 1
2567 4822 0
2567 5855 0
2567 827 0
2567 3986 0
2567 1943 0
2567 2997 0
2567 4534 0
2567 1479 1
6669 8024 0
6669 2069 0
6669 1591 0
6669 1620 0
6669 117 0
6669 2709 0
6669 3283 1
6669 4825 0
6669 19879 0
6669 2338 0
6669 5852 0
6669 5464 0
6669 3426 0
6669 1479 1
6669 2997 0
6669 6584 0
6669 5052 0
4110 4110 0
4110 2069 0
4110 8254 0
4110 4642 0
4110 237 0
4110 287 0
4110 18742 0
4110 14072 0
4110 2594 0
4110 2600 0
4110 2709 0
4110 5243 0
4110 864 0
4110 4963 0
4110 5015 0
4110 5052 0
4110 3283 1
4110 19879 0
4110 1591 0
4110 1620 0
4110 1653 0
4110 3782 0
4110 2718 0
4110 3850 0
4110 3854 1
4110 7989 1
4110 6068 0
4110 6070 0
4110 6081 0
8024 6163 0
8024 861 0
8024 1591 0
8024 16308 0
8024 117 0
8024 3782 0
8024 7893 0
8024 5855 0
8024 3283 1
8024 2338 0
8024 5469 0
8024 16444 0
8024 6526 1
8024 3986 0
6163 6163 0
6163 6165 0
6163 287 0
6163 2338 0
6163 8503 0
6163 4534 0
6163 4535 0
6163 4536 0
6163 4538 0
6163 4544 0
6163 4546 0
6163 14072 0
6163 6739 0
6163 8867 0
6163 13061 0
6163 7009 0
6163 5015 0
6163 5052 0
6163 861 0
6163 5243 0
6163 1170 0
6163 5469 0
6163 3426 0
6163 7633 0
6163 1591 0
6163 2997 0
6163 1653 0
6163 16061 1
6163 3782 0
6163 7893 0
6163 5855 0
6163 3854 1
6163 3986 0
6163 1943 0
6163 18332 0
6163 6068 0
6163 6081 0
2069 2069 0
2069 2594 0
2069 4956 0
2069 13355 0
2069 561 0
2069 13061 0
2069 16308 0
2069 1620 0
2069 117 0
2069 6165 0
2069 5254 0
2069 2709 0
2069 3283 1
2069 7893 0
2069 4825 0
2069 3802 0
2069 5855 0
2069 8467 0
2069 17689 0
2069 2338 0
2069 6977 0
2069 861 0
2069 3426 0
2069 3986 0
2069 1943 0
2069 6065 0
2069 436 0
2069 2997 0
2069 1478 1
2069 3046 0
2069 3561 0
14870 5243 1
14870 5254 1
14870 8467 1
14870 3986 1
14870 16444 1
14870 16157 1
444 3986 0
444 8347 1
444 20434 0
444 13099 0
444 6380 1
8733 3986 0
8733 8347 1
8733 3382 0
8733 16061 1
8733 6739 0
8733 19688 0
2594 8254 0
2594 6165 0
2594 4256 0
2594 237 0
2594 8467 0
2594 287 0
2594 2338 0
2594 6526 1
2594 13061 0
2594 2594 0
2594 2600 0
2594 561 0
2594 6739 0
2594 2709 0
2594 2718 0
2594 8867 0
2594 6977 0
2594 4956 0
2594 861 0
2594 4963 0
2594 5015 0
2594 2997 0
2594 5052 0
2594 3046 0
2594 5243 0
2594 3283 1
2594 3426 0
2594 19879 0
2594 3561 0
2594 1591 0
2594 16308 0
2594 1653 0
2594 3782 0
2594 7893 0
2594 3802 0
2594 5855 0
2594 14072 0
2594 5994 0
2594 3986 0
2594 1943 0
2594 18332 0
2594 6065 0
2594 6068 0
2594 6070 0
2594 6081 0
15907 15907 0
15907 1591 0
15907 3782 0
15907 3283 1
15907 14072 0
15907 287 0
15907 2493 0
15907 1478 1
15907 19879 0
3110 3110 0
3110 15996 0
3110 1674 0
3110 4874 0
3110 3854 1
3110 287 0
3110 5926 0
3110 3422 0
3110 16233 0
3110 6526 1
3110 6081 0
2600 6165 0
2600 8254 0
2600 8347 1
2600 4256 0
2600 3782 0
2600 6378 0
2600 237 0
2600 238 0
2600 2338 0
2600 6526 1
2600 6584 0
2600 6739 0
2600 2709 0
2600 8867 0
2600 13061 0
2600 6977 0
2600 4956 0
2600 4963 0
2600 5015 0
2600 13355 0
2600 861 0
2600 3426 0
2600 1591 0
2600 2997 0
2600 1620 0
2600 1653 0
2600 7893 0
2600 5855 0
2600 14072 0
2600 3986 0
2600 1943 0
2600 18332 0
2600 6065 0
2600 16308 0
13355 4186 0
13355 6378 0
13355 8467 0
13355 287 0
13355 10593 0
13355 4465 0
13355 455 1
13355 14072 0
13355 4642 0
13355 2493 0
13355 1478 1
13355 4825 0
13355 4963 0
13355 5015 0
13355 3283 1
13355 5464 0
13355 13207 0
13355 13732 0
13355 19879 0
13355 1479 1
13355 3561 0
13355 1653 0
13355 15996 0
13355 3760 0
13355 7893 0
13355 3802 0
13355 5855 0
13355 3850 0
13355 3854 1
13355 1943 0
13355 6068 0
5469 8270 0
5469 117 0
5469 16530 0
5469 2200 1
5469 8347 1
5469 4361 0
5469 4534 0
5469 4536 0
5469 4537 0
5469 4539 0
5469 4540 0
5469 4546 0
5469 4681 0
5469 2338 0
5469 6584 0
5469 2718 0
5469 1478 1
5469 719 0
5469 13061 0
5469 827 0
5469 6975 0
5469 861 0
5469 864 0
5469 5052 0
5469 3046 0
5469 5180 0
5469 1170 0
5469 5432 0
5469 5464 0
5469 5469 0
5469 1620 0
5469 1674 0
5469 5855 0
5469 20251 0
5469 7633 0
5469 3986 0
5469 1943 0
561 16061 1
561 117 0
561 6165 0
561 6378 0
561 16444 0
561 8503 0
561 4465 0
561 561 0
561 6752 0
561 2718 0
561 4822 0
561 4825 0
561 827 0
561 6975 0
561 4956 0
561 864 0
561 6977 0
561 3046 0
561 861 0
561 5243 0
561 5432 0
561 19879 0
561 1479 1
561 15950 0
561 15996 0
561 5852 0
561 5855 0
561 5994 0
561 6068 0
4150 8467 0
4150 8347 1
4150 4150 0
4150 5180 0
4150 7874 0
4150 20434 0
4150 18907 0
4150 3426 0
4150 3561 0
4150 5994 0
4150 6380 1
1591 6165 0
1591 4256 0
1591 6380 1
1591 237 0
1591 238 0
1591 8467 0
1591 2338 0
1591 4534 0
1591 4535 0
1591 4536 0
1591 4537 0
1591 4538 0
1591 4539 0
1591 4540 0
1591 4544 0
1591 4546 0
1591 6584 0
1591 6739 0
1591 2718 0
1591 8867 0
1591 6910 0
1591 13061 0
1591 4956 0
1591 861 0
1591 4963 0
1591 5015 0
1591 5237 0
1591 5243 0
1591 1170 0
1591 3426 0
1591 19879 0
1591 3561 0
1591 1591 0
1591 2997 0
1591 1620 0
1591 1653 0
1591 16061 1
1591 3782 0
1591 7893 0
1591 3802 0
1591 5855 0
1591 14072 0
1591 3986 0
1591 1943 0
1591 18332 0
1591 16292 0
1591 6065 0
1591 16308 0
6068 6165 0
6068 16444 0
6068 4256 0
6068 6380 1
6068 16308 0
6068 2338 0
6068 8547 0
6068 4465 0
6068 4536 0
6068 13061 0
6068 6739 0
6068 6752 0
6068 2709 0
6068 2718 0
6068 8867 0
6068 719 0
6068 4825 0
6068 827 0
6068 915 0
6068 861 0
6068 6975 0
6068 2997 0
6068 5052 0
6068 5243 0
6068 3283 1
6068 5464 0
6068 3422 0
6068 3426 0
6068 19879 0
6068 1653 0
6068 13732 0
6068 14009 0
6068 7893 0
6068 5855 0
6068 16157 0
6068 5926 0
6068 3986 0
6068 1943 0
6068 18332 0
6068 6065 0
6068 6068 0
6068 6081 0
6068 20434 0
4963 8347 1
4963 1620 0
4963 6584 0
4963 1653 0
4963 6739 0
4963 2718 0
4963 4256 0
4963 18332 0
4963 3782 0
4963 3802 0
4963 5855 0
4963 237 0
4963 238 0
4963 6526 1
4963 2338 0
4963 16292 0
4963 5015 0
4963 3986 0
4963 1943 0
4963 6065 0
4963 2997 0
4963 5052 0
4963 3561 0
4963 19879 0
16444 6752 0
16444 1653 0
16444 4256 0
16444 4825 0
16444 3802 0
16444 6378 0
16444 4371 0
16444 16292 0
16444 6977 0
16444 8467 0
16444 10593 0
16444 16444 0
16444 5994 0
16444 13732 0
16444 1479 1
16444 8185 0
3850 3851 0
3850 3854 1
3850 6081 0
3850 4822 0
3850 864 0
3850 3426 0
3850 6526 1
8254 5464 0
8254 6752 0
8254 6739 0
8254 1170 0
8254 2709 0
8254 669 0
8254 3782 0
8254 3283 1
8254 7893 0
8254 3802 0
8254 13061 0
8254 2338 0
8254 6977 0
8254 13207 0
8254 4956 0
8254 3426 0
8254 16530 0
8254 5015 0
8254 3986 0
8254 1943 0
8254 19879 0
8254 18332 0
8254 6065 0
8254 16308 0
8254 2997 0
8254 8185 0
8254 3571 1
2997 4186 0
2997 117 0
2997 6165 0
2997 16530 0
2997 4256 0
2997 237 0
2997 2338 0
2997 18742 0
2997 8547 0
2997 18907 0
2997 4681 0
2997 6977 0
2997 1478 1
2997 827 0
2997 6975 0
2997 5015 0
2997 5052 0
2997 5180 0
2997 3283 1
2997 3426 0
2997 13207 0
2997 19879 0
2997 2997 0
2997 1694 0
2997 7874 0
2997 3782 0
2997 3802 0
2997 5852 0
2997 1943 0
2997 6065 0
2997 6070 0
2997 6081 0
2997 20434 0
2997 8185 0
7234 3382 0
7234 6380 1
7234 3571 1
7234 14072 0
6070 1930 0
6070 1653 0
6070 5243 0
6070 2718 0
6070 4256 0
6070 3802 0
6070 6380 1
6070 237 0
6070 287 0
6070 861 0
6070 6065 0
6070 3986 0
6070 1943 0
6070 18332 0
6070 19879 0
6070 6081 0
6070 3571 1
10593 4740 0
10593 13061 0
10593 2338 0
10593 5432 0
10593 1479 1
10593 3426 0
10593 6526 1
4681 4681 0
4681 1620 0
4681 6081 0
4681 1674 0
4681 1170 0
4681 11926 0
4681 2718 0
4681 1479 1
4681 1653 0
4681 5855 0
4681 20251 0
4681 287 0
4681 2338 0
4681 864 0
4681 3986 0
4681 117 0
4681 1478 1
8270 8270 0
8270 15996 0
8270 455 1
8270 5237 0
8270 4361 0
8270 20251 0
8270 2338 0
8270 6975 0
8270 18299 0
8270 1478 1
8270 7633 0
8270 1653 0
4536 6165 0
4536 1620 0
4536 1653 0
4536 2200 1
4536 2718 0
4536 4256 0
4536 3283 1
4536 5852 0
4536 5855 0
4536 4361 0
4536 287 0
4536 5432 0
4536 6081 0
4536 4544 0
4536 915 0
4536 13732 0
4536 19879 0
4536 4535 0
4536 4536 0
4536 4546 0
6739 6165 0
6739 14009 0
6739 4186 0
6739 4256 0
6739 6378 0
6739 237 0
6739 238 0
6739 8467 0
6739 2338 0
6739 8503 0
6739 8547 0
6739 6526 1
6739 6584 0
6739 2493 0
6739 19879 0
6739 6739 0
6739 4740 0
6739 2709 0
6739 669 0
6739 2718 0
6739 8867 0
6739 8347 1
6739 5015 0
6739 9172 0
6739 5243 0
6739 5254 0
6739 19688 0
6739 5464 0
6739 3561 0
6739 14072 0
6739 1653 0
6739 1674 0
6739 287 0
6739 3782 0
6739 3802 0
6739 6081 0
6739 16157 0
6739 3986 0
6739 8185 0
1620 6165 0
1620 16530 0
1620 6380 1
1620 237 0
1620 4361 0
1620 4371 0
1620 287 0
1620 2338 0
1620 4534 0
1620 4535 0
1620 4537 0
1620 4538 0
1620 4539 0
1620 4540 0
1620 4544 0
1620 4546 0
1620 455 1
1620 6584 0
1620 2493 0
1620 4740 0
1620 2709 0
1620 669 0
1620 2718 0
1620 8867 0
1620 14072 0
1620 719 0
1620 827 0
1620 4956 0
1620 864 0
1620 5052 0
1620 9172 0
1620 3046 0
1620 5243 0
1620 1170 0
1620 5432 0
1620 1478 1
1620 3571 1
1620 1620 0
1620 1674 0
1620 1694 0
1620 5855 0
1620 20251 0
1620 16157 0
1620 1930 0
1620 3986 0
1620 1943 0
1620 18332 0
4186 3986 0
4186 4522 0
4186 16270 1
4186 4186 0
4186 6380 1
4186 8945 0
14940 7009 1
14940 455 2
14940 13099 1
14940 9172 1
14940 287 1
6752 13061 0
6752 861 0
6752 16308 0
6752 6752 0
6752 15996 0
6752 2709 0
6752 1479 1
6752 3782 0
6752 3283 1
6752 7893 0
6752 4825 0
6752 5855 0
6752 2338 0
6752 4956 0
6752 6977 0
6752 3986 0
6752 19879 0
5052 6165 0
5052 20251 0
5052 16157 0
5052 5855 0
5052 6378 0
5052 287 0
5052 2338 0
5052 5926 0
5052 6977 0
5052 861 0
5052 3426 0
5052 5015 0
5052 915 0
5052 6526 1
5052 1943 0
5052 6065 0
5052 5052 0
5052 1479 1
5052 19879 0
8467 117 0
8467 6165 0
8467 8547 0
8467 4534 0
8467 6584 0
8467 4740 0
8467 2709 0
8467 669 0
8467 2718 0
8467 719 0
8467 7989 1
8467 6977 0
8467 3782 0
8467 4642 0
8467 3283 1
8467 19879 0
8467 5432 0
8467 7633 0
8467 8467 0
8467 14072 0
8467 3837 0
8467 20251 0
8467 5926 0
8467 16233 0
8467 5994 0
8467 16308 0
1653 117 0
1653 237 0
1653 669 0
1653 827 0
1653 861 0
1653 9172 0
1653 1653 0
1653 1674 0
1653 1943 0
1653 2338 0
1653 2493 0
1653 19879 0
1653 3561 0
1653 3802 0
1653 20251 0
1653 3986 0
1653 4256 0
1653 4375 1
1653 4465 0
1653 4534 0
1653 4537 0
1653 4540 0
1653 4825 0
1653 13061 0
1653 13099 0
1653 4956 0
1653 5015 0
1653 5180 0
1653 5243 0
1653 13732 0
1653 5855 0
1653 6065 0
1653 6380 1
1653 6975 0
1653 6977 0
1653 7009 0
1653 16061 1
1653 7893 0
1653 16157 0
1653 16270 1
1653 16292 0
1653 16308 0
5243 6165 0
5243 117 0
5243 4256 0
5243 287 0
5243 2338 0
5243 8547 0
5243 4465 0
5243 6526 1
5243 2718 0
5243 8867 0
5243 6910 0
5243 4956 0
5243 1170 0
5243 3426 0
5243 1943 0
5243 19879 0
5243 3802 0
5243 5855 0
5243 3986 0
5243 18332 0
5243 6065 0
5243 6081 0
15996 4535 0
15996 4538 0
15996 4642 0
15996 4822 0
15996 4825 0
15996 6977 0
15996 4956 0
15996 13200 0
15996 1479 1
15996 15996 0
15996 11926 0
15996 5855 0
15996 3854 1
15996 5994 0
15996 3986 0
15996 16308 0
15996 8185 0
6165 4256 0
6165 6165 0
6165 287 0
6165 2338 0
6165 8547 0
6165 4465 0
6165 4534 0
6165 4537 0
6165 4540 0
6165 4546 0
6165 19879 0
6165 2709 0
6165 669 0
6165 2718 0
6165 14072 0
6165 861 0
6165 13200 0
6165 9172 0
6165 5254 0
6165 3283 1
6165 5464 0
6165 3426 0
6165 1479 1
6165 7633 0
6165 3561 0
6165 16308 0
6165 7893 0
6165 3802 0
6165 5855 0
6165 3986 0
6165 1943 0
6165 18332 0
6165 6065 0
6165 6081 0
6165 8867 0
6165 8185 0
4740 4740 0
4740 6380 1
4740 16308 0
4740 16157 0
4740 3561 0
4740 3986 0
4740 3571 1
5254 117 0
5254 287 0
5254 2338 0
5254 4522 0
5254 6584 0
5254 4642 0
5254 2709 0
5254 5254 0
5254 3283 1
5254 1674 0
5254 3782 0
5254 7893 0
5254 14072 0
5254 3986 0
5254 16308 0
1674 1674 0
1674 16530 0
1674 1478 1
1674 3283 1
1674 861 0
1674 2338 0
1674 827 0
1674 4956 0
1674 3986 0
1674 19879 0
1674 16308 0
9355 2200 2
9355 17689 1
9355 2493 1
9355 5994 1
1170 2338 0
1170 2709 0
1170 8867 0
1170 1478 1
1170 6975 0
1170 3283 1
1170 5432 0
1170 7633 0
1170 5855 0
1170 14072 0
1170 20251 0
1170 3986 0
1170 4361 0
2709 117 0
2709 6380 1
2709 4825 0
2709 2338 0
2709 4465 0
2709 2493 0
2709 2709 0
2709 669 0
2709 2718 0
2709 1479 1
2709 719 0
2709 13061 0
2709 6977 0
2709 4956 0
2709 861 0
2709 7009 0
2709 13200 0
2709 915 0
2709 13207 0
2709 4642 0
2709 5432 0
2709 5464 0
2709 3426 0
2709 19879 0
2709 3561 0
2709 16308 0
2709 7874 0
2709 7893 0
2709 3802 0
2709 5855 0
2709 16157 0
2709 3986 0
2709 1943 0
2709 18332 0
11926 8347 1
11926 1478 1
11926 5926 0
11926 3782 0
11926 7633 0
11926 4465 0
2200 669 1
2200 287 1
2200 4534 1
2200 4535 1
2200 4537 1
2200 4538 1
2200 4539 1
2200 4540 1
2200 4544 1
2200 4546 1
2200 719 1
2200 3046 1
8347 5237 1
8347 7874 1
8347 7893 1
8347 8918 1
8347 5852 1
8347 19688 1
8347 4361 1
8347 2338 1
8347 5926 1
8347 3382 1
8347 6975 1
8347 3426 1
8347 16233 1
8347 1930 1
8347 3986 1
8347 915 1
8347 8347 2
8347 436 1
8347 20434 1
8347 18907 1
669 19879 0
669 669 0
669 2718 0
669 8867 0
669 13200 0
669 5432 0
669 3426 0
669 13207 0
669 3561 0
669 3760 0
669 16061 1
1694 1694 0
1694 16157 0
1694 3782 0
1694 6380 1
1694 4375 1
1694 3382 0
1694 1943 0
1694 18332 0
1694 6065 0
4256 117 0
4256 6380 1
4256 237 0
4256 238 0
4256 6584 0
4256 13061 0
4256 2718 0
4256 4822 0
4256 6977 0
4256 7009 0
4256 3283 1
4256 861 0
4256 5015 0
4256 19879 0
4256 3561 0
4256 16308 0
4256 7893 0
4256 3802 0
4256 5855 0
4256 3821 0
4256 3986 0
4256 1943 0
4256 18332 0
4256 16292 0
4256 6065 0
4256 6081 0
8867 2338 0
8867 4544 0
8867 4546 0
8867 8867 0
8867 861 0
8867 13061 0
8867 3283 1
8867 3426 0
8867 19879 0
8867 1479 1
8867 7633 0
8867 16308 0
8867 7893 0
8867 3802 0
8867 3986 0
8867 1943 0
8867 18332 0
8867 6081 0
8867 8185 0
455 4361 1
455 4874 1
455 3986 1
455 4642 1
455 5432 1
455 10044 1
455 455 2
455 8918 1
455 16233 1
3760 3854 1
3760 3986 0
3760 13061 0
3760 16270 1
3760 861 0
3760 6910 0
14009 14009 0
14009 2338 0
14009 8918 0
14009 6378 0
14009 6380 1
14009 4874 0
14009 287 0
14009 1478 1
16061 287 1
16061 4642 1
16061 18742 1
16061 15950 1
16061 5994 1
5237 5237 0
5237 20251 0
5237 5926 0
5237 18742 0
5237 16233 0
5237 1478 1
7874 1943 0
7874 6065 0
7874 7874 0
7874 20434 0
7874 6380 1
3782 237 0
3782 6526 1
3782 6977 0
3782 5015 0
3782 4956 0
3782 861 0
3782 3283 1
3782 3426 0
3782 19879 0
3782 3561 0
3782 3802 0
3782 5855 0
3782 5994 0
3782 3986 0
3782 1943 0
3782 18332 0
3782 6065 0
4642 4642 0
4642 5855 0
4642 5994 0
4642 13200 0
4642 3986 0
4642 18332 0
4642 4522 0
4642 7633 0
4642 3561 0
719 2718 0
719 719 0
719 6380 1
719 6910 0
719 13099 0
719 16157 0
719 287 0
719 3382 0
719 4956 0
719 1930 0
719 3986 0
719 3561 0
3283 19879 1
3283 16292 1
3283 16308 1
3283 5180 1
3283 6584 1
3283 4538 1
3283 117 1
3283 3283 2
3283 4822 1
3283 4825 1
3283 3802 1
3283 5852 1
3283 5855 1
3283 6378 1
3283 237 1
3283 238 1
3283 13061 1
3283 4371 1
3283 2338 1
3283 16530 1
3283 8503 1
3283 827 1
3283 6977 1
3283 4956 1
3283 861 1
3283 864 1
3283 3426 1
3283 5994 1
3283 4465 1
3283 18299 1
3283 13200 1
3283 3986 1
3283 915 1
3283 1943 1
3283 18332 1
3283 17689 1
3283 6065 1
3283 4534 1
3283 4535 1
3283 4537 1
3283 4539 1
3283 4540 1
3283 2493 1
3283 4544 1
3283 4546 1
3283 13732 1
3283 3561 1
3283 7893 1
3283 8185 1
7893 117 0
7893 6380 1
7893 237 0
7893 7893 0
7893 3802 0
7893 287 0
7893 6584 0
7893 14072 0
7893 4825 0
7893 13732 0
7893 13061 0
7893 827 0
7893 4956 0
7893 5015 0
7893 3046 0
7893 19879 0
7893 1930 0
7893 8547 0
7893 16308 0
7893 5852 0
7893 5855 0
7893 8185 0
8918 8918 0
4825 19879 0
4825 16308 0
4825 2718 0
4825 1479 1
4825 4822 0
4825 5432 0
4825 5855 0
4825 6977 0
4825 3986 0
4825 1943 0
4825 18332 0
4825 2493 0
3802 117 0
3802 6378 0
3802 237 0
3802 2338 0
3802 6526 1
3802 4546 0
3802 13061 0
3802 2718 0
3802 4822 0
3802 827 0
3802 6977 0
3802 4956 0
3802 3561 0
3802 5015 0
3802 861 0
3802 5432 0
3802 3426 0
3802 13207 0
3802 19879 0
3802 7633 0
3802 3802 0
3802 5855 0
3802 3986 0
3802 1943 0
3802 16292 0
3802 6065 0
3802 16308 0
3802 6081 0
5852 13061 0
5852 4535 0
5852 117 0
5852 4544 0
5852 4822 0
5852 5855 0
5852 827 0
5852 4956 0
5852 5994 0
5852 1943 0
5852 19879 0
5852 6065 0
5852 16308 0
5852 4534 0
5852 4537 0
5852 4538 0
5852 4539 0
5852 4540 0
5852 4546 0
5855 117 0
5855 6378 0
5855 237 0
5855 4371 0
5855 8503 0
5855 8547 0
5855 4465 0
5855 4534 0
5855 19879 0
5855 13061 0
5855 2718 0
5855 14072 0
5855 4822 0
5855 4874 0
5855 827 0
5855 4956 0
5855 861 0
5855 864 0
5855 5015 0
5855 5432 0
5855 1479 1
5855 3561 0
5855 15950 0
5855 5855 0
5855 5926 0
5855 16308 0
5855 5994 0
5855 6081 0
5855 20434 0
5855 8185 0
19688 1478 1
19688 7633 0
19688 19688 0
6378 6378 0
6378 4822 0
6378 4874 0
6378 4371 0
6378 8503 0
6378 6977 0
6378 4956 0
6378 861 0
6378 3986 0
6378 1479 1
6380 14072 1
6380 3837 1
6380 3422 1
6380 18299 1
6380 3821 1
6380 3824 1
6380 16157 1
6380 13099 1
6380 3382 1
6380 6975 1
6380 6977 1
6380 4956 1
6380 7009 1
6380 1930 1
6380 13200 1
6380 1943 1
6380 8945 1
6380 4522 1
6380 436 1
6380 7633 1
6380 20434 1
6380 9172 1
6380 18907 1
6380 3046 1
3821 7633 0
3821 3824 0
3821 3571 1
3821 3837 0
238 14072 0
238 237 0
238 13061 0
238 4361 0
238 2338 0
238 3426 0
238 3986 0
238 6526 1
238 5015 0
238 16233 0
238 18332 0
238 6584 0
238 6081 0
238 7633 0
238 16292 0
3824 3571 1
3824 3837 0
8945 1478 1
8945 6081 0
14072 13061 0
14072 6977 0
14072 2718 0
14072 237 0
14072 287 0
14072 2338 0
14072 5432 0
14072 861 0
14072 3426 0
14072 6526 1
14072 915 0
14072 1943 0
14072 18332 0
14072 3986 0
14072 6065 0
14072 16308 0
14072 6584 0
14072 3561 0
3837 3561 0
3837 3571 1
6910 6081 0
6910 4546 0
6910 1479 1
6910 6910 0
6910 2338 0
6910 18742 0
6910 6975 0
6910 3426 0
6910 6977 0
6910 3986 0
6910 5015 0
6910 1478 1
6910 9172 0
6910 3046 0
13061 117 0
13061 8503 0
13061 8547 0
13061 436 0
13061 4534 0
13061 827 0
13061 4956 0
13061 5015 0
13061 3046 0
13061 13061 0
13061 1930 0
13061 3426 0
13061 13732 0
13061 19879 0
13061 16308 0
13061 3854 1
13061 8185 0
4361 4371 0
4361 287 0
4361 18299 0
4874 4371 0
4874 2338 0
4874 8503 0
4874 4822 0
4874 4874 0
4874 13200 0
4874 5180 0
4874 13732 0
4874 1479 1
4874 7633 0
4874 5994 0
3851 864 0
3851 6526 1
3851 3854 1
3854 6081 1
3854 3854 2
3854 287 1
3854 16308 1
3854 5464 1
3854 864 1
3854 4465 1
3854 6526 2
4371 1478 1
4371 4822 0
4371 4371 0
4371 8503 0
4371 5432 0
4371 827 0
4371 861 0
4371 5994 0
4371 3986 0
4371 19879 0
4375 3572 2
17689 861 0
20251 16530 0
20251 7009 0
20251 5994 0
20251 20251 0
20251 2338 0
20251 5926 0
20251 10044 0
20251 4956 0
20251 1478 1
20251 1479 1
20251 3561 0
16157 3426 0
16157 16157 0
16157 18332 0
287 287 0
287 8547 0
287 827 0
287 864 0
287 1478 1
287 8503 0
287 1930 0
287 2338 0
287 2718 0
287 3422 0
287 3426 0
287 19879 0
287 4465 0
287 4522 0
287 4538 0
287 4540 0
287 13099 0
287 13200 0
287 5464 0
287 9172 0
287 5994 0
287 6081 0
2338 8547 0
2338 16530 0
2338 237 0
2338 2338 0
2338 18742 0
2338 4465 0
2338 4522 0
2338 2718 0
2338 1478 1
2338 4822 0
2338 5926 0
2338 6975 0
2338 5432 0
2338 5464 0
2338 3422 0
2338 3426 0
2338 19879 0
2338 5994 0
2338 7633 0
2338 6065 0
2338 3986 0
2338 1943 0
2338 6081 0
5926 16530 0
5926 20434 0
5926 5926 0
5926 5994 0
5926 3986 0
5926 13207 0
5926 1479 1
5926 3561 0
7989 7989 2
7989 3986 1
18742 3426 0
18742 6526 1
8503 15950 0
8503 16233 0
8503 2718 0
8503 1479 1
8503 4822 0
8503 18299 0
8503 8503 0
8503 827 0
8503 8547 0
8503 5994 0
8503 3422 0
8503 4537 0
5432 117 0
5432 4534 0
5432 2493 0
5432 4546 0
5432 2718 0
5432 4822 0
5432 827 0
5432 861 0
5432 5432 0
5432 5464 0
5432 1479 1
5432 1943 0
5432 6081 0
827 117 0
827 8547 0
827 4465 0
827 4535 0
827 2718 0
827 4822 0
827 7633 0
827 827 0
827 4956 0
827 861 0
827 19879 0
827 1478 1
827 16308 0
827 5994 0
827 3986 0
827 1943 0
827 18332 0
827 6065 0
827 6081 0
10044 1479 1
6975 3382 0
6975 3422 0
6975 6065 0
6977 237 0
6977 2493 0
6977 6977 0
6977 3046 0
6977 13732 0
6977 1479 1
6977 1930 0
6977 8185 0
3382 4540 0
3382 3046 0
3382 5180 0
3382 1930 0
5464 2718 0
5464 4956 0
5464 861 0
5464 6526 1
5464 3986 0
5464 4535 0
5464 6081 0
4956 16233 0
4956 117 0
4956 4465 0
4956 6584 0
4956 2493 0
4956 4956 0
4956 864 0
4956 861 0
4956 3426 0
4956 19879 0
4956 18332 0
4956 3561 0
4956 3986 0
4956 1943 0
4956 6081 0
4956 8185 0
861 117 0
861 4822 0
861 4465 0
861 4539 0
861 2493 0
861 2718 0
861 861 0
861 5015 0
861 3046 0
861 8547 0
861 3426 0
861 13732 0
861 19879 0
861 1479 1
861 5994 0
861 3986 0
861 6081 0
861 8185 0
3422 19879 0
3422 1478 1
864 2718 0
864 4822 0
864 864 0
864 8547 0
864 3986 0
864 6081 0
7009 7009 0
7009 3986 0
7009 915 0
7009 1943 0
3426 237 0
3426 16308 0
3426 2718 0
3426 8547 0
3426 13207 0
3426 3046 0
3426 3426 0
3426 19879 0
3426 6081 0
3426 3986 0
3426 1943 0
3426 16292 0
3426 6065 0
8547 6526 1
8547 3986 0
8547 1943 0
8547 18332 0
8547 6065 0
8547 1478 1
8547 7633 0
8547 3561 0
8547 8185 0
16233 5180 0
16233 16233 0
5994 117 0
5994 16530 0
5994 4822 0
5994 915 0
5994 7633 0
5994 5994 0
5994 20434 0
5994 8185 0
16530 16530 0
16530 6065 0
16530 1478 1
4465 19879 0
4465 18332 0
4465 2493 0
4465 8185 0
18299 5180 0
18299 18299 0
6526 15950 1
6526 16292 1
6526 2718 1
6526 237 1
6526 13207 1
6526 6526 2
6526 5015 1
6526 19879 1
6526 6584 1
6526 6081 1
6526 13732 1
1930 20434 0
1930 915 0
1930 1943 0
1930 16308 0
5015 237 0
5015 6584 0
5015 5015 0
5015 9172 0
5015 19879 0
5015 1478 1
5015 7633 0
5015 3561 0
5015 3986 0
5015 1943 0
5015 16292 0
5015 6065 0
5015 16308 0
16270 2718 1
237 16292 0
237 16308 0
237 6584 0
237 18332 0
237 2718 0
237 237 0
237 3986 0
237 1943 0
237 7633 0
237 3561 0
237 19879 0
13200 13200 0
13200 3986 0
3986 117 0
3986 436 0
3986 1478 1
3986 1479 1
3986 2493 0
3986 2718 0
3986 3046 0
3986 19879 0
3986 3561 0
3986 3986 0
3986 4534 0
3986 4822 0
3986 13207 0
3986 13732 0
3986 6081 0
3986 16292 0
3986 8185 0
915 2718 0
915 915 0
915 4534 0
915 4535 0
915 4537 0
915 4538 0
915 4539 0
915 4540 0
915 4544 0
915 4546 0
13207 1943 0
13207 19879 0
13207 6065 0
13207 1478 1
18332 6584 0
18332 2718 0
18332 19879 0
18332 1478 1
18332 6081 0
18332 8185 0
16292 16292 0
16292 19879 0
16292 16308 0
16292 6584 0
16292 3561 0
19879 117 0
19879 4534 0
19879 4535 0
19879 4537 0
19879 4538 0
19879 4539 0
19879 4540 0
19879 4544 0
19879 4546 0
19879 2718 0
19879 4822 0
19879 19879 0
19879 3561 0
19879 16308 0
19879 1943 0
19879 6065 0
19879 6081 0
19879 8185 0
4522 117 0
4522 1478 1
4522 8185 0
5180 5180 0
5180 6065 0
5180 1478 1
4822 4822 0
4822 4535 0
4822 4546 0
4822 1479 1
6065 117 0
6065 2718 0
6065 1478 1
6065 6065 0
6065 6081 0
6065 20434 0
6065 8185 0
16308 117 0
16308 6584 0
16308 3046 0
16308 13732 0
16308 16308 0
16308 8185 0
2718 4534 0
2718 4535 0
2718 4537 0
2718 4538 0
2718 4539 0
2718 4540 0
2718 4544 0
2718 4546 0
2718 2493 0
2718 2718 0
2718 1943 0
2718 7633 0
2718 6081 0
4534 4535 0
4534 4537 0
4534 4546 0
4534 4534 0
4534 3561 0
4534 6081 0
4535 6081 0
4535 1943 0
4535 4535 0
6584 6584 0
6584 3561 0
4537 6081 0
4537 4537 0
4538 6081 0
4538 4538 0
4539 6081 0
4539 1943 0
4539 4539 0
4540 6081 0
4540 4546 0
4540 9172 0
2493 2493 0
2493 8185 0
117 1479 1
117 117 0
117 1943 0
117 7633 0
117 3561 0
117 8185 0
4544 6081 0
4544 4544 0
4544 4546 0
6081 4546 0
6081 7633 0
6081 1943 0
6081 6081 0
6081 8185 0
4546 4546 0
1478 1943 1
1478 7633 1
1479 1479 2
1479 8185 1
1943 436 0
1943 1943 0
1943 8185 0
7633 7633 0
20434 436 0
20434 20434 0
20434 18907 0
436 3046 0
436 3561 0
13732 13732 0
18907 18907 0
3561 3571 1
8185 8185 0
