1 1 0
1 5759 1
1 287 0
1 2338 0
1 7007 1
1029 561 1
4859 8393 0
4859 4371 0
4859 301 0
4859 8503 0
4859 2361 0
4859 2500 0
4859 2501 0
4859 4550 0
4859 561 0
4859 8768 0
4859 669 0
4859 4859 0
4859 869 0
4859 7077 0
4859 7084 0
4859 3043 0
4859 13389 0
4859 1160 0
4859 1197 0
4859 4297 0
4859 3354 0
4859 5432 0
4859 5523 1
4859 5527 0
4859 5759 1
4859 1687 0
4859 5793 0
4859 1741 0
4859 5855 0
4859 3884 0
4859 3986 0
3594 2059 0
3594 1620 0
3594 5759 1
3594 1160 0
3594 1197 0
3594 1741 0
3594 5882 0
3594 5469 0
3594 3986 0
3594 5523 1
3594 4550 0
3594 4551 0
2059 2059 0
2059 5469 0
2059 4300 0
2059 287 0
2059 2361 0
2059 4704 0
2059 2889 0
2059 3036 0
2059 3225 0
2059 1197 0
2059 1254 1
2059 3336 0
2059 5432 0
2059 5523 1
7698 7698 0
7698 8761 1
7698 1160 0
7698 1687 0
7698 7836 0
7698 1741 0
7698 1751 1
7698 5855 0
7698 5365 0
7698 301 0
7698 4371 0
7698 3354 0
7698 2338 0
7698 3884 0
7698 2361 0
7698 1350 0
7698 5432 0
7698 3353 0
7698 7077 0
7698 2500 0
7698 2501 0
7698 6904 0
7698 3043 0
7698 8185 0
561 4300 0
561 301 0
561 8503 0
561 2500 0
561 2501 0
561 4550 0
561 4551 0
561 6655 0
561 561 0
561 8768 0
561 4822 0
561 6904 0
561 869 0
561 3036 0
561 7134 0
561 3043 0
561 13389 0
561 1160 0
561 3225 0
561 5365 0
561 3353 0
561 3354 0
561 5432 0
561 5523 1
561 5525 0
561 1687 0
561 1741 0
561 1751 1
561 5855 0
561 3884 0
8761 8768 1
8761 1160 1
8761 7084 1
8761 1687 1
8761 7077 1
8761 301 1
8761 8503 1
8761 10044 1
8761 869 1
8761 5365 1
8761 8185 1
8761 6655 1
8768 8467 0
8768 287 0
8768 2338 0
8768 8503 0
8768 2500 0
8768 2501 0
8768 5882 0
8768 8768 0
8768 7007 1
8768 869 0
8768 1687 0
8768 7836 0
8768 1741 0
8768 3884 0
8768 3986 0
8768 8185 0
13389 1653 0
13389 5759 1
13389 1751 1
13389 5855 0
13389 3352 0
13389 3353 0
13389 3354 0
13389 301 0
13389 2500 0
13389 2501 0
1620 4300 0
1620 4371 0
1620 287 0
1620 2338 0
1620 2361 0
1620 5523 1
1620 4550 0
1620 4555 0
1620 2534 0
1620 6655 0
1620 4704 0
1620 669 0
1620 3036 0
1620 1197 0
1620 4297 0
1620 3336 0
1620 5432 0
1620 5469 0
1620 5525 0
1620 5526 0
1620 4551 0
1620 1620 0
1620 1718 0
1620 1741 0
1620 5855 0
1620 5882 0
1620 301 0
1620 7134 0
1620 8070 1
1620 3986 0
4704 1653 0
4704 3225 0
4704 1197 0
4704 1718 0
4704 4300 0
4704 1254 1
4704 2338 0
4704 5469 0
4704 3986 0
4704 5525 0
4704 5526 0
4704 4551 0
4704 4704 0
4704 3036 0
4704 5523 1
4704 6655 0
4371 1160 0
4371 1687 0
4371 1197 0
4371 722 0
4371 4822 0
4371 726 1
4371 4371 0
4371 3353 0
4371 3354 0
4371 3884 0
4371 8503 0
4371 5432 0
4371 2361 0
4371 1350 0
4371 3043 0
4371 3986 0
4371 5523 1
4371 5365 0
4371 2500 0
4371 2501 0
4371 4551 0
4371 4550 0
4371 5855 0
4371 7077 0
1653 8393 0
1653 669 0
1653 869 0
1653 1160 0
1653 1197 0
1653 1254 1
1653 1653 0
1653 1751 1
1653 2338 0
1653 2361 0
1653 2501 0
1653 5882 0
1653 3336 0
1653 3353 0
1653 3986 0
1653 4297 0
1653 5523 1
1653 5855 0
1653 7836 0
1653 8070 1
5759 5759 2
5759 669 1
5759 4822 1
5759 3353 1
5759 3354 1
5759 287 1
5759 21322 1
5759 5469 1
5759 3426 1
5759 15949 1
5759 6655 1
1160 5469 0
1160 8393 0
1160 301 0
1160 8503 0
1160 2500 0
1160 2501 0
1160 4550 0
1160 4551 0
1160 722 0
1160 6904 0
1160 7077 0
1160 7084 0
1160 3043 0
1160 1160 0
1160 5365 0
1160 2361 0
1160 3336 0
1160 3352 0
1160 3353 0
1160 3354 0
1160 5523 1
1160 5525 0
1160 5526 0
1160 5527 0
1160 1687 0
1160 1741 0
1160 1751 1
1160 5855 0
1160 5432 0
1160 1350 0
1160 8185 0
1687 3426 0
1687 8393 0
1687 4300 0
1687 4822 0
1687 2338 0
1687 301 0
1687 8503 0
1687 2361 0
1687 2500 0
1687 4550 0
1687 4555 0
1687 722 0
1687 726 1
1687 6904 0
1687 869 0
1687 7084 0
1687 3043 0
1687 1197 0
1687 5365 0
1687 3352 0
1687 3353 0
1687 3354 0
1687 5432 0
1687 5469 0
1687 5523 1
1687 5525 0
1687 5526 0
1687 5527 0
1687 7077 0
1687 1687 0
1687 1741 0
1687 1751 1
1687 5855 0
1687 5882 0
1687 3884 0
3225 3225 0
3225 1197 0
3225 4300 0
3225 1741 0
3225 1254 1
3225 3336 0
3225 3353 0
3225 3354 0
3225 2361 0
3225 2889 0
3225 8070 1
3225 5523 1
3225 5525 0
3225 4550 0
3225 4551 0
3225 4555 0
7836 7836 0
7836 1741 0
7836 722 0
7836 726 1
7836 3354 0
7836 287 0
7836 3884 0
7836 301 0
7836 5432 0
7836 7007 1
7836 7077 0
7836 4550 0
7836 4551 0
669 8467 0
669 301 0
669 2361 0
669 669 0
669 3036 0
669 5432 0
669 3426 0
669 3765 1
669 1741 0
669 5882 0
669 3884 0
5793 5793 0
5793 722 0
5793 726 1
5793 2500 0
5793 2544 1
1197 4551 0
1197 1197 0
1197 1741 0
1197 4822 0
1197 1751 1
1197 5855 0
1197 3354 0
1197 2338 0
1197 301 0
1197 5432 0
1197 2361 0
1197 10044 0
1197 2890 0
1197 7084 0
1197 2500 0
1197 4550 0
1197 4555 0
1197 7077 0
1197 3043 0
1197 5523 1
3765 3426 1
3765 2542 1
3765 3986 1
1718 1718 0
1718 4300 0
1718 1741 0
1718 8467 0
1718 2338 0
1718 5469 0
1718 2534 0
1718 8070 1
1718 5523 1
1718 3036 0
8393 3353 0
8393 3354 0
8393 2338 0
8393 301 0
8393 17089 1
8393 2500 0
8393 1741 0
8393 5523 1
17089 301 1
17089 5882 1
17089 10044 1
17089 3354 1
17089 5855 1
4297 5523 1
4297 287 0
4297 4297 0
4297 726 1
4300 5469 0
4300 4300 0
4300 1741 0
4300 4822 0
4300 1254 1
4300 2338 0
4300 2889 0
4300 3986 0
4300 7077 0
4300 4555 0
4300 3036 0
4300 5523 1
1741 2338 0
1741 301 0
1741 8503 0
1741 2500 0
1741 2501 0
1741 4550 0
1741 4551 0
1741 4555 0
1741 6655 0
1741 4822 0
1741 6904 0
1741 869 0
1741 3043 0
1741 7007 1
1741 5365 0
1741 3353 0
1741 3354 0
1741 5432 0
1741 5469 0
1741 5523 1
1741 5525 0
1741 7077 0
1741 1741 0
1741 5855 0
1741 5883 0
1741 3884 0
1741 8185 0
722 3352 0
722 3353 0
722 3354 0
722 7084 0
722 301 0
722 7077 0
722 2500 0
722 4551 0
722 4822 0
722 1751 1
722 5855 0
722 3043 0
722 5523 1
722 5525 0
726 3352 1
726 3353 1
726 3354 1
726 10044 1
726 2500 1
726 2501 1
15575 3986 0
15575 8467 0
15575 5526 0
15575 3036 0
15575 1751 1
15575 5523 1
19162 8503 1
19162 8467 1
19162 7134 1
19162 15741 1
5855 301 0
5855 8503 0
5855 2361 0
5855 2500 0
5855 2501 0
5855 4551 0
5855 4555 0
5855 6904 0
5855 4550 0
5855 4822 0
5855 869 0
5855 7084 0
5855 5365 0
5855 3336 0
5855 3352 0
5855 3353 0
5855 3354 0
5855 5432 0
5855 1350 0
5855 5469 0
5855 5527 0
5855 7077 0
5855 1751 1
5855 5855 0
5855 8185 0
1254 1254 2
1254 3336 1
1254 3036 1
1254 5525 1
1254 788 2
1254 5526 1
1254 7134 1
1254 789 1
5365 3354 0
5365 4822 0
5365 5365 0
5365 7084 0
5365 3353 0
5365 5432 0
5365 2361 0
5365 301 0
5365 3986 0
5365 5523 1
5365 5525 0
5365 2500 0
5365 2501 0
5365 7077 0
5365 6904 0
5365 8185 0
6904 1751 1
6904 6904 0
6904 3354 0
6904 3884 0
6904 301 0
6904 2361 0
6904 5523 1
6904 5525 0
6904 5527 0
6904 7084 0
6904 4550 0
6904 4551 0
6904 3043 0
5882 4555 0
5882 7007 1
5882 3043 0
5882 869 0
5882 5882 0
5882 5883 0
5883 5469 0
5883 2929 1
5883 5883 0
5883 1350 0
5883 7007 1
4822 4550 0
4822 2338 0
4822 4822 0
4822 7077 0
4822 301 0
4822 8503 0
4822 5432 0
4822 7084 0
4822 869 0
4822 3986 0
4822 5523 1
4822 2500 0
4822 2501 0
4822 4555 0
4822 3043 0
3336 8185 0
3336 3336 0
3336 2338 0
3336 2889 0
3336 3986 0
3336 5523 1
3336 5525 0
3336 5469 0
3336 4551 0
3336 3036 0
1751 1751 2
1751 3354 1
1751 287 1
1751 3884 1
1751 301 1
1751 5432 1
1751 2361 1
1751 1350 1
1751 2889 1
1751 5469 1
1751 5526 1
1751 5527 1
1751 7084 1
1751 4550 1
1751 4551 1
1751 4555 1
1751 3043 1
8467 5523 1
8467 2501 0
8467 6655 0
8467 5432 0
8467 8467 0
788 788 2
788 789 1
789 789 0
3352 7084 0
3352 3352 0
3352 3353 0
3352 3354 0
3352 287 0
3352 301 0
3352 869 0
3352 5523 1
3352 2500 0
3352 4550 0
3353 2500 0
3353 2501 0
3353 4550 0
3353 4551 0
3353 4555 0
3353 869 0
3353 7084 0
3353 3043 0
3353 3353 0
3353 3354 0
3353 5432 0
3354 287 0
3354 2338 0
3354 301 0
3354 2361 0
3354 2500 0
3354 4550 0
3354 4555 0
3354 869 0
3354 7084 0
3354 3043 0
3354 3354 0
3354 5432 0
287 287 0
287 818 0
287 8503 0
287 2338 0
287 2929 1
287 3043 0
287 3426 0
287 4555 0
287 5526 0
287 9117 0
287 7007 1
2338 2338 0
2338 4550 0
2338 2889 0
2338 2890 0
2338 3036 0
2338 7007 1
2338 5432 0
2338 5469 0
2338 3426 0
2338 8070 1
2338 3986 0
3884 7077 0
3884 3884 0
3884 301 0
3884 8503 0
3884 5432 0
3884 2361 0
3884 869 0
3884 5523 1
3884 5525 0
3884 5527 0
3884 2500 0
3884 2501 0
301 5469 0
301 7077 0
301 301 0
301 8503 0
301 2361 0
301 1350 0
301 5432 0
301 869 0
301 5523 1
301 7084 0
301 2500 0
301 4550 0
301 4555 0
301 3043 0
301 4551 0
818 818 0
818 2542 0
818 2543 1
818 2544 1
8503 8503 0
8503 2361 0
8503 5523 1
8503 7077 0
8503 2500 0
5432 2500 0
5432 2501 0
5432 4550 0
5432 4555 0
5432 4551 0
5432 7077 0
5432 5432 0
5432 5469 0
5432 5523 1
5432 3043 0
2361 5469 0
2361 2361 0
2361 1350 0
2361 5523 1
2361 5525 0
2361 5526 0
2361 2500 0
2361 2501 0
2361 4550 0
2361 4551 0
2361 4555 0
2361 8185 0
2361 3043 0
10044 2501 0
10044 4550 0
1350 1350 0
1350 2501 0
1350 7077 0
1350 2500 0
1350 5523 1
2889 5523 1
2889 5525 0
2889 5526 0
2889 2890 0
2889 3036 0
2889 3426 0
2889 2929 1
2890 5525 0
2890 18352 1
2890 2890 0
2890 3036 0
2890 2929 1
5469 5523 1
5469 2534 0
5469 869 0
5469 7077 0
5469 7084 0
5469 3036 0
5469 5469 0
5469 5525 0
5469 5526 0
5469 5527 0
5469 3986 0
7007 7077 1
7007 7007 2
3426 4550 0
3426 4551 0
3426 6655 0
3426 3426 0
3426 3986 0
869 869 0
869 5523 1
869 3043 0
869 8185 0
2929 5526 1
15741 5523 1
15741 3043 0
15741 15741 0
8070 8070 2
3986 2501 0
3986 2534 0
3986 3986 0
3986 4550 0
3986 4551 0
3986 5523 1
3986 5526 0
3986 7134 0
3986 8185 0
5523 7077 1
5523 4555 1
5523 3043 1
5523 15949 1
5523 3036 1
5523 21322 1
5523 5523 2
5523 4551 1
5523 5526 1
5523 5525 1
5523 5527 1
5523 9117 1
5523 2500 1
5523 2501 1
5523 4550 1
5523 2534 1
5523 8185 1
5525 5525 0
5525 5526 0
5525 2500 0
5525 4550 0
5525 4551 0
5525 3036 0
5526 5526 0
5526 4550 0
5526 3036 0
5527 3036 0
5527 3043 0
5527 5527 0
5527 8185 0
9117 2544 1
7077 3043 0
7077 7077 0
7077 7084 0
7077 2500 0
7077 2501 0
7077 8185 0
7084 7084 0
7084 3043 0
21322 21322 0
2500 2501 0
2500 4555 0
2500 3043 0
2500 2500 0
2500 8185 0
2501 2501 0
4550 4550 0
4550 4551 0
4550 4555 0
4550 3036 0
4550 3043 0
4551 4555 0
4551 4551 0
4551 3036 0
4551 3043 0
4555 4555 0
4555 3043 0
15949 15949 0
3036 3036 0
3043 3043 0
2534 2534 0
2534 2542 0
2534 2544 1
2542 2543 1
2544 2546 2
8185 8185 0
