2816 2816 2
2816 2987 1
2816 2981 1
2816 2983 1
2816 4859 1
2816 2814 1
2816 2815 2
2817 2817 2
2817 2818 2
2817 2819 1
2817 2375 1
2817 4859 1
2818 2818 2
2818 2819 1
2818 5521 1
2818 3035 1
5521 8373 0
5521 4859 0
5521 2815 1
5521 5521 0
5521 2981 0
5521 3035 0
2981 8373 0
2981 2802 1
2981 4859 0
2983 2802 1
2983 4859 0
2983 2983 0
2983 2987 0
2987 2987 0
2987 2802 1
8373 8373 0
8373 2802 1
8373 4859 0
8373 2815 1
2375 3297 1
2375 2375 0
3035 2814 0
3035 2815 1
3035 3035 0
3295 3295 2
2802 2814 1
2803 2805 1
2803 2814 1
2803 2815 2
2805 2815 1
4859 4859 0
2814 2815 1
2815 2815 2
