2048 2048 0
2048 6165 0
2048 53 0
2048 8254 0
2048 6225 0
2048 4110 0
2048 4235 0
2048 4256 0
2048 187 0
2048 4301 0
2048 6359 0
2048 4319 0
2048 248 0
2048 6401 0
2048 16308 0
2048 8477 0
2048 2338 0
2048 6484 0
2048 389 0
2048 4547 0
2048 4559 0
2048 20989 0
2048 2594 1
2048 2601 0
2048 2604 0
2048 2606 0
2048 6737 0
2048 6738 0
2048 6739 0
2048 6740 0
2048 6741 0
2048 2678 0
2048 2709 0
2048 2712 0
2048 2718 0
2048 8867 0
2048 2724 0
2048 8881 0
2048 861 0
2048 4970 0
2048 2936 0
2048 5028 0
2048 5029 0
2048 2997 0
2048 7109 1
2048 3142 0
2048 3146 0
2048 5243 0
2048 3283 0
2048 1259 0
2048 19758 0
2048 3426 0
2048 1388 0
2048 1392 0
2048 3462 0
2048 5516 0
2048 19879 0
2048 15853 0
2048 1680 0
2048 16022 0
2048 1687 0
2048 1741 0
2048 7893 0
2048 1765 0
2048 1788 0
2048 5981 0
2048 5994 0
2048 16241 0
2048 3986 0
2048 1943 0
2048 6065 0
2048 6068 1
2048 5791 0
2048 2722 0
2048 16374 0
6147 6147 0
6147 6163 0
6147 6165 0
6147 2137 0
6147 6162 0
6147 6164 0
6147 8217 0
6147 4256 0
6147 16607 0
6147 19837 0
6147 248 0
6147 8442 0
6147 263 0
6147 8467 0
6147 2331 0
6147 338 0
6147 4463 0
6147 6560 0
6147 6561 0
6147 4524 0
6147 4525 0
6147 16859 0
6147 17541 0
6147 18914 0
6147 6573 0
6147 17363 0
6147 2582 0
6147 2588 1
6147 2594 1
6147 2603 0
6147 2604 0
6147 6784 0
6147 15809 0
6147 2714 0
6147 2718 0
6147 2722 0
6147 747 0
6147 13061 0
6147 7982 0
6147 18225 0
6147 4916 0
6147 837 0
6147 7005 0
6147 4966 0
6147 4978 0
6147 4985 0
6147 13190 0
6147 915 0
6147 5016 0
6147 5017 0
6147 5018 0
6147 5021 0
6147 5028 0
6147 5029 0
6147 5033 0
6147 5043 0
6147 2997 0
6147 7109 1
6147 972 0
6147 9038 0
6147 11236 0
6147 5212 0
6147 11008 0
6147 5243 0
6147 7300 0
6147 5255 0
6147 1221 0
6147 1223 0
6147 19879 0
6147 1259 0
6147 1260 0
6147 8064 0
6147 3355 0
6147 7466 0
6147 3426 0
6147 1388 0
6147 3446 0
6147 3462 0
6147 5521 0
6147 5031 0
6147 5661 0
6147 6065 0
6147 2985 1
6147 1620 0
6147 1653 0
6147 8375 0
6147 3729 0
6147 1741 0
6147 16087 0
6147 5855 0
6147 7917 0
6147 3886 0
6147 5994 0
6147 8065 0
6147 3986 0
6147 1943 0
6147 16308 0
6147 6081 0
6147 8142 0
6147 2019 0
4110 4110 0
4110 6162 0
4110 53 0
4110 8254 0
4110 8287 0
4110 6164 0
4110 6341 0
4110 6359 0
4110 242 0
4110 4349 0
4110 8477 0
4110 287 0
4110 337 0
4110 338 0
4110 4550 0
4110 4624 0
4110 2594 1
4110 2596 0
4110 2601 0
4110 2603 0
4110 2604 0
4110 2606 0
4110 6741 0
4110 6784 0
4110 2703 0
4110 2708 0
4110 2709 0
4110 2712 0
4110 4787 0
4110 18982 0
4110 5243 0
4110 747 0
4110 4966 0
4110 4974 0
4110 4981 0
4110 5021 0
4110 5028 0
4110 5052 0
4110 7109 1
4110 5212 0
4110 13437 0
4110 3283 0
4110 3284 0
4110 1259 0
4110 4649 0
4110 19758 0
4110 19879 0
4110 3513 0
4110 1620 0
4110 1653 0
4110 1687 0
4110 2718 0
4110 5980 0
4110 5981 0
4110 6068 1
4110 6081 0
4110 16374 0
4110 2722 0
4110 2724 0
4110 2019 0
4110 4081 0
6160 6162 0
6160 6163 0
6160 6165 0
6160 6225 0
6160 6160 0
6160 6164 0
6160 4256 0
6160 1392 0
6160 4301 0
6160 6359 0
6160 287 0
6160 2338 0
6160 337 0
6160 338 0
6160 4536 0
6160 4547 0
6160 4559 0
6160 527 0
6160 6739 0
6160 4698 0
6160 2703 0
6160 2709 0
6160 12954 0
6160 2718 0
6160 2722 0
6160 8867 0
6160 837 0
6160 5052 0
6160 3011 0
6160 5243 0
6160 3223 1
6160 1221 0
6160 5469 0
6160 3426 0
6160 5487 0
6160 3462 0
6160 5659 0
6160 2997 0
6160 1620 0
6160 1653 0
6160 1668 0
6160 3729 0
6160 7893 0
6160 5978 0
6160 5980 0
6160 5981 0
6160 16241 0
6160 8065 0
6160 8081 0
6160 3986 0
6160 1943 0
6160 2714 0
6160 1957 0
6160 6065 0
6160 6068 1
6162 6162 0
6162 6163 0
6162 6165 0
6162 2408 0
6162 6164 0
6162 4256 0
6162 168 0
6162 6359 0
6162 263 0
6162 16308 0
6162 2338 0
6162 337 0
6162 338 0
6162 4491 0
6162 4520 0
6162 19879 0
6162 2594 1
6162 2596 0
6162 6739 0
6162 6741 0
6162 2703 0
6162 2712 0
6162 2714 0
6162 669 0
6162 2718 0
6162 2722 0
6162 8867 0
6162 13061 0
6162 9009 0
6162 837 0
6162 861 0
6162 4966 0
6162 4970 0
6162 2936 0
6162 5016 0
6162 5028 0
6162 2997 0
6162 5212 0
6162 5220 0
6162 5243 0
6162 1197 0
6162 5469 0
6162 3426 0
6162 19837 0
6162 3462 0
6162 5641 0
6162 7699 0
6162 5659 0
6162 1620 0
6162 1668 0
6162 3729 0
6162 7893 0
6162 5855 0
6162 7917 0
6162 7986 0
6162 3929 0
6162 16241 0
6162 8065 0
6162 8081 0
6162 3986 0
6162 1943 0
6162 18332 0
6162 12954 0
6162 6065 0
6162 6068 1
6162 6081 0
6163 6163 0
6163 6165 0
6163 6225 0
6163 6164 0
6163 168 0
6163 6359 0
6163 263 0
6163 287 0
6163 2338 0
6163 337 0
6163 338 0
6163 6484 0
6163 4536 0
6163 4547 0
6163 18982 0
6163 2601 0
6163 6737 0
6163 6738 0
6163 6739 0
6163 6740 0
6163 6741 0
6163 4698 0
6163 2678 0
6163 2703 0
6163 2712 0
6163 12954 0
6163 8867 0
6163 2724 0
6163 8881 0
6163 13061 0
6163 7005 0
6163 4970 0
6163 4985 0
6163 4988 0
6163 5016 0
6163 5018 0
6163 5021 0
6163 5028 0
6163 5031 0
6163 5052 0
6163 1009 0
6163 1022 0
6163 861 0
6163 5212 0
6163 5220 0
6163 4966 0
6163 5243 0
6163 4974 0
6163 3223 1
6163 1260 0
6163 7480 0
6163 5469 0
6163 3426 0
6163 1392 0
6163 5491 0
6163 3462 0
6163 5033 0
6163 5659 0
6163 2997 0
6163 1653 0
6163 1668 0
6163 7851 0
6163 7893 0
6163 5855 0
6163 1765 0
6163 3929 0
6163 5978 0
6163 5980 0
6163 5981 0
6163 16241 0
6163 8065 0
6163 8081 0
6163 3986 0
6163 1943 0
6163 18332 0
6163 6068 1
6163 6081 0
6163 4081 0
6164 6165 0
6164 6164 0
6164 2338 0
6164 8484 0
6164 301 0
6164 337 0
6164 338 0
6164 6484 0
6164 4443 0
6164 12646 0
6164 4463 0
6164 6561 0
6164 6560 0
6164 2604 0
6164 4679 1
6164 6737 0
6164 6738 0
6164 6739 0
6164 6740 0
6164 6741 0
6164 2712 0
6164 2714 0
6164 8867 0
6164 6904 0
6164 13061 0
6164 861 0
6164 4966 0
6164 4970 0
6164 4974 0
6164 4985 0
6164 5016 0
6164 5018 0
6164 5028 0
6164 5031 0
6164 5033 0
6164 1009 0
6164 1160 0
6164 4988 0
6164 5021 0
6164 3382 0
6164 7480 0
6164 5469 0
6164 3426 0
6164 3462 0
6164 1653 0
6164 1668 0
6164 1741 0
6164 8065 0
6164 3986 0
6164 1943 0
6164 12954 0
6164 6068 1
6165 8881 0
6165 53 0
6165 65 0
6165 4235 0
6165 4256 0
6165 168 0
6165 187 0
6165 6359 0
6165 4319 0
6165 242 0
6165 6165 0
6165 263 0
6165 8467 0
6165 287 0
6165 2338 0
6165 337 0
6165 4465 0
6165 4491 0
6165 4520 0
6165 4524 0
6165 4525 0
6165 4526 0
6165 4536 0
6165 4547 0
6165 4559 0
6165 19879 0
6165 2582 0
6165 2594 1
6165 2602 0
6165 2604 0
6165 2606 0
6165 561 0
6165 6739 0
6165 6740 0
6165 6741 0
6165 4698 0
6165 2703 0
6165 2708 0
6165 2709 0
6165 2712 0
6165 2714 0
6165 669 0
6165 2718 0
6165 2722 0
6165 837 0
6165 861 0
6165 4966 0
6165 5016 0
6165 2997 0
6165 5052 0
6165 7109 1
6165 9172 0
6165 1009 0
6165 1022 0
6165 7005 0
6165 3146 0
6165 5220 0
6165 5243 0
6165 3283 0
6165 3284 0
6165 1259 0
6165 3426 0
6165 1388 0
6165 5491 0
6165 5494 0
6165 3462 0
6165 7064 0
6165 3561 0
6165 1523 0
6165 7698 0
6165 5659 0
6165 16308 0
6165 1620 0
6165 1668 0
6165 1680 0
6165 5791 0
6165 7851 0
6165 7893 0
6165 5855 0
6165 5856 0
6165 1765 0
6165 3871 0
6165 3929 0
6165 5978 0
6165 5980 0
6165 5981 0
6165 16241 0
6165 8065 0
6165 8081 0
6165 3986 0
6165 1943 0
6165 18332 0
6165 12954 0
6165 6065 0
6165 6068 1
6165 6081 0
6165 8867 0
6165 2724 0
6165 2019 0
6165 4081 0
8217 5521 0
8217 3986 0
8217 2594 1
8217 2604 0
8217 6068 1
8217 6078 0
8217 1620 0
8217 5855 0
8227 669 0
8227 7109 1
8227 8227 0
8227 168 0
8227 6068 1
8227 3382 0
8227 3446 0
53 53 0
53 65 0
53 4235 0
53 4256 0
53 168 0
53 4301 0
53 6359 0
53 242 0
53 287 0
53 2338 0
53 301 0
53 337 0
53 338 0
53 6484 0
53 4463 0
53 4465 0
53 4536 0
53 2500 0
53 19879 0
53 4624 0
53 2594 1
53 2596 0
53 2601 0
53 2606 0
53 6740 0
53 6741 0
53 2703 0
53 2708 0
53 2712 0
53 2718 0
53 2722 0
53 8867 0
53 2724 0
53 8881 0
53 719 0
53 772 0
53 9009 0
53 821 0
53 870 0
53 4981 0
53 7064 0
53 5017 0
53 5018 0
53 5028 0
53 5029 0
53 5033 0
53 7084 0
53 5043 0
53 2997 0
53 5052 0
53 1022 0
53 861 0
53 15430 0
53 3146 0
53 5243 0
53 3225 0
53 3283 0
53 5367 0
53 3354 0
53 5469 0
53 1388 0
53 5487 0
53 3446 0
53 6739 0
53 5659 0
53 11236 0
53 7721 0
53 1637 0
53 1653 0
53 1680 0
53 3729 0
53 16022 0
53 1687 0
53 7851 0
53 1741 0
53 5855 0
53 17363 0
53 7986 0
53 3929 0
53 5978 0
53 5980 0
53 5981 0
53 8064 0
53 1943 0
53 6065 0
53 6068 1
53 6078 0
53 6081 0
53 8144 0
8254 18982 0
8254 5661 0
8254 2594 1
8254 2596 0
8254 2601 0
8254 2603 0
8254 2604 0
8254 2606 0
8254 5981 0
8254 6737 0
8254 6739 0
8254 6741 0
8254 5212 0
8254 869 0
8254 2678 0
8254 5255 0
8254 2709 0
8254 3223 1
8254 12954 0
8254 669 0
8254 18090 0
8254 7851 0
8254 8881 0
8254 5494 0
8254 1741 0
8254 2936 0
8254 3283 0
8254 7893 0
8254 5329 0
8254 13061 0
8254 8065 0
8254 5400 0
8254 5850 0
8254 2338 0
8254 4916 0
8254 6977 0
8254 338 0
8254 6484 0
8254 3426 0
8254 9062 0
8254 1388 0
8254 1392 0
8254 16241 0
8254 8477 0
8254 3986 0
8254 1943 0
8254 19879 0
8254 18332 0
8254 6573 0
8254 6065 0
8254 16308 0
8254 2997 0
8254 6078 0
8254 2500 0
8254 4550 0
8254 8144 0
8254 3043 0
8254 16374 0
8254 6740 0
65 1197 0
65 4624 0
65 13061 0
65 7721 0
65 16308 0
65 3142 0
65 1620 0
65 1653 0
65 2703 0
65 2712 0
65 2714 0
65 2722 0
65 187 0
65 1741 0
65 7893 0
65 263 0
65 2338 0
65 821 0
65 3929 0
65 3426 0
65 8065 0
65 1259 0
65 3462 0
65 5521 0
65 3986 0
65 1943 0
65 7064 0
65 6065 0
65 6068 1
65 2997 0
65 6072 1
65 3043 0
70 70 0
70 1160 0
70 5978 0
70 8075 0
70 6072 1
70 5052 0
70 7109 1
70 11236 0
6225 6225 0
6225 4235 0
6225 1392 0
6225 6359 0
6225 16607 0
6225 5850 0
6225 287 0
6225 2594 1
6225 2601 0
6225 2606 0
6225 6739 0
6225 12954 0
6225 2718 0
6225 8881 0
6225 4966 0
6225 4970 0
6225 4974 0
6225 4978 0
6225 4981 0
6225 2936 0
6225 4988 0
6225 5017 0
6225 5028 0
6225 5029 0
6225 5031 0
6225 5033 0
6225 5043 0
6225 3142 0
6225 5212 0
6225 5220 0
6225 9064 1
6225 5255 0
6225 3223 1
6225 1197 0
6225 1221 0
6225 1223 0
6225 4985 0
6225 13549 0
6225 7480 0
6225 1388 0
6225 5487 0
6225 19879 0
6225 5021 0
6225 15853 0
6225 5035 0
6225 1653 0
6225 7851 0
6225 972 0
6225 1741 0
6225 5855 0
6225 1765 0
6225 3986 0
6225 6072 1
6225 16374 0
2137 6784 0
2137 13549 0
2137 3986 0
2137 2724 0
2137 6068 1
2137 3382 0
2137 4547 0
2137 7109 1
2137 8467 0
2137 16607 0
2137 6739 0
2137 3561 0
2137 9172 0
8287 4624 0
8287 4649 0
8287 5981 0
8287 6068 1
8287 1620 0
8287 8287 0
8287 4235 0
8287 2703 0
8287 1680 0
8287 3729 0
8287 2708 0
8287 2709 0
8287 2714 0
8287 2718 0
8287 2722 0
8287 2724 0
8287 168 0
8287 1741 0
8287 5855 0
8287 18982 0
8287 4479 0
8287 5885 0
8287 772 0
8287 8467 0
8287 3353 0
8287 3354 0
8287 3355 0
8287 287 0
8287 1314 0
8287 9009 0
8287 301 0
8287 337 0
8287 338 0
8287 3929 0
8287 5980 0
8287 5469 0
8287 8064 0
8287 3462 0
8287 2712 0
8287 915 0
8287 3513 0
8287 6078 0
8287 7109 1
8287 972 0
8287 2524 0
8287 11236 0
8287 6737 0
8287 3561 0
2936 4256 0
2936 6359 0
2936 8477 0
2936 6484 0
2936 4463 0
2936 4547 0
2936 2594 1
2936 2601 0
2936 2602 0
2936 2606 0
2936 6737 0
2936 6739 0
2936 6740 0
2936 6741 0
2936 2703 0
2936 2712 0
2936 12954 0
2936 21148 0
2936 2722 0
2936 8881 0
2936 13061 0
2936 21296 0
2936 6977 0
2936 869 0
2936 4966 0
2936 4970 0
2936 4974 0
2936 4978 0
2936 4988 0
2936 7064 0
2936 5018 0
2936 5021 0
2936 5028 0
2936 5029 0
2936 5031 0
2936 5033 0
2936 5035 0
2936 5043 0
2936 17363 0
2936 5212 0
2936 5220 0
2936 13437 0
2936 13449 0
2936 3223 1
2936 4981 0
2936 4985 0
2936 18982 0
2936 861 0
2936 15629 0
2936 5400 0
2936 7480 0
2936 3426 0
2936 1388 0
2936 1392 0
2936 5016 0
2936 5017 0
2936 19879 0
2936 7005 0
2936 3561 0
2936 15853 0
2936 2997 0
2936 5850 0
2936 1653 0
2936 15994 0
2936 1687 0
2936 7851 0
2936 1741 0
2936 7893 0
2936 1765 0
2936 2709 0
2936 8065 0
2936 3986 0
2936 1943 0
2936 18332 0
2936 6065 0
2936 16308 0
2936 16374 0
2936 8144 0
16510 8452 0
16510 13221 1
16510 453 0
16510 3146 0
16510 18005 1
16510 2019 0
8321 6401 1
8321 1765 1
8321 7379 1
8321 15994 1
8321 12887 1
8321 5035 1
8321 8477 1
8321 16087 1
8321 20252 1
8321 5043 1
4235 3986 0
4235 1943 0
4235 2712 0
4235 2594 1
4235 8867 0
4235 7721 0
4235 6065 0
4235 6068 1
4235 16308 0
4235 2997 0
4235 4551 0
4235 1741 0
4235 6739 0
4235 7893 0
4235 4559 0
4235 861 0
4235 3426 0
4235 1653 0
4235 4479 0
4235 1022 0
16534 6738 0
16534 17541 0
16534 16534 0
16534 3223 1
16534 16126 0
16534 287 0
16534 861 0
16534 3986 0
16534 13221 1
4255 8442 1
4256 4981 0
4256 6359 0
4256 242 0
4256 8477 0
4256 7379 0
4256 2500 0
4256 13061 0
4256 2594 1
4256 2596 0
4256 2601 0
4256 2602 0
4256 2606 0
4256 4536 0
4256 6739 0
4256 12887 0
4256 2712 0
4256 2718 0
4256 2722 0
4256 2724 0
4256 4822 0
4256 772 0
4256 4916 0
4256 6977 0
4256 4966 0
4256 4974 0
4256 4978 0
4256 5016 0
4256 5017 0
4256 5018 0
4256 5021 0
4256 5028 0
4256 5029 0
4256 5033 0
4256 5043 0
4256 2997 0
4256 17363 0
4256 1022 0
4256 17451 0
4256 3146 0
4256 5243 0
4256 13437 0
4256 3225 0
4256 3283 0
4256 4985 0
4256 861 0
4256 15629 0
4256 7480 0
4256 1388 0
4256 1392 0
4256 7551 0
4256 19879 0
4256 3561 0
4256 15853 0
4256 1552 0
4256 7698 0
4256 16308 0
4256 1637 0
4256 1653 0
4256 1680 0
4256 7851 0
4256 1741 0
4256 7893 0
4256 5855 0
4256 301 0
4256 5981 0
4256 8065 0
4256 3986 0
4256 1943 0
4256 18332 0
4256 6065 0
4256 6068 1
4256 6081 0
4260 6489 2
168 168 0
168 187 0
168 4479 0
168 287 0
168 301 0
168 337 0
168 338 0
168 4463 0
168 4465 0
168 4477 0
168 4491 0
168 4547 0
168 2582 0
168 2594 1
168 561 0
168 4698 0
168 2499 0
168 2708 0
168 2709 0
168 2712 0
168 2714 0
168 669 0
168 2718 0
168 2722 0
168 706 0
168 6860 0
168 18914 0
168 9009 0
168 821 0
168 861 0
168 870 0
168 7064 0
168 7084 0
168 972 0
168 1022 0
168 5016 0
168 5243 0
168 1160 0
168 1197 0
168 1221 0
168 1223 0
168 1259 0
168 5367 0
168 3353 0
168 3354 0
168 3355 0
168 5469 0
168 5487 0
168 3446 0
168 19837 0
168 5521 0
168 19879 0
168 389 0
168 7699 0
168 1620 0
168 1668 0
168 1680 0
168 1687 0
168 1741 0
168 7917 0
168 5885 0
168 5981 0
168 6068 1
168 6081 0
168 16354 0
168 2019 0
8375 5130 0
8375 6739 0
8375 1620 0
8375 1653 0
8375 17541 0
8375 2338 0
8375 6359 0
8375 6401 0
8375 8477 0
8375 821 0
8375 5432 0
8375 338 0
8375 3426 0
8375 870 0
8375 2923 1
8375 8064 0
8375 3462 0
8375 3986 0
8375 18332 0
8375 19879 0
8375 6068 1
8375 3146 0
8375 4349 0
187 4624 0
187 2594 1
187 4649 0
187 6737 0
187 6739 0
187 5243 0
187 1680 0
187 2718 0
187 5791 0
187 2722 0
187 2724 0
187 6740 0
187 187 0
187 4319 0
187 7721 0
187 5432 0
187 861 0
187 3426 0
187 5487 0
187 8065 0
187 3986 0
187 1943 0
187 13221 1
187 6065 0
187 2997 0
187 4559 0
187 1620 0
6341 2594 1
6341 2606 0
6341 13437 0
6341 2718 0
6341 6341 0
6341 1741 0
6341 19758 0
6341 301 0
6341 5981 0
6341 4966 0
6341 16241 0
6341 3986 0
6341 5028 0
6341 4524 0
6341 6068 1
6341 17363 0
6341 2524 0
6341 16374 0
4301 6739 0
4301 8467 0
4301 5243 0
4301 2709 0
4301 2712 0
4301 8867 0
4301 1741 0
4301 7917 0
4301 287 0
4301 2338 0
4301 337 0
4301 3986 0
4301 7064 0
4301 6065 0
4301 6068 1
4301 2997 0
4301 7109 1
4301 3561 0
4301 1620 0
1741 8881 0
1741 6359 0
1741 242 0
1741 5850 0
1741 2338 0
1741 8484 0
1741 301 0
1741 4428 0
1741 4443 0
1741 12646 0
1741 2408 0
1741 2414 0
1741 4463 0
1741 4465 0
1741 4477 0
1741 4479 0
1741 6561 0
1741 4524 0
1741 4525 0
1741 4526 0
1741 4547 0
1741 2500 0
1741 4550 0
1741 4551 0
1741 4559 0
1741 2524 0
1741 7931 0
1741 2588 1
1741 2594 1
1741 2596 0
1741 2602 0
1741 2604 0
1741 561 0
1741 6720 0
1741 6739 0
1741 2677 0
1741 2678 0
1741 2708 0
1741 2712 0
1741 2714 0
1741 669 0
1741 2718 0
1741 2722 0
1741 8867 0
1741 2724 0
1741 18982 0
1741 719 0
1741 4822 0
1741 6904 0
1741 827 0
1741 861 0
1741 869 0
1741 870 0
1741 4970 0
1741 4974 0
1741 4978 0
1741 4981 0
1741 4985 0
1741 7045 0
1741 5016 0
1741 5017 0
1741 5018 0
1741 5021 0
1741 5028 0
1741 5029 0
1741 5033 0
1741 5043 0
1741 972 0
1741 3043 0
1741 1022 0
1741 5212 0
1741 4966 0
1741 5243 0
1741 1160 0
1741 3225 0
1741 1197 0
1741 1221 0
1741 1223 0
1741 1259 0
1741 7430 0
1741 7726 0
1741 3353 0
1741 3354 0
1741 3355 0
1741 5432 0
1741 8075 0
1741 5469 0
1741 1388 0
1741 7534 0
1741 5487 0
1741 1392 0
1741 3446 0
1741 19837 0
1741 7551 0
1741 7552 0
1741 7555 0
1741 19879 0
1741 15853 0
1741 6741 0
1741 5641 0
1741 7692 0
1741 1552 0
1741 7698 0
1741 7699 0
1741 11236 0
1741 1620 0
1741 3729 0
1741 16022 0
1741 1687 0
1741 7851 0
1741 8477 0
1741 1741 0
1741 5855 0
1741 1765 0
1741 5885 0
1741 9062 0
1741 7972 0
1741 5944 0
1741 5994 0
1741 8065 0
1741 1928 0
1741 1957 0
1741 12954 0
1741 6068 1
1741 8144 0
1741 16354 0
1741 6560 0
1741 4081 0
6359 242 0
6359 4349 0
6359 263 0
6359 5850 0
6359 338 0
6359 4520 0
6359 2499 0
6359 19879 0
6359 2594 1
6359 2596 0
6359 2601 0
6359 2606 0
6359 6739 0
6359 2678 0
6359 2712 0
6359 2718 0
6359 2722 0
6359 8867 0
6359 2724 0
6359 772 0
6359 821 0
6359 4966 0
6359 4970 0
6359 4974 0
6359 4978 0
6359 4981 0
6359 4985 0
6359 4988 0
6359 7064 0
6359 5017 0
6359 5018 0
6359 5021 0
6359 5028 0
6359 5029 0
6359 5031 0
6359 5033 0
6359 5035 0
6359 5043 0
6359 7109 1
6359 3043 0
6359 11236 0
6359 3146 0
6359 870 0
6359 5243 0
6359 2923 1
6359 17541 0
6359 3225 0
6359 1259 0
6359 7480 0
6359 3426 0
6359 1388 0
6359 7551 0
6359 3462 0
6359 3513 0
6359 15853 0
6359 1620 0
6359 1637 0
6359 1680 0
6359 3729 0
6359 16022 0
6359 5855 0
6359 3871 0
6359 3886 0
6359 7986 0
6359 5981 0
6359 8064 0
6359 8065 0
6359 3986 0
6359 18332 0
6359 6078 0
6359 6081 0
4319 7851 0
4319 4624 0
4319 7721 0
4319 6739 0
4319 6740 0
4319 6741 0
4319 5243 0
4319 1680 0
4319 1687 0
4319 2714 0
4319 2718 0
4319 5791 0
4319 2722 0
4319 8867 0
4319 8881 0
4319 2594 1
4319 7893 0
4319 4319 0
4319 1765 0
4319 1259 0
4319 13061 0
4319 2604 0
4319 4371 0
4319 16308 0
4319 287 0
4319 2338 0
4319 7986 0
4319 821 0
4319 337 0
4319 338 0
4319 6484 0
4319 861 0
4319 3426 0
4319 870 0
4319 4463 0
4319 3446 0
4319 8064 0
4319 8065 0
4319 3986 0
4319 1943 0
4319 18332 0
4319 19879 0
4319 6068 1
4319 2997 0
4319 4559 0
4319 2524 0
242 5659 0
242 2596 0
242 2601 0
242 7726 0
242 5043 0
242 13061 0
242 6068 1
242 3146 0
242 3426 0
242 2594 1
242 6740 0
242 869 0
242 1637 0
242 5243 0
242 1680 0
242 1687 0
242 2712 0
242 3225 0
242 2718 0
242 2722 0
242 8867 0
242 2724 0
242 5017 0
242 5855 0
242 1765 0
242 7721 0
242 5885 0
242 7893 0
242 772 0
242 287 0
242 2338 0
242 5432 0
242 337 0
242 338 0
242 861 0
242 5018 0
242 4981 0
242 3729 0
242 4479 0
242 3986 0
242 5469 0
242 1943 0
242 7064 0
242 6560 0
242 19879 0
242 5033 0
242 6065 0
242 2997 0
242 4536 0
242 6078 0
242 6081 0
242 9172 0
242 5028 0
242 5029 0
242 16308 0
14580 2921 1
14580 2923 1
14580 2924 0
14580 14580 0
248 3986 0
248 7064 0
248 287 0
248 2594 1
248 6068 1
248 6977 0
248 861 0
248 7721 0
248 5243 0
248 7893 0
8442 6738 0
8442 6739 0
8442 2709 0
8442 2722 0
8442 1197 0
8442 1765 0
8442 337 0
8442 5981 0
8442 3462 0
8442 20359 1
8442 3986 0
8442 915 0
8442 8867 0
4349 4624 0
4349 561 0
4349 1620 0
4349 5243 0
4349 6977 0
4349 3729 0
4349 2708 0
4349 13479 0
4349 8881 0
4349 6860 0
4349 17363 0
4349 5855 0
4349 5856 0
4349 1259 0
4349 4349 0
4349 6401 0
4349 287 0
4349 7466 0
4349 3426 0
4349 9064 1
4349 3446 0
4349 747 0
4349 3986 0
4349 18332 0
4349 19879 0
4349 6068 1
4349 6081 0
4349 6740 0
6401 6068 1
6401 5885 0
6401 2677 0
6401 2703 0
6401 2709 0
6401 1687 0
6401 4822 0
6401 1765 0
6401 7893 0
6401 6401 0
6401 870 0
6401 3986 0
6401 7032 1
6401 7551 0
6401 389 0
6401 1943 0
6401 3225 0
6401 1957 0
6401 5555 0
6401 19808 0
6401 3011 0
6401 4551 0
6401 2019 0
8452 263 0
8452 19850 0
8452 3986 0
8452 6068 1
8452 568 0
8452 1620 0
8452 18005 1
263 5476 0
263 2594 1
263 8867 0
263 1668 0
263 1160 0
263 2709 0
263 5491 0
263 1221 0
263 5329 0
263 5855 0
263 1259 0
263 263 0
263 2338 0
263 861 0
263 915 0
263 16241 0
263 4477 0
263 1928 0
263 7064 0
263 5981 0
263 4524 0
263 4525 0
263 4526 0
263 8881 0
263 18005 1
274 2588 1
274 5735 0
274 274 0
274 277 0
274 287 0
274 1943 0
274 6068 1
4371 4624 0
4371 7698 0
4371 2582 0
4371 2606 0
4371 1620 0
4371 6741 0
4371 7699 0
4371 16354 0
4371 1160 0
4371 3729 0
4371 1687 0
4371 7109 1
4371 1197 0
4371 1221 0
4371 3283 0
4371 4822 0
4371 1259 0
4371 4371 0
4371 7726 0
4371 3353 0
4371 3354 0
4371 8484 0
4371 5432 0
4371 827 0
4371 3043 0
4371 861 0
4371 9064 1
4371 5994 0
4371 3446 0
4371 8064 0
4371 7555 0
4371 7045 0
4371 5521 0
4371 3986 0
4371 1957 0
4371 5981 0
4371 3513 0
4371 2499 0
4371 2500 0
4371 4551 0
4371 4550 0
4371 5855 0
4371 2019 0
4371 19879 0
277 2703 0
277 277 0
277 2712 0
277 3354 0
277 5659 0
277 2588 1
277 2718 0
277 685 0
277 6068 1
277 5432 0
277 5735 0
277 5491 0
277 2709 0
2331 7698 0
2331 2588 1
2331 2601 0
2331 6720 0
2331 7699 0
2331 1687 0
2331 5855 0
2331 2331 0
2331 4427 1
2331 8065 0
2331 2500 0
2331 4551 0
8477 287 0
8477 2338 0
8477 6484 0
8477 4463 0
8477 6573 0
8477 2594 1
8477 2596 0
8477 2601 0
8477 2602 0
8477 2604 0
8477 2606 0
8477 6737 0
8477 6739 0
8477 6740 0
8477 6741 0
8477 2678 0
8477 12954 0
8477 2722 0
8477 18981 0
8477 8881 0
8477 13061 0
8477 4916 0
8477 821 0
8477 6977 0
8477 869 0
8477 4974 0
8477 4978 0
8477 4985 0
8477 7064 0
8477 5017 0
8477 5018 0
8477 5021 0
8477 5028 0
8477 5029 0
8477 5033 0
8477 5043 0
8477 11236 0
8477 861 0
8477 5212 0
8477 4966 0
8477 13437 0
8477 5255 0
8477 5329 0
8477 18982 0
8477 15629 0
8477 5400 0
8477 7480 0
8477 3426 0
8477 1388 0
8477 1392 0
8477 5016 0
8477 19879 0
8477 3561 0
8477 15853 0
8477 7726 0
8477 2997 0
8477 1653 0
8477 11894 0
8477 18090 0
8477 7851 0
8477 7893 0
8477 5981 0
8477 16241 0
8477 3986 0
8477 1943 0
8477 18332 0
8477 6065 0
8477 16308 0
8477 16374 0
8477 16354 0
8477 2019 0
287 287 0
287 8825 0
287 8881 0
287 719 0
287 9009 0
287 827 0
287 837 0
287 870 0
287 9064 1
287 1009 0
287 1221 0
287 1259 0
287 1260 0
287 1620 0
287 18090 0
287 1860 0
287 2338 0
287 2594 1
287 18981 0
287 2708 0
287 2712 0
287 2718 0
287 3043 0
287 11236 0
287 3142 0
287 3354 0
287 3426 0
287 3446 0
287 19837 0
287 3460 0
287 19879 0
287 3513 0
287 1957 0
287 3729 0
287 4428 0
287 4465 0
287 4536 0
287 4559 0
287 4649 0
287 12954 0
287 4916 0
287 4988 0
287 5029 0
287 5031 0
287 5043 0
287 5052 0
287 5212 0
287 5243 0
287 13479 0
287 5290 1
287 13549 0
287 5487 0
287 5494 0
287 5850 0
287 9172 0
287 5885 0
287 5944 0
287 5980 0
287 5994 0
287 6078 0
287 6081 0
287 17451 0
287 16087 0
287 6561 0
287 6737 0
287 6739 0
287 7300 0
287 7379 0
287 7480 0
287 7893 0
287 7931 0
287 16241 0
287 2724 0
287 16374 0
2338 3789 0
2338 2338 0
2338 12646 0
2338 4463 0
2338 4465 0
2338 4491 0
2338 2499 0
2338 4550 0
2338 2594 1
2338 2596 0
2338 2601 0
2338 2602 0
2338 2604 0
2338 6739 0
2338 2709 0
2338 2712 0
2338 2714 0
2338 2718 0
2338 2722 0
2338 8867 0
2338 2724 0
2338 8881 0
2338 4822 0
2338 4974 0
2338 4978 0
2338 4988 0
2338 5016 0
2338 5017 0
2338 5028 0
2338 5029 0
2338 5031 0
2338 2985 1
2338 2997 0
2338 5052 0
2338 3011 0
2338 1022 0
2338 4985 0
2338 5981 0
2338 3142 0
2338 3146 0
2338 5243 0
2338 1197 0
2338 3283 0
2338 5367 0
2338 7430 0
2338 2606 0
2338 3354 0
2338 5432 0
2338 5978 0
2338 5469 0
2338 3426 0
2338 1388 0
2338 4547 0
2338 7064 0
2338 19879 0
2338 5033 0
2338 7698 0
2338 7726 0
2338 5043 0
2338 1620 0
2338 1653 0
2338 1680 0
2338 1687 0
2338 7851 0
2338 16087 0
2338 7917 0
2338 7480 0
2338 5980 0
2338 5994 0
2338 6065 0
2338 1928 0
2338 3986 0
2338 1943 0
2338 12954 0
2338 6068 1
2338 6081 0
2338 8142 0
8484 2582 0
8484 2588 1
8484 561 0
8484 2678 0
8484 1160 0
8484 16022 0
8484 1687 0
8484 5329 0
8484 5855 0
8484 1259 0
8484 6904 0
8484 7551 0
8484 8484 0
8484 301 0
8484 5491 0
8484 19837 0
8484 13190 0
8484 6560 0
8484 1957 0
8484 6072 1
8484 453 0
8484 4550 0
8484 4551 0
8484 972 0
8484 17363 0
8484 2524 0
8484 3043 0
301 7692 0
301 1552 0
301 7698 0
301 7699 0
301 2588 1
301 5469 0
301 561 0
301 5641 0
301 6720 0
301 1620 0
301 9009 0
301 7931 0
301 2678 0
301 6977 0
301 16354 0
301 1160 0
301 2703 0
301 16022 0
301 1687 0
301 669 0
301 2722 0
301 8867 0
301 1197 0
301 719 0
301 4822 0
301 5855 0
301 1259 0
301 6904 0
301 7430 0
301 3354 0
301 3355 0
301 7455 0
301 301 0
301 4916 0
301 827 0
301 4428 0
301 5432 0
301 4443 0
301 869 0
301 5994 0
301 2414 0
301 3446 0
301 7045 0
301 4463 0
301 5367 0
301 6560 0
301 6561 0
301 5981 0
301 7084 0
301 6068 1
301 2718 0
301 6078 0
301 4547 0
301 2500 0
301 4550 0
301 2524 0
301 3043 0
301 4551 0
301 6740 0
4427 3460 1
4427 3353 1
4427 20252 1
4427 15141 1
4427 3011 1
4427 4428 1
4427 16087 1
4427 2414 1
4427 2418 1
4427 8825 1
4428 7699 0
4428 5659 0
4428 861 0
4428 2712 0
4428 2500 0
4428 3284 0
4428 16087 0
4428 561 0
4428 5432 0
4428 4428 0
4428 337 0
4428 5469 0
4428 1957 0
4428 4524 0
4428 4525 0
4428 4526 0
4428 6072 1
4428 4547 0
4428 5641 0
4428 17363 0
4428 3043 0
337 2594 1
337 2601 0
337 2604 0
337 2606 0
337 5981 0
337 1620 0
337 5243 0
337 7300 0
337 2703 0
337 2709 0
337 2712 0
337 669 0
337 2718 0
337 4551 0
337 1197 0
337 1221 0
337 6081 0
337 5885 0
337 8867 0
337 3886 0
337 5855 0
337 337 0
337 338 0
337 5978 0
337 5469 0
337 5476 0
337 4966 0
337 4981 0
337 3446 0
337 5017 0
337 12954 0
337 19879 0
337 4679 1
337 5980 0
337 5052 0
337 453 0
337 4550 0
337 972 0
337 5028 0
337 3043 0
337 4081 0
337 1022 0
338 5469 0
338 338 0
338 6484 0
338 4479 0
338 4550 0
338 4551 0
338 2594 1
338 2596 0
338 2601 0
338 2602 0
338 2604 0
338 2606 0
338 2678 0
338 2703 0
338 2712 0
338 12954 0
338 669 0
338 2722 0
338 8867 0
338 3886 0
338 7005 0
338 4966 0
338 4981 0
338 4988 0
338 13190 0
338 5016 0
338 5017 0
338 5018 0
338 5021 0
338 5028 0
338 5033 0
338 5052 0
338 972 0
338 1022 0
338 7300 0
338 3223 1
338 1221 0
338 1223 0
338 1260 0
338 19808 0
338 5487 0
338 1392 0
338 3446 0
338 5521 0
338 19879 0
338 1620 0
338 5885 0
338 7972 0
338 5978 0
338 5980 0
338 5981 0
338 2709 0
338 6068 1
338 6081 0
338 16354 0
338 4081 0
6484 8467 0
6484 4477 0
6484 4524 0
6484 4525 0
6484 4526 0
6484 4547 0
6484 20989 0
6484 2594 1
6484 2596 0
6484 2601 0
6484 2602 0
6484 2603 0
6484 2604 0
6484 2606 0
6484 6737 0
6484 6738 0
6484 6739 0
6484 6740 0
6484 6741 0
6484 2703 0
6484 2708 0
6484 2709 0
6484 2712 0
6484 2718 0
6484 2722 0
6484 8881 0
6484 4916 0
6484 7005 0
6484 4966 0
6484 4970 0
6484 4974 0
6484 4981 0
6484 4985 0
6484 4988 0
6484 5016 0
6484 5017 0
6484 5018 0
6484 5028 0
6484 5029 0
6484 5031 0
6484 5033 0
6484 11236 0
6484 1022 0
6484 5220 0
6484 5243 0
6484 5400 0
6484 7455 0
6484 7480 0
6484 1388 0
6484 1392 0
6484 19879 0
6484 5021 0
6484 1653 0
6484 1680 0
6484 3353 0
6484 1765 0
6484 3929 0
6484 5981 0
6484 6807 0
6484 3986 0
6484 6068 1
6484 6078 0
4443 2582 0
4443 2588 1
4443 561 0
4443 3729 0
4443 16022 0
4443 1687 0
4443 8867 0
4443 1653 0
4443 5855 0
4443 7931 0
4443 7552 0
4443 7430 0
4443 15629 0
4443 4443 0
4443 861 0
4443 19808 0
4443 5476 0
4443 869 0
4443 9062 0
4443 7534 0
4443 3446 0
4443 7551 0
4443 7555 0
4443 389 0
4443 8075 0
4443 3986 0
4443 6072 1
4443 4550 0
4443 4551 0
4443 5073 0
18787 5735 0
18787 3355 0
18787 9064 1
18787 13221 1
18787 453 0
18787 2019 0
12646 3462 0
12646 16308 0
12646 13061 0
12646 12954 0
12646 7721 0
12646 6068 1
12646 2594 1
12646 1620 0
12646 3426 0
12646 870 0
12646 7893 0
12646 6739 0
12646 9172 0
12646 5885 0
2408 5641 0
2408 4624 0
2408 2588 1
2408 561 0
2408 1160 0
2408 3729 0
2408 7534 0
2408 1687 0
2408 5367 0
2408 7698 0
2408 15141 0
2408 5432 0
2408 8467 0
2408 19808 0
2408 3426 0
2408 2408 0
2408 1388 0
2408 2414 0
2408 6560 0
2408 7084 0
2408 6072 1
2408 6904 0
2408 17363 0
2408 3043 0
2408 11236 0
2414 5641 0
2414 1552 0
2414 2588 1
2414 2606 0
2414 561 0
2414 3426 0
2414 2414 0
2414 4787 0
2414 4822 0
2414 5855 0
2414 15141 0
2414 5981 0
2414 7534 0
2414 5367 0
2414 5073 0
2414 17363 0
4463 4463 0
4463 4465 0
4463 4477 0
4463 4524 0
4463 4525 0
4463 4526 0
4463 4536 0
4463 4547 0
4463 2500 0
4463 4550 0
4463 4551 0
4463 18982 0
4463 5212 0
4463 6739 0
4463 6741 0
4463 2708 0
4463 2712 0
4463 719 0
4463 4822 0
4463 747 0
4463 11008 0
4463 827 0
4463 6977 0
4463 861 0
4463 869 0
4463 7064 0
4463 2997 0
4463 972 0
4463 17363 0
4463 1022 0
4463 3223 1
4463 15629 0
4463 5400 0
4463 561 0
4463 3446 0
4463 3462 0
4463 389 0
4463 7698 0
4463 3729 0
4463 7893 0
4463 5855 0
4463 8064 0
4463 8065 0
4463 3986 0
4463 1943 0
4463 6065 0
4463 16308 0
4463 6072 1
4465 19879 0
4465 7698 0
4465 2603 0
4465 6741 0
4465 1653 0
4465 5243 0
4465 2708 0
4465 2709 0
4465 3223 1
4465 2712 0
4465 20252 0
4465 8881 0
4465 3283 0
4465 2596 0
4465 5855 0
4465 747 0
4465 5885 0
4465 11008 0
4465 15629 0
4465 561 0
4465 827 0
4465 861 0
4465 16241 0
4465 8064 0
4465 389 0
4465 3462 0
4465 7064 0
4465 18332 0
4465 4524 0
4465 4525 0
4465 4526 0
4465 6072 1
4465 2500 0
4465 4550 0
4465 17363 0
4465 6068 1
4465 1022 0
2418 8081 0
2418 2594 1
2418 2601 0
2418 561 0
2418 3729 0
2418 2500 0
2418 12954 0
2418 669 0
2418 5855 0
2418 1765 0
2418 5885 0
2418 861 0
2418 3353 0
2418 3886 0
2418 4916 0
2418 5469 0
2418 4966 0
2418 5994 0
2418 3986 0
2418 16241 0
2418 2418 0
2418 3446 0
2418 4988 0
2418 3462 0
2418 6977 0
2418 5521 0
2418 18332 0
2418 5033 0
2418 4547 0
2418 4550 0
2418 4551 0
2418 972 0
2418 6739 0
4477 8065 0
4477 2601 0
4477 561 0
4477 3146 0
4477 6072 1
4477 1620 0
4477 6741 0
4477 9064 1
4477 3729 0
4477 1687 0
4477 3225 0
4477 5494 0
4477 719 0
4477 5855 0
4477 861 0
4477 4547 0
4477 4479 0
4477 3462 0
4477 1943 0
4477 3986 0
4477 915 0
4477 5469 0
4477 13221 1
4477 19879 0
4477 4520 0
4477 6065 0
4477 6068 1
4477 2997 0
4477 4536 0
4477 2499 0
4477 4550 0
4477 4551 0
4477 972 0
4477 11236 0
4477 6739 0
4479 2594 1
4479 7726 0
4479 6068 1
4479 6738 0
4479 6739 0
4479 1620 0
4479 1653 0
4479 1668 0
4479 2703 0
4479 2712 0
4479 2718 0
4479 2724 0
4479 685 0
4479 719 0
4479 7893 0
4479 5855 0
4479 5885 0
4479 13061 0
4479 8065 0
4479 3353 0
4479 3354 0
4479 3871 0
4479 827 0
4479 3929 0
4479 5981 0
4479 3426 0
4479 9064 1
4479 3462 0
4479 3986 0
4479 915 0
4479 1943 0
4479 5016 0
4479 5028 0
4479 13221 1
4479 19879 0
4479 6065 0
4479 2997 0
4479 2500 0
4479 16308 0
4479 11236 0
4479 1022 0
389 8064 0
389 5130 0
389 1552 0
389 2582 0
389 7213 0
389 561 0
389 568 0
389 869 0
389 1653 0
389 1687 0
389 2712 0
389 1197 0
389 5850 0
389 5855 0
389 5856 0
389 5885 0
389 5432 0
389 1765 0
389 3426 0
389 9064 1
389 3446 0
389 389 0
389 13190 0
389 19850 0
389 6068 1
389 6078 0
389 4547 0
389 2500 0
389 453 0
389 8144 0
389 2524 0
4491 2601 0
4491 3146 0
4491 8867 0
4491 3789 0
4491 5855 0
4491 3871 0
4491 3043 0
4491 4491 0
4491 13221 1
4491 6068 1
4491 5073 0
6560 5641 0
6560 1552 0
6560 7698 0
6560 7699 0
6560 2582 0
6560 5659 0
6560 2588 1
6560 561 0
6560 6720 0
6560 6739 0
6560 4624 0
6560 1653 0
6560 2678 0
6560 1160 0
6560 1687 0
6560 8867 0
6560 1197 0
6560 5855 0
6560 5856 0
6560 1765 0
6560 5367 0
6560 7084 0
6560 3353 0
6560 3354 0
6560 3355 0
6560 5981 0
6560 5491 0
6560 6560 0
6560 1957 0
6560 4524 0
6560 6072 1
6560 4550 0
6560 972 0
6560 5073 0
6560 3043 0
6560 6904 0
6561 8065 0
6561 1552 0
6561 2500 0
6561 2588 1
6561 5073 0
6561 7084 0
6561 561 0
6561 6072 1
6561 8867 0
6561 3043 0
6561 1653 0
6561 2678 0
3142 18982 0
3142 561 0
3142 3142 0
3142 6739 0
3142 6741 0
3142 2678 0
3142 1160 0
3142 3729 0
3142 2708 0
3142 1687 0
3142 2722 0
3142 16241 0
3142 5290 1
3142 685 0
3142 8881 0
3142 7893 0
3142 5855 0
3142 1765 0
3142 17363 0
3142 13061 0
3142 8467 0
3142 2601 0
3142 18225 0
3142 13190 0
3142 861 0
3142 869 0
3142 9064 1
3142 3986 0
3142 1943 0
3142 4520 0
3142 6065 0
3142 16308 0
3142 2997 0
3142 972 0
3142 16354 0
3142 3043 0
3142 6737 0
3142 3426 0
3142 1009 0
3142 16374 0
4520 2588 1
4520 1620 0
4520 1668 0
4520 2708 0
4520 2709 0
4520 1687 0
4520 2718 0
4520 2722 0
4520 1653 0
4520 5855 0
4520 13061 0
4520 9009 0
4520 3426 0
4520 9062 0
4520 5487 0
4520 8065 0
4520 3986 0
4520 915 0
4520 4520 0
4520 6068 1
4520 2019 0
4524 8467 0
4524 4524 0
4524 4525 0
4524 4526 0
4524 2500 0
4524 2594 1
4524 1314 0
4524 6739 0
4524 2714 0
4524 2718 0
4524 2722 0
4524 706 0
4524 719 0
4524 4822 0
4524 8142 0
4524 915 0
4524 7064 0
4524 2997 0
4524 3011 0
4524 1022 0
4524 3220 0
4524 3225 0
4524 5290 1
4524 7379 0
4524 1259 0
4524 5469 0
4524 13549 0
4524 3462 0
4524 3561 0
4524 1523 0
4524 1620 0
4524 3789 0
4524 5855 0
4524 16241 0
4524 1957 0
4524 6072 1
4524 6081 0
4524 2724 0
4525 2594 1
4525 2997 0
4525 3220 0
4525 2714 0
4525 2722 0
4525 1221 0
4525 7379 0
4525 8142 0
4525 5469 0
4525 3462 0
4525 3986 0
4525 915 0
4525 5021 0
4525 1957 0
4525 4526 0
4525 2718 0
4525 6072 1
4525 6081 0
4525 1523 0
4525 5290 1
4526 2594 1
4526 2997 0
4526 3220 0
4526 2714 0
4526 5469 0
4526 3462 0
4526 915 0
4526 1957 0
4526 6072 1
4526 6081 0
4526 1523 0
4526 5290 1
4536 2604 0
4536 1620 0
4536 1653 0
4536 1160 0
4536 4547 0
4536 2708 0
4536 1687 0
4536 3225 0
4536 2714 0
4536 2718 0
4536 5791 0
4536 685 0
4536 8881 0
4536 3283 0
4536 3284 0
4536 5855 0
4536 1765 0
4536 5432 0
4536 5469 0
4536 6081 0
4536 5521 0
4536 8065 0
4536 4551 0
4536 915 0
4536 5021 0
4536 19879 0
4536 6068 1
4536 4536 0
4536 6078 0
4536 3011 0
4536 7109 1
4536 4550 0
4536 972 0
4536 2019 0
2499 5641 0
2499 7698 0
2499 1620 0
2499 2677 0
2499 5243 0
2499 2712 0
2499 669 0
2499 2722 0
2499 5855 0
2499 1259 0
2499 13549 0
2499 5885 0
2499 1160 0
2499 5432 0
2499 7534 0
2499 7084 0
2499 6068 1
2499 2499 0
2499 7109 1
2499 4551 0
2499 972 0
2500 2524 0
2500 561 0
2500 6720 0
2500 6737 0
2500 2703 0
2500 2708 0
2500 2709 0
2500 2712 0
2500 2718 0
2500 453 0
2500 2722 0
2500 2724 0
2500 4916 0
2500 6977 0
2500 9038 0
2500 870 0
2500 7045 0
2500 2985 1
2500 17363 0
2500 3043 0
2500 7698 0
2500 1160 0
2500 1197 0
2500 1221 0
2500 1223 0
2500 1259 0
2500 5367 0
2500 3353 0
2500 3354 0
2500 3355 0
2500 2500 0
2500 5491 0
2500 3446 0
2500 5521 0
2500 19879 0
2500 4822 0
2500 5641 0
2500 1552 0
2500 1554 0
2500 7699 0
2500 18005 1
2500 5735 0
2500 1680 0
2500 3729 0
2500 1687 0
2500 5855 0
2500 3886 0
2500 5432 0
2500 5981 0
2500 5994 0
2500 8065 0
2500 1943 0
2500 6078 0
2500 6081 0
453 5130 0
453 1552 0
453 561 0
453 568 0
453 1620 0
453 869 0
453 17541 0
453 2708 0
453 1687 0
453 2718 0
453 5855 0
453 1765 0
453 5432 0
453 19850 0
453 3426 0
453 9064 1
453 3446 0
453 6068 1
453 4547 0
453 453 0
453 19879 0
453 1022 0
4550 4550 0
4550 4551 0
4550 2524 0
4550 2588 1
4550 561 0
4550 2718 0
4550 706 0
4550 6860 0
4550 719 0
4550 4822 0
4550 747 0
4550 6904 0
4550 861 0
4550 870 0
4550 9064 1
4550 7064 0
4550 7109 1
4550 3043 0
4550 7213 0
4550 2582 0
4550 1160 0
4550 3220 0
4550 3225 0
4550 1197 0
4550 1221 0
4550 3353 0
4550 3354 0
4550 3355 0
4550 13190 0
4550 5432 0
4550 3426 0
4550 5476 0
4550 5016 0
4550 5661 0
4550 1620 0
4550 3729 0
4550 16022 0
4550 1687 0
4550 7893 0
4550 5855 0
4550 5856 0
4550 1765 0
4550 7917 0
4550 5944 0
4550 8064 0
4550 3986 0
4550 1957 0
4550 6068 1
4550 6072 1
4551 2524 0
4551 2588 1
4551 2604 0
4551 561 0
4551 4551 0
4551 685 0
4551 706 0
4551 6860 0
4551 719 0
4551 747 0
4551 6904 0
4551 861 0
4551 870 0
4551 9064 1
4551 13190 0
4551 7064 0
4551 7109 1
4551 3043 0
4551 5016 0
4551 1160 0
4551 3220 0
4551 3225 0
4551 1197 0
4551 8064 0
4551 3353 0
4551 3355 0
4551 5432 0
4551 5446 1
4551 3426 0
4551 5476 0
4551 5521 0
4551 5661 0
4551 1620 0
4551 3729 0
4551 5855 0
4551 5856 0
4551 1765 0
4551 7917 0
4551 5944 0
4551 3929 0
4551 3986 0
4551 1957 0
4551 6068 1
4551 6072 1
4559 5661 0
4559 2594 1
4559 2604 0
4559 870 0
4559 1680 0
4559 3220 0
4559 3225 0
4559 685 0
4559 3789 0
4559 747 0
4559 3355 0
4559 5855 0
4559 1388 0
4559 2709 0
4559 7064 0
4559 5016 0
4559 1957 0
4559 6068 1
4559 17541 0
4559 7109 1
4559 1022 0
16859 6977 0
16859 3729 0
16859 5016 0
16859 5021 0
16859 2594 1
16859 19879 0
16859 5033 0
16859 2606 0
16859 4916 0
16859 6068 1
16859 1620 0
16859 4822 0
16859 5029 0
16859 5885 0
2524 8064 0
2524 2582 0
2524 5469 0
2524 561 0
2524 6740 0
2524 1160 0
2524 3729 0
2524 2708 0
2524 1687 0
2524 2712 0
2524 2718 0
2524 2722 0
2524 8881 0
2524 1221 0
2524 4822 0
2524 5855 0
2524 1259 0
2524 6904 0
2524 5885 0
2524 7430 0
2524 3354 0
2524 5432 0
2524 5981 0
2524 5994 0
2524 3446 0
2524 7551 0
2524 8065 0
2524 6807 0
2524 1943 0
2524 7084 0
2524 6068 1
2524 6078 0
2524 2524 0
2524 3043 0
2524 7109 1
18914 3986 0
18914 2594 1
18914 18981 0
18914 7851 0
18914 6068 1
18914 821 0
18914 1221 0
18914 5981 0
18914 18914 0
18914 1637 0
18914 16241 0
18914 1653 0
18914 5033 0
12784 7109 1
12784 6068 1
12784 3446 0
20989 3986 0
20989 2708 0
20989 2709 0
20989 21148 0
20989 5661 0
20989 2594 1
20989 8881 0
20989 6068 1
20989 6737 0
20989 6738 0
20989 6739 0
20989 6741 0
20989 3426 0
20989 6740 0
527 527 0
527 1221 0
527 6068 1
527 8467 0
527 1223 0
527 719 0
527 3561 0
527 7109 1
4624 4624 0
4624 2594 1
4624 2596 0
4624 4649 0
4624 16374 0
4624 870 0
4624 2703 0
4624 1680 0
4624 2712 0
4624 2714 0
4624 2718 0
4624 8867 0
4624 4787 0
4624 1221 0
4624 1223 0
4624 18982 0
4624 17363 0
4624 3929 0
4624 5981 0
4624 3729 0
4624 5487 0
4624 3446 0
4624 2709 0
4624 3986 0
4624 915 0
4624 18332 0
4624 6065 0
4624 6068 1
4624 2997 0
4624 2722 0
4624 2724 0
4624 5885 0
4624 4081 0
4624 6741 0
2588 5641 1
2588 7699 1
2588 5659 1
2588 2588 2
2588 5469 1
2588 6720 1
2588 5735 1
2588 2678 1
2588 8825 1
2588 1160 1
2588 16022 1
2588 1687 1
2588 3354 1
2588 3355 1
2588 1197 1
2588 8881 1
2588 6849 1
2588 5855 1
2588 1259 1
2588 6904 1
2588 7931 1
2588 1788 1
2588 7430 1
2588 1314 1
2588 15141 1
2588 5432 1
2588 3353 1
2588 7005 1
2588 5476 1
2588 5994 1
2588 7534 1
2588 3446 1
2588 7551 1
2588 7552 1
2588 7555 1
2588 7045 1
2588 8075 1
2588 6072 2
2588 8144 1
2588 16354 1
2594 8467 1
2594 5850 1
2594 4547 1
2594 11008 1
2594 6573 1
2594 13061 1
2594 2594 2
2594 2596 1
2594 2601 1
2594 2602 1
2594 2603 1
2594 2604 1
2594 2606 1
2594 561 1
2594 16952 1
2594 6720 1
2594 6737 1
2594 6739 1
2594 6740 1
2594 6741 1
2594 2677 1
2594 2678 1
2594 2703 1
2594 2709 1
2594 2714 1
2594 2718 1
2594 2722 1
2594 8867 1
2594 2724 1
2594 685 1
2594 8881 1
2594 18982 1
2594 772 1
2594 7982 1
2594 18225 1
2594 21296 1
2594 4916 1
2594 821 1
2594 6977 1
2594 861 1
2594 869 1
2594 4966 1
2594 4970 1
2594 4974 1
2594 4978 1
2594 4981 1
2594 4985 1
2594 4988 1
2594 5016 1
2594 5017 1
2594 5018 1
2594 5021 1
2594 5028 1
2594 5029 1
2594 5031 1
2594 5033 1
2594 5035 1
2594 5043 1
2594 2997 1
2594 5052 1
2594 972 1
2594 9038 1
2594 11236 1
2594 1022 1
2594 3146 1
2594 5212 1
2594 5220 1
2594 5243 1
2594 13437 1
2594 7300 1
2594 17541 1
2594 13449 1
2594 3225 1
2594 1221 1
2594 1223 1
2594 5329 1
2594 3283 1
2594 3284 1
2594 7005 1
2594 1259 1
2594 15629 1
2594 5400 1
2594 19758 1
2594 7480 1
2594 3426 1
2594 1388 1
2594 5487 1
2594 1392 1
2594 5494 1
2594 7064 1
2594 19879 1
2594 15809 1
2594 3561 1
2594 15853 1
2594 1523 1
2594 7692 1
2594 16308 1
2594 1637 1
2594 1653 1
2594 11894 1
2594 15994 1
2594 1668 1
2594 1680 1
2594 18090 1
2594 7851 1
2594 7893 1
2594 5855 1
2594 1765 1
2594 16126 1
2594 3871 1
2594 7972 1
2594 3886 1
2594 7986 1
2594 1860 1
2594 3929 1
2594 5994 1
2594 16241 1
2594 8065 1
2594 2712 1
2594 3986 1
2594 1943 1
2594 18332 1
2594 12954 1
2594 6065 1
2594 6068 2
2594 6078 1
2594 6081 1
2594 8144 1
2594 4081 1
2594 16374 1
2596 7851 0
2596 18982 0
2596 870 0
2596 2582 0
2596 2596 0
2596 2601 0
2596 2602 0
2596 2603 0
2596 2604 0
2596 2606 0
2596 5981 0
2596 561 0
2596 16308 0
2596 3146 0
2596 6737 0
2596 6738 0
2596 6739 0
2596 6741 0
2596 5212 0
2596 1637 0
2596 8467 0
2596 1653 0
2596 11894 0
2596 5243 0
2596 1388 0
2596 1680 0
2596 2712 0
2596 3225 0
2596 2714 0
2596 2718 0
2596 2722 0
2596 8867 0
2596 18090 0
2596 5018 0
2596 8881 0
2596 1221 0
2596 5329 0
2596 3283 0
2596 5017 0
2596 16374 0
2596 5855 0
2596 1259 0
2596 7721 0
2596 7893 0
2596 772 0
2596 5400 0
2596 5850 0
2596 7986 0
2596 821 0
2596 6977 0
2596 16241 0
2596 5978 0
2596 3426 0
2596 869 0
2596 4981 0
2596 12954 0
2596 8065 0
2596 3986 0
2596 1943 0
2596 18332 0
2596 19879 0
2596 5033 0
2596 6573 0
2596 6065 0
2596 5043 0
2596 2997 0
2596 5052 0
2596 6078 0
2596 6081 0
2596 7109 1
2596 2724 0
2596 5028 0
2596 5029 0
2596 11236 0
2596 6740 0
18981 1160 0
18981 18981 0
18981 3513 0
18981 1620 0
18981 6068 1
18981 5980 0
18981 5981 0
18981 13221 1
18981 869 0
18982 18982 0
18982 8881 0
18982 2601 0
18982 2604 0
18982 7213 0
18982 2606 0
18982 5981 0
18982 16308 0
18982 6739 0
18982 5212 0
18982 5220 0
18982 8467 0
18982 7300 0
18982 1680 0
18982 2712 0
18982 2714 0
18982 2718 0
18982 18090 0
18982 15853 0
18982 1223 0
18982 5329 0
18982 7893 0
18982 7851 0
18982 8065 0
18982 5400 0
18982 18225 0
18982 4916 0
18982 6977 0
18982 12954 0
18982 1388 0
18982 1392 0
18982 3986 0
18982 1943 0
18982 6573 0
18982 6068 1
18982 4547 0
18982 7726 0
18982 3561 0
18982 16374 0
18982 6741 0
2601 1388 0
2601 6573 0
2601 13061 0
2601 2601 0
2601 2602 0
2601 2603 0
2601 2604 0
2601 2606 0
2601 6737 0
2601 6738 0
2601 6739 0
2601 6740 0
2601 6741 0
2601 2709 0
2601 2712 0
2601 2714 0
2601 2718 0
2601 2722 0
2601 8867 0
2601 2724 0
2601 8881 0
2601 772 0
2601 821 0
2601 6977 0
2601 869 0
2601 4981 0
2601 5017 0
2601 5018 0
2601 5028 0
2601 5029 0
2601 5033 0
2601 5043 0
2601 2997 0
2601 17363 0
2601 11236 0
2601 861 0
2601 3146 0
2601 5212 0
2601 5243 0
2601 3225 0
2601 5329 0
2601 13549 0
2601 5400 0
2601 3426 0
2601 1392 0
2601 3462 0
2601 19879 0
2601 13221 1
2601 13833 0
2601 7726 0
2601 16308 0
2601 1620 0
2601 1637 0
2601 1653 0
2601 1680 0
2601 18090 0
2601 7851 0
2601 7893 0
2601 5855 0
2601 1765 0
2601 7986 0
2601 5981 0
2601 16241 0
2601 3986 0
2601 1943 0
2601 18332 0
2601 12954 0
2601 6065 0
2601 6068 1
2601 6078 0
2601 6081 0
2601 16374 0
2602 2602 0
2602 2603 0
2602 2604 0
2602 2606 0
2602 16308 0
2602 6737 0
2602 6740 0
2602 6741 0
2602 13437 0
2602 1388 0
2602 2714 0
2602 1392 0
2602 7851 0
2602 8881 0
2602 7893 0
2602 15629 0
2602 18225 0
2602 7480 0
2602 6977 0
2602 861 0
2602 3426 0
2602 4966 0
2602 4974 0
2602 5487 0
2602 16241 0
2602 4978 0
2602 4985 0
2602 8065 0
2602 1943 0
2602 5016 0
2602 5017 0
2602 5021 0
2602 18332 0
2602 5043 0
2602 6068 1
2602 6078 0
2602 5029 0
2602 11236 0
2602 3561 0
2602 15853 0
2602 6739 0
2602 16374 0
2603 2603 0
2603 2606 0
2603 16308 0
2603 6737 0
2603 6738 0
2603 6739 0
2603 6740 0
2603 6741 0
2603 5212 0
2603 1680 0
2603 2714 0
2603 16241 0
2603 5018 0
2603 8881 0
2603 7893 0
2603 1765 0
2603 13061 0
2603 8467 0
2603 7982 0
2603 4916 0
2603 6977 0
2603 3986 0
2603 1943 0
2603 12954 0
2603 6065 0
2603 6068 1
2603 2997 0
2603 17363 0
2603 3561 0
2604 1388 0
2604 8467 0
2604 6573 0
2604 2604 0
2604 2606 0
2604 6737 0
2604 6739 0
2604 6740 0
2604 6741 0
2604 2677 0
2604 2678 0
2604 2708 0
2604 12954 0
2604 8867 0
2604 8881 0
2604 821 0
2604 827 0
2604 6977 0
2604 869 0
2604 870 0
2604 2997 0
2604 11236 0
2604 861 0
2604 5212 0
2604 5329 0
2604 1259 0
2604 5400 0
2604 5469 0
2604 3426 0
2604 5487 0
2604 1392 0
2604 3446 0
2604 1620 0
2604 5641 0
2604 7721 0
2604 6068 1
2604 1653 0
2604 3729 0
2604 3354 0
2604 18090 0
2604 7851 0
2604 7893 0
2604 5850 0
2604 5855 0
2604 7982 0
2604 18225 0
2604 5981 0
2604 5994 0
2604 3986 0
2604 1943 0
2604 18332 0
2604 6065 0
2604 16308 0
2604 6078 0
2604 16354 0
2604 16374 0
2606 5850 0
2606 6573 0
2606 4547 0
2606 6739 0
2606 6740 0
2606 6741 0
2606 2678 0
2606 2709 0
2606 2714 0
2606 2722 0
2606 8881 0
2606 21296 0
2606 4916 0
2606 821 0
2606 6977 0
2606 869 0
2606 4966 0
2606 4970 0
2606 4974 0
2606 4978 0
2606 4981 0
2606 4985 0
2606 4988 0
2606 5016 0
2606 5017 0
2606 5018 0
2606 5021 0
2606 5029 0
2606 5031 0
2606 5033 0
2606 5035 0
2606 7084 0
2606 5043 0
2606 3011 0
2606 11236 0
2606 861 0
2606 13061 0
2606 5212 0
2606 5220 0
2606 9062 0
2606 13437 0
2606 7300 0
2606 3223 1
2606 5329 0
2606 13549 0
2606 15629 0
2606 5400 0
2606 7480 0
2606 3426 0
2606 1388 0
2606 1392 0
2606 3446 0
2606 19879 0
2606 15809 0
2606 7005 0
2606 5028 0
2606 3561 0
2606 15853 0
2606 7721 0
2606 2997 0
2606 1653 0
2606 3729 0
2606 1687 0
2606 18090 0
2606 7851 0
2606 7893 0
2606 5855 0
2606 1765 0
2606 3886 0
2606 7986 0
2606 5978 0
2606 5981 0
2606 5994 0
2606 16241 0
2606 3986 0
2606 1943 0
2606 12954 0
2606 6065 0
2606 16308 0
2606 6078 0
2606 16374 0
561 4547 0
561 561 0
561 2678 0
561 8825 0
561 2712 0
561 2718 0
561 2724 0
561 706 0
561 4822 0
561 747 0
561 6904 0
561 17541 0
561 827 0
561 869 0
561 9062 0
561 9064 1
561 7045 0
561 6977 0
561 5033 0
561 3043 0
561 7213 0
561 861 0
561 5212 0
561 5243 0
561 1160 0
561 3225 0
561 1221 0
561 1259 0
561 5367 0
561 3353 0
561 3354 0
561 3355 0
561 5432 0
561 1388 0
561 7534 0
561 7551 0
561 7552 0
561 3462 0
561 5521 0
561 19879 0
561 5641 0
561 1552 0
561 1637 0
561 1680 0
561 3729 0
561 15809 0
561 1687 0
561 5855 0
561 5856 0
561 7931 0
561 5980 0
561 5981 0
561 5994 0
561 6068 1
561 6072 1
561 16374 0
561 8144 0
561 2019 0
16952 5473 1
16952 3929 0
6720 8064 0
6720 1943 0
6720 3355 0
6720 5661 0
6720 5329 0
6720 6072 1
6720 5855 0
6720 16354 0
6720 5073 0
6720 3446 0
6720 5367 0
6720 5885 0
4679 13833 1
4679 669 1
4679 5432 1
4679 6849 1
4679 5981 1
4679 5476 1
4679 5367 1
6737 1388 0
6737 3446 0
6737 8467 0
6737 6738 0
6737 6739 0
6737 6740 0
6737 6741 0
6737 2703 0
6737 2712 0
6737 669 0
6737 2718 0
6737 2722 0
6737 8881 0
6737 11008 0
6737 861 0
6737 4966 0
6737 4970 0
6737 4974 0
6737 4988 0
6737 5016 0
6737 5018 0
6737 5028 0
6737 5031 0
6737 5033 0
6737 7005 0
6737 5212 0
6737 5243 0
6737 4985 0
6737 5400 0
6737 7455 0
6737 7480 0
6737 3426 0
6737 1392 0
6737 5494 0
6737 5021 0
6737 5043 0
6737 1620 0
6737 18005 1
6737 1653 0
6737 1680 0
6737 5855 0
6737 1765 0
6737 5981 0
6737 2709 0
6737 6807 0
6737 3986 0
6738 6738 0
6738 6739 0
6738 6740 0
6738 6741 0
6738 2703 0
6738 2709 0
6738 2712 0
6738 2718 0
6738 2722 0
6738 2724 0
6738 8881 0
6738 11008 0
6738 4916 0
6738 6977 0
6738 7005 0
6738 4966 0
6738 4970 0
6738 4974 0
6738 4981 0
6738 4985 0
6738 4988 0
6738 5016 0
6738 5028 0
6738 5031 0
6738 9062 0
6738 9064 1
6738 5243 0
6738 1259 0
6738 5021 0
6738 5400 0
6738 7455 0
6738 7480 0
6738 3426 0
6738 1388 0
6738 1392 0
6738 3446 0
6738 5018 0
6738 19879 0
6738 5033 0
6738 870 0
6738 5043 0
6738 1680 0
6738 3729 0
6738 5855 0
6738 1765 0
6738 5981 0
6738 6807 0
6738 6068 1
6739 4985 0
6739 8467 0
6739 5850 0
6739 4547 0
6739 19879 0
6739 568 0
6739 6739 0
6739 6740 0
6739 6741 0
6739 2678 0
6739 2703 0
6739 2708 0
6739 2709 0
6739 6807 0
6739 2712 0
6739 2714 0
6739 669 0
6739 2718 0
6739 2722 0
6739 8867 0
6739 2724 0
6739 685 0
6739 8881 0
6739 17541 0
6739 837 0
6739 4966 0
6739 4970 0
6739 4974 0
6739 4981 0
6739 4988 0
6739 5016 0
6739 5017 0
6739 5018 0
6739 5021 0
6739 5028 0
6739 5029 0
6739 5031 0
6739 5033 0
6739 5035 0
6739 5043 0
6739 7109 1
6739 9172 0
6739 1022 0
6739 7005 0
6739 5212 0
6739 5220 0
6739 9062 0
6739 5243 0
6739 13437 0
6739 7300 0
6739 13449 0
6739 15809 0
6739 5329 0
6739 1259 0
6739 1260 0
6739 5367 0
6739 15629 0
6739 5400 0
6739 7455 0
6739 13190 0
6739 19758 0
6739 7480 0
6739 16607 0
6739 1388 0
6739 5487 0
6739 1392 0
6739 5494 0
6739 3561 0
6739 15853 0
6739 1523 0
6739 1653 0
6739 15994 0
6739 1680 0
6739 5791 0
6739 7851 0
6739 1765 0
6739 6081 0
6739 16126 0
6739 7972 0
6739 7982 0
6739 18225 0
6739 5981 0
6739 3986 0
6739 12954 0
6739 6068 1
6739 4081 0
6739 16374 0
6740 8467 0
6740 6741 0
6740 2678 0
6740 2703 0
6740 2709 0
6740 6807 0
6740 2718 0
6740 2722 0
6740 8867 0
6740 2724 0
6740 8881 0
6740 7005 0
6740 4966 0
6740 4970 0
6740 4974 0
6740 4981 0
6740 4985 0
6740 4988 0
6740 5016 0
6740 5017 0
6740 5018 0
6740 5021 0
6740 5028 0
6740 5029 0
6740 5031 0
6740 5033 0
6740 5043 0
6740 7109 1
6740 1022 0
6740 5212 0
6740 5220 0
6740 5243 0
6740 5329 0
6740 4649 0
6740 5400 0
6740 7455 0
6740 7480 0
6740 1388 0
6740 1392 0
6740 5494 0
6740 5516 0
6740 19879 0
6740 3561 0
6740 1523 0
6740 1653 0
6740 1680 0
6740 1765 0
6740 5981 0
6740 2712 0
6740 3986 0
6740 1943 0
6740 1957 0
6740 6068 1
6740 6078 0
6740 4081 0
6740 16374 0
6741 5494 0
6741 19837 0
6741 5850 0
6741 6741 0
6741 6977 0
6741 2703 0
6741 2708 0
6741 2709 0
6741 2712 0
6741 669 0
6741 2718 0
6741 2722 0
6741 2724 0
6741 8881 0
6741 837 0
6741 869 0
6741 870 0
6741 4970 0
6741 4974 0
6741 4978 0
6741 4981 0
6741 4985 0
6741 4988 0
6741 5016 0
6741 5017 0
6741 5018 0
6741 5021 0
6741 5028 0
6741 5029 0
6741 5033 0
6741 5035 0
6741 5043 0
6741 7109 1
6741 972 0
6741 1022 0
6741 861 0
6741 5212 0
6741 5220 0
6741 4966 0
6741 5243 0
6741 13437 0
6741 1259 0
6741 4649 0
6741 5400 0
6741 3354 0
6741 7455 0
6741 7480 0
6741 1388 0
6741 1392 0
6741 5491 0
6741 3446 0
6741 19879 0
6741 7005 0
6741 5031 0
6741 15853 0
6741 1552 0
6741 7726 0
6741 8467 0
6741 1653 0
6741 1680 0
6741 3729 0
6741 7851 0
6741 1765 0
6741 5885 0
6741 7972 0
6741 3886 0
6741 9064 1
6741 5981 0
6741 16241 0
6741 6807 0
6741 3986 0
6741 18332 0
6741 6068 1
6741 6081 0
12887 3223 1
12887 1653 0
12887 719 0
12887 7379 0
4698 2714 0
4698 8867 0
4698 6068 1
4698 6072 1
2677 1552 0
2677 16022 0
2677 19879 0
2677 4822 0
2677 5980 0
2677 9064 1
2677 2677 0
2677 6904 0
2678 2678 0
2678 5243 0
2678 1687 0
2678 7851 0
2678 1223 0
2678 7893 0
2678 5855 0
2678 1765 0
2678 6904 0
2678 5885 0
2678 8467 0
2678 9009 0
2678 861 0
2678 3426 0
2678 1388 0
2678 8065 0
2678 5521 0
2678 3986 0
2678 1943 0
2678 15430 0
2678 16308 0
2678 6078 0
2678 11236 0
2678 3561 0
2678 1009 0
8825 1687 0
8825 5516 0
8825 2709 0
8825 1943 0
8825 12954 0
8825 5212 0
8825 7466 0
8825 1223 0
8825 5641 0
8825 5432 0
8825 1221 0
8825 5850 0
8825 861 0
8825 5856 0
8825 3426 0
8825 11236 0
8825 4978 0
8825 1653 0
8825 8825 0
6784 1680 0
6784 3986 0
6784 8467 0
6784 2724 0
6784 19879 0
6784 6068 1
6784 16308 0
6784 7109 1
6784 9172 0
6784 16607 0
6784 3561 0
6784 13549 0
6784 7893 0
2703 4649 0
2703 2703 0
2703 2709 0
2703 2712 0
2703 12954 0
2703 2718 0
2703 2722 0
2703 8867 0
2703 2724 0
2703 8881 0
2703 4787 0
2703 7986 0
2703 4916 0
2703 869 0
2703 870 0
2703 7045 0
2703 915 0
2703 2997 0
2703 972 0
2703 11236 0
2703 1022 0
2703 5243 0
2703 13549 0
2703 3426 0
2703 19837 0
2703 3462 0
2703 1943 0
2703 5516 0
2703 5029 0
2703 7721 0
2703 7726 0
2703 1620 0
2703 3729 0
2703 7851 0
2703 5855 0
2703 5885 0
2703 3886 0
2703 8065 0
2703 3986 0
2703 18332 0
2703 1957 0
2703 6065 0
2703 6068 1
2703 6078 0
4547 16308 0
4547 1620 0
4547 5212 0
4547 5220 0
4547 1653 0
4547 3729 0
4547 2709 0
4547 16022 0
4547 1687 0
4547 2712 0
4547 2718 0
4547 2722 0
4547 8867 0
4547 1221 0
4547 1223 0
4547 3283 0
4547 7893 0
4547 5850 0
4547 7986 0
4547 17363 0
4547 5855 0
4547 747 0
4547 13061 0
4547 5400 0
4547 5432 0
4547 3929 0
4547 861 0
4547 3426 0
4547 5994 0
4547 1388 0
4547 3986 0
4547 9064 1
4547 8065 0
4547 3462 0
4547 6977 0
4547 8081 0
4547 915 0
4547 1943 0
4547 5017 0
4547 18332 0
4547 6065 0
4547 6068 1
4547 2997 0
4547 4547 0
4547 972 0
4547 8881 0
4547 3043 0
4547 5031 0
2708 8467 0
2708 4649 0
2708 2709 0
2708 2712 0
2708 2714 0
2708 669 0
2708 2718 0
2708 2722 0
2708 2724 0
2708 8881 0
2708 11008 0
2708 13061 0
2708 827 0
2708 861 0
2708 915 0
2708 5016 0
2708 7109 1
2708 1022 0
2708 5243 0
2708 1221 0
2708 3353 0
2708 3354 0
2708 5432 0
2708 3446 0
2708 3462 0
2708 5516 0
2708 19879 0
2708 3561 0
2708 7084 0
2708 7698 0
2708 7721 0
2708 1620 0
2708 5855 0
2708 5885 0
2708 3886 0
2708 3929 0
2708 5981 0
2708 8064 0
2708 8065 0
2708 3986 0
2708 6068 1
2708 6078 0
2708 8144 0
2708 16354 0
2708 2019 0
2708 16374 0
2709 19837 0
2709 8467 0
2709 5885 0
2709 2709 0
2709 2712 0
2709 2714 0
2709 669 0
2709 2718 0
2709 2722 0
2709 8881 0
2709 719 0
2709 6904 0
2709 13061 0
2709 4916 0
2709 6977 0
2709 861 0
2709 869 0
2709 870 0
2709 2923 1
2709 915 0
2709 7064 0
2709 11236 0
2709 9062 0
2709 3220 0
2709 5329 0
2709 13549 0
2709 4649 0
2709 5432 0
2709 3426 0
2709 5476 0
2709 1388 0
2709 5494 0
2709 3462 0
2709 5016 0
2709 19879 0
2709 15809 0
2709 3561 0
2709 7699 0
2709 16308 0
2709 1620 0
2709 16354 0
2709 1687 0
2709 7893 0
2709 5855 0
2709 3886 0
2709 7986 0
2709 3929 0
2709 5981 0
2709 8064 0
2709 8065 0
2709 3986 0
2709 1943 0
2709 18332 0
2709 12954 0
2709 6068 1
2709 6078 0
2709 2724 0
2709 4081 0
2709 16374 0
6807 18332 0
6807 2718 0
6807 8881 0
6807 1221 0
6807 5855 0
6807 1765 0
6807 1259 0
6807 3886 0
6807 7455 0
6807 3986 0
6807 2985 1
6807 6068 1
6807 972 0
2712 7851 0
2712 19837 0
2712 17541 0
2712 2712 0
2712 2714 0
2712 2718 0
2712 2722 0
2712 8867 0
2712 2724 0
2712 8881 0
2712 4787 0
2712 4822 0
2712 11008 0
2712 772 0
2712 7986 0
2712 4916 0
2712 861 0
2712 870 0
2712 4978 0
2712 4981 0
2712 6977 0
2712 915 0
2712 5017 0
2712 5018 0
2712 5028 0
2712 5029 0
2712 5033 0
2712 5043 0
2712 2997 0
2712 5052 0
2712 3043 0
2712 11236 0
2712 1022 0
2712 3146 0
2712 5212 0
2712 9062 0
2712 5243 0
2712 3220 0
2712 3225 0
2712 3284 0
2712 1259 0
2712 4649 0
2712 5400 0
2712 3354 0
2712 1314 0
2712 5432 0
2712 3426 0
2712 3446 0
2712 3462 0
2712 5516 0
2712 19879 0
2712 7721 0
2712 7726 0
2712 1620 0
2712 1637 0
2712 1680 0
2712 5855 0
2712 5885 0
2712 3886 0
2712 5978 0
2712 5980 0
2712 5981 0
2712 8064 0
2712 3986 0
2712 1943 0
2712 18332 0
2712 6065 0
2712 6068 1
2712 6078 0
2712 6081 0
2712 16374 0
2714 2714 0
2714 19879 0
2714 2718 0
2714 2722 0
2714 8867 0
2714 8881 0
2714 4787 0
2714 827 0
2714 915 0
2714 2997 0
2714 7109 1
2714 972 0
2714 13437 0
2714 3220 0
2714 13479 0
2714 5329 0
2714 7045 0
2714 5432 0
2714 3426 0
2714 7721 0
2714 16308 0
2714 1620 0
2714 1637 0
2714 3729 0
2714 5791 0
2714 5855 0
2714 3886 0
2714 3929 0
2714 5981 0
2714 5994 0
2714 8064 0
2714 1928 0
2714 3986 0
2714 1943 0
2714 12954 0
2714 21148 0
2714 6065 0
2714 6068 1
2714 6081 0
2714 16374 0
21148 11236 0
21148 1620 0
21148 21148 0
21148 685 0
21148 13437 0
21148 3353 0
21148 3354 0
21148 3355 0
21148 4916 0
21148 5978 0
21148 5980 0
21148 5981 0
21148 5994 0
21148 1928 0
21148 13221 1
21148 5052 0
21148 7109 1
669 19837 0
669 8467 0
669 19879 0
669 669 0
669 2718 0
669 8867 0
669 4916 0
669 9062 0
669 4981 0
669 13190 0
669 7064 0
669 5028 0
669 7109 1
669 972 0
669 5255 0
669 1221 0
669 1223 0
669 5432 0
669 3426 0
669 5494 0
669 3462 0
669 3561 0
669 5659 0
669 5661 0
669 7726 0
669 1620 0
669 1653 0
669 3729 0
669 1765 0
669 5885 0
669 3886 0
669 7986 0
669 3929 0
669 5981 0
669 6078 0
2718 19837 0
2718 8467 0
2718 5521 0
2718 19879 0
2718 2718 0
2718 2722 0
2718 2724 0
2718 685 0
2718 8881 0
2718 719 0
2718 772 0
2718 7986 0
2718 9009 0
2718 827 0
2718 861 0
2718 869 0
2718 870 0
2718 4981 0
2718 4988 0
2718 915 0
2718 5018 0
2718 5021 0
2718 5028 0
2718 5043 0
2718 972 0
2718 3043 0
2718 3146 0
2718 4966 0
2718 5243 0
2718 3225 0
2718 1223 0
2718 1221 0
2718 5432 0
2718 5469 0
2718 3426 0
2718 3446 0
2718 3462 0
2718 1943 0
2718 5516 0
2718 5016 0
2718 5017 0
2718 5029 0
2718 5031 0
2718 5033 0
2718 7721 0
2718 7726 0
2718 1620 0
2718 1637 0
2718 1680 0
2718 3729 0
2718 5855 0
2718 3929 0
2718 16241 0
2718 8064 0
2718 8065 0
2718 3986 0
2718 18332 0
2718 1009 0
2718 6065 0
2718 6068 1
2718 6078 0
2718 6081 0
2718 16354 0
2718 4081 0
2718 16374 0
2722 19837 0
2722 8467 0
2722 5521 0
2722 3146 0
2722 19879 0
2722 2582 0
2722 13061 0
2722 2722 0
2722 772 0
2722 7986 0
2722 9009 0
2722 6977 0
2722 861 0
2722 869 0
2722 4966 0
2722 4974 0
2722 4978 0
2722 4981 0
2722 4985 0
2722 4988 0
2722 915 0
2722 7064 0
2722 5017 0
2722 5018 0
2722 5021 0
2722 5028 0
2722 5029 0
2722 5031 0
2722 5033 0
2722 5043 0
2722 972 0
2722 3043 0
2722 5243 0
2722 3225 0
2722 1221 0
2722 1223 0
2722 1259 0
2722 15629 0
2722 5432 0
2722 5469 0
2722 3426 0
2722 1388 0
2722 3446 0
2722 3462 0
2722 5016 0
2722 3561 0
2722 7721 0
2722 7726 0
2722 16308 0
2722 2997 0
2722 1620 0
2722 1637 0
2722 1653 0
2722 1680 0
2722 3729 0
2722 7851 0
2722 7893 0
2722 5855 0
2722 7480 0
2722 3929 0
2722 5978 0
2722 5981 0
2722 8064 0
2722 8065 0
2722 3986 0
2722 1943 0
2722 18332 0
2722 6065 0
2722 6068 1
2722 6081 0
2722 2724 0
2722 16354 0
2722 4081 0
8867 8867 0
8867 6904 0
8867 837 0
8867 861 0
8867 870 0
8867 7064 0
8867 3011 0
8867 3043 0
8867 11236 0
8867 1022 0
8867 7005 0
8867 13061 0
8867 5212 0
8867 5243 0
8867 3225 0
8867 3283 0
8867 3284 0
8867 3426 0
8867 1388 0
8867 3446 0
8867 3462 0
8867 5016 0
8867 19879 0
8867 1552 0
8867 16308 0
8867 1620 0
8867 1668 0
8867 1680 0
8867 3729 0
8867 7851 0
8867 7893 0
8867 3871 0
8867 3929 0
8867 8065 0
8867 8081 0
8867 3986 0
8867 1943 0
8867 18332 0
8867 6068 1
8867 6081 0
8867 2019 0
2724 8467 0
2724 13061 0
2724 12954 0
2724 2724 0
2724 8881 0
2724 706 0
2724 772 0
2724 6977 0
2724 861 0
2724 869 0
2724 4981 0
2724 915 0
2724 5016 0
2724 5017 0
2724 5018 0
2724 5028 0
2724 5029 0
2724 5033 0
2724 5043 0
2724 11236 0
2724 17451 0
2724 3146 0
2724 5212 0
2724 5243 0
2724 17541 0
2724 3225 0
2724 1197 0
2724 7721 0
2724 5400 0
2724 7480 0
2724 3426 0
2724 1392 0
2724 19879 0
2724 15809 0
2724 3561 0
2724 16308 0
2724 2997 0
2724 1620 0
2724 1637 0
2724 1680 0
2724 3729 0
2724 3353 0
2724 7893 0
2724 7986 0
2724 3929 0
2724 5981 0
2724 8065 0
2724 3986 0
2724 1943 0
2724 18332 0
2724 6065 0
2724 6068 1
2724 6081 0
2724 16354 0
2724 4081 0
685 13061 0
685 1620 0
685 1653 0
685 5661 0
685 1221 0
685 1223 0
685 1765 0
685 17451 0
685 4916 0
685 827 0
685 3446 0
685 8065 0
685 3986 0
685 915 0
685 18332 0
685 6068 1
685 3513 0
685 5885 0
685 7893 0
685 1022 0
8881 8881 0
8881 5494 0
8881 8467 0
8881 5850 0
8881 5220 0
8881 6904 0
8881 18225 0
8881 861 0
8881 4966 0
8881 4970 0
8881 4974 0
8881 4978 0
8881 4981 0
8881 4985 0
8881 4988 0
8881 5016 0
8881 5017 0
8881 5018 0
8881 5021 0
8881 5028 0
8881 5029 0
8881 5031 0
8881 5035 0
8881 5043 0
8881 5052 0
8881 972 0
8881 3043 0
8881 1022 0
8881 7005 0
8881 5212 0
8881 5243 0
8881 13437 0
8881 7300 0
8881 17541 0
8881 13449 0
8881 1197 0
8881 1221 0
8881 1259 0
8881 5400 0
8881 3353 0
8881 3355 0
8881 7455 0
8881 7480 0
8881 5469 0
8881 5476 0
8881 1388 0
8881 1392 0
8881 3446 0
8881 3462 0
8881 5521 0
8881 19879 0
8881 3561 0
8881 15853 0
8881 1523 0
8881 5033 0
8881 2985 1
8881 1653 0
8881 6081 0
8881 1680 0
8881 3729 0
8881 5855 0
8881 5856 0
8881 1765 0
8881 7972 0
8881 5978 0
8881 5980 0
8881 5981 0
8881 5994 0
8881 16241 0
8881 3986 0
8881 18332 0
8881 12954 0
8881 1957 0
8881 6068 1
8881 6078 0
4787 4649 0
4787 1160 0
4787 1687 0
4787 4787 0
4787 5855 0
4787 1765 0
4787 5885 0
4787 9009 0
4787 5978 0
4787 5980 0
4787 5981 0
4787 3446 0
4787 6068 1
4787 3513 0
4787 5052 0
4787 6081 0
4787 7109 1
6849 7726 0
6849 6849 0
6849 6078 0
706 4916 0
706 6068 1
706 827 0
706 706 0
706 7109 1
706 4822 0
706 3043 0
706 6081 0
706 1523 0
6860 4038 1
6860 3886 0
6860 6860 0
6860 5469 0
6860 7032 1
6860 7931 0
6860 5885 0
719 5469 0
719 568 0
719 6068 1
719 1620 0
719 11894 0
719 7109 1
719 1221 0
719 1223 0
719 719 0
719 7379 0
719 1259 0
719 5885 0
719 8064 0
719 8467 0
719 3353 0
719 3382 0
719 3929 0
719 3986 0
719 3561 0
719 1022 0
4822 5641 0
4822 1552 0
4822 1554 0
4822 5661 0
4822 5855 0
4822 9064 1
4822 3729 0
4822 16022 0
4822 1687 0
4822 1197 0
4822 5329 0
4822 3283 0
4822 4822 0
4822 747 0
4822 7551 0
4822 19758 0
4822 5432 0
4822 827 0
4822 7084 0
4822 5446 1
4822 861 0
4822 869 0
4822 870 0
4822 5994 0
4822 3446 0
4822 3986 0
4822 1957 0
4822 6072 1
4822 16354 0
4822 3043 0
4822 19879 0
747 1554 0
747 1687 0
747 1197 0
747 5850 0
747 5856 0
747 861 0
747 5432 0
747 827 0
747 837 0
747 870 0
747 5016 0
747 6068 1
747 7109 1
747 16354 0
6904 5641 0
6904 7698 0
6904 2582 0
6904 5659 0
6904 1160 0
6904 16022 0
6904 1687 0
6904 5329 0
6904 5855 0
6904 5367 0
6904 6904 0
6904 3354 0
6904 5491 0
6904 7045 0
6904 13190 0
6904 1957 0
6904 7084 0
6904 6068 1
6904 6072 1
6904 5073 0
6904 3043 0
11008 3986 0
11008 1687 0
11008 6068 1
11008 5855 0
772 6068 1
772 3146 0
772 1637 0
772 5243 0
772 1680 0
772 3225 0
772 1197 0
772 17451 0
772 772 0
772 821 0
772 5981 0
772 4981 0
772 5017 0
772 5018 0
772 5028 0
772 5029 0
772 19879 0
772 5033 0
772 5043 0
772 6081 0
13061 3146 0
13061 13449 0
13061 827 0
13061 7005 0
13061 4966 0
13061 4970 0
13061 4981 0
13061 13190 0
13061 7064 0
13061 5017 0
13061 5028 0
13061 5043 0
13061 1022 0
13061 13061 0
13061 5220 0
13061 5016 0
13061 17541 0
13061 5255 0
13061 1197 0
13061 3283 0
13061 3284 0
13061 1259 0
13061 1260 0
13061 15629 0
13061 5469 0
13061 3426 0
13061 1388 0
13061 19837 0
13061 5521 0
13061 5018 0
13061 19879 0
13061 5031 0
13061 1523 0
13061 16308 0
13061 1653 0
13061 1668 0
13061 1680 0
13061 7893 0
13061 5855 0
13061 1765 0
13061 16126 0
13061 7982 0
13061 5981 0
13061 1928 0
13061 6068 1
13061 4081 0
3886 7699 0
3886 5981 0
3886 5052 0
3886 7698 0
3886 5243 0
3886 1687 0
3886 3225 0
3886 1197 0
3886 1221 0
3886 1223 0
3886 5855 0
3886 7726 0
3886 7455 0
3886 7972 0
3886 3886 0
3886 7480 0
3886 5978 0
3886 5980 0
3886 5469 0
3886 4966 0
3886 5994 0
3886 16241 0
3886 4988 0
3886 19837 0
3886 8065 0
3886 3462 0
3886 5521 0
3886 5016 0
3886 5033 0
3886 6068 1
3886 3513 0
3886 972 0
3886 2019 0
3886 1022 0
6573 5212 0
6573 5220 0
6573 7300 0
6573 1388 0
6573 18090 0
6573 7851 0
6573 5329 0
6573 3283 0
6573 5855 0
6573 1765 0
6573 5400 0
6573 18225 0
6573 1392 0
6573 12954 0
6573 6068 1
6573 6081 0
6573 3561 0
15141 5641 0
15141 7534 0
15141 1687 0
15141 15141 0
15141 5432 0
15141 5367 0
21296 19879 0
21296 3986 0
21296 7109 1
21296 1221 0
21296 5028 0
21296 5855 0
21296 4966 0
21296 4974 0
9009 19879 0
9009 7726 0
9009 5469 0
9009 1620 0
9009 7300 0
9009 7109 1
9009 18332 0
9009 1221 0
9009 1223 0
9009 1765 0
9009 5885 0
9009 8467 0
9009 9009 0
9009 827 0
9009 861 0
9009 869 0
9009 4966 0
9009 5994 0
9009 5494 0
9009 4988 0
9009 19837 0
9009 3462 0
9009 3986 0
9009 5031 0
9009 5033 0
9009 6068 1
9009 972 0
9009 2019 0
9009 3561 0
4916 1388 0
4916 3446 0
4916 16087 0
4916 5850 0
4916 4916 0
4916 827 0
4916 6977 0
4916 7005 0
4916 4966 0
4916 4970 0
4916 4978 0
4916 4981 0
4916 4985 0
4916 15853 0
4916 7064 0
4916 5017 0
4916 5028 0
4916 5033 0
4916 5035 0
4916 5212 0
4916 9062 0
4916 13449 0
4916 1221 0
4916 1223 0
4916 5329 0
4916 5367 0
4916 15629 0
4916 5400 0
4916 7045 0
4916 5494 0
4916 3561 0
4916 5031 0
4916 1653 0
4916 7851 0
4916 5855 0
4916 1765 0
4916 16126 0
4916 7972 0
4916 7982 0
4916 5981 0
4916 1928 0
4916 6068 1
4916 6081 0
4916 8144 0
4916 4081 0
4916 16374 0
821 1637 0
821 5243 0
821 3223 1
821 5017 0
821 1765 0
821 5885 0
821 5021 0
821 5400 0
821 821 0
821 5981 0
821 4966 0
821 4974 0
821 1392 0
821 9062 0
821 4981 0
821 4985 0
821 5016 0
821 5018 0
821 5028 0
821 5029 0
821 19879 0
821 5033 0
821 5035 0
821 5043 0
821 2997 0
827 17363 0
827 5850 0
827 827 0
827 837 0
827 870 0
827 2997 0
827 7109 1
827 3043 0
827 861 0
827 3220 0
827 3223 1
827 1221 0
827 1223 0
827 3283 0
827 3284 0
827 5432 0
827 5469 0
827 19879 0
827 1552 0
827 16308 0
827 1620 0
827 1653 0
827 3729 0
827 7893 0
827 5855 0
827 5856 0
827 1860 0
827 5981 0
827 5994 0
827 8065 0
827 1687 0
827 3986 0
827 1943 0
827 18332 0
827 12954 0
827 6065 0
827 6068 1
827 6081 0
827 16354 0
6977 8467 0
6977 12954 0
6977 6977 0
6977 9062 0
6977 4970 0
6977 4978 0
6977 4981 0
6977 4985 0
6977 4988 0
6977 3223 1
6977 5016 0
6977 5018 0
6977 5028 0
6977 2997 0
6977 5052 0
6977 1009 0
6977 1022 0
6977 5212 0
6977 5220 0
6977 3283 0
6977 3284 0
6977 5367 0
6977 15629 0
6977 5400 0
6977 7466 0
6977 7480 0
6977 1388 0
6977 5487 0
6977 1392 0
6977 5031 0
6977 1523 0
6977 5850 0
6977 1653 0
6977 1680 0
6977 7851 0
6977 16087 0
6977 5856 0
6977 16126 0
6977 8144 0
6977 16354 0
6977 16374 0
837 1552 0
837 3729 0
837 3354 0
837 5981 0
837 16241 0
837 1197 0
837 6068 1
837 1620 0
837 5980 0
837 861 0
837 9064 1
837 8467 0
9038 7726 0
9038 9038 0
9038 1620 0
9038 8467 0
9038 1687 0
9038 4981 0
9038 5856 0
9038 5400 0
9038 3354 0
9038 5432 0
9038 3929 0
9038 3353 0
9038 9064 1
9038 4985 0
9038 8065 0
9038 3986 0
9038 18332 0
9038 6065 0
9038 5052 0
9038 11236 0
9038 3561 0
9038 5885 0
861 5494 0
861 3789 0
861 5850 0
861 3220 0
861 12954 0
861 861 0
861 870 0
861 4974 0
861 4981 0
861 4988 0
861 5016 0
861 5018 0
861 5029 0
861 5043 0
861 5052 0
861 3043 0
861 1022 0
861 8081 0
861 4966 0
861 1160 0
861 1221 0
861 5329 0
861 3283 0
861 3284 0
861 1259 0
861 3353 0
861 3354 0
861 19758 0
861 5432 0
861 5469 0
861 3426 0
861 1388 0
861 1392 0
861 5491 0
861 3446 0
861 5516 0
861 7064 0
861 5017 0
861 19879 0
861 5028 0
861 5031 0
861 1523 0
861 5033 0
861 7084 0
861 1552 0
861 5661 0
861 1653 0
861 1680 0
861 1687 0
861 5791 0
861 7851 0
861 5855 0
861 5856 0
861 9062 0
861 7972 0
861 7982 0
861 18225 0
861 5944 0
861 1860 0
861 7480 0
861 5994 0
861 1928 0
861 3986 0
861 6068 1
861 6078 0
861 6081 0
861 8142 0
861 4081 0
869 7931 0
869 1653 0
869 17541 0
869 3729 0
869 3220 0
869 1687 0
869 1221 0
869 3283 0
869 3284 0
869 5329 0
869 6081 0
869 7430 0
869 3353 0
869 3354 0
869 7534 0
869 5855 0
869 5469 0
869 869 0
869 9062 0
869 3446 0
869 7552 0
869 13190 0
869 5018 0
869 17363 0
869 3043 0
869 7109 1
9062 16308 0
9062 1653 0
9062 1687 0
9062 5487 0
9062 1221 0
9062 1223 0
9062 7893 0
9062 5850 0
9062 1765 0
9062 5367 0
9062 8467 0
9062 19808 0
9062 9062 0
9062 1392 0
9062 16241 0
9062 5494 0
9062 8081 0
9062 3986 0
9062 19879 0
9062 6068 1
9062 6072 1
9062 6078 0
9062 17363 0
9062 3561 0
9064 1552 1
9064 1554 1
9064 2582 1
9064 7213 1
9064 17541 1
9064 1680 1
9064 3220 1
9064 1653 1
9064 3789 1
9064 5855 1
9064 5856 1
9064 7917 1
9064 5944 1
9064 13190 1
9064 9064 2
9064 5487 1
9064 3446 1
9064 5516 1
9064 1957 1
9064 7084 1
9064 6068 2
9064 6078 1
9064 8144 1
9064 16354 1
2921 2921 2
2921 2923 2
2921 2924 1
4970 5035 0
4970 5981 0
4970 3426 0
4970 1388 0
4970 7893 0
4970 8065 0
4970 3353 0
4970 5850 0
4970 7986 0
4970 7480 0
4970 5978 0
4970 4966 0
4970 4974 0
4970 4978 0
4970 4981 0
4970 4985 0
4970 4988 0
4970 15853 0
4970 1943 0
4970 5016 0
4970 5017 0
4970 5018 0
4970 3986 0
4970 5028 0
4970 5029 0
4970 5031 0
4970 5033 0
4970 5021 0
4970 6065 0
4970 5043 0
4970 2997 0
4970 5052 0
4970 6068 1
4970 3561 0
4970 19879 0
4970 16374 0
2923 2924 1
2923 5400 1
2924 2924 0
4974 19837 0
4974 8467 0
4974 16308 0
4974 4966 0
4974 4978 0
4974 4981 0
4974 4985 0
4974 4988 0
4974 5016 0
4974 5017 0
4974 5018 0
4974 5028 0
4974 5029 0
4974 5031 0
4974 5033 0
4974 5035 0
4974 5043 0
4974 5052 0
4974 13437 0
4974 1221 0
4974 15629 0
4974 7466 0
4974 7480 0
4974 5469 0
4974 3426 0
4974 1388 0
4974 5487 0
4974 1392 0
4974 19879 0
4974 5021 0
4974 3561 0
4974 15853 0
4974 5661 0
4974 2997 0
4974 5850 0
4974 1653 0
4974 3729 0
4974 7851 0
4974 7893 0
4974 5855 0
4974 7986 0
4974 5978 0
4974 8065 0
4974 3986 0
4974 1943 0
4974 6065 0
4974 6068 1
4974 16374 0
4978 6068 1
4978 3426 0
4978 7726 0
4978 1653 0
4978 13437 0
4978 1388 0
4978 1392 0
4978 7851 0
4978 5855 0
4978 5885 0
4978 6078 0
4978 15629 0
4978 5850 0
4978 7986 0
4978 7480 0
4978 5978 0
4978 4966 0
4978 4981 0
4978 4985 0
4978 4988 0
4978 16374 0
4978 5016 0
4978 5017 0
4978 5018 0
4978 5021 0
4978 5028 0
4978 5031 0
4978 5033 0
4978 5035 0
4978 5043 0
4978 5052 0
4978 7005 0
4978 5029 0
4978 3043 0
4978 3561 0
4978 19879 0
4978 15853 0
4981 5981 0
4981 6068 1
4981 3146 0
4981 1620 0
4981 7726 0
4981 1637 0
4981 6078 0
4981 5243 0
4981 6081 0
4981 1680 0
4981 3225 0
4981 5487 0
4981 1197 0
4981 5017 0
4981 4985 0
4981 5850 0
4981 7986 0
4981 7480 0
4981 5978 0
4981 3426 0
4981 4966 0
4981 1388 0
4981 1392 0
4981 4981 0
4981 4988 0
4981 15853 0
4981 1943 0
4981 5016 0
4981 5018 0
4981 5028 0
4981 5029 0
4981 5031 0
4981 5033 0
4981 5035 0
4981 5021 0
4981 6065 0
4981 5043 0
4981 2997 0
4981 5052 0
4981 9172 0
4981 11236 0
4981 19879 0
4981 16374 0
7032 7917 1
7032 5885 1
7032 5432 1
7032 8467 1
7032 5469 1
4985 5035 0
4985 5661 0
4985 7721 0
4985 1653 0
4985 13437 0
4985 15629 0
4985 7851 0
4985 15853 0
4985 7986 0
4985 5855 0
4985 19879 0
4985 5885 0
4985 5850 0
4985 7480 0
4985 11236 0
4985 5978 0
4985 4966 0
4985 1388 0
4985 1392 0
4985 4988 0
4985 1943 0
4985 5016 0
4985 5017 0
4985 5018 0
4985 5028 0
4985 5031 0
4985 5033 0
4985 5021 0
4985 6065 0
4985 5043 0
4985 5052 0
4985 6068 1
4985 5029 0
4985 3561 0
4985 3426 0
4988 5035 0
4988 3426 0
4988 6078 0
4988 1388 0
4988 5855 0
4988 19879 0
4988 3353 0
4988 5850 0
4988 7986 0
4988 7480 0
4988 5978 0
4988 4966 0
4988 15853 0
4988 1943 0
4988 5016 0
4988 5017 0
4988 5018 0
4988 5028 0
4988 5033 0
4988 5021 0
4988 6065 0
4988 5043 0
4988 2997 0
4988 5052 0
4988 972 0
4988 6068 1
4988 5029 0
4988 5031 0
7045 7045 0
7045 3986 0
7045 6072 1
7045 5855 0
7045 5735 0
13190 5212 0
13190 870 0
13190 5329 0
13190 5855 0
13190 3353 0
13190 13479 0
13190 5981 0
13190 16241 0
13190 13190 0
13190 6068 1
13190 6078 0
13190 19758 0
915 6068 1
915 5052 0
915 7109 1
915 5659 0
915 1221 0
915 3283 0
915 8064 0
915 5978 0
915 5980 0
915 5981 0
915 5994 0
915 915 0
915 13221 1
5016 8467 0
5016 4966 0
5016 15853 0
5016 5017 0
5016 5018 0
5016 5028 0
5016 5029 0
5016 5031 0
5016 5033 0
5016 5035 0
5016 5043 0
5016 5052 0
5016 11236 0
5016 3446 0
5016 13437 0
5016 1221 0
5016 15629 0
5016 7480 0
5016 3426 0
5016 1388 0
5016 1392 0
5016 5494 0
5016 19879 0
5016 5021 0
5016 3561 0
5016 2997 0
5016 1653 0
5016 7851 0
5016 7893 0
5016 5855 0
5016 7986 0
5016 3929 0
5016 5978 0
5016 8065 0
5016 8081 0
5016 3986 0
5016 1943 0
5016 18332 0
5016 6065 0
5016 6068 1
5016 6078 0
5016 16374 0
5016 16354 0
5017 3426 0
5017 16308 0
5017 12954 0
5017 4966 0
5017 5018 0
5017 5021 0
5017 5028 0
5017 5029 0
5017 5031 0
5017 5033 0
5017 5035 0
5017 5043 0
5017 5052 0
5017 11236 0
5017 3146 0
5017 5243 0
5017 13437 0
5017 3225 0
5017 15629 0
5017 3353 0
5017 7480 0
5017 1388 0
5017 1392 0
5017 19879 0
5017 7005 0
5017 3561 0
5017 15853 0
5017 7726 0
5017 5850 0
5017 1637 0
5017 1653 0
5017 1680 0
5017 7851 0
5017 7893 0
5017 5855 0
5017 5885 0
5017 7986 0
5017 3929 0
5017 5978 0
5017 5994 0
5017 8065 0
5017 3986 0
5017 1943 0
5017 2997 0
5017 6065 0
5017 6068 1
5017 6078 0
5017 6081 0
5017 16374 0
5018 16308 0
5018 4966 0
5018 5018 0
5018 5028 0
5018 5029 0
5018 5031 0
5018 5033 0
5018 5035 0
5018 5043 0
5018 5052 0
5018 11236 0
5018 3929 0
5018 3146 0
5018 870 0
5018 5243 0
5018 3225 0
5018 15629 0
5018 7480 0
5018 3426 0
5018 1388 0
5018 1392 0
5018 19879 0
5018 5021 0
5018 3561 0
5018 2997 0
5018 1637 0
5018 1653 0
5018 1680 0
5018 7851 0
5018 7893 0
5018 5855 0
5018 7986 0
5018 5978 0
5018 8065 0
5018 3986 0
5018 1943 0
5018 18332 0
5018 6065 0
5018 6068 1
5018 6081 0
5018 16374 0
5021 16308 0
5021 4966 0
5021 15853 0
5021 5028 0
5021 5029 0
5021 5031 0
5021 5033 0
5021 5035 0
5021 5043 0
5021 5052 0
5021 11236 0
5021 13437 0
5021 15629 0
5021 7480 0
5021 1388 0
5021 1392 0
5021 3446 0
5021 19879 0
5021 3561 0
5021 2997 0
5021 1653 0
5021 7851 0
5021 7893 0
5021 5855 0
5021 7986 0
5021 5978 0
5021 5850 0
5021 8064 0
5021 3986 0
5021 1943 0
5021 18332 0
5021 6065 0
5021 6068 1
5021 6078 0
5021 2019 0
5021 16374 0
5028 19837 0
5028 4966 0
5028 5029 0
5028 5031 0
5028 5033 0
5028 5035 0
5028 5043 0
5028 5052 0
5028 11236 0
5028 16308 0
5028 3146 0
5028 5243 0
5028 3225 0
5028 15629 0
5028 7480 0
5028 3426 0
5028 1388 0
5028 1392 0
5028 19879 0
5028 3561 0
5028 15853 0
5028 2997 0
5028 5850 0
5028 1637 0
5028 1653 0
5028 1680 0
5028 7851 0
5028 7893 0
5028 5855 0
5028 7986 0
5028 5978 0
5028 5981 0
5028 8065 0
5028 3986 0
5028 1943 0
5028 6065 0
5028 6068 1
5028 6081 0
13221 5255 1
13221 5130 1
13221 3986 1
13221 19850 1
13221 5555 1
13221 6068 2
13221 1860 1
13221 3146 1
13221 1620 1
13221 8142 1
13221 5212 1
13221 5220 1
13221 1009 1
13221 8467 1
13221 1653 1
13221 11894 1
5031 5035 0
5031 8065 0
5031 5981 0
5031 7726 0
5031 6078 0
5031 1388 0
5031 5885 0
5031 7851 0
5031 7986 0
5031 5850 0
5031 7480 0
5031 5978 0
5031 3426 0
5031 4966 0
5031 15853 0
5031 1943 0
5031 1957 0
5031 19879 0
5031 5033 0
5031 6065 0
5031 5043 0
5031 2997 0
5031 5052 0
5031 972 0
5031 6068 1
5031 5029 0
5031 11236 0
5031 16374 0
2985 1160 1
2985 7698 1
2985 7699 1
2985 3734 1
2985 1687 1
2985 3871 1
2985 2985 2
2985 7084 1
2985 7726 1
2985 7455 1
2985 972 1
2985 19837 1
2985 5491 1
2985 5885 1
5035 5052 0
5035 1653 0
5035 1388 0
5035 5855 0
5035 5850 0
5035 7480 0
5035 5978 0
5035 3446 0
5035 4966 0
5035 15853 0
5035 1943 0
5035 5033 0
5035 5043 0
5035 5029 0
5035 11236 0
5035 19879 0
7084 1552 0
7084 2582 0
7084 5659 0
7084 5661 0
7084 5469 0
7084 1160 0
7084 3729 0
7084 1687 0
7084 1197 0
7084 5855 0
7084 1259 0
7084 3353 0
7084 3354 0
7084 870 0
7084 7534 0
7084 3446 0
7084 7551 0
7084 7084 0
7084 3513 0
7084 6078 0
7084 17363 0
7084 16354 0
7084 3043 0
5043 3146 0
5043 3426 0
5043 1637 0
5043 5052 0
5043 5243 0
5043 13437 0
5043 1680 0
5043 3225 0
5043 7851 0
5043 15853 0
5043 1221 0
5043 7986 0
5043 5855 0
5043 7893 0
5043 15629 0
5043 19837 0
5043 5850 0
5043 7480 0
5043 3929 0
5043 5978 0
5043 4966 0
5043 1388 0
5043 1392 0
5043 1943 0
5043 5033 0
5043 6065 0
5043 2997 0
5043 6081 0
5043 5029 0
5043 11236 0
5043 19879 0
5043 16374 0
2997 7851 0
2997 5850 0
2997 3146 0
2997 17541 0
2997 7005 0
2997 5029 0
2997 5033 0
2997 5052 0
2997 1022 0
2997 13437 0
2997 3220 0
2997 3283 0
2997 3284 0
2997 7379 0
2997 5400 0
2997 7480 0
2997 3426 0
2997 1392 0
2997 7064 0
2997 19879 0
2997 2997 0
2997 1680 0
2997 1765 0
2997 16126 0
2997 17451 0
2997 5978 0
2997 5980 0
2997 5981 0
2997 1928 0
2997 1943 0
2997 6065 0
2997 6068 1
2997 6081 0
2997 16374 0
5052 4649 0
5052 7726 0
5052 5469 0
5052 6068 1
5052 5981 0
5052 1620 0
5052 4966 0
5052 7986 0
5052 5855 0
5052 1765 0
5052 19837 0
5052 7721 0
5052 5885 0
5052 8064 0
5052 3353 0
5052 3355 0
5052 11236 0
5052 5978 0
5052 3426 0
5052 870 0
5052 3446 0
5052 3729 0
5052 3462 0
5052 1943 0
5052 5029 0
5052 5033 0
5052 6065 0
5052 3513 0
5052 5052 0
5052 7109 1
5052 7480 0
5052 3043 0
5052 19879 0
3011 3353 0
3011 3354 0
3011 6068 1
3011 6081 0
3011 5476 0
7109 19879 1
7109 7698 1
7109 4649 1
7109 12954 1
7109 5735 1
7109 3729 1
7109 3734 1
7109 3353 1
7109 3225 1
7109 5791 1
7109 1197 1
7109 1221 1
7109 1223 1
7109 16607 1
7109 7893 1
7109 5491 1
7109 5855 1
7109 1260 1
7109 17363 1
7109 7721 1
7109 5885 1
7109 17451 1
7109 3354 1
7109 3355 1
7109 7466 1
7109 7986 1
7109 3382 1
7109 8467 1
7109 11236 1
7109 5978 1
7109 5980 1
7109 5981 1
7109 19808 1
7109 8064 1
7109 3460 1
7109 3462 1
7109 19837 1
7109 1928 1
7109 13549 1
7109 8081 1
7109 3986 1
7109 3513 1
7109 7109 2
7109 9172 1
7109 2019 1
7109 3561 1
7109 13479 1
7109 16374 1
972 7698 0
972 7726 0
972 5033 0
972 7699 0
972 1653 0
972 5243 0
972 1160 0
972 3729 0
972 1687 0
972 5487 0
972 1221 0
972 5855 0
972 1259 0
972 5885 0
972 7982 0
972 3353 0
972 3354 0
972 5469 0
972 4966 0
972 5994 0
972 16241 0
972 5491 0
972 3462 0
972 3986 0
972 972 0
972 2019 0
972 1523 0
972 1022 0
5073 7552 0
5073 7430 0
5073 7555 0
5073 6068 1
5073 6072 1
5073 5073 0
5073 19808 0
5073 8075 0
5073 5494 0
5073 7931 0
5073 7551 0
17363 5641 0
17363 19879 0
17363 1160 0
17363 3223 1
17363 12954 0
17363 3284 0
17363 16126 0
17363 5855 0
17363 13549 0
17363 5367 0
17363 5432 0
17363 1392 0
17363 3446 0
17363 1687 0
17363 16354 0
9172 1620 0
9172 1653 0
9172 5791 0
9172 3789 0
9172 7379 0
9172 16607 0
9172 5491 0
9172 5516 0
9172 6072 1
9172 4081 0
3043 870 0
3043 3043 0
3043 5243 0
3043 1160 0
3043 1197 0
3043 1221 0
3043 1223 0
3043 5367 0
3043 3353 0
3043 3354 0
3043 3355 0
3043 7455 0
3043 5446 1
3043 1388 0
3043 3446 0
3043 5516 0
3043 5521 0
3043 5641 0
3043 7698 0
3043 7699 0
3043 3729 0
3043 16022 0
3043 1687 0
3043 5850 0
3043 1765 0
3043 3871 0
3043 5432 0
3043 5978 0
3043 5980 0
3043 5981 0
3043 5994 0
3043 1943 0
3043 1957 0
3043 6072 1
3043 6081 0
3043 16354 0
11236 3446 0
11236 5029 0
11236 5033 0
11236 11236 0
11236 1022 0
11236 5212 0
11236 5243 0
11236 13437 0
11236 1223 0
11236 1259 0
11236 5400 0
11236 3353 0
11236 3354 0
11236 3355 0
11236 7480 0
11236 1388 0
11236 5494 0
11236 3462 0
11236 5521 0
11236 3734 0
11236 5855 0
11236 5885 0
11236 18225 0
11236 5978 0
11236 5980 0
11236 5981 0
11236 6068 1
11236 6081 0
1009 5255 0
1009 3223 1
1009 12954 0
1009 7213 0
1009 5220 0
1009 7005 0
1009 5855 0
1009 3561 0
1009 5487 0
1009 1009 0
1009 8467 0
1022 8467 0
1022 7982 0
1022 7986 0
1022 7064 0
1022 5029 0
1022 1022 0
1022 13549 0
1022 5469 0
1022 3426 0
1022 3462 0
1022 19879 0
1022 7721 0
1022 7726 0
1022 6068 1
1022 1687 0
1022 7893 0
1022 5855 0
1022 5994 0
1022 16241 0
1022 8065 0
1022 3986 0
1022 1943 0
1022 18332 0
1022 6065 0
1022 16308 0
5130 18005 1
5130 5735 0
5130 2019 0
17451 3225 0
17451 7379 0
17451 7972 0
17451 1943 0
17451 18332 0
17451 6068 1
17451 4081 0
7213 7213 0
7213 5856 0
7213 8144 0
7213 5981 0
7213 3446 0
7213 6068 1
7005 3426 0
7005 1653 0
7005 7893 0
7005 7726 0
7005 7986 0
7005 7972 0
7005 5981 0
7005 4966 0
7005 5487 0
7005 1392 0
7005 16241 0
7005 3986 0
7005 1943 0
7005 5029 0
7005 19879 0
7005 16374 0
13833 18005 1
13833 3354 0
3446 5850 0
3446 4649 0
3446 4966 0
3446 870 0
3446 5243 0
3446 17541 0
3446 1160 0
3446 1221 0
3446 15629 0
3446 7480 0
3446 5469 0
3446 1388 0
3446 3446 0
3446 19879 0
3446 15809 0
3446 5641 0
3446 1552 0
3446 3734 0
3446 1687 0
3446 5855 0
3446 7972 0
3446 5978 0
3446 5980 0
3446 5981 0
3446 5994 0
3446 16241 0
3446 6068 1
3446 6072 1
3446 6081 0
3446 8144 0
15430 3734 0
15430 6072 1
15430 6068 1
3146 16308 0
3146 3146 0
3146 1620 0
3146 1637 0
3146 1653 0
3146 11894 0
3146 5243 0
3146 3225 0
3146 7893 0
3146 8467 0
3146 3871 0
3146 19850 0
3146 1680 0
3146 8065 0
3146 3986 0
3146 5029 0
3146 19879 0
3146 5033 0
3146 6081 0
5212 19879 0
5212 5212 0
5212 5220 0
5212 8467 0
5212 1653 0
5212 7300 0
5212 5487 0
5212 5329 0
5212 7893 0
5212 5850 0
5212 5855 0
5212 5856 0
5212 1765 0
5212 7851 0
5212 8065 0
5212 5400 0
5212 7986 0
5212 18225 0
5212 5981 0
5212 5994 0
5212 1388 0
5212 1392 0
5212 15629 0
5212 3986 0
5212 1943 0
5212 12954 0
5212 18332 0
5212 16308 0
5212 3561 0
5212 18090 0
5220 5220 0
5220 8467 0
5220 7300 0
5220 18090 0
5220 7851 0
5220 5329 0
5220 1765 0
5220 18225 0
5220 1388 0
5220 5487 0
5220 1392 0
5220 7551 0
5220 3986 0
5220 12954 0
5220 16308 0
5220 3561 0
870 1552 0
870 7698 0
870 7699 0
870 5981 0
870 5243 0
870 1668 0
870 1160 0
870 1687 0
870 1197 0
870 1221 0
870 5855 0
870 3354 0
870 3355 0
870 5850 0
870 5978 0
870 870 0
870 1388 0
870 8064 0
870 19879 0
870 5980 0
870 6068 1
870 6072 1
870 3513 0
870 6081 0
870 5029 0
7698 7698 0
7698 7699 0
7698 1160 0
7698 1687 0
7698 1221 0
7698 5329 0
7698 5855 0
7698 1765 0
7698 5367 0
7698 3354 0
7698 3355 0
7698 7455 0
7698 5432 0
7698 3353 0
7698 5994 0
7698 8065 0
7698 6072 1
7698 3513 0
7698 16354 0
5243 5029 0
5243 5033 0
5243 3225 0
5243 13549 0
5243 3426 0
5243 3462 0
5243 1943 0
5243 19879 0
5243 3513 0
5243 7726 0
5243 1620 0
5243 1637 0
5243 1653 0
5243 1680 0
5243 3729 0
5243 16022 0
5243 5855 0
5243 5885 0
5243 19837 0
5243 7986 0
5243 5944 0
5243 8064 0
5243 8065 0
5243 3986 0
5243 18332 0
5243 6065 0
5243 6068 1
5243 6081 0
5243 16374 0
13437 1388 0
13437 1392 0
13437 7851 0
13437 5855 0
13437 15629 0
13437 19758 0
13437 7480 0
13437 4966 0
13437 16241 0
13437 1943 0
13437 15853 0
13437 12954 0
13437 6065 0
13437 6068 1
13437 6078 0
13437 5029 0
13437 3561 0
7300 6068 1
7300 7300 0
7300 1388 0
7300 18090 0
7300 7851 0
7300 5329 0
7300 16308 0
7300 18225 0
7300 5981 0
7300 1392 0
7300 3986 0
7300 1943 0
7300 12954 0
7300 3561 0
17541 7726 0
17541 5855 0
17541 7982 0
17541 16354 0
17541 3729 0
17541 8065 0
17541 3462 0
17541 3986 0
17541 1943 0
17541 7064 0
17541 16308 0
17541 6078 0
17541 16374 0
5255 5255 0
5255 3223 1
5255 1221 0
5255 1223 0
5255 5400 0
5255 5487 0
5255 3986 0
5255 12954 0
1160 5469 0
1160 1160 0
1160 1221 0
1160 1223 0
1160 1259 0
1160 5367 0
1160 3353 0
1160 3354 0
1160 3355 0
1160 7455 0
1160 5446 1
1160 5476 0
1160 1388 0
1160 7534 0
1160 5491 0
1160 7551 0
1160 5521 0
1160 1957 0
1160 3513 0
1160 5641 0
1160 1552 0
1160 1554 0
1160 7699 0
1160 5659 0
1160 5661 0
1160 1653 0
1160 3729 0
1160 16022 0
1160 1687 0
1160 5855 0
1160 1765 0
1160 3871 0
1160 5432 0
1160 5994 0
1160 6072 1
13449 8467 0
13449 3353 0
13449 16308 0
13449 6068 1
13449 3561 0
13449 16241 0
13449 7893 0
13449 1653 0
13449 16374 0
3220 1197 0
3220 1221 0
3220 7986 0
3220 1943 0
3220 6065 0
3220 6068 1
3220 6078 0
3223 3986 1
3223 3223 2
3223 5661 1
3223 1392 1
3223 7851 1
3223 16308 1
3223 3382 1
3223 3283 1
3223 3284 1
3223 7893 1
3223 1388 1
3223 5487 1
3225 1637 0
3225 6081 0
3225 1680 0
3225 3225 0
3225 1197 0
3225 5735 0
3225 1260 0
3225 3353 0
3225 3354 0
3225 5981 0
3225 7917 0
3225 5521 0
3225 5029 0
3225 19879 0
3225 5033 0
13479 1221 0
13479 1788 0
13479 18225 0
13479 5981 0
13479 5994 0
13479 6068 1
5290 5659 1
1197 2582 0
1197 1620 0
1197 1653 0
1197 1687 0
1197 1197 0
1197 5661 0
1197 1221 0
1197 1223 0
1197 7893 0
1197 5855 0
1197 1765 0
1197 3354 0
1197 5432 0
1197 5521 0
1197 7064 0
1197 1957 0
1197 16308 0
7064 7721 0
7064 16308 0
7064 7893 0
7064 5855 0
7064 1259 0
7064 8467 0
7064 3871 0
7064 7982 0
7064 3426 0
7064 5994 0
7064 3462 0
7064 1928 0
7064 5469 0
7064 1943 0
7064 3986 0
7064 6065 0
7064 6068 1
7064 8142 0
1221 3426 0
1221 5850 0
1221 7455 0
1221 12954 0
1221 4966 0
1221 1221 0
1221 1223 0
1221 1259 0
1221 5432 0
1221 5446 1
1221 5469 0
1221 5494 0
1221 5521 0
1221 19879 0
1221 1957 0
1221 7699 0
1221 7721 0
1221 1620 0
1221 8467 0
1221 1653 0
1221 16354 0
1221 3729 0
1221 7893 0
1221 5855 0
1221 5981 0
1221 8065 0
1221 3986 0
1221 1943 0
1221 16308 0
1221 6072 1
1221 6078 0
1221 16374 0
1223 8064 0
1223 16354 0
1223 3729 0
1223 5855 0
1223 5446 1
1223 1259 0
1223 5850 0
1223 5432 0
1223 5981 0
1223 19808 0
1223 3986 0
1223 7534 0
1223 5494 0
1223 7551 0
1223 1957 0
1223 6072 1
1223 4081 0
5329 7699 0
5329 3729 0
5329 1687 0
5329 18090 0
5329 7851 0
5329 7893 0
5329 5850 0
5329 5400 0
5329 3353 0
5329 3354 0
5329 3355 0
5329 18225 0
5329 5855 0
5329 8467 0
5329 1388 0
5329 1392 0
5329 12954 0
5329 3986 0
5329 16308 0
5329 6072 1
5329 16354 0
5329 3561 0
3283 19879 0
3283 7721 0
3283 16308 0
3283 8467 0
3283 1680 0
3283 3729 0
3283 12954 0
3283 3283 0
3283 3284 0
3283 5855 0
3283 1259 0
3283 3354 0
3283 3426 0
3283 5994 0
3283 5487 0
3283 3986 0
3283 1943 0
3283 18332 0
3283 1957 0
3283 6065 0
3283 5555 0
3283 6068 1
3283 3561 0
3283 7893 0
3284 1653 0
3284 7893 0
3284 13549 0
3284 5981 0
3284 3426 0
3284 5487 0
3284 3986 0
3284 1943 0
3284 18332 0
3284 6065 0
3284 16308 0
3284 6081 0
1259 8467 0
1259 2582 0
1259 1260 0
1259 3353 0
1259 3354 0
1259 3355 0
1259 5432 0
1259 5469 0
1259 3426 0
1259 1388 0
1259 3561 0
1259 7692 0
1259 5659 0
1259 5661 0
1259 7721 0
1259 1620 0
1259 1653 0
1259 1687 0
1259 16241 0
1259 8064 0
1259 3986 0
1259 16308 0
1259 6078 0
1259 16354 0
1260 3729 0
1260 3986 0
1260 6068 1
1260 3382 0
1260 1620 0
1260 5469 0
1260 3426 0
1260 1260 0
1260 8467 0
13549 1620 0
13549 16607 0
13549 4649 0
13549 5981 0
13549 5491 0
13549 6068 1
7379 6065 0
7379 6068 1
7379 1620 0
7379 5791 0
7379 18332 0
7379 7379 0
7379 3426 0
7379 16241 0
7379 3986 0
7379 1943 0
4649 5661 0
4649 4649 0
4649 1620 0
4649 5476 0
4649 5659 0
4649 5855 0
4649 5885 0
4649 3929 0
4649 5978 0
4649 5981 0
4649 3729 0
4649 5980 0
4649 3986 0
4649 18332 0
4649 19879 0
4649 6068 1
7430 11894 0
7430 3729 0
7430 7931 0
7430 7552 0
7430 19808 0
7430 7534 0
7430 7551 0
7430 7555 0
7430 8075 0
7430 3986 0
7430 6072 1
15629 16308 0
15629 1653 0
15629 1392 0
15629 16241 0
15629 7851 0
15629 7893 0
15629 7480 0
15629 4966 0
15629 1388 0
15629 19879 0
15629 5033 0
15629 6068 1
15629 5029 0
15629 3561 0
15629 15853 0
5400 7851 0
5400 1653 0
5400 12954 0
5400 7893 0
5400 5855 0
5400 7986 0
5400 3929 0
5400 3426 0
5400 1392 0
5400 1943 0
5400 16308 0
5400 18090 0
3353 5978 0
3353 5367 0
3353 3353 0
3353 3354 0
3353 3355 0
3353 5432 0
3353 5516 0
3353 1957 0
3353 1637 0
3353 1653 0
3353 3729 0
3353 16022 0
3353 1687 0
3353 5850 0
3353 5855 0
3353 7931 0
3353 5980 0
3354 2582 0
3354 5367 0
3354 3354 0
3354 3355 0
3354 5476 0
3354 6081 0
3354 3729 0
3354 3734 0
3354 1687 0
3354 5855 0
3354 7931 0
3354 5432 0
3354 5981 0
3354 8065 0
3354 16022 0
3354 1957 0
3354 6072 1
3355 5978 0
3355 7721 0
3355 5735 0
3355 1687 0
3355 1765 0
3355 5367 0
3355 7851 0
3355 3355 0
3355 5432 0
3355 5980 0
3355 5994 0
3355 1943 0
3355 1957 0
7455 7726 0
7455 18332 0
7455 1687 0
7455 5855 0
7455 7455 0
7455 19808 0
7455 7551 0
7455 19879 0
7455 6072 1
1314 5659 0
1314 1314 0
1314 5432 0
1314 6072 1
7466 5641 0
7466 3729 0
7466 3986 0
7466 1687 0
7466 6068 1
7466 5855 0
7466 5850 0
19758 5855 0
19758 1765 0
19758 5981 0
19758 6068 1
19758 3561 0
3382 5555 0
3382 1668 0
5432 16087 0
5432 8467 0
5432 568 0
5432 5367 0
5432 5432 0
5432 5469 0
5432 5476 0
5432 3460 0
5432 5521 0
5432 3513 0
5432 5641 0
5432 1552 0
5432 1554 0
5432 7699 0
5432 1620 0
5432 3729 0
5432 1687 0
5432 5855 0
5432 7917 0
5432 20252 0
5432 5981 0
5432 1943 0
5432 6078 0
5432 6081 0
16607 8467 0
16607 5487 0
16607 5491 0
16607 6072 1
16607 16354 0
16607 3561 0
5446 5641 1
5446 1552 1
5446 1554 1
5446 1687 1
5446 5446 2
5446 5494 1
568 6068 1
568 18005 1
568 1765 0
568 568 0
568 5981 0
568 3986 0
568 18332 0
568 6078 0
568 2019 0
5469 5981 0
5469 5469 0
5469 5487 0
5469 19837 0
5469 5521 0
5469 5659 0
5469 1620 0
5469 1680 0
5469 16022 0
5469 1687 0
5469 5855 0
5469 1765 0
5469 7917 0
5469 5885 0
5469 3929 0
5469 5978 0
5469 5980 0
5469 1928 0
5469 3986 0
5469 1943 0
5469 6072 1
19808 8467 0
19808 7534 0
19808 19837 0
19808 7551 0
19808 7552 0
19808 7555 0
19808 1653 0
19808 1765 0
19808 7931 0
19808 1928 0
19808 8075 0
19808 6072 1
5473 16354 1
3426 19837 0
3426 16308 0
3426 7982 0
3426 5029 0
3426 5033 0
3426 7480 0
3426 3426 0
3426 1388 0
3426 1392 0
3426 5981 0
3426 19879 0
3426 1523 0
3426 5641 0
3426 7726 0
3426 1637 0
3426 6081 0
3426 1680 0
3426 1687 0
3426 5791 0
3426 1765 0
3426 5978 0
3426 5980 0
3426 8064 0
3426 8065 0
3426 1928 0
3426 3986 0
3426 1943 0
3426 6065 0
3426 6068 1
3426 16374 0
3426 4081 0
5476 1687 0
5476 5476 0
5476 5994 0
5476 1943 0
5476 19879 0
1388 1388 0
1388 8467 0
1388 5850 0
1388 12954 0
1388 15853 0
1388 5029 0
1388 5033 0
1388 4966 0
1388 7480 0
1388 1392 0
1388 19879 0
1388 3561 0
1388 5641 0
1388 1653 0
1388 18090 0
1388 7851 0
1388 7893 0
1388 1765 0
1388 5885 0
1388 18225 0
1388 7986 0
1388 5981 0
1388 5994 0
1388 16241 0
1388 8065 0
1388 3986 0
1388 1943 0
1388 18332 0
1388 6065 0
1388 16308 0
1388 16374 0
7534 5641 0
7534 1653 0
7534 5855 0
7534 5367 0
7534 7552 0
7534 7534 0
7534 7551 0
7534 7555 0
7534 8075 0
7534 6072 1
7534 7931 0
5487 1392 0
5487 8467 0
5487 5850 0
5487 12954 0
5487 5487 0
5487 7851 0
5487 3986 0
1392 8467 0
1392 12954 0
1392 4966 0
1392 15853 0
1392 5029 0
1392 7480 0
1392 19879 0
1392 3561 0
1392 1680 0
1392 3729 0
1392 18090 0
1392 7851 0
1392 7893 0
1392 1765 0
1392 18225 0
1392 5981 0
1392 8065 0
1392 3986 0
1392 1943 0
1392 18332 0
1392 6065 0
1392 16308 0
1392 16374 0
5491 11894 0
5491 18332 0
5491 3729 0
5491 7986 0
5491 3929 0
5491 5981 0
5491 5994 0
5491 16241 0
5491 5491 0
5491 6068 1
5491 19879 0
5494 7726 0
5494 1653 0
5494 1765 0
5494 5885 0
5494 5981 0
5494 5494 0
5494 3986 0
5494 1943 0
5494 19879 0
5494 6078 0
5494 15853 0
5494 16374 0
19837 7726 0
19837 1620 0
19837 5978 0
19837 5980 0
19837 5981 0
19837 19837 0
19837 3986 0
7551 16022 0
7551 1687 0
7551 1653 0
7551 7982 0
7551 7555 0
7551 8075 0
7551 3986 0
7551 6072 1
7551 8144 0
7551 7931 0
7551 7552 0
7552 11894 0
7552 5855 0
7552 7931 0
7552 7555 0
7552 8075 0
7552 3986 0
7552 1957 0
7552 6072 1
7555 8075 0
7555 6072 1
7555 7931 0
7555 5994 0
3460 3460 0
3462 5978 0
3462 1620 0
3462 5980 0
3462 1668 0
3462 5885 0
3462 7982 0
3462 7480 0
3462 5981 0
3462 3462 0
3462 5516 0
3462 6068 1
3462 6081 0
3462 2019 0
19850 2019 0
19850 18005 1
5516 3986 0
5516 1943 0
5516 6068 1
5516 7726 0
5516 3789 0
5516 5885 0
5516 1653 0
5521 1552 0
5521 7721 0
5521 6072 1
5521 1620 0
5521 1687 0
5521 5994 0
5521 5521 0
5521 3986 0
5521 6068 1
5521 1957 0
5521 2019 0
19879 5850 0
19879 5033 0
19879 7726 0
19879 7480 0
19879 19879 0
19879 5029 0
19879 3561 0
19879 15853 0
19879 16308 0
19879 1637 0
19879 8467 0
19879 1653 0
19879 1680 0
19879 4966 0
19879 16022 0
19879 1687 0
19879 7851 0
19879 7893 0
19879 5855 0
19879 1765 0
19879 5885 0
19879 7986 0
19879 3929 0
19879 5978 0
19879 5980 0
19879 5981 0
19879 8065 0
19879 1928 0
19879 8081 0
19879 3986 0
19879 1943 0
19879 18332 0
19879 6065 0
19879 6068 1
19879 6081 0
19879 16374 0
19879 8144 0
19879 16354 0
5555 6068 1
5555 5855 0
3513 1687 0
3513 1765 0
3513 5885 0
3513 5978 0
3513 5980 0
3513 5981 0
3513 8064 0
3513 6068 1
3513 3513 0
15809 6068 1
5367 8081 0
5367 5641 0
5367 2582 0
5367 7726 0
5367 1653 0
5367 3729 0
5367 1687 0
5367 12954 0
5367 5855 0
5367 1765 0
5367 5367 0
5367 8467 0
5367 3561 0
5367 8064 0
5367 3986 0
5367 1957 0
5367 6068 1
5367 6072 1
5367 6078 0
5029 4966 0
5029 5033 0
5029 7480 0
5029 3561 0
5029 15853 0
5029 7726 0
5029 16308 0
5029 1637 0
5029 1653 0
5029 1680 0
5029 7851 0
5029 7893 0
5029 5850 0
5029 5855 0
5029 5885 0
5029 7986 0
5029 5978 0
5029 8081 0
5029 3986 0
5029 1943 0
5029 18332 0
5029 6065 0
5029 6068 1
5029 6078 0
5029 6081 0
5029 2019 0
5029 16374 0
3561 16374 0
3561 18225 0
3561 12954 0
3561 4966 0
3561 5033 0
3561 16241 0
3561 7480 0
3561 1552 0
3561 1653 0
3561 7851 0
3561 16087 0
3561 5855 0
3561 5856 0
3561 16126 0
3561 1860 0
3561 5981 0
3561 3986 0
3561 2019 0
3561 18090 0
15853 7851 0
15853 5850 0
15853 7480 0
15853 4966 0
15853 6068 1
15853 15853 0
15853 5033 0
1523 7726 0
1523 16308 0
1523 7893 0
1523 7982 0
1523 3986 0
1523 1523 0
1523 6068 1
1523 6081 0
1523 16374 0
5033 12954 0
5033 4966 0
5033 7480 0
5033 5661 0
5033 5850 0
5033 1637 0
5033 1653 0
5033 1680 0
5033 7851 0
5033 7893 0
5033 5855 0
5033 5978 0
5033 3986 0
5033 1943 0
5033 6065 0
5033 6068 1
5033 6081 0
5641 5641 0
5641 1552 0
5641 1653 0
5641 5994 0
5641 3729 0
5641 16022 0
5641 1687 0
5641 5855 0
5641 1957 0
7692 7692 0
7692 5659 0
7692 5661 0
7692 6072 1
1552 1552 0
1552 7699 0
1552 2582 0
1552 16022 0
1552 1687 0
1552 5855 0
1552 5856 0
1552 8467 0
1552 5981 0
1552 6078 0
1552 16354 0
1554 1653 0
7699 2582 0
7699 7982 0
7699 5735 0
7699 16022 0
7699 1687 0
7699 5994 0
7699 8065 0
7699 1957 0
7699 6072 1
5659 16354 0
5659 1687 0
5659 5659 0
5659 1957 0
5659 6068 1
5659 6081 0
5661 5661 0
5661 1653 0
5661 5994 0
5661 1687 0
5661 6072 1
7721 1653 0
7721 1680 0
7721 5791 0
7721 8064 0
7721 1928 0
7721 6068 1
7721 6081 0
7726 3789 0
7726 7726 0
7726 3734 0
7726 5791 0
7726 5978 0
7726 5980 0
7726 5981 0
7726 5994 0
7726 16241 0
7726 6068 1
16308 8467 0
16308 5850 0
16308 4966 0
16308 16308 0
16308 1653 0
16308 1680 0
16308 7851 0
16308 7893 0
16308 5855 0
16308 1765 0
16308 16126 0
16308 18225 0
16308 5981 0
16308 1928 0
16308 12954 0
16308 6068 1
16308 8142 0
16308 8144 0
1620 7917 0
1620 18005 1
1620 1620 0
1620 5855 0
1620 1765 0
1620 7480 0
1620 5978 0
1620 5980 0
1620 5981 0
1620 8064 0
1620 3986 0
1620 1943 0
1620 18332 0
1620 1957 0
1620 2019 0
1620 4081 0
18005 3986 1
18005 6068 2
18005 18005 2
1637 1637 0
1637 1680 0
1637 7851 0
1637 6068 1
1637 6081 0
1637 4081 0
5735 1687 0
5735 5735 0
8467 16374 0
8467 8467 0
8467 7851 0
8467 16087 0
8467 5856 0
8467 16126 0
8467 5944 0
8467 1860 0
8467 5981 0
8467 5994 0
8467 8064 0
8467 2019 0
1653 1653 0
1653 1765 0
1653 1943 0
1653 3729 0
1653 3986 0
1653 12954 0
1653 4966 0
1653 5850 0
1653 5855 0
1653 6065 0
1653 6068 1
1653 6078 0
1653 7480 0
1653 7851 0
1653 7893 0
1653 7972 0
1653 7986 0
1653 16241 0
1653 8064 0
1653 16354 0
1653 16374 0
11894 7931 0
11894 8075 0
11894 2019 0
15994 3986 0
1668 1668 0
1668 7917 0
1668 8065 0
1668 3986 0
1668 6068 1
1680 5856 0
1680 7893 0
1680 16087 0
1680 16126 0
1680 3986 0
1680 1943 0
1680 18332 0
1680 6065 0
1680 5791 0
1680 6081 0
1680 4081 0
3729 5850 0
3729 3729 0
3729 1687 0
3729 5791 0
3729 5855 0
3729 5856 0
3729 16126 0
3729 5978 0
3729 5980 0
3729 5981 0
3729 8075 0
3729 1943 0
3729 6072 1
3729 6078 0
4966 12954 0
4966 7480 0
4966 5850 0
4966 7851 0
4966 7893 0
4966 5855 0
4966 7986 0
4966 5978 0
4966 3986 0
4966 1943 0
4966 18332 0
4966 6068 1
4966 16374 0
4966 16354 0
3734 8064 0
3734 3734 0
3734 5994 0
3734 5885 0
1687 2582 0
1687 5981 0
1687 8064 0
1687 16022 0
1687 1687 0
1687 5855 0
1687 5856 0
1687 1765 0
1687 3871 0
1687 1860 0
1687 5994 0
1687 1957 0
1687 6072 1
1687 6078 0
1687 8144 0
1687 16354 0
5791 6068 1
5791 5791 0
5791 5994 0
5791 8065 0
5791 3986 0
5791 1943 0
5791 18332 0
5791 6078 0
5791 4081 0
18090 7851 0
18090 18225 0
18090 12954 0
18090 6068 1
7851 12954 0
7851 7480 0
7851 6065 0
7851 7851 0
7851 7893 0
7851 18225 0
7851 8065 0
7851 3986 0
7851 1943 0
7851 18332 0
7851 6081 0
3789 8064 0
3789 8081 0
3789 5981 0
3789 6068 1
3789 3986 0
3789 5885 0
7893 7893 0
7893 8142 0
7893 7480 0
7893 5850 0
7893 5855 0
7893 1765 0
7893 16126 0
7893 5981 0
7893 8065 0
7893 1928 0
7893 12954 0
7893 6068 1
7893 8144 0
7893 4081 0
7893 16374 0
5850 5994 0
5850 16022 0
5850 8065 0
5850 5850 0
5850 7480 0
5850 3986 0
5850 6065 0
5850 6068 1
5850 5855 0
5850 16374 0
5855 2582 0
5855 7986 0
5855 7480 0
5855 16022 0
5855 5855 0
5855 5856 0
5855 1765 0
5855 7972 0
5855 5944 0
5855 5978 0
5855 5980 0
5855 5981 0
5855 5994 0
5855 16241 0
5855 8065 0
5855 6068 1
5855 6072 1
5855 6078 0
5855 6081 0
5855 16354 0
5855 2019 0
5856 16022 0
5856 5981 0
5856 5994 0
5856 6068 1
1765 16354 0
1765 16022 0
1765 1765 0
1765 8081 0
1765 3986 0
1765 1943 0
1765 6065 0
1765 4081 0
1765 16374 0
2582 2582 0
2582 8064 0
2582 20359 1
2582 6078 0
7917 7917 0
7917 3986 0
7931 8075 0
7931 6072 1
1788 6068 1
1788 1788 0
5885 5885 0
5885 7972 0
5885 5978 0
5885 5980 0
5885 5981 0
5885 5994 0
5885 3986 0
5885 6068 1
5885 8142 0
5885 2019 0
16126 3986 0
16126 1943 0
16126 18332 0
16126 6065 0
16126 6068 1
16126 5994 0
3871 3871 0
3871 1957 0
3871 6081 0
7972 16374 0
7972 3986 0
7972 5981 0
7972 6068 1
7982 7986 0
7982 8064 0
7982 3986 0
7982 6068 1
18225 8081 0
18225 3986 0
18225 12954 0
18225 6068 1
18225 18225 0
7986 12954 0
7986 7480 0
7986 6081 0
7986 8144 0
5944 3986 0
5944 6068 1
5944 5944 0
1860 3986 0
1860 1943 0
7480 7480 0
7480 3929 0
7480 5978 0
7480 1943 0
7480 18332 0
7480 6065 0
7480 6068 1
7480 16374 0
7480 16354 0
7480 2019 0
3929 3929 0
3929 6068 1
5978 6068 1
5978 18332 0
5978 8064 0
5978 5978 0
5980 8064 0
5980 3986 0
5980 1943 0
5980 18332 0
5980 6065 0
5980 6068 1
5981 1943 0
5981 3986 0
5981 5981 0
5981 6065 0
5981 6068 1
5981 6078 0
5981 8064 0
5981 16022 0
5981 16374 0
5994 5994 0
5994 8065 0
5994 1957 0
5994 16354 0
16241 16241 0
16241 6068 1
8064 16374 0
8064 8064 0
8064 3986 0
8064 12954 0
8064 6068 1
8065 8065 0
8065 6068 1
8065 8144 0
8065 4081 0
16022 16022 0
16022 1957 0
16022 6072 1
1928 1928 0
1928 1943 0
1928 6065 0
1928 6068 1
1928 16374 0
8075 3986 0
8075 6072 1
8081 8081 0
8081 6072 1
3986 16374 0
3986 3986 0
3986 4081 0
3986 12954 0
3986 6068 1
3986 6081 0
3986 8142 0
3986 8144 0
1943 1943 0
1943 6068 1
1943 6078 0
1943 6081 0
1943 4038 1
1943 16374 0
18332 8144 0
18332 6068 1
18332 6081 0
18332 4081 0
18332 16374 0
12954 6081 0
12954 6068 1
1957 6072 1
1957 1957 0
1957 16354 0
6065 6065 0
6065 6068 1
6065 6081 0
6065 16374 0
6068 6068 2
6068 6081 1
6068 8142 1
6068 2019 1
6068 4081 1
6068 16374 1
6072 6072 2
6072 16354 1
6078 6078 0
6078 16354 0
6078 4081 0
6078 16374 0
6081 6081 0
16354 16354 0
16354 2019 0
2019 2019 0
4081 4081 0
16374 16374 0
