9221 866 0
9221 2414 0
9221 2415 0
9221 2416 0
9221 2417 0
9221 756 0
9221 1722 1
9221 3551 0
9221 1725 1
9221 1727 1
5641 5641 0
5641 1552 0
5641 561 0
5641 2408 0
5641 7534 0
5641 1687 0
5641 1722 1
5641 1725 1
5641 3446 0
5641 7380 0
5641 5855 0
5641 12542 0
5641 301 0
5641 5432 0
5641 4409 0
5641 4410 0
5641 4411 0
5641 4412 0
5641 4413 0
5641 4414 0
5641 4415 0
5641 4416 0
5641 4417 0
5641 4418 0
5641 4419 0
5641 4420 0
5641 3426 0
5641 2409 0
5641 2410 0
5641 2411 0
5641 2414 0
5641 2415 0
5641 2416 0
5641 2417 0
5641 934 0
5641 17363 0
13322 3601 0
13322 6164 0
13322 8881 0
13322 4145 0
13322 1727 1
13322 453 1
13322 6737 0
13322 5855 0
13322 3446 0
1552 1552 0
1552 561 0
1552 1687 0
1552 1725 1
1552 5855 0
1552 8954 0
1552 301 0
1552 5432 0
1552 866 0
1552 2414 0
1552 3446 0
1552 389 0
1552 453 1
1552 3551 0
1552 6741 0
3601 3601 0
3601 4145 0
3601 13061 0
3601 6740 0
3601 4789 0
3601 1726 1
3601 3794 0
3601 5855 0
3601 5380 0
3601 1807 0
3601 1809 0
3601 561 0
3601 6792 0
3601 313 0
3601 9023 0
3601 389 0
3601 3986 0
3601 453 1
3601 3574 0
3601 6141 0
13843 13843 0
13843 3154 1
13843 1620 0
13843 3163 1
13843 5247 0
13843 1170 0
13843 1210 0
13843 729 0
13843 2338 0
13843 5464 0
13843 2962 0
13843 935 0
13843 3150 0
13843 6739 0
6164 4145 0
6164 6164 0
6164 2338 0
6164 13019 0
6164 301 0
6164 6484 0
6164 2458 0
6164 10745 0
6164 6737 0
6164 6739 0
6164 6740 0
6164 6741 0
6164 8879 0
6164 4795 0
6164 729 0
6164 8945 0
6164 13061 0
6164 5026 0
6164 2989 0
6164 3426 0
6164 1591 0
6164 7746 0
6164 15964 1
6164 16034 0
6164 1726 1
6164 3848 0
6164 16271 0
6164 3986 0
6164 6068 0
2073 8071 0
2073 10121 0
2073 1687 0
2073 17956 1
2073 5285 1
2073 561 0
2073 5432 0
17438 866 0
17438 2414 0
17438 1722 1
17438 1725 1
21537 263 0
21537 19837 0
21537 16034 0
21537 5787 0
21537 15458 0
21537 4143 0
21537 7109 0
21537 8737 0
21537 6355 0
21537 15963 0
21537 15964 1
21537 19808 0
21537 14051 0
21537 8679 1
21537 6761 0
21537 16098 0
11810 3150 0
11810 3154 1
11810 1523 0
11810 3163 1
3163 4482 1
3163 13061 1
3163 263 1
3163 3848 1
3163 13962 1
3163 6741 1
3163 1170 1
3163 5026 1
3163 2849 1
3163 2338 1
3163 3110 1
3163 7851 1
3163 556 1
3163 3378 1
3163 174 1
3163 6740 1
3163 8881 1
3163 1714 1
3163 16308 1
3163 7741 1
3163 16031 1
3163 2594 1
3163 3150 1
3163 4301 1
3163 3152 1
3163 2129 1
3163 3154 2
3163 6739 1
3163 1620 1
3163 729 1
3163 3163 2
3163 988 1
3163 20575 1
3163 7317 1
3163 1762 1
3163 19515 1
3163 6737 1
3163 2962 1
3163 7893 1
3163 13300 1
3163 3446 1
3163 6484 1
3163 5247 1
3163 14718 1
17956 8071 1
17956 10121 1
17956 3986 1
17956 14999 1
17956 5285 2
17956 9768 1
17956 7723 1
17956 6068 1
17956 313 1
17956 9023 1
17956 15945 1
17956 7378 1
17956 7379 1
17956 485 1
17956 13549 1
17956 5247 1
3110 3110 0
3110 3152 0
3110 3154 1
3110 6761 0
3110 3178 0
3110 19720 0
3110 306 0
3110 5258 0
3110 19808 0
8679 10945 1
8679 15956 1
8679 16034 1
8679 934 1
8679 4147 2
8679 7605 1
8679 17334 1
8679 5944 1
8679 21184 1
8679 7746 1
8679 8737 1
8679 2129 1
8679 6355 1
8679 10745 1
8679 15963 1
8679 15964 2
8679 15458 1
8679 14051 1
8679 8679 2
8679 6761 1
8679 16098 1
8679 4349 1
8679 7926 1
9768 9768 0
9768 1620 0
9768 5285 1
9768 2338 0
9768 11062 0
9768 8160 0
7723 5285 1
7723 7723 0
7723 2411 0
7723 3446 0
556 263 0
556 669 0
556 13061 0
556 16308 0
556 3154 1
556 19808 0
556 3426 0
556 20857 0
556 10945 0
4143 13061 0
4143 4147 1
4143 13300 0
4143 16308 0
4143 7741 0
4143 7746 0
4143 15963 0
4143 15964 1
4143 15458 0
4143 6761 0
4143 21184 0
4143 13962 0
4143 16034 0
4143 17334 0
4143 1765 0
4143 8945 0
4143 8737 0
4143 7926 0
4143 4349 0
4143 5944 0
4143 16098 0
4143 19808 0
4143 902 1
4143 16271 0
4143 3986 0
4143 7605 0
4143 1523 0
4143 10745 0
4143 10945 0
4145 4145 0
4145 263 0
4145 13019 0
4145 4409 0
4145 6484 0
4145 2458 0
4145 4547 0
4145 561 0
4145 6737 0
4145 6739 0
4145 6740 0
4145 6741 0
4145 8879 0
4145 4789 0
4145 4829 1
4145 9023 0
4145 15672 0
4145 19774 1
4145 3446 0
4145 7605 0
4145 5026 0
4145 1591 0
4145 1620 0
4145 1687 0
4145 1726 1
4145 1727 1
4145 1728 0
4145 7893 0
4145 5855 0
4145 1765 0
4145 3848 0
4145 1807 0
4145 1809 0
4145 3986 0
4145 16308 0
4147 669 1
4147 13061 1
4147 10945 1
4147 19720 1
4147 16271 1
4147 15964 2
4147 672 1
4147 16034 1
4147 934 1
4147 935 1
4147 19808 1
4147 8758 1
4147 16308 1
4147 4424 1
4147 7380 1
4147 15963 1
4147 15458 1
4147 6761 1
4147 8945 1
4147 17334 1
4147 15956 1
8758 1591 0
8758 6068 0
8758 1620 0
8758 15964 1
8758 4789 0
8758 16098 0
8758 8945 0
8758 3986 0
8758 15956 0
1591 129 0
1591 3446 0
1591 4301 0
1591 4339 0
1591 2338 0
1591 4409 0
1591 4411 0
1591 4413 0
1591 6484 0
1591 4482 0
1591 2458 0
1591 2594 0
1591 6739 0
1591 6740 0
1591 6741 0
1591 6792 0
1591 8879 0
1591 8881 0
1591 4794 0
1591 4795 0
1591 729 0
1591 13019 0
1591 4829 1
1591 6883 0
1591 13061 0
1591 15853 0
1591 5026 0
1591 17363 0
1591 988 0
1591 17396 0
1591 1170 0
1591 5380 0
1591 3353 0
1591 3378 0
1591 3426 0
1591 2962 0
1591 19879 0
1591 3551 0
1591 6737 0
1591 1591 0
1591 7741 0
1591 1620 0
1591 1687 0
1591 16031 0
1591 7851 0
1591 1726 1
1591 7893 0
1591 5855 0
1591 3848 0
1591 4410 0
1591 3986 0
1591 16308 0
16308 174 0
16308 4409 0
16308 4410 0
16308 4413 0
16308 4547 0
16308 2594 0
16308 8879 0
16308 13061 0
16308 18507 0
16308 2849 0
16308 935 0
16308 3154 1
16308 7380 0
16308 3426 0
16308 19879 0
16308 1523 0
16308 3574 0
16308 16308 0
16308 5787 0
16308 7851 0
16308 7893 0
16308 5855 0
16308 1765 0
16308 6068 0
19515 3150 0
19515 3154 1
15932 2409 0
15932 1722 1
15932 1725 1
15932 1765 0
15932 5380 0
15932 263 0
15932 5432 0
15932 4409 0
15932 4411 0
15932 4412 0
15932 4415 0
15932 19808 0
15932 2410 0
15932 2411 0
15932 2414 0
7741 6068 0
7741 3150 0
7741 2129 0
7741 3154 1
7741 13962 0
7741 669 0
7741 672 0
7741 174 0
7741 2849 0
7741 4547 0
7741 1523 0
7741 10745 0
5432 18507 0
5432 389 0
5432 2338 0
5432 301 0
5432 2408 0
5432 4547 0
5432 4550 0
5432 561 0
5432 669 0
5432 453 1
5432 4789 0
5432 2962 0
5432 2967 1
5432 934 0
5432 17363 0
5432 5247 0
5432 1170 0
5432 3353 0
5432 5432 0
5432 5464 0
5432 3551 0
5432 1620 0
5432 1687 0
5432 5855 0
7746 8737 0
7746 15963 0
7746 15964 1
7746 15458 0
7746 6761 0
7746 5787 0
7746 5855 0
7746 16098 0
7746 19837 0
7746 6355 0
7746 7926 0
7746 4349 0
7746 5944 0
7746 14051 0
7746 19808 0
7746 17334 0
7746 21184 0
7746 7605 0
7746 7109 0
7746 4550 0
7746 13300 0
7746 10745 0
15945 1687 0
15945 5285 1
15945 13497 0
15945 3794 0
15945 5855 0
15945 5352 0
15945 3353 0
15945 2458 0
15945 1004 0
15945 15853 0
15945 3574 0
18507 389 0
18507 301 0
18507 7605 0
18507 16031 0
18507 4418 0
18507 453 1
18507 17363 0
18507 4829 1
18507 3446 0
18507 20857 0
866 561 0
866 3426 0
866 1687 0
866 2415 0
866 1722 1
866 1725 1
866 1727 1
866 5855 0
866 756 0
866 301 0
866 7534 0
866 4409 0
866 4410 0
866 866 0
866 2409 0
866 2410 0
866 2414 0
866 2416 0
866 2417 0
866 17363 0
866 3551 0
3150 2594 0
3150 8881 0
3150 6737 0
3150 3154 1
3150 6739 0
3150 6740 0
3150 6741 0
3150 3178 0
3150 5247 0
3150 129 0
3150 13962 0
3150 1170 0
3150 14718 0
3150 5787 0
3150 16031 0
3150 7851 0
3150 174 0
3150 1714 0
3150 4301 0
3150 729 0
3150 1762 0
3150 263 0
3150 3848 0
3150 1807 0
3150 2849 0
3150 2338 0
3150 3378 0
3150 11062 0
3150 6484 0
3150 3446 0
3150 4482 0
3150 2962 0
3150 5026 0
3150 20575 0
3150 988 0
3150 1523 0
3150 1620 0
3152 19720 0
3152 1170 0
3152 7317 0
3152 8881 0
3152 1714 0
3152 11062 0
3152 3154 1
3152 6484 0
3152 729 0
3152 988 0
3152 3178 0
3152 2962 0
3152 5247 0
6737 3446 0
6737 6484 0
6737 2458 0
6737 2594 0
6737 6739 0
6737 6740 0
6737 6741 0
6737 669 0
6737 672 0
6737 8879 0
6737 8881 0
6737 13019 0
6737 3154 1
6737 3426 0
6737 1620 0
6737 16031 0
6737 1726 1
6737 1728 0
6737 5855 0
6737 1765 0
6737 3848 0
6737 3986 0
3154 129 1
3154 4301 1
3154 5380 1
3154 13061 1
3154 263 1
3154 3848 1
3154 13962 1
3154 4482 1
3154 1170 1
3154 5026 1
3154 2849 1
3154 2594 1
3154 3426 1
3154 20575 1
3154 7851 1
3154 3378 1
3154 174 1
3154 6740 1
3154 8881 1
3154 1714 1
3154 11062 1
3154 16031 1
3154 7893 1
3154 2338 1
3154 6739 1
3154 1620 1
3154 6741 1
3154 729 1
3154 988 1
3154 1762 1
3154 6883 1
3154 3178 1
3154 2962 1
3154 1523 1
3154 13300 1
3154 6484 1
3154 14718 1
3154 5247 1
6739 4301 0
6739 2338 0
6739 4410 0
6739 4411 0
6739 4413 0
6739 4424 0
6739 6484 0
6739 4482 0
6739 2458 0
6739 4547 0
6739 20857 0
6739 19879 0
6739 2594 0
6739 6739 0
6739 6740 0
6739 6741 0
6739 669 0
6739 672 0
6739 8879 0
6739 8881 0
6739 13019 0
6739 7109 0
6739 988 0
6739 3178 0
6739 7380 0
6739 5380 0
6739 5464 0
6739 7605 0
6739 15853 0
6739 1523 0
6739 7851 0
6739 1726 1
6739 1765 0
6739 3848 0
6739 3986 0
6739 6068 0
6739 16031 0
1620 4301 0
1620 4349 0
1620 2338 0
1620 4424 0
1620 2458 0
1620 453 1
1620 4550 0
1620 4547 0
1620 669 0
1620 672 0
1620 8879 0
1620 4795 0
1620 729 0
1620 6907 0
1620 2849 0
1620 2962 0
1620 2989 0
1620 1004 0
1620 5247 0
1620 1170 0
1620 7317 0
1620 1210 0
1620 7379 0
1620 13549 0
1620 19837 0
1620 4339 0
1620 1620 0
1620 1714 0
1620 20857 0
1620 5855 0
1620 1765 0
1620 301 0
1620 988 0
1620 6792 0
1620 313 0
1620 3986 0
1620 5787 0
1620 8160 0
6741 19837 0
6741 4413 0
6741 4416 0
6741 4420 0
6741 6484 0
6741 2458 0
6741 2594 0
6741 6740 0
6741 6741 0
6741 6792 0
6741 669 0
6741 672 0
6741 8879 0
6741 8881 0
6741 7109 0
6741 1004 0
6741 902 1
6741 5464 0
6741 3446 0
6741 19879 0
6741 15853 0
6741 16031 0
6741 7851 0
6741 1726 1
6741 1765 0
6741 3848 0
6741 13019 0
6741 3986 0
6741 6068 0
6741 8160 0
15963 13061 0
15963 17334 0
15963 15964 1
15963 15458 0
15963 13962 0
15963 16034 0
15963 10945 0
15963 16098 0
15963 8945 0
15963 19720 0
15963 19808 0
15963 902 1
15963 16271 0
15963 3986 0
15963 6761 0
15963 10745 0
15964 8737 1
15964 15956 1
15964 15458 1
15964 6761 1
15964 5787 1
15964 16034 1
15964 1210 1
15964 21184 1
15964 10945 1
15964 6355 1
15964 5855 1
15964 16098 1
15964 14051 1
15964 8945 1
15964 7926 1
15964 19720 1
15964 5944 1
15964 19808 1
15964 19837 1
15964 16271 1
15964 10745 1
15964 19879 1
15964 15853 1
15964 1523 1
15964 13300 1
15964 6740 1
1722 4416 1
1722 3986 1
1722 7534 1
1722 2415 1
1722 13019 1
1722 301 1
1722 561 1
1722 7603 1
1722 4413 1
1722 15672 1
1722 4409 1
1722 1722 2
1722 4412 1
1722 1725 2
1722 4414 1
1722 1727 2
1722 1728 1
1722 4417 1
1722 4418 1
1722 4419 1
1722 4420 1
1722 7109 1
1722 17396 1
1722 4789 1
1722 17363 1
1722 4410 1
1722 5855 1
1722 3551 1
1722 4411 1
1722 4794 1
1722 2408 1
1722 2409 1
1722 2410 1
1722 2411 1
1722 2414 1
1722 2416 1
1722 2417 1
1722 756 1
1722 20857 1
1722 8954 1
1722 4415 1
1722 12542 1
15458 19720 0
15458 7605 0
15458 21184 0
15458 10945 0
15458 16271 0
15458 16034 0
15458 6355 0
15458 15956 0
15458 14051 0
15458 16098 0
15458 8945 0
15458 7926 0
15458 6761 0
15458 10745 0
6761 8737 0
6761 17334 0
6761 6761 0
6761 13962 0
6761 16034 0
6761 21184 0
6761 10945 0
6761 3794 0
6761 5855 0
6761 14051 0
6761 8945 0
6761 7926 0
6761 4349 0
6761 13061 0
6761 19720 0
6761 19837 0
6761 4413 0
6761 16098 0
6761 902 1
6761 16271 0
6761 3986 0
6761 19808 0
6761 1523 0
6761 13300 0
6761 3574 0
6761 10745 0
3178 4482 0
3178 2967 1
3178 7317 0
3178 15853 0
3178 8071 0
5247 19879 0
5247 8881 0
5247 1170 0
5247 4550 0
5247 1210 0
5247 4301 0
5247 729 0
5247 4339 0
5247 2849 0
5247 2338 0
5247 988 0
5247 5464 0
5247 3986 0
5247 4547 0
5247 2962 0
5247 2967 1
5247 2989 0
129 6740 0
129 129 0
129 669 0
129 672 0
129 1210 0
129 7379 0
129 2338 0
129 4424 0
129 3446 0
129 7317 0
129 2967 1
129 6068 0
129 4547 0
129 8160 0
6792 4349 0
6792 306 0
6792 4410 0
6792 4413 0
6792 4416 0
6792 4420 0
6792 2409 0
6792 389 0
6792 4547 0
6792 453 1
6792 6792 0
6792 669 0
6792 672 0
6792 8879 0
6792 4829 1
6792 2849 0
6792 19837 0
6792 5026 0
6792 7109 0
6792 15672 0
6792 4412 0
6792 8160 0
4413 4416 0
4413 561 0
4413 2414 0
4413 2415 0
4413 8881 0
4413 1725 1
4413 7893 0
4413 17363 0
4413 12542 0
4413 13061 0
4413 4409 0
4413 4410 0
4413 4411 0
4413 4412 0
4413 4413 0
4413 4414 0
4413 4415 0
4413 4417 0
4413 4418 0
4413 4419 0
4413 4420 0
4413 2408 0
4413 2409 0
4413 2410 0
4413 2411 0
4413 7534 0
4413 2416 0
4413 2417 0
4413 19879 0
1170 4301 0
1170 2338 0
1170 729 0
1170 6907 0
1170 2962 0
1170 2967 1
1170 2989 0
1170 10745 0
1170 988 0
1170 1714 0
1170 5855 0
1170 1807 0
1170 3986 0
2414 561 0
2414 7603 0
2414 3426 0
2414 2414 0
2414 2416 0
2414 1725 1
2414 1726 1
2414 1727 1
2414 5855 0
2414 756 0
2414 12542 0
2414 4339 0
2414 301 0
2414 4409 0
2414 4410 0
2414 3551 0
2414 4412 0
2414 4414 0
2414 4415 0
2414 4416 0
2414 4417 0
2414 4418 0
2414 4419 0
2414 4420 0
2414 4411 0
2414 2408 0
2414 2409 0
2414 2410 0
2414 2411 0
2414 7534 0
2414 2415 0
2414 2417 0
2414 20857 0
2414 17363 0
2414 6141 0
2414 6142 0
1687 3426 0
1687 7525 1
1687 485 0
1687 2338 0
1687 301 0
1687 16098 0
1687 2408 0
1687 389 0
1687 4547 0
1687 453 1
1687 4550 0
1687 561 0
1687 6883 0
1687 5026 0
1687 935 0
1687 17363 0
1687 5380 0
1687 3353 0
1687 3446 0
1687 19879 0
1687 7605 0
1687 3574 0
1687 1687 0
1687 3794 0
1687 5855 0
1687 1765 0
1687 4409 0
1687 6141 0
5787 5787 0
5787 1725 1
5787 7378 0
5787 7379 0
5787 7893 0
5787 8945 0
5787 13061 0
5787 2338 0
5787 5464 0
5787 2417 0
5787 16271 0
5787 3986 0
5787 10745 0
5787 3574 0
669 19837 0
669 301 0
669 4410 0
669 4482 0
669 2458 0
669 19879 0
669 669 0
669 4795 0
669 729 0
669 2967 1
669 7109 0
669 3426 0
669 1765 0
16031 4409 0
16031 4410 0
16031 6484 0
16031 2594 0
16031 6740 0
16031 8881 0
16031 13061 0
16031 7378 0
16031 17363 0
16031 3426 0
16031 15853 0
16031 19879 0
16031 1523 0
16031 16031 0
16031 7851 0
16031 1728 0
16031 1765 0
16031 3986 0
672 672 0
672 16034 0
672 301 0
672 3353 0
672 3426 0
672 19837 0
672 4482 0
672 2967 1
672 2458 0
16034 8737 0
16034 16034 0
16034 6355 0
16034 16098 0
16034 14051 0
16034 4349 0
16034 21184 0
16034 5944 0
16034 17334 0
16034 13300 0
5285 8071 1
5285 10121 1
5285 3986 1
5285 14999 1
5285 6068 1
5285 9023 1
5285 7378 1
5285 7379 1
5285 485 1
5285 13549 1
7851 5464 0
7851 174 0
7851 2338 0
7851 2594 0
7851 3378 0
7851 19879 0
7851 15853 0
7851 7851 0
7851 7893 0
7851 3986 0
174 2594 0
174 174 0
174 8879 0
174 13497 0
174 2849 0
174 2338 0
174 13061 0
174 19808 0
174 389 0
174 5026 0
8879 7605 0
8879 1725 1
8879 1726 1
8879 7893 0
8879 13019 0
8879 17363 0
8879 13061 0
8879 3848 0
8879 9023 0
8879 6484 0
8879 3426 0
8879 3986 0
8879 2458 0
8879 4547 0
8879 6740 0
8881 8881 0
8881 4339 0
8881 4349 0
8881 263 0
8881 2338 0
8881 4409 0
8881 4411 0
8881 4417 0
8881 6484 0
8881 4547 0
8881 2594 0
8881 6740 0
8881 4795 0
8881 5258 0
8881 3353 0
8881 5464 0
8881 3446 0
8881 19879 0
8881 15853 0
8881 1523 0
8881 5855 0
8881 1765 0
8881 3848 0
8881 3986 0
8881 6068 0
1714 1714 0
1714 2338 0
1714 3446 0
1714 7317 0
1714 3986 0
1714 988 0
4789 13497 0
4789 4794 0
4789 4789 0
4789 5855 0
4789 5380 0
4789 1809 0
4789 561 0
4789 7525 1
4789 389 0
4789 2458 0
4789 934 0
4789 2989 0
4789 485 0
13497 389 0
13497 5380 0
13497 2458 0
13497 561 0
13497 453 1
13497 4829 1
13497 5855 0
13497 3446 0
4794 1725 1
4794 1726 1
4794 4409 0
4794 4794 0
4794 3426 0
4795 4829 1
4795 4795 0
4795 4339 0
4795 301 0
4795 20857 0
4795 4482 0
4795 2967 1
4795 6068 0
4795 4550 0
1725 561 1
1725 1727 2
1725 1728 1
1725 5855 1
1725 756 1
1725 12542 1
1725 3353 1
1725 301 1
1725 306 1
1725 4409 1
1725 4410 1
1725 4411 1
1725 4412 1
1725 4414 1
1725 4415 1
1725 4416 1
1725 4417 1
1725 4418 1
1725 4419 1
1725 4420 1
1725 2415 1
1725 2408 1
1725 2409 1
1725 2410 1
1725 2411 1
1725 7534 1
1725 2416 1
1725 2417 1
1725 20857 1
1725 19808 1
1725 7603 1
1725 7605 1
1725 17363 1
1725 3551 1
1725 17396 1
1725 3574 1
1725 6142 1
1726 6740 1
1726 1726 2
1726 1728 1
1726 13019 1
1726 4349 1
1726 5380 1
1726 3848 1
1726 1807 1
1726 4409 1
1726 6484 1
1726 5464 1
1726 3986 1
1726 2458 1
1726 15853 1
1726 6141 1
1727 15672 1
1727 4409 1
1727 1728 1
1727 8160 1
1727 1765 1
1727 5352 1
1727 2415 1
1727 2417 1
1727 756 1
1728 561 0
1728 4409 0
1728 7893 0
1728 5855 0
1728 2410 0
1728 3446 0
1728 6141 0
10945 7317 0
10945 21184 0
10945 6355 0
10945 14051 0
10945 7926 0
10945 19720 0
10945 5944 0
10945 5464 0
10945 19808 0
10945 19837 0
10945 13300 0
10945 10745 0
8737 16271 0
8737 934 0
8737 6068 0
8737 10745 0
8737 19808 0
8737 8945 0
4301 729 0
4301 6907 0
4301 2338 0
4301 306 0
4301 2962 0
4301 3986 0
4301 2989 0
4301 6068 0
4301 7109 0
3794 561 0
3794 19808 0
3794 4829 1
3794 8954 0
3794 5380 0
3794 1809 0
3794 3446 0
3794 389 0
3794 2458 0
3794 4547 0
3794 453 1
3794 3574 0
6355 19808 0
6355 10745 0
7380 5380 0
7380 561 0
7380 453 1
7380 7380 0
7380 5855 0
7380 4411 0
7380 4409 0
7380 2410 0
7380 3986 0
7380 934 0
7380 935 0
7380 17363 0
7893 7893 0
7893 4409 0
7893 4547 0
7893 4550 0
7893 2594 0
7893 13061 0
7893 2849 0
7893 935 0
7893 7109 0
7893 19879 0
7893 1523 0
7893 3574 0
7893 5855 0
7893 1765 0
7893 6068 0
7893 8160 0
729 1210 0
729 729 0
729 4339 0
729 5464 0
729 2338 0
729 3986 0
729 2962 0
729 2967 1
729 2989 0
729 10745 0
729 485 0
13019 6740 0
13019 3848 0
13019 6484 0
13019 3986 0
13019 2458 0
4829 389 1
4829 5258 1
4829 1809 1
4829 2458 1
4829 4829 2
4829 561 1
4829 4547 1
4829 3446 1
4829 5352 1
4829 1004 1
4829 3574 1
4829 8954 1
4829 4349 1
5855 2417 0
5855 4349 0
5855 263 0
5855 301 0
5855 389 0
5855 2458 0
5855 4547 0
5855 6907 0
5855 19879 0
5855 10745 0
5855 13061 0
5855 2594 0
5855 561 0
5855 453 1
5855 4550 0
5855 6883 0
5855 756 0
5855 934 0
5855 7109 0
5855 17363 0
5855 5380 0
5855 3353 0
5855 7534 0
5855 3446 0
5855 3551 0
5855 5855 0
5855 1765 0
5855 3848 0
5855 5944 0
5855 16271 0
5855 6068 0
5855 8160 0
5855 6142 0
16098 2594 0
16098 8945 0
16098 4349 0
16098 10745 0
14051 13061 0
14051 19720 0
14051 16271 0
14051 8945 0
14051 10745 0
1765 19808 0
1765 12542 0
1765 4409 0
1765 4415 0
1765 6484 0
1765 2409 0
1765 389 0
1765 4550 0
1765 2594 0
1765 6740 0
1765 453 1
1765 21184 0
1765 13061 0
1765 5026 0
1765 17396 0
1765 5380 0
1765 5464 0
1765 3426 0
1765 19879 0
1765 1765 0
1765 3848 0
1765 3986 0
5352 5464 0
13549 6068 0
13549 7109 0
13549 17363 0
13549 1004 0
8945 7926 0
8945 4349 0
8945 263 0
8945 4411 0
8945 5944 0
8945 19808 0
8945 17334 0
8945 16271 0
8945 7109 0
8945 1523 0
8945 13300 0
8945 10745 0
7379 6068 0
7379 7378 0
7379 7379 0
7379 3426 0
7379 3986 0
756 301 0
756 561 0
756 4409 0
756 4410 0
756 3551 0
756 2410 0
756 2415 0
756 2416 0
756 2417 0
756 17363 0
7926 13061 0
7926 16271 0
7926 561 0
7926 4550 0
7926 19808 0
7926 10745 0
8954 389 0
8954 561 0
8954 453 1
8954 3574 0
8954 8954 0
8954 4349 0
6907 389 0
6907 2967 1
6907 453 1
6907 2338 0
6907 6740 0
6907 6484 0
6907 2989 0
6907 6907 0
4349 561 0
4349 17363 0
4349 4349 0
4349 3426 0
4349 3446 0
4349 3986 0
4349 19879 0
4349 2989 0
4349 6068 0
4349 7605 0
4349 10745 0
4349 1004 0
4349 6740 0
12542 561 0
12542 7534 0
12542 12542 0
12542 301 0
12542 4409 0
12542 4410 0
12542 4411 0
12542 4412 0
12542 4414 0
12542 4415 0
12542 4416 0
12542 4417 0
12542 4418 0
12542 4419 0
12542 4420 0
12542 2408 0
12542 2409 0
12542 2410 0
12542 2411 0
12542 2415 0
12542 2416 0
12542 2417 0
12542 3986 0
12542 17363 0
5380 5380 0
5380 561 0
5380 934 0
5380 935 0
5380 6068 0
5380 4547 0
5380 19879 0
5380 3574 0
13061 4409 0
13061 4547 0
13061 2594 0
13061 934 0
13061 935 0
13061 13061 0
13061 3426 0
13061 19837 0
13061 19879 0
13061 1523 0
13061 6068 0
13061 8160 0
263 2594 0
263 5258 0
263 263 0
263 2338 0
263 7317 0
263 16271 0
263 10745 0
263 988 0
3848 2594 0
3848 6740 0
3848 7605 0
3848 3848 0
3848 6484 0
3848 5464 0
3848 2458 0
3848 7317 0
3848 1523 0
1807 4339 0
1807 1807 0
1807 2338 0
1807 561 0
1807 5464 0
1807 902 1
1807 19879 0
1807 453 1
1809 389 0
1809 2458 0
1809 561 0
1809 453 1
1809 3986 0
1809 3574 0
3353 6484 0
3353 4550 0
3353 561 0
3353 6883 0
3353 7109 0
3353 2967 1
3353 7317 0
3353 3353 0
21184 19720 0
21184 16271 0
21184 10745 0
2849 1665 1
2849 2849 0
2849 3426 0
2849 1004 0
2338 4339 0
2338 2338 0
2338 4409 0
2338 4424 0
2338 4550 0
2338 2594 0
2338 6883 0
2338 2962 0
2338 2967 1
2338 2989 0
2338 1004 0
2338 7317 0
2338 1210 0
2338 19774 1
2338 5464 0
2338 3426 0
2338 4547 0
2338 19879 0
2338 988 0
2338 3986 0
2338 6068 0
561 2415 0
561 2417 0
561 301 0
561 4409 0
561 4410 0
561 4411 0
561 4412 0
561 4414 0
561 4415 0
561 4416 0
561 4417 0
561 4418 0
561 4419 0
561 4420 0
561 2408 0
561 2409 0
561 2410 0
561 2411 0
561 2416 0
561 389 0
561 2458 0
561 4547 0
561 4550 0
561 2594 0
561 561 0
561 453 1
561 6883 0
561 7534 0
561 19879 0
561 3551 0
561 3574 0
561 6068 0
301 301 0
301 2411 0
301 2415 0
301 2416 0
301 3446 0
301 6068 0
301 4547 0
301 4550 0
301 6740 0
3378 2594 0
3378 3378 0
3378 5464 0
3378 3426 0
11062 2129 0
11062 7317 0
11062 2967 1
15672 4547 0
15672 15672 0
15672 4410 0
313 306 0
313 2967 1
313 6068 0
313 8160 0
4410 6068 0
4410 4409 0
4410 4411 0
4410 4412 0
4410 4414 0
4410 4415 0
4410 4416 0
4410 4417 0
4410 4418 0
4410 4419 0
4410 4420 0
4410 6484 0
4410 19808 0
4410 2408 0
4410 2409 0
4410 2410 0
4410 2411 0
4410 7534 0
4410 2415 0
4410 2416 0
4410 2417 0
4410 3986 0
4410 17363 0
4411 2411 0
4411 4420 0
4411 2416 0
4411 17363 0
4411 4409 0
4411 4411 0
4411 4412 0
4411 4414 0
4411 4415 0
4411 4416 0
4411 4417 0
4411 4418 0
4411 4419 0
4411 6484 0
4411 2408 0
4411 2409 0
4411 2410 0
4411 7534 0
4411 2415 0
4411 2417 0
4412 7534 0
4412 6484 0
4412 4409 0
4412 4412 0
4412 4414 0
4412 4415 0
4412 4416 0
4412 4417 0
4412 4418 0
4412 4419 0
4412 4420 0
4412 2408 0
4412 2409 0
4412 2410 0
4412 2411 0
4412 2415 0
4412 2416 0
4412 2417 0
4412 17363 0
5258 3426 0
5258 5258 0
5258 306 0
5258 389 0
5258 19879 0
5258 453 1
4414 17363 0
4414 4409 0
4414 4415 0
4414 4416 0
4414 4417 0
4414 4418 0
4414 4419 0
4414 4420 0
4414 2408 0
4414 2409 0
4414 2410 0
4414 2411 0
4414 7534 0
4414 2415 0
4414 2416 0
4414 2417 0
9023 6740 0
9023 20857 0
9023 9023 0
9023 8160 0
4416 2417 0
4416 17363 0
4416 4409 0
4416 4415 0
4416 4416 0
4416 4417 0
4416 4418 0
4416 4419 0
4416 4420 0
4416 2408 0
4416 2409 0
4416 2410 0
4416 2411 0
4416 7534 0
4416 2415 0
4416 2416 0
4416 8160 0
4417 7534 0
4417 4409 0
4417 4415 0
4417 4418 0
4417 4419 0
4417 4420 0
4417 6484 0
4417 2408 0
4417 2409 0
4417 2410 0
4417 2411 0
4417 2415 0
4417 2416 0
4417 2417 0
4417 17363 0
4418 4409 0
4418 4415 0
4418 4419 0
4418 4420 0
4418 7534 0
4418 2408 0
4418 2409 0
4418 2410 0
4418 2411 0
4418 2415 0
4418 2416 0
4418 2417 0
4418 17363 0
4419 7534 0
4419 4409 0
4419 4415 0
4419 4419 0
4419 4420 0
4419 2408 0
4419 2409 0
4419 2410 0
4419 2411 0
4419 2415 0
4419 2416 0
4419 2417 0
4419 17363 0
4420 2408 0
4420 17363 0
4420 4409 0
4420 4415 0
4420 2409 0
4420 2410 0
4420 2411 0
4420 7534 0
4420 2415 0
4420 2416 0
4420 2417 0
4420 8160 0
4424 2967 1
4424 17396 0
1762 1523 0
5944 3986 0
5944 6068 0
5944 5944 0
5944 4409 0
5944 4550 0
5944 16271 0
5944 10745 0
6883 2129 0
6883 6883 0
6883 3446 0
6883 389 0
6883 902 1
6883 6068 0
6484 4409 0
6484 2458 0
6484 4547 0
6484 2594 0
6484 6740 0
6484 19879 0
6484 3986 0
6484 6068 0
4409 4409 0
4409 4415 0
4409 2408 0
4409 2409 0
4409 2410 0
4409 2411 0
4409 2416 0
4409 2417 0
4409 389 0
4409 2458 0
4409 4547 0
4409 10745 0
4409 6740 0
4409 4550 0
4409 2415 0
4409 17363 0
4409 19808 0
4409 3426 0
4409 7534 0
4409 3551 0
4409 3986 0
4409 6141 0
5464 19808 0
5464 902 1
5464 3986 0
5464 6068 0
19720 19720 0
19720 7605 0
19720 10745 0
19808 4415 0
19808 2408 0
19808 2411 0
19808 17334 0
19808 10745 0
19808 7109 0
19808 988 0
19808 13300 0
19808 7317 0
19808 7534 0
19808 19837 0
3426 19837 0
3426 2408 0
3426 20857 0
3426 4482 0
3426 389 0
3426 2458 0
3426 4547 0
3426 453 1
3426 4550 0
3426 2594 0
3426 934 0
3426 1004 0
3426 1210 0
3426 3426 0
3426 19879 0
3426 1523 0
3426 3986 0
3426 6068 0
3426 8160 0
7525 4482 1
2408 2411 0
2408 7534 0
2408 4415 0
2408 2408 0
2408 2409 0
2408 2410 0
2408 2415 0
2408 2416 0
2408 2417 0
2408 17363 0
2409 7534 0
2409 4415 0
2409 17363 0
2409 2410 0
2409 2411 0
2409 2415 0
2409 2416 0
2409 2417 0
2409 3446 0
2410 7534 0
2410 2594 0
2410 4415 0
2410 17363 0
2410 20857 0
2410 3551 0
2410 2410 0
2410 2411 0
2410 2415 0
2410 2416 0
2410 2417 0
2410 3446 0
2410 6141 0
2411 2594 0
2411 2411 0
2411 7534 0
2411 4415 0
2411 2415 0
2411 2416 0
2411 2417 0
2411 20857 0
2411 3986 0
2411 17363 0
2962 4339 0
2962 3986 0
2962 2967 1
7534 4415 0
7534 7534 0
7534 2415 0
7534 2416 0
7534 2417 0
2415 3551 0
2415 2416 0
2415 2417 0
2415 4415 0
2416 7603 0
2416 4415 0
2416 3551 0
2416 2417 0
2417 3551 0
2417 7603 0
2417 3574 0
2417 4415 0
19774 306 1
19774 19774 2
19774 19837 1
19774 4339 1
3446 306 0
3446 453 1
3446 17363 0
3446 1004 0
3446 3446 0
3446 19879 0
3446 389 0
3446 3574 0
3446 6068 0
3446 6142 0
20857 3986 0
4415 4415 0
4415 17363 0
19837 17334 0
19837 19837 0
19837 3986 0
19837 7109 0
19837 10745 0
14718 1523 0
7317 306 0
7317 2967 1
7317 7605 0
7317 3986 0
389 389 0
389 2458 0
389 935 0
389 6068 0
389 4547 0
389 453 1
389 3574 0
389 6141 0
389 6142 0
902 902 2
902 4550 1
902 8160 1
8071 10121 0
8071 3986 0
8071 8071 0
7378 7378 0
7378 3986 0
7378 6068 0
14999 3986 0
14999 6068 0
14999 8160 0
16271 15956 0
16271 485 0
16271 13300 0
16271 10745 0
3986 935 0
3986 1523 0
3986 2594 0
3986 2967 1
3986 2989 0
3986 19879 0
3986 3574 0
3986 3986 0
3986 4339 0
3986 4547 0
3986 4550 0
3986 17334 0
3986 6068 0
3986 6740 0
3986 7109 0
3986 7605 0
3986 8160 0
2967 1210 1
2967 4339 1
2967 2967 2
2967 2989 1
2967 7109 1
2967 4550 1
306 306 0
2458 19879 0
2458 2594 0
2458 4547 0
2458 17363 0
2458 2458 0
2458 453 1
2458 1004 0
2458 6142 0
2458 3574 0
2458 6740 0
2594 4547 0
2594 2594 0
2594 6740 0
2594 5026 0
2594 17396 0
2594 19879 0
2594 15853 0
2594 1523 0
2594 6068 0
2594 8160 0
1665 1004 1
934 934 0
934 935 0
935 453 1
935 935 0
935 17363 0
2989 19879 0
2989 2989 0
2989 453 1
2989 4550 0
4339 19879 0
6068 453 1
6068 4550 0
6068 6740 0
6068 4547 0
6068 1210 0
6068 19879 0
6068 15853 0
6068 1523 0
6068 6068 0
7605 5026 0
7605 7605 0
7605 8160 0
17334 17334 0
17334 10745 0
17396 19879 0
17396 4547 0
4547 17363 0
4547 4547 0
4547 453 1
4547 988 0
4547 3574 0
4547 6141 0
453 453 2
453 19879 1
453 3574 1
453 6141 1
453 6142 1
4550 4550 0
4550 7109 0
5026 19879 0
5026 8160 0
17363 19879 0
17363 7109 0
17363 3551 0
17363 485 0
10745 1523 0
10745 13300 0
988 988 0
8160 19879 0
8160 8160 0
485 485 0
19879 6740 0
19879 7109 0
19879 19879 0
19879 15853 0
19879 6142 0
1004 1004 0
15853 15853 0
1523 6740 0
1523 1523 0
3574 3574 0
1210 1210 0
6740 7109 0
7109 7109 0
6141 6142 0
6142 6142 0
