6147 6147 0
6147 8548 0
6147 6730 0
6147 4739 1
6147 4745 1
6147 988 0
6147 15920 0
6147 1653 0
4740 4739 1
4740 4740 0
4740 6814 0
4740 4271 1
4740 176 0
4740 16157 0
4740 4215 1
4740 6780 1
15877 4739 2
15877 6780 2
15877 4209 2
15877 4210 2
15877 1653 1
5766 5766 0
5766 8547 0
5766 4209 1
5766 4210 1
2695 4745 1
2695 12885 0
2695 25 0
2695 4215 1
2695 2783 0
4745 25 1
4745 6730 1
4745 12885 1
4745 8805 1
4745 6251 1
4745 4211 2
4745 4212 2
4745 4213 2
4745 4214 2
4745 4215 2
4745 4745 2
4745 12443 2
4745 8893 1
4745 2783 1
4745 3862 1
4745 6814 1
4745 988 1
4745 16359 1
4739 176 1
4739 4212 2
4739 4213 2
4739 4214 2
4739 4215 2
4739 6780 2
4739 1653 1
4739 16157 1
4739 7531 2
4739 7039 2
3862 4215 1
25 4211 1
5679 15920 0
5679 4211 1
5679 1653 0
5679 4215 1
5679 8547 0
5679 760 0
5679 5893 0
5679 8548 0
5679 8549 0
5679 2500 0
16157 1653 0
16157 16157 0
16157 7039 1
6814 176 0
6814 6730 0
6814 4215 1
287 287 0
287 8547 0
287 12443 1
287 4271 1
15920 4211 1
15920 4215 1
15920 8547 0
15920 8549 0
15920 760 0
15920 5893 0
15920 8548 0
15920 2500 0
12443 4212 2
12443 4215 2
4271 4271 2
4271 2783 1
4271 16359 1
4271 4211 2
4271 1653 1
176 176 0
176 8893 0
176 1653 0
176 6780 1
2783 2783 0
2783 16359 0
2783 1653 0
8893 4215 1
4213 4212 2
4213 4215 2
2500 4212 1
2500 4215 1
2500 8547 0
2500 8548 0
2500 8549 0
2500 760 0
2500 2500 0
2500 5893 0
6730 4215 1
5893 4211 1
5893 4215 1
5893 8549 0
5893 760 0
5893 8547 0
5893 8548 0
12885 12885 0
12885 7039 1
988 4215 1
988 988 0
8805 4215 1
8547 4211 1
8547 4215 1
8547 760 0
8547 8548 0
8547 8549 0
8548 4211 1
8548 4215 1
8548 8549 0
8548 760 0
8549 4211 1
8549 4215 1
8549 760 0
16359 16359 0
6251 6251 0
6251 4212 1
4209 4210 2
4211 4214 2
4211 4215 2
4211 760 1
4212 4212 2
4212 4215 2
1653 1653 0
4214 4214 2
4214 4215 2
4215 7531 2
4215 4215 2
4215 760 1
4215 6780 2
7531 6780 2
7039 7039 2
