4864 16388 0
4864 13043 0
4864 13355 0
4864 6739 0
4864 7928 0
4864 4864 0
4864 5404 1
4864 1369 1
4864 3986 0
4353 4353 2
4353 3986 1
4353 13355 1
4353 16308 1
4353 10433 1
4353 16975 1
4353 6739 1
4353 5723 1
4353 5724 1
7147 13320 1
7147 526 1
7147 17943 1
7147 3110 1
7147 8234 1
7147 13355 1
7147 4655 1
7147 16308 1
7147 16975 1
7147 5988 1
7147 1668 1
7147 4769 1
7147 1730 1
7147 12487 1
7147 13431 1
7147 7373 1
7147 5855 1
7147 1256 1
7147 7928 1
7147 9055 1
7147 5999 1
7147 16249 1
7147 5521 1
7147 13043 1
7147 18871 1
7147 18368 1
7147 7147 2
1668 1668 0
1668 7373 0
1668 2280 0
1668 1369 1
1668 3986 0
1668 1453 1
13320 7928 0
13320 1369 1
526 13043 0
526 18871 0
526 3986 0
526 1369 1
5521 17943 0
5521 1369 1
5521 9055 0
5521 5521 0
5521 3986 0
3986 16388 0
3986 8234 0
3986 1256 0
3986 1369 1
3986 10286 0
3986 2280 0
3986 3426 0
3986 3986 0
3986 4655 0
3986 5404 1
3986 6356 1
3986 6739 0
3986 7928 0
17943 17943 0
17943 18871 0
17943 1369 1
16388 10286 0
16388 6739 0
16388 5404 1
16388 1369 1
16388 16308 0
5404 5404 2
5404 5080 1
5404 5855 1
5404 2280 1
5404 6526 1
4769 4769 0
4769 6356 1
5723 5723 0
5723 5724 0
5723 3426 0
5723 1453 1
3110 3110 0
3110 10286 0
3110 6251 1
3110 7928 0
3110 13129 0
3110 6526 0
3110 18871 0
8234 4655 0
8234 1369 1
13355 1256 0
13355 5855 0
13355 7928 0
1453 1453 2
1453 18871 1
1453 5724 1
1453 3426 1
1453 1256 1
1453 6526 1
10286 6251 1
10286 18871 0
10286 13431 0
10286 5724 0
10286 3803 1
10286 5855 0
4655 1730 0
4655 5855 0
4655 1369 1
16308 1256 0
16308 3426 0
16308 16308 0
16308 5855 0
1077 18871 1
18871 18871 0
18871 7928 0
18871 1369 1
5855 6356 1
5855 2280 0
5855 13431 0
5855 13043 0
5855 5999 0
5855 7373 0
5855 3803 1
5855 5855 0
18368 18368 0
18368 1369 1
10433 6356 1
1730 1730 0
1730 1369 1
1730 5988 0
1730 5999 0
12487 5988 0
12487 6251 1
13129 3803 1
13129 13129 0
13129 1369 1
13431 13431 0
13431 3803 1
13431 13043 0
13431 9055 0
7373 6739 0
7373 7373 0
7373 6356 1
7373 7928 0
7373 1369 1
16975 16249 0
6739 6526 0
6739 6739 0
6739 1369 1
6356 9055 1
6356 3426 1
5080 3803 1
1369 7928 1
1369 1369 2
1369 16249 1
1369 13043 1
3803 3803 2
5724 5724 0
9055 7928 0
3426 2280 0
3426 1256 0
3426 3426 0
3426 5988 0
5988 6251 1
5988 5988 0
2280 6251 1
2280 2280 0
2280 6526 0
6251 6251 2
6251 5999 1
5999 5999 0
1256 1256 0
13043 13043 0
13043 7928 0
16249 16249 0
6526 6526 0
