12549 2535 1
12549 676 0
12549 2534 1
12549 2375 0
2535 4647 1
2535 5683 1
2535 6068 1
2535 14905 1
2535 4755 1
2535 676 1
2535 6854 1
2535 11438 2
2535 17376 1
2535 777 1
2535 20857 1
2535 19747 1
2535 3364 1
2535 17451 1
2535 821 1
2535 2375 1
2535 5469 1
2535 8565 1
2535 8771 1
2535 469 1
2535 8165 1
2535 2534 2
2535 2535 2
2535 2536 1
2535 5624 1
2535 5625 1
2535 2555 1
777 777 0
777 469 0
777 2534 1
777 2536 0
777 2555 0
3469 20835 1
3469 4540 0
3469 2534 1
4755 4755 0
4755 3382 0
4755 6854 0
4755 2534 1
4755 5624 0
4526 4670 1
4526 5469 0
4526 4524 0
4526 4525 0
4526 2534 1
7833 7833 2
21528 3382 1
3353 726 1
3353 3353 0
3353 14189 1
12805 5523 1
12805 2923 1
12805 7222 1
19747 2534 1
19747 2536 0
3364 2534 1
4647 4647 0
4647 2534 1
17451 676 0
17451 2375 0
17451 6068 0
17451 8165 0
17451 2534 1
17451 2536 0
4524 4524 0
4524 4525 0
4524 2534 1
4524 4670 1
4524 676 0
4524 5469 0
4525 5469 0
4525 4670 1
4525 2534 1
11438 14905 1
5683 5683 0
5683 6068 0
5683 2534 1
6068 4536 0
6068 2534 1
6068 6068 0
6068 676 0
821 821 0
821 2534 1
7222 7222 0
7222 2923 0
7222 14580 1
4535 4670 1
4535 4534 0
4535 4535 0
4535 4536 0
4535 2534 1
4536 5469 0
4536 4544 0
4536 4670 1
4536 4536 0
4536 4546 0
4536 2534 1
4536 5523 0
4538 4670 1
4538 4538 0
4538 2534 1
4539 5469 0
4539 4670 1
4539 4539 0
4539 2534 1
4540 3382 0
4540 5469 0
4540 4670 1
4540 4546 0
4540 2534 1
4670 4544 1
4670 4546 1
4670 4534 1
4670 4537 1
4670 5469 1
4544 4544 0
4544 4546 0
4544 2534 1
4546 5469 0
4546 4534 0
4546 4546 0
4546 2534 1
8771 2534 1
8771 2536 0
8771 469 0
3382 2534 1
3382 8165 0
6854 17376 0
6854 676 0
6854 2534 1
6854 2375 0
6854 2536 0
6854 5624 0
6854 5625 0
6854 2555 0
6854 469 0
2375 676 0
2375 2375 0
2375 5523 0
2375 469 0
2375 17376 0
2375 2534 1
2375 5624 0
2375 5625 0
2375 2555 0
5625 676 0
5625 469 0
5625 2534 1
5625 2536 0
5625 5624 0
5625 5625 0
5625 2555 0
469 676 0
469 469 0
469 2534 1
469 2536 0
469 5624 0
469 2555 0
4537 5469 0
4537 4534 0
4537 4537 0
4537 2534 1
4537 5523 0
676 676 0
676 17376 0
676 2534 1
676 2536 0
676 5624 0
676 2555 0
5469 5523 0
5469 4534 0
5469 2534 1
5469 5469 0
17376 2534 1
20835 20835 2
8165 8165 0
8165 2534 1
2534 8565 1
2534 20857 1
2534 5523 1
2534 4534 1
2534 2534 2
2534 2536 1
2534 5624 1
2534 2555 1
4534 4534 0
2536 20857 0
2536 2536 0
2536 2555 0
2923 14580 1
14189 14189 2
5523 5523 0
14580 14580 2
5624 5624 0
5624 2555 0
2555 2555 0
