70 4100 0
70 539 0
70 544 0
70 546 1
70 548 0
70 13368 0
70 70 0
70 16055 0
70 5753 0
70 5755 1
70 138 0
70 1679 0
70 17976 0
70 3352 0
70 3357 0
70 3358 0
70 2877 0
70 8016 0
70 7517 0
70 6559 0
70 7083 0
70 15818 0
70 11236 0
138 5753 0
138 5755 1
138 263 1
138 3355 0
138 2338 0
138 1335 0
138 3986 0
138 11236 0
151 7317 1
256 270 1
256 2718 1
256 2721 1
256 700 1
256 5855 1
256 498 1
256 1653 1
263 3150 1
263 16698 1
263 5729 2
263 1688 1
263 1221 1
263 1224 1
263 6359 1
263 5855 1
263 1259 1
263 263 2
263 2338 1
263 915 1
263 4477 1
263 7317 1
263 7064 1
263 5981 1
263 4524 1
263 498 1
270 547 1
270 548 0
270 700 0
270 1653 0
270 5753 0
270 5885 0
270 270 0
270 5981 0
287 287 0
287 547 1
287 700 0
287 1221 0
287 1259 0
287 1335 0
287 2338 0
287 2718 0
287 11236 0
287 3352 0
287 3354 0
287 4100 0
287 5747 0
287 5755 1
287 5885 0
287 7317 0
287 7592 1
287 8002 0
498 5855 0
498 498 0
539 1679 0
539 539 0
539 546 1
539 547 1
539 548 0
539 7592 1
539 13927 0
539 5747 0
543 546 1
543 547 1
543 548 0
544 1679 0
544 3352 0
544 3354 0
544 544 0
544 546 1
544 547 1
544 548 0
546 21057 1
546 3352 1
546 3357 1
546 2718 1
546 546 2
546 547 2
546 548 1
546 7083 1
546 15818 1
546 3358 1
546 17770 1
546 16055 1
546 17976 1
546 6559 1
546 9034 1
546 8016 1
546 12241 1
546 7517 1
546 11236 1
546 13927 1
546 2877 1
546 2162 1
546 5755 2
547 4100 1
547 17943 1
547 547 2
547 548 1
547 13368 1
547 21057 1
547 13927 1
547 2162 1
547 5753 1
547 16055 1
547 17976 1
547 5885 1
547 3352 1
547 3353 1
547 20251 1
547 3357 1
547 3358 1
547 2877 1
547 8002 1
547 8016 1
547 17770 1
547 4477 1
547 7571 1
547 6559 1
547 7083 1
547 15818 1
547 12241 1
547 11236 1
548 3357 0
548 3358 0
548 548 0
548 21057 0
548 6559 0
548 13927 0
548 2162 0
548 5753 0
700 5729 1
700 1653 0
700 700 0
700 1259 0
700 5432 0
891 5729 1
891 1653 0
891 1259 0
891 3354 0
891 3355 0
891 891 0
891 7592 1
915 5729 1
915 2718 0
915 1221 0
915 1335 0
915 5981 0
915 915 0
915 4477 0
915 4524 0
1221 4100 0
1221 20518 1
1221 2718 0
1221 1221 0
1221 1224 0
1221 1259 0
1221 5432 0
1221 17770 0
1221 15818 0
1221 5729 1
1221 1653 0
1221 5855 0
1221 2721 0
1221 5981 0
1221 3986 0
1221 1350 0
1224 5729 1
1224 1224 0
1224 5855 0
1224 1259 0
1224 20518 1
1224 4477 0
1224 3986 0
1259 6359 0
1259 4524 0
1259 7064 0
1259 11236 0
1259 3353 0
1259 3354 0
1259 3355 0
1259 3358 0
1259 5432 0
1259 1350 0
1259 5729 1
1259 1653 0
1259 5753 0
1259 5755 1
1259 1688 0
1259 20251 0
1259 3986 0
1335 5729 1
1335 5753 0
1335 5755 1
1335 3353 0
1335 3354 0
1335 20251 0
1335 2338 0
1335 7064 0
1350 5747 0
1350 5755 1
1350 3355 0
1350 5855 0
1350 1350 0
1350 5981 0
1350 7592 1
1653 17943 0
1653 1653 0
1653 1688 0
1653 2338 0
1653 3353 0
1653 3357 0
1653 20251 0
1653 3986 0
1653 5729 1
1653 5750 0
1653 5753 0
1653 5756 0
1653 5855 0
1653 8002 0
1679 5755 1
1679 1679 0
1679 7592 1
1679 5747 0
1679 5750 0
1679 5432 0
1679 5753 0
1679 5756 0
1688 5729 1
1688 1688 0
1688 2718 0
1688 3354 0
1688 5432 0
1688 5981 0
2338 4100 0
2338 2338 0
2338 2718 0
2338 16384 1
2338 5981 0
2338 13368 0
2338 3150 0
2338 7317 0
2338 3354 0
2338 5432 0
2338 7064 0
2338 20251 0
2338 5729 1
2338 3986 0
2718 4100 0
2718 4524 0
2718 2718 0
2718 6359 0
2718 5432 0
2718 5753 0
2718 5755 1
2718 5855 0
2718 3986 0
2721 2721 0
2721 6359 0
2721 5855 0
2721 5753 0
2721 5755 1
2877 2877 0
3150 5729 1
3352 4100 0
3352 13368 0
3352 21057 0
3352 5753 0
3352 17943 0
3352 7317 0
3352 5855 0
3352 3352 0
3352 3353 0
3352 3354 0
3352 3355 0
3352 3357 0
3352 8016 0
3352 5981 0
3352 7571 0
3352 11236 0
3353 4100 0
3353 11236 0
3353 7317 0
3353 3353 0
3353 3354 0
3353 3355 0
3353 3357 0
3353 3358 0
3353 5432 0
3353 7517 0
3353 7571 0
3353 7592 1
3353 15818 0
3353 5753 0
3353 5855 0
3353 8016 0
3354 15818 0
3354 11236 0
3354 7317 0
3354 3354 0
3354 3355 0
3354 3358 0
3354 7571 0
3354 7592 1
3354 5753 0
3354 5755 1
3354 5855 0
3354 8016 0
3354 5432 0
3354 5981 0
3355 4100 0
3355 15818 0
3355 7317 0
3355 5753 0
3355 5755 1
3355 3358 0
3355 11236 0
3355 3355 0
3355 3357 0
3355 5432 0
3355 7517 0
3355 7592 1
3355 8016 0
3357 3358 0
3357 7083 0
3357 17976 0
3357 8016 0
3357 11236 0
3357 5753 0
3358 17976 0
3358 5753 0
3358 5755 1
3358 5855 0
3358 3358 0
3358 8016 0
3358 7083 0
3358 11236 0
3986 16384 1
3986 3986 0
3986 4477 0
3986 15818 0
3986 5885 0
3986 5981 0
3986 6359 0
3986 7064 0
3986 7317 0
3986 15965 1
3986 8002 0
3986 8016 0
4100 4100 0
4100 5753 0
4100 5755 1
4100 7317 0
4100 20251 0
4100 8002 0
4100 7571 0
4100 11236 0
4477 5855 0
4477 11236 0
4524 4524 0
4524 7064 0
4524 5729 1
4524 5855 0
5251 5251 2
5432 5432 0
5432 5729 1
5432 5747 0
5432 5753 0
5432 5855 0
5432 5755 1
5432 5981 0
5729 5855 1
5729 16698 1
5747 7517 0
5747 5747 0
5747 5753 0
5747 5755 1
5747 5756 0
5747 9034 0
5747 7592 1
5750 5755 1
5750 7592 1
5750 5756 0
5750 5750 0
5750 5753 0
5753 17976 0
5753 17943 0
5753 13368 0
5753 16055 0
5753 5753 0
5753 5755 1
5753 5885 0
5753 20251 0
5753 8002 0
5753 8016 0
5753 7517 0
5753 7571 0
5753 15818 0
5753 7592 1
5753 7083 0
5753 12241 0
5753 11236 0
5755 17943 1
5755 13368 1
5755 20251 1
5755 5756 1
5755 16055 1
5755 5755 2
5755 5885 1
5755 8002 1
5755 9034 1
5755 5981 1
5755 7064 1
5755 7571 1
5755 7592 2
5755 7083 1
5755 7517 1
5755 11236 1
5756 7592 1
5756 5756 0
5855 6359 0
5855 11236 0
5855 7064 0
5855 15818 0
5855 5855 0
5855 7083 0
5855 5981 0
5885 15818 0
5885 5885 0
5885 8016 0
5885 11236 0
5885 5981 0
5981 11236 0
5981 5981 0
5981 6359 0
5981 20251 0
5981 8016 0
5981 7317 0
5981 15818 0
6359 20518 1
6359 7064 0
6359 11236 0
7083 15818 0
7083 7083 0
7317 20251 0
7517 7592 1
7571 7571 0
7592 7592 2
8002 8002 0
8002 11236 0
8016 8016 0
8016 15818 0
8016 11236 0
9034 13927 0
11236 11236 0
11236 12241 0
13927 13927 0
16384 16384 2
16384 20251 1
17943 17943 0
20251 20251 0
