341 2692 0
341 2693 0
341 6406 0
341 1294 0
341 1295 0
341 1296 0
341 1301 0
341 1312 0
341 2694 0
341 1322 1
341 9131 0
341 1330 0
341 10378 0
341 11075 1
916 2027 1
916 916 0
916 917 1
916 3260 1
916 3261 0
917 5729 1
917 2027 2
917 5432 1
917 3261 1
1004 3242 1
1004 3243 1
1004 2338 0
1004 1004 0
1294 2692 0
1294 2693 0
1294 2694 0
1294 10378 0
1294 6406 0
1294 1295 0
1294 1296 0
1294 1301 0
1294 1312 0
1294 1322 1
1294 1330 0
1294 11075 1
1294 5470 0
1294 5471 0
1294 9131 0
1295 2692 0
1295 2694 0
1295 1296 0
1295 1301 0
1295 2693 0
1295 1312 0
1295 6406 0
1295 1322 1
1295 9131 0
1295 1330 0
1295 10378 0
1295 11075 1
1295 5470 0
1295 5471 0
1296 2692 0
1296 2693 0
1296 2694 0
1296 1301 0
1296 1312 0
1296 6406 0
1296 1322 1
1296 9131 0
1296 1330 0
1296 10378 0
1296 11075 1
1296 5470 0
1296 5471 0
1301 2692 0
1301 2693 0
1301 2694 0
1301 1312 0
1301 6406 0
1301 1322 1
1301 9131 0
1301 1330 0
1301 10378 0
1301 11075 1
1301 5470 0
1301 5471 0
1312 2692 0
1312 2693 0
1312 2694 0
1312 6406 0
1312 1322 1
1312 9131 0
1312 1330 0
1312 10378 0
1312 11075 1
1312 5470 0
1312 5471 0
1322 2692 1
1322 2694 1
1322 6406 1
1322 3880 1
1322 9131 1
1322 1330 1
1322 2693 1
1322 5432 1
1322 10378 1
1322 11075 2
1322 5470 1
1322 5471 1
1322 4718 1
1330 2692 0
1330 2693 0
1330 2694 0
1330 6406 0
1330 9131 0
1330 11075 1
1330 5470 0
1330 5471 0
1330 10378 0
2027 2027 2
2267 5729 1
2267 3880 1
2267 5432 1
2267 2269 2
2269 2269 2
2338 2338 0
2338 4403 1
2338 4718 0
2338 3243 1
2338 5432 0
2338 5469 0
2338 5729 0
2692 2692 0
2692 2693 0
2692 6406 0
2692 2694 0
2692 9131 0
2692 10378 0
2692 11075 1
2692 5470 0
2692 5471 0
2693 6406 0
2693 2694 0
2693 9131 0
2693 11075 1
2693 5470 0
2693 5471 0
2693 10378 0
2694 6406 0
2694 10378 0
2694 9131 0
2694 11075 1
2694 5470 0
2694 5471 0
3242 3243 2
3242 5523 1
3243 5523 1
3243 3243 2
3243 4718 1
3260 3261 1
3261 3261 0
3880 3880 0
4403 5469 1
4718 4718 0
5432 5432 0
5432 5469 0
5432 5523 0
5432 5729 0
5469 5523 0
5469 11075 1
5469 5469 0
5470 6406 0
5470 10378 0
5470 9131 0
5470 11075 1
5471 6406 0
5471 11075 1
5471 9131 0
5471 10378 0
5523 5523 0
5601 5605 2
5601 17869 1
5605 17869 1
6406 9131 0
6406 10378 0
6406 11075 1
9131 10378 0
9131 11075 1
10378 11075 1
