6151 6151 0
6151 6153 0
6151 4547 0
6151 2069 0
6151 3884 0
6151 6081 0
6151 3267 1
6151 8144 0
6151 3794 1
6151 19808 0
6151 1384 0
6151 3574 0
6665 3140 0
6665 6739 0
6665 1160 0
6665 4796 1
6665 2937 0
6665 3802 0
6665 2904 1
6665 1371 0
6665 3426 0
6665 4966 0
6665 4969 0
6665 4988 0
6665 5016 0
6666 6666 0
6666 6160 0
6666 6162 0
6666 2069 0
6666 1620 0
6666 7809 0
6666 1160 0
6666 4550 0
6666 4551 0
6666 1197 0
6666 4796 1
6666 8391 0
6666 3794 1
6666 1371 0
6666 2338 0
6666 3426 0
6666 4534 0
6666 4535 0
6666 4547 0
2059 2059 0
2059 20 0
2059 5469 0
2059 8391 0
2059 4300 0
2059 2270 0
2059 4339 0
2059 287 0
2059 290 0
2059 291 0
2059 8623 0
2059 4536 0
2059 4544 0
2059 4546 0
2059 579 1
2059 4537 0
2059 2718 0
2059 705 1
2059 729 0
2059 730 0
2059 781 0
2059 831 1
2059 2889 0
2059 3022 0
2059 2904 1
2059 3123 0
2059 1197 0
2059 1259 0
2059 3336 0
2059 5432 0
2059 5521 0
2059 5523 0
2059 5828 0
2059 5835 0
2059 3801 0
2059 5885 0
2059 6792 0
2059 1927 0
2059 6100 1
2059 6101 1
6160 6162 0
6160 20 0
6160 6160 0
6160 287 0
6160 2338 0
6160 337 0
6160 4489 1
6160 4536 0
6160 4546 0
6160 4547 0
6160 6739 0
6160 2703 0
6160 2709 0
6160 2718 0
6160 729 0
6160 2881 1
6160 5278 0
6160 9545 0
6160 5469 0
6160 3426 0
6160 7633 0
6160 1620 0
6160 1653 0
6160 5832 0
6160 5980 0
6160 3986 0
6160 16325 0
6162 6162 0
6162 20 0
6162 2115 0
6162 2338 0
6162 4391 1
6162 337 0
6162 4540 0
6162 2594 0
6162 6739 0
6162 2703 0
6162 2718 0
6162 729 0
6162 2904 1
6162 4966 0
6162 5016 0
6162 1197 0
6162 9545 0
6162 5469 0
6162 3426 0
6162 7633 0
6162 1620 0
6162 5832 0
6162 5855 0
6162 5882 0
6162 3986 0
6162 6081 0
6162 16325 0
531 531 0
531 1620 0
531 5724 0
531 117 0
531 2718 0
531 705 1
531 3794 1
531 4349 0
531 4957 0
531 389 0
531 453 0
531 5855 0
531 8144 0
531 3574 0
20 20 0
20 2069 0
20 117 0
20 8391 0
20 4300 0
20 2270 0
20 4339 0
20 261 0
20 287 0
20 2338 0
20 389 0
20 4536 0
20 2494 0
20 4546 0
20 4547 0
20 453 0
20 579 1
20 2718 0
20 729 0
20 730 0
20 781 0
20 831 1
20 2937 0
20 3035 0
20 3123 0
20 7233 0
20 9288 0
20 1171 0
20 1259 0
20 3336 0
20 5432 0
20 1371 0
20 5469 0
20 1384 0
20 1620 0
20 3801 0
20 5850 0
20 5855 0
20 5858 0
20 1765 0
20 5885 0
20 1927 0
20 3986 0
20 6100 1
20 2019 0
2069 6153 0
2069 2069 0
2069 2594 0
2069 14894 0
2069 4957 0
2069 1620 0
2069 5724 0
2069 117 0
2069 1160 0
2069 4547 0
2069 2709 0
2069 3267 1
2069 2762 0
2069 3802 0
2069 5855 0
2069 3794 1
2069 2338 0
2069 9057 0
2069 3426 0
2069 2937 0
2069 3986 0
2069 7073 0
2069 8144 0
2069 1004 0
2069 3574 0
2069 15867 0
537 6153 0
537 60 0
537 117 0
537 8391 0
537 4321 1
537 389 0
537 4547 0
537 537 0
537 8623 0
537 6739 0
537 2703 0
537 2709 0
537 2937 0
537 1160 0
537 1197 0
537 1224 0
537 5367 0
537 5422 0
537 1371 0
537 15774 0
537 5724 0
537 1653 0
537 3794 1
537 3802 0
537 5855 0
537 1765 0
537 8160 0
537 5980 0
537 3978 0
2594 6153 0
2594 2115 0
2594 79 1
2594 187 0
2594 8391 0
2594 4321 1
2594 5850 0
2594 287 0
2594 2338 0
2594 337 0
2594 4479 0
2594 8597 0
2594 8623 0
2594 4547 0
2594 2594 0
2594 2606 0
2594 6739 0
2594 2703 0
2594 2709 0
2594 2718 0
2594 2762 0
2594 842 0
2594 4966 0
2594 4969 0
2594 4981 0
2594 4988 0
2594 5016 0
2594 972 0
2594 7208 0
2594 4957 0
2594 3267 1
2594 2937 0
2594 1259 0
2594 5400 0
2594 1371 0
2594 3426 0
2594 1383 0
2594 1384 0
2594 1653 0
2594 3802 0
2594 5855 0
2594 1765 0
2594 1927 0
2594 3978 0
2594 3986 0
2594 6081 0
2594 8144 0
2594 8160 0
7208 7208 0
7208 2606 0
7208 60 0
7208 2115 0
7208 1620 0
7208 6792 0
7208 2703 0
7208 2709 0
7208 2718 0
7208 705 1
7208 3802 0
7208 4855 0
7208 5881 0
7208 5882 0
7208 4859 0
7208 5885 0
7208 2881 1
7208 6986 0
7208 337 0
7208 4966 0
7208 1383 0
7208 1384 0
7208 4969 0
7208 4981 0
7208 4988 0
7208 3978 0
7208 5016 0
7208 7073 0
7208 4551 0
7208 972 0
14894 6153 0
14894 14894 0
14894 7740 0
14894 79 1
14894 5724 0
14894 20080 0
14894 117 0
14894 2703 0
14894 3794 1
14894 3426 0
14894 9102 0
14894 8144 0
14894 3574 0
14894 15867 0
4957 6153 0
4957 2115 0
4957 117 0
4957 287 0
4957 4477 0
4957 389 0
4957 4489 1
4957 8623 0
4957 4547 0
4957 453 0
4957 2606 0
4957 6739 0
4957 2709 0
4957 4966 0
4957 2937 0
4957 1160 0
4957 1371 0
4957 19808 0
4957 3426 0
4957 1383 0
4957 1384 0
4957 5523 0
4957 3574 0
4957 15867 0
4957 7740 0
4957 5850 0
4957 1620 0
4957 5724 0
4957 1653 0
4957 3794 1
4957 3802 0
4957 5855 0
4957 1765 0
4957 1927 0
4957 10125 0
4957 8129 0
4957 8142 0
4957 8144 0
3123 3336 0
3123 2904 1
3123 1171 0
3123 5525 0
3123 5469 0
3123 2338 0
3123 5521 0
3123 4534 0
3123 4535 0
3123 13066 0
3123 2494 0
3123 5432 0
3123 579 1
3123 5526 0
3123 4300 0
3123 5716 0
3123 729 0
3123 730 0
3123 3037 0
3123 3123 0
3123 4718 0
3123 4339 0
6153 6153 0
6153 7740 0
6153 6739 0
6153 1620 0
6153 5724 0
6153 117 0
6153 4547 0
6153 3267 1
6153 2762 0
6153 3794 1
6153 729 0
6153 3802 0
6153 1765 0
6153 5850 0
6153 5422 0
6153 337 0
6153 3426 0
6153 389 0
6153 3986 0
6153 453 0
6153 8144 0
6153 3574 0
8763 6792 0
8763 10125 0
8763 3884 0
8763 2881 1
8763 8160 0
8763 3142 0
8763 972 0
8763 337 0
8763 3794 1
8763 3802 0
8763 4855 0
8763 18040 0
8763 4859 0
60 60 0
60 6792 0
60 2718 0
60 3267 1
60 5835 0
60 4855 0
60 5881 0
60 5882 0
60 4859 0
60 5885 0
60 2338 0
60 3884 0
60 5432 0
60 2881 1
60 6986 0
60 3426 0
60 2937 0
60 1927 0
60 972 0
60 6101 1
7233 2703 0
7233 291 0
7233 19835 0
7233 8623 0
7233 6100 1
7233 6101 1
2115 59 0
2115 2115 0
2115 9288 0
2115 6739 0
2115 1620 0
2115 5885 0
2115 2718 0
2115 187 0
2115 8391 0
2115 2762 0
2115 729 0
2115 5855 0
2115 1765 0
2115 4855 0
2115 15867 0
2115 3802 0
2115 287 0
2115 2338 0
2115 3267 1
2115 3426 0
2115 1383 0
2115 1384 0
2115 4981 0
2115 3978 0
2115 3986 0
2115 579 1
2115 5469 0
2115 4540 0
2115 6081 0
2115 4550 0
2115 5881 0
2115 8160 0
3140 3142 0
3140 3147 0
3140 6739 0
3140 1653 0
3140 5278 0
3140 4796 1
3140 4797 1
3140 117 0
3140 3884 0
3140 3426 0
3140 5521 0
3140 3986 0
3140 5523 0
3140 3022 0
3140 1620 0
4534 8391 0
4534 4339 0
4534 290 0
4534 1765 0
4534 4535 0
4534 4537 0
4534 4546 0
4534 496 0
4534 579 1
4534 4534 0
4534 2703 0
4534 2718 0
4534 729 0
4534 4859 0
4534 2881 1
4534 2888 1
4534 842 0
4534 7073 0
4534 972 0
4534 1160 0
4534 1259 0
4534 5432 0
4534 9545 0
4534 5469 0
4534 1384 0
4534 1620 0
4534 1653 0
4534 5850 0
4534 5855 0
4534 5858 0
4534 3035 0
4534 3884 0
4534 1927 0
4534 3986 0
4534 6080 0
4534 6081 0
4534 2019 0
3142 3142 0
3142 6739 0
3142 5724 0
3142 8160 0
3142 1160 0
3142 4796 1
3142 18040 0
3142 5855 0
3142 1765 0
3142 4855 0
3142 4859 0
3142 287 0
3142 2338 0
3142 3884 0
3142 6792 0
3142 2881 1
3142 9064 0
3142 10125 0
3142 3986 0
3142 972 0
3142 3022 0
3142 5881 0
3142 3426 0
9288 8129 0
9288 9102 0
9288 2338 0
9288 20238 0
9288 6081 0
9288 842 0
9288 3147 0
9288 6100 1
9288 6101 1
9288 3801 0
9288 15867 0
9288 20080 0
3147 6739 0
3147 1620 0
3147 4797 1
3147 3794 1
3147 8995 0
3147 5422 0
3147 2937 0
3147 3986 0
3147 6080 0
3147 2509 1
3147 6100 1
3147 6632 0
5986 3426 0
5986 6739 0
5986 1160 0
5986 1180 0
5986 705 1
5986 5832 0
5986 3794 1
5986 729 0
5986 1259 0
5986 8941 0
5986 5882 0
5986 4859 0
5986 5885 0
5986 269 0
5986 5986 0
79 2338 1
79 13091 1
79 4275 1
79 5432 1
79 3426 1
79 1496 1
79 5858 1
6739 1383 0
6739 187 0
6739 8391 0
6739 4300 0
6739 5850 0
6739 2338 0
6739 4477 0
6739 4479 0
6739 8623 0
6739 4547 0
6739 4566 0
6739 2606 0
6739 6739 0
6739 2703 0
6739 2709 0
6739 2718 0
6739 705 1
6739 8995 0
6739 2881 1
6739 4966 0
6739 4969 0
6739 4981 0
6739 2937 0
6739 4988 0
6739 7037 0
6739 5016 0
6739 2976 0
6739 5278 0
6739 1259 0
6739 5367 0
6739 5372 0
6739 5400 0
6739 1371 0
6739 1384 0
6739 15867 0
6739 1653 0
6739 13939 0
6739 287 0
6739 3802 0
6739 1765 0
6739 6081 0
6739 3884 0
6739 1927 0
6739 3978 0
6739 3986 0
1620 4300 0
1620 4349 0
1620 261 0
1620 269 0
1620 287 0
1620 2338 0
1620 337 0
1620 5523 0
1620 4477 0
1620 4479 0
1620 4535 0
1620 4536 0
1620 4537 0
1620 4540 0
1620 2494 0
1620 4544 0
1620 4546 0
1620 453 0
1620 4550 0
1620 4566 0
1620 2530 0
1620 290 0
1620 6728 0
1620 4718 0
1620 2703 0
1620 4547 0
1620 2709 0
1620 2718 0
1620 2762 0
1620 729 0
1620 730 0
1620 8960 0
1620 6986 0
1620 4981 0
1620 3022 0
1620 3035 0
1620 1004 0
1620 187 0
1620 1171 0
1620 1197 0
1620 5299 1
1620 1259 0
1620 3336 0
1620 5432 0
1620 5469 0
1620 5521 0
1620 5525 0
1620 5526 0
1620 4339 0
1620 4551 0
1620 1620 0
1620 12577 0
1620 5835 0
1620 3801 0
1620 5855 0
1620 1765 0
1620 5882 0
1620 6792 0
1620 5953 0
1620 5980 0
1620 3986 0
1620 6080 0
1620 6100 1
1620 8160 0
1620 2019 0
5724 5724 0
5724 1383 0
5724 117 0
5724 2718 0
5724 1653 0
5724 1224 0
5724 3794 1
5724 3802 0
5724 7633 0
5724 1371 0
5724 15867 0
5724 389 0
5724 8144 0
5724 15843 1
5724 10226 1
5724 3574 0
4718 3986 0
4718 6100 1
4718 15774 0
4718 2338 0
4718 2890 1
4718 4551 0
4718 729 0
4718 6632 0
4718 1259 0
4718 4718 0
4718 4339 0
4718 5716 0
20080 20080 0
20080 2703 0
20080 2709 0
20080 20238 0
20080 9102 0
20080 8623 0
20080 4550 0
20080 6100 1
20080 6101 1
1384 1383 0
1384 8391 0
1384 5850 0
1384 2338 0
1384 8623 0
1384 4535 0
1384 4537 0
1384 4540 0
1384 4544 0
1384 4546 0
1384 4547 0
1384 2606 0
1384 579 1
1384 2709 0
1384 2718 0
1384 2881 1
1384 2904 1
1384 4981 0
1384 2937 0
1384 4536 0
1384 1160 0
1384 1259 0
1384 5432 0
1384 1371 0
1384 3426 0
1384 1384 0
1384 15867 0
1384 5400 0
1384 3802 0
1384 5855 0
1384 1765 0
1384 5881 0
1384 3978 0
1384 3986 0
1384 6081 0
1384 8160 0
13939 269 0
13939 5980 0
13939 3884 0
13939 13939 0
13939 447 1
13939 3267 1
13939 1004 0
13939 4855 0
13939 4859 0
1653 117 0
1653 8391 0
1653 340 0
1653 389 0
1653 842 0
1653 9064 0
1653 972 0
1653 1160 0
1653 1171 0
1653 1197 0
1653 1259 0
1653 9545 0
1653 1383 0
1653 1653 0
1653 18040 0
1653 1765 0
1653 2338 0
1653 5882 0
1653 2606 0
1653 2904 1
1653 2937 0
1653 3336 0
1653 3802 0
1653 3986 0
1653 19808 0
1653 4479 0
1653 4536 0
1653 4537 0
1653 4540 0
1653 4547 0
1653 4566 0
1653 4966 0
1653 4969 0
1653 5016 0
1653 5278 0
1653 5367 0
1653 5400 0
1653 5523 0
1653 5828 0
1653 5832 0
1653 5835 0
1653 5850 0
1653 5855 0
1653 5997 0
1653 6080 0
1653 6101 1
1653 15774 0
1653 7740 0
18040 2606 0
18040 6792 0
18040 3794 1
18040 2937 0
18040 3802 0
18040 4855 0
18040 4859 0
18040 3884 0
18040 2881 1
18040 337 0
18040 4966 0
18040 4969 0
18040 5016 0
18040 10125 0
18040 972 0
18040 8160 0
7809 7809 0
7809 1197 0
7809 4796 1
7809 4797 1
7809 3802 0
7809 5855 0
7809 5422 0
7809 1371 0
7809 4966 0
7809 389 0
7809 3986 0
7809 4547 0
7809 453 0
8129 1927 0
8129 3986 0
8129 287 0
8129 4489 1
8129 5953 0
8129 8142 0
8129 6100 1
6792 1383 0
6792 117 0
6792 5828 0
6792 8391 0
6792 4349 0
6792 269 0
6792 4477 0
6792 389 0
6792 8597 0
6792 4537 0
6792 4540 0
6792 4547 0
6792 453 0
6792 4859 0
6792 496 0
6792 2606 0
6792 4535 0
6792 4544 0
6792 6792 0
6792 2703 0
6792 2718 0
6792 705 1
6792 4855 0
6792 2881 1
6792 6986 0
6792 4966 0
6792 4969 0
6792 4988 0
6792 5016 0
6792 2976 0
6792 972 0
6792 3022 0
6792 3037 0
6792 1160 0
6792 3336 0
6792 1371 0
6792 5469 0
6792 7633 0
6792 5716 0
6792 3734 0
6792 5832 0
6792 5835 0
6792 5882 0
6792 5885 0
6792 3884 0
6792 5953 0
6792 5980 0
6792 2709 0
6792 1927 0
6792 10125 0
6792 6081 0
6792 8160 0
6792 2019 0
2703 337 0
2703 4479 0
2703 4566 0
2703 6632 0
2703 496 0
2703 2703 0
2703 2709 0
2703 2718 0
2703 7633 0
2703 4855 0
2703 4859 0
2703 2881 1
2703 6986 0
2703 9102 0
2703 972 0
2703 5299 1
2703 9545 0
2703 3426 0
2703 5835 0
2703 5855 0
2703 5881 0
2703 5882 0
2703 5885 0
2703 20238 0
2703 3884 0
2703 5953 0
2703 3978 0
2703 3986 0
1171 1171 0
1171 4300 0
1171 729 0
1171 730 0
1171 7633 0
1171 3336 0
1171 2338 0
1171 3426 0
1171 3986 0
1171 5525 0
1171 5526 0
1171 8623 0
1171 6100 1
1171 6101 1
2709 117 0
2709 2338 0
2709 337 0
2709 4547 0
2709 5885 0
2709 2881 1
2709 2606 0
2709 2709 0
2709 2718 0
2709 705 1
2709 729 0
2709 2789 0
2709 4855 0
2709 4859 0
2709 6986 0
2709 4969 0
2709 2937 0
2709 1004 0
2709 5432 0
2709 1371 0
2709 3426 0
2709 5016 0
2709 5835 0
2709 3801 0
2709 3802 0
2709 5855 0
2709 5881 0
2709 5882 0
2709 3884 0
2709 5953 0
2709 3978 0
2709 3986 0
3734 3734 0
3734 2976 0
3734 2881 1
3734 579 1
3734 730 0
3734 5885 0
2494 5469 0
2494 579 1
2494 1160 0
2494 2718 0
2494 4300 0
2494 729 0
2494 730 0
2494 4339 0
2494 287 0
2494 291 0
2494 337 0
2494 5523 0
2494 5526 0
2494 8623 0
2494 2494 0
2494 6100 1
2494 6101 1
2494 4566 0
1180 705 1
1180 1180 0
1180 1197 0
1180 5855 0
1180 1259 0
1180 287 0
1180 5523 0
1180 972 0
1180 7633 0
1180 469 1
1180 496 0
5278 2718 0
5278 4797 1
5278 3794 1
5278 5432 0
5278 1371 0
5278 5980 0
5278 389 0
5278 5278 0
5278 8144 0
5278 3574 0
16325 12577 0
16325 291 0
16325 6100 1
16325 6101 1
16325 3986 0
16325 4479 0
579 59 1
579 579 2
579 5716 1
579 2718 1
579 187 1
579 2338 1
579 729 1
579 730 1
579 1765 1
579 4339 1
579 4859 1
579 5372 1
579 3336 1
579 13066 1
579 781 1
579 287 1
579 290 1
579 291 1
579 3387 1
579 337 1
579 1383 1
579 7037 1
579 1927 1
579 5525 1
579 5016 1
579 2976 1
579 8623 1
579 4535 1
579 4537 1
579 4544 1
579 4546 1
579 4550 1
579 3022 1
579 6100 2
579 3035 1
7849 7849 2
7849 287 1
7849 4859 1
7849 5855 1
1197 4551 0
1197 1197 0
1197 705 1
1197 1224 0
1197 5855 0
1197 1765 0
1197 4859 0
1197 729 0
1197 2338 0
1197 5432 0
1197 2881 1
1197 2890 1
1197 337 0
1197 4981 0
1197 389 0
1197 1927 0
1197 5521 0
1197 8623 0
1197 4537 0
1197 9545 0
1197 2976 0
1197 4550 0
1197 4566 0
1197 5523 0
1197 496 0
5832 5828 0
5832 2718 0
5832 705 1
5832 5832 0
5832 5835 0
5832 5855 0
5832 5881 0
5832 5885 0
5832 269 0
5832 2881 1
5832 6986 0
5832 2976 0
5832 972 0
5832 5882 0
5832 2019 0
4275 705 1
4275 5855 0
4275 2024 0
187 2718 0
187 187 0
187 3267 1
187 5432 0
187 3426 0
187 3986 0
4796 2718 1
4796 287 1
4796 7740 1
4796 4797 2
4796 3801 1
4796 1371 1
4796 4339 1
4797 4547 1
4797 1371 1
117 705 1
117 1160 0
117 117 0
117 3802 0
117 5855 0
117 8144 0
117 1765 0
117 1259 0
117 5881 0
117 5882 0
117 4859 0
117 5850 0
117 3884 0
117 5432 0
117 2881 1
117 15843 1
117 3986 0
117 389 0
117 5469 0
117 4547 0
117 4550 0
117 7633 0
117 4551 0
117 5885 0
117 496 0
117 3574 0
705 4540 1
705 705 2
705 5828 1
705 5835 1
705 8995 1
705 3802 1
705 19835 1
705 5855 1
705 1259 1
705 13551 1
705 5881 1
705 5882 1
705 5885 1
705 3336 1
705 269 1
705 5400 1
705 287 1
705 290 1
705 291 1
705 5422 1
705 5432 1
705 2881 2
705 6986 1
705 5980 1
705 5469 1
705 5997 1
705 7037 1
705 3978 1
705 7073 1
705 8623 1
705 15774 1
705 9142 1
705 6080 1
705 6081 1
705 4546 1
705 4550 1
705 4551 1
705 972 1
705 4566 1
705 6632 1
705 496 1
3267 1160 1
3267 3794 2
3267 5850 1
3267 3861 1
3267 5980 1
3267 5997 1
3267 389 1
3267 1927 1
3267 8597 1
3267 4547 1
3267 453 1
3267 8144 1
3267 2530 1
3267 1004 1
3267 3574 1
5828 8391 0
5828 5828 0
5828 5835 0
5828 4855 0
5828 5882 0
5828 4859 0
5828 3336 0
5828 290 0
5828 5432 0
5828 842 0
5828 2881 1
5828 6986 0
5828 972 0
5828 1004 0
8391 5469 0
8391 7740 0
8391 2718 0
8391 8391 0
8391 5835 0
8391 3802 0
8391 5858 0
8391 6081 0
8391 4339 0
8391 2881 1
8391 2889 0
8391 2904 1
8391 3426 0
8391 1383 0
8391 4981 0
8391 4479 0
8391 3978 0
8391 5521 0
8391 3986 0
8391 5016 0
8391 4535 0
8391 4536 0
8391 4537 0
8391 3035 0
8391 8160 0
8391 5523 0
1224 4546 0
1224 1224 0
1224 5855 0
1224 1259 0
1224 3336 0
1224 8995 0
1224 2881 1
1224 4477 0
1224 4479 0
1224 4489 1
1224 3986 0
1224 5525 0
1224 2509 1
1224 6100 1
2762 2606 0
2762 2762 0
2762 2937 0
2762 3802 0
2762 4859 0
2762 5400 0
2762 2888 1
2762 2890 1
2762 4966 0
2762 1383 0
2762 4969 0
2762 4981 0
2762 4988 0
2762 1927 0
2762 5980 0
2762 3978 0
2762 5016 0
2762 6080 0
5835 2718 0
5835 5835 0
5835 4300 0
5835 2338 0
5835 729 0
5835 5881 0
5835 5882 0
5835 5885 0
5835 269 0
5835 290 0
5835 291 0
5835 6986 0
5835 5980 0
5835 5469 0
5835 5521 0
5835 2881 1
5835 5016 0
5835 8597 0
5835 4535 0
5835 4536 0
5835 6080 0
5835 4547 0
5835 4550 0
5835 972 0
5835 3035 0
5835 8623 0
4300 8623 0
4300 5469 0
4300 5953 0
4300 6080 0
4300 4300 0
4300 730 0
4300 4339 0
4300 13066 0
4300 781 0
4300 729 0
4300 3802 0
4300 2338 0
4300 291 0
4300 3382 0
4300 2889 0
4300 842 0
4300 2904 1
4300 1259 0
4300 1927 0
4300 3986 0
4300 10125 0
4300 6100 1
4300 3035 0
4300 3037 0
4300 3801 0
4300 5523 0
4300 5716 0
290 8995 0
290 1259 0
290 4339 0
290 290 0
290 291 0
290 5432 0
290 6986 0
290 5469 0
290 7073 0
290 6080 0
3794 7740 1
3794 19808 1
3794 3802 1
3794 5953 1
3794 9545 1
3794 9064 1
3794 389 1
3794 10125 1
3794 15774 1
3794 4547 1
3794 453 1
3794 8144 1
3794 2019 1
3794 6632 1
3794 3574 1
13091 842 0
13091 7633 0
13091 15837 1
3022 6100 1
3022 2338 0
3022 291 0
3022 8623 0
3022 4339 0
3022 2718 0
3022 3022 0
3022 729 0
3022 5469 0
3022 5716 0
729 5469 0
729 6728 0
729 6081 0
729 5997 0
729 729 0
729 730 0
729 1259 0
729 4339 0
729 3336 0
729 781 0
729 3801 0
729 2338 0
729 842 0
729 2904 1
729 3986 0
729 7037 0
729 5525 0
729 5526 0
729 8623 0
729 4544 0
729 6100 1
729 12577 0
729 5523 0
729 5885 0
730 3336 0
730 7073 0
730 2338 0
730 6728 0
730 730 0
730 5469 0
730 3801 0
730 3986 0
730 6100 1
730 5885 0
2270 3861 0
2270 2338 0
2270 2509 1
2270 3801 0
2270 5469 0
2270 2790 1
5855 4349 0
5855 5850 0
5855 337 0
5855 4477 0
5855 5400 0
5855 4479 0
5855 389 0
5855 4536 0
5855 4547 0
5855 4551 0
5855 4566 0
5855 496 0
5855 2606 0
5855 2718 0
5855 453 0
5855 4550 0
5855 4859 0
5855 2881 1
5855 842 0
5855 5016 0
5855 7073 0
5855 972 0
5855 9064 0
5855 4969 0
5855 1153 1
5855 1160 0
5855 4988 0
5855 3336 0
5855 5432 0
5855 1371 0
5855 5469 0
5855 1383 0
5855 5367 0
5855 7740 0
5855 4966 0
5855 3802 0
5855 5855 0
5855 5858 0
5855 1765 0
5855 5953 0
5855 5980 0
5855 1927 0
5855 3978 0
5855 6081 0
5855 8160 0
5855 2019 0
4321 6081 1
4321 5953 1
4321 3426 1
4321 2024 1
5858 1160 0
5858 5858 0
5858 4349 0
5858 5422 0
5858 2881 1
5858 1371 0
5858 972 0
5858 8160 0
1765 19808 0
1765 389 0
1765 8623 0
1765 4535 0
1765 4536 0
1765 4537 0
1765 4540 0
1765 4544 0
1765 4546 0
1765 4550 0
1765 4551 0
1765 2606 0
1765 453 0
1765 8941 0
1765 9057 0
1765 4969 0
1765 2937 0
1765 9102 0
1765 1160 0
1765 5367 0
1765 5372 0
1765 1371 0
1765 5469 0
1765 3426 0
1765 1383 0
1765 15774 0
1765 7633 0
1765 15867 0
1765 1765 0
1765 5881 0
1765 5882 0
1765 3978 0
1765 3986 0
1765 10226 1
2790 2436 1
2790 340 1
2790 2789 1
1259 4349 0
1259 287 0
1259 8995 0
1259 2881 1
1259 972 0
1259 1160 0
1259 5422 0
1259 5432 0
1259 1371 0
1259 5469 0
1259 3426 0
1259 5882 0
1259 3884 0
1259 3986 0
1259 6080 0
8941 2890 1
8941 5980 0
8941 5997 0
8941 8941 0
8941 3986 0
8941 6101 1
4477 7740 0
4477 5526 0
4477 9064 0
4477 4859 0
4477 2881 1
4477 4547 0
4477 4479 0
4477 4489 1
4477 3986 0
4477 5525 0
4477 5469 0
4477 13551 0
4477 2976 0
4477 4536 0
4477 4550 0
4477 4551 0
4477 972 0
4477 7633 0
4477 2024 0
4477 496 0
4339 2606 0
4339 5469 0
4339 13066 0
4339 2338 0
4339 7633 0
4339 6100 1
4339 3336 0
4339 3801 0
4339 3986 0
4339 1927 0
4339 8623 0
4339 3035 0
4339 5716 0
5367 7740 0
5367 1160 0
5367 5367 0
5367 3336 0
5367 2338 0
5367 5422 0
5367 5432 0
5367 2881 1
5367 15843 1
5367 3986 0
5367 5372 0
5367 3574 0
5881 2718 0
5881 5881 0
5881 5882 0
5881 269 0
5881 2881 1
5881 6986 0
5881 5980 0
5881 5469 0
5881 1383 0
5881 5016 0
5881 7073 0
5881 972 0
5881 5885 0
5882 269 0
5882 4546 0
5882 4566 0
5882 2718 0
5882 2881 1
5882 842 0
5882 7037 0
5882 5016 0
5882 7073 0
5882 6986 0
5882 972 0
5882 5882 0
5882 5885 0
5882 5980 0
5882 1927 0
5882 2019 0
4859 4349 0
4859 389 0
4859 4546 0
4859 4547 0
4859 4550 0
4859 2606 0
4859 2718 0
4859 4855 0
4859 4859 0
4859 8995 0
4859 2881 1
4859 2888 1
4859 4966 0
4859 4988 0
4859 5016 0
4859 972 0
4859 1160 0
4859 5400 0
4859 5432 0
4859 1383 0
4859 5521 0
4859 5523 0
4859 3802 0
4859 6100 1
4859 3884 0
4859 5980 0
4859 5997 0
4859 1927 0
4859 10125 0
4859 3986 0
4859 6081 0
4859 8160 0
5372 15843 1
5372 5469 0
5372 19808 0
5885 1383 0
5885 269 0
5885 287 0
5885 337 0
5885 4479 0
5885 389 0
5885 8597 0
5885 4546 0
5885 4566 0
5885 2881 1
5885 842 0
5885 2976 0
5885 972 0
5885 1371 0
5885 5469 0
5885 5523 0
5885 5885 0
5885 5980 0
5885 5997 0
5885 3978 0
5885 3986 0
5885 6080 0
5885 8142 0
5885 8160 0
5885 2019 0
469 2338 1
469 469 2
8960 3382 0
8960 6101 1
8960 15837 1
261 261 0
261 287 0
261 291 0
261 3382 0
261 1383 0
261 3978 0
261 8623 0
261 4550 0
261 6100 1
261 6101 1
1153 1153 2
1153 781 1
1153 2606 1
3336 4544 0
3336 1160 0
3336 2718 0
3336 6100 1
3336 3336 0
3336 13066 0
3336 781 0
3336 2338 0
3336 291 0
3336 3382 0
3336 2889 0
3336 2904 1
3336 5980 0
3336 3986 0
3336 5523 0
3336 5525 0
3336 5469 0
3336 8623 0
3336 4535 0
3336 4536 0
3336 4547 0
3336 4551 0
3336 6101 1
3336 5716 0
13066 13066 0
13066 6100 1
13066 3035 0
781 2338 0
781 4550 0
20238 2338 0
20238 8623 0
20238 20238 0
20238 6100 1
20238 6101 1
20238 9102 0
20238 4479 0
4544 6080 0
4544 1160 0
4544 2718 0
4544 2881 1
4544 2888 1
4544 6081 0
4544 4536 0
4544 4544 0
4544 4546 0
4544 972 0
4544 6101 1
3861 2436 0
3861 2509 1
3861 340 0
3801 8623 0
3801 6728 0
3801 6100 1
3801 2338 0
3801 291 0
3801 5432 0
3801 10125 0
3801 4551 0
3801 6101 1
5400 2606 0
5400 2904 1
5400 3426 0
5400 3978 0
5400 4547 0
3802 2338 0
3802 337 0
3802 4546 0
3802 2606 0
3802 2718 0
3802 2904 1
3802 4966 0
3802 4969 0
3802 4981 0
3802 4988 0
3802 5016 0
3802 2937 0
3802 5432 0
3802 3426 0
3802 1383 0
3802 7633 0
3802 7740 0
3802 3802 0
3802 5850 0
3802 3978 0
3802 3986 0
3802 6081 0
3802 8144 0
3802 8160 0
12574 18352 1
12574 3035 1
12574 2887 1
287 287 0
287 9064 0
287 1004 0
287 2338 0
287 2530 0
287 2718 0
287 2903 0
287 3426 0
287 4349 0
287 4536 0
287 4540 0
287 4988 0
287 5526 0
287 5850 0
287 5953 0
287 5980 0
287 6081 0
287 7566 0
12577 12577 0
12577 291 0
12577 8623 0
12577 6100 1
12577 6101 1
2338 59 0
2338 2338 0
2338 4391 1
2338 8597 0
2338 8623 0
2338 15774 0
2338 4550 0
2338 2509 1
2338 2718 0
2338 4855 0
2338 2889 0
2338 842 0
2338 2937 0
2338 4988 0
2338 5016 0
2338 2890 1
2338 3035 0
2338 1004 0
2338 2606 0
2338 5432 0
2338 5469 0
2338 3426 0
2338 1383 0
2338 4547 0
2338 5716 0
2338 291 0
2338 5980 0
2338 7633 0
2338 1927 0
2338 10125 0
2338 3986 0
2338 6081 0
2338 8142 0
2338 6100 1
2338 6101 1
291 6728 0
291 5716 0
291 291 0
291 5469 0
291 9102 0
291 7073 0
291 6080 0
291 15867 0
3884 2718 0
3884 4988 0
3884 269 0
3884 3884 0
3884 5432 0
3884 2881 1
3884 2888 1
3884 10125 0
3884 4966 0
3884 1383 0
3884 4547 0
3884 8597 0
3884 5523 0
3884 5525 0
3884 5016 0
3884 7073 0
3884 6081 0
3884 4855 0
3884 972 0
3884 8160 0
3884 1004 0
5422 4489 1
5422 5422 0
5422 7633 0
5422 15843 1
5422 5953 0
5422 2024 0
3037 3035 0
3037 2889 0
3037 2890 1
3037 2904 1
3037 5521 0
3037 5523 0
3037 5525 0
3037 5526 0
3037 8623 0
3037 3037 0
1160 5469 0
1160 8623 0
1160 4535 0
1160 4536 0
1160 4537 0
1160 4540 0
1160 4546 0
1160 4550 0
1160 4551 0
1160 4855 0
1160 2881 1
1160 972 0
1160 1160 0
1160 5521 0
1160 5523 0
1160 5525 0
1160 5526 0
1160 7740 0
1160 5432 0
3382 831 1
3382 4540 0
3382 447 1
3382 9102 0
3382 9142 0
5432 59 0
5432 389 0
5432 8597 0
5432 4536 0
5432 4546 0
5432 4547 0
5432 4550 0
5432 2718 0
5432 453 0
5432 4551 0
5432 4855 0
5432 2887 0
5432 5432 0
5432 5469 0
5432 1383 0
5432 5521 0
5432 5523 0
5432 6081 0
8995 8995 0
8995 2881 1
8995 3986 0
3387 2509 1
831 7633 1
831 19808 1
5953 2606 0
5953 2718 0
5953 4349 0
5953 5953 0
5953 9545 0
5953 5980 0
5953 4966 0
5953 4981 0
5953 3986 0
5953 5016 0
2887 2887 0
2887 2888 1
2887 2889 0
2887 2890 1
2888 5521 1
2888 5523 1
2888 5525 1
2888 5526 1
2888 4535 1
2888 4536 1
2888 4537 1
2888 4540 1
2888 4546 1
2888 2888 2
2888 2889 1
2888 4855 1
2889 5521 0
2889 5523 0
2889 5525 0
2889 5526 0
2889 2890 1
2889 3035 0
2889 3426 0
2890 5521 1
2890 5525 1
2890 18352 1
2890 2890 2
2890 2903 1
2890 2904 2
2890 3035 1
337 2606 0
337 2718 0
337 4551 0
337 6081 0
337 2976 0
337 2881 1
337 842 0
337 337 0
337 5469 0
337 4966 0
337 4981 0
337 1927 0
337 3978 0
337 5980 0
337 453 0
337 4550 0
337 972 0
337 3035 0
2019 2881 1
2019 9545 0
2019 1371 0
2019 5521 0
2019 5523 0
2019 4536 0
2019 972 0
2019 2019 0
340 2436 0
340 2509 1
9102 8623 0
9102 6100 1
9102 6101 1
9102 9102 0
2903 2904 1
2904 2606 1
2904 5850 1
2904 4969 1
2904 4966 1
2904 1383 1
2904 4981 1
2904 2937 1
2904 4988 1
2904 3978 1
2904 5523 1
2904 5525 1
2904 5526 1
2904 5016 1
2904 4566 1
2904 3035 1
1371 4966 0
1371 4969 0
1371 4988 0
1371 5016 0
1371 2937 0
1371 9545 0
1371 1371 0
1371 5521 0
1371 3978 0
1371 3986 0
5980 2881 1
5980 5469 0
5980 3426 0
5980 3978 0
5980 3986 0
5980 2976 0
5469 5523 0
5469 8623 0
5469 4536 0
5469 4537 0
5469 4540 0
5469 4546 0
5469 1927 0
5469 2718 0
5469 2881 1
5469 842 0
5469 972 0
5469 5469 0
5469 5521 0
5469 5525 0
5469 5526 0
5469 7633 0
5469 3986 0
5469 6080 0
5469 6100 1
2789 2436 0
2789 2509 1
9057 2606 0
9057 8623 0
9057 6100 1
9057 6101 1
9057 1383 0
9057 15867 0
3426 59 0
3426 1383 0
3426 4349 0
3426 4479 0
3426 389 0
3426 8597 0
3426 4547 0
3426 453 0
3426 4550 0
3426 4551 0
3426 4566 0
3426 2606 0
3426 2718 0
3426 842 0
3426 4981 0
3426 2937 0
3426 4988 0
3426 5016 0
3426 1004 0
3426 5997 0
3426 3426 0
3426 6081 0
3426 1927 0
3426 3986 0
3426 6080 0
3426 8160 0
59 4537 0
59 6080 0
59 6100 1
59 6101 1
4966 4981 0
4966 2937 0
4966 2606 0
4966 2718 0
4966 4855 0
4966 2881 1
4966 4969 0
4966 4988 0
4966 5016 0
4966 1383 0
4966 5850 0
4966 972 0
4966 3978 0
4966 3986 0
1383 4546 0
1383 2606 0
1383 2718 0
1383 4855 0
1383 4981 0
1383 2937 0
1383 4988 0
1383 5016 0
1383 972 0
1383 15867 0
1383 3978 0
1383 3986 0
1383 6081 0
1383 8160 0
9064 7740 0
9064 4349 0
9064 9064 0
9064 4479 0
9064 389 0
9064 4489 1
9064 4547 0
9064 453 0
9064 4550 0
9064 4551 0
9064 8144 0
4969 4981 0
4969 2937 0
4969 2606 0
4969 2718 0
4969 842 0
4969 4988 0
4969 2881 1
4969 5016 0
4969 5850 0
4969 972 0
4969 3978 0
4969 3986 0
5997 269 0
5997 5997 0
5997 7633 0
5850 2606 0
5850 4988 0
5850 5850 0
5850 842 0
5850 3986 0
5850 4981 0
5850 2937 0
5850 389 0
5850 3978 0
5850 4547 0
5850 4566 0
5850 3035 0
2024 4489 1
2024 4479 0
4981 2606 0
4981 6081 0
4981 2718 0
4981 842 0
4981 4981 0
4981 2937 0
4981 4988 0
4981 3978 0
4981 5016 0
4981 2509 1
4981 8160 0
8597 7740 0
8597 972 0
8597 6100 1
2937 4547 0
2937 4566 0
2937 2606 0
2937 2718 0
2937 4988 0
2937 5016 0
2937 3978 0
2937 3986 0
2937 12188 1
2937 8144 0
2937 8160 0
2937 10226 1
19835 2881 1
19835 6986 0
19835 972 0
19835 19835 0
4988 2606 0
4988 2718 0
4988 4855 0
4988 2881 1
4988 3978 0
4988 5016 0
4988 10125 0
4988 972 0
7037 7073 0
7037 6986 0
7037 7037 0
4479 2718 0
4479 4489 1
4479 2881 1
4479 3986 0
4479 5016 0
4479 13551 0
2436 2509 1
2436 2436 0
389 7740 0
389 389 0
389 4547 0
389 453 0
389 8144 0
389 3574 0
1927 2718 0
1927 4855 0
1927 2881 1
1927 842 0
1927 5521 0
1927 7740 0
1927 3986 0
4489 13551 1
4489 8142 1
4489 3986 1
3978 4547 0
3978 4550 0
3978 2606 0
3978 2718 0
3978 5016 0
3978 15867 0
3978 3978 0
3978 3986 0
3978 6081 0
3978 8160 0
10125 10125 0
10125 3986 0
10125 2881 1
10125 972 0
10125 8160 0
10125 4855 0
7566 2881 1
7566 7566 0
7566 6101 1
5521 2718 0
5521 5521 0
5521 3986 0
5521 5523 0
5521 5525 0
5521 5526 0
5521 2976 0
5521 4536 0
5521 4537 0
5521 4551 0
5521 4566 0
5521 3035 0
3986 8623 0
3986 447 1
3986 9142 0
3986 972 0
3986 2530 0
3986 2606 0
3986 2718 0
3986 3035 0
3986 3574 0
3986 3986 0
3986 4349 0
3986 4547 0
3986 4550 0
3986 4551 0
3986 4566 0
3986 5016 0
3986 5523 0
3986 5526 0
3986 6080 0
3986 6081 0
3986 15867 0
3986 8142 0
3986 8144 0
3986 8160 0
5523 2718 0
5523 3035 0
5523 5523 0
5523 4551 0
5523 5526 0
5523 5525 0
5523 2976 0
5523 4536 0
5523 4537 0
5523 4550 0
5523 4566 0
5523 8623 0
269 4855 0
269 269 0
269 2881 1
269 6986 0
5525 5525 0
5525 5526 0
5525 4550 0
5525 4551 0
5525 3035 0
5526 5526 0
5526 4550 0
5526 3035 0
5016 4550 0
5016 2606 0
5016 2718 0
5016 4551 0
2976 2718 0
2976 2881 1
2976 2976 0
2976 4536 0
2976 4540 0
2976 4546 0
2976 972 0
2976 7633 0
7073 2881 1
7073 2718 0
7073 7073 0
7073 4535 0
7073 6986 0
8623 6728 0
8623 6986 0
8623 8623 0
8623 4550 0
6728 4855 0
6728 6728 0
6728 6100 1
6728 6101 1
2718 4535 0
2718 4536 0
2718 4537 0
2718 4540 0
2718 4546 0
2718 4547 0
2718 4550 0
2718 4566 0
2718 496 0
2718 2718 0
2718 2881 1
2718 6986 0
2718 972 0
2718 3035 0
2718 453 0
2718 7633 0
2718 6081 0
2718 8160 0
9142 15837 1
4535 2881 1
4535 6081 0
4535 4535 0
4535 4536 0
4535 972 0
4536 4547 0
4536 2881 1
4536 6081 0
4536 4551 0
4536 4536 0
4536 4546 0
4536 4550 0
4536 972 0
4537 2881 1
4537 6081 0
4537 4537 0
4537 4550 0
4537 4551 0
2606 4547 0
2606 2881 1
2606 7633 0
2606 3574 0
2606 15867 0
2606 7740 0
4540 6081 0
4540 2881 1
4540 842 0
4540 6080 0
4540 4546 0
4540 972 0
6986 2881 1
6986 6986 0
6986 972 0
9545 2881 1
9545 972 0
447 1004 1
447 4349 1
6080 6080 0
6080 2509 1
6080 7633 0
6081 4349 0
6081 4546 0
6081 7633 0
6081 6081 0
6081 8160 0
4546 2881 1
4546 842 0
4546 4546 0
4546 4550 0
4546 4551 0
4546 3035 0
4547 7740 0
4547 2881 1
4547 4547 0
4547 453 0
4547 972 0
4547 7633 0
4547 3574 0
453 7740 0
453 453 0
453 3574 0
4550 4550 0
4550 4551 0
4550 4566 0
4550 496 0
4551 496 0
4551 4551 0
4551 6100 1
4855 2881 1
4855 4855 0
4855 972 0
4855 8160 0
972 2881 1
972 972 0
972 4566 0
972 8160 0
972 1004 0
972 496 0
2509 2509 2
2509 2530 1
8142 7633 0
8142 6100 1
8144 7740 0
8144 3574 0
7633 496 0
7633 7633 0
7633 6101 1
6100 842 1
6100 6100 2
6100 6101 2
6100 8160 1
6100 5716 1
6100 15867 1
6101 842 1
6101 4566 1
6101 15867 1
4566 2881 1
4566 842 0
4566 4566 0
4566 3035 0
1496 2881 1
1496 1496 0
3035 5716 0
3035 3035 0
3035 8160 0
8160 2881 1
8160 8160 0
1004 7740 0
1004 4349 0
1004 1004 0
4349 4349 0
4349 2881 1
496 2881 1
496 496 0
3574 7740 0
3574 3574 0
5716 5716 0
15867 15867 0
842 842 0
2881 2881 2
7740 7740 0
