6147 6147 0
6147 6163 0
6147 6165 0
6147 2272 0
6147 8467 0
6147 4409 0
6147 4410 0
6147 4411 0
6147 4413 0
6147 14654 0
6147 4415 0
6147 4417 0
6147 4419 0
6147 4442 0
6147 2411 0
6147 4463 0
6147 20857 0
6147 4532 0
6147 6585 1
6147 4553 0
6147 17363 0
6147 4789 0
6147 4795 0
6147 4833 0
6147 4859 0
6147 8988 0
6147 2861 0
6147 4916 0
6147 15189 1
6147 15224 1
6147 915 0
6147 11236 0
6147 7603 0
6147 5213 0
6147 7344 1
6147 1221 0
6147 1223 0
6147 1224 0
6147 5366 0
6147 5372 0
6147 7474 1
6147 1350 0
6147 3408 0
6147 3446 0
6147 5501 0
6147 9117 0
6147 1653 0
6147 1722 1
6147 5855 0
6147 1779 0
6147 7928 0
6147 12542 0
6147 5994 0
6147 3986 0
6147 6473 0
6147 17396 0
6147 6141 1
16388 6163 0
16388 6165 0
16388 4145 0
16388 6484 0
16388 2458 0
16388 6586 0
16388 6665 0
16388 4647 0
16388 6737 0
16388 6738 0
16388 6740 0
16388 8879 0
16388 8886 0
16388 13019 0
16388 4833 0
16388 4916 0
16388 4956 0
16388 4957 0
16388 9117 0
16388 5036 0
16388 17363 0
16388 861 0
16388 5207 0
16388 5213 0
16388 7698 0
16388 13424 0
16388 5366 0
16388 5379 0
16388 1371 0
16388 3446 0
16388 5501 0
16388 10837 0
16388 1653 0
16388 1726 1
16388 1779 0
16388 6002 1
16388 3986 0
16388 16331 0
9221 866 0
9221 2414 0
9221 2415 0
9221 2416 0
9221 2417 0
9221 756 0
9221 1722 1
9221 3551 0
9221 1725 1
9221 1727 1
2567 861 0
2567 5641 0
2567 2712 0
2567 5793 0
2567 4788 0
2567 1221 0
2567 1223 0
2567 1224 0
2567 5855 0
2567 1765 0
2567 3453 1
2567 5363 0
2567 5372 0
2567 301 0
2567 2861 0
2567 827 0
2567 2375 0
2567 5981 0
2567 5501 0
2567 3986 0
2567 2463 0
2567 4547 0
2567 4550 0
2567 4859 0
2567 6141 1
2567 6142 1
6665 6163 0
6665 4647 0
6665 5981 0
6665 4145 0
6665 6737 0
6665 6738 0
6665 6740 0
6665 1687 0
6665 8879 0
6665 1726 1
6665 13019 0
6665 5501 0
6665 17363 0
6665 5379 0
6665 4409 0
6665 19777 0
6665 6484 0
6665 1371 0
6665 861 0
6665 3446 0
6665 3453 1
6665 2458 0
6665 2463 0
6665 5036 0
6665 9117 0
6665 2501 0
6665 454 1
6665 11236 0
6665 7654 0
6665 17396 0
6665 6654 0
6666 6666 0
6666 6163 0
6666 2069 0
6666 6738 0
6666 16404 0
6666 7698 0
6666 6165 0
6666 4550 0
6666 4788 0
6666 1728 0
6666 9162 0
6666 3794 0
6666 1371 0
6666 5501 0
6666 1779 0
6666 7455 0
6666 17283 0
6666 3453 1
6666 1687 0
6666 7053 0
6666 8081 0
6666 2458 0
6666 5363 0
6666 4547 0
6666 2500 0
6666 2501 0
6666 454 1
6666 4553 0
6666 7654 0
6666 6654 0
6666 6142 1
4622 4647 0
4622 4649 0
4622 8261 0
4622 6737 0
4622 4622 0
4622 5213 0
4622 13200 0
4622 5657 1
4622 2712 0
4622 6002 1
4622 4787 0
4622 20227 0
4622 2272 0
4622 10995 0
4622 756 0
4622 4349 0
4622 4874 0
4622 287 0
4622 1371 0
4622 5981 0
4622 3986 0
4622 3043 0
4622 8234 0
1552 5641 0
1552 1552 0
1552 8234 0
1552 861 0
1552 561 0
1552 870 0
1552 1687 0
1552 1725 1
1552 5855 0
1552 8467 0
1552 301 0
1552 5434 0
1552 827 0
1552 1371 0
1552 1372 1
1552 5981 0
1552 866 0
1552 2414 0
1552 3446 0
1552 389 0
1552 2500 0
1552 453 0
1552 3551 0
3601 3601 0
3601 2069 0
3601 861 0
3601 4145 0
3601 6740 0
3601 4789 0
3601 1721 0
3601 1726 1
3601 3794 0
3601 5855 0
3601 11518 0
3601 5380 0
3601 561 0
3601 3408 0
3601 4956 0
3601 4957 0
3601 870 0
3601 389 0
3601 3986 0
3601 6586 0
3601 453 0
3601 8144 0
3601 3043 0
3601 3574 0
3601 6141 1
7698 7698 0
7698 6165 0
7698 15950 0
7698 6585 1
7698 5772 0
7698 2708 0
7698 1687 0
7698 1221 0
7698 5855 0
7698 1765 0
7698 5363 0
7698 5366 0
7698 5372 0
7698 301 0
7698 4371 0
7698 8988 0
7698 7455 0
7698 2861 0
7698 1350 0
7698 4442 0
7698 870 0
7698 2408 0
7698 5994 0
7698 4463 0
7698 3453 1
7698 2500 0
7698 2501 0
7698 3043 0
6163 6163 0
6163 6165 0
6163 4145 0
6163 287 0
6163 4647 0
6163 6484 0
6163 4442 0
6163 383 0
6163 2458 0
6163 4547 0
6163 6737 0
6163 6738 0
6163 6740 0
6163 2712 0
6163 8879 0
6163 8886 0
6163 4795 0
6163 13019 0
6163 15189 1
6163 5036 0
6163 9117 0
6163 5059 0
6163 861 0
6163 13424 0
6163 1263 0
6163 5379 0
6163 1371 0
6163 11634 0
6163 5501 0
6163 1472 0
6163 13794 0
6163 15932 0
6163 1653 0
6163 1726 1
6163 5855 0
6163 1765 0
6163 7928 0
6163 5981 0
6163 8081 0
6163 3986 0
16404 5641 0
16404 16404 0
16404 561 0
16404 2069 0
16404 19628 0
16404 9162 0
16404 3453 1
16404 5363 0
16404 3852 0
16404 1350 0
16404 8081 0
16404 2458 0
16404 2463 0
16404 2500 0
16404 454 1
16404 7654 0
2069 2069 0
2069 4956 0
2069 4957 0
2069 561 0
2069 5185 0
2069 6165 0
2069 5772 0
2069 4547 0
2069 1687 0
2069 454 1
2069 6002 1
2069 6740 0
2069 9162 0
2069 1221 0
2069 4305 0
2069 5855 0
2069 3794 0
2069 7721 0
2069 5380 0
2069 8467 0
2069 4145 0
2069 301 0
2069 2375 0
2069 6484 0
2069 4442 0
2069 1372 1
2069 861 0
2069 870 0
2069 3446 0
2069 17283 0
2069 8081 0
2069 3986 0
2069 2458 0
2069 2463 0
2069 8144 0
2069 11236 0
2069 3574 0
13043 4143 0
13043 6761 1
13043 1653 0
13043 4763 0
13043 20180 0
13043 16091 0
13043 5855 0
13043 8945 0
13043 13043 0
13043 7928 0
13043 4349 0
13043 8988 0
13043 19808 0
13043 5994 0
13043 15224 1
13043 1472 0
13043 7147 0
13043 10745 0
5657 5657 2
5657 6406 1
5657 5180 1
5657 7748 1
5657 8261 1
5657 6728 1
5657 5207 1
5657 5213 1
5657 6756 1
5657 14452 1
5657 1687 1
5657 2712 1
5657 669 1
5657 672 1
5657 8879 1
5657 8886 1
5657 9753 1
5657 1221 1
5657 1223 1
5657 4305 1
5657 2772 1
5657 2773 1
5657 4901 1
5657 1249 1
5657 7410 1
5657 756 1
5657 4859 1
5657 5372 1
5657 2774 1
5657 301 1
5657 9009 1
5657 5855 1
5657 1350 1
5657 10837 1
5657 4442 1
5657 870 1
5657 5994 1
5657 4463 1
5657 2956 1
5657 8081 1
5657 3986 1
5657 5793 1
5657 10138 1
5657 6582 1
5657 1472 1
5657 4547 1
5657 5709 1
5657 20180 1
5148 5148 0
5148 4145 0
5148 16454 1
5148 5337 1
5148 4859 0
29 29 0
29 45 1
29 4763 0
29 669 0
29 711 0
29 1748 0
29 1268 1
29 5412 0
29 7041 0
29 7043 1
29 3986 0
29 2500 0
29 4095 0
17438 866 0
17438 2414 0
17438 1722 1
17438 1371 0
17438 1725 1
17956 3986 1
17956 14746 1
17956 16331 1
1722 4416 1
1722 5641 1
1722 3986 1
1722 7534 1
1722 2415 1
1722 13019 1
1722 7721 1
1722 301 1
1722 561 1
1722 7603 1
1722 4413 1
1722 15672 1
1722 4409 1
1722 1722 2
1722 827 1
1722 4412 1
1722 1725 2
1722 4414 1
1722 1727 2
1722 1728 1
1722 4417 1
1722 4418 1
1722 4419 1
1722 4420 1
1722 17396 1
1722 4789 1
1722 17363 1
1722 4410 1
1722 5855 1
1722 3551 1
1722 866 1
1722 4411 1
1722 4794 1
1722 2408 1
1722 2409 1
1722 2410 1
1722 2411 1
1722 2414 1
1722 1263 1
1722 2416 1
1722 2417 1
1722 756 1
1722 20857 1
1722 4415 1
1722 12542 1
1722 15932 1
3110 3110 0
3110 6761 1
3110 8988 0
3110 11634 0
3110 8395 0
3110 4305 0
3110 2272 0
3110 7928 0
3110 5372 0
3110 4874 0
3110 287 0
3110 9009 0
3110 7474 1
3110 842 0
3110 19808 0
3110 870 0
3110 7147 0
4647 4647 0
4647 4649 0
4647 4145 0
4647 20227 0
4647 6737 0
4647 6738 0
4647 6761 1
4647 6165 0
4647 2712 0
4647 669 0
4647 8879 0
4647 4787 0
4647 4788 0
4647 1726 1
4647 13019 0
4647 5379 0
4647 8467 0
4647 6484 0
4647 1371 0
4647 861 0
4647 870 0
4647 3446 0
4647 5501 0
4647 9117 0
4647 13200 0
4647 3986 0
4647 915 0
4647 2458 0
4647 5036 0
4647 8234 0
4647 11236 0
4647 6740 0
4649 4649 0
4649 2708 0
4649 2712 0
4649 4787 0
4649 4788 0
4649 2772 0
4649 5855 0
4649 20227 0
4649 287 0
4649 5412 0
4649 4956 0
4649 5981 0
4649 6002 1
4649 3446 0
4649 13200 0
4649 3986 0
4649 8234 0
4649 6740 0
4649 6142 1
8234 6236 0
8234 6761 1
8234 2712 0
8234 4787 0
8234 4788 0
8234 8945 0
8234 20227 0
8234 5981 0
8234 6002 1
8234 7043 1
8234 3469 0
8234 13200 0
8234 3986 0
8234 7147 0
45 9117 1
45 5011 1
45 5293 1
45 711 1
45 5987 1
45 5412 1
45 4795 1
45 7507 1
45 4095 1
4143 4533 0
4143 7746 0
4143 15950 0
4143 15807 0
4143 15964 0
4143 6761 1
4143 7810 0
4143 5268 0
4143 14009 0
4143 19130 0
4143 8395 0
4143 15224 1
4143 20180 0
4143 1765 0
4143 8945 0
4143 7928 0
4143 1275 0
4143 4349 0
4143 8988 0
4143 6165 0
4143 19808 0
4143 1391 0
4143 14654 0
4143 383 0
4143 3986 0
4143 6473 0
4143 13794 0
4143 7147 0
4143 10745 0
3043 4305 0
3043 12542 0
3043 4371 0
3043 287 0
3043 4442 0
3043 14690 1
3043 2408 0
3043 2410 0
3043 2411 0
3043 4547 0
3043 2500 0
3043 4550 0
3043 561 0
3043 2712 0
3043 4794 0
3043 4859 0
3043 827 0
3043 301 0
3043 861 0
3043 866 0
3043 870 0
3043 3043 0
3043 1221 0
3043 1223 0
3043 1244 1
3043 5366 0
3043 5372 0
3043 5379 0
3043 5380 0
3043 7455 0
3043 3446 0
3043 5641 0
3043 5709 0
3043 1687 0
3043 1765 0
3043 5981 0
3043 5994 0
4145 4145 0
4145 13019 0
4145 4409 0
4145 6484 0
4145 2458 0
4145 6585 1
4145 4547 0
4145 2500 0
4145 561 0
4145 6737 0
4145 6738 0
4145 6740 0
4145 8879 0
4145 4787 0
4145 4789 0
4145 4859 0
4145 827 0
4145 4956 0
4145 4957 0
4145 9117 0
4145 5036 0
4145 861 0
4145 870 0
4145 19628 0
4145 5379 0
4145 15672 0
4145 1371 0
4145 3446 0
4145 5501 0
4145 5709 0
4145 1687 0
4145 1726 1
4145 1727 1
4145 1728 0
4145 5855 0
4145 1765 0
4145 5981 0
4145 8081 0
4145 3986 0
7603 2414 0
7603 2416 0
7603 2417 0
7603 4727 1
7603 1725 1
2613 1457 1
2613 15189 1
5641 5641 0
5641 561 0
5641 2408 0
5641 1653 0
5641 5994 0
5641 7534 0
5641 1687 0
5641 1721 0
5641 1725 1
5641 3446 0
5641 5855 0
5641 2272 0
5641 1249 0
5641 5363 0
5641 5366 0
5641 4859 0
5641 12542 0
5641 2861 0
5641 301 0
5641 4409 0
5641 4410 0
5641 4411 0
5641 4412 0
5641 4413 0
5641 4414 0
5641 4415 0
5641 4416 0
5641 4417 0
5641 4418 0
5641 4419 0
5641 4420 0
5641 3408 0
5641 2409 0
5641 2410 0
5641 2411 0
5641 2414 0
5641 2415 0
5641 2416 0
5641 2417 0
5641 2500 0
5641 2501 0
5641 17363 0
5180 5981 0
5180 5180 0
5180 16454 1
5180 6236 0
5180 1653 0
5180 4727 1
5180 672 0
5180 19808 0
5180 3253 0
5180 2774 0
5180 1765 0
5180 1779 0
5180 7928 0
5180 4874 0
5180 4418 0
5180 3469 0
5180 5363 0
5180 3070 1
5180 6655 0
5986 5981 0
5986 6740 0
5986 1687 0
5986 3794 0
5986 20227 0
5986 4859 0
5986 4874 0
5986 561 0
5986 4916 0
5986 5986 0
5986 5987 0
5986 870 0
5986 6002 1
5986 3446 0
5986 3469 0
5986 866 0
5986 6585 1
5986 11236 0
4789 4794 0
4789 4371 0
4789 4789 0
4789 1224 0
4789 5855 0
4789 5380 0
4789 8467 0
4789 561 0
4789 842 0
4789 4956 0
4789 4957 0
4789 5994 0
4789 389 0
4789 2458 0
4789 454 1
5185 7041 0
5185 6761 1
5185 14009 0
5185 7043 1
5185 3446 0
7746 15964 0
7746 6761 1
7746 20180 0
7746 5855 0
7746 7928 0
7746 4349 0
7746 4874 0
7746 8988 0
7746 15189 1
7746 19808 0
7746 11634 0
7746 14654 0
7746 15224 1
7746 15807 0
7746 4550 0
7746 11255 0
7746 10745 0
7748 6002 1
7748 1653 0
8261 3986 0
8261 16186 1
8261 8261 0
15430 14009 0
15430 4727 1
15430 1224 0
15430 2272 0
15430 10995 0
15430 4874 0
15430 7474 1
15430 4418 0
15430 3070 1
6728 4874 0
6728 16454 1
6728 7928 0
6728 6473 0
6728 5981 0
6728 3469 0
6728 6728 0
6728 1513 0
6728 11255 0
14690 5772 1
15950 561 0
15950 6761 1
15950 20180 0
15950 5855 0
15950 1779 0
15950 7928 0
15950 4349 0
15950 1765 0
15950 8988 0
15950 4463 0
15950 11634 0
15950 15224 1
15950 15807 0
15950 1472 0
15950 13794 0
15950 10745 0
6737 3446 0
6737 4353 0
6737 8467 0
6737 287 0
6737 6484 0
6737 2458 0
6737 6582 0
6737 2500 0
6737 2501 0
6737 6738 0
6737 6740 0
6737 2712 0
6737 669 0
6737 672 0
6737 8879 0
6737 13019 0
6737 4833 0
6737 4874 0
6737 861 0
6737 9117 0
6737 5036 0
6737 1263 0
6737 5379 0
6737 7455 0
6737 1371 0
6737 1372 1
6737 5501 0
6737 1653 0
6737 5793 0
6737 14009 0
6737 1726 1
6737 1728 0
6737 5855 0
6737 1765 0
6737 9973 0
6737 5981 0
6737 3986 0
6737 4095 0
6738 4409 0
6738 6484 0
6738 2458 0
6738 14746 0
6738 2463 0
6738 6655 0
6738 6738 0
6738 6740 0
6738 2712 0
6738 8879 0
6738 13019 0
6738 4916 0
6738 7053 0
6738 17308 0
6738 9117 0
6738 17396 0
6738 5379 0
6738 7455 0
6738 1371 0
6738 1372 1
6738 3446 0
6738 5501 0
6738 5036 0
6738 870 0
6738 951 0
6738 9162 0
6738 1726 1
6738 1728 0
6738 5855 0
6738 1765 0
6738 9973 0
6738 5981 0
6738 4095 0
5987 561 0
5987 2712 0
5987 4795 0
5987 20227 0
5987 4859 0
5987 4874 0
5987 4916 0
5987 5981 0
5987 5987 0
5987 5994 0
5987 6002 1
5987 3446 0
5987 17308 0
5987 11236 0
6740 4349 0
6740 4353 0
6740 8467 0
6740 301 0
6740 6484 0
6740 2458 0
6740 8879 0
6740 13019 0
6740 4833 0
6740 4859 0
6740 6165 0
6740 17308 0
6740 5036 0
6740 5213 0
6740 1263 0
6740 1268 1
6740 5379 0
6740 7455 0
6740 1371 0
6740 5501 0
6740 9117 0
6740 15964 0
6740 1653 0
6740 14009 0
6740 1726 1
6740 1765 0
6740 4409 0
6740 5981 0
6740 2712 0
6740 3986 0
6740 4095 0
10837 8395 0
10837 1275 0
10837 7474 1
10837 19808 0
10837 6655 0
5207 861 0
5207 8886 0
5207 5207 0
5207 5213 0
5207 8467 0
5207 1653 0
5207 2712 0
5207 8879 0
5207 1725 1
5207 1221 0
5207 4305 0
5207 5363 0
5207 4859 0
5207 301 0
5207 5434 0
5207 4442 0
5207 4956 0
5207 4957 0
5207 5994 0
5207 4463 0
5207 2417 0
5207 3446 0
5207 3986 0
5207 5981 0
5207 1472 0
5207 4547 0
5207 2500 0
5207 2501 0
5207 4550 0
5207 17396 0
5207 3574 0
4606 5380 0
4606 915 0
4606 561 0
4606 4532 0
4606 2411 0
4606 6002 1
4606 1268 1
4606 4606 0
14939 454 1
14939 6761 1
14939 2414 0
14939 11634 0
14939 10745 0
14939 287 0
6236 6236 0
6236 9009 0
6236 7474 1
6236 1350 0
6236 15189 1
6236 7043 1
5213 8879 0
5213 5213 0
5213 6761 1
5213 8467 0
5213 2712 0
5213 4463 0
5213 4787 0
5213 8886 0
5213 14009 0
5213 1221 0
5213 2272 0
5213 1765 0
5213 8945 0
5213 4874 0
5213 8988 0
5213 6484 0
5213 4409 0
5213 3986 0
5213 1472 0
5213 4547 0
5213 10745 0
2147 398 1
2147 6165 1
2147 2712 1
2147 9009 1
2147 4532 1
2147 4533 1
2147 5434 1
2147 1221 1
2147 1224 1
2147 13221 1
2147 2147 2
2147 4727 2
2147 20180 1
6756 6756 0
6756 2708 0
6756 2712 0
6756 1221 0
6756 1224 0
6756 4859 0
6756 8467 0
6756 2861 0
6756 7474 1
6756 861 0
6756 5477 0
6756 4463 0
6756 3986 0
6756 2500 0
6756 2501 0
6756 11236 0
3686 389 1
3686 1653 1
3686 383 1
4794 4957 0
4794 3469 0
4794 2708 0
4794 6165 0
4794 2712 0
4794 1721 0
4794 1725 1
4794 1726 1
4794 4409 0
4794 4956 0
4794 4794 0
4794 5994 0
4794 4095 0
6761 17358 1
6761 15964 1
6761 13424 1
6761 6761 2
6761 15807 1
6761 7810 1
6761 2708 1
6761 4763 1
6761 14009 1
6761 19130 1
6761 8395 1
6761 11641 1
6761 3794 1
6761 20180 1
6761 5855 1
6761 1249 1
6761 1263 1
6761 8945 1
6761 7928 1
6761 4349 1
6761 4353 1
6761 8988 1
6761 16091 1
6761 9009 1
6761 4413 1
6761 14654 1
6761 2375 1
6761 15189 2
6761 861 1
6761 5994 1
6761 1391 1
6761 15224 2
6761 5268 1
6761 2942 1
6761 383 1
6761 3986 1
6761 19808 1
6761 4532 1
6761 4533 1
6761 1472 1
6761 5059 1
6761 16331 1
6761 17229 1
6761 8144 1
6761 13794 1
6761 3574 1
6761 11255 1
6761 10745 1
13424 15932 0
13424 1653 0
13424 11634 0
13424 1221 0
13424 1223 0
13424 17363 0
13424 8945 0
13424 1779 0
13424 287 0
13424 9009 0
13424 4916 0
13424 3469 0
13424 3986 0
13424 5036 0
13424 454 1
13424 17358 0
13424 13424 0
4209 7147 1
4209 6586 1
4209 4859 1
8467 6165 0
8467 8395 0
8467 4409 0
8467 6484 0
8467 2408 0
8467 2410 0
8467 6585 1
8467 2501 0
8467 10745 0
8467 6655 0
8467 6582 0
8467 2708 0
8467 669 0
8467 4795 0
8467 13019 0
8467 13221 0
8467 9009 0
8467 15189 1
8467 1221 0
8467 1224 0
8467 5372 0
8467 5379 0
8467 1371 0
8467 19808 0
8467 7654 0
8467 5709 0
8467 8467 0
8467 5772 0
8467 1725 1
8467 20227 0
8467 5981 0
8467 5994 0
8467 7507 0
14452 5337 1
1653 389 0
1653 398 0
1653 669 0
1653 827 0
1653 842 0
1653 861 0
1653 9162 0
1653 1221 0
1653 1249 0
1653 1653 0
1653 1765 0
1653 1779 0
1653 2409 0
1653 2458 0
1653 2501 0
1653 2861 0
1653 3453 1
1653 3986 0
1653 19808 0
1653 4409 0
1653 4412 0
1653 4418 0
1653 4532 0
1653 4547 0
1653 4553 0
1653 4788 0
1653 4916 0
1653 4956 0
1653 4957 0
1653 5036 0
1653 5380 0
1653 13221 0
1653 5855 0
1653 6484 0
1653 20293 1
1653 7534 0
1653 7721 0
5238 7474 1
5238 15189 1
4727 389 1
4727 453 1
4727 4547 1
4727 14286 1
4727 11236 1
4727 19690 1
4727 4727 2
5245 5477 0
5245 6002 1
5245 1268 1
5245 5245 0
6165 6165 0
6165 287 0
6165 383 0
6165 2458 0
6165 6586 0
6165 4547 0
6165 4553 0
6165 7928 0
6165 561 0
6165 2708 0
6165 2712 0
6165 669 0
6165 672 0
6165 8879 0
6165 4795 0
6165 15189 1
6165 861 0
6165 13200 0
6165 1263 0
6165 1371 0
6165 17358 0
6165 1472 0
6165 5855 0
6165 1765 0
6165 5981 0
6165 6002 1
6165 8081 0
6165 3986 0
6165 4095 0
16186 11236 1
16186 5981 1
1728 561 0
1728 951 0
1728 4409 0
1728 1725 1
1728 1726 1
1728 1727 1
1728 2500 0
1728 1371 0
1728 4956 0
1728 5981 0
1728 5855 0
1728 2410 0
1728 3446 0
1728 6141 1
1728 6654 0
7810 672 0
7810 9009 0
7810 9021 0
7810 16331 0
7810 15224 1
7810 15807 0
7810 7147 0
7810 7928 0
7810 20180 0
7810 4349 0
4795 2708 0
4795 669 0
4795 4795 0
4795 4305 0
4795 301 0
4795 9009 0
4795 20857 0
4795 2712 0
4795 1457 1
4795 4550 0
4795 7147 0
6142 5366 1
6142 17283 1
6142 389 1
6142 7053 1
6142 8081 1
6142 2458 1
6142 5981 1
6142 4787 1
6142 4788 1
6142 6582 1
6142 1725 2
6142 453 1
6142 1223 1
6142 5709 1
6142 1371 1
6142 4956 1
6142 4957 1
6142 5855 1
6142 2414 1
6142 6141 2
6142 11518 1
6142 3446 1
6142 1372 2
6142 3453 2
6142 6142 2
6142 6655 1
5772 5709 0
5772 5772 0
5772 2708 0
5772 1687 0
5772 1221 0
5772 1223 0
5772 5337 1
5772 4371 0
5772 7455 0
5772 5981 0
5772 19808 0
5772 866 0
5772 2408 0
5772 5994 0
5772 7534 0
5772 3469 0
5772 6586 0
5772 4547 0
5772 2501 0
5772 17363 0
6290 7344 1
6290 9009 0
6290 19808 0
6290 1221 0
6290 1223 0
6290 1224 0
6290 4305 0
6290 1372 1
13221 3469 0
13221 3986 0
13221 915 0
13221 6002 1
5268 9009 0
5268 20180 0
5268 4305 0
5268 16091 0
5268 15224 1
2414 4957 0
2414 561 0
2414 15932 0
2414 2414 0
2414 2416 0
2414 4787 0
2414 4788 0
2414 1721 0
2414 1725 1
2414 1726 1
2414 1727 1
2414 5855 0
2414 5363 0
2414 756 0
2414 5366 0
2414 12542 0
2414 301 0
2414 4409 0
2414 4410 0
2414 3551 0
2414 4412 0
2414 4413 0
2414 4414 0
2414 4415 0
2414 4416 0
2414 4417 0
2414 4418 0
2414 4419 0
2414 4420 0
2414 4956 0
2414 5981 0
2414 1888 0
2414 866 0
2414 4411 0
2414 2408 0
2414 2409 0
2414 2410 0
2414 2411 0
2414 7534 0
2414 2415 0
2414 2417 0
2414 20857 0
2414 17363 0
2414 6141 1
9753 3469 0
9753 6002 1
2712 8886 0
2712 287 0
2712 2375 0
2712 6484 0
2712 4463 0
2712 389 0
2712 2500 0
2712 2501 0
2712 561 0
2712 2708 0
2712 2712 0
2712 8879 0
2712 4787 0
2712 2773 0
2712 4859 0
2712 4916 0
2712 4956 0
2712 861 0
2712 870 0
2712 13200 0
2712 915 0
2712 5036 0
2712 9162 0
2712 11236 0
2712 4957 0
2712 19690 0
2712 5380 0
2712 5412 0
2712 1371 0
2712 4547 0
2712 3446 0
2712 5501 0
2712 1472 0
2712 7721 0
2712 5855 0
2712 5981 0
2712 6002 1
2712 3986 0
6654 561 0
6654 1687 0
6654 5501 0
6654 287 0
6654 4916 0
6654 4411 0
6654 1372 1
6654 5981 0
6654 3453 1
6654 2458 0
6654 2501 0
6654 17363 0
4463 301 0
4463 4409 0
4463 4413 0
4463 6473 0
4463 4463 0
4463 2458 0
4463 4532 0
4463 4533 0
4463 4547 0
4463 2500 0
4463 4550 0
4463 2708 0
4463 8879 0
4463 8886 0
4463 827 0
4463 861 0
4463 866 0
4463 17358 0
4463 17363 0
4463 1224 0
4463 5366 0
4463 561 0
4463 3408 0
4463 3446 0
4463 11641 0
4463 389 0
4463 1472 0
4463 3804 1
4463 5855 0
4463 7928 0
4463 3986 0
669 301 0
669 4410 0
669 2458 0
669 6585 1
669 454 1
669 2708 0
669 669 0
669 4788 0
669 4859 0
669 4916 0
669 13200 0
669 5036 0
669 7147 0
669 3070 1
669 1221 0
669 1223 0
669 1224 0
669 5501 0
669 1765 0
669 5981 0
669 6002 1
669 4095 0
453 561 0
453 2708 0
453 1687 0
453 2501 0
453 3794 0
453 5855 0
453 1765 0
453 1350 0
453 4956 0
453 4957 0
453 3446 0
453 389 0
453 3981 0
453 2458 0
453 6586 0
453 4547 0
453 2500 0
453 453 0
453 3574 0
453 6141 1
672 672 0
672 1221 0
672 1223 0
672 4859 0
672 301 0
672 6002 1
672 2458 0
672 3070 1
5793 2708 0
5793 5793 0
5793 19628 0
5793 1221 0
5793 1223 0
5793 1224 0
5793 1244 1
5793 1779 0
5793 4859 0
5793 827 0
5793 4957 0
5793 1888 0
5793 870 0
5793 19777 0
5793 2463 0
5793 2500 0
5793 8144 0
5793 1513 0
2415 7534 0
2415 7455 0
2415 301 0
2415 561 0
2415 4409 0
2415 4410 0
2415 4411 0
2415 4412 0
2415 4413 0
2415 4414 0
2415 1727 1
2415 4416 0
2415 4417 0
2415 4418 0
2415 4419 0
2415 4420 0
2415 3551 0
2415 1888 0
2415 866 0
2415 2408 0
2415 2409 0
2415 2410 0
2415 2411 0
2415 1725 1
2415 2416 0
2415 2417 0
2415 756 0
2415 4415 0
2415 12542 0
454 17283 1
454 5380 1
454 4371 1
454 2463 1
454 19628 1
454 1779 1
454 951 1
454 6586 1
454 4547 1
454 2500 1
454 1350 1
454 17358 1
454 8144 1
454 3794 1
454 4956 1
454 5855 1
454 7654 1
454 1513 1
454 3574 1
454 5501 1
711 3986 0
711 287 0
711 711 0
711 5412 0
711 3453 1
711 4095 0
19628 1687 0
19628 561 0
19628 4409 0
19628 1372 1
19628 8081 0
19628 3453 1
19628 2458 0
19628 2463 0
19628 10734 0
5293 1350 0
5293 5994 0
5293 1268 1
8879 1725 1
8879 8886 0
8879 1726 1
8879 13019 0
8879 17363 0
8879 4859 0
8879 5379 0
8879 4916 0
8879 6484 0
8879 1371 0
8879 861 0
8879 5501 0
8879 9117 0
8879 3986 0
8879 2458 0
8879 5036 0
8879 1472 0
8879 4547 0
7344 2463 1
7344 8886 1
7344 9021 1
7344 2942 1
4787 1687 0
4787 4787 0
4787 4788 0
4787 20227 0
4787 5855 0
4787 1765 0
4787 5379 0
4787 9009 0
4787 5981 0
4787 6002 1
4787 3446 0
4787 13200 0
4787 17308 0
4787 4095 0
4788 20227 0
4788 5709 0
4788 1765 0
4788 5379 0
4788 561 0
4788 2375 0
4788 5981 0
4788 4956 0
4788 6002 1
4788 13200 0
4788 3986 0
4788 17308 0
4788 6655 0
3253 3804 1
3253 20293 1
3253 10138 0
8886 287 0
8886 2463 0
8886 4547 0
8886 4916 0
8886 842 0
8886 4956 0
8886 4957 0
8886 5036 0
8886 11236 0
8886 1221 0
8886 17308 0
8886 1472 0
8886 5855 0
8886 1779 0
8886 3986 0
20180 2272 0
20180 8945 0
20180 7928 0
20180 4874 0
20180 7041 0
20180 3469 0
20180 15807 0
20180 13794 0
20180 10745 0
1721 287 0
1721 4409 0
1721 1726 1
1721 17308 0
1721 6141 1
19130 3986 0
19130 8988 0
19130 7474 1
19130 11255 0
19130 19808 0
19130 2410 0
19130 8945 0
19130 10745 0
7455 1687 0
7455 1725 1
7455 1221 0
7455 5855 0
7455 7455 0
7455 301 0
7455 4409 0
7455 6484 0
7455 1371 0
7455 1372 1
7455 19808 0
7455 17308 0
1725 561 1
1725 15932 1
1725 1727 2
1725 1221 1
1725 1223 1
1725 5855 1
1725 2272 1
1725 10995 1
1725 756 1
1725 5366 1
1725 12542 1
1725 4874 1
1725 5363 1
1725 301 1
1725 4409 1
1725 4410 1
1725 4411 1
1725 4412 1
1725 4413 1
1725 4414 1
1725 4415 1
1725 4416 1
1725 4417 1
1725 4418 1
1725 4419 1
1725 4420 1
1725 842 1
1725 1888 1
1725 866 1
1725 2408 1
1725 2409 1
1725 2410 1
1725 2411 1
1725 7534 1
1725 2416 1
1725 2417 1
1725 20857 1
1725 19808 1
1725 951 1
1725 17363 1
1725 3551 1
1725 17396 1
1725 3574 1
1726 1726 2
1726 13019 1
1726 9973 1
1726 4349 1
1726 5379 1
1726 5380 1
1726 4409 1
1726 6484 1
1726 1371 1
1726 5501 1
1726 9117 1
1726 3986 1
1726 2458 1
1726 17308 1
1726 5036 1
1726 6141 2
1727 15672 1
1727 4409 1
1727 4553 1
1727 866 1
1727 1765 1
1727 2417 1
1727 756 1
1727 1275 1
15964 5855 0
15964 8945 0
15964 8988 0
15964 19808 0
15964 11634 0
15964 15224 1
15964 5059 0
15964 10745 0
4763 14009 0
4763 1748 0
4763 2272 0
4763 8988 0
4763 14654 0
4763 4956 0
4763 4957 0
4763 7041 0
4763 7043 1
4763 8945 0
4763 4553 0
1221 2411 0
1221 3446 0
1221 4305 0
1221 4371 0
1221 4409 0
1221 2458 0
1221 6585 1
1221 4547 0
1221 2500 0
1221 2501 0
1221 4550 0
1221 561 0
1221 2708 0
1221 756 0
1221 4859 0
1221 9009 0
1221 4916 0
1221 827 0
1221 861 0
1221 866 0
1221 915 0
1221 17396 0
1221 870 0
1221 1221 0
1221 1223 0
1221 1224 0
1221 1244 1
1221 3408 0
1221 5477 0
1221 5501 0
1221 3469 0
1221 1513 0
1221 3574 0
1221 7721 0
1221 287 0
1221 5855 0
1221 5981 0
1221 4414 0
1221 3986 0
1221 1350 0
1223 7928 0
1223 5477 0
1223 1224 0
1223 4305 0
1223 5855 0
1223 756 0
1223 4859 0
1223 9009 0
1223 4916 0
1223 827 0
1223 4414 0
1223 5981 0
1223 4956 0
1223 4957 0
1223 19808 0
1223 3986 0
1223 7534 0
1223 5501 0
1223 4547 0
1223 2500 0
1223 2501 0
1223 3408 0
1223 11236 0
1223 17396 0
1223 15189 1
1224 561 0
1224 6585 1
1224 1224 0
1224 4305 0
1224 5855 0
1224 5501 0
1224 1779 0
1224 756 0
1224 5380 0
1224 4371 0
1224 4916 0
1224 827 0
1224 2500 0
1224 4956 0
1224 861 0
1224 866 0
1224 870 0
1224 5994 0
1224 3986 0
1224 1472 0
1224 17396 0
8395 756 0
8395 8395 0
8395 2272 0
8395 1275 0
8395 4349 0
8395 14654 0
8395 17229 0
8395 15189 1
8395 19808 0
8395 11634 0
8395 3986 0
8395 6586 0
4305 5855 0
4305 1687 0
4305 2272 0
4305 4859 0
4305 4349 0
4305 4874 0
4305 4371 0
4305 287 0
4305 5412 0
4305 4409 0
4305 827 0
4305 1350 0
4305 4442 0
4305 1371 0
4305 861 0
4305 3469 0
4305 1457 1
4305 2500 0
4305 1513 0
3794 561 0
3794 19808 0
3794 2708 0
3794 1687 0
3794 5380 0
3794 4956 0
3794 4957 0
3794 3446 0
3794 389 0
3794 2458 0
3794 4547 0
3794 8144 0
3794 3574 0
2772 1244 1
2773 4550 0
2773 2773 0
2773 1244 1
2773 861 0
2774 1244 1
2774 861 0
2774 2774 0
11641 1372 1
20227 1687 0
20227 6002 1
20227 20227 0
20227 5981 0
20227 3986 0
20227 287 0
20227 15189 1
5337 3981 1
5337 7473 1
5337 14286 1
13019 4833 0
13019 5379 0
13019 287 0
13019 6484 0
13019 1371 0
13019 861 0
13019 5501 0
13019 9117 0
13019 3986 0
13019 2458 0
13019 5036 0
1244 4353 1
1244 1765 1
1244 2861 1
1244 19777 1
1244 2500 1
1244 5477 1
1244 1915 1
9009 16091 0
9009 2272 0
9009 1765 0
9009 10995 0
9009 287 0
9009 301 0
9009 9009 0
9009 827 0
9009 861 0
9009 866 0
9009 5994 0
9009 15224 1
9009 3986 0
9009 5036 0
5855 19777 0
5855 2417 0
5855 4349 0
5855 4371 0
5855 301 0
5855 14654 0
5855 389 0
5855 2458 0
5855 4547 0
5855 2500 0
5855 2501 0
5855 4553 0
5855 10745 0
5855 561 0
5855 2708 0
5855 4550 0
5855 756 0
5855 4859 0
5855 4874 0
5855 4916 0
5855 827 0
5855 842 0
5855 4956 0
5855 861 0
5855 866 0
5855 870 0
5855 17308 0
5855 11236 0
5855 7147 0
5855 6582 0
5855 4957 0
5855 17363 0
5855 1249 0
5855 5366 0
5855 5380 0
5855 5434 0
5855 1350 0
5855 1371 0
5855 1372 1
5855 7534 0
5855 3446 0
5855 3551 0
5855 5709 0
5855 1687 0
5855 5855 0
5855 1765 0
5855 1779 0
5855 5981 0
5855 5994 0
5855 6002 1
5855 20434 0
2272 756 0
2272 827 0
2272 15189 1
2272 861 0
2272 870 0
2272 17283 0
2272 5372 0
2272 1350 0
2272 11634 0
2272 1687 0
2272 14009 0
2272 5994 0
2272 3986 0
2272 3408 0
2272 6484 0
1249 19777 0
1249 561 0
1249 1687 0
1249 14009 0
1249 1249 0
1249 4349 0
1249 2861 0
1249 2408 0
1249 5994 0
1249 3446 0
1249 3986 0
1249 2500 0
1249 2501 0
1765 19808 0
1765 12542 0
1765 4409 0
1765 4415 0
1765 6484 0
1765 2409 0
1765 389 0
1765 2501 0
1765 4550 0
1765 4916 0
1765 4956 0
1765 4957 0
1765 1513 0
1765 5036 0
1765 17396 0
1765 5372 0
1765 5379 0
1765 5380 0
1765 5412 0
1765 7474 1
1765 1371 0
1765 15932 0
1765 1687 0
1765 1765 0
1765 1779 0
1765 8081 0
1765 3986 0
19690 7043 1
19690 287 0
19690 4095 0
9021 3453 1
9021 287 0
4833 861 0
4833 5789 1
4833 7043 1
4833 4956 0
4833 4957 0
4833 3986 0
4833 5036 0
1263 3986 0
1263 6484 0
1263 861 0
1263 1263 0
1263 2942 0
1457 1513 1
1457 2715 1
1457 5477 1
7410 7410 0
7410 15189 1
5363 8081 0
5363 561 0
5363 7534 0
5363 1687 0
5363 17363 0
5363 5366 0
5363 5372 0
5363 301 0
5363 4409 0
5363 2408 0
5363 2409 0
5363 2411 0
5363 2416 0
5363 3446 0
5363 3453 1
5363 7053 0
5363 2458 0
5363 2500 0
5363 2501 0
5363 4859 0
1268 7041 1
1268 2956 1
1268 398 1
1268 13200 1
1268 2458 1
1268 2715 1
1268 287 1
1268 7507 1
1268 2479 1
1268 4550 1
1268 6473 1
1268 1748 1
1268 6484 1
9973 1371 0
9973 1372 1
5366 561 0
5366 7534 0
5366 1687 0
5366 5366 0
5366 5372 0
5366 287 0
5366 4409 0
5366 8081 0
5366 2408 0
5366 2409 0
5366 2411 0
5366 2416 0
5366 3453 1
5366 389 0
5366 2500 0
5366 2501 0
5366 17363 0
7721 2708 0
7721 4353 0
7721 1372 1
7721 14746 0
7721 4095 0
7928 14009 0
7928 8945 0
7928 8988 0
7928 16091 0
7928 19808 0
7928 11634 0
7928 15224 1
7928 383 0
7928 3986 0
7928 915 0
7928 17308 0
7928 4533 0
7928 15807 0
7928 13794 0
7928 7147 0
7928 11255 0
7928 10745 0
1748 7041 0
1748 3986 0
1748 7043 1
1748 2715 0
1748 842 0
1748 7507 0
1748 7147 0
1275 7474 1
1275 17229 0
5372 561 0
5372 301 0
5372 4916 0
5372 7053 0
5372 19808 0
5372 7534 0
5372 3446 0
5372 3453 1
5372 3469 0
5372 8081 0
5372 2500 0
5372 2501 0
5372 10995 0
4349 561 0
4349 14009 0
4349 2708 0
4349 17363 0
4349 8945 0
4349 4859 0
4349 4349 0
4349 8988 0
4349 287 0
4349 3446 0
4349 3453 1
4349 3986 0
4349 15807 0
4349 6586 0
4349 4553 0
4349 10745 0
11518 6141 1
11518 5501 0
11518 4956 0
11518 4957 0
11518 287 0
15932 2409 0
15932 5380 0
15932 4371 0
15932 5994 0
15932 4409 0
15932 4411 0
15932 4412 0
15932 4415 0
15932 19808 0
15932 2410 0
15932 2411 0
4353 4353 0
4353 3986 0
4353 2458 0
4353 2375 0
4353 6484 0
4353 17396 0
5379 5709 0
5379 870 0
5379 4371 0
5379 5994 0
5379 5379 0
5379 19777 0
5379 1350 0
5379 6484 0
5379 1371 0
5379 1372 1
5379 5981 0
5379 6002 1
5379 5501 0
5379 9117 0
5379 8081 0
5379 2458 0
5379 5036 0
5380 19777 0
5380 5709 0
5380 1687 0
5380 5380 0
5380 4371 0
5380 561 0
5380 4916 0
5380 1350 0
5380 5981 0
5380 5994 0
5380 5501 0
5380 8081 0
5380 4547 0
5380 2500 0
5380 2501 0
5380 8144 0
5380 1513 0
5380 3574 0
6406 16454 1
7041 7043 1
7041 5011 0
5059 7043 1
5059 389 0
5059 3986 0
5059 4916 0
5059 5059 0
5059 861 0
4874 4371 0
4874 6484 0
4874 2411 0
4874 6582 0
4874 2500 0
4874 15807 0
4874 4874 0
4874 4916 0
4874 15189 1
4874 13200 0
4874 1350 0
4874 7534 0
4874 11634 0
4874 3446 0
4874 14009 0
4874 5981 0
4874 5994 0
4874 6141 1
3852 951 0
3852 6585 1
3852 3453 1
4956 4409 0
4956 4413 0
4956 2416 0
4956 389 0
4956 6586 0
4956 4547 0
4956 561 0
4956 756 0
4956 4916 0
4956 827 0
4956 4956 0
4956 4957 0
4956 866 0
4956 870 0
4956 2942 0
4956 7147 0
4956 861 0
4956 1371 0
4956 19808 0
4956 15807 0
4956 3551 0
4956 3574 0
4956 5981 0
4956 8081 0
4956 3986 0
4956 8144 0
4956 6141 1
4956 4095 0
2861 866 0
2861 1687 0
2861 3453 1
2861 287 0
2861 4409 0
2861 4957 0
2861 2500 0
2861 2501 0
2861 7654 0
4371 5709 0
4371 1687 0
4371 4859 0
4371 4371 0
4371 827 0
4371 4413 0
4371 19777 0
4371 1350 0
4371 4442 0
4371 861 0
4371 5477 0
4371 5994 0
4371 6002 1
4371 3446 0
4371 3986 0
4371 2458 0
4371 2463 0
4371 5981 0
4371 1779 0
4371 2500 0
4371 2501 0
4371 4550 0
14009 14009 0
14009 16091 0
14009 287 0
14009 2375 0
14009 3469 0
14009 5011 0
14009 15224 1
14009 10745 0
8988 561 0
8988 16091 0
8988 8988 0
8988 14654 0
8988 19808 0
8988 15224 1
8988 4532 0
8988 8144 0
8988 13794 0
8988 3574 0
8988 11255 0
8988 10745 0
287 287 0
287 827 0
287 866 0
287 870 0
287 2375 0
287 2409 0
287 2410 0
287 2708 0
287 2956 0
287 11236 0
287 11634 0
287 3446 0
287 3804 1
287 12542 0
287 4414 0
287 4419 0
287 4442 0
287 4553 0
287 4916 0
287 4957 0
287 13200 0
287 9117 0
287 5994 0
287 6002 1
287 7473 0
287 7654 0
5789 3981 1
16091 3469 0
16091 13200 0
16091 3986 0
16091 3408 0
16091 13794 0
16091 6002 1
16091 10745 0
16091 15807 0
5412 2708 0
5412 5412 0
5412 5981 0
5412 6002 1
5412 4095 0
4901 6002 1
561 2417 0
561 12542 0
561 301 0
561 4409 0
561 4410 0
561 4411 0
561 4412 0
561 4413 0
561 4414 0
561 4415 0
561 4416 0
561 4417 0
561 4418 0
561 4419 0
561 4420 0
561 2408 0
561 2409 0
561 2410 0
561 2411 0
561 2416 0
561 389 0
561 398 0
561 2458 0
561 6586 0
561 4547 0
561 2500 0
561 2501 0
561 4550 0
561 6655 0
561 561 0
561 756 0
561 4859 0
561 827 0
561 4957 0
561 866 0
561 9162 0
561 7147 0
561 861 0
561 1371 0
561 7534 0
561 5501 0
561 1472 0
561 3551 0
561 7654 0
561 3574 0
561 1687 0
561 1779 0
561 5981 0
561 5994 0
561 6002 1
561 8144 0
3804 3804 2
301 6002 1
301 5709 0
301 1687 0
301 2715 0
301 1779 0
301 756 0
301 4859 0
301 12542 0
301 301 0
301 4916 0
301 827 0
301 1350 0
301 1372 1
301 866 0
301 5994 0
301 2411 0
301 2416 0
301 3446 0
301 5981 0
301 4547 0
301 2500 0
301 4550 0
301 15189 1
301 4095 0
7473 7474 1
7473 1371 0
7474 17229 1
7474 6473 1
7474 7474 2
7474 19808 1
7474 11634 1
7474 15189 2
4916 3446 0
4916 20857 0
4916 4410 0
4916 4413 0
4916 4415 0
4916 4416 0
4916 6484 0
4916 2458 0
4916 2463 0
4916 6582 0
4916 6585 1
4916 6586 0
4916 2500 0
4916 2501 0
4916 4553 0
4916 4859 0
4916 4916 0
4916 827 0
4916 5036 0
4916 9162 0
4916 1371 0
4916 5501 0
4916 1472 0
4916 7654 0
4916 5981 0
4916 6002 1
4916 8144 0
4916 3408 0
15672 4547 0
15672 15672 0
15672 1371 0
15672 4410 0
15672 4095 0
4409 12542 0
4409 4409 0
4409 4410 0
4409 4412 0
4409 4413 0
4409 4414 0
4409 4415 0
4409 4416 0
4409 4417 0
4409 4418 0
4409 4419 0
4409 4420 0
4409 6484 0
4409 2408 0
4409 2409 0
4409 2410 0
4409 2411 0
4409 2416 0
4409 2417 0
4409 389 0
4409 2458 0
4409 2463 0
4409 6586 0
4409 4547 0
4409 10745 0
4409 4550 0
4409 756 0
4409 4859 0
4409 827 0
4409 861 0
4409 866 0
4409 9162 0
4409 17363 0
4409 11236 0
4409 870 0
4409 1371 0
4409 19808 0
4409 7534 0
4409 5501 0
4409 3551 0
4409 1687 0
4409 5981 0
4409 4411 0
4409 3986 0
4409 6141 1
4410 756 0
4410 12542 0
4410 4411 0
4410 4412 0
4410 4413 0
4410 4414 0
4410 4415 0
4410 4416 0
4410 4417 0
4410 4418 0
4410 4419 0
4410 4420 0
4410 6484 0
4410 19808 0
4410 866 0
4410 2408 0
4410 2409 0
4410 2410 0
4410 2411 0
4410 7534 0
4410 2416 0
4410 2417 0
4410 3986 0
4410 17363 0
4411 2411 0
4411 4420 0
4411 2416 0
4411 8945 0
4411 17363 0
4411 12542 0
4411 4411 0
4411 4412 0
4411 4413 0
4411 4414 0
4411 4415 0
4411 4416 0
4411 4417 0
4411 4418 0
4411 4419 0
4411 6484 0
4411 5981 0
4411 2408 0
4411 2409 0
4411 2410 0
4411 7534 0
4411 2417 0
4412 7534 0
4412 6484 0
4412 4413 0
4412 4412 0
4412 4414 0
4412 4415 0
4412 4416 0
4412 4417 0
4412 4418 0
4412 4419 0
4412 4420 0
4412 2408 0
4412 2409 0
4412 2410 0
4412 2411 0
4412 2416 0
4412 2417 0
4412 17363 0
4412 12542 0
4413 4416 0
4413 4957 0
4413 17363 0
4413 12542 0
4413 4413 0
4413 4414 0
4413 4415 0
4413 4417 0
4413 4418 0
4413 4419 0
4413 4420 0
4413 2408 0
4413 2409 0
4413 2410 0
4413 2411 0
4413 7534 0
4413 2416 0
4413 2417 0
4413 6582 0
4414 17363 0
4414 12542 0
4414 4415 0
4414 4416 0
4414 4417 0
4414 4418 0
4414 4419 0
4414 4420 0
4414 2408 0
4414 2409 0
4414 2410 0
4414 2411 0
4414 7534 0
4414 2416 0
4414 2417 0
4415 12542 0
4415 4416 0
4415 4417 0
4415 4418 0
4415 4419 0
4415 4420 0
4415 19808 0
4415 2408 0
4415 2409 0
4415 2410 0
4415 2411 0
4415 7534 0
4415 2416 0
4415 2417 0
4415 4415 0
4415 17363 0
4416 2417 0
4416 17363 0
4416 4859 0
4416 12542 0
4416 4416 0
4416 4417 0
4416 4418 0
4416 4419 0
4416 4420 0
4416 2408 0
4416 2409 0
4416 2410 0
4416 2411 0
4416 7534 0
4416 2416 0
19777 1687 0
19777 19777 0
19777 2500 0
19777 1350 0
19777 5994 0
19777 20434 0
19777 3446 0
19777 3453 1
4418 4417 0
4418 4419 0
4418 4420 0
4418 7534 0
4418 1371 0
4418 2408 0
4418 2409 0
4418 2410 0
4418 2411 0
4418 2416 0
4418 2417 0
4418 17363 0
4418 12542 0
4419 7534 0
4419 4417 0
4419 4419 0
4419 4420 0
4419 2408 0
4419 2409 0
4419 2410 0
4419 2411 0
4419 2416 0
4419 2417 0
4419 17363 0
4419 12542 0
4420 2408 0
4420 17363 0
4420 4859 0
4420 12542 0
4420 4417 0
4420 2409 0
4420 2410 0
4420 2411 0
4420 7534 0
4420 2416 0
4420 2417 0
20293 915 1
1350 5994 0
1350 2715 0
1350 8945 0
1350 10995 0
1350 1350 0
1350 5981 0
1350 2501 0
1350 3446 0
1350 389 0
1350 2463 0
1350 2479 0
1350 2500 0
1350 20434 0
2375 8945 0
2375 827 0
2375 2375 0
2375 861 0
2375 6002 1
2375 3446 0
2375 3986 0
842 5981 0
842 16454 1
842 842 0
842 11634 0
842 3453 1
842 1472 0
842 7147 0
842 4095 0
7053 9162 0
7053 14654 0
7053 2500 0
7053 2501 0
7053 7053 0
7053 1371 0
7053 1372 1
17229 20857 0
10138 3469 0
10138 4553 0
10138 6002 1
3469 4859 0
3469 870 0
3469 17283 0
3469 6002 1
3469 6141 1
3408 1687 0
3408 3408 0
3408 4957 0
3408 3453 1
3408 6585 1
3408 1472 0
3408 9162 0
3408 7654 0
7507 7043 1
6484 1371 0
6484 4417 0
6484 2458 0
6484 4547 0
6484 2708 0
6484 9117 0
6484 5036 0
6484 11236 0
6484 1372 1
6484 5501 0
6484 5981 0
6484 3986 0
6484 4095 0
15189 827 1
15189 4550 1
15189 11634 1
15189 15189 2
15189 861 1
15189 19808 1
15189 10745 1
5501 5477 0
5501 9117 0
5501 5994 0
5501 9162 0
5501 17363 0
5501 14654 0
5501 1371 0
5501 4957 0
5501 3986 0
5501 2458 0
5501 2463 0
5501 5036 0
4442 6582 0
4442 1779 0
4442 4859 0
4442 4442 0
4442 5981 0
4442 5994 0
4442 3446 0
4442 3453 1
4442 1687 0
4442 2500 0
4442 4550 0
1371 14746 0
1371 2458 0
1371 2463 0
1371 2500 0
1371 2501 0
1371 4957 0
1371 17308 0
1371 9117 0
1371 9162 0
1371 17396 0
1371 870 0
1371 1371 0
1371 1372 1
1371 3446 0
1371 5036 0
1371 1687 0
1371 5981 0
1371 3986 0
1371 6141 1
1372 1687 1
1372 17308 1
1372 2500 1
1372 1372 2
1372 1888 1
1372 870 1
1372 1779 1
1372 6141 2
5434 1687 0
5434 4859 0
5434 5994 0
5434 3453 1
5434 2500 0
5434 2501 0
5434 4550 0
19808 2408 0
19808 2411 0
19808 10745 0
19808 8945 0
19808 4957 0
19808 7534 0
19808 15807 0
19808 13794 0
19808 14654 0
866 4957 0
866 1687 0
866 756 0
866 7534 0
866 827 0
866 861 0
866 866 0
866 2409 0
866 2410 0
866 2416 0
866 2417 0
866 2501 0
866 17363 0
866 3551 0
827 17363 0
827 4553 0
827 2708 0
827 827 0
827 4957 0
827 870 0
827 861 0
827 11634 0
827 1779 0
827 5981 0
827 5994 0
827 1687 0
827 3986 0
827 4095 0
5477 4859 0
5477 5477 0
5477 5994 0
5477 2411 0
5477 4547 0
870 5981 0
870 1687 0
870 6582 0
870 861 0
870 870 0
870 3446 0
870 2500 0
870 2501 0
870 4550 0
870 4553 0
2408 4859 0
2408 2411 0
2408 7534 0
2408 1687 0
2408 12542 0
2408 4417 0
2408 2408 0
2408 2409 0
2408 2410 0
2408 2416 0
2408 2417 0
2408 3453 1
2408 17363 0
2408 11236 0
2409 7534 0
2409 4417 0
2409 17363 0
2409 2410 0
2409 2411 0
2409 2416 0
2409 2417 0
2409 3446 0
2409 12542 0
2410 4417 0
2410 7534 0
2410 17363 0
2410 20857 0
2410 3551 0
2410 2410 0
2410 2411 0
2410 2416 0
2410 2417 0
2410 756 0
2410 3446 0
2410 6141 1
2410 12542 0
2411 2411 0
2411 7534 0
2411 12542 0
2411 4417 0
2411 861 0
2411 2416 0
2411 2417 0
2411 20857 0
2411 3986 0
2411 17363 0
7534 12542 0
7534 4417 0
7534 7534 0
7534 2416 0
7534 2417 0
1391 3453 1
2416 4957 0
2416 4417 0
2416 3551 0
2416 1888 0
2416 2417 0
2416 756 0
2416 12542 0
2417 4417 0
2417 3551 0
2417 756 0
2417 3574 0
2417 12542 0
11634 11634 0
11634 1472 0
11634 4550 0
11634 10745 0
11634 6141 1
5011 4859 0
5011 7043 1
5011 5011 0
14654 15224 1
14654 15807 0
14654 11255 0
14654 10745 0
3446 2500 0
3446 2708 0
3446 4859 0
3446 861 0
3446 17363 0
3446 11236 0
3446 3446 0
3446 389 0
3446 3574 0
3446 1687 0
3446 5981 0
3446 5994 0
3446 6002 1
3446 8144 0
15224 15807 1
15224 20434 1
15224 861 1
15224 13794 1
15224 8945 1
15224 11255 1
15224 10745 1
20857 3986 0
1915 7654 0
1915 3453 1
17283 2500 0
17283 6655 0
3453 13745 1
3453 2500 1
3453 2501 1
3453 20434 1
3453 7654 1
3453 9162 1
3453 6655 1
2942 20434 0
2942 861 0
2942 4957 0
2942 2942 0
2942 3981 0
2942 3986 0
2942 4532 0
383 4532 0
383 1472 0
383 10745 0
1888 1888 0
7043 3986 1
7043 13745 1
7043 10995 1
389 1687 0
389 4859 0
389 4957 0
389 389 0
389 2458 0
389 6586 0
389 4547 0
389 2500 0
389 8144 0
389 3574 0
389 6141 1
4957 6586 0
4957 4547 0
4957 756 0
4957 861 0
4957 17358 0
4957 17308 0
4957 1472 0
4957 3551 0
4957 3574 0
4957 15807 0
4957 5981 0
4957 8144 0
4957 6141 1
4957 4095 0
4417 17363 0
4417 12542 0
9117 2458 0
9117 5036 0
9117 6582 0
9117 17363 0
756 2501 0
756 861 0
756 3551 0
756 17363 0
1687 6586 0
1687 4547 0
1687 2500 0
1687 4550 0
1687 4859 0
1687 861 0
1687 17308 0
1687 17363 0
1687 5981 0
1687 3574 0
1687 5709 0
1687 1687 0
1687 5994 0
1687 8144 0
1687 6141 1
2956 2956 0
2956 4553 0
3981 3981 0
398 3986 0
398 5981 0
398 1779 0
13200 5981 0
13200 6002 1
13200 13200 0
13200 3986 0
13200 2479 0
13200 7147 0
13200 4095 0
8081 861 0
8081 8081 0
8081 2463 0
8081 4547 0
8081 9162 0
3986 861 0
3986 1472 0
3986 2501 0
3986 2708 0
3986 3574 0
3986 3986 0
3986 4095 0
3986 12542 0
3986 4547 0
3986 4550 0
3986 4859 0
3986 5981 0
3986 6002 1
3986 6582 0
3986 6586 0
3986 8144 0
915 4547 0
915 2708 0
915 2715 0
915 5981 0
915 5994 0
915 6002 1
915 915 0
915 4532 0
2458 4547 0
2458 17363 0
2458 5981 0
2458 2458 0
2458 17308 0
2458 5036 0
2458 6582 0
2458 951 0
2458 8144 0
2458 3574 0
861 6586 0
861 4547 0
861 4550 0
861 2708 0
861 861 0
861 5036 0
861 1472 0
861 3551 0
861 1779 0
861 5994 0
861 4095 0
14746 5981 0
14746 6141 1
2463 2501 0
2463 9162 0
2463 4547 0
2463 2500 0
2463 7654 0
2715 2715 0
2715 5994 0
16454 10734 1
16454 1513 1
16454 5994 1
5981 17308 0
5981 11236 0
5981 2500 0
5981 2708 0
5981 3574 0
5981 4859 0
5981 5981 0
5981 6002 1
5981 6582 0
5981 7147 0
8945 13794 0
8945 15807 0
8945 1472 0
8945 4553 0
8945 10745 0
17308 1472 0
17308 2500 0
17308 2501 0
5036 6002 1
5036 5036 0
5036 951 0
5036 11236 0
2479 6002 1
2708 2500 0
2708 2501 0
2708 4859 0
2708 7654 0
2708 6002 1
2708 8144 0
1779 1779 0
1779 4859 0
1779 2500 0
1779 2501 0
1779 7654 0
4532 4532 0
4532 4533 0
4533 4533 0
4533 7147 0
6582 17363 0
6582 6582 0
6582 8144 0
6582 3574 0
6585 2501 1
6585 6585 2
6585 2500 1
6585 9162 1
6586 6586 0
6586 2500 0
6586 2501 0
15807 13794 0
15807 7147 0
15807 10745 0
1472 4547 0
1472 17396 0
4547 17363 0
4547 4859 0
4547 5994 0
4547 17396 0
4547 4547 0
4547 3574 0
4547 6141 1
4547 4095 0
2500 2501 0
2500 4859 0
2500 7654 0
2500 17363 0
2500 2500 0
2500 5994 0
2501 2501 0
2501 4859 0
2501 17363 0
2501 3551 0
2501 7654 0
4550 4550 0
4550 4553 0
4550 4859 0
4553 6002 1
4553 4553 0
4553 7147 0
9162 9162 0
9162 7654 0
16331 5994 0
5709 5709 0
5709 5994 0
8144 3574 0
8144 10745 0
20434 5994 0
20434 20434 0
20434 7147 0
20434 6655 0
17363 12542 0
17363 3551 0
17363 7654 0
10995 10995 0
6002 6002 2
6002 7147 1
6002 10734 1
6002 4095 1
3551 6655 0
13794 10745 0
4859 4859 0
11236 11236 0
5994 5994 0
1513 1513 0
7147 7147 0
7147 6141 1
12542 12542 0
3574 3574 0
11255 10745 0
4095 4095 0
