529 529 0
529 4118 0
529 2500 0
529 2501 0
529 5446 1
529 2774 1
529 1653 0
7698 7698 0
7698 7699 0
7698 1160 0
7698 2708 0
7698 1687 0
7698 2331 0
7698 18085 0
7698 3768 0
7698 1741 0
7698 5855 0
7698 1765 0
7698 5668 0
7698 5422 0
7698 7455 0
7698 2338 0
7698 5773 1
7698 5432 0
7698 3353 0
7698 7077 0
7698 2985 1
7698 2500 0
7698 2501 0
7699 1557 0
7699 1160 0
7699 2709 0
7699 1687 0
7699 18085 0
7699 3768 0
7699 1741 0
7699 4859 0
7699 5422 0
7699 2331 0
7699 5432 0
7699 5773 1
7699 2985 1
7699 2500 0
7699 2501 0
7699 988 0
7699 7077 0
5653 8391 0
5653 2773 1
5653 2774 1
5653 2793 0
5653 1434 1
5653 6078 0
4118 4822 0
4118 1160 0
4118 7317 0
4118 4118 0
4118 1687 0
4118 4550 0
4118 2773 1
4118 2774 1
4118 18298 0
5657 5657 0
5657 5661 0
5657 5668 0
5657 8746 0
5657 1687 0
5657 2712 0
5657 3768 0
5657 3770 0
5657 2773 1
5657 4859 0
5657 2774 1
5657 5855 0
5657 1927 0
5657 3986 0
5658 5658 2
5658 7077 1
5658 5422 1
5658 2500 1
5658 2501 1
5658 4551 1
5658 1653 1
5148 5148 2
5148 5432 1
5148 4859 1
5661 5661 0
5661 5668 0
5661 2130 0
5661 1653 0
5661 1160 0
5661 3736 0
5661 3737 0
5661 4551 0
5661 3768 0
5661 3770 0
5661 2773 1
5661 2774 1
5661 5422 0
5661 3467 1
5661 861 0
5661 1687 0
5661 4822 0
5661 2501 0
5661 4550 0
5661 4555 0
6180 6180 0
6180 1160 0
6180 1687 0
6180 5432 0
6180 4550 0
6180 4551 0
6180 1741 0
6180 2774 1
6180 2773 1
37 1765 1
8746 8746 0
8746 3178 0
8746 1653 0
8746 2773 1
8746 18298 0
8746 2774 1
8746 2338 0
8746 3986 0
8746 4540 0
8746 4550 0
8746 2130 0
5469 8391 0
5469 4300 0
5469 4339 0
5469 4477 0
5469 4534 0
5469 4536 0
5469 4537 0
5469 4539 0
5469 4540 0
5469 4546 0
5469 1927 0
5469 4681 0
5469 2338 0
5469 2681 0
5469 861 0
5469 2967 1
5469 7077 0
5469 1160 0
5469 1170 0
5469 1210 0
5469 5432 0
5469 5469 0
5469 1489 0
5469 7662 0
5469 1620 0
5469 5773 1
5469 1687 0
5469 1713 0
5469 1741 0
5469 5855 0
5469 1765 0
5469 3986 0
573 5432 1
573 18085 1
573 1653 1
4681 4681 0
4681 1620 0
4681 2681 0
4681 1170 0
4681 1210 0
4681 1653 0
4681 4300 0
4681 5855 0
4681 4339 0
4681 4859 0
4681 2338 0
4681 1927 0
4681 3986 0
4681 2967 1
4681 3008 0
4681 3013 1
4681 7662 0
2130 16316 0
2130 1160 0
2130 2708 0
2130 1687 0
2130 4822 0
2130 5432 0
2130 5446 1
2130 7077 0
2130 2500 0
2130 4550 0
2130 4551 0
2130 8687 1
1620 4300 0
1620 2338 0
1620 4477 0
1620 4534 0
1620 4535 0
1620 4536 0
1620 4537 0
1620 4538 0
1620 4539 0
1620 4540 0
1620 4544 0
1620 4546 0
1620 4550 0
1620 4555 0
1620 6655 0
1620 2708 0
1620 2709 0
1620 2712 0
1620 13221 1
1620 1894 0
1620 1170 0
1620 7317 0
1620 1210 0
1620 5432 0
1620 4339 0
1620 1489 0
1620 4551 0
1620 7662 0
1620 1620 0
1620 21148 0
1620 5773 1
1620 1713 0
1620 1741 0
1620 5855 0
1620 1765 0
1620 988 0
1620 313 0
1620 3986 0
2133 1687 0
2133 5432 0
2133 2501 0
2133 4550 0
2133 4551 0
2133 2773 1
2133 2774 1
2133 1244 0
1210 1160 0
1210 1210 0
1210 1653 0
1210 4822 0
1210 2774 1
1210 2338 0
1210 1894 0
1210 2967 1
1210 6068 0
1210 16316 0
1210 1489 0
95 3986 0
95 4540 0
95 18085 0
95 6068 0
95 4535 0
95 4536 0
95 4537 0
95 4538 0
95 4544 0
95 4546 0
95 2500 0
95 4534 0
95 2773 1
95 2774 1
95 861 0
95 4539 0
95 2793 0
16316 2773 1
16316 18298 0
16316 16316 0
16316 3008 0
16316 3013 1
16316 4064 0
3178 2331 0
3178 2967 1
3178 7317 0
3178 3013 1
3178 4064 0
1653 8391 0
1653 861 0
1653 1160 0
1653 1434 1
1653 1653 0
1653 1661 0
1653 1664 0
1653 1765 0
1653 2338 0
1653 2501 0
1653 2681 0
1653 3008 0
1653 3353 0
1653 3986 0
1653 4534 0
1653 4536 0
1653 4537 0
1653 4540 0
1653 13221 1
1653 5668 0
1653 5855 0
1653 6068 0
1653 6078 0
15991 15991 0
15991 5773 1
15991 1741 0
15991 2773 1
15991 6655 0
2681 4546 0
2681 2708 0
2681 1160 0
2681 4534 0
2681 4535 0
2681 4536 0
2681 4538 0
2681 4539 0
2681 4540 0
2681 4544 0
2681 4537 0
2681 2500 0
2681 2773 1
2681 2774 1
1661 1664 0
1661 2774 1
1661 1160 0
1661 1170 0
1661 1687 0
1661 2338 0
1661 2500 0
1661 4550 0
1661 4551 0
1661 4555 0
1661 2773 1
1661 1765 0
1661 1661 0
1557 4822 0
1557 18085 0
1557 3353 0
1557 7077 0
1557 2500 0
1557 5446 1
1557 2773 1
1557 2774 1
1557 861 0
1557 1894 0
1664 4550 0
1664 4551 0
1664 4555 0
1664 2773 1
1664 2774 1
3008 1713 0
3008 6068 0
3008 8391 0
3008 13265 1
3008 14094 0
3008 8590 1
3008 1894 0
3008 1927 0
3008 3986 0
3008 4534 0
3008 4537 0
3008 3008 0
3008 3013 1
3008 1489 0
1160 4534 0
1160 4535 0
1160 4536 0
1160 4537 0
1160 4538 0
1160 4539 0
1160 4540 0
1160 4544 0
1160 4546 0
1160 2500 0
1160 2501 0
1160 4550 0
1160 4551 0
1160 4859 0
1160 7077 0
1160 2985 1
1160 861 0
1160 1160 0
1160 3353 0
1160 7455 0
1160 5446 1
1160 5668 0
1160 1687 0
1160 3768 0
1160 1741 0
1160 5855 0
1160 1765 0
1160 5432 0
1160 1894 0
5773 2708 1
5773 2331 1
5773 7455 1
5773 4550 1
5773 680 1
5773 7077 1
5773 2501 1
5773 4551 1
5773 4300 1
5773 1741 1
5773 5773 2
5773 5855 1
1170 4300 0
1170 2338 0
1170 8590 1
1170 4555 0
1170 2709 0
1170 2712 0
1170 1489 0
1170 2967 1
1170 3013 1
1170 988 0
1170 5432 0
1170 7662 0
1170 5855 0
1170 1927 0
1170 3986 0
2708 4535 0
2708 4536 0
2708 4538 0
2708 2500 0
2708 2501 0
2708 2709 0
2708 2712 0
2708 4859 0
2708 861 0
2708 7077 0
2708 3353 0
2708 5432 0
2708 3467 1
2708 18085 0
2708 1741 0
2708 5855 0
2708 14094 0
2708 3986 0
2708 6068 0
2708 6078 0
7317 4300 0
7317 6361 0
7317 2338 0
7317 4427 1
7317 2712 0
7317 2967 1
7317 3353 0
7317 3986 0
1687 4300 0
1687 6361 0
1687 4822 0
1687 2331 0
1687 2338 0
1687 4477 0
1687 4534 0
1687 4535 0
1687 4536 0
1687 2500 0
1687 4550 0
1687 4555 0
1687 16876 0
1687 2709 0
1687 4859 0
1687 861 0
1687 2985 1
1687 3353 0
1687 7455 0
1687 5432 0
1687 5446 1
1687 7077 0
1687 5668 0
1687 1687 0
1687 3768 0
1687 1741 0
1687 5855 0
1687 1765 0
1687 1894 0
1687 6078 0
2712 8391 0
2712 2338 0
2712 2500 0
2712 2501 0
2712 4555 0
2712 2709 0
2712 2712 0
2712 2773 1
2712 4822 0
2712 4859 0
2712 861 0
2712 988 0
2712 5432 0
2712 3467 1
2712 7077 0
2712 18085 0
2712 1741 0
2712 5855 0
2712 3986 0
2712 6068 0
2712 6078 0
3737 5668 0
3737 16876 0
3737 2773 1
3737 2774 1
21148 21148 0
21148 2774 1
21148 3353 0
21148 1894 0
21148 13221 1
2501 4822 0
2501 2500 0
2501 2709 0
2501 2501 0
2501 4859 0
2501 7077 0
2501 3353 0
2501 5422 0
2501 5432 0
2501 3467 1
2501 18085 0
2501 1741 0
2501 5855 0
2501 1765 0
2501 14094 0
2501 3986 0
2501 6078 0
18085 2709 0
18085 1741 0
18085 2773 1
18085 5855 0
18085 4859 0
18085 14094 0
18085 2331 0
18085 7455 0
18085 5422 0
18085 5432 0
18085 8583 0
18085 3467 1
18085 3986 0
18085 7077 0
18085 2985 1
18085 2500 0
680 680 0
680 1927 0
680 13221 1
1713 2338 0
1713 5422 0
1713 1713 0
1713 3013 1
1713 13265 1
4790 2923 1
4790 8590 1
3768 3768 0
3768 1741 0
3768 2773 1
3768 4822 0
3768 2774 1
3768 5432 0
3768 861 0
3768 4534 0
3768 4535 0
3768 4536 0
3768 4537 0
3768 4538 0
3768 4539 0
3768 4540 0
3768 4544 0
3768 4546 0
3768 2500 0
3768 16876 0
3770 16876 0
3770 5668 0
3770 5432 0
3770 3770 0
3770 4551 0
3770 2773 1
3770 2774 1
710 4544 1
710 4546 1
710 710 2
710 1927 1
710 6068 1
710 4534 1
710 4535 1
710 4536 1
710 4537 1
710 4538 1
710 4539 1
710 4540 1
8391 8391 0
8391 1741 0
8391 4822 0
8391 4339 0
8391 14094 0
8391 861 0
8391 2967 1
8391 3986 0
8391 4534 0
8391 4535 0
8391 4536 0
8391 4537 0
8391 6078 0
8391 3013 1
4300 4300 0
4300 1741 0
4300 4822 0
4300 4339 0
4300 2338 0
4300 1927 0
4300 8590 1
4300 2967 1
4300 3986 0
4300 7077 0
4300 4555 0
4300 1489 0
4300 7662 0
1741 2338 0
1741 4477 0
1741 4546 0
1741 2500 0
1741 4550 0
1741 4551 0
1741 4555 0
1741 6655 0
1741 4822 0
1741 4859 0
1741 861 0
1741 988 0
1741 3353 0
1741 5432 0
1741 3467 1
1741 7662 0
1741 7077 0
1741 1741 0
1741 5855 0
1741 1765 0
1741 1894 0
1741 1927 0
1741 6068 0
2773 8583 1
2773 2709 1
2773 3736 1
2773 5668 1
2773 6361 1
2773 4550 1
2773 4551 1
2773 4555 1
2773 20474 1
2773 2773 2
2773 4822 1
2773 1244 1
2773 861 1
2773 2793 1
2773 16876 1
2773 7662 1
2773 6078 1
2774 8583 1
2774 14094 1
2774 3736 1
2774 5668 1
2774 1244 1
2774 861 1
2774 6078 1
2774 2774 2
2774 4064 1
2774 1894 1
2774 2793 1
2774 16876 1
2774 20474 1
5668 5668 0
5668 3353 0
5668 5422 0
5668 3986 0
1244 1765 0
1244 2500 0
5855 2331 0
5855 4477 0
5855 4534 0
5855 4536 0
5855 2500 0
5855 4551 0
5855 4555 0
5855 2709 0
5855 4550 0
5855 4822 0
5855 2793 0
5855 4859 0
5855 861 0
5855 3353 0
5855 7455 0
5855 5432 0
5855 3467 1
5855 7077 0
5855 5855 0
5855 1765 0
5855 1894 0
5855 1927 0
5855 6068 0
5855 6078 0
1765 4534 0
1765 4535 0
1765 4536 0
1765 4537 0
1765 4538 0
1765 4539 0
1765 4540 0
1765 4544 0
1765 4546 0
1765 4550 0
1765 4551 0
1765 7077 0
1765 3013 1
1765 1765 0
1765 3986 0
1765 4064 0
13265 988 1
2793 4551 0
2793 5432 0
2793 1894 0
4339 8590 1
4339 2338 0
4339 3986 0
4339 1927 0
4339 2967 1
4339 4534 0
4339 1489 0
14580 2921 1
14580 2923 1
14580 2924 0
14580 14580 0
4859 4477 0
4859 4534 0
4859 4546 0
4859 2500 0
4859 4550 0
4859 2709 0
4859 4859 0
4859 7077 0
4859 5432 0
4859 3467 1
4859 1434 1
4859 1927 0
4859 3986 0
4822 4550 0
4822 2338 0
4822 4822 0
4822 6361 0
4822 7077 0
4822 5432 0
4822 5446 1
4822 861 0
4822 3986 0
4822 4535 0
4822 4546 0
4822 2500 0
4822 4555 0
14094 6361 0
14094 4477 0
14094 13221 1
6361 4427 1
3353 4427 1
3353 2500 0
3353 4550 0
3353 4551 0
3353 4555 0
3353 861 0
3353 2967 1
3353 3353 0
3353 5432 0
3353 1894 0
2331 2331 0
2331 4427 1
2331 7077 0
2331 2500 0
2331 4551 0
7455 7455 0
7455 2985 1
7455 4555 0
2338 2338 0
2338 8590 1
2338 4550 0
2338 2709 0
2338 2967 1
2338 2985 1
2338 5432 0
2338 1489 0
2338 7662 0
2338 988 0
2338 1927 0
2338 3986 0
2338 6068 0
1927 4534 0
1927 3013 1
1927 988 0
1927 861 0
1927 3986 0
1927 6078 0
5422 2500 0
5422 13221 1
5422 5422 0
5422 7077 0
5432 4534 0
5432 4536 0
5432 4546 0
5432 2500 0
5432 4550 0
5432 4555 0
5432 2709 0
5432 4551 0
5432 861 0
5432 2967 1
5432 7077 0
5432 5432 0
5432 1894 0
5432 6078 0
313 861 0
313 6078 0
313 8590 1
313 2967 1
313 6068 0
5446 4551 1
5446 5446 2
5446 4555 1
4427 4064 1
861 4477 0
861 4539 0
861 4550 0
861 4551 0
861 2709 0
861 861 0
861 3986 0
861 6068 0
861 6078 0
1894 1894 0
1894 3013 1
1894 4550 0
2921 2921 2
2921 2923 2
2921 2924 1
2923 2924 1
2923 2709 1
2924 2924 0
18293 3013 1
18293 18293 0
18293 18298 0
18293 8590 1
18293 4064 0
18298 13221 1
18298 3013 1
18298 18298 0
18298 4064 0
18298 20474 0
4477 3986 0
4477 2967 1
4477 13221 1
4477 6068 0
4477 4536 0
4477 4550 0
4477 4551 0
2709 2500 0
2709 2709 0
2709 7662 0
2709 3986 0
2709 6068 0
2709 6078 0
8583 3986 0
8583 4535 0
8583 4537 0
8583 4538 0
3467 3467 2
3467 2500 1
3467 6655 1
8590 988 1
3736 16876 0
3736 3736 0
3986 2967 1
3986 3986 0
3986 4534 0
3986 4550 0
3986 4551 0
3986 13221 1
3986 6068 0
2967 2967 2
2967 4534 1
2967 4535 1
2967 4536 1
2967 4537 1
2967 4538 1
2967 4539 1
2967 4540 1
2967 4544 1
2967 4546 1
2967 4550 1
2967 4551 1
2967 1489 1
1433 1433 2
1434 6068 1
1434 1434 2
7077 7077 0
7077 6078 0
7077 2500 0
2985 2985 2
2985 2500 1
6068 4536 0
6068 4550 0
6068 4551 0
6068 13221 1
6068 6068 0
4534 4535 0
4534 4537 0
4534 4546 0
4534 4534 0
4535 4535 0
4535 4536 0
4536 4544 0
4536 4551 0
4536 4536 0
4536 6078 0
4536 4546 0
4536 4550 0
4537 4537 0
4537 3013 1
4537 4550 0
4537 4551 0
4538 4538 0
4539 4539 0
4539 6078 0
4540 6078 0
4540 4546 0
6078 4546 0
6078 2500 0
6078 6655 0
6078 6078 0
4544 4544 0
4544 4546 0
4546 4546 0
4546 4550 0
4546 4551 0
2500 4555 0
2500 2500 0
3013 7662 1
3013 3013 2
3013 1489 1
4550 4550 0
4550 4551 0
4550 4555 0
4551 4555 0
4551 4551 0
4555 7662 0
4555 4555 0
1489 1489 0
988 988 0
988 6655 0
16876 16876 0
8687 6655 1
