6162 6162 0
6162 20 0
6162 6165 0
6162 2338 0
6162 337 0
6162 2458 0
6162 19879 0
6162 509 0
6162 2831 0
6162 2712 0
6162 2714 0
6162 669 0
6162 2718 0
6162 2722 0
6162 676 1
6162 6915 0
6162 861 0
6162 3141 0
6162 5469 0
6162 1620 0
6162 5747 0
6162 7893 0
6162 5855 1
6162 7948 0
6162 7986 0
6162 6002 0
6162 3986 0
6162 8112 0
6162 6068 0
20 20 0
20 4145 0
20 117 0
20 6165 0
20 4339 0
20 2338 0
20 509 0
20 561 0
20 2712 0
20 2718 0
20 6907 0
20 861 0
20 3036 1
20 3123 0
20 5247 0
20 3336 0
20 5432 0
20 1371 0
20 5469 0
20 1620 0
20 1687 0
20 1718 0
20 1719 0
20 7893 0
20 5855 1
20 1765 0
20 5885 0
20 3886 0
20 1927 0
20 3986 0
20 8112 0
6165 8409 0
6165 6165 0
6165 2327 0
6165 2338 0
6165 337 0
6165 4465 0
6165 2458 0
6165 4524 0
6165 4553 0
6165 19879 0
6165 509 0
6165 2606 0
6165 561 0
6165 2709 0
6165 2712 0
6165 2714 0
6165 669 0
6165 2718 0
6165 2722 0
6165 676 1
6165 6915 0
6165 2831 0
6165 861 0
6165 3141 0
6165 5247 0
6165 13582 0
6165 1371 0
6165 1479 0
6165 1605 0
6165 1620 0
6165 5753 0
6165 7893 0
6165 5855 1
6165 1765 0
6165 5880 0
6165 7948 0
6165 6002 0
6165 1927 0
6165 3986 0
6165 8112 0
6165 6068 0
15384 13355 0
15384 2606 0
15384 2709 0
15384 676 1
15384 8409 0
15384 5855 1
15384 18728 0
15384 4916 0
15384 3986 0
15384 2458 0
15384 19879 0
7204 1687 0
7204 676 1
7204 7204 0
7204 5855 1
13355 1371 0
13355 2418 0
13355 8409 0
13355 18728 0
13355 4465 0
13355 2458 0
13355 676 1
13355 687 0
13355 3141 0
13355 19879 0
13355 1479 0
13355 1653 0
13355 7809 0
13355 3784 0
13355 7893 0
13355 5855 1
13355 1765 0
13355 1927 0
13355 8112 0
13355 6068 0
13355 8176 0
2606 8409 0
2606 4339 0
2606 2327 0
2606 2338 0
2606 337 0
2606 2709 0
2606 2714 0
2606 2722 0
2606 676 1
2606 4916 0
2606 4956 0
2606 4957 0
2606 4958 0
2606 3784 0
2606 861 0
2606 19879 0
2606 4704 0
2606 1605 0
2606 1653 0
2606 1687 0
2606 7893 0
2606 5855 1
2606 1765 0
2606 18728 0
2606 5880 0
2606 3886 0
2606 7986 0
2606 2361 0
2606 3986 0
2606 8112 0
2606 6078 0
2606 8176 0
4957 4145 0
4957 117 0
4957 6446 1
4957 4465 0
4957 2418 0
4957 4477 0
4957 4524 0
4957 561 0
4957 2709 0
4957 2712 0
4957 2714 0
4957 4956 0
4957 861 0
4957 4958 0
4957 1371 0
4957 19879 0
4957 1620 0
4957 1653 0
4957 5855 1
4957 1765 0
4957 18728 0
4957 7986 0
4957 1927 0
4957 8112 0
4145 4145 0
4145 117 0
4145 4465 0
4145 2458 0
4145 561 0
4145 676 1
4145 4956 0
4145 4958 0
4145 7083 0
4145 861 0
4145 1371 0
4145 1479 0
4145 1605 0
4145 1620 0
4145 1687 0
4145 7893 0
4145 5855 1
4145 1765 0
4145 5880 0
4145 5885 0
4145 3986 0
4145 8112 0
3123 8070 1
3123 3336 0
3123 5469 0
3123 3225 0
3123 2338 0
3123 5432 0
3123 3036 1
3123 4704 0
3123 3123 0
3123 4339 0
3123 5880 0
3123 6907 0
3123 509 0
3141 3141 0
3141 1620 0
3141 3225 0
3141 1653 0
3141 2709 0
3141 2712 0
3141 2718 0
3141 2722 0
3141 1718 0
3141 5855 1
3141 19879 0
3141 2327 0
3141 861 0
3141 3986 0
3141 4477 0
3141 8112 0
3141 3036 1
3141 5885 0
3141 7893 0
70 70 0
70 72 0
70 74 1
70 5753 0
70 5755 0
70 1679 1
70 3352 0
70 2950 0
70 7083 0
72 2950 0
72 1679 1
72 72 0
72 74 1
72 5755 0
4681 4704 0
4681 4681 0
4681 1620 0
4681 5247 0
4681 3225 0
4681 2718 0
4681 2722 0
4681 1479 0
4681 1718 0
4681 1719 0
4681 1653 0
4681 5855 1
4681 4339 0
4681 3336 0
4681 2831 0
4681 2338 0
4681 5469 0
4681 1927 0
4681 3986 0
4681 117 0
4681 3036 1
74 2950 1
74 270 1
74 1679 2
74 3352 1
74 2718 1
74 17699 1
74 7083 1
74 1224 1
74 1479 1
74 5747 1
74 5750 1
74 5753 1
74 5755 1
1620 4340 0
1620 2338 0
1620 2361 0
1620 337 0
1620 4477 0
1620 2458 0
1620 4524 0
1620 4550 0
1620 4704 0
1620 2709 0
1620 2712 0
1620 2714 0
1620 669 0
1620 2718 0
1620 2722 0
1620 676 1
1620 6907 0
1620 2831 0
1620 6915 0
1620 4956 0
1620 4958 0
1620 3036 1
1620 5247 0
1620 3336 0
1620 5432 0
1620 5469 0
1620 4339 0
1620 4551 0
1620 1620 0
1620 1718 0
1620 1719 0
1620 5855 1
1620 1765 0
1620 5880 0
1620 301 0
1620 8070 1
1620 3986 0
1620 8112 0
13582 5855 1
13582 19879 0
13582 4602 1
4704 6915 0
4704 1653 0
4704 3225 0
4704 1718 0
4704 1719 0
4704 4339 0
4704 4340 0
4704 5247 0
4704 2831 0
4704 2338 0
4704 5469 0
4704 3986 0
4704 4551 0
4704 4704 0
4704 3036 1
4704 6907 0
4704 3565 1
4704 509 0
5747 5747 0
5747 5753 0
5747 5755 0
5747 1679 1
5747 5432 0
5747 1927 0
117 19879 0
117 561 0
117 1653 0
117 2709 0
117 1687 0
117 676 1
117 1479 0
117 117 0
117 7986 0
117 5855 1
117 1765 0
117 7893 0
117 5432 0
117 861 0
117 4956 0
117 3986 0
117 5469 0
117 2458 0
117 4958 0
117 8112 0
117 6078 0
117 4550 0
117 4551 0
117 5885 0
5750 5755 0
5750 1679 1
5750 1653 0
5750 5750 0
5750 5753 0
5753 1653 0
5753 5753 0
5753 5755 0
5753 1679 1
5753 1687 0
5753 17699 0
5753 5885 0
5753 270 0
5753 3352 0
5753 5432 0
5753 7083 0
5753 2718 0
5755 5469 0
5755 1679 1
5755 2718 0
5755 1718 0
5755 5755 0
5755 5885 0
5755 17699 0
5755 5432 0
5755 7083 0
5247 19879 0
5247 6915 0
5247 3036 1
5247 1718 0
5247 2709 0
5247 2712 0
5247 3225 0
5247 2718 0
5247 2722 0
5247 4550 0
5247 1719 0
5247 4339 0
5247 4340 0
5247 3336 0
5247 2831 0
5247 8409 0
5247 2338 0
5247 5432 0
5247 1371 0
5247 5469 0
5247 3986 0
5247 4553 0
5247 3565 1
5247 509 0
7809 7809 0
7809 5855 1
7809 15162 1
7809 1371 0
7809 3986 0
5771 3565 2
5771 1687 1
1679 2950 1
1679 1479 1
1679 1679 2
1679 5432 1
1679 17699 1
2709 2338 0
2709 18728 0
2709 337 0
2709 4465 0
2709 2458 0
2709 5885 0
2709 2709 0
2709 2712 0
2709 2714 0
2709 669 0
2709 2718 0
2709 2722 0
2709 676 1
2709 1479 0
2709 4916 0
2709 4956 0
2709 861 0
2709 4958 0
2709 5432 0
2709 1371 0
2709 19879 0
2709 1687 0
2709 7893 0
2709 5855 1
2709 5880 0
2709 5928 0
2709 3886 0
2709 7986 0
2709 6002 0
2709 3986 0
2709 8112 0
2709 6068 0
2709 6078 0
1687 2338 0
1687 301 0
1687 2361 0
1687 4477 0
1687 4550 0
1687 561 0
1687 861 0
1687 5366 0
1687 3352 0
1687 5432 0
1687 1371 0
1687 5469 0
1687 5527 0
1687 19879 0
1687 1605 0
1687 1687 0
1687 3784 0
1687 5855 1
1687 1765 0
1687 3886 0
1687 6078 0
2712 2338 0
2712 18728 0
2712 337 0
2712 4465 0
2712 509 0
2712 561 0
2712 2712 0
2712 2714 0
2712 2718 0
2712 2722 0
2712 7986 0
2712 4916 0
2712 4956 0
2712 861 0
2712 4958 0
2712 3036 1
2712 3225 0
2712 5432 0
2712 1371 0
2712 19879 0
2712 1605 0
2712 5855 1
2712 5885 0
2712 3886 0
2712 6002 0
2712 3986 0
2712 6068 0
2712 6078 0
3225 561 0
3225 3225 0
3225 2718 0
3225 2722 0
3225 676 1
3225 1224 0
3225 4339 0
3225 4340 0
3225 6907 0
3225 3336 0
3225 3886 0
3225 2361 0
3225 6002 0
3225 4477 0
3225 8070 1
3225 19879 0
3225 4524 0
3225 4550 0
3225 4551 0
3225 4553 0
3225 8176 0
2714 2714 0
2714 2338 0
2714 4524 0
2714 19879 0
2714 2718 0
2714 2722 0
2714 676 1
2714 4956 0
2714 4958 0
2714 7083 0
2714 5432 0
2714 3784 0
2714 5855 1
2714 5874 0
2714 1779 0
2714 3886 0
2714 3986 0
2714 8112 0
2714 6068 0
669 2327 0
669 18728 0
669 301 0
669 2361 0
669 337 0
669 2418 0
669 2458 0
669 19879 0
669 669 0
669 2718 0
669 676 1
669 4916 0
669 3036 1
669 1224 0
669 5432 0
669 1653 0
669 1765 0
669 5874 0
669 5885 0
669 3886 0
669 7986 0
669 6002 0
669 1927 0
669 8112 0
669 6078 0
2718 8409 0
2718 2327 0
2718 2338 0
2718 301 0
2718 2361 0
2718 337 0
2718 2458 0
2718 4524 0
2718 4550 0
2718 19879 0
2718 509 0
2718 561 0
2718 2718 0
2718 2722 0
2718 2831 0
2718 7986 0
2718 861 0
2718 3036 1
2718 3336 0
2718 5432 0
2718 5469 0
2718 1605 0
2718 1718 0
2718 1719 0
2718 5855 1
2718 1927 0
2718 3986 0
2718 8112 0
2718 6068 0
2718 6078 0
2722 8409 0
2722 2327 0
2722 2338 0
2722 301 0
2722 4524 0
2722 4553 0
2722 19879 0
2722 2722 0
2722 676 1
2722 7986 0
2722 861 0
2722 3036 1
2722 5432 0
2722 5469 0
2722 1605 0
2722 1653 0
2722 7893 0
2722 5855 1
2722 18728 0
2722 6002 0
2722 1927 0
2722 3986 0
2722 8112 0
2722 6068 0
676 6068 1
676 1605 1
676 1653 1
676 676 2
676 5289 1
676 7893 1
676 4846 1
676 5874 1
676 5366 1
676 5880 1
676 18728 1
676 2327 1
676 5928 1
676 301 1
676 4916 1
676 2361 1
676 337 1
676 4956 1
676 861 1
676 4958 1
676 1765 1
676 6002 1
676 3986 1
676 2458 1
676 19879 1
676 4524 1
676 8112 1
676 4553 1
676 5885 1
5289 6078 0
5289 3036 1
4551 301 0
4551 337 0
4551 2418 0
4551 4477 0
4551 4553 0
4551 561 0
4551 4550 0
4551 4551 0
4551 861 0
4551 3036 1
4551 3336 0
4551 5432 0
4551 5855 1
4551 1765 0
4551 2361 0
4551 3986 0
4551 6068 0
6002 561 0
6002 7893 0
6002 5855 1
6002 301 0
6002 4916 0
6002 2361 0
6002 6002 0
6002 3986 0
6002 4553 0
687 1605 0
687 2210 1
687 8409 0
687 5855 1
687 3886 0
687 3986 0
1224 19879 0
1224 561 0
1224 1224 0
1224 5855 1
1224 1779 0
1224 7893 0
1224 3336 0
1224 3886 0
1224 4916 0
1224 4956 0
1224 861 0
1224 4465 0
1224 4477 0
1224 3986 0
1224 6068 0
1224 1479 0
1224 3784 0
1224 4602 1
1718 1718 0
1718 1719 0
1718 4339 0
1718 4340 0
1718 5880 0
1718 6907 0
1718 2831 0
1718 2338 0
1718 5469 0
1718 8070 1
1718 4524 0
1718 3036 1
1719 1719 0
1719 4339 0
1719 2338 0
1719 5469 0
1719 8070 1
1719 3036 1
1653 270 0
1653 861 0
1653 1653 0
1653 1765 0
1653 1779 0
1653 2338 0
1653 2361 0
1653 2458 0
1653 3336 0
1653 19879 0
1653 3784 0
1653 3986 0
1653 4465 0
1653 4553 0
1653 4916 0
1653 4956 0
1653 4958 0
1653 18728 0
1653 5855 1
1653 6068 0
1653 6078 0
1653 6915 0
1653 7893 0
1653 7986 0
1653 8070 1
1653 8176 0
3784 19879 0
3784 1605 0
3784 3784 0
3784 7893 0
3784 5855 1
3784 5885 0
3784 8112 0
3784 5432 0
3784 861 0
3784 3986 0
3784 3036 1
7893 8409 0
7893 7893 0
7893 18728 0
7893 4550 0
7893 4846 0
7893 4956 0
7893 19879 0
7893 1371 0
7893 5855 1
7893 1765 0
7893 5880 0
7893 1927 0
7893 6068 0
8409 8409 0
8409 2338 0
8409 18728 0
8409 337 0
8409 3036 1
8409 5366 0
8409 19879 0
8409 5855 1
8409 1779 0
8409 7986 0
8409 3986 0
8409 6068 0
5855 4340 1
5855 2327 1
5855 18728 1
5855 301 1
5855 2361 1
5855 337 1
5855 4465 1
5855 2418 1
5855 4477 1
5855 2458 1
5855 4524 1
5855 4553 1
5855 6907 1
5855 19879 1
5855 509 1
5855 561 1
5855 4550 1
5855 2831 1
5855 7986 1
5855 4916 1
5855 4956 1
5855 861 1
5855 5366 1
5855 3336 1
5855 3352 1
5855 5432 1
5855 1371 1
5855 5469 1
5855 5527 1
5855 1479 1
5855 1605 1
5855 5855 2
5855 1765 1
5855 7083 1
5855 5874 1
5855 1779 1
5855 5880 1
5855 7948 1
5855 3886 1
5855 1927 1
5855 8176 1
5855 8112 1
5855 6068 1
5855 6078 1
1765 2418 0
1765 4550 0
1765 4916 0
1765 4956 0
1765 4958 0
1765 3352 0
1765 1371 0
1765 5469 0
1765 19879 0
1765 1765 0
1765 1779 0
1765 3986 0
4846 5880 0
4846 4916 0
4846 6068 0
4846 3036 1
18728 2338 0
18728 4477 0
18728 2458 0
18728 561 0
18728 4956 0
18728 4958 0
18728 861 0
18728 19879 0
18728 1605 0
18728 18728 0
18728 5885 0
18728 7986 0
18728 3986 0
18728 8176 0
5874 2458 0
5874 7083 0
5874 5874 0
5874 6078 0
5874 861 0
1779 561 0
1779 1779 0
1779 301 0
1779 861 0
1779 8112 0
1779 6068 0
1779 1479 0
1779 3036 1
4340 4339 0
4340 4340 0
4340 3336 0
4340 2338 0
4340 5469 0
4340 3986 0
4340 19879 0
4340 3036 1
5366 561 0
5366 5366 0
5366 2361 0
5366 5469 0
5366 4465 0
5880 3336 0
5880 861 0
5880 3986 0
5880 2458 0
5880 8112 0
5880 6068 0
5880 4553 0
5880 5880 0
6907 6915 0
6907 2831 0
6907 2338 0
6907 6078 0
6907 6907 0
6907 3036 1
6907 3565 1
5885 270 0
5885 337 0
5885 4465 0
5885 2418 0
5885 3036 1
5885 1371 0
5885 5469 0
5885 19879 0
5885 5885 0
5885 3986 0
5885 6068 0
5885 8176 0
6915 2831 0
6915 3986 0
6915 2338 0
6915 3565 1
6915 3036 1
6915 4339 0
3336 861 0
3336 4339 0
3336 3336 0
3336 2338 0
3336 7986 0
3336 3986 0
3336 5469 0
3336 3036 1
3336 509 0
7948 15162 1
7948 3986 0
270 561 0
270 270 0
270 4602 1
2831 2831 0
2831 337 0
2831 3986 0
2831 5469 0
2831 3036 1
6446 4956 1
6446 3986 1
6446 4958 1
2327 1371 0
2327 2327 0
2327 3886 0
2327 1605 0
2327 509 0
3352 3352 0
3352 301 0
3352 4550 0
2338 4339 0
2338 2338 0
2338 4465 0
2338 4550 0
2338 4602 1
2338 509 0
2338 3036 1
2338 5432 0
2338 5469 0
2338 19879 0
2338 1605 0
2338 8070 1
2338 1927 0
2338 3986 0
2338 6068 0
2950 2950 0
561 301 0
561 4465 0
561 2418 0
561 4477 0
561 2458 0
561 4550 0
561 561 0
561 4956 0
561 4958 0
561 3036 1
561 861 0
561 5432 0
561 1371 0
561 19879 0
561 1479 0
561 1927 0
561 8112 0
561 6068 0
5928 5928 0
5928 3036 1
301 5469 0
301 301 0
301 4916 0
301 2361 0
301 5432 0
301 1927 0
301 6068 0
301 6078 0
301 4550 0
3886 3886 0
3886 337 0
3886 5469 0
3886 2418 0
3886 6068 0
3886 3036 1
7986 15162 1
7986 4956 0
7986 19879 0
7986 1927 0
4916 2418 0
4916 2458 0
4916 4553 0
4916 4916 0
4916 4956 0
4916 1371 0
4916 1605 0
4916 6068 0
4916 8176 0
5432 4550 0
5432 861 0
5432 5432 0
5432 5469 0
5432 1479 0
5432 6078 0
2361 5469 0
2361 2361 0
2361 4524 0
2361 4550 0
2361 4553 0
15162 1371 1
337 337 0
337 5469 0
337 1927 0
337 2458 0
337 19879 0
337 4550 0
337 8176 0
1371 2458 0
1371 4956 0
1371 4958 0
1371 7083 0
1371 1371 0
1371 1605 0
1371 3986 0
1371 8112 0
4956 4465 0
4956 2418 0
4956 4477 0
4956 4956 0
4956 4958 0
4956 861 0
4956 19879 0
4956 1927 0
4956 3986 0
861 4465 0
861 2418 0
861 4477 0
861 4550 0
861 861 0
861 7083 0
861 4958 0
861 5469 0
861 19879 0
861 1479 0
861 1605 0
861 1927 0
861 3986 0
861 6068 0
861 6078 0
4958 6078 0
4958 4465 0
4958 2418 0
4958 4477 0
4958 4958 0
4958 7083 0
4958 19879 0
4958 1927 0
4465 19879 0
4465 1927 0
4465 4524 0
4465 4550 0
4465 6068 0
4465 3036 1
2418 5469 0
2418 3986 0
2418 2418 0
2418 4550 0
2418 3036 1
4477 3986 0
4477 5469 0
4477 1605 0
4477 19879 0
4477 6068 0
4477 4550 0
4477 3036 1
8070 8070 2
8070 1927 1
8070 4339 1
1927 4339 0
1927 4524 0
1927 4553 0
1927 5469 0
1927 19879 0
1927 3986 0
1927 6078 0
1927 8176 0
3986 509 0
3986 1479 0
3986 1605 0
3986 19879 0
3986 3986 0
3986 4339 0
3986 4550 0
3986 5469 0
3986 6068 0
3986 8112 0
3986 8176 0
5469 4339 0
5469 4524 0
5469 509 0
5469 3036 1
5469 5469 0
5469 5527 0
5469 8176 0
5527 3036 1
5527 5527 0
2458 19879 0
2458 1605 0
2458 2458 0
1605 19879 0
1605 8112 0
1605 1605 0
19879 4339 0
19879 19879 0
19879 8112 0
19879 6068 0
19879 8176 0
7083 7083 0
4524 4339 0
4524 4524 0
8112 8112 0
8112 6068 0
4339 3036 1
4339 509 0
6068 4550 0
6068 3036 1
6068 6068 0
6078 3036 1
6078 6078 0
4550 4550 0
4550 4553 0
4550 3036 1
1479 1479 0
4553 4553 0
4553 509 0
2210 2210 2
3036 3036 2
3036 3565 2
3036 8176 1
3036 509 1
8176 8176 0
4602 4602 2
509 509 0
