669 669 0
669 679 0
669 6968 0
669 5077 1
669 1221 0
669 1223 0
669 5405 0
669 5452 1
669 1653 0
669 5835 0
669 5836 0
669 3886 0
1159 1159 0
1159 2714 0
1159 8881 0
1159 5828 1
1159 1221 0
1159 1223 0
1159 287 0
1159 2956 1
1159 403 1
1159 4525 0
1004 5828 1
1004 274 1
1004 287 0
1004 3886 0
1004 3446 0
1004 1004 0
2956 2956 2
2956 2831 1
2956 2841 1
2956 2714 1
2956 287 1
2956 4553 1
2956 2782 1
2956 3939 1
2956 1267 1
2830 3939 1
2830 1267 1
2830 2831 1
2830 2839 1
2830 2841 1
2830 2782 1
2830 5727 1
2831 2831 0
2831 287 0
2831 3446 0
274 5727 1
274 17006 1
274 174 1
274 274 2
274 287 1
274 5452 2
274 9117 1
274 2480 1
274 6068 1
274 4553 1
403 403 2
403 5274 1
403 679 1
403 681 1
403 6968 1
403 1653 1
403 5828 2
403 5836 1
403 16330 1
403 5835 1
403 5452 2
403 1013 1
403 915 1
403 1012 1
403 3446 1
174 5727 0
174 174 0
174 287 0
174 2480 0
174 5077 1
2839 5452 1
2839 5727 0
5452 1591 1
5452 8881 1
5452 705 1
5452 1221 1
5452 1223 1
5452 4525 1
5452 2480 1
5452 16330 1
5274 5274 0
5274 236 1
155 17006 1
155 5405 1
5405 4553 0
5405 5077 1
287 287 0
287 8881 0
287 705 0
287 1221 0
287 1267 0
287 2782 0
287 3446 0
287 4553 0
287 9117 0
287 16330 0
2715 1591 0
2715 2715 0
2715 5828 1
2715 1267 0
2715 915 0
2715 5077 1
679 679 0
679 681 0
679 5077 1
681 681 0
681 5077 1
4525 2714 0
4525 1221 0
4525 915 0
4525 5077 1
3886 2714 0
3886 5828 1
3886 1221 0
3886 1223 0
3886 236 1
3886 3886 0
3886 6068 0
9117 1591 0
9117 5727 0
9117 8881 0
9117 5828 1
2480 2480 0
8881 8881 0
8881 236 1
8881 4553 0
8881 2714 0
8881 1221 0
8881 3446 0
8881 1591 0
8881 1653 0
8881 6068 0
1267 1267 0
6068 2714 0
6068 915 0
6068 5077 1
6068 3446 0
6068 1653 0
6068 6068 0
1591 3446 0
1591 2714 0
1591 236 1
1591 1591 0
1591 1653 0
6968 705 0
6968 5828 1
6968 5835 0
6968 5836 0
6968 6968 0
1653 1012 0
1653 1221 0
1653 1653 0
1653 4553 0
1653 5828 1
1653 5835 0
1653 16330 0
705 705 0
705 5828 1
705 5835 0
5828 2714 1
5828 5828 2
5828 1221 1
5828 1223 1
5828 5835 1
5828 5836 1
1221 3446 0
1221 915 0
1221 1221 0
1221 1223 0
4553 4553 0
5835 17006 0
5835 5836 0
5835 5835 0
5836 5836 0
5836 236 1
5077 915 1
5077 5077 2
5077 3446 1
2782 2782 0
5727 5727 0
2714 2714 0
2714 915 0
236 1012 1
236 1013 1
17006 17006 0
915 915 0
3446 3446 0
