6147 6147 0
6147 6165 0
6147 16422 0
6147 6164 0
6147 8467 0
6147 4409 0
6147 338 0
6147 8542 0
6147 16449 0
6147 4553 0
6147 17363 0
6147 2594 0
6147 2604 1
6147 13061 0
6147 4916 0
6147 4966 0
6147 4969 0
6147 4990 0
6147 5020 0
6147 5033 0
6147 13355 0
6147 2598 0
6147 1259 0
6147 1350 0
6147 1382 0
6147 1388 0
6147 3446 0
6147 5027 0
6147 7077 0
6147 1653 0
6147 3729 0
6147 1741 0
6147 5855 0
6147 18728 0
6147 8024 0
6147 8025 1
6147 5994 0
6147 3986 0
6147 16308 0
16388 16389 0
16388 6164 0
16388 6165 0
16388 4130 0
16388 8881 0
16388 4145 0
16388 16444 0
16388 16449 0
16388 8267 0
16388 18530 1
16388 1388 0
16388 2937 0
16388 8459 0
16388 5850 0
16388 12584 0
16388 8493 0
16388 338 0
16388 8542 0
16388 8567 0
16388 2458 0
16388 6584 0
16388 16872 0
16388 6669 0
16388 2594 0
16388 2598 0
16388 2601 0
16388 2604 1
16388 2605 0
16388 2606 0
16388 6739 0
16388 15504 0
16388 13061 0
16388 4916 0
16388 6977 0
16388 4956 0
16388 4957 0
16388 4958 0
16388 4966 0
16388 4969 0
16388 4971 0
16388 4990 0
16388 5004 0
16388 5020 0
16388 5027 0
16388 7077 0
16388 5033 0
16388 17363 0
16388 861 0
16388 7227 0
16388 7243 0
16388 7317 0
16388 7465 0
16388 7475 0
16388 3446 0
16388 5679 0
16388 1591 0
16388 1653 0
16388 7812 0
16388 3729 0
16388 16031 0
16388 7851 0
16388 8477 0
16388 7858 0
16388 15988 0
16388 7893 0
16388 3802 0
16388 18728 0
16388 8024 0
16388 3986 0
16388 18332 0
16388 12954 0
16388 16308 0
16389 16389 0
16389 6165 0
16389 4130 0
16389 16444 0
16389 16449 0
16389 8267 0
16389 18530 1
16389 1388 0
16389 2937 0
16389 5850 0
16389 12584 0
16389 8493 0
16389 338 0
16389 8542 0
16389 8567 0
16389 6584 0
16389 4547 0
16389 8881 0
16389 6669 0
16389 2594 0
16389 2598 0
16389 2601 0
16389 2604 1
16389 2605 0
16389 2606 0
16389 6739 0
16389 12954 0
16389 15504 0
16389 13061 0
16389 4916 0
16389 6977 0
16389 4956 0
16389 4957 0
16389 4958 0
16389 4966 0
16389 4969 0
16389 4971 0
16389 4990 0
16389 5004 0
16389 5020 0
16389 5027 0
16389 7077 0
16389 5033 0
16389 17363 0
16389 13355 0
16389 7219 1
16389 7227 0
16389 861 0
16389 7465 0
16389 7475 0
16389 3446 0
16389 5679 0
16389 1591 0
16389 1653 0
16389 7812 0
16389 3729 0
16389 16031 0
16389 7851 0
16389 3757 0
16389 8477 0
16389 7858 0
16389 15988 0
16389 1741 0
16389 7893 0
16389 3802 0
16389 18728 0
16389 16241 0
16389 3986 0
16389 18332 0
16389 16308 0
6666 6666 0
6666 6160 0
6666 2069 0
6666 13355 0
6666 7219 1
6666 7077 0
6666 15996 0
6666 6165 0
6666 16410 0
6666 4551 0
6666 1197 0
6666 16146 0
6666 6111 1
6666 6977 0
6666 8081 0
6666 2458 0
6666 4547 0
6666 2500 0
6666 2501 0
6666 4553 0
2059 2059 0
2059 5469 0
2059 287 0
2059 2604 1
2059 13061 0
2059 827 0
2059 4971 0
2059 3270 1
2059 1197 0
2059 1259 0
2059 15996 0
2059 8081 0
6669 8024 0
6669 2069 0
6669 2604 1
6669 2605 0
6669 4145 0
6669 1591 0
6669 7227 0
6669 2937 0
6669 2708 0
6669 12954 0
6669 1197 0
6669 5850 0
6669 18728 0
6669 2418 1
6669 8081 0
6669 5027 0
6669 6584 0
6669 4547 0
6669 2500 0
6669 4551 0
6669 4553 0
4110 4110 0
4110 2069 0
4110 4145 0
4110 6164 0
4110 8477 0
4110 287 0
4110 337 0
4110 338 0
4110 7858 0
4110 2594 0
4110 2598 0
4110 2599 0
4110 2601 0
4110 2604 1
4110 2606 0
4110 2708 0
4110 4966 0
4110 4969 0
4110 5004 0
4110 3270 1
4110 1259 0
4110 5679 0
4110 1591 0
4110 15988 0
4110 1653 0
4110 5981 0
1197 13061 0
1197 1591 0
1197 1653 0
1197 4551 0
1197 1197 0
1197 8881 0
1197 3270 1
1197 1741 0
1197 7893 0
1197 5855 0
1197 3354 0
1197 7219 1
1197 337 0
1197 6048 0
1197 16308 0
1197 2500 0
1197 4553 0
1197 7077 0
6160 6165 0
6160 16449 0
6160 6160 0
6160 6164 0
6160 287 0
6160 337 0
6160 338 0
6160 2458 0
6160 4547 0
6160 562 0
6160 6739 0
6160 6809 0
6160 12954 0
6160 8867 0
6160 7317 0
6160 7475 0
6160 5469 0
6160 15988 0
6160 1653 0
6160 9858 1
6160 3729 0
6160 7893 0
6160 5981 0
6160 16241 0
6160 8081 0
6160 3986 0
6160 6112 1
5651 7851 0
5651 2604 1
5651 561 0
5651 16031 0
5651 287 0
5651 4956 0
5651 5981 0
5651 6112 1
6164 6165 0
6164 4145 0
6164 6164 0
6164 337 0
6164 338 0
6164 2458 0
6164 2599 0
6164 2604 1
6164 6739 0
6164 8867 0
6164 13061 0
6164 861 0
6164 4966 0
6164 4969 0
6164 5026 0
6164 5027 0
6164 5033 0
6164 7227 0
6164 7243 0
6164 562 0
6164 5469 0
6164 1591 0
6164 1653 0
6164 9858 1
6164 1741 0
6164 3986 0
6164 12954 0
6165 2069 0
6165 16422 0
6165 8881 0
6165 16410 0
6165 6165 0
6165 8467 0
6165 287 0
6165 337 0
6165 2458 0
6165 4547 0
6165 4553 0
6165 2594 0
6165 2598 0
6165 2599 0
6165 2604 1
6165 2605 0
6165 2606 0
6165 561 0
6165 562 0
6165 6739 0
6165 2708 0
6165 6809 0
6165 861 0
6165 4966 0
6165 5004 0
6165 5027 0
6165 3270 1
6165 1259 0
6165 1382 0
6165 1388 0
6165 5679 0
6165 1591 0
6165 16308 0
6165 7740 0
6165 9858 1
6165 7851 0
6165 7893 0
6165 3802 0
6165 5855 0
6165 5981 0
6165 16241 0
6165 8081 0
6165 3986 0
6165 18332 0
6165 12954 0
6165 16031 0
6165 8867 0
16410 4870 1
16410 1294 0
16410 6111 1
16410 869 0
16410 4966 0
16410 8025 1
16410 1653 0
4130 7851 0
4130 4130 0
4130 2598 0
4130 2599 0
4130 2604 1
4130 2605 0
4130 2606 0
4130 5679 0
4130 561 0
4130 1591 0
4130 7227 0
4130 2594 0
4130 18530 1
4130 15988 0
4130 1653 0
4130 16422 0
4130 7812 0
4130 1388 0
4130 18332 0
4130 3248 0
4130 8881 0
4130 7858 0
4130 7893 0
4130 3802 0
4130 18728 0
4130 13061 0
4130 8477 0
4130 12584 0
4130 7465 0
4130 8493 0
4130 6977 0
4130 861 0
4130 8542 0
4130 869 0
4130 4966 0
4130 4969 0
4130 4971 0
4130 2937 0
4130 4990 0
4130 7556 0
4130 5004 0
4130 3986 0
4130 2458 0
4130 5020 0
4130 5027 0
4130 5981 0
4130 5033 0
4130 16308 0
4130 6739 0
2598 16422 0
2598 16449 0
2598 8267 0
2598 18530 1
2598 1388 0
2598 2937 0
2598 8467 0
2598 8477 0
2598 12584 0
2598 8493 0
2598 338 0
2598 8542 0
2598 8567 0
2598 2458 0
2598 6584 0
2598 4547 0
2598 2500 0
2598 2501 0
2598 2594 0
2598 2598 0
2598 2599 0
2598 2601 0
2598 2604 1
2598 2605 0
2598 2606 0
2598 561 0
2598 6739 0
2598 12954 0
2598 8867 0
2598 8881 0
2598 4916 0
2598 861 0
2598 4966 0
2598 4969 0
2598 4971 0
2598 4990 0
2598 6977 0
2598 5004 0
2598 5020 0
2598 5027 0
2598 5033 0
2598 7227 0
2598 15504 0
2598 7465 0
2598 7475 0
2598 5679 0
2598 1591 0
2598 7740 0
2598 5850 0
2598 1653 0
2598 7812 0
2598 3729 0
2598 16031 0
2598 7851 0
2598 7858 0
2598 15988 0
2598 1741 0
2598 7893 0
2598 3802 0
2598 18728 0
2598 5981 0
2598 5994 0
2598 3986 0
2598 18332 0
2598 16308 0
2599 2594 0
2599 2599 0
2599 2601 0
2599 2604 1
2599 2605 0
2599 2606 0
2599 4957 0
2599 561 0
2599 16308 0
2599 6739 0
2599 17363 0
2599 16422 0
2599 2708 0
2599 1741 0
2599 3802 0
2599 7893 0
2599 18728 0
2599 8467 0
2599 8477 0
2599 6977 0
2599 338 0
2599 4956 0
2599 861 0
2599 4958 0
2599 15504 0
2599 869 0
2599 1382 0
2599 5994 0
2599 16241 0
2599 3446 0
2599 3729 0
2599 5004 0
2599 3986 0
2599 2458 0
2599 5027 0
2599 16031 0
2599 2500 0
2599 4553 0
2599 8881 0
2599 16872 0
2599 7666 1
2599 5033 0
2601 16422 0
2601 16449 0
2601 8267 0
2601 1388 0
2601 8477 0
2601 18728 0
2601 337 0
2601 338 0
2601 8542 0
2601 2418 1
2601 8567 0
2601 16872 0
2601 13061 0
2601 2594 0
2601 2601 0
2601 2604 1
2601 2605 0
2601 2606 0
2601 6739 0
2601 8867 0
2601 8881 0
2601 6977 0
2601 4956 0
2601 4957 0
2601 4958 0
2601 15504 0
2601 869 0
2601 2937 0
2601 5004 0
2601 5027 0
2601 5033 0
2601 17363 0
2601 13356 0
2601 861 0
2601 5380 0
2601 7475 0
2601 1382 0
2601 16308 0
2601 1653 0
2601 16031 0
2601 7851 0
2601 7858 0
2601 15988 0
2601 7893 0
2601 3802 0
2601 5855 0
2601 5981 0
2601 16241 0
2601 3986 0
2601 18332 0
2601 12954 0
13355 2069 0
13355 8267 0
13355 2418 1
13355 18728 0
13355 8467 0
13355 5850 0
13355 287 0
13355 12584 0
13355 8493 0
13355 4409 0
13355 8567 0
13355 16449 0
13355 2458 0
13355 2501 0
13355 2708 0
13355 12954 0
13355 4966 0
13355 4969 0
13355 4971 0
13355 5004 0
13355 5020 0
13355 5027 0
13355 7219 1
13355 7227 0
13355 4547 0
13355 5569 0
13355 7740 0
13355 951 0
13355 1653 0
13355 15996 0
13355 7812 0
13355 3757 0
13355 8477 0
13355 15988 0
13355 7893 0
13355 3802 0
13355 5855 0
13355 8025 1
13355 6111 1
13356 2069 0
13356 2604 1
13356 7858 0
13356 5679 0
13356 1591 0
13356 15988 0
13356 7812 0
13356 8477 0
13356 7475 0
13356 8025 1
13356 2418 1
13356 3446 0
13356 8567 0
13356 5569 0
13356 4547 0
13356 2500 0
13356 2501 0
13356 4551 0
13356 17363 0
2605 2604 1
2605 2605 0
2605 2606 0
2605 5679 0
2605 1591 0
2605 7227 0
2605 6739 0
2605 18530 1
2605 8477 0
2605 1653 0
2605 7812 0
2605 1388 0
2605 18332 0
2605 15504 0
2605 12954 0
2605 7851 0
2605 8881 0
2605 7858 0
2605 15988 0
2605 2594 0
2605 7893 0
2605 3802 0
2605 5855 0
2605 18728 0
2605 13061 0
2605 5850 0
2605 12584 0
2605 7465 0
2605 8493 0
2605 4916 0
2605 6977 0
2605 4956 0
2605 4957 0
2605 4958 0
2605 4966 0
2605 4969 0
2605 4971 0
2605 2937 0
2605 4990 0
2605 5004 0
2605 3986 0
2605 5020 0
2605 5027 0
2605 5981 0
2605 5033 0
2605 16308 0
2605 16031 0
2605 6614 0
2605 16872 0
2606 16422 0
2606 16449 0
2606 8267 0
2606 18530 1
2606 8567 0
2606 5850 0
2606 12584 0
2606 8493 0
2606 4409 0
2606 337 0
2606 338 0
2606 8542 0
2606 6584 0
2606 4547 0
2606 16872 0
2606 2594 0
2606 2604 1
2606 6739 0
2606 8881 0
2606 2793 0
2606 4870 1
2606 800 0
2606 4916 0
2606 6977 0
2606 4956 0
2606 4957 0
2606 4958 0
2606 869 0
2606 4966 0
2606 4969 0
2606 4971 0
2606 4990 0
2606 5004 0
2606 5020 0
2606 5026 0
2606 5027 0
2606 5033 0
2606 861 0
2606 7219 1
2606 13061 0
2606 7227 0
2606 2937 0
2606 7465 0
2606 7475 0
2606 1382 0
2606 1388 0
2606 3446 0
2606 15504 0
2606 5679 0
2606 1591 0
2606 7740 0
2606 1653 0
2606 7812 0
2606 3729 0
2606 16031 0
2606 7851 0
2606 8477 0
2606 7858 0
2606 15988 0
2606 7893 0
2606 3802 0
2606 5855 0
2606 18728 0
2606 8024 0
2606 5981 0
2606 5994 0
2606 16241 0
2606 3986 0
2606 951 0
2606 12954 0
2606 16308 0
5679 13061 0
5679 8881 0
5679 1591 0
5679 16308 0
5679 7227 0
5679 6739 0
5679 8493 0
5679 18530 1
5679 15988 0
5679 1653 0
5679 3729 0
5679 2708 0
5679 7851 0
5679 7858 0
5679 18332 0
5679 3802 0
5679 5855 0
5679 18728 0
5679 4990 0
5679 7893 0
5679 8867 0
5679 7812 0
5679 3354 0
5679 8477 0
5679 12584 0
5679 7465 0
5679 827 0
5679 5004 0
5679 861 0
5679 4966 0
5679 4969 0
5679 4971 0
5679 1388 0
5679 2418 1
5679 2937 0
5679 3986 0
5679 5020 0
5679 5026 0
5679 5027 0
5679 5033 0
5679 2500 0
5679 7077 0
561 2069 0
561 4145 0
561 8459 0
561 16444 0
561 18728 0
561 4409 0
561 2418 1
561 2458 0
561 4547 0
561 2500 0
561 2501 0
561 4551 0
561 2594 0
561 561 0
561 2793 0
561 4870 1
561 827 0
561 4956 0
561 4957 0
561 4958 0
561 869 0
561 4990 0
561 6977 0
561 5027 0
561 5033 0
561 861 0
561 3248 0
561 1259 0
561 5380 0
561 3353 0
561 3354 0
561 7465 0
561 1388 0
561 5569 0
561 7666 1
561 7740 0
561 15988 0
561 15996 0
561 3729 0
561 1741 0
561 5855 0
561 5981 0
561 5994 0
561 6072 0
562 8867 0
562 562 0
562 3270 1
562 4551 0
562 5026 0
562 5981 0
562 6111 1
7219 5380 1
7219 13061 1
7219 9961 1
7219 15504 1
7219 8081 1
7219 16534 1
7219 2458 1
7219 4000 1
7219 4551 1
7219 3757 1
7219 4145 1
7219 8493 1
7219 4916 1
7219 951 1
7219 6072 1
7219 16308 1
7219 6977 1
7219 1350 1
7219 12875 1
7219 1741 1
7219 12954 1
7219 17363 1
7219 2793 1
7219 4971 1
7219 7893 1
13364 12954 0
13364 3270 1
13364 1741 0
13364 861 0
13364 5994 0
13364 18530 1
19806 2418 1
19806 7666 1
12342 7666 1
12342 2418 1
12342 1388 0
12342 7077 0
1591 4145 0
1591 8267 0
1591 18530 1
1591 3446 0
1591 8467 0
1591 5850 0
1591 12584 0
1591 8493 0
1591 4409 0
1591 338 0
1591 2418 1
1591 2458 0
1591 2594 0
1591 2604 1
1591 6584 0
1591 6739 0
1591 8867 0
1591 8881 0
1591 13061 0
1591 4956 0
1591 861 0
1591 4958 0
1591 4969 0
1591 4971 0
1591 4990 0
1591 5004 0
1591 5020 0
1591 5026 0
1591 5027 0
1591 5033 0
1591 17363 0
1591 4957 0
1591 7227 0
1591 7243 0
1591 4966 0
1591 2937 0
1591 5380 0
1591 3353 0
1591 7465 0
1591 7475 0
1591 1382 0
1591 1388 0
1591 5981 0
1591 1591 0
1591 15988 0
1591 1653 0
1591 7812 0
1591 16031 0
1591 7851 0
1591 8477 0
1591 7858 0
1591 7893 0
1591 3802 0
1591 5855 0
1591 18728 0
1591 8024 0
1591 3986 0
1591 18332 0
1591 12954 0
1591 16308 0
7227 4145 0
7227 8267 0
7227 18530 1
7227 2937 0
7227 8477 0
7227 12584 0
7227 338 0
7227 2458 0
7227 2594 0
7227 6739 0
7227 8881 0
7227 13061 0
7227 4916 0
7227 6977 0
7227 861 0
7227 4966 0
7227 4969 0
7227 4971 0
7227 4990 0
7227 5004 0
7227 5020 0
7227 5026 0
7227 5027 0
7227 5033 0
7227 7243 0
7227 7465 0
7227 1388 0
7227 5850 0
7227 951 0
7227 15988 0
7227 1653 0
7227 7812 0
7227 16031 0
7227 7851 0
7227 7858 0
7227 1741 0
7227 7893 0
7227 3802 0
7227 5855 0
7227 18728 0
7227 8493 0
7227 3986 0
7227 16308 0
7227 6111 1
7740 4870 1
7740 8881 0
7740 861 0
7740 7740 0
7740 1653 0
7740 3802 0
7740 5855 0
7740 7893 0
7740 5380 0
7740 4409 0
7740 6977 0
7740 8024 0
7740 4956 0
7740 4957 0
7740 4958 0
7740 3446 0
7740 2458 0
7740 5981 0
7740 16308 0
7740 4547 0
7740 6111 1
16449 2594 0
16449 8881 0
16449 2604 1
16449 8542 0
16449 8267 0
16449 6739 0
16449 16031 0
16449 7851 0
16449 15988 0
16449 2793 0
16449 18728 0
16449 7475 0
16449 6977 0
16449 4956 0
16449 4957 0
16449 4958 0
16449 1388 0
16449 8567 0
16449 8477 0
16449 3986 0
16449 12954 0
16449 16308 0
16449 12875 0
16449 6111 1
6728 2604 1
6728 5981 0
6728 6728 0
6728 4596 1
12875 4870 1
12875 287 0
6584 2604 1
6584 5469 0
6584 1388 0
6584 15504 0
6584 7851 0
6584 3757 0
6584 7893 0
6584 18728 0
6584 8467 0
6584 8477 0
6584 12584 0
6584 6111 1
6584 337 0
6584 338 0
6584 4956 0
6584 4957 0
6584 4958 0
6584 4966 0
6584 4969 0
6584 16241 0
6584 5020 0
6584 18332 0
6584 16308 0
6584 6584 0
6584 6739 0
6739 16422 0
6739 4145 0
6739 8267 0
6739 18530 1
6739 1382 0
6739 7243 0
6739 8567 0
6739 8467 0
6739 5850 0
6739 8493 0
6739 2418 1
6739 2458 0
6739 4547 0
6739 4596 1
6739 2594 0
6739 2604 1
6739 6739 0
6739 2708 0
6739 8867 0
6739 8881 0
6739 4870 1
6739 4957 0
6739 4958 0
6739 4966 0
6739 4969 0
6739 4971 0
6739 2937 0
6739 5004 0
6739 15988 0
6739 5020 0
6739 5027 0
6739 5033 0
6739 1259 0
6739 5380 0
6739 7475 0
6739 1350 0
6739 1388 0
6739 5569 0
6739 1653 0
6739 7812 0
6739 7851 0
6739 8477 0
6739 7858 0
6739 287 0
6739 1741 0
6739 3802 0
6739 18728 0
6739 5981 0
6739 3986 0
6739 12954 0
6739 16031 0
18530 16444 1
18530 15988 1
18530 1653 1
18530 7812 1
18530 1388 1
18530 7851 1
18530 8881 1
18530 7858 1
18530 1741 1
18530 2937 1
18530 3802 1
18530 18728 1
18530 8477 1
18530 800 1
18530 12584 1
18530 7465 1
18530 8493 1
18530 4916 1
18530 4966 1
18530 4969 1
18530 4971 1
18530 4990 1
18530 5004 1
18530 3986 1
18530 5020 1
18530 5027 1
18530 5033 1
1382 2594 0
1382 2604 1
1382 861 0
1382 1388 0
1382 3729 0
1382 12954 0
1382 16031 0
1382 8867 0
1382 8881 0
1382 1741 0
1382 7893 0
1382 1259 0
1382 4870 1
1382 3353 0
1382 287 0
1382 800 0
1382 338 0
1382 4956 0
1382 4957 0
1382 4958 0
1382 15504 0
1382 5994 0
1382 4971 0
1382 2937 0
1382 3986 0
1382 5026 0
1382 16308 0
15988 16422 0
15988 8881 0
15988 16444 0
15988 8267 0
15988 1388 0
15988 2937 0
15988 5850 0
15988 12584 0
15988 8493 0
15988 8542 0
15988 8567 0
15988 2594 0
15988 2604 1
15988 13061 0
15988 4916 0
15988 6977 0
15988 4956 0
15988 4957 0
15988 4958 0
15988 4966 0
15988 4969 0
15988 4971 0
15988 4990 0
15988 5004 0
15988 5020 0
15988 5027 0
15988 5033 0
15988 17363 0
15988 8025 1
15988 7475 0
15988 1653 0
15988 7812 0
15988 3729 0
15988 3353 0
15988 16031 0
15988 7851 0
15988 8477 0
15988 7858 0
15988 15988 0
15988 7893 0
15988 3802 0
15988 18728 0
15988 7465 0
15988 5994 0
15988 3986 0
15988 18332 0
15988 12954 0
15988 16308 0
1653 16444 0
1653 8267 0
1653 8477 0
1653 8493 0
1653 8881 0
1653 827 0
1653 861 0
1653 869 0
1653 17323 0
1653 1259 0
1653 1388 0
1653 1653 0
1653 2458 0
1653 2501 0
1653 2594 0
1653 2604 1
1653 2937 0
1653 3270 1
1653 3353 0
1653 3729 0
1653 3802 0
1653 3986 0
1653 12954 0
1653 4000 0
1653 12584 0
1653 4409 0
1653 4547 0
1653 4553 0
1653 13061 0
1653 4916 0
1653 4956 0
1653 4957 0
1653 4966 0
1653 4969 0
1653 4971 0
1653 4990 0
1653 5004 0
1653 5020 0
1653 5027 0
1653 5033 0
1653 4958 0
1653 18728 0
1653 5380 0
1653 5850 0
1653 5855 0
1653 6048 0
1653 6977 0
1653 7465 0
1653 7556 0
1653 7812 0
1653 16031 0
1653 7851 0
1653 7858 0
1653 7893 0
1653 16241 0
1653 16308 0
15996 8459 0
15996 8542 0
15996 2418 1
15996 2500 0
15996 6614 0
15996 16872 0
15996 6809 0
15996 2501 0
15996 4916 0
15996 6977 0
15996 4956 0
15996 4957 0
15996 4958 0
15996 7077 0
15996 5380 0
15996 7475 0
15996 15996 0
15996 3729 0
15996 18085 0
15996 1741 0
15996 5855 0
15996 16146 0
15996 5994 0
15996 16258 0
15996 3986 0
15996 16308 0
15996 6111 1
2069 15504 0
2069 2069 0
2069 2594 0
2069 4956 0
2069 2604 1
2069 4957 0
2069 13061 0
2069 4958 0
2069 16308 0
2069 8459 0
2069 8881 0
2069 5569 0
2069 4547 0
2069 12954 0
2069 1741 0
2069 7893 0
2069 3802 0
2069 5855 0
2069 5380 0
2069 8467 0
2069 3354 0
2069 4145 0
2069 6977 0
2069 338 0
2069 861 0
2069 3729 0
2069 1388 0
2069 16872 0
2069 2418 1
2069 3446 0
2069 2937 0
2069 8081 0
2069 3986 0
2069 2458 0
2069 6048 0
2069 16031 0
1665 3248 1
1665 1846 1
9858 8867 1
7812 2604 1
7812 8493 0
7812 1388 0
7812 15504 0
7812 16031 0
7812 7851 0
7812 8881 0
7812 7858 0
7812 2594 0
7812 2937 0
7812 3802 0
7812 16422 0
7812 2793 0
7812 18728 0
7812 8477 0
7812 12584 0
7812 7465 0
7812 4916 0
7812 8024 0
7812 861 0
7812 869 0
7812 4966 0
7812 4969 0
7812 4971 0
7812 8567 0
7812 4990 0
7812 5004 0
7812 3986 0
7812 5020 0
7812 5027 0
7812 5981 0
7812 5033 0
15504 2594 0
15504 2604 1
15504 5850 0
15504 8477 0
15504 3802 0
15504 2793 0
15504 7465 0
15504 8493 0
15504 1388 0
15504 2937 0
15504 4547 0
3729 8459 0
3729 5850 0
3729 287 0
3729 12584 0
3729 8493 0
3729 4409 0
3729 2418 1
3729 4547 0
3729 2500 0
3729 2501 0
3729 4551 0
3729 2604 1
3729 8867 0
3729 8881 0
3729 4870 1
3729 827 0
3729 869 0
3729 7077 0
3729 7465 0
3729 7243 0
3729 8567 0
3729 3353 0
3729 3354 0
3729 7475 0
3729 3729 0
3729 1741 0
3729 3802 0
3729 5855 0
3729 8025 1
3729 5981 0
3729 6072 0
4547 2594 0
4547 4870 1
4547 4957 0
4547 4958 0
4547 16308 0
4547 8267 0
4547 8867 0
4547 1741 0
4547 7893 0
4547 5850 0
4547 17363 0
4547 5855 0
4547 5380 0
4547 13061 0
4547 4145 0
4547 7475 0
4547 16872 0
4547 4409 0
4547 4956 0
4547 861 0
4547 5994 0
4547 1388 0
4547 3986 0
4547 2418 1
4547 8567 0
4547 2937 0
4547 6977 0
4547 8081 0
4547 2458 0
4547 18332 0
4547 6048 0
4547 4547 0
4547 8881 0
4547 7077 0
2708 8467 0
2708 287 0
2708 2500 0
2708 2501 0
2708 2604 1
2708 8881 0
2708 13061 0
2708 827 0
2708 861 0
2708 7077 0
2708 3270 1
2708 3353 0
2708 3354 0
2708 3446 0
2708 16031 0
2708 18085 0
2708 1741 0
2708 3802 0
2708 5855 0
2708 16146 0
2708 5981 0
2708 16258 0
2708 3986 0
7317 8467 0
7317 287 0
7317 337 0
7317 338 0
7317 2604 1
7317 4870 1
7317 5994 0
7317 3353 0
7317 3354 0
7317 5981 0
7317 3986 0
16534 3757 0
16534 16534 0
16534 4870 1
16534 287 0
16534 7475 0
16534 861 0
16534 3986 0
6809 2604 1
6809 6809 0
6809 8867 0
6809 16146 0
6809 4916 0
6809 6977 0
6809 5994 0
6809 2418 1
6809 17323 0
6809 2500 0
6809 2501 0
6809 17363 0
6809 6614 0
12954 2594 0
12954 8881 0
12954 8542 0
12954 8267 0
12954 6977 0
12954 16031 0
12954 7851 0
12954 1741 0
12954 7893 0
12954 4966 0
12954 16308 0
12954 8477 0
12954 287 0
12954 18728 0
12954 7475 0
12954 827 0
12954 337 0
12954 338 0
12954 861 0
12954 1388 0
12954 2418 1
12954 8567 0
12954 2937 0
12954 2604 1
12954 5020 0
12954 3986 0
12954 5027 0
12954 5033 0
12954 2501 0
12954 17363 0
16031 16422 0
16031 8267 0
16031 1388 0
16031 8467 0
16031 5850 0
16031 18728 0
16031 8493 0
16031 4409 0
16031 2594 0
16031 2604 1
16031 8477 0
16031 8881 0
16031 13061 0
16031 4870 1
16031 861 0
16031 4966 0
16031 4969 0
16031 4971 0
16031 4990 0
16031 5004 0
16031 5020 0
16031 5027 0
16031 5033 0
16031 2937 0
16031 17363 0
16031 16031 0
16031 7851 0
16031 7858 0
16031 3802 0
16031 8024 0
16031 5981 0
16031 3986 0
8867 337 0
8867 338 0
8867 2458 0
8867 2594 0
8867 2604 1
8867 8867 0
8867 861 0
8867 5004 0
8867 5026 0
8867 7077 0
8867 13061 0
8867 1388 0
8867 3446 0
8867 16308 0
8867 7851 0
8867 1741 0
8867 7893 0
8867 3802 0
8867 8081 0
8867 3986 0
8867 18332 0
18085 8467 0
18085 1741 0
18085 5855 0
18085 16146 0
18085 3354 0
18085 7475 0
18085 6111 1
18085 6977 0
18085 2418 1
18085 16258 0
18085 3986 0
18085 4000 0
18085 7077 0
18085 2500 0
18085 2501 0
18085 17363 0
18085 6614 0
18085 16872 0
7851 16444 0
7851 8267 0
7851 1388 0
7851 2937 0
7851 8467 0
7851 8477 0
7851 12584 0
7851 8493 0
7851 8542 0
7851 8567 0
7851 6614 0
7851 2594 0
7851 2604 1
7851 4916 0
7851 6977 0
7851 861 0
7851 4966 0
7851 4969 0
7851 4971 0
7851 4990 0
7851 5004 0
7851 5020 0
7851 5027 0
7851 5033 0
7851 7465 0
7851 7475 0
7851 7851 0
7851 7858 0
7851 1741 0
7851 7893 0
7851 3802 0
7851 18728 0
7851 8024 0
7851 3986 0
7851 18332 0
7851 16308 0
3244 1294 1
3244 3986 1
3244 2937 1
3244 8477 1
3757 861 0
3757 8459 0
3757 1741 0
3757 5855 0
3757 16444 0
3757 337 0
3757 338 0
3757 8025 1
3757 4956 0
3757 4957 0
3757 4958 0
3757 2937 0
3757 3986 0
3757 5026 0
8477 8267 0
8477 2937 0
8477 16422 0
8477 287 0
8477 12584 0
8477 8493 0
8477 8542 0
8477 8567 0
8477 2458 0
8477 2594 0
8477 2604 1
8477 8881 0
8477 13061 0
8477 4916 0
8477 6977 0
8477 4956 0
8477 4957 0
8477 4958 0
8477 869 0
8477 4969 0
8477 4971 0
8477 4990 0
8477 5004 0
8477 5020 0
8477 5027 0
8477 5033 0
8477 861 0
8477 4966 0
8477 7465 0
8477 7475 0
8477 1388 0
8477 7666 1
8477 7858 0
8477 1741 0
8477 7893 0
8477 3802 0
8477 18728 0
8477 5981 0
8477 16241 0
8477 3986 0
8477 18332 0
8477 16308 0
3248 3248 0
3248 287 0
3248 12584 0
3248 2418 1
3248 4551 0
8881 8881 0
8881 8467 0
8881 5850 0
8881 18728 0
8881 8493 0
8881 4409 0
8881 4553 0
8881 2594 0
8881 2604 1
8881 4870 1
8881 861 0
8881 4966 0
8881 4969 0
8881 4971 0
8881 4990 0
8881 5004 0
8881 5027 0
8881 2937 0
8881 1259 0
8881 3353 0
8881 7475 0
8881 5469 0
8881 1388 0
8881 3446 0
8881 5033 0
8881 7858 0
8881 287 0
8881 1741 0
8881 3802 0
8881 5855 0
8881 5981 0
8881 5994 0
8881 16241 0
8881 3986 0
8881 18332 0
8881 4000 0
7858 16872 0
7858 2604 1
7858 861 0
7858 869 0
7858 16422 0
7858 7858 0
7858 2594 0
7858 7893 0
7858 3802 0
7858 17363 0
7858 9961 0
7858 18728 0
7858 13061 0
7858 8493 0
7858 12584 0
7858 7465 0
7858 6977 0
7858 4956 0
7858 4957 0
7858 4958 0
7858 4966 0
7858 4969 0
7858 5994 0
7858 4971 0
7858 1388 0
7858 16241 0
7858 2937 0
7858 4990 0
7858 5004 0
7858 3986 0
7858 2458 0
7858 5020 0
7858 5027 0
7858 5981 0
7858 5033 0
7858 16308 0
17323 5855 0
17323 4916 0
17323 8025 1
17323 6112 1
16063 8025 1
16063 16444 0
16063 4596 1
3270 287 1
3270 8459 1
3270 3270 2
3270 337 1
3270 338 1
8567 2594 0
8567 2604 1
8567 5981 0
8567 13061 0
8567 16444 0
8567 8267 0
8567 8542 0
8567 8467 0
8567 16422 0
8567 1741 0
8567 5850 0
8567 7893 0
8567 8493 0
8567 18728 0
8567 7475 0
8567 4916 0
8567 8025 1
8567 4956 0
8567 4957 0
8567 4958 0
8567 4966 0
8567 5994 0
8567 1388 0
8567 8567 0
8567 6977 0
8567 5004 0
8567 3986 0
8567 18332 0
8567 16308 0
8567 17363 0
1741 16444 0
1741 8267 0
1741 8459 0
1741 5850 0
1741 18728 0
1741 4409 0
1741 2458 0
1741 2500 0
1741 2501 0
1741 4551 0
1741 4553 0
1741 2594 0
1741 2604 1
1741 827 0
1741 861 0
1741 869 0
1741 4969 0
1741 4971 0
1741 4990 0
1741 5004 0
1741 5033 0
1741 7243 0
1741 4966 0
1741 2937 0
1741 1259 0
1741 3353 0
1741 3354 0
1741 7475 0
1741 5469 0
1741 1388 0
1741 3446 0
1741 7077 0
1741 1741 0
1741 3802 0
1741 5855 0
1741 8493 0
1741 8024 0
1741 8025 1
1741 5994 0
1741 16258 0
1741 6048 0
1741 6111 1
7893 4145 0
7893 7893 0
7893 3802 0
7893 287 0
7893 18728 0
7893 4409 0
7893 2501 0
7893 2594 0
7893 2604 1
7893 13061 0
7893 827 0
7893 4956 0
7893 4966 0
7893 4969 0
7893 4971 0
7893 2937 0
7893 5004 0
7893 5020 0
7893 5033 0
7893 7475 0
7893 1388 0
7893 5569 0
7893 16308 0
7893 5850 0
7893 5855 0
7893 8493 0
7893 8024 0
7893 5981 0
4312 4870 1
4312 3354 0
4312 2604 1
4312 2500 0
4312 4312 0
4312 3802 0
4312 1259 0
3802 16444 0
3802 12584 0
3802 8493 0
3802 4409 0
3802 337 0
3802 338 0
3802 2458 0
3802 6614 0
3802 13061 0
3802 2594 0
3802 2604 1
3802 4916 0
3802 827 0
3802 6977 0
3802 4956 0
3802 4957 0
3802 4958 0
3802 869 0
3802 4966 0
3802 4969 0
3802 4971 0
3802 4990 0
3802 5004 0
3802 5020 0
3802 5026 0
3802 5027 0
3802 5033 0
3802 17363 0
3802 861 0
3802 2937 0
3802 7465 0
3802 1350 0
3802 3446 0
3802 1388 0
3802 5569 0
3802 951 0
3802 3802 0
3802 5855 0
3802 18728 0
3802 5981 0
3802 5850 0
3802 3986 0
3802 16308 0
5855 4145 0
5855 5850 0
5855 18728 0
5855 337 0
5855 2418 1
5855 2458 0
5855 7243 0
5855 2500 0
5855 2501 0
5855 4551 0
5855 4553 0
5855 13061 0
5855 2594 0
5855 2604 1
5855 2793 0
5855 4916 0
5855 827 0
5855 4956 0
5855 861 0
5855 869 0
5855 4990 0
5855 5004 0
5855 4957 0
5855 8493 0
5855 4969 0
5855 17363 0
5855 5380 0
5855 3353 0
5855 3354 0
5855 7465 0
5855 1350 0
5855 5469 0
5855 3446 0
5855 5027 0
5855 5033 0
5855 7077 0
5855 8459 0
5855 4966 0
5855 5855 0
5855 16308 0
5855 8024 0
5855 5981 0
5855 5994 0
5855 16241 0
5855 16258 0
5855 6072 0
16422 2604 1
16422 1388 0
16422 2594 0
16422 800 0
16422 7475 0
16422 869 0
16422 4971 0
16422 2418 1
16422 2937 0
16422 5004 0
16422 3986 0
16422 951 0
16422 17363 0
9961 4870 1
1259 8459 0
1259 8467 0
1259 287 0
1259 2500 0
1259 2594 0
1259 2604 1
1259 13061 0
1259 861 0
1259 3353 0
1259 3354 0
1259 1350 0
1259 5469 0
1259 1388 0
1259 16241 0
1259 3986 0
1259 16308 0
1259 6111 1
12584 1388 0
12584 18728 0
12584 8493 0
12584 5850 0
12584 12584 0
12584 7465 0
12584 4409 0
12584 6111 1
12584 5004 0
12584 4956 0
12584 4957 0
12584 4958 0
12584 4966 0
12584 4969 0
12584 4971 0
12584 2937 0
12584 4990 0
12584 3986 0
12584 5020 0
12584 5027 0
12584 5033 0
6898 5380 1
5380 2604 1
5380 5380 0
5380 16146 0
5380 4916 0
5380 1350 0
5380 5981 0
5380 5994 0
5380 8081 0
5380 7243 0
5380 2500 0
5380 2501 0
13061 18728 0
13061 4409 0
13061 2501 0
13061 2594 0
13061 4870 1
13061 827 0
13061 4956 0
13061 4966 0
13061 4969 0
13061 2937 0
13061 4990 0
13061 5004 0
13061 13061 0
13061 7475 0
13061 5469 0
13061 1388 0
13061 16308 0
13061 8493 0
13061 5981 0
4870 4957 1
4870 5850 1
4870 2793 1
4870 861 1
4870 800 1
4870 4145 1
4870 827 1
4870 1350 1
4870 4956 1
4870 5981 1
4870 4958 1
4870 4971 1
4870 16872 1
4870 951 1
4870 17363 1
2604 8267 1
2604 1388 1
2604 8467 1
2604 18728 1
2604 337 1
2604 338 1
2604 8542 1
2604 6614 1
2604 16872 1
2604 2594 1
2604 2604 2
2604 4551 1
2604 827 1
2604 6977 1
2604 4956 1
2604 4957 1
2604 4958 1
2604 869 1
2604 2937 1
2604 5020 1
2604 5026 1
2604 861 1
2604 7465 1
2604 7475 1
2604 5469 1
2604 3446 1
2604 7556 1
2604 5569 1
2604 5027 1
2604 3354 1
2604 5850 1
2604 5981 1
2604 5994 1
2604 3986 1
2604 18332 1
2604 16308 1
8459 6614 0
8459 8025 1
1294 2418 1
1294 7556 0
16444 17363 0
16444 7475 0
16444 4916 0
16444 6977 0
16444 8467 0
16444 8024 0
16444 16444 0
16444 5994 0
16444 1388 0
16444 16241 0
16444 2418 1
16444 2937 0
16444 2500 0
16444 2501 0
16444 6614 0
16146 16146 0
16146 8025 1
16146 16258 0
16146 2500 0
16146 2501 0
16146 6614 0
16146 7077 0
16146 2418 1
8467 8267 0
8467 4409 0
8467 8542 0
8467 2793 0
8467 2501 0
8467 2594 0
8467 6977 0
8467 4971 0
8467 2937 0
8467 5020 0
8467 5026 0
8467 1388 0
8467 5569 0
8467 8467 0
8467 5981 0
8467 5994 0
8467 16308 0
8467 6112 1
3353 2418 1
3353 2500 0
3353 2501 0
3353 4551 0
3353 861 0
3353 869 0
3353 3353 0
3353 3354 0
3353 7666 1
3353 5850 0
3354 287 0
3354 18728 0
3354 2500 0
3354 4956 0
3354 861 0
3354 869 0
3354 5004 0
3354 7243 0
3354 3354 0
3354 7666 1
3354 5981 0
3354 6072 0
5850 2594 0
5850 4956 0
5850 4957 0
5850 4145 0
5850 16308 0
5850 4966 0
5850 4969 0
5850 5994 0
5850 7475 0
5850 5850 0
5850 287 0
5850 7465 0
5850 8493 0
5850 4916 0
5850 827 0
5850 6977 0
5850 861 0
5850 4958 0
5850 4971 0
5850 1388 0
5850 3986 0
5850 3446 0
5850 2937 0
5850 4990 0
5850 5004 0
5850 5027 0
5850 5033 0
287 287 0
287 8493 0
287 827 0
287 2594 0
287 2793 0
287 3446 0
287 4553 0
287 4916 0
287 4957 0
287 5994 0
287 6048 0
287 6111 1
287 6112 1
287 7556 0
287 16241 0
800 1388 0
800 2937 0
800 7465 0
800 8493 0
800 6977 0
800 869 0
800 4971 0
800 5020 0
800 5033 0
4145 4145 0
4145 4409 0
4145 2458 0
4145 2500 0
4145 827 0
4145 4956 0
4145 4957 0
4145 4958 0
4145 4966 0
4145 16872 0
4145 5027 0
4145 861 0
4145 7243 0
4145 4969 0
4145 1388 0
4145 3446 0
4145 8493 0
4145 5026 0
4145 5033 0
4145 5981 0
4145 8081 0
4145 3986 0
4145 18332 0
4145 16308 0
4145 6111 1
18728 8267 0
18728 1388 0
18728 2937 0
18728 8493 0
18728 338 0
18728 8542 0
18728 2458 0
18728 2594 0
18728 4956 0
18728 4957 0
18728 4958 0
18728 4969 0
18728 4971 0
18728 4990 0
18728 5004 0
18728 5020 0
18728 5027 0
18728 5033 0
18728 17363 0
18728 861 0
18728 4966 0
18728 7465 0
18728 7475 0
18728 18728 0
18728 16241 0
18728 8081 0
18728 3986 0
18728 18332 0
18728 16308 0
7465 1388 0
7465 2937 0
7465 17363 0
7465 6614 0
7465 8493 0
7465 4916 0
7465 6977 0
7465 4966 0
7465 4969 0
7465 4971 0
7465 4990 0
7465 5004 0
7465 3986 0
7465 5020 0
7465 5027 0
7465 5033 0
7465 16872 0
8493 5994 0
8493 1388 0
8493 2594 0
8493 2937 0
8493 4916 0
8493 6977 0
8493 4966 0
8493 4969 0
8493 4971 0
8493 4990 0
8493 5004 0
8493 3986 0
8493 5020 0
8493 5027 0
8493 5033 0
8493 16308 0
8493 951 0
8493 6111 1
7475 2594 0
7475 8542 0
7475 8267 0
7475 7475 0
7475 4916 0
7475 6977 0
7475 338 0
7475 8025 1
7475 4956 0
7475 4957 0
7475 4958 0
7475 1388 0
7475 3446 0
7475 3986 0
7475 16308 0
7475 2500 0
7475 2501 0
4916 1388 0
4916 3446 0
4916 2418 1
4916 2458 0
4916 2500 0
4916 2501 0
4916 4553 0
4916 6614 0
4916 2594 0
4916 4916 0
4916 827 0
4916 6977 0
4916 4956 0
4916 4966 0
4916 4971 0
4916 4990 0
4916 5004 0
4916 5027 0
4916 5033 0
4916 2937 0
4916 5569 0
4916 8024 0
4916 5981 0
1846 4596 1
1846 1846 0
4409 2418 1
4409 7556 0
4409 4409 0
4409 2458 0
4409 4551 0
4409 2793 0
4409 827 0
4409 6977 0
4409 4956 0
4409 861 0
4409 2937 0
4409 17363 0
4409 869 0
4409 5469 0
4409 1388 0
4409 5569 0
4409 5981 0
4409 3986 0
4409 16308 0
4409 6072 0
4409 6112 1
827 17363 0
827 4553 0
827 2793 0
827 827 0
827 4956 0
827 4957 0
827 4958 0
827 861 0
827 5469 0
827 5569 0
827 16308 0
827 5981 0
827 5994 0
827 3986 0
827 18332 0
6977 2418 1
6977 2500 0
6977 2501 0
6977 6614 0
6977 2594 0
6977 6977 0
6977 4969 0
6977 5027 0
6977 7077 0
6977 2937 0
6977 1388 0
6977 951 0
4000 2418 1
1350 5994 0
1350 1350 0
1350 5981 0
1350 2501 0
1350 3446 0
1350 7077 0
1350 2500 0
337 8024 0
337 2594 0
337 5981 0
337 4551 0
337 337 0
337 338 0
337 5469 0
337 4966 0
337 3446 0
337 2458 0
338 5469 0
338 338 0
338 2458 0
338 2501 0
338 4551 0
338 2594 0
338 4956 0
338 4966 0
338 4990 0
338 5004 0
338 5027 0
338 5033 0
338 2937 0
338 3446 0
338 8024 0
338 5981 0
8024 861 0
8024 16308 0
8024 8025 1
8024 5469 0
8024 1388 0
8024 16241 0
8024 3986 0
8024 6072 0
8024 6111 1
8025 8025 2
8025 869 1
8025 7556 1
8025 3986 1
8025 6072 1
8025 4553 1
4956 2418 1
4956 2594 0
4956 1388 0
4956 4956 0
4956 4957 0
4956 4958 0
4956 2937 0
4956 5004 0
4956 5020 0
4956 5027 0
4956 4966 0
4956 861 0
4956 18332 0
4956 5981 0
4956 8081 0
4956 3986 0
861 2418 1
861 4551 0
861 8267 0
861 2594 0
861 861 0
861 4969 0
861 2937 0
861 5004 0
861 5020 0
861 5027 0
861 8081 0
861 4957 0
861 4958 0
861 4966 0
861 4990 0
861 5469 0
861 1388 0
861 3446 0
861 5569 0
861 5033 0
861 5994 0
861 3986 0
861 6112 1
8542 2594 0
8542 8267 0
8542 2418 1
8542 1388 0
869 2594 0
869 5569 0
869 5469 0
869 869 0
869 3446 0
869 17363 0
4966 2937 0
4966 16308 0
4966 2418 1
4966 2458 0
4966 2594 0
4966 4957 0
4966 4958 0
4966 4969 0
4966 4971 0
4966 4990 0
4966 5004 0
4966 5020 0
4966 5027 0
4966 5033 0
4966 7243 0
4966 1388 0
4966 3446 0
4966 951 0
4966 3986 0
4966 18332 0
4966 6111 1
4969 2937 0
4969 2458 0
4969 2594 0
4969 4971 0
4969 4990 0
4969 5004 0
4969 5020 0
4969 5026 0
4969 5027 0
4969 5033 0
4969 7243 0
4969 1388 0
4969 16308 0
4969 5569 0
4969 5994 0
4969 3986 0
4969 951 0
4969 18332 0
4969 6111 1
5994 2418 1
5994 2500 0
5994 2594 0
5994 7243 0
5994 1388 0
5994 3446 0
5994 5994 0
4971 2937 0
4971 2501 0
4971 4553 0
4971 2594 0
4971 2793 0
4971 4971 0
4971 4990 0
4971 5004 0
4971 5020 0
4971 5027 0
4971 5033 0
4971 5469 0
4971 1388 0
4971 951 0
4971 3986 0
1388 8267 0
1388 1388 0
1388 2937 0
1388 2458 0
1388 16872 0
1388 2594 0
1388 4957 0
1388 4958 0
1388 4990 0
1388 5004 0
1388 5020 0
1388 5026 0
1388 5027 0
1388 5033 0
1388 3446 0
1388 5981 0
1388 16241 0
1388 3986 0
1388 18332 0
1388 16308 0
16241 2418 1
16241 2594 0
16241 2793 0
16241 2937 0
16241 3446 0
16241 7666 1
16241 16241 0
2418 8081 1
2418 2594 1
2418 4957 1
2418 7243 1
2418 2500 1
2418 5469 1
2418 4958 1
2418 3986 1
2418 2418 2
2418 3446 1
2418 4990 1
2418 16258 1
2418 18332 1
2418 5026 1
2418 7077 1
2418 5033 1
2418 1963 1
2418 6048 1
2418 2501 1
2418 4551 1
2418 8267 1
3446 2500 0
3446 6614 0
3446 2793 0
3446 2937 0
3446 5027 0
3446 17363 0
3446 5469 0
3446 3446 0
3446 5981 0
3446 6072 0
3446 6111 1
2793 8267 0
2793 4551 0
2793 5569 0
2793 6111 1
2937 16872 0
2937 2594 0
2937 4957 0
2937 4958 0
2937 4990 0
2937 5004 0
2937 5020 0
2937 5027 0
2937 5033 0
2937 17363 0
2937 18332 0
2937 3986 0
2937 16308 0
4990 5981 0
4990 18332 0
4990 2594 0
4990 5004 0
4990 5020 0
4990 5027 0
4990 5033 0
4990 951 0
16258 2500 0
16258 2501 0
16258 6614 0
16258 6111 1
7556 7556 0
7556 3986 0
4957 2594 0
4957 4958 0
4957 5004 0
4957 5020 0
4957 5027 0
4957 5981 0
5004 2594 0
5004 4958 0
5004 5020 0
5004 5027 0
5004 5033 0
5004 951 0
5004 5981 0
5004 3986 0
5004 16308 0
5004 6111 1
8081 8081 0
8081 6072 0
8081 6614 0
3986 8267 0
3986 16872 0
3986 2501 0
3986 2594 0
3986 3986 0
3986 4551 0
3986 5020 0
3986 5033 0
3986 5469 0
3986 5569 0
3986 5981 0
3986 6112 1
5469 5026 0
5469 7077 0
5469 5981 0
5469 5469 0
5469 6072 0
2458 2594 0
2458 17363 0
2458 5569 0
2458 5981 0
2458 2458 0
2458 5027 0
2458 5033 0
2458 7243 0
2458 951 0
2458 4596 1
18332 2594 0
18332 5020 0
18332 5027 0
6048 6048 0
6048 7666 1
2594 8267 0
2594 4553 0
2594 6614 0
2594 2594 0
2594 4958 0
2594 5020 0
2594 5026 0
2594 5027 0
2594 5033 0
2594 16308 0
5027 8267 0
5027 4958 0
5027 5020 0
5027 5026 0
5027 5033 0
5027 7243 0
5027 951 0
4958 4958 0
4958 5020 0
4958 5981 0
7077 5981 0
7077 7243 0
7077 7077 0
7077 2500 0
7077 2501 0
7077 7666 1
5981 2500 0
5981 5981 0
5981 7666 1
5981 16308 0
5020 5033 0
5020 951 0
5020 5026 0
5020 8267 0
1963 7666 1
16308 8267 0
16308 2501 0
16308 5569 0
16308 16308 0
951 5033 0
6072 6072 0
6072 4551 0
5569 5569 0
5569 17363 0
5569 6112 1
7243 7243 0
7243 5033 0
7243 7666 1
2500 2501 0
2500 6614 0
2500 16872 0
2500 17363 0
2500 2500 0
2500 6111 1
2501 6614 0
2501 16872 0
2501 2501 0
2501 17363 0
2501 6111 1
4551 4553 0
4551 4551 0
4553 4553 0
4553 4596 1
17363 6111 1
17363 6614 0
6614 6614 0
6614 6111 1
6111 6111 2
4596 4596 2
