2818 2818 2
2818 5254 1
2818 3561 1
2818 7035 1
2818 685 1
2818 8467 1
2818 19628 1
8067 12980 1
8067 8467 0
8067 290 1
8067 873 0
8067 8067 0
8067 3561 0
5254 8473 0
5254 5254 0
5254 3664 1
3853 9828 1
3853 4425 1
7960 16100 1
8467 4534 0
8467 669 0
8467 873 0
8467 1221 0
8467 3682 1
8467 9828 0
8467 8467 0
8467 5981 0
8473 12980 1
8473 7254 1
8473 8473 0
8473 3561 0
669 290 1
669 454 1
669 669 0
669 1221 0
669 1223 0
669 3561 0
669 1653 0
669 5981 0
290 9828 1
290 4371 1
290 290 2
290 1350 1
290 7035 1
290 4534 1
2212 16100 1
1350 1221 0
1350 4371 0
1350 1350 0
1350 5981 0
1350 873 0
1350 2500 0
1350 454 1
5159 5159 2
5159 685 1
5159 873 1
171 171 2
19628 454 1
685 1653 0
685 1221 0
685 1223 0
685 4534 0
8627 2500 1
8627 1221 1
8627 1223 1
8627 5981 1
20917 14915 1
20917 454 1
4534 4534 0
4534 873 0
4534 3561 0
4534 1653 0
4534 6139 1
9408 4425 1
2500 4371 0
2500 454 1
2500 873 0
2500 1221 0
2500 1223 0
2500 2500 0
2500 5981 0
1221 4371 0
1221 1221 0
1221 1223 0
1221 1653 0
1221 5981 0
1221 6139 1
454 4371 1
1223 5981 0
1223 6139 1
3664 3682 2
7254 7254 2
5981 3561 0
5981 3682 1
5981 4371 0
5981 5981 0
3682 873 1
3682 1653 1
3682 3561 1
9828 9828 0
3561 873 0
3561 1653 0
3566 3566 2
4371 4371 0
4371 873 0
1653 1653 0
1653 6139 1
873 873 0
