6147 6147 0
6147 8467 0
6147 8583 1
6147 2588 0
6147 2594 0
6147 2714 0
6147 2718 0
6147 2722 0
6147 14072 1
6147 4855 0
6147 4859 0
6147 13061 0
6147 2962 0
6147 13355 0
6147 5247 0
6147 1170 0
6147 1221 0
6147 3426 0
6147 5521 0
6147 5529 0
6147 1620 0
6147 3729 0
6147 5855 0
6147 3884 0
6147 3885 0
6147 3986 0
6147 1943 0
18085 8467 0
18085 2708 0
18085 2712 0
18085 2718 0
18085 2722 0
18085 1221 0
18085 2773 0
18085 3885 0
18085 5855 0
18085 4855 0
18085 4859 0
18085 3884 0
18085 5432 1
18085 8583 1
18085 3986 0
18085 5523 0
13061 4259 0
13061 238 0
13061 4534 0
13061 8613 1
13061 2594 0
13061 2708 0
13061 2722 0
13061 13061 0
13061 1197 0
13061 3426 0
13061 5521 0
13061 5529 0
13061 16031 0
13061 5855 0
13061 14072 1
8583 3986 1
8583 1943 1
8583 7851 1
8583 53 1
8583 735 1
8583 2773 1
8583 15803 1
8583 7165 1
940 4110 1
940 3353 1
940 287 1
940 870 1
940 238 1
18332 4259 0
18332 238 0
18332 350 1
18332 14072 1
18332 4624 0
18332 2594 0
18332 2712 0
18332 2718 0
18332 2722 0
18332 1620 0
18332 7851 0
395 3986 0
395 2722 0
395 4259 0
395 5432 1
395 5434 0
395 14072 1
395 238 0
4110 4110 0
4110 53 0
4110 4259 0
4110 287 0
4110 337 0
4110 14072 1
4110 4624 0
4110 2594 0
4110 2599 0
4110 2708 0
4110 2712 0
4110 4855 0
4110 1620 0
4110 2718 0
4110 2722 0
1197 2588 0
1197 6182 0
1197 1620 0
1197 1197 0
1197 1221 0
1197 5855 0
1197 4859 0
1197 2338 0
1197 5432 1
1197 2890 1
1197 337 0
1197 870 0
1197 5247 0
1197 5521 0
1197 5523 0
1197 7165 0
4624 4624 0
4624 2594 0
4624 1622 0
4624 870 0
4624 2712 0
4624 2714 0
4624 2718 0
4624 7165 0
4624 1221 0
4624 3885 0
4624 53 0
4624 350 1
4624 3729 0
4624 14072 1
4624 3986 0
4624 2722 0
5521 1620 0
5521 2718 0
5521 16031 0
5521 2722 0
5521 1221 0
5521 4859 0
5521 5432 1
5521 2890 1
5521 5434 0
5521 5521 0
5521 3986 0
5521 5523 0
3986 238 0
3986 735 0
3986 861 0
3986 1170 0
3986 1221 0
3986 1620 0
3986 2338 0
3986 14072 1
3986 2594 0
3986 2599 0
3986 2708 0
3986 2712 0
3986 2714 0
3986 2718 0
3986 2722 0
3986 2962 0
3986 3426 0
3986 3745 0
3986 3986 0
3986 4259 0
3986 4534 0
3986 4859 0
3986 5247 0
3986 5523 0
3986 5529 0
3986 6739 0
3986 16031 0
3986 7851 0
8467 4259 0
8467 5523 0
8467 4534 0
8467 2594 0
8467 2599 0
8467 6739 0
8467 2708 0
8467 2718 0
8467 2722 0
8467 873 0
8467 2962 0
8467 7165 0
8467 13355 0
8467 5247 0
8467 1221 0
8467 5432 1
8467 8467 0
8467 16031 0
8467 7851 0
8467 14072 1
8467 3885 0
2708 53 0
2708 287 0
2708 2599 0
2708 6739 0
2708 2712 0
2708 2714 0
2708 2718 0
2708 2722 0
2708 4855 0
2708 4859 0
2708 861 0
2708 873 0
2708 13355 0
2708 1221 0
2708 3353 0
2708 5412 0
2708 5432 1
2708 1620 0
2708 16031 0
2708 5855 0
2708 14072 1
2708 3884 0
3770 5432 1
3770 3770 0
3770 2773 0
3770 16169 1
1943 53 0
1943 7851 0
1943 2338 0
1943 8613 1
1943 2594 0
1943 2599 0
1943 2712 0
1943 2714 0
1943 2718 0
1943 2722 0
1943 873 0
1943 1221 0
1943 5432 1
1943 5434 0
1943 3426 0
1943 1620 0
1943 3729 0
1943 3745 0
1943 13355 0
1943 14072 1
1943 1943 0
1943 16031 0
2712 7851 0
2712 53 0
2712 287 0
2712 2338 0
2712 337 0
2712 2594 0
2712 2599 0
2712 6739 0
2712 2712 0
2712 2714 0
2712 2718 0
2712 2722 0
2712 2773 0
2712 4855 0
2712 4859 0
2712 861 0
2712 870 0
2712 2962 0
2712 873 0
2712 5247 0
2712 1170 0
2712 1314 1
2712 5412 0
2712 5432 1
2712 3426 0
2712 5529 0
2712 1620 0
2712 16031 0
2712 5855 0
2712 14072 1
2712 3884 0
2712 3885 0
3353 4259 0
3353 238 0
3353 2588 0
3353 861 0
3353 3353 0
3353 5412 0
3353 5432 1
3353 3729 0
3353 5855 0
2714 2714 0
2714 2338 0
2714 4534 0
2714 2594 0
2714 2599 0
2714 6739 0
2714 2718 0
2714 2722 0
2714 7165 0
2714 1170 0
2714 5432 1
2714 3426 0
2714 5523 0
2714 1620 0
2714 3729 0
2714 5855 0
2714 14072 1
2715 2599 0
2715 53 0
2715 2715 0
2715 5432 1
2715 350 1
2588 2588 0
2588 5855 0
2588 1314 1
2588 5432 1
2718 53 0
2718 287 0
2718 2338 0
2718 337 0
2718 5523 0
2718 4534 0
2718 2599 0
2718 6739 0
2718 2718 0
2718 2722 0
2718 4859 0
2718 861 0
2718 870 0
2718 873 0
2718 5247 0
2718 1221 0
2718 2594 0
2718 5412 0
2718 5432 1
2718 3426 0
2718 1620 0
2718 3729 0
2718 3745 0
2718 3768 0
2718 5855 0
2718 14072 1
2718 3884 0
2718 3885 0
2718 16031 0
2718 7165 0
287 53 0
287 287 0
287 870 0
287 1221 0
287 1620 0
287 2338 0
287 2594 0
287 2771 0
287 3426 0
287 3729 0
287 3745 0
287 13355 0
287 5247 0
287 5529 0
287 14072 1
287 6739 0
287 15803 0
5529 2594 0
5529 2599 0
5529 53 0
5529 8613 1
5529 16031 0
5529 14072 1
5529 7851 0
5529 5529 0
5529 3426 0
5529 13355 0
5529 6739 0
3745 53 0
3745 1367 1
3745 2338 0
3745 337 0
3745 4534 0
3745 2594 0
3745 2722 0
3745 13355 0
3745 861 0
3745 5247 0
3745 1221 0
3745 5432 1
3745 3426 0
3745 3745 0
3745 7851 0
3745 5855 0
3745 3884 0
3745 3885 0
1314 1314 2
1314 4534 1
1314 5432 2
1314 5434 1
4259 1620 0
4259 16031 0
4259 2722 0
4259 14072 1
4259 2771 0
4259 7851 0
4259 2338 0
4259 5432 1
4259 861 0
4259 3426 0
4259 3729 0
4259 238 0
4259 6739 0
5412 1622 0
5412 14072 1
5412 5412 0
5412 5432 1
8613 3729 1
8613 2594 1
8613 6182 1
8613 2599 1
8613 13355 1
8613 16031 1
8613 337 1
8613 6739 1
8613 3426 1
8613 2771 1
6182 861 0
6182 14072 1
2599 2594 0
2599 2599 0
2599 53 0
2599 6739 0
2599 7165 0
2599 2722 0
2599 2338 0
2599 861 0
2599 3426 0
2599 3729 0
2599 16031 0
2599 14072 1
3768 3768 0
3768 2773 0
3768 16169 1
3768 5432 1
3768 861 0
3768 5523 0
3768 4534 0
3242 5523 1
13355 14072 1
13355 1221 0
13355 5855 0
3884 6739 0
3884 2722 0
3884 3885 0
3884 238 0
3884 4859 0
3884 3884 0
3884 5432 1
3884 5523 0
3884 4534 0
3884 4855 0
3884 14072 1
3884 7165 0
3885 2722 0
3885 4855 0
3885 14072 1
3885 4859 0
3885 3885 0
3885 5432 1
3885 5523 0
3885 7165 0
53 53 0
53 2338 0
53 337 0
53 2594 0
53 2722 0
53 870 0
53 873 0
53 861 0
53 5247 0
53 1170 0
53 1367 1
53 6739 0
53 3729 0
53 16031 0
53 7851 0
53 5855 0
2722 238 0
2722 2338 0
2722 5523 0
2722 2594 0
2722 6739 0
2722 2722 0
2722 4859 0
2722 861 0
2722 2962 0
2722 873 0
2722 5247 0
2722 1170 0
2722 1221 0
2722 5432 1
2722 3426 0
2722 1620 0
2722 3729 0
2722 16031 0
2722 7851 0
2722 5855 0
2722 14072 1
5432 2338 1
5432 4534 1
5432 735 1
5432 4855 1
5432 4859 1
5432 2887 1
5432 861 1
5432 873 1
5432 2962 1
5432 7165 1
5432 5247 1
5432 1170 1
5432 1221 1
5432 5432 2
5432 5434 1
5432 5523 1
5432 1620 1
5432 1622 1
5432 3729 1
5432 5855 1
5432 14072 2
5434 735 0
5434 5855 0
5434 4859 0
5434 2962 0
16031 238 0
16031 14072 1
16031 2594 0
16031 6739 0
16031 861 0
16031 7165 0
16031 3426 0
16031 16031 0
16031 7851 0
735 861 0
735 735 0
7851 2338 0
7851 2594 0
7851 6739 0
7851 4855 0
7851 861 0
7851 15803 0
7851 7851 0
7851 14072 1
1221 3426 0
1221 337 0
1221 2594 0
1221 4855 0
1221 4859 0
1221 861 0
1221 870 0
1221 1221 0
1221 1367 1
1221 1620 0
1221 1622 0
1221 3729 0
1221 5855 0
4534 4534 0
4534 4859 0
4534 873 0
4534 870 0
4534 5247 0
4534 1620 0
4534 5855 0
1170 2338 0
1170 2962 0
1170 5247 0
1170 1620 0
1170 5855 0
1170 14072 1
2887 1622 0
2887 2887 0
2887 2890 1
2887 5247 0
2890 2338 1
2890 2890 2
2890 5247 1
2338 238 0
2338 2338 0
2338 2594 0
2338 6739 0
2338 14072 1
2338 4855 0
2338 2962 0
2338 5247 0
2338 3426 0
2338 1620 0
2594 337 0
2594 2594 0
2594 6739 0
2594 2771 0
2594 861 0
2594 3426 0
2594 5855 0
2594 14072 1
337 1620 0
337 14072 1
337 5855 0
337 337 0
2771 14072 1
2771 238 0
1620 5523 0
1620 14072 1
1620 2962 0
1620 5247 0
1620 1620 0
1620 1622 0
1620 5855 0
2773 2773 0
2773 861 0
2773 14072 1
1622 5855 0
1622 1367 1
1622 15803 0
1622 873 0
1622 4859 0
861 14072 1
861 4855 0
861 861 0
861 870 0
861 3426 0
861 5855 0
5855 7165 0
5855 14072 1
5855 4859 0
5855 870 0
5855 873 0
5855 3729 0
5855 5855 0
6739 238 0
6739 6739 0
6739 14072 1
3426 238 0
3426 14072 1
3426 873 0
3426 3426 0
15803 14072 1
870 4855 0
870 14072 1
870 870 0
870 5523 0
3729 4859 0
3729 873 0
3729 7165 0
3729 3729 0
873 14072 1
873 4859 0
873 873 0
2962 5247 0
2962 238 0
2962 14072 1
238 14072 1
238 4859 0
5523 4859 0
5523 5523 0
4855 4855 0
4855 4859 0
4855 7165 0
4855 14072 1
14072 5247 1
14072 4859 1
4859 4859 0
4859 7165 0
7165 7165 0
