19844 4119 1
19844 1176 1
15752 4119 1
15752 1176 1
7317 4119 1
7317 4141 0
7317 2712 0
7317 1176 1
7317 3895 0
11977 4119 1
11977 1176 1
2059 2059 0
2059 2444 1
2059 2718 0
2059 15893 0
2059 5957 1
2444 4170 1
2444 4179 1
4622 4657 0
4622 7741 1
4622 7753 0
4622 4622 0
4622 2712 0
4622 15893 0
4622 1176 1
4141 4119 1
4141 7741 1
1176 7753 1
1176 1646 1
1176 1687 1
1176 18098 1
1176 8415 1
1176 7402 1
1176 18165 1
1176 5423 1
1176 5428 1
1176 3895 1
1176 18254 1
1176 11088 1
1176 13158 1
1176 15231 1
1176 8096 1
1176 19270 1
1176 5558 1
1176 15309 1
1176 15324 1
174 7741 1
174 174 0
174 16360 1
1687 4119 1
1687 15324 0
1687 1687 0
2712 16628 1
2712 2712 0
2712 2718 0
2712 6910 0
2712 4657 0
2712 7741 1
7069 4119 1
7069 2941 1
2718 16628 1
2718 2718 0
2718 7741 1
8096 4119 1
8096 3895 0
8228 4119 1
8228 16360 1
3757 7741 1
3757 11088 0
3757 2941 1
7982 15893 0
7982 7741 1
7982 18098 0
7982 2941 1
5423 4119 1
4657 4960 1
4657 16360 1
18098 4119 1
18098 4179 0
18098 18098 0
18098 6910 0
5428 4119 1
5428 5428 0
5558 4119 1
3895 4119 1
3895 18165 0
3895 19270 0
4119 15893 1
4119 4119 2
4119 7753 1
4119 4170 1
4119 6765 1
4119 10351 1
4119 8415 1
4119 7402 1
4119 15231 1
4119 6910 1
4119 11088 1
4119 13158 1
4119 18165 1
4119 15309 1
4119 18254 1
4119 15324 1
4119 2526 1
7741 4179 1
7741 6765 1
7741 1646 1
7741 10351 1
7741 15893 1
7741 6910 1
7741 2526 1
19270 16628 1
19270 15231 0
18254 18254 0
4179 4179 0
11094 11094 2
15324 15324 0
8415 8415 0
6765 6765 0
15231 15231 0
2941 2941 2
6910 6910 0
15893 15893 0
