6147 6147 0
6147 6162 0
6147 4207 0
6147 338 0
6147 8548 0
6147 4463 0
6147 4497 0
6147 6583 0
6147 2604 0
6147 8768 0
6147 2718 0
6147 6867 0
6147 11038 1
6147 5016 0
6147 5034 0
6147 988 0
6147 1177 1
6147 1218 0
6147 1224 0
6147 1605 0
6147 1712 0
6147 1779 0
6147 8112 0
6147 2382 0
13833 4644 0
13833 1177 1
13833 4812 0
13833 11038 1
13833 7670 1
6162 6162 0
6162 4129 0
6162 338 0
6162 6583 0
6162 8768 0
6162 6741 0
6162 2703 0
6162 2718 0
6162 8867 0
6162 11038 1
6162 5016 0
6162 1177 1
6162 5882 0
6162 8112 0
6162 7165 0
4129 2604 0
4129 4662 0
4129 19002 0
4129 8768 0
4129 1177 1
4129 2718 0
4129 7858 0
4129 6867 0
4129 11038 1
4129 8578 0
4129 8112 0
4643 4644 0
4643 4648 0
4643 4655 0
4643 2703 0
4643 1177 1
4643 11038 1
4643 8578 0
4643 8112 0
4644 4644 0
4644 4648 0
4644 4655 0
4644 1160 0
4644 2703 0
4644 1177 1
4644 4812 0
4644 3112 1
4644 11038 1
4644 5432 0
4644 4946 0
4644 8112 0
4644 5072 0
3112 1687 1
3112 1371 1
3112 3112 2
3112 4662 1
3112 10304 1
3112 1218 1
3112 6867 1
3112 1779 1
3112 7668 2
41 2604 0
41 7084 0
41 1177 1
41 11038 1
41 41 0
41 8112 0
41 5183 0
41 2382 0
2604 338 0
2604 8623 0
2604 2604 0
2604 4662 0
2604 19002 0
2604 6741 0
2604 8867 0
2604 11038 1
2604 7165 0
2604 1177 1
2604 3336 0
2604 7475 0
2604 1591 0
2604 7858 0
2604 8112 0
2604 16354 0
4655 4648 0
4655 1591 0
4655 2703 0
4655 1177 1
4655 11038 1
4655 8112 0
4662 4662 0
4662 6741 0
4662 1177 1
4662 1712 0
4662 7858 0
4662 338 0
1591 2382 0
1591 338 0
1591 8768 0
1591 6741 0
1591 2703 0
1591 2718 0
1591 8867 0
1591 6867 0
1591 11038 1
1591 4971 0
1591 5016 0
1591 5034 0
1591 988 0
1591 1177 1
1591 4648 0
1591 7475 0
1591 1349 0
1591 1371 0
1591 3428 0
1591 1591 0
1591 1605 0
1591 1636 0
1591 1687 0
1591 1712 0
1591 7858 0
1591 16354 0
19002 1177 1
19002 11038 1
19002 7095 1
19002 7096 0
19002 1218 0
19002 988 0
19002 1636 0
19002 4207 0
3935 6401 1
3935 5432 1
5183 6741 0
5183 1636 0
5183 1177 1
5183 1224 0
5183 11038 1
5183 338 0
8768 6378 0
8768 4463 0
8768 5882 0
8768 8768 0
8768 6741 0
8768 2721 0
8768 8867 0
8768 6867 0
8768 11038 1
8768 5016 0
8768 988 0
8768 1177 1
8768 5277 0
8768 4648 0
8768 7475 0
8768 1687 0
8768 1712 0
8768 7858 0
8768 8112 0
8768 16354 0
1605 8112 0
1605 1605 0
1605 6741 0
1605 1636 0
1605 4971 0
1605 1687 0
1605 1177 1
1605 2718 0
1605 8867 0
1605 11038 1
1605 1371 0
1605 3428 0
1605 4480 0
1605 5016 0
1605 5034 0
1605 338 0
4168 3336 1
4168 4168 2
6583 1177 1
6583 1218 0
6583 6867 0
6583 11038 1
6583 7475 0
6583 8548 0
6583 8112 0
2124 2124 0
2124 1177 1
2124 1712 0
2124 11038 1
2124 2755 0
2124 1349 0
2124 3400 0
2124 6582 0
3662 3662 0
3662 1177 1
3662 2718 0
3662 11038 1
6741 8548 0
6741 4463 0
6741 6582 0
6741 8654 0
6741 6741 0
6741 2703 0
6741 2718 0
6741 2721 0
6741 6867 0
6741 11038 1
6741 5016 0
6741 5034 0
6741 7165 0
6741 1177 1
6741 5277 0
6741 18289 0
6741 1349 0
6741 3400 0
6741 1371 0
6741 3428 0
6741 1636 0
6741 1712 0
6741 7858 0
6741 1779 0
6741 8031 0
6741 18288 0
6741 8160 0
8548 3431 0
8548 1177 1
8548 760 0
8548 11038 1
8548 4478 0
8548 4497 0
8548 8112 0
8548 8654 0
8548 7165 0
1636 1637 0
1636 1177 1
1636 11038 1
1636 8112 0
1637 1637 0
1637 1177 1
1637 11038 1
1637 2718 0
1637 8160 0
4207 9874 0
4207 1177 1
4207 11038 1
4207 988 0
4207 7095 1
4207 7096 0
4207 12095 0
4207 1218 0
4207 1224 0
4207 7140 0
4207 12527 0
4207 7165 0
1160 6867 0
1160 335 1
1160 8623 0
1160 4550 0
1160 4812 0
1160 7084 0
1160 5072 0
1160 1160 0
1160 3336 0
1160 1687 0
1160 5432 0
1160 3944 1
1218 10304 0
1218 9874 0
1218 1177 1
1218 8867 0
1218 1218 0
1218 1224 0
1218 11038 1
1218 335 1
1218 4946 0
1218 8031 0
1218 4463 0
1218 4489 0
1218 4490 0
1218 4497 0
1218 12527 0
1218 7095 1
1218 7096 0
1218 7670 1
2703 6401 0
2703 338 0
2703 4648 0
2703 2703 0
2703 2718 0
2703 2721 0
2703 8867 0
2703 11038 1
2703 1177 1
2703 1779 0
2703 5882 0
9874 335 1
9874 18289 0
9874 7670 1
9874 1177 1
1687 6401 0
1687 335 1
1687 4547 0
1687 4550 0
1687 2721 0
1687 4812 0
1687 7084 0
1687 7670 1
1687 5072 0
1687 7165 0
1687 5432 0
1687 1371 0
1687 3428 0
1687 1687 0
1687 5882 0
1687 3944 1
1687 16354 0
1177 8623 1
1177 7095 2
1177 1177 2
1177 5277 1
1177 8867 1
1177 18289 1
1177 16043 1
1177 1712 1
1177 7858 1
1177 2755 1
1177 1224 1
1177 6867 1
1177 6378 1
1177 12527 1
1177 4648 1
1177 760 1
1177 5882 1
1177 6401 1
1177 11038 2
1177 1824 1
1177 7475 1
1177 12095 1
1177 1349 1
1177 3400 1
1177 335 2
1177 8031 1
1177 3428 1
1177 3431 1
1177 3944 2
1177 4971 1
1177 18288 1
1177 4478 1
1177 4480 1
1177 10304 1
1177 8578 1
1177 1927 1
1177 4489 1
1177 4490 1
1177 4497 1
1177 5016 1
1177 5034 1
1177 8112 1
1177 6582 1
1177 7096 1
1177 4547 1
1177 7670 2
1177 4550 1
1177 8654 1
1177 988 1
1177 8160 1
1177 7140 1
1177 7165 1
5277 2718 0
5277 6867 0
5277 11038 1
5277 4463 0
5277 18288 0
5277 18289 0
5277 5277 0
5277 8160 0
5277 7165 0
2718 335 1
2718 4497 0
2718 4547 0
2718 4550 0
2718 2718 0
2718 11038 1
2718 18289 0
2718 3336 0
2718 7475 0
2718 5432 0
2718 1349 0
2718 3400 0
2718 5016 0
2718 1712 0
2718 5882 0
2718 1824 0
2718 3944 1
2718 1927 0
2718 8112 0
2718 2382 0
2718 8160 0
2718 16354 0
2718 7165 0
2721 2721 0
2721 1712 0
2721 335 1
2721 3944 1
8867 16043 0
8867 338 0
8867 4547 0
8867 8867 0
8867 11038 1
8867 5016 0
8867 1824 0
16043 6582 0
16043 11038 1
16043 7668 1
1712 8112 0
1712 1712 0
1712 7858 0
1712 2755 0
1712 1779 0
1712 11038 1
1712 1349 0
1712 3400 0
1712 4971 0
1712 5016 0
2248 2743 1
2248 2248 0
2248 14198 1
7858 8623 0
7858 7858 0
7858 6867 0
7858 11038 1
7858 4971 0
7858 4463 0
7858 5016 0
2743 4497 1
2743 2242 1
2743 338 1
2743 3336 1
2743 7018 1
2743 8439 1
2242 4648 0
2242 2242 0
2242 7403 1
2242 1927 0
2755 11038 1
2755 1349 0
2755 3400 0
1224 1224 0
1224 6401 0
1224 1779 0
1224 4480 0
1224 3336 0
1224 2382 0
1224 335 1
1224 3944 1
1224 4463 0
1224 4489 0
1224 4490 0
1224 12527 0
1224 7096 0
1224 5072 0
1224 988 0
1224 16354 0
1224 10304 0
1224 7670 1
1224 7165 0
4812 7084 0
4812 4812 0
4812 6378 0
4812 6867 0
4812 5432 0
4812 335 1
4812 3944 1
4812 1779 0
4812 4550 0
4812 5072 0
4812 16354 0
4812 7670 1
6867 4648 0
6867 5882 0
6867 4463 0
6867 6867 0
6867 8112 0
6867 4547 0
8408 338 1
6378 6378 0
6378 1779 0
6378 5882 0
6378 11038 1
6378 1349 0
6378 3428 0
6378 7573 0
6378 8112 0
6378 6582 0
7403 7403 2
12527 4480 0
12527 4489 0
12527 4490 0
12527 12527 0
12527 11038 1
12527 7096 0
12527 10304 0
12527 2382 0
12527 335 1
12527 4946 0
12527 8031 0
12527 3944 1
12527 4463 0
12527 1779 0
12527 7670 1
4648 11038 1
4648 8112 0
1779 8623 0
1779 1779 0
1779 11038 1
1779 7475 0
1779 7084 0
1779 8112 0
1779 8160 0
1779 16354 0
1779 7165 0
8439 14198 1
8439 8439 0
8439 3336 0
8439 8623 0
760 11038 1
760 1824 0
760 338 0
760 4478 0
760 8112 0
760 8654 0
760 7165 0
5882 2382 0
5882 11038 1
5882 5016 0
5882 5882 0
5882 1927 0
6401 6401 0
6401 2382 0
3336 3336 0
3336 4971 0
3336 8623 0
3336 4547 0
11038 7095 2
11038 3431 1
11038 18288 1
11038 18289 1
11038 10304 1
11038 11038 2
11038 1824 1
11038 7475 1
11038 4489 1
11038 12095 1
11038 1349 1
11038 3400 1
11038 2382 1
11038 335 2
11038 1371 1
11038 3428 1
11038 3944 2
11038 4971 1
11038 4478 1
11038 7573 1
11038 4480 1
11038 8578 1
11038 1927 1
11038 4490 1
11038 4497 1
11038 5016 1
11038 8112 1
11038 5034 1
11038 8623 1
11038 6582 1
11038 7096 1
11038 4547 1
11038 4550 1
11038 8654 1
11038 988 1
11038 8160 1
11038 7140 1
11038 7165 1
11038 7670 2
1824 1824 0
1824 338 0
1824 8112 0
1824 988 0
1824 16354 0
7475 7475 0
7475 2382 0
7475 338 0
7475 8112 0
7475 4547 0
5432 4547 0
5432 4550 0
5432 4971 0
5432 7095 1
5432 5072 0
5432 7140 0
5432 7165 0
5432 5432 0
12095 12095 0
1349 3400 0
3400 8112 0
2382 10304 0
2382 2382 0
2382 335 1
2382 4463 0
2382 4489 0
2382 4547 0
2382 4550 0
2382 5072 0
2382 7165 0
2382 7668 1
2382 7670 1
335 7084 1
335 7095 2
335 5072 1
335 4946 1
335 16354 1
335 3944 2
335 4463 1
335 7670 2
4946 4480 0
4946 4489 0
4946 4490 0
4946 7096 0
4946 10304 0
4946 8031 0
4946 4463 0
4946 3944 1
4946 7670 1
4946 16890 0
1371 5016 0
1371 5034 0
1371 7165 0
1371 1371 0
1371 3428 0
1371 8112 0
8031 8031 0
8031 7668 1
8031 7670 1
3428 3428 0
3428 3431 0
3428 5016 0
3428 5034 0
3428 8112 0
3431 3431 0
3431 7140 0
3944 7084 1
3944 5072 1
3944 16890 1
3944 7670 2
7018 7018 0
7018 14198 1
4971 4971 0
4971 5016 0
4971 5034 0
4463 4463 0
4463 4490 0
4463 4547 0
4463 4550 0
4463 7670 1
4463 1927 0
4463 8112 0
18289 7573 0
21362 7573 1
14198 14198 2
4478 10304 0
4478 4480 0
4478 4489 0
4478 4490 0
4478 8654 0
4480 10304 0
4480 4480 0
4480 4489 0
4480 4490 0
4480 7670 1
10304 4490 0
10304 10304 0
10304 5072 0
10304 7096 0
10304 16354 0
10304 7670 1
8578 8578 0
8578 8112 0
1927 338 0
1927 988 0
4489 7670 1
4490 4490 0
4490 7670 1
4497 4497 0
7573 7573 0
5016 338 0
5016 4550 0
5016 5034 0
5016 8112 0
5016 16354 0
5034 8112 0
7084 7084 0
7084 16354 0
7084 7670 1
8623 8623 0
8623 4550 0
8112 8654 0
8112 7668 1
8112 8112 0
6582 6582 0
7095 7096 1
7095 7670 2
7096 7140 0
7096 7670 1
7096 7165 0
4547 4547 0
4547 988 0
4550 338 0
4550 4550 0
4550 5072 0
5072 7670 1
5072 5072 0
988 338 0
988 988 0
8160 8160 0
8160 16354 0
16354 338 0
16354 16354 0
16354 7670 1
338 338 0
7668 7668 2
7670 7670 2
7670 16890 1
7165 7165 0
