529 529 2
529 2718 1
529 2981 1
529 2500 1
529 2501 1
529 1653 1
529 15996 1
729 6147 0
729 1170 0
729 4300 0
729 729 0
729 14009 0
729 1840 1
729 2981 0
729 5981 0
729 12577 1
729 5885 0
972 6147 0
972 7726 0
972 1653 0
972 8327 1
972 2718 0
972 5832 1
972 5828 0
972 5855 0
972 4855 0
972 4859 0
972 5885 0
972 3884 0
972 3885 0
972 3886 0
972 6792 0
972 2418 1
972 2976 0
972 972 0
1170 6147 0
1170 4300 0
1170 7391 1
1170 5524 1
1170 5855 0
1170 5981 0
1343 4340 1
1653 1653 0
1653 2501 0
1653 4916 0
1653 13355 0
1653 5828 0
1653 5832 1
1653 5855 0
1653 6147 0
1653 6739 0
1840 3248 1
1840 4300 1
2069 2069 0
2069 13355 0
2069 5855 0
2069 7391 1
2069 2418 1
2418 13355 1
2418 7243 1
2418 6252 1
2418 15996 1
2418 6792 1
2418 2500 1
2418 13474 1
2418 3248 1
2418 5855 1
2418 4855 1
2418 4859 1
2418 5885 1
2418 21378 1
2418 3884 1
2418 3885 1
2418 3886 1
2418 4916 1
2418 2418 2
2418 2501 1
2418 4550 1
2418 3036 1
2418 6739 1
2500 2501 0
2500 2718 0
2500 4859 0
2500 4916 0
2500 2500 0
2500 15996 0
2500 5855 0
2500 3884 0
2500 3886 0
2500 5981 0
2501 2718 0
2501 2501 0
2501 4859 0
2501 4916 0
2501 13355 0
2501 7726 0
2501 15996 0
2501 5855 0
2501 3884 0
2501 3886 0
2718 6147 0
2718 5832 1
2718 19837 0
2718 4550 0
2718 6739 0
2718 6792 0
2718 2718 0
2718 4859 0
2718 2976 0
2718 2981 0
2718 3036 0
2718 7726 0
2718 5855 0
2718 3884 0
2718 3885 0
2921 2921 2
2921 2923 1
2921 2924 1
2923 2924 0
2923 5524 1
2924 2924 0
2924 5524 1
2924 3036 0
2976 6147 0
2976 6739 0
2976 6792 0
2976 5832 1
2976 5885 0
2976 5981 0
2976 2976 0
2976 9694 1
2981 5524 1
2981 3884 0
2981 5981 0
2981 4859 0
3036 6792 0
3036 4300 0
3036 4340 0
3036 5885 0
3036 3036 0
3036 3886 0
3036 5524 1
3036 4550 0
3248 3248 0
3884 6147 0
3884 8327 1
3884 6792 0
3884 6739 0
3884 3885 0
3884 4859 0
3884 7726 0
3884 3884 0
3884 3886 0
3884 19837 0
3884 4855 0
3884 10712 0
3885 6147 0
3885 6792 0
3885 5832 1
3885 4855 0
3885 4859 0
3885 7726 0
3885 8327 1
3885 3885 0
3885 3886 0
3885 5981 0
3885 19837 0
3886 6147 0
3886 5981 0
3886 8327 1
3886 6792 0
3886 5828 0
3886 4300 0
3886 5855 0
3886 4855 0
3886 4859 0
3886 7726 0
3886 3886 0
3886 19837 0
4300 5981 0
4300 6739 0
4300 8327 1
4300 4300 0
4300 4340 0
4340 7391 1
4340 4340 0
4340 5855 0
4550 8327 1
4550 4550 0
4550 4859 0
4550 5855 0
4787 4787 0
4787 5832 1
4787 5855 0
4787 4855 0
4787 5885 0
4787 7391 1
4787 5981 0
4855 6147 0
4855 8327 1
4855 6792 0
4855 4855 0
4855 4859 0
4855 19837 0
4855 7726 0
4855 5828 0
4859 6147 0
4859 8327 1
4859 6792 0
4859 4859 0
4859 4916 0
4859 19837 0
4859 9694 1
4859 7726 0
4859 5828 0
4859 5855 0
4859 5981 0
4916 6147 0
4916 15371 1
4916 4916 0
4916 15996 0
4916 5855 0
4916 5981 0
5524 5524 2
5524 7243 1
5828 6792 0
5828 5828 0
5828 5832 1
5828 8327 1
5828 5981 0
5828 19837 0
5832 7726 1
5832 8327 2
5832 6792 1
5832 5832 2
5832 7888 1
5832 5855 1
5832 5885 1
5832 8450 1
5832 18733 1
5832 5981 1
5832 19837 1
5832 21378 1
5832 7117 1
5832 10712 1
5855 6147 0
5855 7243 0
5855 13355 0
5855 7391 1
5855 15950 0
5855 15996 0
5855 5855 0
5855 5981 0
5885 7117 0
5885 5885 0
5885 6792 0
5885 5981 0
5981 8327 1
5981 18733 0
5981 10712 0
5981 19837 0
5981 5981 0
5981 6739 0
5981 6792 0
5981 7117 0
5981 7726 0
6147 6147 0
6147 19837 0
6147 8432 0
6147 8327 1
6147 21378 0
6147 13355 0
6147 6792 0
6147 7391 1
6252 7391 1
6739 14009 0
6739 7243 0
6739 6739 0
6739 15371 1
6792 8327 1
6792 18733 0
6792 6792 0
6792 7117 0
6792 19837 0
6792 7726 0
6792 7888 0
7117 7726 0
7117 8327 1
7117 8450 0
7117 18733 0
7117 19837 0
7117 7117 0
7117 10712 0
7243 7243 0
7391 7391 2
7726 8327 1
7726 18733 0
7726 19837 0
7726 7726 0
7888 8327 1
7888 7888 0
8327 8450 1
8327 15950 1
8327 8327 2
8327 14009 1
8327 8432 1
8327 18733 1
8327 19837 1
8327 10712 1
8432 15996 0
8432 8450 0
8432 12577 1
8450 10712 0
12577 15950 1
12577 15996 1
12577 13474 1
12577 14009 1
12577 12577 2
13355 15371 1
13355 15996 0
14009 14009 0
15950 19837 0
15996 15996 0
18733 18733 0
18733 19837 0
19837 19837 0
21378 21378 0
