8195 6150 1
8195 4110 1
8195 2600 1
8195 13355 1
8195 8768 1
8195 1620 1
8195 1653 1
8195 129 1
8195 3729 1
8195 4259 1
8195 8883 1
8195 9919 1
8195 2771 1
8195 3808 1
8195 19690 1
8195 237 1
8195 303 1
8195 7480 1
8195 5981 1
8195 3426 1
8195 1379 1
8195 5497 1
8195 2938 1
8195 393 1
8195 3986 1
8195 4499 1
8195 18332 1
8195 18852 1
8195 14072 1
8195 21486 1
6150 1146 1
6150 287 0
6150 4402 0
6150 18796 0
6150 7626 0
3671 3840 1
3671 3841 0
3671 19331 0
3671 12933 0
3671 18796 0
3671 1290 0
3671 20101 0
3671 10315 0
3671 6040 0
3671 6041 0
3671 6042 0
3671 12956 1
3671 6045 0
3671 16159 0
3671 6043 0
3671 8871 0
3671 15004 0
3671 3677 0
3671 15412 0
3671 3654 0
3671 3809 0
3671 5885 0
3671 3659 0
3671 1750 0
3671 3671 0
3671 3672 0
3671 9828 0
3671 3675 0
3671 3805 1
3671 3806 0
3671 3807 0
3671 3808 0
3671 13135 0
3671 3811 0
3671 3812 0
3671 3813 0
3671 3815 0
3671 3816 0
3671 3817 0
3671 3818 0
3671 3819 0
3671 3820 1
3671 3821 0
3671 3822 0
3671 3823 0
3671 3824 0
3671 3825 0
3671 3826 1
3671 3827 0
3671 3828 0
3671 3829 0
3671 3830 1
3671 3831 1
3671 3833 1
3671 3834 1
3671 3835 1
3671 3836 0
3671 3837 1
3671 3839 0
4110 4110 0
4110 2115 0
4110 19029 0
4110 4259 0
4110 237 0
4110 8438 0
4110 287 0
4110 421 0
4110 2472 0
4110 448 0
4110 14072 0
4110 2600 0
4110 8768 0
4110 1147 0
4110 1361 1
4110 1620 0
4110 1653 0
4110 3816 0
4110 3831 1
4110 3833 1
4110 3835 1
4110 5981 0
4110 2705 0
4110 6069 0
4110 6070 0
4110 4095 0
6165 2115 0
6165 4256 0
6165 187 0
6165 6165 0
6165 8467 0
6165 287 0
6165 303 0
6165 364 1
6165 418 0
6165 2600 0
6165 6739 0
6165 2705 0
6165 14072 0
6165 1022 0
6165 1146 1
6165 5254 0
6165 3236 0
6165 8738 0
6165 3426 0
6165 8768 0
6165 3561 0
6165 1573 0
6165 5712 0
6165 1620 0
6165 5864 0
6165 3848 0
6165 5981 0
6165 3986 0
6165 1943 0
6165 18332 0
6165 8112 0
6165 6065 0
6165 4095 0
25 13185 0
25 2695 0
25 8835 0
25 19226 0
25 2333 0
25 2334 0
25 2335 0
25 2336 0
25 18759 0
25 1572 0
25 1573 0
25 2470 0
25 2472 0
25 45 0
25 29 1
25 19760 1
25 30 0
25 31 0
25 11197 0
25 711 0
25 457 0
25 5712 0
25 6627 0
25 5412 0
25 1626 0
25 3806 0
25 5413 0
25 3812 0
25 5414 0
25 4095 0
29 29 2
29 30 1
29 31 1
29 1572 1
29 1573 1
29 45 1
29 5712 1
29 6739 1
29 1626 1
29 2144 1
29 8835 1
29 2695 1
29 4763 1
29 4259 1
29 3236 1
29 9919 1
29 711 1
29 15590 1
29 13185 1
29 1813 1
29 19226 1
29 2333 1
29 2334 1
29 2335 1
29 2336 1
29 5412 1
29 5413 1
29 5414 1
29 19760 2
29 18759 1
29 1361 2
29 1379 1
29 12669 1
29 7041 1
29 393 1
29 3986 1
29 5013 1
29 6042 1
29 1438 1
29 421 1
29 2470 1
29 2472 1
29 6069 1
29 6070 1
29 11197 1
29 457 1
29 7626 1
29 6627 1
29 493 2
29 494 2
29 4095 1
30 13185 0
30 8835 0
30 2695 0
30 1813 0
30 19226 0
30 2333 0
30 2336 0
30 18759 0
30 1572 0
30 1573 0
30 2470 0
30 2472 0
30 45 0
30 19760 1
30 2334 0
30 2335 0
30 11197 0
30 711 0
30 457 0
30 5712 0
30 5412 0
30 1626 0
30 5413 0
30 2144 0
30 6627 0
30 5414 0
30 15590 0
30 31 0
30 12669 0
30 4095 0
31 13185 0
31 8835 0
31 2695 0
31 16271 0
31 1813 0
31 19226 0
31 2333 0
31 2334 0
31 2335 0
31 2336 0
31 1572 0
31 1573 0
31 2470 0
31 2472 0
31 18759 0
31 45 0
31 19760 1
31 18227 0
31 1438 0
31 11197 0
31 711 0
31 457 0
31 5712 0
31 1361 1
31 1620 0
31 5412 0
31 1626 0
31 5413 0
31 2144 0
31 6627 0
31 5414 0
31 15590 0
31 493 1
31 494 1
31 12669 0
31 4095 0
8738 6739 0
8738 1146 1
8738 3729 0
8738 14072 0
8738 3426 0
8738 364 1
8738 2938 0
8738 3986 0
8738 18332 0
8738 8112 0
1572 2695 0
1572 16271 0
1572 3986 0
1572 19760 1
1572 1573 0
1572 2470 0
1572 2472 0
1572 45 0
1572 8112 0
1572 287 0
1572 13185 0
1572 18759 0
1572 457 0
1572 2771 0
1572 1626 0
1572 2144 0
1572 15590 0
1572 11197 0
1573 1573 0
1573 45 0
1573 1108 0
1573 1626 0
1573 2144 0
1573 15590 0
1573 2695 0
1573 187 0
1573 14072 0
1573 5885 0
1573 8467 0
1573 19760 1
1573 18759 0
1573 1361 1
1573 13185 0
1573 3986 0
1573 2470 0
1573 2472 0
1573 11197 0
1573 457 0
1573 3575 0
1573 3561 0
2600 129 0
2600 4256 0
2600 4259 0
2600 237 0
2600 18852 0
2600 421 0
2600 8768 0
2600 6739 0
2600 8883 0
2600 13355 0
2600 2938 0
2600 7480 0
2600 19807 1
2600 3426 0
2600 1620 0
2600 1653 0
2600 3729 0
2600 3808 0
2600 14072 0
2600 3848 0
2600 5981 0
2600 3986 0
2600 1943 0
2600 18332 0
2600 6065 0
13355 4186 0
13355 251 0
13355 8467 0
13355 287 0
13355 8578 0
13355 393 0
13355 2470 0
13355 14072 0
13355 8883 0
13355 1022 0
13355 5183 0
13355 1437 0
13355 1438 0
13355 3561 0
13355 1653 0
13355 3830 1
13355 1813 0
13355 1891 0
13355 1943 0
13355 6041 0
13355 6042 0
13355 5787 0
13355 8112 0
13355 6069 0
45 13185 0
45 8835 0
45 2695 0
45 19226 0
45 2333 0
45 2334 0
45 2335 0
45 2336 0
45 2470 0
45 2472 0
45 18759 0
45 19760 1
45 11197 0
45 711 0
45 457 0
45 5712 0
45 5412 0
45 1626 0
45 5413 0
45 3426 0
45 5414 0
45 6627 0
45 4095 0
15412 19331 0
15412 3204 1
15412 6380 0
15412 16661 0
15412 15004 0
15412 6045 0
15412 1438 0
15412 4256 0
15412 4026 0
15412 457 0
15412 13135 0
15412 3674 0
15412 3676 0
15412 3820 1
15412 237 0
15412 3822 0
15412 3823 0
15412 3825 0
15412 3826 1
15412 3829 0
15412 18796 0
4664 4664 0
4664 1653 0
4664 2705 0
4664 4259 0
4664 237 0
4664 7480 0
4664 1361 1
4664 5981 0
4664 421 0
4664 3236 0
4664 493 1
4664 4095 0
5183 5184 0
5183 6739 0
5183 4186 0
5183 2771 0
5183 3806 0
5183 3831 1
5183 14072 0
5183 3834 1
5183 3837 1
5183 3840 1
5183 3848 0
5183 1290 0
5183 8467 0
5183 16660 0
5183 21317 0
5183 1891 0
5183 5981 0
5183 18796 0
5183 7041 0
5183 398 0
5183 16271 0
5183 3986 0
5183 1943 0
5183 6040 0
5183 6043 0
5183 18332 0
5183 1438 0
5183 427 0
5183 3833 1
5183 3839 0
8768 4256 0
8768 4259 0
8768 237 0
8768 8467 0
8768 287 0
8768 364 1
8768 393 0
8768 18852 0
8768 421 0
8768 8768 0
8768 6739 0
8768 2705 0
8768 2938 0
8768 7480 0
8768 1379 0
8768 5497 0
8768 3729 0
8768 3808 0
8768 14072 0
8768 5885 0
8768 5981 0
8768 3986 0
8768 1943 0
8768 6041 0
8768 18332 0
8768 8112 0
8768 6065 0
2115 6069 0
2115 2115 0
2115 3654 0
2115 14072 0
2115 5712 0
2115 6739 0
2115 1620 0
2115 5885 0
2115 9828 0
2115 129 0
2115 2705 0
2115 4256 0
2115 187 0
2115 5864 0
2115 3848 0
2115 287 0
2115 5412 0
2115 9523 0
2115 3426 0
2115 364 1
2115 3986 0
2115 1943 0
2115 18332 0
2115 4763 0
2115 8112 0
2115 6065 0
2115 6070 0
2115 12956 1
2115 4095 0
3654 3840 1
3654 20101 0
3654 18796 0
3654 1290 0
3654 5013 0
3654 1943 0
3654 6040 0
3654 6041 0
3654 6042 0
3654 12956 1
3654 6045 0
3654 4256 0
3654 4259 0
3654 5412 0
3654 421 0
3654 5414 0
3654 427 0
3654 3805 1
3654 6069 0
3654 6070 0
3654 5184 0
3654 11202 0
3654 3659 0
3654 2771 0
3654 1108 0
3654 9828 0
3654 5413 0
3654 5497 0
3654 1379 0
3654 16157 0
3654 8871 0
3654 6043 0
3654 3830 1
3654 1620 0
3654 5885 0
3654 1022 0
10315 3840 1
10315 3841 0
10315 19331 0
10315 12933 0
10315 18796 0
10315 1290 0
10315 18062 1
10315 20101 0
10315 6040 0
10315 6041 0
10315 6042 0
10315 6043 0
10315 12956 1
10315 6045 0
10315 16159 0
10315 15004 0
10315 8871 0
10315 427 0
10315 3677 0
10315 19760 1
10315 10315 0
10315 3827 0
10315 19807 1
10315 10180 0
10315 3659 0
10315 13135 0
10315 18332 0
10315 1750 0
10315 3672 0
10315 3675 0
10315 3805 1
10315 3806 0
10315 3807 0
10315 3808 0
10315 3809 0
10315 3811 0
10315 3812 0
10315 3813 0
10315 3815 0
10315 3816 0
10315 3817 0
10315 3818 0
10315 3819 0
10315 3820 1
10315 3821 0
10315 3822 0
10315 3823 0
10315 3824 0
10315 3825 0
10315 3826 1
10315 3571 0
10315 3828 0
10315 3829 0
10315 3830 1
10315 3831 1
10315 3833 1
10315 3834 1
10315 3835 1
10315 3836 0
10315 3837 1
10315 3839 0
5712 5712 0
5712 1626 0
5712 9828 0
5712 8835 0
5712 2695 0
5712 18759 0
5712 711 0
5712 5864 0
5712 251 0
5712 8578 0
5712 287 0
5712 2336 0
5712 5412 0
5712 5413 0
5712 5414 0
5712 19760 1
5712 3426 0
5712 364 1
5712 13185 0
5712 4499 0
5712 1943 0
5712 6065 0
5712 11197 0
5712 4095 0
6739 4186 0
6739 4256 0
6739 4259 0
6739 187 0
6739 237 0
6739 8578 0
6739 8467 0
6739 393 0
6739 418 0
6739 421 0
6739 18852 0
6739 493 1
6739 494 1
6739 6739 0
6739 14937 0
6739 8835 0
6739 4740 0
6739 2705 0
6739 2937 0
6739 2938 0
6739 5013 0
6739 1022 0
6739 5184 0
6739 5254 0
6739 3236 0
6739 21317 0
6739 7041 0
6739 7480 0
6739 5497 0
6739 3561 0
6739 14072 0
6739 1653 0
6739 7626 0
6739 287 0
6739 3808 0
6739 3809 0
6739 3830 1
6739 3831 1
6739 3833 1
6739 3848 0
6739 16157 0
6739 5981 0
6739 3986 0
6739 8112 0
6739 4095 0
1108 5184 0
1108 20101 0
1108 18796 0
1108 1290 0
1108 6040 0
1108 6041 0
1108 6042 0
1108 6045 0
1108 287 0
1108 4256 0
1108 19234 0
1108 6043 0
1108 5412 0
1108 5414 0
1108 8871 0
1108 16157 0
1108 6069 0
1108 6070 0
1108 187 0
1108 448 0
1108 3659 0
1108 1361 1
1108 2771 0
1108 12887 0
1108 3806 0
1108 5413 0
1108 1379 0
1108 3816 0
1108 3824 0
1108 7379 0
1108 3835 1
19029 12933 0
19029 287 0
19029 19029 0
19029 364 1
19029 3834 1
12887 7286 0
12887 4740 0
12887 12933 0
12887 4256 0
12887 8883 0
12887 1653 0
12887 19234 0
12887 7379 0
12887 3806 0
12887 3809 0
12887 3811 0
12887 3812 0
12887 3813 0
12887 3815 0
12887 5864 0
12887 3818 0
12887 3821 0
12887 3824 0
12887 3825 0
12887 3831 1
12887 3833 1
12887 3834 1
12887 3835 1
12887 3836 0
12887 3837 1
12887 3839 0
12887 3840 1
12887 3841 0
12887 1290 0
12887 16159 0
12887 18227 0
12887 393 0
12887 18796 0
12887 3816 0
12887 6041 0
12887 6042 0
12887 6043 0
12887 418 0
12887 6069 0
12887 6070 0
12887 448 0
12887 3830 1
3672 3840 1
3672 3841 0
3672 19331 0
3672 12933 0
3672 18796 0
3672 1290 0
3672 20101 0
3672 8871 0
3672 6040 0
3672 6041 0
3672 6042 0
3672 6043 0
3672 12956 1
3672 6045 0
3672 16159 0
3672 15004 0
3672 3677 0
3672 3659 0
3672 13135 0
3672 1750 0
3672 3675 0
3672 3805 1
3672 3806 0
3672 3807 0
3672 3808 0
3672 3809 0
3672 3811 0
3672 3812 0
3672 3813 0
3672 3815 0
3672 3816 0
3672 3817 0
3672 3818 0
3672 3819 0
3672 3820 1
3672 3821 0
3672 3822 0
3672 3823 0
3672 3824 0
3672 3825 0
3672 3826 1
3672 3827 0
3672 3828 0
3672 3829 0
3672 3830 1
3672 3831 1
3672 3833 1
3672 3834 1
3672 3835 1
3672 3836 0
3672 3837 1
3672 3839 0
14937 5254 0
14937 18062 1
14937 2771 0
14937 3831 1
14937 8467 0
14937 21317 0
14937 3561 0
1626 2144 0
1626 8835 0
1626 2695 0
1626 711 0
1626 5414 0
1626 15590 0
1626 19226 0
1626 2333 0
1626 2334 0
1626 2335 0
1626 2336 0
1626 19760 1
1626 5412 0
1626 5413 0
1626 18759 0
1626 13185 0
1626 3986 0
1626 2470 0
1626 2472 0
1626 11197 0
1626 457 0
1626 6627 0
1626 4095 0
3675 3840 1
3675 3841 0
3675 19331 0
3675 12933 0
3675 18796 0
3675 1290 0
3675 20101 0
3675 6040 0
3675 6041 0
3675 6042 0
3675 6043 0
3675 15004 0
3675 6045 0
3675 16159 0
3675 8871 0
3675 3677 0
3675 3659 0
3675 1750 0
3675 3805 1
3675 3806 0
3675 3807 0
3675 3808 0
3675 3809 0
3675 3811 0
3675 3812 0
3675 3813 0
3675 3815 0
3675 3816 0
3675 3817 0
3675 3818 0
3675 3819 0
3675 3820 1
3675 3821 0
3675 3822 0
3675 3823 0
3675 3824 0
3675 3825 0
3675 3826 1
3675 3827 0
3675 3828 0
3675 3829 0
3675 3830 1
3675 3831 1
3675 3833 1
3675 3834 1
3675 3835 1
3675 3836 0
3675 3837 1
3675 3839 0
3676 3840 1
3676 19331 0
3676 20101 0
3676 1290 0
3676 6040 0
3676 6041 0
3676 6042 0
3676 6043 0
3676 6045 0
3676 16159 0
3676 1703 0
3676 3659 0
3676 1750 0
3676 3813 0
3676 3815 0
3676 8871 0
3676 18796 0
3676 3833 1
3676 3834 1
3676 3835 1
3676 3836 0
3677 3840 1
3677 3841 0
3677 19331 0
3677 12933 0
3677 18796 0
3677 1290 0
3677 18062 1
3677 20101 0
3677 6040 0
3677 6041 0
3677 6042 0
3677 6043 0
3677 15004 0
3677 6045 0
3677 16159 0
3677 8871 0
3677 19760 1
3677 3659 0
3677 1750 0
3677 3805 1
3677 3806 0
3677 3807 0
3677 3808 0
3677 3809 0
3677 3811 0
3677 3812 0
3677 3813 0
3677 3815 0
3677 3816 0
3677 3817 0
3677 3818 0
3677 3819 0
3677 3820 1
3677 3821 0
3677 3822 0
3677 3823 0
3677 3824 0
3677 3825 0
3677 3826 1
3677 3827 0
3677 3828 0
3677 3829 0
3677 3830 1
3677 3831 1
3677 3833 1
3677 3834 1
3677 3835 1
3677 3836 0
3677 3837 1
3677 3839 0
2144 129 0
2144 3729 0
2144 1438 0
2144 2470 0
2144 2472 0
2144 18332 0
2144 19760 1
2144 4026 0
2144 11197 0
2144 13185 0
2144 18759 0
2144 457 0
2144 2144 0
2144 9828 0
2144 15590 0
9828 3674 0
9828 9828 0
9828 12933 0
9828 18062 1
9828 3729 0
9828 12956 1
9828 8883 0
9828 287 0
9828 7878 0
9828 3805 1
9828 3807 0
9828 3813 0
9828 3818 0
9828 3822 0
9828 3825 0
9828 3829 0
9828 3830 1
9828 3831 1
9828 3833 1
9828 3836 0
9828 5885 0
9828 3839 0
9828 8467 0
9828 16157 0
9828 290 0
9828 19760 1
9828 13135 0
9828 19807 1
9828 15004 0
9828 6137 0
1128 5573 0
1128 3815 0
1128 1290 0
1128 16159 0
1128 3835 1
1128 3837 1
1128 3839 0
17006 17006 0
17006 18062 1
17006 12956 1
17006 303 0
287 8438 0
287 287 0
287 364 1
287 421 0
287 448 0
287 488 0
287 711 0
287 1620 0
287 1813 0
287 2472 0
287 2771 0
287 19234 0
287 11197 0
287 19690 0
287 3426 0
287 3729 0
287 3806 0
287 3808 0
287 3809 0
287 3818 0
287 3820 1
287 3823 0
287 3831 1
287 3835 1
287 21317 0
287 13135 0
287 13185 0
287 5254 0
287 5413 0
287 5864 0
287 14072 0
287 5885 0
287 6070 0
287 6137 0
287 7379 0
287 15590 0
287 7480 0
1653 237 0
1653 398 0
1653 8883 0
1653 1146 1
1653 1653 0
1653 1943 0
1653 18852 0
1653 19234 0
1653 2937 0
1653 3561 0
1653 3729 0
1653 3815 0
1653 3829 0
1653 3986 0
1653 4256 0
1653 4259 0
1653 5013 0
1653 5497 0
1653 5787 0
1653 6065 0
1653 6070 0
1653 6380 0
1653 7480 0
1653 7878 0
1653 16157 0
1653 8064 0
7286 6380 0
7286 4763 0
7286 7379 0
7286 3806 0
7286 237 0
7286 3824 0
7286 3825 0
7286 3830 1
7286 3834 1
7286 3835 1
7286 16660 0
7286 16661 0
7286 9523 0
7286 5981 0
7286 5497 0
7286 393 0
7286 400 0
7286 5013 0
7286 6045 0
7286 418 0
7286 421 0
7286 427 0
7286 6069 0
7286 6070 0
7286 448 0
7286 13775 0
7286 10211 0
7286 1022 0
16660 393 0
16660 398 0
16660 400 0
16660 5013 0
16660 4259 0
16660 427 0
16660 6069 0
16660 448 0
16660 6070 0
16660 13135 0
16660 8438 0
16660 10211 0
16660 3830 1
16660 3834 1
1146 18332 1
1146 18852 1
1146 303 1
1146 4060 2
1146 1891 1
1146 21486 1
1146 1903 1
1146 14072 1
1146 1147 1
1147 8064 0
1147 3986 0
1147 8467 0
1147 1813 0
1147 18332 0
1147 8112 0
1147 3834 1
1147 3806 0
1147 8438 0
1147 3561 0
1147 6380 0
1147 3830 1
16661 5184 0
16661 393 0
16661 398 0
16661 400 0
16661 3986 0
16661 5013 0
16661 16159 0
16661 4256 0
16661 418 0
16661 4259 0
16661 421 0
16661 18332 0
16661 427 0
16661 6069 0
16661 6070 0
16661 448 0
16661 6042 0
16661 5981 0
16661 3806 0
16661 8438 0
16661 3426 0
16661 3811 0
16661 3822 0
16661 3825 0
16661 3826 1
16661 3830 1
16661 3831 1
16661 3833 1
16661 1022 0
129 6070 0
129 8883 0
129 4186 0
129 129 0
129 2695 0
129 4259 0
129 187 0
129 7379 0
129 237 0
129 3831 1
129 3833 1
129 3834 1
129 5254 0
129 3808 0
129 3809 0
129 8064 0
129 393 0
129 400 0
129 5013 0
129 6042 0
129 418 0
129 421 0
129 5981 0
129 2472 0
129 1437 0
129 6069 0
129 448 0
129 4256 0
129 14072 0
129 1022 0
8835 6065 0
8835 2695 0
8835 19760 1
8835 8835 0
8835 1943 0
8835 5412 0
8835 5414 0
8835 3372 0
8835 13185 0
8835 711 0
8835 5413 0
8835 3426 0
8835 18759 0
8835 11197 0
8835 4095 0
4740 4740 0
4740 6380 0
4740 8467 0
4740 15004 0
4740 9919 0
4740 5573 0
4740 7379 0
4740 9523 0
4740 13135 0
4740 1620 0
4740 10211 0
4740 16157 0
4740 3561 0
4740 3986 0
4740 3571 0
4740 8438 0
4740 3834 1
4740 3835 1
20101 3840 1
20101 3841 0
20101 12933 0
20101 1290 0
20101 3831 1
20101 6040 0
20101 3674 0
20101 19331 0
20101 3805 1
20101 3813 0
20101 3812 0
20101 16159 0
20101 3828 0
20101 3807 0
20101 3808 0
20101 3809 0
20101 13135 0
20101 3811 0
20101 1750 0
20101 3806 0
20101 3815 0
20101 3816 0
20101 3561 0
20101 3818 0
20101 3819 0
20101 3820 1
20101 3821 0
20101 3822 0
20101 3823 0
20101 3824 0
20101 3825 0
20101 3826 1
20101 3827 0
20101 3829 0
20101 3830 1
20101 3817 0
20101 3833 1
20101 3834 1
20101 3835 1
20101 3836 0
20101 3837 1
20101 3839 0
5254 3841 0
5254 2771 0
5254 2938 0
5254 5254 0
5254 1438 0
5254 15783 1
5254 3831 1
5254 14072 0
5254 3833 1
5254 8064 0
5254 16271 0
5254 3986 0
5254 8112 0
2695 5413 0
2695 13185 0
2695 3986 0
2695 19226 0
2695 2333 0
2695 2334 0
2695 2336 0
2695 5414 0
2695 2470 0
2695 2472 0
2695 18759 0
2695 2335 0
2695 11197 0
2695 711 0
2695 457 0
2695 5412 0
2695 19760 1
2695 5981 0
2695 6627 0
2695 4095 0
3948 16271 0
3948 6041 0
3948 1361 1
3948 3948 0
3948 3833 1
3948 3834 1
3948 1022 0
3575 8578 0
3575 18062 1
3575 3986 0
3575 6070 0
3575 6069 0
3575 5573 0
3575 1361 1
3575 3826 1
3575 3575 0
18062 12933 1
18062 1290 1
18062 12956 2
18062 19760 2
18062 15004 1
18062 10180 1
18062 5573 1
18062 13135 1
18062 2771 1
18062 19807 2
18062 3813 1
18062 3729 1
18062 3827 1
18062 3831 2
18062 3833 2
18062 3835 2
18062 3836 1
18062 3839 1
3729 4259 0
3729 2334 0
3729 364 1
3729 393 0
3729 4499 0
3729 421 0
3729 2470 0
3729 2472 0
3729 5013 0
3729 1290 0
3729 5497 0
3729 3674 0
3729 3729 0
3729 3809 0
3729 3813 0
3729 3830 1
3729 3831 1
3729 3833 1
3729 5981 0
3729 1943 0
3729 8112 0
3729 4095 0
8857 3986 0
8857 8467 0
8857 3561 0
8857 3831 1
8857 3833 1
4763 4256 0
4763 6380 0
4763 364 1
4763 2937 0
4763 7041 0
4763 393 0
4763 5013 0
4763 6069 0
15004 3840 1
15004 3841 0
15004 19331 0
15004 12933 0
15004 6040 0
15004 16159 0
15004 12956 1
15004 5184 0
15004 13775 0
15004 7379 0
15004 3812 0
15004 3674 0
15004 3805 1
15004 3806 0
15004 3807 0
15004 3808 0
15004 3809 0
15004 3811 0
15004 3813 0
15004 3815 0
15004 3816 0
15004 3817 0
15004 3818 0
15004 3819 0
15004 3820 1
15004 3821 0
15004 3822 0
15004 3823 0
15004 3824 0
15004 3825 0
15004 3826 1
15004 3827 0
15004 3828 0
15004 3829 0
15004 3830 1
15004 3831 1
15004 3833 1
15004 3834 1
15004 3835 1
15004 3836 0
15004 3837 1
15004 3839 0
4256 2937 0
4256 4259 0
4256 6380 0
4256 237 0
4256 393 0
4256 18796 0
4256 418 0
4256 421 0
4256 7379 0
4256 8883 0
4256 2771 0
4256 19234 0
4256 5013 0
4256 1022 0
4256 1290 0
4256 9523 0
4256 7480 0
4256 1379 0
4256 5497 0
4256 13775 0
4256 3561 0
4256 3821 0
4256 3831 1
4256 3833 1
4256 3839 0
4256 5981 0
4256 3986 0
4256 1943 0
4256 6042 0
4256 18332 0
4256 8112 0
4256 6065 0
4256 6069 0
4256 6070 0
4256 10211 0
4259 5013 0
4259 5184 0
4259 6380 0
4259 1620 0
4259 8467 0
4259 2705 0
4259 19690 0
4259 8883 0
4259 18852 0
4259 18332 0
4259 7878 0
4259 14072 0
4259 2771 0
4259 5497 0
4259 3808 0
4259 237 0
4259 3822 0
4259 3825 0
4259 3827 0
4259 3830 1
4259 18796 0
4259 3839 0
4259 3840 1
4259 3841 0
4259 1290 0
4259 16159 0
4259 3426 0
4259 1379 0
4259 2937 0
4259 393 0
4259 7480 0
4259 3986 0
4259 421 0
4259 427 0
4259 8112 0
4259 8438 0
4259 7626 0
4259 3561 0
4259 1022 0
3236 3426 0
3236 4186 0
3236 3236 0
3236 711 0
3236 5864 0
3236 5412 0
3236 1891 0
3236 364 1
3236 3986 0
3236 4499 0
3236 1943 0
3236 8112 0
3236 6065 0
3236 14072 0
8871 3840 1
8871 3841 0
8871 19331 0
8871 12933 0
8871 18796 0
8871 1290 0
8871 3674 0
8871 16159 0
8871 3805 1
8871 3813 0
8871 3812 0
8871 3807 0
8871 3808 0
8871 3809 0
8871 3811 0
8871 1750 0
8871 3806 0
8871 3815 0
8871 3816 0
8871 3817 0
8871 3818 0
8871 3819 0
8871 3820 1
8871 3821 0
8871 3822 0
8871 3823 0
8871 3824 0
8871 3825 0
8871 3826 1
8871 3827 0
8871 3828 0
8871 3829 0
8871 3830 1
8871 3831 1
8871 3833 1
8871 3834 1
8871 3835 1
8871 3836 0
8871 3837 1
8871 3839 0
2333 13185 0
2333 16271 0
2333 5412 0
2333 5414 0
2333 18759 0
2333 19760 1
2333 11197 0
2333 711 0
2333 5413 0
8883 6069 0
8883 1620 0
8883 18332 0
8883 8883 0
8883 19234 0
8883 2771 0
8883 2937 0
8883 3815 0
8883 3816 0
8883 6380 0
8883 237 0
8883 3826 1
8883 8438 0
8883 18796 0
8883 16159 0
8883 9523 0
8883 7480 0
8883 7379 0
8883 3986 0
8883 5013 0
8883 421 0
8883 6065 0
8883 6070 0
8883 13775 0
8883 10211 0
8883 3561 0
10526 3841 0
10526 3825 0
10526 3826 1
10526 3835 1
364 187 1
364 5864 1
364 14072 1
364 251 1
364 8578 1
364 303 1
364 7480 1
364 1891 1
364 357 2
364 364 2
364 16271 1
364 18332 1
364 1438 1
364 4095 1
187 187 0
187 3835 1
187 2336 0
187 5413 0
187 3426 0
187 1891 0
187 3986 0
187 1943 0
187 8112 0
187 6065 0
187 488 0
187 1620 0
9919 8112 0
7878 237 0
7878 16157 0
7878 4060 1
7878 427 0
7878 6069 0
7878 3561 0
7878 3821 0
7878 5885 0
7878 8467 0
7878 8438 0
7878 3833 1
7878 3835 1
711 13185 0
711 3986 0
711 2334 0
711 18759 0
711 5413 0
711 5414 0
711 19760 1
711 19226 0
711 11197 0
711 2336 0
711 711 0
711 5412 0
711 3426 0
711 488 0
711 3561 0
711 2335 0
711 4095 0
19234 16159 0
19234 7379 0
19234 3806 0
19234 3812 0
19234 3824 0
19234 3825 0
19234 3830 1
19234 3837 1
19234 3840 1
19234 4402 0
19234 18227 0
19234 21317 0
19234 10211 0
19234 6041 0
19234 1437 0
19234 6069 0
19234 6070 0
19234 13775 0
19234 3571 0
5184 4186 0
5184 3806 0
5184 3811 0
5184 3815 0
5184 3816 0
5184 6380 0
5184 3823 0
5184 3826 1
5184 8438 0
5184 3834 1
5184 3835 1
5184 3840 1
5184 16159 0
5184 1891 0
5184 7041 0
5184 6040 0
5184 6042 0
5184 6043 0
5184 1437 0
5184 1438 0
5184 418 0
5184 3830 1
5184 3839 0
2771 427 0
2771 12933 0
2771 3806 0
2771 3815 0
2771 237 0
2771 3822 0
2771 3824 0
2771 3830 1
2771 3831 1
2771 14072 0
2771 3833 1
2771 3834 1
2771 3839 0
2771 1290 0
2771 19760 1
2771 6041 0
2771 6042 0
2771 6043 0
2771 21317 0
2771 418 0
2771 421 0
2771 2470 0
2771 6069 0
2771 3561 0
1750 3840 1
1750 3841 0
1750 19331 0
1750 12933 0
1750 1290 0
1750 8467 0
1750 6040 0
1750 6041 0
1750 6042 0
1750 6043 0
1750 3831 1
1750 16159 0
1750 6045 0
1750 18796 0
1750 3659 0
1750 3674 0
1750 3805 1
1750 3806 0
1750 3807 0
1750 3808 0
1750 3809 0
1750 3811 0
1750 3812 0
1750 3813 0
1750 3815 0
1750 3816 0
1750 3561 0
1750 3818 0
1750 3819 0
1750 3820 1
1750 3821 0
1750 3822 0
1750 3823 0
1750 3824 0
1750 3825 0
1750 3826 1
1750 3827 0
1750 3828 0
1750 3829 0
1750 3830 1
1750 3817 0
1750 3833 1
1750 3834 1
1750 3835 1
1750 3836 0
1750 3837 1
1750 3839 0
2937 237 0
2937 8467 0
2937 21317 0
2937 5013 0
2937 2938 0
2937 3372 0
2937 7480 0
2937 3426 0
2937 5497 0
2937 18332 0
2937 3561 0
2937 3806 0
2937 3826 1
2937 3834 1
2937 3837 1
2937 3841 0
2937 3848 0
2937 3986 0
2937 1943 0
2937 6041 0
2937 6045 0
2937 8112 0
2937 6065 0
6137 19760 1
6137 12933 0
6137 13135 0
6137 3829 0
6137 3830 1
6137 3833 1
6137 12956 1
3805 3840 2
3805 3841 1
3805 19331 1
3805 12933 1
3805 18796 1
3805 1290 1
3805 6040 1
3805 6041 1
3805 6042 1
3805 6043 1
3805 12956 2
3805 6045 1
3805 16159 1
3805 5885 1
3805 3659 1
3805 3811 1
3805 3806 1
3805 3807 1
3805 3808 1
3805 3809 1
3805 3812 1
3805 3813 1
3805 3815 1
3805 3816 1
3805 3817 1
3805 3818 1
3805 3819 1
3805 3820 2
3805 3821 1
3805 3822 1
3805 3823 1
3805 3824 1
3805 3825 1
3805 3826 2
3805 3827 1
3805 3828 1
3805 3829 1
3805 3830 2
3805 3831 2
3805 3833 2
3805 3834 2
3805 3835 2
3805 3836 1
3805 3837 2
3805 3839 1
3806 12933 0
3806 16159 0
3806 7379 0
3806 3807 0
3806 3808 0
3806 3809 0
3806 3811 0
3806 3812 0
3806 3813 0
3806 3815 0
3806 3816 0
3806 3817 0
3806 3818 0
3806 3819 0
3806 3820 1
3806 3821 0
3806 3822 0
3806 3823 0
3806 3824 0
3806 3825 0
3806 3826 1
3806 3828 0
3806 3829 0
3806 8438 0
3806 3831 1
3806 3834 1
3806 3835 1
3806 3836 0
3806 3837 1
3806 3839 0
3806 3840 1
3806 3841 0
3806 1290 0
3806 19331 0
3806 19760 1
3806 18796 0
3806 398 0
3806 400 0
3806 1943 0
3806 6040 0
3806 6041 0
3806 6042 0
3806 6043 0
3806 6045 0
3806 418 0
3806 3827 0
3806 3659 0
3806 3830 1
3806 13775 0
3806 3833 1
3806 10211 0
3807 3840 1
3807 3841 0
3807 19331 0
3807 12933 0
3807 18796 0
3807 1290 0
3807 3822 0
3807 6040 0
3807 6041 0
3807 6042 0
3807 6043 0
3807 6045 0
3807 16159 0
3807 3659 0
3807 13135 0
3807 3808 0
3807 3809 0
3807 3811 0
3807 3812 0
3807 3813 0
3807 3815 0
3807 3816 0
3807 3817 0
3807 3818 0
3807 3819 0
3807 3820 1
3807 3821 0
3807 3823 0
3807 3824 0
3807 3825 0
3807 3826 1
3807 3827 0
3807 3828 0
3807 3829 0
3807 3830 1
3807 3831 1
3807 3833 1
3807 3834 1
3807 3835 1
3807 3836 0
3807 3837 1
3807 3839 0
3808 3659 0
3808 3674 0
3808 12933 0
3808 16159 0
3808 3809 0
3808 3811 0
3808 3812 0
3808 3813 0
3808 3815 0
3808 3816 0
3808 3817 0
3808 3818 0
3808 3819 0
3808 3820 1
3808 3821 0
3808 3822 0
3808 3823 0
3808 3824 0
3808 3826 1
3808 3827 0
3808 3828 0
3808 3829 0
3808 3830 1
3808 3831 1
3808 3833 1
3808 3834 1
3808 3835 1
3808 3836 0
3808 3837 1
3808 3839 0
3808 3840 1
3808 3841 0
3808 1290 0
3808 7480 0
3808 18796 0
3808 2938 0
3808 19331 0
3808 237 0
3808 6040 0
3808 6041 0
3808 6042 0
3808 6043 0
3808 6045 0
3808 18852 0
3808 3825 0
3808 14072 0
3808 21486 0
3809 3840 1
3809 12933 0
3809 3841 0
3809 18796 0
3809 1290 0
3809 19331 0
3809 1943 0
3809 6040 0
3809 6041 0
3809 6042 0
3809 6043 0
3809 6045 0
3809 16159 0
3809 7379 0
3809 18227 0
3809 3659 0
3809 3813 0
3809 3811 0
3809 3812 0
3809 3815 0
3809 3816 0
3809 3817 0
3809 3818 0
3809 3819 0
3809 3820 1
3809 3821 0
3809 3822 0
3809 3823 0
3809 3824 0
3809 3825 0
3809 3826 1
3809 3827 0
3809 3828 0
3809 3829 0
3809 3830 1
3809 3831 1
3809 3833 1
3809 3834 1
3809 3835 1
3809 3836 0
3809 3837 1
3809 3839 0
3811 3840 1
3811 3841 0
3811 19331 0
3811 12933 0
3811 18796 0
3811 1290 0
3811 6040 0
3811 6041 0
3811 6042 0
3811 12956 1
3811 6045 0
3811 16159 0
3811 6043 0
3811 3659 0
3811 7379 0
3811 3812 0
3811 3813 0
3811 3815 0
3811 3816 0
3811 3817 0
3811 3818 0
3811 3819 0
3811 3820 1
3811 3821 0
3811 3822 0
3811 3823 0
3811 3824 0
3811 3825 0
3811 3826 1
3811 3827 0
3811 3828 0
3811 3829 0
3811 3830 1
3811 3831 1
3811 3833 1
3811 3834 1
3811 3835 1
3811 3836 0
3811 3837 1
3811 3839 0
3812 3820 1
3812 3659 0
3812 12933 0
3812 7379 0
3812 3813 0
3812 3815 0
3812 3816 0
3812 3817 0
3812 3818 0
3812 3819 0
3812 6380 0
3812 3821 0
3812 3822 0
3812 3823 0
3812 3824 0
3812 3825 0
3812 3826 1
3812 3828 0
3812 3829 0
3812 3831 1
3812 3833 1
3812 3834 1
3812 3835 1
3812 3836 0
3812 3837 1
3812 3839 0
3812 3840 1
3812 3841 0
3812 1290 0
3812 19331 0
3812 16159 0
3812 9523 0
3812 3830 1
3812 18796 0
3812 6040 0
3812 6041 0
3812 6042 0
3812 6043 0
3812 6045 0
3812 3827 0
3812 8438 0
3812 1703 0
3812 13775 0
3812 10211 0
3813 3840 1
3813 3841 0
3813 19331 0
3813 6380 0
3813 1290 0
3813 400 0
3813 6040 0
3813 6041 0
3813 6042 0
3813 6043 0
3813 12956 1
3813 6045 0
3813 12933 0
3813 19760 1
3813 18796 0
3813 6069 0
3813 6070 0
3813 16159 0
3813 448 0
3813 3659 0
3813 13135 0
3813 3674 0
3813 3815 0
3813 3816 0
3813 3817 0
3813 3818 0
3813 3819 0
3813 3820 1
3813 3821 0
3813 3822 0
3813 3823 0
3813 3824 0
3813 3825 0
3813 3826 1
3813 3827 0
3813 3828 0
3813 3829 0
3813 3830 1
3813 3831 1
3813 3833 1
3813 3834 1
3813 3835 1
3813 3836 0
3813 3837 1
3813 3839 0
15590 13185 0
15590 19760 1
15590 2470 0
15590 2472 0
15590 11197 0
15590 18759 0
15590 457 0
15590 3837 1
3815 427 0
3815 6070 0
3815 1620 0
3815 12933 0
3815 12956 1
3815 7379 0
3815 3816 0
3815 3817 0
3815 3818 0
3815 3819 0
3815 3820 1
3815 3821 0
3815 3822 0
3815 3823 0
3815 3824 0
3815 3825 0
3815 3826 1
3815 3828 0
3815 3829 0
3815 3830 1
3815 3831 1
3815 3833 1
3815 3834 1
3815 3835 1
3815 3836 0
3815 3837 1
3815 3839 0
3815 3840 1
3815 3841 0
3815 1290 0
3815 16159 0
3815 18227 0
3815 13135 0
3815 18796 0
3815 5497 0
3815 19331 0
3815 400 0
3815 6040 0
3815 3986 0
3815 1943 0
3815 6041 0
3815 6042 0
3815 6043 0
3815 18332 0
3815 6045 0
3815 1438 0
3815 3827 0
3815 6069 0
3815 11202 0
3815 3659 0
3815 1022 0
5864 1620 0
5864 5864 0
5864 3834 1
5864 3840 1
5864 5413 0
5864 3426 0
5864 3986 0
5864 6043 0
3817 3674 0
3817 12933 0
3817 3816 0
3817 3818 0
3817 3819 0
3817 3820 1
3817 3821 0
3817 3822 0
3817 3823 0
3817 3824 0
3817 3825 0
3817 3826 1
3817 3827 0
3817 3828 0
3817 3829 0
3817 3830 1
3817 3831 1
3817 3833 1
3817 3834 1
3817 3835 1
3817 3836 0
3817 3837 1
3817 3839 0
3817 3840 1
3817 3841 0
3817 1290 0
3817 16159 0
3817 18796 0
3817 19331 0
3817 6040 0
3817 6041 0
3817 6042 0
3817 6043 0
3817 6045 0
3817 3659 0
19690 7480 0
19690 18852 0
19690 421 0
19690 1361 1
19690 237 0
19690 4095 0
3819 3840 1
3819 3841 0
3819 19331 0
3819 12933 0
3819 18796 0
3819 1290 0
3819 6040 0
3819 6041 0
3819 6042 0
3819 6045 0
3819 16159 0
3819 6043 0
3819 3659 0
3819 3674 0
3819 3816 0
3819 3818 0
3819 3820 1
3819 3821 0
3819 3822 0
3819 3823 0
3819 3824 0
3819 3825 0
3819 3826 1
3819 3827 0
3819 3828 0
3819 3829 0
3819 3830 1
3819 3831 1
3819 3833 1
3819 3834 1
3819 3835 1
3819 3836 0
3819 3837 1
3819 3839 0
3820 3840 2
3820 3841 1
3820 19331 1
3820 12933 1
3820 1290 1
3820 6040 1
3820 6041 1
3820 6042 1
3820 6043 1
3820 6045 1
3820 421 1
3820 1703 1
3820 16159 1
3820 3659 1
3820 3674 1
3820 3816 1
3820 3818 1
3820 18796 1
3820 3821 1
3820 3822 1
3820 3823 1
3820 3824 1
3820 3825 1
3820 3826 2
3820 3827 1
3820 3828 1
3820 3829 1
3820 3830 2
3820 3831 2
3820 3833 2
3820 3834 2
3820 3835 2
3820 3836 1
3820 3837 2
3820 3839 1
3821 3840 1
3821 3841 0
3821 12933 0
3821 6380 0
3821 1290 0
3821 18796 0
3821 16271 0
3821 19331 0
3821 6040 0
3821 6041 0
3821 6042 0
3821 6043 0
3821 16159 0
3821 1703 0
3821 6045 0
3821 9523 0
3821 10211 0
3821 3827 0
3821 6069 0
3821 3659 0
3821 13135 0
3821 7379 0
3821 3674 0
3821 13775 0
3821 3816 0
3821 3818 0
3821 3822 0
3821 3823 0
3821 3824 0
3821 3825 0
3821 3826 1
3821 3571 0
3821 3828 0
3821 3829 0
3821 3830 1
3821 3831 1
3821 3833 1
3821 3834 1
3821 3835 1
3821 3836 0
3821 3837 1
3821 3839 0
3822 3840 1
3822 3841 0
3822 19331 0
3822 12933 0
3822 18796 0
3822 1290 0
3822 6040 0
3822 6041 0
3822 6042 0
3822 6043 0
3822 1438 0
3822 16159 0
3822 1703 0
3822 6045 0
3822 427 0
3822 3827 0
3822 3659 0
3822 13135 0
3822 3674 0
3822 3816 0
3822 3818 0
3822 3823 0
3822 3824 0
3822 3825 0
3822 3826 1
3822 3571 0
3822 3828 0
3822 3829 0
3822 3830 1
3822 3831 1
3822 3833 1
3822 3834 1
3822 3835 1
3822 3836 0
3822 3837 1
3822 3839 0
3823 3840 1
3823 3841 0
3823 19331 0
3823 12933 0
3823 18796 0
3823 1290 0
3823 6040 0
3823 6041 0
3823 6042 0
3823 6043 0
3823 12956 1
3823 6045 0
3823 3827 0
3823 16159 0
3823 3659 0
3823 13135 0
3823 3674 0
3823 3816 0
3823 3818 0
3823 3824 0
3823 3825 0
3823 3826 1
3823 3571 0
3823 3828 0
3823 3829 0
3823 3830 1
3823 3831 1
3823 3833 1
3823 3834 1
3823 3835 1
3823 3836 0
3823 3837 1
3823 3839 0
3824 3840 1
3824 3841 0
3824 12933 0
3824 6380 0
3824 1290 0
3824 400 0
3824 2705 0
3824 19331 0
3824 6040 0
3824 6041 0
3824 6042 0
3824 6043 0
3824 3831 1
3824 16159 0
3824 6045 0
3824 427 0
3824 3659 0
3824 3674 0
3824 3816 0
3824 3818 0
3824 18796 0
3824 3825 0
3824 3826 1
3824 3571 0
3824 3828 0
3824 3829 0
3824 3830 1
3824 3827 0
3824 3833 1
3824 3834 1
3824 3835 1
3824 3836 0
3824 3837 1
3824 3839 0
3825 3674 0
3825 12933 0
3825 1703 0
3825 7379 0
3825 3816 0
3825 3818 0
3825 6380 0
3825 3826 1
3825 3827 0
3825 3828 0
3825 3829 0
3825 8438 0
3825 3831 1
3825 3833 1
3825 3834 1
3825 3835 1
3825 3836 0
3825 3837 1
3825 3839 0
3825 3840 1
3825 3841 0
3825 1290 0
3825 8467 0
3825 16159 0
3825 13135 0
3825 3830 1
3825 18796 0
3825 5497 0
3825 19331 0
3825 393 0
3825 5013 0
3825 6040 0
3825 6041 0
3825 6042 0
3825 6043 0
3825 2470 0
3825 6045 0
3825 3659 0
3825 5573 0
3825 10211 0
3826 3674 1
3826 12933 1
3826 2705 1
3826 1703 1
3826 3816 1
3826 3818 1
3826 3827 1
3826 3828 1
3826 3829 1
3826 3830 2
3826 3831 2
3826 3834 2
3826 3835 2
3826 3836 1
3826 3837 2
3826 3839 1
3826 3840 2
3826 3841 1
3826 1290 1
3826 8467 1
3826 16159 1
3826 3372 1
3826 4425 1
3826 13135 1
3826 18796 1
3826 19331 1
3826 5013 1
3826 6040 1
3826 6041 1
3826 6042 1
3826 6043 1
3826 6045 1
3826 418 1
3826 421 1
3826 427 1
3826 6070 1
3826 448 1
3826 11202 1
3826 3659 1
3826 3833 2
3826 3571 1
3826 1022 1
7379 6065 0
7379 6069 0
7379 1620 0
7379 12933 0
7379 5787 0
7379 16159 0
7379 18332 0
7379 7379 0
7379 3816 0
7379 3830 1
7379 3831 1
7379 3834 1
7379 3835 1
7379 3836 0
7379 3837 1
7379 3839 0
7379 3840 1
7379 3841 0
7379 5413 0
7379 4425 0
7379 3426 0
7379 3986 0
7379 1943 0
7379 6040 0
7379 6041 0
7379 6042 0
7379 6043 0
7379 6070 0
7379 8438 0
7379 10211 0
3828 3840 1
3828 3841 0
3828 19331 0
3828 12933 0
3828 18796 0
3828 1290 0
3828 6040 0
3828 6041 0
3828 6042 0
3828 6043 0
3828 6045 0
3828 16159 0
3828 3659 0
3828 3816 0
3828 3818 0
3828 3827 0
3828 3829 0
3828 3830 1
3828 3831 1
3828 3833 1
3828 3834 1
3828 3835 1
3828 3836 0
3828 3837 1
3828 3839 0
3829 3840 1
3829 3841 0
3829 19331 0
3829 12933 0
3829 18796 0
3829 1290 0
3829 6040 0
3829 6041 0
3829 6042 0
3829 6043 0
3829 6045 0
3829 16159 0
3829 3659 0
3829 13135 0
3829 3674 0
3829 3816 0
3829 3818 0
3829 3827 0
3829 3830 1
3829 3831 1
3829 3833 1
3829 3834 1
3829 3835 1
3829 3836 0
3829 3837 1
3829 3839 0
3830 18227 1
3830 3659 1
3830 1620 1
3830 12933 1
3830 12956 2
3830 3816 1
3830 3818 1
3830 6380 1
3830 8438 1
3830 3831 2
3830 3833 2
3830 3834 2
3830 3835 2
3830 3836 1
3830 3837 2
3830 3839 1
3830 3840 2
3830 3841 1
3830 1290 1
3830 16159 1
3830 9523 1
3830 5981 1
3830 3426 1
3830 18796 1
3830 19331 1
3830 393 1
3830 398 1
3830 400 1
3830 3986 1
3830 6040 1
3830 6041 1
3830 6042 1
3830 6043 1
3830 18332 1
3830 6045 1
3830 418 1
3830 421 1
3830 427 1
3830 6065 1
3830 3827 1
3830 11202 1
3830 7626 1
3830 13775 1
3830 10211 1
3830 1022 1
3831 12933 1
3831 16159 1
3831 3816 1
3831 3818 1
3831 3827 1
3831 3833 2
3831 3834 2
3831 3835 2
3831 3836 1
3831 3837 2
3831 3839 1
3831 3840 2
3831 3841 1
3831 1290 1
3831 8467 1
3831 19760 2
3831 18227 1
3831 13135 1
3831 2705 1
3831 18796 1
3831 19331 1
3831 3986 1
3831 6040 1
3831 6041 1
3831 6042 1
3831 6043 1
3831 18332 1
3831 1437 1
3831 1438 1
3831 18852 1
3831 427 1
3831 6045 1
3831 4026 1
3831 3659 1
3831 3561 1
14072 1620 0
14072 6380 0
14072 237 0
14072 5885 0
14072 3839 0
14072 3848 0
14072 8467 0
14072 5412 0
14072 3426 0
14072 7480 0
14072 1943 0
14072 18332 0
14072 3986 0
14072 6065 0
14072 18852 0
14072 3561 0
14072 6069 0
3833 3659 1
3833 1620 1
3833 3674 1
3833 12933 1
3833 18796 1
3833 12956 2
3833 3816 1
3833 3818 1
3833 3827 1
3833 3834 2
3833 3835 2
3833 3836 1
3833 3837 2
3833 3839 1
3833 3840 2
3833 3841 1
3833 1290 1
3833 8467 1
3833 16159 1
3833 19760 2
3833 18227 1
3833 5981 1
3833 19807 2
3833 2938 1
3833 19331 1
3833 398 1
3833 400 1
3833 3986 1
3833 1943 1
3833 6040 1
3833 6041 1
3833 6042 1
3833 6043 1
3833 6045 1
3833 8112 1
3833 6065 1
3833 11202 1
3833 10180 1
3833 5573 1
3833 3561 1
3834 3659 1
3834 4186 1
3834 12933 1
3834 18796 1
3834 2705 1
3834 3818 1
3834 8438 1
3834 3835 2
3834 3836 1
3834 3837 2
3834 3839 1
3834 3840 2
3834 3841 1
3834 1290 1
3834 19331 1
3834 16159 1
3834 9523 1
3834 4425 1
3834 13135 1
3834 10211 1
3834 3936 1
3834 1891 1
3834 3816 1
3834 8578 1
3834 393 1
3834 398 1
3834 6040 1
3834 6041 1
3834 6042 1
3834 6043 1
3834 6045 1
3834 427 1
3834 3827 1
3834 6070 1
3834 13775 1
3834 251 1
3835 3674 1
3835 12933 1
3835 3816 1
3835 3818 1
3835 3827 1
3835 3836 1
3835 3837 2
3835 3839 1
3835 3840 2
3835 3841 1
3835 1290 1
3835 6045 1
3835 7480 1
3835 18796 1
3835 19331 1
3835 393 1
3835 237 1
3835 6040 1
3835 6041 1
3835 6042 1
3835 6043 1
3835 1437 1
3835 16159 1
3835 421 1
3835 427 1
3835 6069 1
3835 6070 1
3835 4026 1
3835 448 1
3835 3659 1
3836 3840 1
3836 3841 0
3836 19331 0
3836 12933 0
3836 18796 0
3836 1290 0
3836 400 0
3836 6040 0
3836 6041 0
3836 6042 0
3836 6043 0
3836 12956 1
3836 6045 0
3836 16159 0
3836 19760 1
3836 8112 0
3836 9523 0
3836 19807 1
3836 11202 0
3836 3659 0
3836 13775 0
3836 15783 1
3836 13135 0
3836 3674 0
3836 3816 0
3836 3818 0
3836 3827 0
3836 3837 1
3836 3839 0
5885 6380 0
5885 8578 0
5885 2470 0
5885 448 0
5885 427 0
5885 2705 0
5885 1903 0
5885 5885 0
5885 3848 0
5885 5981 0
5885 3986 0
5885 12956 1
5885 6069 0
5885 6070 0
3839 12933 0
3839 3816 0
3839 3818 0
3839 3827 0
3839 3837 1
3839 3840 1
3839 3841 0
3839 1290 0
3839 16159 0
3839 18227 0
3839 13135 0
3839 18796 0
3839 19331 0
3839 6040 0
3839 6041 0
3839 6042 0
3839 6043 0
3839 6045 0
3839 3659 0
3839 5573 0
3839 3571 0
3840 12933 1
3840 5787 1
3840 16159 1
3840 3818 1
3840 3827 1
3840 3837 2
3840 3841 1
3840 1290 1
3840 18227 1
3840 3936 1
3840 18796 1
3840 1903 1
3840 3816 1
3840 7041 1
3840 19331 1
3840 6380 1
3840 1943 1
3840 6040 1
3840 6041 1
3840 6042 1
3840 6043 1
3840 6045 1
3840 3659 1
3840 5573 1
3840 13775 1
3840 10211 1
3841 19331 0
3841 12933 0
3841 18796 0
3841 1290 0
3841 8467 0
3841 6040 0
3841 6041 0
3841 6042 0
3841 6043 0
3841 10211 0
3841 16159 0
3841 3659 0
3841 6045 0
3841 13135 0
3841 3816 0
3841 3561 0
3841 3818 0
3841 3827 0
3841 3837 1
3674 19331 0
3674 18796 0
3674 1290 0
3674 6040 0
3674 6041 0
3674 6042 0
3674 6045 0
3674 6043 0
3674 3659 0
3674 13135 0
3674 3818 0
3674 3827 0
3674 3837 1
13185 1813 0
13185 19226 0
13185 2334 0
13185 2335 0
13185 2336 0
13185 19760 1
13185 18759 0
13185 2470 0
13185 2472 0
13185 11197 0
13185 457 0
13185 5412 0
13185 5413 0
13185 6627 0
13185 5414 0
13185 12669 0
13185 4095 0
3848 5981 0
3848 357 1
3848 2705 0
3848 18332 0
3848 3837 1
3848 3848 0
3848 7480 0
3848 4095 0
3848 1022 0
1290 5013 0
1290 3659 0
1290 12933 0
1290 3816 0
1290 3818 0
1290 3827 0
1290 3837 1
1290 1290 0
1290 19331 0
1290 16159 0
1290 6045 0
1290 18796 0
1290 5497 0
1290 393 0
1290 398 0
1290 400 0
1290 3986 0
1290 6040 0
1290 6041 0
1290 6042 0
1290 6043 0
1290 18332 0
1290 1437 0
1290 6069 0
1290 6070 0
1290 4026 0
1290 448 0
1290 11202 0
1290 5573 0
1290 8438 0
1290 3561 0
1290 1022 0
8467 5573 0
8467 2938 0
8467 16271 0
8467 1379 0
8467 15783 1
8467 8467 0
8467 3837 1
8467 18227 0
8467 5981 0
8467 8064 0
8467 6041 0
8467 6043 0
8467 6069 0
8467 4026 0
8467 1022 0
4186 8064 0
4186 398 0
4186 3986 0
4186 4499 0
4186 1437 0
4186 1438 0
4186 5981 0
4186 8112 0
4186 4026 0
4186 11195 0
4186 4186 0
4186 357 1
4186 6380 0
4186 251 0
1813 3986 0
1813 19760 1
1813 18227 0
1813 11197 0
1813 18759 0
1813 3426 0
19226 18759 0
19226 5412 0
19226 5414 0
19226 19760 1
19226 11197 0
19226 5413 0
16157 1620 0
16157 3426 0
16157 12956 1
16157 6380 0
16157 8438 0
16157 16157 0
16157 290 0
16157 19760 1
16157 9523 0
16157 5981 0
16157 18796 0
16157 6042 0
16157 18332 0
16157 418 0
16157 8112 0
2334 5413 0
2334 2334 0
2334 5412 0
2334 5414 0
2334 19760 1
2334 11197 0
2334 18759 0
12933 12956 1
12933 3816 0
12933 3818 0
12933 3837 1
12933 16159 0
12933 19760 1
12933 13135 0
12933 5981 0
12933 19807 1
12933 18796 0
12933 19331 0
12933 6040 0
12933 6041 0
12933 6042 0
12933 6043 0
12933 6045 0
12933 8112 0
12933 3827 0
12933 11202 0
12933 3659 0
2336 5413 0
2336 5414 0
2336 18759 0
2336 19760 1
2336 6069 0
2336 6070 0
2336 11197 0
2336 5412 0
290 1620 0
290 12956 1
290 290 0
290 19760 1
5412 2335 0
5412 5412 0
5412 5413 0
5412 19760 1
5412 18759 0
5412 5981 0
5412 8064 0
5412 11197 0
5412 4095 0
5413 5413 0
5413 19760 1
5413 18759 0
5413 1891 0
5413 11197 0
5413 2335 0
5413 4095 0
5414 2335 0
5414 18759 0
5414 19760 1
5414 11197 0
5414 4095 0
9523 1620 0
9523 6380 0
9523 16159 0
9523 3936 0
9523 393 0
9523 6041 0
3372 12956 1
3372 3372 0
3372 5981 0
3372 4087 0
303 303 0
303 18332 0
303 418 0
303 7626 0
19760 3986 1
19760 12956 2
19760 1437 1
19760 2335 1
19760 2470 1
19760 2472 1
19760 18759 1
19760 11197 1
19760 6069 1
19760 21317 1
19760 457 1
19760 13135 1
19760 1361 2
19760 5497 1
19760 6627 1
19760 12669 1
19760 4095 1
4402 8112 0
4402 493 1
4402 494 1
18227 1379 0
18227 18332 0
18227 6380 0
18227 5497 0
18227 393 0
18227 5013 0
18227 4425 0
18227 3561 0
7480 237 0
7480 393 0
7480 421 0
7480 18852 0
7480 5013 0
7480 7480 0
7480 3426 0
7480 1379 0
7480 5497 0
7480 6040 0
7480 1438 0
7480 3561 0
7480 1620 0
7480 1943 0
7480 18332 0
7480 8112 0
7480 6065 0
21317 2705 0
21317 12956 1
21317 1437 0
18759 2470 0
18759 2472 0
18759 18759 0
18759 1438 0
18759 2335 0
18759 457 0
18759 1361 1
18759 6627 0
18759 493 1
18759 494 1
18759 11197 0
18759 12669 0
18759 4095 0
4425 3986 0
13135 19807 1
13135 12956 1
13135 16159 0
13135 3827 0
1361 8064 1
1361 16271 1
1361 4499 1
1361 1438 1
1361 8112 1
1361 11195 1
1361 4087 1
1361 3031 1
1361 487 1
1361 488 1
6627 11197 0
5981 398 0
5981 421 0
5981 448 0
5981 1620 0
5981 1943 0
5981 393 0
5981 18852 0
5981 2470 0
5981 2472 0
5981 3426 0
5981 3561 0
5981 3986 0
5981 5981 0
5981 6041 0
5981 6065 0
5981 6069 0
5981 8064 0
5981 8112 0
3936 5787 0
3426 1379 0
3426 237 0
3426 8578 0
3426 418 0
3426 421 0
3426 2470 0
3426 448 0
3426 2472 0
3426 427 0
3426 2705 0
3426 5013 0
3426 1022 0
3426 3426 0
3426 8064 0
3426 3986 0
3426 1943 0
3426 6041 0
3426 8112 0
3426 6065 0
3426 4095 0
1891 251 0
1891 16271 0
1891 1438 0
357 357 2
2705 8064 0
2705 6041 0
2705 1437 0
18796 6380 0
18796 3816 0
18796 3818 0
18796 3827 0
18796 3837 1
18796 16159 0
18796 1379 0
18796 19331 0
18796 393 0
18796 398 0
18796 6040 0
18796 6041 0
18796 6042 0
18796 6043 0
18796 6045 0
18796 421 0
18796 427 0
18796 6070 0
18796 1022 0
1903 3561 0
3816 3818 0
3816 3827 0
3816 16159 0
3816 19331 0
3816 3986 0
3816 6040 0
3816 6041 0
3816 6043 0
3816 6042 0
3816 6045 0
3816 11197 0
3816 3659 0
3816 10180 0
3816 13775 0
3816 10211 0
3816 3837 1
3816 3571 0
251 3986 0
251 8438 0
251 237 0
5497 237 0
5497 1379 0
5497 2938 0
5497 393 0
5497 3986 0
5497 5013 0
5497 6042 0
5497 421 0
5497 18332 0
5497 8112 0
5497 7626 0
2938 7626 0
2938 2938 0
2938 393 0
2938 5013 0
2938 1943 0
2938 418 0
2938 18332 0
2938 3561 0
12669 11197 0
8064 1620 0
8064 8064 0
8064 3986 0
8064 494 1
8064 1437 0
8064 1438 0
8064 4026 0
8064 11195 0
8064 493 1
7041 5013 0
7041 1438 0
7041 4026 0
8578 8578 0
8578 3986 0
8578 1943 0
8578 8112 0
19331 6040 0
19331 6041 0
19331 6042 0
19331 6043 0
19331 6045 0
19331 16159 0
19331 3659 0
19331 3818 0
19331 3827 0
19331 3837 1
393 1620 0
393 6042 0
393 237 0
393 1379 0
393 5013 0
393 398 0
393 400 0
393 3986 0
393 4499 0
393 18332 0
393 421 0
393 2472 0
393 8112 0
393 6069 0
393 6070 0
393 7626 0
393 21486 0
393 1022 0
398 3986 0
398 6040 0
398 6043 0
398 1437 0
398 1438 0
398 16159 0
398 2470 0
398 2472 0
398 427 0
398 6069 0
398 1620 0
398 8438 0
16271 5787 0
400 4026 0
400 8438 0
400 16159 0
400 6040 0
400 1438 0
400 427 0
400 6069 0
400 6070 0
6380 3837 1
6380 1620 0
6380 1943 0
6380 6069 0
6380 6070 0
6380 448 0
3986 237 0
3986 418 0
3986 421 0
3986 1022 0
3986 1379 0
3986 1437 0
3986 1438 0
3986 1620 0
3986 2470 0
3986 2472 0
3986 3561 0
3986 3986 0
3986 4026 0
3986 4095 0
3986 5013 0
3986 5787 0
3986 6041 0
3986 6042 0
3986 6069 0
3986 6070 0
3986 18852 0
3986 7626 0
3986 8112 0
4499 18332 0
4499 1437 0
4499 418 0
4499 6070 0
4499 448 0
4499 4095 0
5013 1620 0
5013 18332 0
5013 6042 0
5013 237 0
5013 16159 0
5013 6065 0
5013 1943 0
5013 421 0
5013 6069 0
5013 6070 0
5013 7626 0
5013 1379 0
5013 3561 0
5013 1022 0
1943 1379 0
1943 237 0
1943 418 0
1943 421 0
1943 2470 0
1943 1022 0
1943 1438 0
1943 1620 0
1943 1943 0
1943 6070 0
1943 4095 0
6040 3659 0
6040 16159 0
6040 3818 0
6040 3827 0
6040 3837 1
6040 1379 0
6040 6041 0
6040 6042 0
6040 6043 0
6040 6045 0
6040 427 0
6040 6069 0
6041 3818 0
6041 3837 1
6041 16159 0
6041 6042 0
6041 6045 0
6041 1438 0
6041 418 0
6041 421 0
6041 3827 0
6041 11202 0
6041 5573 0
6041 13775 0
6041 10211 0
6041 3561 0
6042 8112 0
6042 3818 0
6042 3827 0
6042 3837 1
6042 16159 0
6042 1379 0
6042 1438 0
6042 418 0
6042 421 0
6042 2472 0
6042 18332 0
6042 6045 0
6042 6069 0
6042 6070 0
6042 448 0
6042 11202 0
6042 7626 0
6042 10211 0
6042 1620 0
6042 1022 0
6043 3659 0
6043 3827 0
6043 3837 1
6043 16159 0
6043 3818 0
6043 13775 0
6043 10211 0
6043 3561 0
6043 3571 0
18332 1379 0
18332 237 0
18332 418 0
18332 421 0
18332 2472 0
18332 1022 0
18332 1620 0
18332 8112 0
18332 6070 0
1437 1437 0
1437 1438 0
1437 4026 0
1437 11195 0
1438 8438 0
1438 1438 0
1438 8112 0
1438 4026 0
1438 11195 0
1438 3031 0
1438 487 0
1438 488 0
16159 12956 1
16159 3818 0
16159 3827 0
16159 3837 1
16159 6045 0
16159 418 0
16159 421 0
16159 6070 0
16159 3659 0
16159 5573 0
16159 13775 0
16159 10211 0
16159 3571 0
418 8112 0
418 6069 0
418 1620 0
418 421 0
418 427 0
418 6065 0
418 6070 0
418 448 0
5787 5787 0
5787 3837 1
5787 1620 0
18852 237 0
18852 1620 0
421 6065 0
421 1620 0
421 7626 0
421 237 0
421 8112 0
421 427 0
421 6069 0
421 6070 0
421 448 0
421 1379 0
421 1022 0
2470 8438 0
2470 2472 0
2470 11197 0
2470 457 0
15783 3561 1
2472 1620 0
2472 1379 0
2472 8112 0
2472 11197 0
2472 457 0
427 1620 0
427 6069 0
427 6070 0
427 448 0
6045 3818 0
6045 3827 0
6045 3837 1
6045 11202 0
6045 3571 0
8112 237 0
8112 1022 0
8112 1379 0
8112 1620 0
8112 8112 0
6065 448 0
6065 1022 0
6065 6065 0
6065 6069 0
6065 6070 0
6065 4095 0
3827 448 0
3827 11202 0
3827 3659 0
3827 3818 0
3827 3837 1
6069 8438 0
6069 1379 0
6069 6069 0
6069 6070 0
6069 448 0
6069 11202 0
6069 7626 0
6069 13775 0
6069 10211 0
6069 3561 0
6069 1022 0
6070 237 0
6070 8438 0
6070 10211 0
6070 1379 0
6070 448 0
6070 11202 0
6070 7626 0
6070 13775 0
6070 3571 0
6070 1022 0
4026 11195 0
4026 3561 0
11195 493 1
11195 494 1
11197 2335 0
11197 457 0
11197 4095 0
11202 1022 0
3659 3818 0
3659 3837 1
5573 3561 0
457 457 0
7626 1620 0
7626 1379 0
7626 1022 0
1379 237 0
1379 3561 0
1379 1022 0
13775 3818 0
13775 3837 1
237 1620 0
237 21486 0
237 237 0
237 3561 0
3818 3837 1
3031 493 1
3031 494 1
3031 3031 0
494 487 1
494 488 1
494 4087 1
494 493 2
10211 3837 1
487 493 1
488 488 0
488 493 1
3561 3571 0
3561 3837 1
493 4087 1
3837 3571 1
2335 2335 0
3571 1620 0
1620 1620 0
1620 4095 0
1022 1022 0
4095 4095 0
