6147 6147 0
6147 8467 0
6147 4409 0
6147 8548 0
6147 4481 0
6147 1099 0
6147 19207 0
6147 4804 0
6147 6867 0
6147 4859 0
6147 4864 0
6147 4899 0
6147 2861 1
6147 11066 0
6147 4925 0
6147 840 0
6147 2938 0
6147 7118 0
6147 19879 0
6147 1259 0
6147 15261 1
6147 3426 0
6147 1383 0
6147 3446 0
6147 1546 0
6147 15920 0
6147 1653 0
6147 15435 0
6147 3729 0
6147 7870 0
6147 5855 0
6147 3884 0
6147 3927 0
6147 2382 0
1546 1546 0
1546 1653 0
1546 168 0
1546 5855 0
1546 1259 0
1546 337 0
1546 16271 1
1546 4535 0
1546 14753 1
12119 16271 1
12119 12119 0
12119 3283 1
12119 4859 0
6159 6159 0
6159 2069 0
6159 6752 0
6159 1653 0
6159 3729 0
6159 1687 0
6159 6867 0
6159 4822 0
6159 5855 0
6159 4859 0
6159 3354 0
6159 287 0
6159 4899 0
6159 3884 0
6159 2861 1
6159 5432 0
6159 337 0
6159 3934 1
6159 1383 0
6159 3446 0
6159 19879 0
6159 7084 0
6159 2493 0
6159 4547 0
6159 2500 0
6159 2501 0
2069 2069 0
2069 5893 0
2069 4956 0
2069 4957 0
2069 4958 0
2069 1099 0
2069 2152 0
2069 117 0
2069 1667 0
2069 5254 0
2069 4547 0
2069 1687 0
2069 3267 0
2069 3283 1
2069 4825 0
2069 5855 0
2069 8467 0
2069 3354 0
2069 2338 0
2069 861 0
2069 3934 1
2069 3426 0
2069 3729 0
2069 3446 0
2069 2458 0
2069 7084 0
2069 3574 0
261 5766 0
261 261 0
261 7945 0
261 287 0
261 13099 1
261 3382 0
261 8503 0
261 3927 0
261 3934 1
261 1383 0
261 2458 0
261 2500 0
261 4550 0
757 3729 0
757 1687 0
757 7870 0
757 11471 0
757 5329 0
757 757 0
757 8484 0
757 2861 1
757 4409 0
757 4443 0
757 3934 1
757 866 0
757 868 0
757 869 0
757 9062 0
757 5570 0
757 7084 0
3105 16271 1
3105 287 0
3105 3105 0
3105 3934 1
3105 2938 0
4536 53 0
4536 5744 0
4536 1653 0
4536 4547 0
4536 1687 0
4536 4295 0
4536 3271 0
4536 3283 1
4536 5855 0
4536 287 0
4536 5432 0
4536 21366 0
4536 4551 0
4536 19879 0
4536 6068 0
4536 4535 0
4536 4536 0
4536 1472 0
4536 4550 0
4536 14753 1
7716 18332 0
7716 16271 1
7716 13099 1
7716 3382 0
7716 16074 0
7716 3283 1
16941 13099 1
16941 3382 0
16941 3283 1
16941 2938 0
5679 18788 1
5679 15920 0
5679 53 0
5679 1653 0
5679 3729 0
5679 6091 0
5679 18332 0
5679 11471 0
5679 5855 0
5679 8547 0
5679 760 0
5679 4859 0
5679 4864 0
5679 5893 0
5679 3354 0
5679 2338 0
5679 861 0
5679 3426 0
5679 8548 0
5679 8549 0
5679 2938 0
5679 4481 0
5679 19879 0
5679 15261 1
5679 6068 0
5679 2500 0
5679 8654 0
15920 18788 1
15920 53 0
15920 8547 0
15920 18332 0
15920 5855 0
15920 8549 0
15920 760 0
15920 5893 0
15920 861 0
15920 2338 0
15920 3426 0
15920 8548 0
15920 869 0
15920 3729 0
15920 2938 0
15920 4481 0
15920 2458 0
15920 15261 1
15920 6068 0
15920 2500 0
15920 8654 0
15920 8185 0
7740 188 0
7740 861 0
7740 7740 0
7740 6586 0
7740 1653 0
7740 1667 0
7740 1687 0
7740 696 0
7740 3283 1
7740 5855 0
7740 5865 0
7740 5365 0
7740 4409 0
7740 840 0
7740 4956 0
7740 4957 0
7740 4958 0
7740 3446 0
7740 389 0
7740 1927 0
7740 2458 0
7740 5570 0
7740 4547 0
7740 453 1
7740 3574 0
68 53 0
68 68 0
68 3740 1
68 3743 0
68 12479 0
68 5329 0
68 5865 0
68 5866 1
68 8484 0
68 7084 0
15431 17343 0
15431 5329 0
15431 3283 1
15431 287 0
15431 16271 1
15435 2861 1
15435 3283 1
14925 694 0
14925 669 0
14925 696 0
14925 3283 1
14925 5865 0
14925 5866 1
14925 1927 0
17998 16271 1
17998 5855 0
17998 5866 1
5816 3729 0
5816 3283 1
5816 6378 0
5816 1259 0
5816 4822 0
5816 2338 0
5816 13099 1
5816 4925 0
5816 337 0
5816 4956 0
5816 4957 0
5816 4958 0
5816 18332 0
5816 5570 0
5816 3574 0
3427 6752 0
3427 1687 0
3427 861 0
3427 4409 0
3427 4956 0
3427 4957 0
3427 3934 1
3427 3426 0
3427 3429 0
3427 389 0
3427 18332 0
3427 453 1
3427 7118 0
11348 5893 0
11348 5254 0
11348 15261 1
11348 8654 0
11348 18788 1
11348 8547 0
11348 8548 0
11348 1653 0
11348 760 0
5390 4899 0
5390 13099 1
5390 3382 0
5390 3934 1
5390 6752 0
5390 9062 0
12887 5744 0
12887 3223 0
12887 1653 0
12887 3264 1
12887 11471 0
12887 13099 1
12887 8165 0
18788 5893 1
18788 15261 2
18788 10418 1
18788 3382 1
18788 17343 1
18788 3267 1
18788 8654 1
18788 6867 1
18788 11233 1
18788 8547 1
18788 8548 1
18788 8549 1
18788 760 1
16988 5254 0
16988 3729 0
16988 1687 0
16988 16988 0
16988 8467 0
16988 2861 1
16988 19879 0
16988 15261 1
1893 3724 1
1893 1687 0
1893 3354 0
1893 4899 0
1893 168 0
1893 2861 1
1893 5432 0
1893 8016 0
1893 3283 1
6752 861 0
6752 6752 0
6752 15996 0
6752 7298 0
6752 3729 0
6752 3283 1
6752 4825 0
6752 5855 0
6752 2338 0
6752 4899 0
6752 2861 1
6752 4925 0
6752 4956 0
6752 4957 0
6752 4958 0
6752 9062 0
6752 6867 0
6752 3934 1
6752 6068 0
6752 1259 0
6752 6586 0
6752 4547 0
6752 2500 0
6752 2501 0
6752 19879 0
18529 13099 1
18529 4859 0
18529 3283 1
2152 2152 0
2152 3729 0
2152 1687 0
2152 5855 0
2152 1259 0
2152 4859 0
2152 3354 0
2152 2861 1
2152 4443 0
2152 861 0
2152 3934 1
2152 868 0
2152 7551 0
2152 2458 0
2152 7084 0
2152 4547 0
5744 5744 0
5744 5855 0
5744 13099 1
5744 3382 0
5744 4956 0
5744 4957 0
5744 4958 0
5744 3446 0
5744 16271 1
5744 18332 0
5744 4535 0
117 19879 0
117 4957 0
117 53 0
117 9062 0
117 1653 0
117 5254 0
117 1687 0
117 117 0
117 3283 1
117 7551 0
117 5855 0
117 1259 0
117 4859 0
117 3884 0
117 5432 0
117 4409 0
117 8467 0
117 3927 0
117 4443 0
117 861 0
117 3934 1
117 868 0
117 7654 0
117 4956 0
117 389 0
117 2458 0
117 4958 0
117 7084 0
117 4547 0
117 2500 0
117 2501 0
117 4550 0
117 4551 0
117 3574 0
117 8185 0
15996 4535 0
15996 2500 0
15996 2501 0
15996 4822 0
15996 4825 0
15996 2861 1
15996 4956 0
15996 4957 0
15996 4958 0
15996 11233 0
15996 7551 0
15996 935 0
15996 15996 0
15996 3729 0
15996 5855 0
15996 3934 1
15996 1687 0
15996 16271 1
15996 8185 0
7298 861 0
7298 3934 1
7298 3446 0
7298 4825 0
7298 4409 0
7298 4956 0
7298 4957 0
7298 4958 0
7298 868 0
7298 389 0
7298 16271 1
7298 18332 0
7298 6586 0
7298 5365 0
7298 2500 0
7298 2501 0
1667 53 0
1667 1667 0
1667 3271 0
1667 3283 1
1667 1259 0
1667 6867 0
1667 8467 0
1667 13099 1
1667 3382 0
1667 9047 0
1667 3426 0
1667 2938 0
1667 18332 0
1667 935 0
1667 5555 0
1667 6584 0
1667 5570 0
1667 4547 0
1667 2500 0
1667 8185 0
5254 287 0
5254 2338 0
5254 6584 0
5254 6741 0
5254 2938 0
5254 15261 1
5254 1099 0
5254 5254 0
5254 3283 1
5254 16271 1
3724 13632 1
3724 337 1
3724 669 1
3724 13631 1
3729 53 0
3729 696 0
3729 287 0
3729 8503 0
3729 4409 0
3729 2382 0
3729 4443 0
3729 8548 0
3729 4547 0
3729 2500 0
3729 2501 0
3729 4550 0
3729 4551 0
3729 6741 0
3729 669 0
3729 6867 0
3729 8654 0
3729 4822 0
3729 8549 0
3729 760 0
3729 4859 0
3729 2861 1
3729 868 0
3729 869 0
3729 935 0
3729 7084 0
3729 15509 0
3729 5329 0
3729 3283 1
3729 5365 0
3729 3354 0
3729 5432 0
3729 15677 0
3729 1383 0
3729 1472 0
3729 1653 0
3729 3729 0
3729 1687 0
3729 5855 0
3729 5893 0
3729 3927 0
3729 3937 0
3729 1927 0
3729 8185 0
16530 16530 0
16530 694 0
16530 696 0
16530 3283 1
16530 2338 0
16530 337 0
16530 16271 1
15509 18206 0
15509 2338 0
15509 3283 1
15509 16094 0
15509 4957 0
15509 3934 1
15509 389 0
15509 5555 0
15509 6068 0
1687 53 0
1687 3426 0
1687 168 0
1687 4822 0
1687 2338 0
1687 8484 0
1687 8503 0
1687 4443 0
1687 389 0
1687 4535 0
1687 6586 0
1687 4547 0
1687 2500 0
1687 453 1
1687 4550 0
1687 678 0
1687 726 0
1687 4859 0
1687 2861 1
1687 861 0
1687 866 0
1687 868 0
1687 869 0
1687 935 0
1687 7084 0
1687 7118 0
1687 9062 0
1687 13458 0
1687 11471 0
1687 5329 0
1687 1259 0
1687 5365 0
1687 3354 0
1687 5432 0
1687 3429 0
1687 3446 0
1687 7551 0
1687 19879 0
1687 5570 0
1687 3574 0
1687 1687 0
1687 7870 0
1687 5855 0
1687 3884 0
1687 4409 0
1687 3934 1
9880 7084 0
9880 2861 1
9880 453 1
9880 4822 0
9880 866 0
3740 6741 1
3740 5866 2
3740 12479 1
2330 18332 0
2330 4409 0
2330 453 1
2330 6741 0
2330 3934 1
2330 5855 0
2330 4859 0
3743 2861 1
3743 5432 0
3743 12479 0
3743 5866 1
678 2861 1
678 3934 1
678 4859 0
1703 15261 1
1703 14753 1
1703 4475 0
168 53 0
168 168 0
168 4295 0
168 4339 0
168 270 0
168 287 0
168 2382 0
168 337 0
168 8549 0
168 4535 0
168 4547 0
168 669 0
168 861 0
168 2938 0
168 7084 0
168 1259 0
168 3354 0
168 3446 0
168 19879 0
168 389 0
168 5866 1
168 3934 1
168 6068 0
3271 3283 1
3271 3934 1
10418 15261 1
10418 18332 0
10418 11233 0
694 1653 0
694 696 0
694 185 0
694 16271 1
694 5865 0
694 5866 1
694 3426 0
694 1927 0
696 5855 0
696 5866 1
696 2338 0
696 5432 0
696 861 0
696 3426 0
696 1927 0
696 16271 1
696 18332 0
185 3283 1
185 13099 1
185 3382 0
185 453 1
188 2458 0
188 287 0
188 389 0
188 453 1
188 7540 1
188 3574 0
7870 15756 0
7870 13458 0
7870 2861 1
7870 16094 0
7870 4409 0
7870 7870 0
7870 5570 0
7870 3938 0
7870 11471 0
7870 4443 0
7870 3934 1
7870 3936 0
7870 3937 0
7870 866 0
7870 868 0
7870 869 0
7870 9062 0
7870 5365 0
7870 319 0
12479 13632 0
12479 5865 0
12479 5866 1
12479 13631 0
3264 18332 1
3264 4550 1
3264 4551 1
3264 4339 1
3267 389 0
3267 1927 0
3267 4547 0
3267 453 1
3267 3574 0
4804 4804 0
4804 3283 1
4804 8467 0
4804 2861 1
21366 13099 1
21366 4535 0
21366 3382 0
21366 453 1
21366 861 0
21366 1653 0
4295 3354 0
4295 2338 0
4295 2500 0
4295 453 1
4295 3934 1
4295 5865 0
16074 3884 0
16074 8467 0
16074 15261 1
16074 16271 1
16074 6741 0
16074 11233 0
16074 1259 0
16074 7551 0
11471 2861 1
11471 4409 0
11471 5570 0
11471 4443 0
11471 3934 1
11471 866 0
11471 868 0
11471 869 0
11471 9062 0
11471 8467 0
5329 1383 0
5329 4822 0
5329 8484 0
5329 7945 0
5329 3354 0
5329 2861 1
5329 5855 0
5329 8467 0
5329 861 0
5329 3934 1
5329 3937 0
5329 869 0
5329 2501 0
5843 13632 1
5843 5843 2
5843 5839 2
14548 13099 1
14548 3382 0
14548 15261 1
14548 17343 0
8654 53 0
8654 6068 0
8654 6741 0
8654 5855 0
8654 8549 0
8654 760 0
8654 4859 0
8654 5893 0
8654 861 0
8654 287 0
8654 2338 0
8654 3934 1
8654 3426 0
8654 8547 0
8654 8548 0
8654 869 0
8654 2938 0
8654 4481 0
8654 18332 0
8654 2500 0
8654 8185 0
4822 3934 1
4822 6378 0
4822 5855 0
4822 4550 0
4822 2338 0
4822 3283 1
4822 4822 0
4822 4825 0
4822 5365 0
4822 7551 0
4822 4899 0
4822 8503 0
4822 5432 0
4822 7084 0
4822 840 0
4822 861 0
4822 866 0
4822 869 0
4822 3446 0
4822 4535 0
4822 2500 0
4822 2501 0
4822 19879 0
1572 16271 1
1572 15261 1
1572 287 0
1572 17343 0
5839 13632 1
5839 53 1
5839 669 1
5839 13631 1
8414 13099 1
8414 3283 1
8414 3382 0
5855 53 0
5855 6378 0
5855 8484 0
5855 8503 0
5855 2382 0
5855 337 0
5855 4443 0
5855 8547 0
5855 8548 0
5855 389 0
5855 2458 0
5855 4547 0
5855 2500 0
5855 2501 0
5855 4551 0
5855 19879 0
5855 453 1
5855 4550 0
5855 4825 0
5855 8549 0
5855 760 0
5855 4859 0
5855 4899 0
5855 4925 0
5855 4956 0
5855 861 0
5855 866 0
5855 868 0
5855 869 0
5855 7084 0
5855 4957 0
5855 3283 1
5855 5365 0
5855 3354 0
5855 5432 0
5855 1383 0
5855 5570 0
5855 3446 0
5855 4481 0
5855 5555 0
5855 1653 0
5855 5855 0
5855 5865 0
5855 5893 0
5855 3938 0
5855 1927 0
5855 16271 1
5855 6068 0
5855 6091 0
5855 8185 0
4475 16271 1
4475 18332 0
4475 13099 1
4475 3382 0
5865 53 0
5865 1653 0
5865 5865 0
5865 5866 1
5865 2338 0
5865 2861 1
5865 5432 0
5865 861 0
5865 1927 0
5866 861 1
5866 53 1
5866 5866 2
5866 4339 1
5866 7945 1
5866 2338 1
5866 2861 2
5866 5432 1
5866 6461 1
5866 3927 1
5866 4956 1
5866 4957 1
5866 4958 1
5866 1383 1
5866 1927 1
5866 1472 1
5866 4551 1
5866 8165 1
1259 8467 0
1259 287 0
1259 8484 0
1259 2382 0
1259 2500 0
1259 6741 0
1259 6867 0
1259 726 0
1259 840 0
1259 861 0
1259 2938 0
1259 7084 0
1259 3934 1
1259 3283 1
1259 5365 0
1259 3354 0
1259 5432 0
1259 3426 0
1259 1653 0
1259 3884 0
1259 3927 0
1099 861 0
1099 1099 0
1099 8467 0
1099 287 0
1099 2338 0
1099 13099 1
1099 18332 0
1099 15261 1
1099 19879 0
6867 53 0
6867 6741 0
6867 1653 0
6867 3283 1
6867 4859 0
6867 4864 0
6867 8467 0
6867 2338 0
6867 3884 0
6867 8503 0
6867 869 0
6867 2938 0
6867 6867 0
6867 2458 0
6867 18332 0
6867 6584 0
6867 4547 0
5365 19879 0
5365 53 0
5365 3354 0
5365 4825 0
5365 5365 0
5365 4864 0
5365 7084 0
5365 2861 1
5365 5432 0
5365 4409 0
5365 3927 0
5365 4956 0
5365 3934 1
5365 868 0
5365 9062 0
5365 3446 0
5365 2458 0
5365 18332 0
5365 935 0
5365 2500 0
5365 2501 0
5365 8185 0
760 53 0
760 5893 0
760 861 0
760 3934 1
760 3426 0
760 8547 0
760 8548 0
760 8549 0
760 2938 0
760 4481 0
760 18332 0
760 15261 1
760 6068 0
760 2500 0
4859 6378 0
4859 8503 0
4859 2382 0
4859 8548 0
4859 389 0
4859 4547 0
4859 2500 0
4859 2501 0
4859 4550 0
4859 6741 0
4859 669 0
4859 4859 0
4859 869 0
4859 15261 1
4859 7084 0
4859 3354 0
4859 5432 0
4859 4409 0
4859 1383 0
4859 3446 0
4859 7551 0
4859 19879 0
4859 3884 0
4859 3934 1
4859 1927 0
4864 8467 0
4864 1653 0
4864 4864 0
4864 4409 0
4864 861 0
4864 16271 1
4864 19879 0
4864 453 1
3429 3934 1
3429 6741 0
3429 18332 0
3429 3283 1
3429 6378 0
3429 287 0
3429 4957 0
3429 3426 0
3429 1927 0
3429 2458 0
5893 53 0
5893 8549 0
5893 2338 0
5893 861 0
5893 3934 1
5893 3426 0
5893 8547 0
5893 8548 0
5893 869 0
5893 2938 0
5893 4481 0
5893 15261 1
5893 18332 0
5893 6068 0
5893 2500 0
5893 8185 0
19207 17343 0
19207 16271 1
19207 15261 1
19207 287 0
7945 1653 0
7945 3283 1
7945 3884 0
7945 4956 0
7945 4957 0
7945 4958 0
7945 1383 0
7945 4925 0
270 1653 0
270 3446 0
270 8549 0
270 270 0
270 2382 0
270 3934 1
270 14753 1
8466 3354 0
8466 13099 1
8466 3382 0
8466 3283 1
8466 11233 0
8466 17896 0
8467 4339 0
8467 4409 0
8467 8547 0
8467 8549 0
8467 6584 0
8467 2501 0
8467 6741 0
8467 669 0
8467 9062 0
8467 2938 0
8467 3283 1
8467 19879 0
8467 5432 0
8467 16271 1
8467 7654 0
8467 8467 0
8467 8016 0
8467 8165 0
4825 19879 0
4825 53 0
4825 1653 0
4825 3283 1
4825 5432 0
4825 3934 1
4825 18332 0
4825 935 0
4825 6068 0
4825 6586 0
4825 2493 0
4825 2500 0
4825 2501 0
3354 53 0
3354 6378 0
3354 287 0
3354 2338 0
3354 2382 0
3354 2500 0
3354 4550 0
3354 6741 0
3354 726 0
3354 840 0
3354 4956 0
3354 861 0
3354 868 0
3354 869 0
3354 7084 0
3354 7118 0
3354 3938 0
3354 3283 1
3354 3354 0
3354 1383 0
3354 8016 0
3354 5432 0
3354 3934 1
3354 1927 0
18206 13099 1
18206 3382 0
18206 3283 1
18206 861 0
18206 1653 0
287 53 0
287 287 0
287 8547 0
287 866 0
287 8503 0
287 1944 0
287 2338 0
287 2382 0
287 2861 1
287 11066 0
287 3426 0
287 3446 0
287 19879 0
287 3934 1
287 4899 0
287 13099 1
287 4957 0
287 13632 0
287 15677 0
287 7654 0
287 16094 0
287 8165 0
5920 3936 0
5920 3937 0
5920 6621 1
5920 3934 1
5920 5920 0
2338 53 0
2338 8547 0
2338 4339 0
2338 2338 0
2338 4409 0
2338 8548 0
2338 8549 0
2338 4481 0
2338 4550 0
2338 840 0
2338 9047 0
2338 3283 1
2338 5432 0
2338 3426 0
2338 1383 0
2338 4547 0
2338 5522 0
2338 19879 0
2338 1472 0
2338 1653 0
2338 3927 0
2338 1927 0
2338 6068 0
4899 9062 0
4899 6378 0
4899 4899 0
4899 2861 1
4899 3934 1
4899 7551 0
4899 2500 0
8484 7551 0
8484 13099 1
8484 8484 0
8484 453 1
8484 4550 0
8484 4551 0
5766 5766 0
5766 15261 1
5766 14753 1
5766 8547 0
3283 19879 1
3283 53 1
3283 866 1
3283 6584 1
3283 3223 1
3283 3283 2
3283 6378 1
3283 7118 1
3283 8503 1
3283 17896 1
3283 4925 1
3283 3927 1
3283 4956 1
3283 861 1
3283 3426 1
3283 1383 1
3283 15677 1
3283 2938 1
3283 20860 1
3283 1927 1
3283 1944 1
3283 2458 1
3283 18332 1
3283 15259 1
3283 8619 1
3283 5555 1
3283 6068 1
3283 4535 1
3283 2493 1
3283 17343 1
3283 4547 1
3283 6091 1
3283 5522 1
3283 8016 1
3283 7654 1
3283 3574 1
3283 869 1
3283 8185 1
4339 1927 0
4339 19879 0
13099 1653 1
13099 8165 1
13099 3223 1
13099 7118 1
13099 11066 1
13099 4925 1
13099 831 1
13099 9047 1
13099 15677 1
13099 6461 1
13099 20860 1
13099 9086 1
13099 1944 1
13099 15259 1
13099 8619 1
13099 5555 1
13099 6091 1
13099 3033 1
13099 17896 1
3884 3934 1
3884 6741 0
3884 669 0
3884 2861 1
3884 3884 0
3884 8503 0
3884 5432 0
3884 4409 0
3884 2382 0
3884 3927 0
3884 869 0
3884 1383 0
3884 4547 0
3884 6068 0
3884 2500 0
3884 2501 0
2861 866 1
2861 6741 1
2861 869 1
2861 1653 1
2861 13458 1
2861 726 1
2861 16094 1
2861 6378 1
2861 8503 1
2861 4409 1
2861 319 1
2861 840 1
2861 2382 1
2861 4443 1
2861 4957 1
2861 3934 2
2861 3936 1
2861 3937 1
2861 3938 1
2861 868 1
2861 9062 1
2861 7551 1
2861 15756 1
2861 5522 1
2861 935 1
2861 7084 1
2861 5570 1
2861 2500 1
2861 2501 1
2861 7654 1
726 2500 0
726 2501 0
726 3934 1
726 3446 0
16094 4409 0
16094 2493 0
16094 840 0
16094 3934 1
16094 7654 0
3382 6461 0
3382 831 0
3382 8619 0
3382 11066 0
3382 4925 0
3382 9047 0
3382 9086 0
3382 15259 0
3382 15261 1
3382 3033 0
3382 3223 0
3382 5555 0
3382 3934 1
3382 3936 0
3382 6091 0
3382 8165 0
8503 53 0
8503 8503 0
8503 3934 1
8503 8547 0
8503 3446 0
8503 6378 0
8503 7551 0
8503 389 0
8503 2458 0
8503 4547 0
8503 2500 0
8503 3574 0
5432 389 0
5432 2493 0
5432 4547 0
5432 2500 0
5432 2501 0
5432 4550 0
5432 669 0
5432 453 1
5432 4551 0
5432 861 0
5432 5432 0
5432 1383 0
4409 53 0
4409 4409 0
4409 4443 0
4409 389 0
4409 2458 0
4409 6586 0
4409 4547 0
4409 4551 0
4409 4550 0
4409 4956 0
4409 861 0
4409 866 0
4409 868 0
4409 9062 0
4409 7084 0
4409 869 0
4409 3426 0
4409 7551 0
4409 3934 1
4409 5570 0
4409 1653 0
4409 3927 0
11066 15261 1
15677 3426 0
53 53 0
53 8549 0
53 337 0
53 8547 0
53 8548 0
53 2458 0
53 2500 0
53 2501 0
53 19879 0
53 6741 0
53 4956 0
53 4957 0
53 4958 0
53 935 0
53 7084 0
53 861 0
53 1383 0
53 3446 0
53 1653 0
53 3927 0
53 1927 0
53 6068 0
13632 6378 0
13632 6461 0
13632 13631 0
13632 13632 0
13632 8016 0
840 840 0
840 3934 1
840 6068 0
2382 2382 0
2382 337 0
2382 4535 0
2382 4547 0
2382 4550 0
2382 4551 0
2382 2938 0
2382 3446 0
2382 1653 0
2382 3934 1
2382 3936 0
2382 3937 0
8016 6378 0
8016 8016 0
8016 3934 1
8016 6461 0
8016 389 0
8016 19879 0
337 669 0
337 4551 0
337 337 0
337 3934 1
337 3446 0
337 1927 0
337 2458 0
337 19879 0
337 6584 0
337 453 1
337 4550 0
337 6461 0
9047 3934 1
9047 2938 0
4443 868 0
4443 1653 0
4443 4443 0
4443 861 0
4443 3934 1
4443 866 0
4443 869 0
4443 9062 0
4443 3446 0
4443 7551 0
4443 389 0
4443 5570 0
4443 4550 0
4443 4551 0
4956 1383 0
4956 6378 0
4956 389 0
4956 6584 0
4956 6586 0
4956 2493 0
4956 4547 0
4956 453 1
4956 6741 0
4956 4956 0
4956 4957 0
4956 4958 0
4956 866 0
4956 935 0
4956 861 0
4956 3426 0
4956 5522 0
4956 19879 0
4956 18332 0
4956 3574 0
4956 1653 0
4956 3927 0
4956 1927 0
4956 8165 0
4956 8185 0
861 6378 0
861 8548 0
861 8549 0
861 6586 0
861 2493 0
861 4547 0
861 4550 0
861 4551 0
861 6741 0
861 861 0
861 866 0
861 935 0
861 7118 0
861 4957 0
861 4958 0
861 8547 0
861 3426 0
861 1383 0
861 3446 0
861 5522 0
861 19879 0
861 1472 0
861 5570 0
861 7084 0
861 1653 0
861 9062 0
861 1927 0
861 6068 0
861 8185 0
4958 6378 0
4958 6584 0
4958 6586 0
4958 2493 0
4958 4547 0
4958 453 1
4958 6741 0
4958 4957 0
4958 4958 0
4958 866 0
4958 935 0
4958 3574 0
4958 3426 0
4958 1383 0
4958 5522 0
4958 19879 0
4958 1653 0
4958 3927 0
4958 1927 0
4958 8165 0
4958 8185 0
3936 15756 0
3936 13458 0
3936 3033 0
3936 6621 1
3936 3934 1
3937 15756 0
3937 3033 0
3937 7084 0
3937 13458 0
3937 3934 1
3937 3937 0
866 4957 0
866 3426 0
866 8549 0
866 3934 1
866 866 0
866 868 0
866 869 0
866 9062 0
866 5570 0
866 2501 0
8547 3426 0
8547 8548 0
8547 8549 0
8547 2938 0
8547 4481 0
8547 18332 0
8547 15261 1
8547 6068 0
8547 2500 0
8547 8185 0
8548 6741 0
8548 8549 0
8548 3426 0
8548 869 0
8548 2938 0
8548 4481 0
8548 15261 1
8548 18332 0
8548 6068 0
8548 2500 0
8548 6091 0
8549 3426 0
8549 6741 0
8549 6091 0
8549 2938 0
8549 4481 0
8549 15261 1
8549 19879 0
8549 18332 0
8549 6068 0
8549 2500 0
8549 8185 0
9062 3934 1
9062 868 0
9062 869 0
9062 1653 0
9062 669 0
9062 4957 0
9062 9062 0
9062 4925 0
9062 2458 0
9062 19879 0
9062 6068 0
9062 5570 0
1383 6741 0
1383 669 0
1383 4957 0
1383 2938 0
1383 3426 0
1383 19879 0
1383 1653 0
1383 18332 0
2501 2493 0
2501 2500 0
2501 453 1
2501 6586 0
2501 2501 0
2501 935 0
2501 19879 0
2501 7654 0
2501 1653 0
2501 3927 0
13458 3938 0
13458 3934 1
4925 18332 0
4925 6378 0
4925 4925 0
4925 3426 0
4925 2938 0
4925 7551 0
4925 4481 0
4925 1927 0
4925 6586 0
4925 4550 0
319 3934 1
7540 7551 1
7540 1653 1
3446 6378 0
3446 2500 0
3446 453 1
3446 6741 0
3446 869 0
3446 9086 0
3446 7084 0
3446 3938 0
3446 3446 0
3446 19879 0
3446 389 0
3446 3574 0
3446 3934 1
3446 6068 0
3446 8185 0
2938 6741 0
2938 3934 1
2938 2938 0
2938 18332 0
2938 4547 0
2938 6091 0
2938 17896 0
2938 8185 0
13631 6378 0
13631 13631 0
13631 6461 0
13631 1927 0
6378 4957 0
6378 6378 0
6378 3934 1
6378 1472 0
3927 4957 0
3927 2500 0
3927 1653 0
3927 3927 0
3927 2458 0
3927 19879 0
3927 7084 0
7551 1653 0
7551 3934 1
7551 868 0
7551 7084 0
831 6068 0
831 3934 1
9086 16271 1
3934 869 1
3934 3934 2
3934 868 1
3934 4481 1
3934 389 1
3934 15756 1
3934 935 1
3934 7084 1
3934 6584 1
3934 6586 1
3934 2493 1
3934 5570 1
3934 4547 1
3934 2500 1
3934 4550 1
3934 3033 1
3934 6621 2
3934 8185 1
389 869 0
389 1653 0
389 4957 0
389 3426 0
389 389 0
389 2458 0
389 935 0
389 6068 0
389 6586 0
389 4547 0
389 2500 0
389 453 1
389 3574 0
389 8185 0
4957 6584 0
4957 6586 0
4957 2493 0
4957 4547 0
4957 453 1
4957 6741 0
4957 935 0
4957 3426 0
4957 5522 0
4957 19879 0
4957 1472 0
4957 3574 0
4957 1653 0
4957 1927 0
4957 8165 0
4957 8185 0
1927 669 0
1927 3426 0
1927 19879 0
1927 1472 0
3223 3223 0
15756 3938 0
16271 1361 1
16271 1472 1
5522 5522 0
1944 1653 0
2458 19879 0
2458 6741 0
2458 1653 0
2458 4547 0
2458 669 0
2458 8185 0
2458 7084 0
2458 3426 0
2458 2458 0
2458 453 1
2458 3574 0
15259 1653 0
18332 6584 0
18332 6586 0
18332 4547 0
18332 6741 0
18332 19879 0
18332 17896 0
18332 6068 0
18332 8185 0
15261 17343 1
15261 11233 1
15261 1361 1
14753 4535 1
19879 4535 0
19879 2500 0
19879 6741 0
19879 669 0
19879 453 1
19879 3426 0
19879 19879 0
19879 1653 0
19879 6068 0
19879 8185 0
8619 5555 0
7084 868 0
7084 7084 0
669 6741 0
669 669 0
669 3426 0
669 1653 0
4481 1653 0
4481 3426 0
4481 453 1
5555 17896 0
5555 6068 0
6068 453 1
6068 4550 0
6068 6741 0
6068 4547 0
6068 4551 0
6068 3426 0
6068 5570 0
6068 1653 0
6068 6068 0
4535 4535 0
6584 6584 0
6586 453 1
6586 868 0
6586 6586 0
6586 2500 0
2493 1653 0
2493 2493 0
2493 2500 0
2493 8185 0
17343 11233 0
1472 3426 0
1472 4547 0
5570 868 0
5570 869 0
4547 1653 0
4547 3426 0
4547 4547 0
4547 453 1
4547 3574 0
2500 453 1
2500 7654 0
2500 935 0
2500 2500 0
2500 8185 0
453 869 1
453 3426 1
453 935 1
453 453 2
453 3574 1
4550 4550 0
4550 4551 0
4550 3426 0
4551 4551 0
4551 3426 0
6091 17896 0
868 869 0
868 868 0
6621 3938 1
8165 8165 0
17896 1653 0
17896 17896 0
935 1653 0
935 935 0
3426 3426 0
1653 869 0
1653 1653 0
1653 6741 0
3574 3574 0
869 6741 0
869 869 0
869 8185 0
8185 6741 0
8185 8185 0
3938 3938 0
6741 6741 0
