6147 6147 0
6147 265 1
6147 8467 0
6147 4409 0
6147 4524 0
6147 5501 0
6147 7717 1
6147 7077 0
6147 1653 0
6147 3986 0
6147 1943 0
6665 5981 0
6665 6739 0
6665 5501 0
6665 265 1
6665 4409 0
6665 5960 1
6665 861 0
6665 2501 0
6665 6614 0
6666 6666 0
6666 7077 0
6666 3789 0
6666 5501 0
6666 265 1
6666 5960 1
6666 2500 0
6666 2501 0
6668 6668 0
6668 3789 0
6668 265 1
6668 4409 0
6668 5960 1
2703 265 1
2703 2500 0
2703 6739 0
2703 2703 0
2703 2712 0
2703 5058 1
2703 13512 0
2703 1943 0
2703 3986 0
2703 6068 0
16530 7717 1
16530 16530 0
16530 20251 0
16530 5981 0
16530 9177 1
8467 4409 0
8467 4524 0
8467 2501 0
8467 6739 0
8467 13667 0
8467 5432 0
8467 8467 0
8467 7717 1
8467 20251 0
8467 5960 1
8467 5981 0
1943 2500 0
1943 2712 0
1943 1072 1
1943 1096 1
1943 5432 0
1943 7717 1
1943 1653 0
1943 5981 0
1943 1943 0
1943 6068 0
2712 265 1
2712 287 0
2712 2500 0
2712 2501 0
2712 6614 0
2712 6739 0
2712 2712 0
2712 861 0
2712 13512 0
2712 7717 1
2712 5432 0
2712 5501 0
2712 7077 0
2712 5981 0
2712 3986 0
2712 6068 0
20251 7717 1
20251 5981 0
20251 1653 0
20251 11294 0
20251 20251 0
20251 9177 1
20251 3561 0
11294 2132 1
11294 265 1
11294 8299 0
11294 13667 0
11294 11235 0
11294 11294 0
287 287 0
287 1072 1
287 6739 0
287 7717 1
7077 5981 0
7077 2132 1
7077 5432 0
7077 7077 0
7077 5058 1
7077 2500 0
7077 2501 0
4524 2132 1
4524 2282 1
4524 4524 0
4524 2500 0
4524 6739 0
4524 3561 0
4524 3789 0
861 2132 1
861 3789 0
861 4409 0
861 861 0
861 5432 0
861 1653 0
861 5960 1
861 3986 0
861 6068 0
1072 5337 1
1072 1653 1
13512 7717 1
13512 1653 0
13512 7402 1
13512 13512 0
13512 4409 0
13512 13667 0
6834 4679 1
6834 9177 1
6068 6739 0
6068 710 1
6068 9177 1
6068 1096 1
6068 1653 0
6068 3789 0
6068 5981 0
6068 3986 0
6068 6068 0
265 3789 1
265 265 2
265 4409 1
265 5501 1
265 2500 1
265 2501 1
265 6614 1
265 11235 1
5432 2132 1
5432 2500 0
5432 2501 0
5432 4679 1
5432 5432 0
5432 5981 0
4409 4409 0
4409 5501 0
4409 3561 0
4409 1653 0
4409 5960 1
4409 5981 0
4409 3986 0
449 449 2
449 1653 1
5058 2500 1
5058 2501 1
5058 6614 1
4675 4675 2
4675 4679 2
2500 2501 0
2500 6614 0
2500 2500 0
2500 5981 0
2501 6614 0
2501 2501 0
2501 3561 0
2501 1653 0
2501 3986 0
710 710 2
4679 5337 1
4679 5981 1
4679 13667 1
3789 5981 0
3789 5960 1
3789 6614 0
3789 3986 0
6739 6739 0
6739 5501 0
6739 3561 0
6739 7717 1
6739 1653 0
6739 5960 1
6739 5981 0
6739 3986 0
2132 8299 1
2132 18045 1
6614 6614 0
5501 7717 1
5501 3986 0
348 3986 1
5981 9177 1
5981 3561 0
5981 3986 0
5981 5981 0
7717 3986 1
7717 3561 1
13667 8299 0
13667 13667 0
13667 7402 1
3561 9177 1
3561 1653 0
3561 5960 1
3561 3986 0
8299 8299 0
8299 7402 1
3986 1653 0
3986 3986 0
18045 7402 1
1653 1653 0
1653 5960 1
7402 11235 1
