2048 2048 0
2048 14 1
2048 4110 0
2048 174 0
2048 237 0
2048 2338 0
2048 8881 0
2048 4859 0
2048 8977 0
2048 5072 0
2048 13355 0
2048 3283 1
2048 1259 0
2048 3426 0
2048 8503 0
2048 5981 0
2048 5994 0
2048 3986 0
2048 1943 0
2048 6068 0
2048 2722 0
1 1 0
1 3224 1
1 287 0
1 284 1
1 2338 0
1 18332 0
1 4553 0
8195 4110 1
8195 13355 1
8195 8768 1
8195 1620 1
8195 1653 1
8195 1667 1
8195 3729 1
8195 1170 1
8195 2722 1
8195 174 1
8195 3271 1
8195 237 1
8195 238 1
8195 6867 1
8195 13061 1
8195 8977 1
8195 2338 1
8195 2881 1
8195 5981 1
8195 3426 1
8195 2938 1
8195 3986 1
8195 18332 1
8195 2976 1
8195 6584 1
18948 3283 1
18948 14 1
4110 4110 0
4110 2069 0
4110 174 0
4110 237 0
4110 287 0
4110 8768 0
4110 6867 0
4110 864 0
4110 3283 1
4110 1259 0
4110 1620 0
4110 1653 0
4110 5981 0
4110 6068 0
4110 2722 0
2069 2069 0
2069 13355 0
2069 13061 0
2069 1620 0
2069 8881 0
2069 1667 0
2069 1160 0
2069 1221 0
2069 3283 1
2069 3354 0
2069 2338 0
2069 4442 1
2069 3426 0
2069 3729 0
2069 3986 0
2069 1943 0
2069 3561 0
2069 1004 0
6180 6180 0
6180 1160 0
6180 8768 0
6180 4524 0
6180 5432 0
6180 3283 1
6180 5476 0
6180 4442 1
6180 5994 0
13355 6378 0
13355 287 0
13355 8977 0
13355 17460 0
13355 15509 0
13355 1221 0
13355 3283 1
13355 3514 0
13355 3561 0
13355 1653 0
13355 3955 0
13355 1943 0
13355 6068 0
4144 4144 0
4144 3426 0
4144 1160 0
4144 8881 0
4144 3283 1
4144 274 1
4144 284 1
4144 2338 0
4144 5981 0
4144 3986 0
4144 1943 0
4144 6604 0
17460 3354 0
17460 3283 1
17460 4442 1
17460 1259 0
8768 6378 0
8768 237 0
8768 238 0
8768 287 0
8768 2338 0
8768 8503 0
8768 4469 1
8768 6584 0
8768 8768 0
8768 2722 0
8768 6867 0
8768 4859 0
8768 13061 0
8768 8977 0
8768 869 0
8768 13200 0
8768 3271 0
8768 2938 0
8768 1259 0
8768 6068 0
8768 1667 0
8768 3729 0
8768 5981 0
8768 3986 0
8768 1943 0
8768 18332 0
1620 185 0
1620 237 0
1620 4371 0
1620 287 0
1620 2338 0
1620 4442 1
1620 4524 0
1620 4534 0
1620 6584 0
1620 2722 0
1620 864 0
1620 1004 0
1620 1170 0
1620 1221 0
1620 1259 0
1620 5432 0
1620 1620 0
1620 1667 0
1620 5072 0
1620 5981 0
1620 3986 0
1620 1943 0
1620 18332 0
14 1160 1
14 4362 1
14 274 2
14 6036 1
14 8881 1
14 4524 1
14 1221 1
14 5476 1
14 16107 1
14 4859 1
2650 274 1
2650 3354 0
2650 284 1
2650 2338 0
2650 174 0
2650 1653 0
275 4362 0
275 274 1
275 3224 1
275 796 0
275 174 0
275 275 0
1653 237 0
1653 284 1
1653 8881 0
1653 8977 0
1653 869 0
1653 1160 0
1653 1221 0
1653 1259 0
1653 1653 0
1653 1943 0
1653 2338 0
1653 2722 0
1653 3561 0
1653 3729 0
1653 3955 0
1653 3986 0
1653 4534 0
1653 4553 0
1653 13061 0
1653 5376 1
1653 6068 0
1653 6867 0
1653 7944 0
1667 5981 0
1667 1667 0
1667 2722 0
1667 3271 0
1667 3283 1
1667 1259 0
1667 237 0
1667 238 0
1667 6867 0
1667 13061 0
1667 3426 0
1667 3986 0
1667 2938 0
1667 18332 0
1667 2976 0
1667 4524 0
1667 6584 0
1667 4553 0
1667 3561 0
1160 6867 0
1160 4371 0
1160 8503 0
1160 4442 1
1160 4534 0
1160 4812 0
1160 4859 0
1160 2881 0
1160 5072 0
1160 1160 0
1160 1221 0
1160 1259 0
1160 3354 0
1160 5476 0
1160 3729 0
1160 5432 0
1160 5994 0
3729 4371 0
3729 287 0
3729 8503 0
3729 2722 0
3729 8881 0
3729 6867 0
3729 4822 0
3729 4859 0
3729 864 0
3729 869 0
3729 2976 0
3729 15509 0
3729 1221 0
3729 3283 1
3729 3354 0
3729 5432 0
3729 3729 0
3729 16107 0
3729 5981 0
3729 1943 0
1170 2338 0
1170 4524 0
1170 2722 0
1170 3283 1
1170 3354 0
1170 5432 0
1170 5981 0
1170 3986 0
15509 2338 0
15509 3283 1
15509 4469 1
15509 6068 0
3224 274 2
3224 5432 1
3224 284 2
2722 237 0
2722 238 0
2722 2338 0
2722 4442 1
2722 4524 0
2722 6584 0
2722 4553 0
2722 6604 0
2722 2881 0
2722 13061 0
2722 2722 0
2722 6867 0
2722 4859 0
2722 8977 0
2722 864 0
2722 869 0
2722 1221 0
2722 1259 0
2722 5432 0
2722 3426 0
2722 3561 0
2722 5981 0
2722 3986 0
2722 1943 0
2722 18332 0
2722 6068 0
284 796 1
284 284 2
284 174 1
284 12207 1
284 5432 1
284 287 1
284 4362 1
284 1221 1
284 4553 1
284 4575 1
174 174 0
174 2338 0
174 13061 0
174 274 1
174 287 0
174 1943 0
174 12207 0
8881 8881 0
8881 6378 0
8881 237 0
8881 238 0
8881 2338 0
8881 4442 1
8881 4553 0
8881 6867 0
8881 8977 0
8881 2881 0
8881 2938 0
8881 2976 0
8881 1221 0
8881 1259 0
8881 5476 0
8881 3561 0
8881 287 0
8881 5981 0
8881 5994 0
8881 3986 0
8881 18332 0
8881 6068 0
185 3283 1
185 5376 1
1221 3426 0
1221 4371 0
1221 6584 0
1221 4575 0
1221 4859 0
1221 864 0
1221 869 0
1221 1221 0
1221 1259 0
1221 5432 0
1221 287 0
1221 5981 0
1221 3955 0
1221 3986 0
1221 1943 0
3271 3283 1
4812 4812 0
4812 6378 0
4812 6867 0
4812 274 1
4812 4371 0
4812 5432 0
4812 4442 1
4812 6036 0
4812 1943 0
4812 4524 0
4812 4534 0
4812 4553 0
4812 5072 0
6355 5487 1
4822 6378 0
4822 2338 0
4822 3283 1
4822 4822 0
4822 4371 0
4822 8503 0
4822 5432 0
4822 4442 1
4822 864 0
4822 869 0
4822 5994 0
4822 3986 0
4822 4524 0
6378 3283 1
6378 6378 0
6378 4859 0
6378 4371 0
6378 3354 0
6378 8503 0
6378 4442 1
6378 3986 0
6378 6036 0
6378 5981 0
6378 6604 0
16107 1259 0
16107 3354 0
16107 2338 0
16107 4469 1
16107 16107 0
16107 7500 0
237 4859 0
237 6584 0
237 8977 0
237 18332 0
237 3283 1
237 237 0
237 238 0
237 2338 0
237 3426 0
237 3986 0
237 6867 0
237 1943 0
237 3561 0
238 3283 1
238 4859 0
238 13061 0
238 8977 0
238 2338 0
238 3426 0
238 3986 0
238 6867 0
238 18332 0
238 6584 0
6867 13061 0
6867 3283 1
6867 1259 0
6867 4859 0
6867 2338 0
6867 8503 0
6867 5981 0
6867 869 0
6867 5994 0
6867 2938 0
6867 13200 0
6867 3986 0
6867 6867 0
6867 18332 0
6867 6584 0
18170 274 1
18170 3283 1
4859 4371 0
4859 8503 0
4859 4442 1
4859 4534 0
4859 4524 0
4859 4859 0
4859 2881 0
4859 869 0
4859 5072 0
4859 3354 0
4859 5432 0
4859 5981 0
4859 3986 0
5376 3561 1
5376 6036 1
13061 8503 0
13061 4534 0
13061 6604 0
13061 2976 0
13061 13061 0
13061 3283 1
13061 1259 0
13061 3426 0
13061 3514 0
13061 5981 0
13061 3955 0
13061 6068 0
7944 7944 0
7944 4469 1
7944 3283 1
4362 274 1
4362 5072 0
8977 8977 0
8977 4442 1
8977 3426 0
8977 3986 0
274 12207 1
274 274 2
274 796 1
274 287 1
274 3955 1
274 13200 1
274 1943 1
274 6068 1
274 4553 1
274 5072 1
274 1004 1
4371 3283 1
4371 1259 0
4371 4371 0
4371 3354 0
4371 8503 0
4371 5432 0
4371 7500 0
4371 4442 1
4371 5994 0
4371 3986 0
4371 5981 0
4371 5072 0
3354 287 0
3354 2338 0
3354 4442 1
3354 869 0
3354 13200 0
3354 3283 1
3354 1259 0
3354 3354 0
3354 7500 0
3354 5476 0
3354 5432 0
3354 5981 0
796 18332 0
796 5476 0
287 287 0
287 8702 0
287 864 0
287 1004 0
287 1259 0
287 8503 0
287 2338 0
287 3426 0
287 4442 1
287 4553 0
287 4575 0
287 13200 0
287 5487 0
287 5994 0
2338 2338 0
2338 6604 0
2338 4575 0
2338 5072 0
2338 1004 0
2338 5981 0
2338 3283 1
2338 5432 0
2338 3426 0
2338 5994 0
2338 3986 0
2338 6036 0
2338 1943 0
2338 6068 0
3283 6584 1
3283 3283 2
3283 1259 1
3283 8503 1
3283 864 1
3283 3426 1
3283 5994 1
3283 5487 1
3283 2938 1
3283 13200 1
3283 3986 1
3283 1943 1
3283 18332 1
3283 2976 1
3283 6068 1
3283 4534 1
3283 3514 1
3283 6604 1
3283 3561 1
3283 869 1
3283 8702 1
8503 8503 0
8503 4442 1
8503 5994 0
5432 4442 1
5432 4534 0
5432 5072 0
5432 1259 0
5432 5432 0
5432 5476 0
5432 5981 0
5432 1943 0
2881 1259 0
2881 2881 0
2881 4442 1
2881 2976 0
2881 4534 0
7500 4442 1
7500 5981 0
7500 1259 0
7500 4469 1
4442 4534 1
4442 5072 1
4442 1259 1
4442 4442 2
4442 5981 1
4442 864 1
4442 5476 1
4442 869 1
4442 5994 1
4442 6604 1
4442 4575 1
4442 1004 1
5981 1004 0
5981 1943 0
5981 2976 0
5981 3426 0
5981 3514 0
5981 3561 0
5981 3986 0
5981 13200 0
5981 5981 0
5981 6068 0
864 1259 0
864 864 0
864 3986 0
3426 1004 0
3426 1259 0
3426 3426 0
3426 3514 0
3426 3986 0
3426 1943 0
3426 6068 0
5476 5476 0
5476 5994 0
5476 1943 0
869 869 0
5994 5072 0
5994 5994 0
5994 6036 0
5487 8702 0
5487 1004 0
5487 5487 0
5487 3955 0
5487 3986 0
3955 4469 1
3955 3986 0
4469 4524 1
4469 3514 1
4469 8702 1
4469 4469 2
2938 1259 0
2938 2938 0
2938 1943 0
2938 18332 0
2938 3561 0
1259 4524 0
1259 4534 0
1259 5072 0
1259 3561 0
1259 3986 0
13200 13200 0
13200 3986 0
3986 8702 0
3986 3561 0
3986 3986 0
3986 4534 0
3986 6068 0
6036 6036 0
6036 4534 0
6036 5072 0
1943 1943 0
1943 6068 0
18332 6584 0
18332 1004 0
18332 6068 0
2976 2976 0
4524 4524 0
4524 5072 0
4524 3561 0
12207 3561 0
6068 6068 0
4534 4534 0
4534 3561 0
6584 6584 0
6584 3561 0
3514 3514 0
4553 4553 0
4553 5072 0
5072 5072 0
4575 4575 0
4575 1004 0
1004 1004 0
