3073 1440 1
3073 1441 1
3073 11737 1
3073 3073 2
3073 3078 1
3073 1927 1
3073 3081 2
3073 4524 1
3073 7600 1
3073 8439 1
3073 8228 1
3073 1439 1
5635 5659 1
5635 6078 1
5635 861 0
5635 3422 0
5635 3446 0
3078 3078 0
3078 3081 1
3078 6580 1
3081 3232 1
3081 8356 1
3081 9167 1
3081 6160 1
3081 6580 2
3081 988 1
1688 4642 0
1688 1653 0
1688 1160 0
1688 6793 1
1688 2708 0
1688 1687 0
1688 1688 0
1688 2718 0
1688 1259 0
1688 1833 1
1688 5432 0
1688 6078 1
1688 2524 0
1688 16354 0
1688 3043 0
4623 4623 0
4623 4633 0
4623 4642 0
4623 4649 0
4623 4656 0
4623 4657 0
4623 5723 0
4623 6793 1
4623 3729 0
4623 2709 0
4623 2712 0
4623 16337 0
4623 5394 0
4623 3986 0
4623 1943 0
4623 6078 1
6160 6162 0
6160 6163 0
6160 6165 0
6160 6160 0
6160 6359 0
6160 287 0
6160 2338 0
6160 4555 0
6160 6739 0
6160 2709 0
6160 2718 0
6160 5469 0
6160 3426 0
6160 5659 1
6160 2997 0
6160 1620 0
6160 1653 0
6160 3729 0
6160 16061 1
6160 14094 0
6160 6014 1
6160 3986 0
6160 1943 0
6162 6162 0
6162 6163 0
6162 6165 0
6162 6359 0
6162 2338 0
6162 2594 0
6162 2598 0
6162 6739 0
6162 2712 0
6162 669 0
6162 2718 0
6162 672 0
6162 17064 0
6162 13061 0
6162 861 0
6162 2997 0
6162 9162 0
6162 1197 0
6162 5469 0
6162 3426 0
6162 5659 1
6162 1620 0
6162 3729 0
6162 16061 1
6162 5855 0
6162 14094 0
6162 3986 0
6162 1943 0
6163 6163 0
6163 6165 0
6163 4300 0
6163 6359 0
6163 287 0
6163 2338 0
6163 2597 0
6163 2599 0
6163 6739 0
6163 6740 0
6163 2678 0
6163 2712 0
6163 8881 0
6163 14094 0
6163 13061 0
6163 7005 0
6163 5039 0
6163 861 0
6163 5469 0
6163 3426 0
6163 5659 1
6163 2997 0
6163 5723 0
6163 1653 0
6163 16061 1
6163 5855 0
6163 6014 1
6163 1927 0
6163 3986 0
6163 1943 0
6165 8881 0
6165 53 0
6165 4218 0
6165 6359 0
6165 242 0
6165 6165 0
6165 287 0
6165 2338 0
6165 4524 0
6165 4555 0
6165 12749 0
6165 2594 0
6165 2598 0
6165 2599 0
6165 6739 0
6165 6740 0
6165 2708 0
6165 2709 0
6165 2712 0
6165 669 0
6165 2718 0
6165 672 0
6165 673 0
6165 861 0
6165 2997 0
6165 7005 0
6165 5247 0
6165 3232 0
6165 1259 0
6165 3426 0
6165 7064 0
6165 5659 1
6165 1620 0
6165 5855 0
6165 14094 0
6165 6014 1
6165 1927 0
6165 3986 0
6165 1943 0
6165 4095 0
3095 2708 1
3095 3095 2
3095 4633 1
3095 673 1
3095 2338 1
3095 4524 1
3095 4656 1
3095 4657 1
3095 4532 1
3095 4642 1
3095 988 1
3095 4464 1
4633 4642 0
4633 4649 0
4633 4656 0
4633 4657 0
4633 3426 0
4633 5723 0
4633 6793 1
4633 3729 0
4633 2709 0
4633 2712 0
4633 2718 0
4633 5394 0
4633 1943 0
4633 6078 1
5659 16354 1
5659 1160 1
5659 1803 1
5659 5793 1
5659 5394 1
5659 1687 1
5659 5659 2
5659 2588 2
5659 669 1
5659 672 1
5659 673 1
5659 936 1
5659 4649 1
5659 7084 1
5659 53 1
5659 3232 1
5659 4802 1
5659 4128 1
5659 9162 1
5659 1314 1
5659 210 1
5659 5469 1
5659 14587 1
5659 6560 1
5659 1259 1
5659 5523 1
5659 242 1
5659 4084 1
5659 6904 1
5659 277 1
2588 2588 2
2588 4128 1
2588 5469 1
2588 13389 1
2588 2678 1
2588 1160 1
2588 1687 1
2588 1197 1
2588 8881 1
2588 6849 1
2588 210 1
2588 5855 1
2588 1259 1
2588 6904 1
2588 277 1
2588 1314 1
2588 301 1
2588 5432 1
2588 7005 1
2588 5476 1
2588 5994 1
2588 3446 1
2588 6560 1
2588 7077 1
2588 936 1
2588 4550 1
2588 4551 1
2588 16354 1
4357 4357 0
4357 6793 1
4357 8477 0
4357 6078 1
4128 4128 0
4128 8881 0
4128 287 0
4128 2712 0
4128 6739 0
4642 4642 0
4642 4649 0
4642 4656 0
4642 4657 0
4642 3729 0
4642 2709 0
4642 2712 0
4642 16061 1
4642 5855 0
4642 13355 0
4642 301 0
4642 5994 0
4642 3446 0
4642 3986 0
4642 6078 1
4642 2524 0
8228 16061 1
8228 12749 0
2597 2594 0
2597 2599 0
2597 53 0
2597 6740 0
2597 6078 1
2597 17064 0
2597 8881 0
2597 6182 1
2597 14094 0
2597 8477 0
2597 4958 0
2597 3426 0
2597 3986 0
2597 1943 0
2597 2997 0
2597 6739 0
2598 53 0
2598 8254 0
2598 6182 1
2598 8477 0
2598 2338 0
2598 2594 0
2598 2598 0
2598 2599 0
2598 6739 0
2598 6740 0
2598 17064 0
2598 8881 0
2598 861 0
2598 4982 0
2598 5017 0
2598 9081 0
2598 5394 0
2598 3426 0
2598 2997 0
2598 1653 0
2598 3729 0
2598 5994 0
2598 3986 0
2598 1943 0
2598 6078 1
2599 7084 0
2599 2594 0
2599 2599 0
2599 2712 0
2599 53 0
2599 8254 0
2599 6739 0
2599 6740 0
2599 2708 0
2599 2718 0
2599 3232 0
2599 17064 0
2599 5017 0
2599 6359 0
2599 16337 0
2599 242 0
2599 6401 0
2599 4867 1
2599 8477 0
2599 2338 0
2599 2382 0
2599 861 0
2599 4958 0
2599 3426 0
2599 5994 0
2599 4462 1
2599 3446 0
2599 3729 0
2599 1927 0
2599 3986 0
2599 1943 0
2599 4524 0
2599 5044 0
2599 2997 0
2599 6078 1
2599 1478 0
2599 8881 0
4649 4649 0
4649 4656 0
4649 4657 0
4649 1620 0
4649 5476 0
4649 6793 1
4649 2708 0
4649 2709 0
4649 2712 0
4649 5855 0
4649 287 0
4649 3729 0
4649 3446 0
4649 3986 0
4649 16337 0
4649 6740 0
13355 41 0
13355 4218 0
13355 287 0
13355 4464 0
13355 556 1
13355 4656 0
13355 6793 1
13355 2708 0
13355 1478 0
13355 17064 0
13355 7005 0
13355 4982 0
13355 7064 0
13355 5017 0
13355 5039 0
13355 5044 0
13355 9162 0
13355 5183 0
13355 15920 0
13355 1653 0
13355 8477 0
13355 5855 0
13355 1891 0
13355 1927 0
13355 1943 0
13355 16337 0
556 14094 1
556 7064 1
556 669 1
556 5723 1
556 3364 1
556 4681 1
556 13061 1
556 191 1
556 16337 1
556 1369 1
556 861 1
556 3426 1
556 3043 1
556 5476 1
556 4464 1
556 20857 1
7005 2594 0
7005 6182 1
7005 3426 0
7005 6739 0
7005 6740 0
7005 5723 0
7005 1653 0
7005 8881 0
7005 13061 0
7005 4958 0
7005 3986 0
7005 1943 0
7005 5017 0
7005 2997 0
4656 4656 0
4656 4657 0
4656 6793 1
4656 2709 0
4656 2712 0
4656 669 0
4656 16337 0
4657 2709 0
4657 2712 0
4657 2338 0
4657 3422 0
4657 3986 0
4657 1943 0
4657 6078 1
4657 16337 0
53 53 0
53 6359 0
53 242 0
53 287 0
53 2338 0
53 301 0
53 4464 0
53 2594 0
53 6740 0
53 2708 0
53 2712 0
53 2718 0
53 8881 0
53 4958 0
53 7064 0
53 5017 0
53 7084 0
53 5044 0
53 2997 0
53 988 0
53 861 0
53 5247 0
53 5469 0
53 3446 0
53 6739 0
53 15920 0
53 1653 0
53 3729 0
53 1687 0
53 5855 0
53 14094 0
53 1927 0
53 1943 0
53 6078 1
53 5793 0
568 6739 0
568 16337 0
568 5432 0
568 5434 0
568 568 0
568 1927 0
568 3986 0
568 6078 1
568 5076 1
4532 1653 0
4532 6401 0
4532 4867 1
4532 2382 0
4532 4464 0
4532 4524 0
4532 7600 0
4532 4532 0
8254 2594 0
8254 6739 0
8254 2678 0
8254 2709 0
8254 669 0
8254 17064 0
8254 8881 0
8254 6182 1
8254 13061 0
8254 5394 0
8254 2338 0
8254 4958 0
8254 3426 0
8254 8477 0
8254 3986 0
8254 1943 0
8254 2997 0
8254 6078 1
8254 4550 0
8254 3043 0
8254 6740 0
5183 41 0
5183 5184 1
5183 5185 1
5183 6739 0
5183 6740 0
5183 8881 0
5183 6399 0
5183 20759 0
5183 1891 0
5183 7041 0
5183 7042 0
5183 7043 0
5183 3986 0
5183 1943 0
5183 6043 0
5183 2997 0
5183 4069 0
5184 41 1
5184 5185 2
5184 8270 1
5184 6739 1
5184 8856 1
5184 8881 1
5184 3816 1
5184 6380 1
5184 3826 1
5184 6399 1
5184 16661 1
5184 20759 1
5184 3422 1
5184 1891 1
5184 7041 1
5184 7042 1
5184 7043 1
5184 7064 1
5184 6043 1
5184 2997 1
5184 3232 1
5184 4069 1
5184 6740 1
5185 7041 1
5185 5186 2
5185 1891 1
5185 16661 1
5185 20759 1
5185 7042 1
5185 14094 1
5185 6399 1
5185 7043 1
5185 3446 1
5185 1369 1
5185 4069 1
5186 7041 1
5186 7042 1
5186 1891 1
5186 4069 1
5186 7043 1
5186 20759 1
5186 6399 1
4681 4681 0
4681 1620 0
4681 5247 0
4681 2718 0
4681 1653 0
4681 4300 0
4681 5855 0
4681 4339 0
4681 4867 1
4681 287 0
4681 2338 0
4681 1833 1
4681 2382 0
4681 5469 0
4681 4464 0
4681 3446 0
4681 1927 0
4681 3986 0
4681 7064 0
4681 2997 0
4681 1478 0
4681 3036 0
4681 5523 0
13389 1653 0
13389 5855 0
13389 301 0
13389 5994 0
13389 6078 1
13389 2524 0
8270 8270 0
8270 6078 1
8270 6849 0
8270 2338 0
8270 5469 0
8270 1478 0
8270 1653 0
6739 41 0
6739 4464 0
6739 4300 0
6739 6359 0
6739 17064 0
6739 2338 0
6739 9081 0
6739 6560 0
6739 4524 0
6739 20857 0
6739 2594 0
6739 6739 0
6739 6740 0
6739 2678 0
6739 6793 1
6739 2708 0
6739 2709 0
6739 2712 0
6739 669 0
6739 2718 0
6739 672 0
6739 673 0
6739 8881 0
6739 4958 0
6739 4982 0
6739 5017 0
6739 5039 0
6739 5044 0
6739 988 0
6739 1144 1
6739 3232 0
6739 1259 0
6739 7041 0
6739 5394 0
6739 1369 0
6739 8439 0
6739 15920 0
6739 1653 0
6739 8477 0
6739 287 0
6739 1927 0
6739 3986 0
6739 4095 0
6740 41 0
6740 129 0
6740 242 0
6740 8477 0
6740 301 0
6740 1923 0
6740 2524 0
6740 2594 0
6740 2678 0
6740 2709 0
6740 2718 0
6740 17064 0
6740 8881 0
6740 4982 0
6740 5017 0
6740 5039 0
6740 3422 0
6740 1441 0
6740 1653 0
6740 14094 0
6740 2712 0
6740 3986 0
6740 1943 0
6740 6078 1
6740 4095 0
5723 41 0
5723 5723 0
5723 2678 0
5723 2708 0
5723 1687 0
5723 2718 0
5723 3232 0
5723 242 0
5723 1833 1
5723 3426 0
5723 5039 0
5723 4095 0
1653 8439 0
1653 8477 0
1653 16729 0
1653 8856 0
1653 669 0
1653 673 0
1653 8881 0
1653 861 0
1653 9081 0
1653 9162 0
1653 1144 1
1653 1160 0
1653 1197 0
1653 1259 0
1653 1441 0
1653 1653 0
1653 1897 0
1653 1943 0
1653 2338 0
1653 2382 0
1653 2594 0
1653 11737 0
1653 3729 0
1653 3986 0
1653 4464 0
1653 4802 0
1653 13061 0
1653 4982 0
1653 5017 0
1653 4958 0
1653 5523 0
1653 5855 0
1653 6078 1
1653 6380 0
1653 6560 0
1653 16061 1
1653 16354 0
2678 2594 0
2678 41 0
2678 2678 0
2678 1687 0
2678 6359 0
2678 5855 0
2678 6904 0
2678 8477 0
2678 301 0
2678 861 0
2678 3426 0
2678 3986 0
2678 6560 0
2678 1943 0
2678 6078 1
1144 3426 1
1144 1891 1
4218 3986 0
4218 6182 1
4218 6078 1
4218 3422 0
16729 2566 1
16729 14094 0
16729 1943 0
16729 287 0
16729 6078 1
16729 3422 0
5247 4867 1
5247 41 0
5247 3036 0
5247 1620 0
5247 8881 0
5247 2709 0
5247 2712 0
5247 2718 0
5247 4550 0
5247 1197 0
5247 7064 0
5247 4300 0
5247 6359 0
5247 242 0
5247 4339 0
5247 287 0
5247 2338 0
5247 988 0
5247 6793 1
5247 5432 0
5247 5469 0
5247 3986 0
5247 5044 0
5247 1478 0
5247 4555 0
5247 2524 0
5247 4095 0
129 6182 1
129 5469 0
129 129 0
129 2709 0
129 16337 0
129 669 0
129 672 0
129 673 0
129 1197 0
129 2338 0
129 5928 1
129 3446 0
129 1927 0
129 4524 0
129 7600 0
129 6078 1
129 5523 0
277 277 0
277 2712 0
277 2718 0
277 5432 0
277 2709 0
1160 5469 0
1160 301 0
1160 6560 0
1160 4550 0
1160 4551 0
1160 6904 0
1160 2524 0
1160 7077 0
1160 7084 0
1160 3043 0
1160 861 0
1160 1160 0
1160 1259 0
1160 5434 0
1160 5476 0
1160 3446 0
1160 5523 0
1160 3729 0
1160 1687 0
1160 5855 0
1160 5432 0
1160 5994 0
6793 6401 1
6793 1927 1
6793 6793 2
6793 3729 1
6793 3986 1
6793 13061 1
6793 15920 1
6793 4555 1
6793 2382 1
6793 1620 1
6793 3422 1
6793 3826 1
6793 20857 1
6793 4095 1
2524 5469 0
2524 3729 0
2524 2708 0
2524 1687 0
2524 2712 0
2524 2718 0
2524 8881 0
2524 5855 0
2524 1259 0
2524 6904 0
2524 1833 1
2524 301 0
2524 5432 0
2524 5994 0
2524 3446 0
2524 5523 0
2524 1943 0
2524 7077 0
2524 7084 0
2524 6078 1
2524 4550 0
2524 4551 0
2524 2524 0
2524 3043 0
3729 6359 0
3729 242 0
3729 287 0
3729 2382 0
3729 7650 0
3729 20857 0
3729 4550 0
3729 4551 0
3729 4555 0
3729 669 0
3729 2718 0
3729 8881 0
3729 7042 0
3729 7077 0
3729 7084 0
3729 3043 0
3729 5432 0
3729 15920 0
3729 3729 0
3729 1687 0
3729 5855 0
3729 1927 0
3729 1943 0
3729 6078 1
3729 4095 0
2708 287 0
2708 2382 0
2708 4464 0
2708 2709 0
2708 2712 0
2708 669 0
2708 2718 0
2708 8881 0
2708 13061 0
2708 861 0
2708 7077 0
2708 5432 0
2708 3446 0
2708 7084 0
2708 1620 0
2708 5793 0
2708 5855 0
2708 14094 0
2708 3986 0
2708 6078 1
2708 16354 0
2709 6380 0
2709 6401 0
2709 17064 0
2709 2338 0
2709 2594 0
2709 2709 0
2709 2712 0
2709 669 0
2709 2718 0
2709 8881 0
2709 6904 0
2709 13061 0
2709 861 0
2709 4958 0
2709 7064 0
2709 5039 0
2709 9162 0
2709 5432 0
2709 3426 0
2709 5476 0
2709 1620 0
2709 16354 0
2709 1687 0
2709 5855 0
2709 5928 1
2709 3986 0
2709 1943 0
2709 6078 1
1687 3426 0
1687 5476 0
1687 4300 0
1687 242 0
1687 6401 0
1687 2338 0
1687 301 0
1687 6560 0
1687 4550 0
1687 4555 0
1687 6904 0
1687 861 0
1687 7084 0
1687 3043 0
1687 1197 0
1687 1259 0
1687 5432 0
1687 5434 0
1687 5469 0
1687 3446 0
1687 5523 0
1687 7077 0
1687 1687 0
1687 5855 0
1687 5994 0
1687 6078 1
1687 16354 0
2712 6359 0
2712 242 0
2712 17064 0
2712 287 0
2712 2338 0
2712 4555 0
2712 7600 0
2712 2594 0
2712 2712 0
2712 2718 0
2712 8881 0
2712 861 0
2712 4958 0
2712 5017 0
2712 5044 0
2712 2997 0
2712 9162 0
2712 3036 0
2712 3043 0
2712 988 0
2712 1259 0
2712 5394 0
2712 1314 0
2712 5432 0
2712 3426 0
2712 3446 0
2712 7077 0
2712 1620 0
2712 5855 0
2712 1833 1
2712 3986 0
2712 1943 0
2712 6078 1
669 301 0
669 4464 0
669 669 0
669 2718 0
669 7064 0
669 5076 1
669 3036 0
669 5432 0
669 3426 0
669 1441 0
669 7600 0
669 1620 0
669 16061 1
669 14094 0
669 1927 0
669 6078 1
669 4095 0
2718 242 0
2718 287 0
2718 2338 0
2718 301 0
2718 5523 0
2718 4524 0
2718 4550 0
2718 2718 0
2718 8881 0
2718 4867 1
2718 861 0
2718 4982 0
2718 5039 0
2718 5044 0
2718 3036 0
2718 3043 0
2718 3232 0
2718 2594 0
2718 6359 0
2718 5432 0
2718 5469 0
2718 3426 0
2718 3446 0
2718 1943 0
2718 5017 0
2718 1620 0
2718 5855 0
2718 14094 0
2718 1927 0
2718 3986 0
2718 6078 1
2718 2382 0
2718 16354 0
672 1620 0
672 672 0
672 14094 0
672 301 0
672 3426 0
672 7064 0
672 1439 0
672 6078 1
5793 5793 0
5793 1259 0
5793 2382 0
5793 6078 1
5793 16354 0
8356 3986 0
8356 2338 0
8356 6580 1
8356 16337 0
8356 5855 0
1478 1620 0
1478 287 0
1478 2338 0
1478 1369 0
1478 5469 0
1478 3422 0
1478 6014 1
1478 3986 0
1478 1943 0
1478 2997 0
1478 5076 1
17064 2594 0
17064 8881 0
17064 6380 0
17064 5394 0
17064 8477 0
17064 6182 1
17064 4958 0
17064 3426 0
17064 3986 0
17064 1943 0
17064 2997 0
17064 6078 1
4551 6401 0
4551 301 0
4551 2382 0
4551 5523 0
4551 4555 0
4551 4550 0
4551 4551 0
4551 6904 0
4551 4867 1
4551 861 0
4551 7064 0
4551 3036 0
4551 3043 0
4551 1197 0
4551 5432 0
4551 5434 0
4551 3426 0
4551 5476 0
4551 1620 0
4551 5855 0
4551 3986 0
1197 13061 0
1197 6182 1
1197 1620 0
1197 1197 0
1197 8881 0
1197 5855 0
1197 4867 1
1197 2338 0
1197 301 0
1197 5432 0
1197 1927 0
1197 7064 0
1197 7084 0
1197 4550 0
1197 4555 0
1197 7077 0
1197 3043 0
1197 4069 0
1197 6560 0
1197 5523 0
8881 8881 0
8881 4339 0
8881 2338 0
8881 2382 0
8881 9081 0
8881 4462 1
8881 2594 0
8881 6904 0
8881 861 0
8881 4982 0
8881 5017 0
8881 5039 0
8881 5044 0
8881 3043 0
8881 1259 0
8881 5469 0
8881 5476 0
8881 3446 0
8881 5523 0
8881 8477 0
8881 287 0
8881 5855 0
8881 5994 0
8881 3986 0
8881 6078 1
8881 4095 0
16061 11737 1
16061 287 1
16061 1440 1
16061 1441 1
16061 3364 1
16061 1439 1
16061 12749 1
16061 16337 1
16061 3043 1
16061 5994 1
16061 8439 1
191 1803 0
191 6078 1
191 3422 0
191 3986 0
6849 6849 0
6849 6078 1
6849 9162 0
4802 1943 0
4802 3986 0
4802 6078 1
4802 1620 0
4802 3422 0
4802 3446 0
16068 6359 0
16068 4462 1
16068 5928 1
3446 8439 0
3446 287 0
3446 301 0
3446 2382 0
3446 861 0
3446 7084 0
3446 3043 0
3446 5469 0
3446 3446 0
3446 5855 0
3446 5994 0
4300 5469 0
4300 1620 0
4300 4300 0
4300 4339 0
4300 4867 1
4300 2338 0
4300 5928 1
4300 5476 0
4300 1259 0
4300 1927 0
4300 3986 0
4300 7077 0
4300 4555 0
4300 3036 0
4300 16354 0
4300 5523 0
4300 4084 0
2594 6359 0
2594 242 0
2594 287 0
2594 2338 0
2594 9081 0
2594 4524 0
2594 2566 1
2594 13061 0
2594 2594 0
2594 8477 0
2594 861 0
2594 4958 0
2594 4982 0
2594 5017 0
2594 5039 0
2594 5044 0
2594 2997 0
2594 3232 0
2594 1259 0
2594 5394 0
2594 3426 0
2594 7064 0
2594 5855 0
2594 5994 0
2594 1923 0
2594 1927 0
2594 3986 0
2594 1943 0
2594 6078 1
2594 16337 0
2594 4095 0
210 2338 0
210 5523 0
210 210 0
210 1943 0
41 13061 0
41 7084 0
41 3986 0
41 1943 0
41 287 0
41 41 0
41 4524 0
41 6078 1
41 2382 0
41 3426 0
9081 8477 0
9081 6182 1
9081 6078 1
9081 6359 0
9081 861 0
9081 4982 0
9081 1943 0
9081 5017 0
9081 5039 0
9081 5044 0
9081 2997 0
1314 1314 0
1314 4524 0
1314 5432 0
1314 5434 0
5855 6359 0
5855 242 0
5855 301 0
5855 2382 0
5855 6560 0
5855 4524 0
5855 4555 0
5855 6904 0
5855 13061 0
5855 4550 0
5855 861 0
5855 4982 0
5855 5017 0
5855 7084 0
5855 5039 0
5855 5044 0
5855 9167 0
5855 3338 0
5855 5432 0
5855 5434 0
5855 5469 0
5855 7064 0
5855 15920 0
5855 7077 0
5855 1620 0
5855 5855 0
5855 5994 0
5855 1927 0
5855 6078 1
5855 16354 0
6182 3338 1
6182 5017 1
6182 5039 1
6182 4958 1
6182 861 1
6182 2997 1
6182 5044 1
6182 4982 1
6182 3422 1
6182 8477 1
3816 3826 0
3816 4462 1
3816 3986 0
3816 6043 0
1259 6359 0
1259 287 0
1259 301 0
1259 2382 0
1259 4524 0
1259 4555 0
1259 13061 0
1259 861 0
1259 7064 0
1259 7084 0
1259 5432 0
1259 5469 0
1259 3426 0
1259 1620 0
1259 14094 0
1259 3986 0
1259 6078 1
1259 16354 0
6380 3422 0
6380 1620 0
6380 242 0
6380 4958 0
6380 1943 0
6380 6078 1
6380 988 0
3826 16661 0
3826 6043 0
3826 7650 0
4339 5469 0
4339 1620 0
4339 2338 0
4339 4867 1
4339 3986 0
4339 8477 0
4339 1927 0
4339 4524 0
4339 5076 1
4339 3036 0
8439 8439 0
8439 287 0
8439 2338 0
8439 5469 0
8439 1439 0
8439 1440 0
8439 1441 0
8439 7600 0
8439 3043 0
6904 6904 0
6904 301 0
6904 5523 0
6904 6560 0
6904 7084 0
6904 4550 0
6904 3043 0
14587 6078 1
6399 7041 0
6399 7042 0
6399 7043 0
6399 20759 0
6399 3232 0
6399 861 0
6399 4069 0
6399 1891 0
6401 6401 0
6401 4867 1
6401 2382 0
6401 3986 0
6401 1943 0
4867 4867 2
4867 3986 1
4867 5523 1
4867 2338 1
4867 4524 1
4867 8477 1
4867 7600 1
4867 5432 1
4867 5434 1
4867 4550 1
4867 4555 1
4867 1620 1
4867 5469 1
4867 7163 2
13061 242 0
13061 8477 0
13061 7064 0
13061 5017 0
13061 5044 0
13061 13061 0
13061 3232 0
13061 5469 0
13061 3426 0
13061 1927 0
3338 3986 0
3338 6078 1
3338 861 0
3338 3426 0
1803 2338 0
1803 861 0
1803 3422 0
1803 3426 0
1803 1897 0
1803 6078 1
14094 673 0
14094 15920 0
14094 3232 0
14094 4958 0
14094 4464 0
14094 9162 0
5394 1620 0
5394 8477 0
5394 3426 0
5394 2997 0
5394 6078 1
7043 7041 0
7043 7042 0
7043 3986 0
7043 20759 0
7043 1620 0
7043 4069 0
16661 3986 0
16661 3426 0
20759 7041 0
20759 20759 0
20759 7042 0
8477 287 0
8477 2338 0
8477 4958 0
8477 4982 0
8477 7064 0
8477 5017 0
8477 861 0
8477 3426 0
8477 2997 0
8477 3986 0
8477 1943 0
8477 16354 0
287 242 0
287 287 0
287 1620 0
287 1897 0
287 2338 0
287 2382 0
287 2566 1
287 3043 0
287 3422 0
287 3426 0
287 4555 0
287 12749 0
287 5039 0
287 5044 0
287 5994 0
287 6078 1
15920 861 0
15920 2338 0
15920 3426 0
15920 3986 0
15920 1943 0
15920 7077 0
15920 2997 0
15920 6078 1
2338 242 0
2338 2338 0
2338 4464 0
2338 4550 0
2338 673 0
2338 4982 0
2338 5017 0
2338 5039 0
2338 5044 0
2338 2997 0
2338 5076 1
2338 3036 0
2338 5432 0
2338 1369 0
2338 5469 0
2338 3422 0
2338 3426 0
2338 7064 0
2338 1620 0
2338 988 0
2338 1891 0
2338 5994 0
2338 1927 0
2338 3986 0
2338 1943 0
2338 12749 0
2338 4095 0
5928 5523 1
5928 1943 1
5928 5928 2
5928 6359 1
5928 3036 1
1833 1833 2
1833 7650 1
3232 3426 0
3232 3232 0
3232 861 0
3232 4958 0
3232 1891 0
3232 7041 0
3232 3986 0
3232 1943 0
3232 2997 0
3232 7163 1
301 5469 0
301 7077 0
301 1620 0
301 16354 0
301 301 0
301 2382 0
301 5432 0
301 5994 0
301 5523 0
301 1927 0
301 6560 0
301 7084 0
301 6078 1
301 4550 0
301 4555 0
301 3043 0
301 4095 0
5432 242 0
5432 4550 0
5432 4555 0
5432 861 0
5432 7077 0
5432 5432 0
5432 5434 0
5432 5469 0
5432 5476 0
5432 5523 0
5432 1620 0
5432 3043 0
5432 1943 0
5432 6078 1
5434 5994 0
5434 1943 0
5434 4550 0
5434 5076 1
7084 5469 0
7084 7077 0
7084 861 0
7084 7084 0
7084 6078 1
7084 6560 0
7084 16354 0
7084 3043 0
7650 6078 1
7650 3426 0
2382 6359 0
2382 2382 0
2382 6560 0
2382 4524 0
2382 4550 0
2382 3043 0
2382 1369 0
2382 11737 0
2382 6078 1
1369 1369 0
1369 3986 0
1369 6078 1
1369 16337 0
861 4464 0
861 4550 0
861 861 0
861 4982 0
861 5039 0
861 5044 0
861 3043 0
861 4958 0
861 1891 0
861 5469 0
861 3426 0
861 7064 0
861 5017 0
861 1439 0
861 242 0
861 5994 0
861 1927 0
861 3986 0
861 6078 1
861 4084 0
861 4095 0
3422 20857 0
3422 242 0
3422 4982 0
3422 8856 0
3422 5017 0
3422 6078 1
3426 6359 0
3426 242 0
3426 20857 0
3426 4550 0
3426 4958 0
3426 4982 0
3426 5017 0
3426 5039 0
3426 5044 0
3426 2997 0
3426 9162 0
3426 3426 0
3426 7064 0
3426 1897 0
3426 1927 0
3426 3986 0
3426 1943 0
3426 4095 0
1891 4069 0
1891 7163 1
5476 5476 0
5476 5994 0
5476 6014 1
5476 1927 0
5476 1943 0
5476 7077 0
5476 4550 0
1897 6078 1
1897 1897 0
1897 5076 1
5994 7064 0
5994 5017 0
5994 3043 0
5994 5994 0
5994 16354 0
4462 4462 2
4464 242 0
4464 1927 0
4464 3986 0
4464 7064 0
4464 4524 0
4982 6078 1
4982 6359 0
4982 1943 0
4982 5017 0
4982 5039 0
4982 5044 0
4982 2997 0
20857 1620 0
20857 3986 0
20857 6560 0
6014 1923 1
7041 7042 0
7041 4069 0
7042 4069 0
1923 6078 1
1927 242 0
1927 4524 0
1927 4958 0
1927 7064 0
1927 2997 0
1927 988 0
1927 3043 0
1927 5469 0
1927 3986 0
1927 1943 0
1927 6078 1
8856 6078 1
3986 242 0
3986 1439 0
3986 1620 0
3986 3986 0
3986 4069 0
3986 4095 0
3986 4550 0
3986 5017 0
3986 5469 0
3986 5523 0
3986 6359 0
3986 7064 0
3986 16337 0
5523 7077 0
5523 1620 0
5523 4555 0
5523 3043 0
5523 3036 0
5523 5523 0
5523 5469 0
5523 4550 0
5523 16354 0
5469 242 0
5469 4524 0
5469 7064 0
5469 7077 0
5469 3036 0
5469 5469 0
5469 1620 0
5469 1943 0
1943 242 0
1943 9162 0
1943 5039 0
1943 2997 0
1943 988 0
1943 3043 0
1943 16337 0
1943 7064 0
1943 5017 0
1943 5044 0
1943 1620 0
1943 1943 0
1943 6078 1
1943 4095 0
7064 6359 0
7064 242 0
7064 4958 0
7064 4524 0
7064 7600 0
7064 2997 0
7064 4550 0
7064 988 0
5017 6359 0
5017 242 0
5017 4958 0
5017 5039 0
5017 5044 0
5017 2997 0
5017 6078 1
6043 6078 1
6043 4069 0
1439 7600 0
1439 1439 0
1439 1440 0
1439 1441 0
1440 1440 0
4958 242 0
4958 6078 1
4958 4958 0
4958 9167 0
4958 1620 0
4958 4095 0
7077 3043 0
7077 7077 0
7077 6078 1
7077 6359 0
4524 6560 0
4524 4524 0
4524 5044 0
4524 2997 0
4524 9162 0
4524 5076 1
4524 7600 0
4524 1620 0
242 6359 0
242 6560 0
242 5044 0
242 2997 0
242 6078 1
5039 6078 1
5039 6359 0
5039 5044 0
5039 2997 0
5044 6359 0
5044 6078 1
5044 5044 0
5044 2997 0
2997 988 0
2997 2997 0
2997 4095 0
6078 6359 1
6078 12749 1
6078 673 1
6078 9162 1
6078 9167 1
6078 3036 1
6078 6078 2
6078 16354 1
6078 4084 1
6078 4095 1
6560 6560 0
6560 4550 0
6560 4555 0
6560 3043 0
4550 4550 0
4550 4555 0
4550 3036 0
4550 3043 0
4550 1620 0
4550 4084 0
673 1620 0
9162 9162 0
9162 4069 0
4555 1620 0
4555 4555 0
4555 16354 0
4555 3043 0
12749 12749 0
9167 9167 0
16337 1620 0
16337 6359 0
5076 5076 2
3036 1620 0
3036 3036 0
16354 7163 1
16354 3043 0
16354 16354 0
3043 6359 0
3043 3043 0
988 6359 0
988 988 0
988 1620 0
4084 4084 0
4084 4095 0
1620 6359 0
1620 1620 0
1620 4095 0
4095 4095 0
