2048 2048 0
2048 4145 0
2048 159 0
2048 187 0
2048 6401 0
2048 2338 0
2048 6599 0
2048 6737 1
2048 6741 0
2048 2709 0
2048 2712 0
2048 2718 0
2048 8867 0
2048 861 0
2048 13355 0
2048 3236 0
2048 3426 0
2048 1392 0
2048 3444 0
2048 5772 1
2048 1680 0
2048 1741 0
2048 14072 0
2048 5981 0
2048 3986 0
2048 2722 0
6401 2703 0
6401 2709 0
6401 6599 0
6401 16157 0
6401 732 1
6401 14546 1
6401 6401 0
6401 3986 0
17451 287 0
17451 732 1
17451 1422 1
13061 6153 0
13061 6163 0
13061 6164 0
13061 117 0
13061 18728 0
13061 6586 0
13061 2501 0
13061 2709 0
13061 2722 0
13061 8867 0
13061 732 1
13061 7005 0
13061 13061 0
13061 3426 0
13061 3444 0
13061 5529 0
13061 1653 0
13061 1680 0
13061 5855 0
13061 3866 1
13061 5981 0
13061 14072 0
861 6153 0
861 6163 0
861 4145 0
861 117 0
861 6164 0
861 159 0
861 187 0
861 5494 0
861 18728 0
861 4405 1
861 6586 0
861 14072 0
861 2602 0
861 6737 1
861 6741 0
861 2709 0
861 2712 0
861 2718 0
861 2722 0
861 8867 0
861 732 1
861 861 0
861 1891 1
861 1159 0
861 3236 0
861 3426 0
861 1392 0
861 3444 0
861 3446 0
861 1653 0
861 1680 0
861 1741 0
861 5855 0
861 3986 0
1159 6163 0
1159 4145 0
1159 6160 0
1159 1159 0
1159 1680 0
1159 2718 0
1159 159 0
1159 187 0
1159 732 1
1159 287 0
1159 1891 1
1159 3444 0
1159 3236 0
6153 6153 0
6153 13355 0
6153 4145 0
6153 1620 0
6153 117 0
6153 5772 1
6153 3729 0
6153 1741 0
6153 4405 1
6153 3426 0
6153 3986 0
5772 6164 1
5772 6741 1
5772 8467 1
5772 117 1
5772 5772 2
5772 1680 1
5772 8867 1
5772 1741 1
5772 7455 1
5772 5981 1
5772 8089 1
5772 6586 1
5772 2501 1
8590 3866 1
8590 2338 0
8590 4405 1
2703 6160 0
2703 6163 0
2703 6522 0
2703 6599 0
2703 562 1
2703 6737 1
2703 6741 0
2703 2703 0
2703 2709 0
2703 2712 0
2703 2718 0
2703 2722 0
2703 8867 0
2703 3426 0
2703 5529 0
2703 1620 0
2703 3729 0
2703 5855 0
2703 3986 0
1680 4145 0
1680 187 0
1680 2338 0
1680 2501 0
1680 2596 0
1680 6737 1
1680 6741 0
1680 2712 0
1680 2718 0
1680 2722 0
1680 8867 0
1680 3236 0
1680 3426 0
1680 1392 0
1680 5529 0
1680 14072 0
1680 16157 0
1680 1891 1
1680 3986 0
3729 6160 0
3729 287 0
3729 4405 1
3729 2501 0
3729 6741 0
3729 2718 0
3729 2722 0
3729 8867 0
3729 732 1
3729 1392 0
3729 1653 0
3729 3729 0
3729 1741 0
3729 5855 0
3729 5981 0
3986 117 0
3986 159 0
3986 187 0
3986 8867 0
3986 732 1
3986 1392 0
3986 1620 0
3986 1653 0
3986 2338 0
3986 18728 0
3986 2501 0
3986 14072 0
3986 2596 0
3986 2709 0
3986 2712 0
3986 2718 0
3986 2722 0
3986 3236 0
3986 3426 0
3986 3444 0
3986 3986 0
3986 4145 0
3986 4405 1
3986 5494 0
3986 5529 0
3986 5981 0
3986 6160 0
3986 6163 0
3986 6164 0
3986 6586 0
3986 6737 1
3986 6741 0
3986 7005 0
3986 8089 0
6163 6163 0
6163 4145 0
6163 6160 0
6163 6164 0
6163 287 0
6163 2338 0
6163 18728 0
6163 14072 0
6163 562 1
6163 6737 1
6163 6741 0
6163 2704 0
6163 2712 0
6163 8867 0
6163 7005 0
6163 3236 0
6163 3426 0
6163 1392 0
6163 1653 0
6163 5855 0
6163 5981 0
6163 8089 0
6164 4145 0
6164 6160 0
6164 6164 0
6164 2338 0
6164 6737 1
6164 6741 0
6164 2712 0
6164 8867 0
6164 562 1
6164 3426 0
6164 1653 0
6164 1741 0
2709 6160 0
2709 117 0
2709 8467 0
2709 2338 0
2709 18728 0
2709 2501 0
2709 6599 0
2709 562 1
2709 6737 1
2709 6741 0
2709 2709 0
2709 2712 0
2709 2718 0
2709 2722 0
2709 732 1
2709 3426 0
2709 5494 0
2709 5529 0
2709 7741 0
2709 1620 0
2709 5855 0
2709 16157 0
2709 5981 0
8089 562 1
8089 1741 0
8089 5855 0
8089 287 0
8089 5981 0
8089 8089 0
2712 287 0
2712 2338 0
2712 18728 0
2712 2501 0
2712 6599 0
2712 2596 0
2712 562 1
2712 6737 1
2712 6741 0
2712 2712 0
2712 2718 0
2712 2722 0
2712 8867 0
2712 3426 0
2712 3446 0
2712 5529 0
2712 7741 0
2712 1620 0
2712 1741 0
2712 5855 0
2712 14072 0
2712 5981 0
5529 2596 0
5529 2602 0
5529 6741 0
5529 1653 0
5529 8867 0
5529 1741 0
5529 732 1
5529 7867 1
5529 14072 0
5529 287 0
5529 5529 0
5529 18728 0
5529 7005 0
5529 2704 0
5529 3426 0
5529 1392 0
5529 13355 0
5529 6586 0
5529 3236 0
3866 6160 1
3866 8467 1
3866 16157 1
3866 287 1
3866 13355 1
3866 2668 1
3866 6522 1
5494 13355 0
5494 6737 1
5494 6741 0
5494 1653 0
5494 287 0
5494 18728 0
5494 4405 1
5494 5981 0
5494 5494 0
16157 1620 0
16157 3426 0
16157 6741 0
16157 1653 0
16157 732 1
16157 16157 0
16157 5981 0
16157 6599 0
2718 6160 0
2718 7512 0
2718 187 0
2718 8467 0
2718 287 0
2718 2338 0
2718 6599 0
2718 2596 0
2718 562 1
2718 6737 1
2718 6741 0
2718 2704 0
2718 2718 0
2718 2501 0
2718 2722 0
2718 3426 0
2718 3446 0
2718 7741 0
2718 1620 0
2718 1741 0
2718 5855 0
2718 14072 0
7455 6737 1
7455 6741 0
7455 5855 0
7455 7455 0
2722 6160 0
2722 187 0
2722 8467 0
2722 2338 0
2722 2501 0
2722 6599 0
2722 2596 0
2722 562 1
2722 6737 1
2722 6741 0
2722 2704 0
2722 2722 0
2722 3426 0
2722 3446 0
2722 1620 0
2722 1653 0
2722 1741 0
2722 5855 0
2722 18728 0
2722 14072 0
2722 5981 0
8867 52 0
8867 6160 0
8867 159 0
8867 2338 0
8867 2596 0
8867 562 1
8867 2704 0
8867 8867 0
8867 7005 0
8867 3236 0
8867 3426 0
8867 3446 0
8867 1620 0
8867 1741 0
2596 2596 0
2596 2602 0
2596 5981 0
2596 7741 0
2596 6737 1
2596 6741 0
2596 8467 0
2596 1653 0
2596 3236 0
2596 6599 0
2596 1741 0
2596 732 1
2596 5855 0
2596 2338 0
2596 18728 0
2596 3426 0
2704 6160 0
2704 562 1
2704 6737 1
2704 6741 0
2704 1653 0
2704 5855 0
2704 2338 0
2704 6599 0
2704 1620 0
18728 2338 0
18728 4405 1
18728 6599 0
18728 2602 0
18728 6737 1
18728 6741 0
18728 13355 0
18728 3426 0
18728 1392 0
18728 1653 0
18728 1741 0
18728 5855 0
18728 18728 0
2602 2602 0
2602 6737 1
2602 6741 0
2602 1392 0
2602 1741 0
2602 732 1
2602 2338 0
2602 3426 0
2602 6599 0
13355 8467 0
13355 287 0
13355 2501 0
13355 14072 0
13355 6737 1
13355 732 1
13355 7005 0
13355 1392 0
13355 1653 0
13355 5855 0
13355 4405 1
13355 1891 1
159 159 0
159 3236 0
159 19648 0
159 3426 0
159 6737 1
159 1891 1
159 1392 0
159 6522 0
159 6741 0
13227 2338 1
18478 6741 0
18478 6737 1
18478 732 1
18478 1891 1
18478 3444 0
18478 1653 0
7005 3426 0
7005 6737 1
7005 6741 0
7005 1653 0
7005 4405 1
7005 5981 0
7005 1392 0
7005 6599 0
4145 4145 0
4145 117 0
4145 187 0
4145 4405 1
4145 6737 1
4145 6741 0
4145 19648 0
4145 1392 0
4145 3444 0
4145 3446 0
4145 1620 0
4145 5855 0
4145 5981 0
562 562 2
562 9166 1
562 5981 1
562 6160 1
562 2668 1
562 14072 1
52 6160 0
52 6737 1
52 1620 0
52 6741 0
52 5855 0
52 3426 0
52 1422 1
52 6599 0
4405 6586 1
4405 117 1
4405 3446 1
6586 1620 0
6586 1741 0
6586 6586 0
6586 2501 0
287 287 0
287 1620 0
287 2338 0
287 19648 0
287 3426 0
287 3446 0
287 14072 0
287 6160 0
287 6599 0
287 6737 1
287 7512 0
7741 6160 0
7741 187 0
7741 1653 0
7741 732 1
7741 1891 1
7741 14072 0
117 1653 0
117 117 0
117 1741 0
117 5855 0
117 8467 0
117 2501 0
19648 6737 1
19648 3426 0
19648 1891 1
19648 1653 0
2501 6737 1
2501 2501 0
2501 732 1
2501 8467 0
2501 1653 0
2501 1741 0
2501 5855 0
6599 3236 0
6599 732 1
6599 14072 0
6599 8467 0
6599 5981 0
6599 1422 1
187 6737 1
187 187 0
187 3426 0
187 1891 1
187 1620 0
2338 6160 0
2338 2338 0
2338 2668 0
2338 14072 0
2338 732 1
2338 5981 0
2338 3426 0
2338 1620 0
2338 1653 0
2338 1741 0
2338 1891 1
9166 6737 1
9166 9166 0
9166 6741 0
1741 732 1
1741 1392 0
1741 3446 0
1741 6741 0
1741 1620 0
1741 1741 0
1741 5855 0
6737 3446 1
6737 8467 1
6737 6741 1
6737 3236 1
6737 7512 1
6737 3426 1
6737 1392 1
6737 1620 1
6737 1653 1
6737 5855 1
6737 14072 1
6737 5981 1
1620 6160 0
1620 14072 0
1620 1422 1
1620 1620 0
1620 5855 0
1620 5981 0
6741 6522 0
6741 14072 0
6741 6741 0
6741 1392 0
6741 3446 0
6741 8467 0
6741 1653 0
6741 5981 0
1422 9428 1
1422 2668 1
1422 5855 1
7512 1891 1
7512 1653 0
3236 3426 0
3236 6160 0
3236 3236 0
3236 1891 1
3236 14072 0
732 1653 1
732 5855 1
732 3426 1
732 3444 1
5981 8467 0
5981 1392 0
5981 3426 0
5981 3446 0
5981 5855 0
5981 5981 0
5981 6160 0
5981 6522 0
5855 2668 0
5855 14072 0
5855 3446 0
5855 1653 0
5855 5855 0
6160 6160 0
6160 1392 0
6160 3426 0
6160 1653 0
3426 14072 0
3426 3426 0
3426 1392 0
1891 1392 1
1891 3444 1
1891 6522 1
7867 9428 1
7867 1653 1
2668 2668 0
1392 8467 0
1392 6522 0
8467 8467 0
8467 14072 0
3444 3444 0
1653 1653 0
3446 3446 0
