6147 6147 0
6147 20 0
6147 18507 0
6147 1736 0
6147 8432 0
6147 4409 0
6147 338 0
6147 6719 0
6147 8768 0
6147 4745 0
6147 4789 0
6147 13431 0
6147 6867 0
6147 4859 0
6147 4916 0
6147 4925 0
6147 13190 0
6147 15858 1
6147 7141 0
6147 13355 0
6147 13400 0
6147 3217 0
6147 6792 0
6147 8064 0
6147 3446 0
6147 1436 1
6147 5620 0
6147 937 0
6147 5725 1
6147 15920 0
6147 7752 0
6147 1620 0
6147 5723 0
6147 1653 0
6147 3729 0
6147 1741 0
6147 18629 0
6147 7958 0
6147 21340 0
6147 5994 0
6147 3986 0
6147 8112 0
6153 6153 0
6153 2069 0
6153 537 0
6153 5723 0
6153 13355 0
6153 7213 0
6153 4957 0
6153 561 0
6153 7740 0
6153 6739 0
6153 1620 0
6153 5724 0
6153 5725 1
6153 3729 0
6153 4547 0
6153 2708 0
6153 11431 1
6153 1741 0
6153 4916 0
6153 4409 0
6153 18338 1
6153 6977 0
6153 337 0
6153 338 0
6153 4956 0
6153 4958 0
6153 16444 0
6153 5994 0
6153 4925 0
6153 8064 0
6153 389 1
6153 3986 0
6153 2458 0
6153 937 0
6153 8112 0
6153 8144 0
6153 482 0
6153 6128 0
6153 3574 0
1552 1552 0
1552 561 0
1552 1741 0
1552 270 1
1552 5432 0
1552 3446 0
1552 389 1
1552 2500 0
1552 1479 0
1552 8185 0
20 20 0
20 2069 0
20 8287 0
20 4409 0
20 389 1
20 4547 0
20 8665 0
20 8674 0
20 561 0
20 2708 0
20 4789 0
20 1158 0
20 5432 0
20 3446 0
20 1620 0
20 5723 0
20 5725 1
20 1741 0
20 3801 0
20 5885 0
20 3986 0
20 8112 0
2069 2069 0
2069 4956 0
2069 13355 0
2069 4957 0
2069 561 0
2069 4958 0
2069 1620 0
2069 5724 0
2069 3217 0
2069 4547 0
2069 2709 0
2069 18060 0
2069 1741 0
2069 6977 0
2069 338 0
2069 3934 0
2069 3729 0
2069 21340 0
2069 3446 0
2069 8064 0
2069 3986 0
2069 2458 0
2069 5725 1
2069 18338 1
2069 937 0
2069 16031 0
2069 8144 0
2069 482 0
2069 6128 0
2069 3574 0
14358 270 1
14358 18060 0
14358 18338 1
14358 5723 0
14358 21340 0
14358 8287 0
14358 8674 0
537 389 1
537 2458 0
537 6582 0
537 4547 0
537 537 0
537 8768 0
537 6739 0
537 2709 0
537 4916 0
537 6977 0
537 935 0
537 13400 0
537 1197 0
537 15737 1
537 1436 1
537 15858 1
537 5724 0
537 1653 0
537 1736 0
537 5988 0
537 5994 0
537 8185 0
7516 11431 1
7516 1736 0
7516 4925 0
7516 3469 0
7516 6582 0
7516 2501 0
7516 2505 1
7516 3574 0
7516 8185 0
13355 4112 1
13355 8549 0
13355 1736 0
13355 4828 0
13355 4409 0
13355 389 1
13355 2458 0
13355 2466 0
13355 6582 0
13355 2501 0
13355 2708 0
13355 18507 0
13355 4925 0
13355 13190 0
13355 935 0
13355 7227 0
13355 13400 0
13355 3217 0
13355 4547 0
13355 1479 0
13355 3574 0
13355 15920 0
13355 7740 0
13355 7752 0
13355 1653 0
13355 7809 0
13355 8477 0
13355 325 0
13355 8112 0
13355 6068 0
13355 8144 0
7213 7213 0
7213 561 0
7213 7740 0
7213 8768 0
7213 15466 1
7213 3217 0
7213 8144 0
7213 15604 0
7213 5988 0
7213 3446 0
7213 389 1
7213 2458 0
7213 935 0
7213 6068 0
7213 7141 0
7213 3574 0
7726 166 1
7726 270 1
7726 8477 0
7726 8549 0
7726 2501 0
7726 8674 0
7726 6655 0
7726 8768 0
7726 6792 0
7726 6867 0
7726 4828 0
7726 4859 0
7726 7726 0
7726 15920 0
7726 1741 0
7726 5882 0
7726 5994 0
7726 6068 0
7726 8185 0
48 2709 1
48 4957 1
561 10406 0
561 168 0
561 169 0
561 8432 0
561 270 1
561 16444 0
561 4409 0
561 389 1
561 2458 0
561 4547 0
561 2500 0
561 2501 0
561 2524 0
561 6655 0
561 561 0
561 8768 0
561 14915 0
561 4745 0
561 4789 0
561 4828 0
561 2793 0
561 4859 0
561 4956 0
561 4957 0
561 4958 0
561 6977 0
561 13431 0
561 1158 0
561 3217 0
561 8053 0
561 5432 0
561 15604 0
561 1479 0
561 3574 0
561 937 0
561 7740 0
561 7752 0
561 5723 0
561 5724 0
561 3729 0
561 1741 0
561 3801 0
561 17392 0
561 5988 0
561 5994 0
561 8112 0
561 6068 0
561 8144 0
3934 168 0
3934 2793 0
3934 4859 0
3934 270 1
3934 4916 0
3934 4409 0
3934 337 0
3934 3934 0
3934 3446 0
3934 389 1
3934 935 0
3934 6582 0
3934 16031 0
3934 4547 0
3934 2500 0
3934 2524 0
3934 8185 0
7227 8477 0
7227 8507 0
7227 338 0
7227 2458 0
7227 8674 0
7227 6739 0
7227 4745 0
7227 4916 0
7227 6977 0
7227 13400 0
7227 3217 0
7227 1436 1
7227 15853 0
7227 1653 0
7227 7809 0
7227 16031 0
7227 1736 0
7227 1741 0
7227 7912 1
7227 3986 0
7227 10200 0
16444 4859 0
16444 8768 0
16444 1653 0
16444 1158 0
16444 1736 0
16444 1741 0
16444 4828 0
16444 4916 0
16444 6977 0
16444 6068 0
16444 16444 0
16444 5994 0
16444 13400 0
16444 1436 1
16444 2466 0
16444 935 0
16444 2500 0
16444 2501 0
16444 1479 0
16444 1482 1
16444 15858 1
16444 8185 0
16444 6655 0
6719 8477 0
6719 15920 0
6719 6719 0
6719 8549 0
6719 7912 1
6719 15466 1
6719 1653 0
8768 14511 0
8768 8432 0
8768 2500 0
8768 2501 0
8768 2524 0
8768 5882 0
8768 8768 0
8768 6739 0
8768 2709 0
8768 6867 0
8768 4859 0
8768 4916 0
8768 6977 0
8768 4956 0
8768 4957 0
8768 4958 0
8768 13400 0
8768 4409 0
8768 3446 0
8768 1436 1
8768 5578 0
8768 7633 0
8768 5620 0
8768 6068 0
8768 5722 1
8768 5725 1
8768 3729 0
8768 1736 0
8768 1741 0
8768 5885 0
8768 7958 0
8768 3986 0
8768 8112 0
8768 8185 0
14915 1436 1
14915 16031 0
14915 14511 0
14915 4916 0
14915 15466 1
14915 5722 1
14915 5607 0
14915 15858 1
14915 15737 1
7752 3986 0
7752 1436 1
7752 16031 0
7752 15858 1
18507 389 1
18507 11431 1
18507 937 0
18507 10544 0
18507 5432 0
18507 16031 0
18507 2793 0
18507 3446 0
18507 4859 0
6732 7809 0
6732 389 1
6732 13190 0
6732 2709 0
6732 4956 0
6732 5725 1
6732 3446 0
6739 8549 0
6739 166 1
6739 17392 0
6739 2458 0
6739 4547 0
6739 6655 0
6739 20953 0
6739 6739 0
6739 2708 0
6739 2709 0
6739 6867 0
6739 4925 0
6739 4957 0
6739 4958 0
6739 11431 1
6739 13190 0
6739 1482 1
6739 15853 0
6739 8507 0
6739 15920 0
6739 1653 0
6739 8477 0
6739 1736 0
6739 1741 0
6739 3986 0
6739 325 0
6739 8112 0
6739 6068 0
6739 16031 0
6739 8185 0
1620 168 0
1620 169 0
1620 337 0
1620 338 0
1620 2458 0
1620 2505 1
1620 6655 0
1620 4547 0
1620 2708 0
1620 2709 0
1620 8674 0
1620 4956 0
1620 4957 0
1620 4958 0
1620 1011 0
1620 8287 0
1620 1197 0
1620 3337 1
1620 5432 0
1620 1620 0
1620 1736 0
1620 1741 0
1620 3801 0
1620 5882 0
1620 7958 0
1620 6792 0
1620 8064 0
1620 3986 0
1620 8112 0
13400 5994 0
13400 16031 0
13400 14511 0
13400 1736 0
13400 1741 0
13400 4916 0
13400 8507 0
13400 6977 0
13400 3986 0
13400 1436 1
13400 15853 0
13400 15858 1
5722 15858 2
5722 6867 1
5722 1436 2
5722 5725 2
5723 8287 0
5723 5723 0
5723 5724 0
5723 5725 1
5723 4547 0
5723 2708 0
5723 168 0
5723 7633 0
5723 4916 0
5723 18338 1
5723 325 0
5723 18060 0
5723 21340 0
5723 8144 0
5723 389 1
5723 2466 0
5723 10200 0
5723 15853 0
5724 4957 0
5724 5724 0
5724 8287 0
5724 5258 0
5724 18060 0
5724 2708 0
5724 1736 0
5724 1653 0
5724 7633 0
5724 18338 1
5724 4956 0
5724 4958 0
5724 21340 0
5724 5994 0
5724 389 1
5724 2458 0
5724 1436 1
5724 6068 0
5724 8144 0
5724 15853 0
5724 6128 0
5724 3574 0
5724 6655 0
5725 15920 1
5725 5725 2
5725 8287 1
5725 7809 1
5725 18060 1
5725 3729 1
5725 2708 1
5725 168 1
5725 169 1
5725 1741 1
5725 6867 1
5725 8432 1
5725 8435 1
5725 4859 1
5725 5432 1
5725 21340 1
5725 5988 1
5725 8053 1
5725 3446 1
5725 13190 1
5725 1436 2
5725 2524 1
5725 8674 1
5725 1011 1
8287 6068 0
8287 8287 0
8287 3729 0
8287 2708 0
8287 2709 0
8287 168 0
8287 1741 0
8287 15604 0
8287 5882 0
8287 5885 0
8287 270 1
8287 15920 0
8287 18060 0
8287 337 0
8287 338 0
8287 5988 0
8287 21340 0
8287 8064 0
8287 18338 1
8287 7633 0
8287 2524 0
8287 8674 0
8287 4859 0
8287 5620 0
4112 4112 2
4112 2466 1
15972 7912 1
15972 8052 0
15972 1436 1
15972 2466 0
15972 10200 0
15972 15853 0
15466 2458 1
15466 14511 1
15466 1436 2
15466 15920 1
15466 6582 1
15466 7740 1
15466 4828 1
15466 8674 1
15466 8549 1
15466 15466 2
15466 6142 1
1653 270 1
1653 8477 0
1653 389 1
1653 935 0
1653 1197 0
1653 1653 0
1653 2458 0
1653 2501 0
1653 5882 0
1653 3337 1
1653 3729 0
1653 3986 0
1653 4409 0
1653 4468 0
1653 4547 0
1653 20953 0
1653 4916 0
1653 4956 0
1653 4957 0
1653 4958 0
1653 13431 0
1653 13512 0
1653 5988 0
1653 6068 0
1653 6748 0
1653 6867 0
1653 6977 0
1653 7141 0
1653 15604 0
1653 7740 0
1653 16031 0
1653 8064 0
13431 6582 0
13431 13431 0
13431 6792 0
13431 7912 1
13431 270 1
13431 10200 0
7809 7809 0
7809 2501 0
7809 1197 0
7809 389 1
7809 13190 0
7809 3986 0
7809 2466 0
7809 4547 0
7809 2500 0
1158 1197 0
1158 1158 0
1158 2501 0
1158 168 0
1158 169 0
1158 4409 0
1158 5994 0
1158 8053 0
1158 389 1
1158 2500 0
1158 1482 1
6792 10406 0
6792 168 0
6792 1736 0
6792 325 0
6792 389 1
6792 4547 0
6792 4859 0
6792 6792 0
6792 2708 0
6792 7141 0
6792 7633 0
6792 15858 1
6792 5620 0
6792 3729 0
6792 5882 0
6792 5885 0
6792 5988 0
6792 2709 0
6792 8185 0
4745 4745 0
4745 18060 0
4745 21340 0
4745 389 1
4745 18338 1
5258 5258 0
5258 270 1
5258 4916 0
5258 5988 0
5258 5994 0
5258 389 1
18060 18060 0
18060 3217 0
18060 8144 0
18060 325 0
18060 337 0
18060 21340 0
18060 3446 0
18060 18338 1
18060 4547 0
18060 7633 0
18060 1011 0
3729 1736 0
3729 4409 0
3729 8507 0
3729 4468 0
3729 4547 0
3729 2500 0
3729 2501 0
3729 2505 1
3729 2524 0
3729 6867 0
3729 8549 0
3729 4859 0
3729 935 0
3729 5432 0
3729 5607 0
3729 15920 0
3729 3729 0
3729 1741 0
3729 8112 0
3729 8185 0
2708 168 0
2708 270 1
2708 8549 0
2708 2500 0
2708 2501 0
2708 2524 0
2708 482 0
2708 2709 0
2708 6867 0
2708 4828 0
2708 4859 0
2708 3217 0
2708 13512 0
2708 5432 0
2708 3446 0
2708 1479 0
2708 7633 0
2708 16031 0
2708 1741 0
2708 5882 0
2708 5885 0
2708 7958 0
2708 8064 0
2708 3986 0
2708 8112 0
2708 6068 0
2708 8144 0
2709 168 0
2709 4828 0
2709 337 0
2709 338 0
2709 2458 0
2709 4547 0
2709 2500 0
2709 2501 0
2709 2505 1
2709 5885 0
2709 2709 0
2709 1479 0
2709 4859 0
2709 4916 0
2709 6977 0
2709 4956 0
2709 4958 0
2709 4957 0
2709 3217 0
2709 5432 0
2709 5620 0
2709 16031 0
2709 1736 0
2709 3801 0
2709 5882 0
2709 8064 0
2709 3986 0
2709 8112 0
2709 6068 0
16031 4409 0
16031 8507 0
16031 6582 0
16031 8477 0
16031 6867 0
16031 3217 0
16031 15853 0
16031 1436 1
16031 15858 1
16031 16031 0
16031 3986 0
16031 8185 0
10406 8432 0
10406 270 1
10406 18338 1
10406 20953 0
11431 4956 1
11431 4789 1
11431 3801 1
11431 4957 1
11431 4958 1
168 168 0
168 169 0
168 270 1
168 337 0
168 338 0
168 8549 0
168 4547 0
168 1479 0
168 482 0
168 937 0
168 7141 0
168 1197 0
168 3446 0
168 389 1
168 1741 0
168 5885 0
168 6068 0
169 4547 0
169 169 0
169 1741 0
169 270 1
169 338 0
169 3446 0
169 3469 0
169 937 0
169 482 0
1197 1197 0
1197 1741 0
1197 4859 0
1197 3337 1
1197 5432 0
1197 5620 0
1197 337 0
1197 389 1
1197 6582 0
1197 2500 0
14511 1436 1
14511 8507 0
14511 1736 0
14511 6867 0
14511 15858 1
14511 15737 1
1736 18629 0
1736 8432 0
1736 10544 0
1736 8507 0
1736 338 0
1736 6867 0
1736 4859 0
1736 4916 0
1736 4925 0
1736 4956 0
1736 4957 0
1736 4958 0
1736 6977 0
1736 1436 1
1736 15853 0
1736 15858 1
1736 8052 0
1736 3986 0
4789 7740 0
4789 4789 0
4789 18629 0
4789 1741 0
4789 5432 0
4789 4956 0
4789 4957 0
4789 4958 0
4789 5994 0
4789 389 1
4789 2458 0
4789 937 0
4789 6128 0
4468 389 1
4468 18338 1
4468 6655 0
5578 5578 0
5578 1741 0
5578 4828 0
5578 7912 1
5578 8432 0
5578 3446 0
5578 2500 0
5578 2501 0
5578 1479 0
5578 1482 1
5578 6128 0
18629 1436 1
18629 18629 0
18629 15858 1
18629 15737 1
18629 17392 0
13512 13512 0
13512 4409 0
13512 8549 0
13512 3446 0
13512 8507 0
13512 389 1
13512 1436 1
13512 8112 0
13512 8185 0
13512 2524 0
1741 4828 0
1741 4409 0
1741 325 0
1741 8549 0
1741 2458 0
1741 4547 0
1741 2500 0
1741 2501 0
1741 2524 0
1741 8674 0
1741 6655 0
1741 6867 0
1741 4859 0
1741 935 0
1741 3217 0
1741 5432 0
1741 3446 0
1741 1436 1
1741 15853 0
1741 8477 0
1741 1741 0
1741 5885 0
1741 8507 0
1741 5994 0
1741 8053 0
1741 6068 0
1741 8144 0
1741 8185 0
6867 7958 0
6867 8432 0
6867 5882 0
6867 4859 0
6867 5885 0
6867 4916 0
6867 6977 0
6867 5994 0
6867 3986 0
6867 6867 0
6867 2458 0
6867 1436 1
6867 8112 0
6867 4547 0
6867 5620 0
3801 5432 0
3801 3337 1
4828 5885 0
4828 5432 0
4828 4925 0
4828 6977 0
4828 935 0
4828 8112 0
4828 2500 0
4828 2501 0
4828 1482 1
4828 5607 0
7912 10200 1
7912 20953 1
7912 482 1
7912 5882 1
7912 6655 1
16105 15737 1
16105 1436 1
16105 2466 0
8432 270 1
8432 13190 0
8432 935 0
8435 3986 0
8435 166 1
15604 270 1
15604 4916 0
15604 6977 0
15604 1482 1
15604 15604 0
5882 270 1
5882 4916 0
5882 7141 0
5882 5620 0
5882 5882 0
5882 5885 0
4859 389 1
4859 4547 0
4859 2500 0
4859 2501 0
4859 2524 0
4859 4859 0
4859 4916 0
4859 13190 0
4859 5432 0
4859 4409 0
4859 3446 0
4859 3469 0
4859 5607 0
4859 5620 0
4859 937 0
4859 5988 0
4859 3986 0
5885 166 1
5885 270 1
5885 337 0
5885 338 0
5885 389 1
5885 2524 0
5885 8674 0
5885 7141 0
5885 3469 0
5885 15858 1
5885 5620 0
5885 5885 0
5885 5988 0
5885 5994 0
5885 3986 0
5885 6068 0
5885 8185 0
3337 3986 1
270 20953 1
270 3446 1
270 8549 1
270 270 2
270 8665 1
270 325 1
270 5988 1
270 5994 1
270 8053 1
270 937 1
270 6582 1
270 482 1
270 7141 1
270 5620 1
7958 389 1
7958 3986 0
7958 166 1
7958 6068 0
7958 4547 0
8665 389 1
8665 5620 0
8477 2458 0
8477 4916 0
8477 6977 0
8477 4956 0
8477 4957 0
8477 4958 0
8477 3217 0
8477 15737 1
8477 1436 1
8477 15853 0
8477 3986 0
15920 8549 0
15920 4916 0
15920 8064 0
15920 3986 0
15920 2458 0
15920 8112 0
15920 6068 0
15920 2500 0
15920 8185 0
6446 4956 1
6446 3986 1
6446 6748 1
6446 4957 1
6446 4958 1
10544 1436 1
10544 15737 1
10544 15858 1
4916 3446 0
4916 2458 0
4916 6582 0
4916 2500 0
4916 2501 0
4916 4916 0
4916 4925 0
4916 6977 0
4916 4956 0
4916 15853 0
4916 935 0
4916 3217 0
4916 1436 1
4916 15858 1
4916 5988 0
4916 6068 0
4916 8144 0
4916 8185 0
5432 389 1
5432 4547 0
5432 2500 0
5432 2501 0
5432 2524 0
5432 482 0
5432 2793 0
5432 5432 0
5432 1479 0
4409 4409 0
4409 389 1
4409 2458 0
4409 4547 0
4409 2793 0
4409 6977 0
4409 4956 0
4409 1482 1
4409 7740 0
4409 3986 0
8507 5994 0
8507 15737 1
8507 6977 0
8507 338 0
8507 15853 0
8507 1436 1
8507 8144 0
4925 166 1
4925 4925 0
4925 3986 0
4925 1436 1
4925 8674 0
4925 1011 0
6977 2466 0
6977 4547 0
6977 2500 0
6977 2501 0
6977 6977 0
6977 935 0
6977 1436 1
6977 1479 0
6977 1482 1
6977 3574 0
6977 7740 0
6977 8144 0
6977 8185 0
325 325 0
325 3986 0
325 18338 1
8674 338 0
8674 1436 1
8674 6068 0
8674 2524 0
8674 8674 0
337 337 0
337 338 0
337 3446 0
337 15737 1
337 2458 0
337 1436 1
338 338 0
338 2458 0
338 2466 0
338 1436 1
338 2501 0
338 4956 0
338 13190 0
338 3446 0
338 15737 1
338 5620 0
338 6068 0
338 8185 0
21340 3217 0
21340 18338 1
21340 7633 0
21340 8144 0
4957 389 1
4957 4547 0
4957 4956 0
4957 4958 0
4957 935 0
4957 3574 0
4957 7740 0
4957 8112 0
4957 8144 0
4957 6128 0
4957 8185 0
4957 6142 0
4958 4547 0
4958 4956 0
4958 4958 0
4958 935 0
4958 3574 0
4958 7740 0
4958 8144 0
4958 6128 0
4958 8185 0
7141 389 1
7141 7141 0
7141 5620 0
7141 6655 0
5988 5988 0
5988 3446 0
5988 8064 0
5988 13190 0
5988 8112 0
5988 8185 0
8549 3986 0
8549 8112 0
8549 6068 0
8549 2500 0
8549 8185 0
3217 18338 1
3217 3986 0
3217 1436 1
3217 2466 0
3217 7633 0
4956 389 1
4956 4547 0
4956 4956 0
4956 935 0
4956 3574 0
4956 7740 0
4956 3986 0
4956 8144 0
4956 6128 0
4956 8185 0
4956 6142 0
7740 7740 0
7740 3446 0
7740 389 1
7740 2458 0
7740 4547 0
7740 8144 0
7740 15853 0
7740 6128 0
7740 3574 0
5994 4547 0
5994 2500 0
5994 2524 0
5994 1482 1
5994 935 0
5994 3446 0
5994 7633 0
5994 5607 0
5994 5994 0
5994 8185 0
8052 15737 1
8052 2466 0
8052 10200 0
8052 15858 1
8053 937 0
8053 482 0
8053 3446 0
3446 2500 0
3446 2524 0
3446 2793 0
3446 3446 0
3446 389 1
3446 5607 0
3446 3574 0
3446 6068 0
3446 8144 0
3446 8185 0
3446 6142 0
2793 1436 1
2793 15853 0
2793 15858 1
2793 8112 0
15737 17392 1
15737 15858 2
15737 3469 1
15737 1436 2
8064 166 1
8064 8064 0
8064 389 1
8064 3986 0
8064 6068 0
8064 7633 0
8064 2524 0
8064 482 0
389 389 2
389 13190 1
389 2458 1
389 935 1
389 937 1
389 8112 1
389 6068 1
389 4547 1
389 2500 1
389 8144 1
389 2524 1
389 5607 1
389 6128 1
389 5620 1
389 3574 1
389 8185 1
389 6142 1
13190 13190 0
13190 6068 0
13190 17392 0
3469 2505 1
3986 166 1
3986 935 0
3986 17392 0
3986 1436 1
3986 1479 0
3986 2501 0
3986 2505 1
3986 3574 0
3986 3986 0
3986 4547 0
3986 6068 0
3986 6128 0
3986 6582 0
3986 8112 0
3986 8144 0
3986 8185 0
2458 4547 0
2458 8185 0
2458 2458 0
2458 6582 0
2458 8144 0
2458 6128 0
2458 6142 0
2458 3574 0
6748 935 0
6748 8112 0
6748 6582 0
6748 2505 1
17392 1436 1
17392 6128 0
17392 15858 1
2466 15858 1
2466 1436 1
2466 2466 0
2466 4547 0
2466 1482 1
2466 10200 0
2466 5607 0
935 2501 0
935 935 0
935 2500 0
935 1479 0
935 1482 1
1436 1436 2
1436 10200 1
1436 15853 1
1436 15858 2
8112 166 1
8112 2501 0
8112 3574 0
8112 8112 0
8112 6068 0
8112 8185 0
6068 2505 1
6068 2524 0
6068 482 0
6068 4547 0
6068 15853 0
6068 937 0
6068 6068 0
6068 6128 0
6582 6582 0
6582 8144 0
6582 3574 0
6582 6142 0
4547 18338 1
4547 937 0
4547 4547 0
4547 7633 0
4547 6128 0
4547 3574 0
2500 2501 0
2500 2505 1
2500 2524 0
2500 1482 1
2500 2500 0
2500 1479 0
2500 5607 0
2500 8185 0
2501 2505 1
2501 2524 0
2501 2501 0
2501 1482 1
2501 1479 0
2501 5607 0
1479 937 0
1479 1479 0
1479 2505 1
1479 1482 1
1479 8185 0
2505 1482 2
2505 6655 1
1482 8185 1
18338 8144 1
18338 18338 2
18338 7633 1
18338 5607 1
18338 6128 1
18338 1011 1
18338 3574 1
8144 3574 0
7633 166 1
7633 482 0
7633 7633 0
10200 15858 1
20953 20953 0
2524 2524 0
2524 8185 0
482 482 0
5607 5607 0
15853 15853 0
15853 15858 1
15853 6655 0
6128 6128 0
5620 5620 0
3574 3574 0
8185 8185 0
6142 6142 0
6142 6655 0
