2048 2048 0
2048 16388 0
2048 6165 0
2048 33 0
2048 4110 0
2048 4256 0
2048 174 0
2048 6380 1
2048 16308 0
2048 2338 0
2048 325 0
2048 4535 0
2048 5880 0
2048 2535 0
2048 2594 0
2048 2606 0
2048 6737 0
2048 6739 0
2048 6740 0
2048 6741 0
2048 2709 0
2048 2712 0
2048 2718 0
2048 8867 0
2048 8881 0
2048 8934 0
2048 4859 0
2048 2825 0
2048 8977 0
2048 4956 0
2048 861 0
2048 4958 0
2048 13187 0
2048 5026 0
2048 2997 0
2048 7109 1
2048 13328 0
2048 13355 0
2048 4957 0
2048 13512 0
2048 3283 1
2048 1259 0
2048 3426 0
2048 3462 0
2048 19879 0
2048 5630 0
2048 1591 0
2048 1680 0
2048 3782 0
2048 1741 0
2048 7893 0
2048 1765 0
2048 14072 0
2048 3848 0
2048 8503 0
2048 5981 0
2048 5982 0
2048 5994 0
2048 3986 0
2048 1943 0
2048 6065 0
2048 6068 0
2048 5791 0
2048 2722 0
2048 16374 0
6145 3986 0
6145 8467 0
6145 8225 0
6145 16955 0
6145 1349 0
6145 3400 1
6145 2124 0
6145 7512 0
6145 5981 0
6145 5982 0
6145 13200 0
6145 7633 0
6145 3561 0
6145 3050 1
6145 6099 0
6145 16374 0
6147 6147 0
6147 6163 0
6147 6165 0
6147 18113 0
6147 6162 0
6147 6164 0
6147 4256 0
6147 8432 0
6147 8467 0
6147 4524 0
6147 4540 0
6147 16845 0
6147 6573 0
6147 2594 0
6147 4739 0
6147 2714 1
6147 2718 0
6147 2722 0
6147 14072 0
6147 6867 0
6147 8934 0
6147 4859 0
6147 13061 0
6147 2861 0
6147 4916 0
6147 4925 0
6147 2938 0
6147 13187 0
6147 915 0
6147 2976 0
6147 5025 0
6147 2997 0
6147 7109 1
6147 972 0
6147 11236 0
6147 13355 0
6147 3217 0
6147 1170 0
6147 9414 0
6147 1221 0
6147 1223 0
6147 6792 0
6147 19879 0
6147 1259 0
6147 7415 0
6147 8064 0
6147 3355 0
6147 3426 0
6147 18323 0
6147 3446 0
6147 3461 0
6147 3462 0
6147 5521 0
6147 6065 0
6147 7774 0
6147 1620 0
6147 1629 0
6147 1644 0
6147 1645 0
6147 1653 0
6147 3729 0
6147 1694 0
6147 1712 0
6147 18377 0
6147 3782 0
6147 1741 0
6147 5855 0
6147 16337 0
6147 5994 0
6147 3986 0
6147 1943 0
6147 8112 0
6147 16308 0
6147 6081 0
16388 6163 0
16388 6164 0
16388 6165 0
16388 8881 0
16388 10286 0
16388 4256 0
16388 238 0
16388 12584 0
16388 2458 0
16388 2475 0
16388 6573 0
16388 2594 0
16388 2596 0
16388 2602 0
16388 2606 0
16388 6737 0
16388 6739 0
16388 6740 0
16388 6741 0
16388 2714 1
16388 2718 0
16388 2722 0
16388 8934 0
16388 13061 0
16388 4916 0
16388 6977 0
16388 4956 0
16388 4957 0
16388 4958 0
16388 4974 0
16388 4976 0
16388 3561 0
16388 4991 0
16388 3050 1
16388 5630 0
16388 13332 0
16388 861 0
16388 7224 0
16388 7243 0
16388 13512 0
16388 3283 1
16388 13631 0
16388 5464 0
16388 3429 0
16388 3446 0
16388 19879 0
16388 1591 0
16388 1653 0
16388 3729 0
16388 1694 0
16388 1712 0
16388 3782 0
16388 7893 0
16388 3848 0
16388 3986 0
16388 18332 0
16388 12954 0
16388 8112 0
16388 16308 0
11 2697 1
11 1680 1
11 3986 1
11 8467 1
11 6165 1
11 1943 1
11 4760 1
11 2718 1
11 2722 1
11 7721 1
11 6065 1
11 52 1
11 2997 1
11 16955 1
11 4925 1
11 1601 1
11 2755 1
11 1349 1
11 2124 1
11 3788 1
11 13355 1
11 6099 1
11 861 1
11 5982 1
11 13328 1
11 5521 1
11 3561 1
4110 4110 0
4110 6162 0
4110 52 0
4110 8287 0
4110 6164 0
4110 174 0
4110 287 0
4110 2472 0
4110 4550 0
4110 14072 0
4110 496 0
4110 4624 0
4110 4627 0
4110 2594 0
4110 2596 0
4110 2606 0
4110 6741 0
4110 2708 0
4110 2709 0
4110 2712 0
4110 4787 0
4110 705 0
4110 6867 0
4110 4925 0
4110 864 0
4110 4974 0
4110 5052 0
4110 7109 1
4110 7224 0
4110 3283 1
4110 1259 0
4110 4649 0
4110 5389 0
4110 4654 0
4110 19879 0
4110 3513 0
4110 1591 0
4110 1620 0
4110 1653 0
4110 6429 0
4110 3782 0
4110 2718 0
4110 5880 0
4110 3850 0
4110 3854 1
4110 6792 0
4110 7989 1
4110 5980 0
4110 5981 0
4110 5999 0
4110 6000 0
4110 6068 0
4110 6069 0
4110 6081 0
4110 16374 0
4110 2722 0
4110 8164 0
6160 6162 0
6160 6163 0
6160 6165 0
6160 52 0
6160 6160 0
6160 8296 0
6160 6164 0
6160 4256 0
6160 287 0
6160 2338 0
6160 2458 0
6160 4536 0
6160 4538 0
6160 4546 0
6160 18910 0
6160 6739 0
6160 2709 0
6160 12954 0
6160 2718 0
6160 2722 0
6160 8867 0
6160 955 1
6160 5052 0
6160 7165 0
6160 1159 0
6160 1221 0
6160 5389 0
6160 5464 0
6160 3426 0
6160 5487 0
6160 1402 0
6160 3462 0
6160 7633 0
6160 2997 0
6160 1620 0
6160 1653 0
6160 3729 0
6160 1689 0
6160 16061 1
6160 7893 0
6160 5978 0
6160 5980 0
6160 5981 0
6160 3986 0
6160 1943 0
6160 2714 1
6160 1957 0
6160 6065 0
6160 6068 0
6160 8164 0
5464 6165 0
5464 8881 0
5464 13355 0
5464 4957 0
5464 52 0
5464 6739 0
5464 6741 0
5464 7783 0
5464 2709 0
5464 1689 0
5464 2718 0
5464 2722 0
5464 700 0
5464 1741 0
5464 1400 1
5464 1765 0
5464 231 0
5464 3848 0
5464 3854 1
5464 7726 0
5464 287 0
5464 2338 0
5464 3462 0
5464 5432 0
5464 4956 0
5464 861 0
5464 4958 0
5464 19808 0
5464 6526 0
5464 1927 0
5464 5521 0
5464 3986 0
5464 6068 0
5464 4535 0
5464 3517 0
5464 6081 0
5464 16337 0
5464 11236 0
6162 6162 0
6162 6163 0
6162 6165 0
6162 52 0
6162 6164 0
6162 4256 0
6162 168 0
6162 174 0
6162 238 0
6162 16308 0
6162 2338 0
6162 2458 0
6162 4538 0
6162 4540 0
6162 19879 0
6162 2594 0
6162 2596 0
6162 6739 0
6162 6741 0
6162 2697 0
6162 2712 0
6162 2714 1
6162 669 0
6162 2718 0
6162 2722 0
6162 8867 0
6162 700 0
6162 13061 0
6162 861 0
6162 2997 0
6162 7243 0
6162 5254 0
6162 1197 0
6162 5389 0
6162 3426 0
6162 3461 0
6162 3462 0
6162 7633 0
6162 1620 0
6162 7783 0
6162 1645 0
6162 3729 0
6162 16061 1
6162 7893 0
6162 5855 0
6162 3848 0
6162 3986 0
6162 1943 0
6162 18332 0
6162 12954 0
6162 8112 0
6162 6065 0
6162 6068 0
6162 6081 0
6162 7165 0
6163 6163 0
6163 6165 0
6163 8296 0
6163 6164 0
6163 168 0
6163 174 0
6163 6411 0
6163 287 0
6163 2338 0
6163 8503 0
6163 2458 0
6163 2475 0
6163 4534 0
6163 4535 0
6163 4536 0
6163 4538 0
6163 4544 0
6163 4546 0
6163 14072 0
6163 6737 0
6163 6739 0
6163 6740 0
6163 6741 0
6163 2712 0
6163 12954 0
6163 8867 0
6163 8881 0
6163 700 0
6163 13061 0
6163 4991 0
6163 19368 0
6163 5052 0
6163 11202 0
6163 3050 1
6163 7165 0
6163 861 0
6163 7224 0
6163 7243 0
6163 1159 0
6163 1170 0
6163 4974 0
6163 3426 0
6163 3429 0
6163 1402 0
6163 3461 0
6163 3462 0
6163 7633 0
6163 5630 0
6163 1591 0
6163 2997 0
6163 1645 0
6163 1653 0
6163 1689 0
6163 16061 1
6163 3782 0
6163 7893 0
6163 5855 0
6163 1765 0
6163 3848 0
6163 3854 1
6163 5978 0
6163 5980 0
6163 5981 0
6163 6000 0
6163 1927 0
6163 3986 0
6163 1943 0
6163 18332 0
6163 8112 0
6163 6068 0
6163 6081 0
6163 8164 0
6164 6165 0
6164 6164 0
6164 238 0
6164 2338 0
6164 2458 0
6164 2475 0
6164 4540 0
6164 4546 0
6164 6737 0
6164 6739 0
6164 6740 0
6164 6741 0
6164 2712 0
6164 2714 1
6164 8867 0
6164 8945 0
6164 13061 0
6164 4925 0
6164 861 0
6164 4974 0
6164 4991 0
6164 5026 0
6164 3050 1
6164 7224 0
6164 7243 0
6164 3382 0
6164 3426 0
6164 3429 0
6164 3462 0
6164 7633 0
6164 5630 0
6164 1591 0
6164 1645 0
6164 1653 0
6164 16061 1
6164 1741 0
6164 3848 0
6164 3986 0
6164 1943 0
6164 12954 0
6164 8112 0
6164 6068 0
6164 8164 0
6165 8881 0
6165 2124 0
6165 4256 0
6165 168 0
6165 6165 0
6165 8467 0
6165 287 0
6165 2338 0
6165 8506 0
6165 4465 0
6165 2458 0
6165 4524 0
6165 4534 0
6165 4536 0
6165 4537 0
6165 4540 0
6165 4546 0
6165 19879 0
6165 2594 0
6165 2602 0
6165 2606 0
6165 561 0
6165 6739 0
6165 6740 0
6165 6741 0
6165 6792 0
6165 2697 0
6165 2708 0
6165 2709 0
6165 2712 0
6165 2714 1
6165 669 0
6165 2718 0
6165 2722 0
6165 2755 0
6165 14072 0
6165 6867 0
6165 861 0
6165 13328 0
6165 13200 0
6165 2997 0
6165 955 1
6165 5052 0
6165 7109 1
6165 9172 0
6165 5254 0
6165 13512 0
6165 3283 1
6165 1259 0
6165 7415 0
6165 3426 0
6165 1402 0
6165 3462 0
6165 7633 0
6165 3561 0
6165 1591 0
6165 16308 0
6165 1601 0
6165 1620 0
6165 7774 0
6165 1645 0
6165 1680 0
6165 5791 0
6165 1712 0
6165 7893 0
6165 5855 0
6165 1765 0
6165 5880 0
6165 3848 0
6165 5978 0
6165 5980 0
6165 5981 0
6165 5982 0
6165 1901 0
6165 6000 0
6165 1927 0
6165 3986 0
6165 1943 0
6165 18332 0
6165 12954 0
6165 8112 0
6165 6065 0
6165 6068 0
6165 6081 0
6165 8867 0
6165 8164 0
6165 7165 0
33 3986 0
33 6040 0
33 18332 0
33 33 0
33 8881 0
33 2472 0
33 6065 0
33 2997 0
33 1591 0
33 4925 0
33 5183 0
33 3400 1
33 13355 0
33 6739 0
33 6741 0
33 3422 0
33 4069 0
33 8293 1
33 1765 0
33 2535 0
33 18796 0
33 7893 0
10286 2171 0
10286 8467 0
10286 8503 0
10286 6573 0
10286 8719 0
10286 2594 0
10286 2596 0
10286 2606 0
10286 12954 0
10286 8934 0
10286 2825 0
10286 13332 0
10286 3283 1
10286 3446 0
10286 1400 1
10286 3561 0
10286 7743 0
10286 7783 0
10286 6429 0
10286 5818 0
10286 3782 0
10286 5855 0
10286 3986 0
52 68 0
52 6737 0
52 6739 0
52 1620 0
52 6741 0
52 21148 0
52 3248 0
52 8881 0
52 5855 0
52 5945 1
52 4956 0
52 4957 0
52 4958 0
52 3426 0
52 4976 0
52 4536 0
52 8867 0
52 6740 0
67 7721 0
67 13355 0
67 861 0
67 68 0
67 1629 0
67 1159 0
67 2714 1
67 2718 0
67 4256 0
67 2722 0
67 1741 0
67 7893 0
67 16308 0
67 16157 0
67 2338 0
67 5945 1
67 843 0
67 864 0
67 3426 0
67 3429 0
67 3461 0
67 3986 0
67 67 0
67 1957 0
67 6068 0
67 4535 0
67 8698 0
68 4624 0
68 68 0
68 2714 1
68 8867 0
68 5945 1
2124 4624 0
2124 7726 0
2124 16955 0
2124 1603 0
2124 2124 0
2124 4760 0
2124 2714 1
2124 2715 0
2124 1712 0
2124 2755 0
2124 3788 0
2124 4815 0
2124 5885 0
2124 18227 0
2124 1349 0
2124 3400 1
2124 861 0
2124 5982 0
2124 3986 0
2124 18332 0
2124 2475 0
2124 2535 0
2124 3050 1
2124 5630 0
8287 4624 0
8287 17070 0
8287 4649 0
8287 5981 0
8287 6068 0
8287 1620 0
8287 8287 0
8287 2697 0
8287 1680 0
8287 3729 0
8287 2708 0
8287 2709 0
8287 2714 1
8287 2718 0
8287 2722 0
8287 168 0
8287 1741 0
8287 3279 0
8287 5855 0
8287 12529 0
8287 5885 0
8287 5389 0
8287 8467 0
8287 3353 0
8287 3354 0
8287 3355 0
8287 6429 0
8287 287 0
8287 5412 0
8287 9523 0
8287 5980 0
8287 5982 0
8287 5999 0
8287 6000 0
8287 2938 0
8287 8064 0
8287 3462 0
8287 2712 0
8287 915 0
8287 2976 0
8287 5026 0
8287 3513 0
8287 6078 0
8287 4546 0
8287 7109 1
8287 972 0
8287 7633 0
8287 4859 0
8287 11236 0
8287 6737 0
8287 3561 0
8293 8467 1
8293 3561 1
8293 915 1
8293 18227 1
8296 2606 0
8296 2714 1
8296 1223 0
8296 2793 0
8296 4916 0
8296 13631 0
8296 861 0
8296 1400 1
8296 6068 0
2166 1544 0
2166 13355 0
2166 1943 0
2166 2714 1
2166 8860 0
2166 7721 0
2166 4522 0
2166 8112 0
2166 6078 0
2166 7633 0
2166 3426 0
2166 11236 0
2166 6380 1
2166 1653 0
2166 5885 0
2171 8719 0
2171 11202 0
2171 7243 0
2171 3167 0
2171 2171 0
2171 6792 0
2171 1180 1
2171 168 0
2171 1197 0
2171 174 0
2171 5818 0
2171 3854 1
2171 8467 0
2171 3353 0
2171 287 0
2171 5432 0
2171 827 0
2171 1400 1
2171 5521 0
2171 18323 0
2171 7584 0
2171 4524 0
2171 4534 0
2171 4535 0
2171 4536 0
2171 4537 0
2171 4538 0
2171 4539 0
2171 4540 0
2171 4544 0
2171 6081 0
2171 4546 0
4221 3462 0
4221 1927 0
4221 5389 0
4221 2714 1
4221 4522 0
4221 7726 0
4221 6078 0
4221 6741 0
4221 6867 0
4221 4957 0
4221 3422 0
4221 2527 1
4221 3426 0
4221 1765 0
4221 4925 0
4221 4465 0
4221 1653 0
4221 7165 0
4256 6380 1
4256 238 0
4256 18796 0
4256 13061 0
4256 2594 0
4256 2596 0
4256 2602 0
4256 2606 0
4256 6708 0
4256 4536 0
4256 6739 0
4256 2712 0
4256 2718 0
4256 2722 0
4256 4859 0
4256 4916 0
4256 6977 0
4256 4974 0
4256 4976 0
4256 4991 0
4256 2997 0
4256 1159 0
4256 3217 0
4256 3283 1
4256 861 0
4256 9523 0
4256 19879 0
4256 3533 0
4256 3561 0
4256 1591 0
4256 16308 0
4256 1601 0
4256 1653 0
4256 1680 0
4256 1712 0
4256 1741 0
4256 7893 0
4256 5855 0
4256 12584 0
4256 5981 0
4256 3986 0
4256 1943 0
4256 18332 0
4256 8112 0
4256 6065 0
4256 6068 0
4256 6069 0
4256 6081 0
168 168 0
168 287 0
168 4465 0
168 4534 0
168 4535 0
168 4542 0
168 4544 0
168 4546 0
168 18910 0
168 2594 0
168 561 0
168 6792 0
168 2708 0
168 2709 0
168 2712 0
168 2714 1
168 669 0
168 2718 0
168 2722 0
168 700 0
168 706 0
168 861 0
168 2938 0
168 2976 0
168 5025 0
168 972 0
168 7243 0
168 1197 0
168 1221 0
168 1223 0
168 1259 0
168 5389 0
168 3353 0
168 3354 0
168 3355 0
168 5487 0
168 3446 0
168 5521 0
168 19879 0
168 7415 0
168 1620 0
168 1680 0
168 1741 0
168 14072 0
168 5885 0
168 5981 0
168 1893 1
168 6068 0
168 6081 0
174 4624 0
174 2594 0
174 4649 0
174 1180 1
174 174 0
174 2338 0
174 13061 0
174 287 0
174 5412 0
174 5945 1
174 13479 0
174 19808 0
174 18323 0
174 1943 0
174 5026 0
174 16308 0
174 7651 0
8225 5254 0
8225 8467 0
8225 8225 0
8225 5412 0
8225 6708 0
8225 1653 0
8225 3143 0
8225 2527 1
8225 2535 0
8225 3561 0
8225 6380 1
4815 13061 0
4815 6792 0
4815 13328 0
4815 3729 0
4815 3986 0
4815 7726 0
4815 4760 0
4815 18332 0
4815 6429 0
4815 2338 0
4815 1712 0
4815 6065 0
4815 4916 0
4815 5180 0
4815 4542 0
4815 2755 0
4815 1349 0
4815 3400 1
4815 3788 0
4815 3426 0
4815 6739 0
4815 1620 0
4815 6741 0
4815 5981 0
4815 7624 0
4815 3050 1
4815 2535 0
4815 9128 0
4815 7409 0
4815 3446 0
4815 16762 0
4815 12028 0
231 5945 1
231 6739 0
231 2714 1
6380 20817 1
6380 14072 1
6380 7726 1
6380 3422 1
6380 1591 1
6380 6068 1
6380 1620 1
6380 1644 1
6380 1159 1
6380 2709 1
6380 7837 1
6380 1694 1
6380 3248 1
6380 18113 1
6380 719 1
6380 18299 1
6380 5880 1
6380 5885 1
6380 7893 1
6380 16157 1
6380 9523 1
6380 3382 1
6380 6977 1
6380 4956 1
6380 4957 1
6380 4958 1
6380 18796 1
6380 6000 1
6380 18293 1
6380 13200 1
6380 1943 1
6380 8945 1
6380 4522 1
6380 6069 1
6380 6078 1
6380 7633 1
6380 9172 1
6380 18910 1
6380 3046 1
6380 2535 1
6380 18227 1
6380 1653 1
238 8112 0
238 2606 0
238 1591 0
238 6741 0
238 6792 0
238 2722 0
238 1712 0
238 8881 0
238 14072 0
238 21148 0
238 3283 1
238 4859 0
238 13061 0
238 8977 0
238 3353 0
238 2338 0
238 12584 0
238 3426 0
238 3986 0
238 4976 0
238 6526 0
238 4991 0
238 3461 0
238 3462 0
238 6867 0
238 2458 0
238 18332 0
238 6081 0
238 7633 0
238 3050 1
238 6739 0
8432 561 0
8432 1221 0
8432 6867 0
8432 5945 1
8432 9355 1
8432 19808 0
8432 18299 0
8432 13200 0
8432 18346 0
12529 7109 1
12529 3729 0
12529 915 0
12529 1180 1
10500 3986 0
10500 10500 0
10500 2855 1
10500 15155 0
10500 16061 1
6411 6411 0
6411 4624 0
6411 3986 0
6411 2855 1
6411 5569 0
6411 3283 1
6411 5487 0
6411 4627 0
8467 1402 0
8467 5523 0
8467 2793 0
8467 2475 0
8467 4524 0
8467 4534 0
8467 14870 1
8467 2594 0
8467 2596 0
8467 6708 0
8467 6737 0
8467 6739 0
8467 6740 0
8467 6741 0
8467 2708 0
8467 2709 0
8467 4760 0
8467 669 0
8467 2718 0
8467 2722 0
8467 8881 0
8467 719 0
8467 6867 0
8467 2825 0
8467 8977 0
8467 7989 1
8467 6977 0
8467 4974 0
8467 2938 0
8467 13187 0
8467 2976 0
8467 5026 0
8467 3782 0
8467 7109 1
8467 7165 0
8467 13355 0
8467 5183 0
8467 1196 0
8467 1221 0
8467 3283 1
8467 19879 0
8467 1259 0
8467 5432 0
8467 19808 0
8467 5487 0
8467 16374 0
8467 5569 0
8467 7415 0
8467 7633 0
8467 1591 0
8467 1601 0
8467 8467 0
8467 1712 0
8467 14072 0
8467 18227 0
8467 8016 0
8467 5981 0
8467 5994 0
8467 8064 0
8467 16308 0
8467 6069 0
4375 4739 1
4375 1694 1
4375 3572 2
4375 1653 1
6429 13328 0
6429 2594 0
6429 4649 0
6429 16955 0
6429 5180 0
6429 2708 0
6429 4760 0
6429 1712 0
6429 2755 0
6429 5855 0
6429 7409 0
6429 6429 0
6429 287 0
6429 1349 0
6429 3400 1
6429 16762 0
6429 3986 0
6429 1943 0
6429 9128 0
6429 5982 0
6429 7624 0
6429 7633 0
6429 3050 1
6429 5885 0
287 287 0
287 8833 0
287 8860 0
287 8881 0
287 700 0
287 703 0
287 705 0
287 719 0
287 827 0
287 864 0
287 1159 0
287 1180 1
287 1221 0
287 1259 0
287 1601 0
287 1603 0
287 1620 0
287 1645 0
287 1689 0
287 8503 0
287 1894 0
287 18346 0
287 2338 0
287 2472 0
287 18910 0
287 2594 0
287 2708 0
287 2712 0
287 2718 0
287 2755 0
287 2793 0
287 2861 0
287 2956 0
287 11236 0
287 3248 0
287 3354 0
287 3422 0
287 3426 0
287 3429 0
287 3446 0
287 19879 0
287 3513 0
287 1957 0
287 3729 0
287 3854 1
287 4465 0
287 4522 0
287 4536 0
287 4538 0
287 4540 0
287 4649 0
287 4760 0
287 12954 0
287 4916 0
287 4957 0
287 13200 0
287 5025 0
287 5052 0
287 13355 0
287 5254 0
287 13479 0
287 5389 0
287 13632 0
287 5487 0
287 14072 0
287 9172 0
287 5885 0
287 5980 0
287 5994 0
287 6078 0
287 6081 0
287 6099 0
287 6708 0
287 6737 0
287 6739 0
287 7224 0
287 7409 0
287 7512 0
287 15907 0
287 7783 0
287 16061 1
287 7893 0
287 8034 0
287 16374 0
2338 2338 0
2338 4465 0
2338 2472 0
2338 4522 0
2338 4550 0
2338 4654 0
2338 2594 0
2338 2596 0
2338 2602 0
2338 6739 0
2338 2709 0
2338 2712 0
2338 2714 1
2338 2718 0
2338 2722 0
2338 8867 0
2338 8881 0
2338 14072 0
2338 6867 0
2338 15509 0
2338 4974 0
2338 2997 0
2338 5052 0
2338 5981 0
2338 1113 1
2338 3167 0
2338 5254 0
2338 1170 0
2338 1197 0
2338 3283 1
2338 2606 0
2338 3354 0
2338 5432 0
2338 1349 0
2338 5978 0
2338 3422 0
2338 3426 0
2338 3461 0
2338 19879 0
2338 8506 0
2338 1544 0
2338 7726 0
2338 1591 0
2338 1603 0
2338 1620 0
2338 1653 0
2338 1680 0
2338 1741 0
2338 5980 0
2338 5982 0
2338 5994 0
2338 7633 0
2338 6065 0
2338 1927 0
2338 1928 0
2338 3986 0
2338 1943 0
2338 12954 0
2338 6068 0
2338 6081 0
12584 1712 0
12584 17308 0
12584 2602 0
12584 13355 0
12584 2606 0
12584 1591 0
12584 1620 0
12584 1653 0
12584 3729 0
12584 1180 1
12584 2722 0
12584 3248 0
12584 15609 0
12584 12584 0
12584 8016 0
12584 4956 0
12584 4957 0
12584 4958 0
12584 4974 0
12584 4976 0
12584 2938 0
12584 4991 0
12584 3461 0
12584 3986 0
12584 19879 0
12584 7109 1
12584 3561 0
12584 3050 1
12584 8698 0
8503 13061 0
8503 6739 0
8503 8833 0
8503 1159 0
8503 3729 0
8503 2718 0
8503 18293 0
8503 15991 0
8503 1741 0
8503 3283 1
8503 5855 0
8503 18299 0
8503 6867 0
8503 4859 0
8503 4371 0
8503 3461 0
8503 561 0
8503 2861 0
8503 15582 0
8503 8503 0
8503 827 0
8503 1765 0
8503 5477 0
8503 5994 0
8503 3422 0
8503 3446 0
8503 8064 0
8503 5523 0
8503 2458 0
8503 3143 0
8503 4537 0
8503 6078 0
8503 2527 1
8506 13355 0
8506 861 0
8506 1620 0
8506 6792 0
8506 2712 0
8506 2714 1
8506 2722 0
8506 13479 0
8506 3446 0
8506 2793 0
8506 5885 0
8506 13061 0
8506 4916 0
8506 5981 0
8506 3426 0
8506 3729 0
8506 18323 0
8506 2938 0
8506 8064 0
8506 3986 0
8506 915 0
8506 18332 0
8506 5026 0
8506 2475 0
8506 3050 1
325 1544 0
325 13355 0
325 4654 0
325 861 0
325 6739 0
325 6792 0
325 2714 1
325 700 0
325 705 0
325 1741 0
325 7893 0
325 1765 0
325 13061 0
325 290 0
325 2527 1
325 325 0
325 3986 0
325 4524 0
325 4534 0
325 3513 0
325 3046 0
20817 1689 0
20817 18227 0
20817 5412 0
20817 7726 0
20817 6708 0
20817 4916 0
20817 6078 0
20817 2527 1
20817 5999 0
20817 1653 0
20817 5885 0
18796 1113 1
18796 5183 0
18796 4371 0
18796 16157 0
18796 6040 0
18796 8164 0
4465 19879 0
4465 4957 0
4465 6741 0
4465 1629 0
4465 1653 0
4465 6792 0
4465 2708 0
4465 2709 0
4465 2712 0
4465 8881 0
4465 5818 0
4465 1741 0
4465 3283 1
4465 2596 0
4465 5855 0
4465 5885 0
4465 13355 0
4465 7944 0
4465 3854 1
4465 561 0
4465 827 0
4465 4925 0
4465 4956 0
4465 861 0
4465 15509 0
4465 8064 0
4465 3462 0
4465 1927 0
4465 18332 0
4465 4958 0
4465 4524 0
4465 2493 0
4465 4550 0
4465 6068 0
4465 496 0
16762 13328 0
16762 1712 0
16762 1591 0
16762 8034 0
16762 6740 0
16762 1645 0
16762 5180 0
16762 4760 0
16762 1689 0
16762 12954 0
16762 7624 0
16762 2755 0
16762 3782 0
16762 2793 0
16762 7409 0
16762 7944 0
16762 6977 0
16762 1349 0
16762 3400 1
16762 5978 0
16762 5981 0
16762 5994 0
16762 4925 0
16762 4991 0
16762 1927 0
16762 1928 0
16762 18910 0
16762 3050 1
16762 5630 0
6526 2594 0
6526 2606 0
6526 6739 0
6526 2712 0
6526 2718 0
6526 2722 0
6526 3782 0
6526 4859 0
6526 3850 0
6526 3854 1
6526 5945 1
6526 5982 0
6526 8034 0
6526 3217 0
6526 4974 0
6526 6526 0
6526 19879 0
6526 5052 0
6526 6081 0
6526 14072 0
2458 19879 0
2458 14072 0
2458 2594 0
2458 2596 0
2458 561 0
2458 1591 0
2458 7224 0
2458 1601 0
2458 6737 0
2458 6739 0
2458 1620 0
2458 6741 0
2458 1653 0
2458 1159 0
2458 1680 0
2458 2709 0
2458 4760 0
2458 669 0
2458 2718 0
2458 5791 0
2458 8867 0
2458 1221 0
2458 1741 0
2458 3283 1
2458 4991 0
2458 3848 0
2458 4371 0
2458 13355 0
2458 5569 0
2458 7682 0
2458 4916 0
2458 5855 0
2458 5978 0
2458 5980 0
2458 5981 0
2458 3426 0
2458 3429 0
2458 4974 0
2458 2458 0
2458 17308 0
2458 2475 0
2458 7243 0
2458 5052 0
2458 6867 0
2458 5880 0
2458 3050 1
2458 6740 0
2458 5630 0
2472 861 0
2472 3426 0
2472 1620 0
2472 4624 0
2472 4739 0
2472 1159 0
2472 18332 0
2472 3729 0
2472 2715 0
2472 2722 0
2472 1223 0
2472 7893 0
2472 5855 0
2472 5981 0
2472 19808 0
2472 1400 1
2472 3461 0
2472 3986 0
2472 8112 0
2472 7109 1
2472 9172 0
2472 4069 0
4522 4627 0
4522 1603 0
4522 3429 0
4522 8977 0
4522 5254 0
4522 1765 0
4522 3400 1
4522 1893 1
4522 1901 0
4522 5999 0
4522 5630 0
2475 1591 0
2475 7224 0
2475 1601 0
2475 7243 0
2475 6737 0
2475 6739 0
2475 6740 0
2475 6741 0
2475 5885 0
2475 3848 0
2475 3400 1
2475 3426 0
2475 3429 0
2475 4974 0
2475 4991 0
2475 3986 0
2475 2475 0
2475 6099 0
2475 3561 0
2475 3050 1
2475 5630 0
4524 1741 0
4524 4524 0
4524 496 0
4524 2594 0
4524 6739 0
4524 2714 1
4524 2718 0
4524 2722 0
4524 706 0
4524 719 0
4524 8945 0
4524 4859 0
4524 4925 0
4524 5945 1
4524 4957 0
4524 915 0
4524 19368 0
4524 2997 0
4524 7165 0
4524 1159 0
4524 1170 0
4524 1259 0
4524 5477 0
4524 1400 1
4524 3462 0
4524 3561 0
4524 7743 0
4524 1620 0
4524 1694 0
4524 18377 0
4524 5855 0
4524 1927 0
4524 1957 0
4524 6081 0
6573 2594 0
6573 2596 0
6573 2606 0
6573 13332 0
6573 3782 0
6573 13512 0
6573 3283 1
6573 5855 0
6573 1765 0
6573 8934 0
6573 12954 0
6573 6068 0
6573 955 1
6573 6081 0
6573 3561 0
4534 290 0
4534 1765 0
4534 4535 0
4534 4537 0
4534 4546 0
4534 4548 0
4534 496 0
4534 8698 0
4534 4534 0
4534 2714 1
4534 2718 0
4534 4859 0
4534 915 0
4534 5026 0
4534 972 0
4534 13061 0
4534 1159 0
4534 3283 1
4534 1259 0
4534 5432 0
4534 5477 0
4534 19879 0
4534 3561 0
4534 1591 0
4534 1603 0
4534 1620 0
4534 1629 0
4534 1653 0
4534 18377 0
4534 5855 0
4534 5945 1
4534 8064 0
4534 1927 0
4534 3986 0
4534 18323 0
4534 6040 0
4534 6081 0
4535 1591 0
4535 1620 0
4535 1159 0
4535 2708 0
4535 1689 0
4535 2714 1
4535 2718 0
4535 8881 0
4535 18377 0
4535 3283 1
4535 1765 0
4535 6792 0
4535 6081 0
4535 827 0
4535 915 0
4535 1943 0
4535 5026 0
4535 19879 0
4535 4535 0
4535 4536 0
4535 972 0
4536 1591 0
4536 1620 0
4536 1629 0
4536 1653 0
4536 1159 0
4536 2708 0
4536 2714 1
4536 2718 0
4536 5791 0
4536 8881 0
4536 3271 0
4536 3283 1
4536 5855 0
4536 1765 0
4536 5389 0
4536 5432 0
4536 6081 0
4536 5521 0
4536 4544 0
4536 4551 0
4536 915 0
4536 2976 0
4536 19879 0
4536 6068 0
4536 4536 0
4536 6078 0
4536 4546 0
4536 7109 1
4536 4550 0
4536 18377 0
4536 972 0
4536 5026 0
4536 5523 0
4537 1591 0
4537 6069 0
4537 1620 0
4537 1653 0
4537 1159 0
4537 2714 1
4537 2718 0
4537 2722 0
4537 1197 0
4537 18377 0
4537 3283 1
4537 1765 0
4537 5389 0
4537 6792 0
4537 6081 0
4537 5521 0
4537 915 0
4537 19879 0
4537 4537 0
4537 4550 0
4537 4551 0
4537 5026 0
4537 5523 0
4538 1591 0
4538 1620 0
4538 1159 0
4538 2708 0
4538 2714 1
4538 2718 0
4538 3283 1
4538 1765 0
4538 6081 0
4538 1259 0
4538 915 0
4538 5026 0
4538 19879 0
4538 4538 0
4538 18377 0
4539 1591 0
4539 1620 0
4539 1159 0
4539 2714 1
4539 2722 0
4539 3283 1
4539 1765 0
4539 861 0
4539 19808 0
4539 6081 0
4539 1943 0
4539 915 0
4539 19879 0
4539 2718 0
4539 4539 0
4539 6078 0
4539 18377 0
4540 1591 0
4540 1620 0
4540 7774 0
4540 1653 0
4540 1159 0
4540 2714 1
4540 2718 0
4540 13479 0
4540 705 0
4540 3279 0
4540 3283 1
4540 1765 0
4540 6081 0
4540 6792 0
4540 3382 0
4540 915 0
4540 2976 0
4540 5026 0
4540 19879 0
4540 6078 0
4540 4546 0
4540 7109 1
4540 18377 0
4540 972 0
4540 9172 0
2493 15907 0
2493 861 0
2493 6739 0
2493 1620 0
2493 1653 0
2493 9355 1
2493 2708 0
2493 2709 0
2493 2712 0
2493 2718 0
2493 2722 0
2493 13479 0
2493 3283 1
2493 13355 0
2493 5432 0
2493 6977 0
2493 4956 0
2493 4957 0
2493 4958 0
2493 5477 0
2493 1894 0
2493 3986 0
2493 1603 0
2493 2493 0
2493 7165 0
4542 13328 0
4542 2718 0
4542 1712 0
4542 6068 0
4542 2755 0
4542 1591 0
4542 827 0
4542 4542 0
4542 1603 0
4542 1349 0
4542 3400 1
4542 700 0
4542 3050 1
4542 1653 0
4542 7624 0
4544 1591 0
4544 1620 0
4544 7774 0
4544 1159 0
4544 2714 1
4544 2718 0
4544 8867 0
4544 700 0
4544 3283 1
4544 1765 0
4544 6792 0
4544 6081 0
4544 915 0
4544 19879 0
4544 4544 0
4544 4546 0
4544 18377 0
4544 972 0
4546 19879 0
4546 1591 0
4546 1620 0
4546 703 0
4546 1159 0
4546 2714 1
4546 2718 0
4546 2722 0
4546 8867 0
4546 700 0
4546 705 0
4546 706 0
4546 1741 0
4546 3279 0
4546 3283 1
4546 1765 0
4546 4859 0
4546 5885 0
4546 5432 0
4546 6081 0
4546 5025 0
4546 915 0
4546 5026 0
4546 2976 0
4546 6078 0
4546 4546 0
4546 7109 1
4546 4550 0
4546 4551 0
4546 18377 0
4548 915 0
4548 4548 0
4548 2714 1
4548 5945 1
4548 5477 0
4548 14072 0
4550 13332 0
4550 4371 0
4550 4550 0
4550 4551 0
4550 2535 0
4550 496 0
4550 561 0
4550 2697 0
4550 2718 0
4550 17070 0
4550 705 0
4550 706 0
4550 719 0
4550 4859 0
4550 4925 0
4550 5945 1
4550 861 0
4550 864 0
4550 5025 0
4550 7109 1
4550 3050 1
4550 7682 0
4550 1159 0
4550 1197 0
4550 1221 0
4550 7415 0
4550 5389 0
4550 3353 0
4550 3354 0
4550 3355 0
4550 5432 0
4550 3426 0
4550 3461 0
4550 5523 0
4550 1620 0
4550 1629 0
4550 3729 0
4550 1741 0
4550 7893 0
4550 5855 0
4550 1765 0
4550 3814 0
4550 3850 0
4550 3854 1
4550 10044 0
4550 1894 0
4550 8064 0
4550 3986 0
4550 1957 0
4550 6068 0
4550 6069 0
4551 13332 0
4551 4371 0
4551 5523 0
4551 496 0
4551 561 0
4551 2697 0
4551 4551 0
4551 705 0
4551 706 0
4551 719 0
4551 2793 0
4551 861 0
4551 7109 1
4551 3050 1
4551 1159 0
4551 1197 0
4551 3248 0
4551 7415 0
4551 8064 0
4551 5389 0
4551 3353 0
4551 3355 0
4551 5432 0
4551 3426 0
4551 3461 0
4551 5521 0
4551 1620 0
4551 3729 0
4551 1741 0
4551 5855 0
4551 1765 0
4551 5982 0
4551 3986 0
4551 1957 0
4551 6068 0
4551 6069 0
4551 18377 0
16845 6792 0
16845 13200 0
16845 4760 0
16845 2714 1
16845 6068 0
16845 7483 0
16845 16845 0
16845 5981 0
16845 1893 1
5880 14072 0
5880 4624 0
5880 13061 0
5880 2606 0
5880 16308 0
5880 1603 0
5880 3143 0
5880 3426 0
5880 1620 0
5880 6741 0
5880 1159 0
5880 6792 0
5880 18227 0
5880 3729 0
5880 2709 0
5880 8881 0
5880 1221 0
5880 3271 0
5880 1741 0
5880 5855 0
5880 7409 0
5880 7893 0
5880 16157 0
5880 9523 0
5880 6977 0
5880 3400 1
5880 861 0
5880 3446 0
5880 1223 0
5880 8064 0
5880 3986 0
5880 18332 0
5880 13220 0
5880 1957 0
5880 8112 0
5880 6068 0
5880 5880 0
5880 6739 0
5880 6740 0
18910 2700 1
18910 3729 0
18910 4787 0
18910 1620 0
18910 5981 0
18910 18910 0
18910 5994 0
18910 5999 0
18910 1653 0
2527 7682 1
2527 1544 1
2527 1680 1
2527 8860 1
2527 5791 1
2527 6708 1
2527 2527 2
2527 6078 1
2527 5432 1
2527 6867 1
2527 4069 1
2527 869 1
2527 8034 1
2527 1765 1
2527 2535 1
2527 1259 1
2527 7165 1
2527 6000 1
2535 5183 0
2535 4627 0
2535 4649 0
2535 6708 0
2535 6068 0
2535 1601 0
2535 1603 0
2535 3143 0
2535 16374 0
2535 5254 0
2535 1170 0
2535 2709 0
2535 669 0
2535 1196 0
2535 3782 0
2535 6867 0
2535 8934 0
2535 7409 0
2535 3400 1
2535 12119 0
2535 1893 1
2535 4991 0
2535 5521 0
2535 6069 0
2535 5791 0
2535 2535 0
2535 19879 0
2535 5630 0
496 561 0
496 1197 0
496 6792 0
496 3729 0
496 1180 1
496 2718 0
496 700 0
496 705 0
496 5855 0
496 4371 0
496 5412 0
496 827 0
496 861 0
496 5994 0
496 6069 0
496 7109 1
496 972 0
496 7633 0
496 496 0
8698 3986 0
8698 3400 1
8698 1765 0
8698 16061 1
8698 8698 0
290 1591 0
290 1620 0
290 15991 0
290 15509 0
290 669 0
290 6831 1
290 705 0
290 5828 0
290 719 0
290 1259 0
290 4371 0
290 16157 0
290 290 0
290 5432 0
290 5994 0
290 7109 1
8719 8719 0
8719 3854 1
8719 21148 0
8719 3355 0
8719 18299 0
8719 1400 1
8719 5025 0
4624 4624 0
4624 4627 0
4624 2594 0
4624 2596 0
4624 4649 0
4624 4654 0
4624 3848 0
4624 1591 0
4624 16374 0
4624 13200 0
4624 1680 0
4624 2712 0
4624 2714 1
4624 1180 1
4624 2718 0
4624 8867 0
4624 4787 0
4624 7165 0
4624 1221 0
4624 1223 0
4624 6867 0
4624 7633 0
4624 4371 0
4624 8112 0
4624 6792 0
4624 3422 0
4624 5981 0
4624 8860 0
4624 3429 0
4624 3729 0
4624 5487 0
4624 3446 0
4624 14072 0
4624 2709 0
4624 3986 0
4624 915 0
4624 18332 0
4624 6065 0
4624 6068 0
4624 2997 0
4624 2722 0
4624 6099 0
4624 3050 1
4624 5885 0
4624 6741 0
4627 2596 0
4627 4649 0
4627 4654 0
4627 561 0
4627 1591 0
4627 8034 0
4627 5885 0
4627 2700 1
4627 2712 0
4627 1689 0
4627 2714 1
4627 8881 0
4627 4787 0
4627 16337 0
4627 3848 0
4627 7726 0
4627 4916 0
4627 827 0
4627 861 0
4627 3422 0
4627 7483 0
4627 2709 0
4627 6065 0
4627 13200 0
4627 3986 0
4627 1943 0
4627 5981 0
4627 8112 0
4627 6068 0
4627 2997 0
4627 5052 0
4627 6078 0
4627 16374 0
4627 7633 0
4627 6741 0
14870 5254 1
14870 3986 1
14870 16157 1
2594 13061 0
2594 2594 0
2594 2596 0
2594 2602 0
2594 2606 0
2594 561 0
2594 3167 0
2594 6737 0
2594 6739 0
2594 6740 0
2594 6741 0
2594 2709 0
2594 4760 0
2594 2714 1
2594 2718 0
2594 2722 0
2594 8867 0
2594 8881 0
2594 8934 0
2594 8977 0
2594 4916 0
2594 6977 0
2594 4956 0
2594 861 0
2594 4958 0
2594 869 0
2594 4974 0
2594 4991 0
2594 5026 0
2594 2997 0
2594 5052 0
2594 972 0
2594 11236 0
2594 3046 0
2594 13332 0
2594 4957 0
2594 3217 0
2594 1221 0
2594 1223 0
2594 3283 1
2594 1259 0
2594 3426 0
2594 3429 0
2594 5487 0
2594 19879 0
2594 3533 0
2594 3561 0
2594 1544 0
2594 1591 0
2594 16308 0
2594 1601 0
2594 1653 0
2594 1680 0
2594 3782 0
2594 1741 0
2594 7893 0
2594 5855 0
2594 1765 0
2594 14072 0
2594 3848 0
2594 5994 0
2594 1927 0
2594 2712 0
2594 3986 0
2594 1943 0
2594 18332 0
2594 12954 0
2594 6065 0
2594 6068 0
2594 6069 0
2594 6078 0
2594 6081 0
2594 16337 0
2594 16374 0
2596 8112 0
2596 2596 0
2596 2602 0
2596 2606 0
2596 5981 0
2596 561 0
2596 16308 0
2596 6069 0
2596 1601 0
2596 6737 0
2596 6739 0
2596 6741 0
2596 3429 0
2596 7783 0
2596 1653 0
2596 13332 0
2596 1680 0
2596 3217 0
2596 2712 0
2596 2714 1
2596 2718 0
2596 2722 0
2596 8867 0
2596 8881 0
2596 2755 0
2596 1221 0
2596 3782 0
2596 1741 0
2596 3283 1
2596 16374 0
2596 5855 0
2596 1259 0
2596 7721 0
2596 7893 0
2596 3848 0
2596 6977 0
2596 5978 0
2596 4956 0
2596 4957 0
2596 4958 0
2596 3426 0
2596 869 0
2596 12954 0
2596 4760 0
2596 3986 0
2596 1943 0
2596 18332 0
2596 5026 0
2596 19879 0
2596 6065 0
2596 2997 0
2596 5052 0
2596 6078 0
2596 6081 0
2596 7109 1
2596 7624 0
2596 3533 0
2596 11236 0
2596 6740 0
4649 4649 0
4649 4654 0
4649 1620 0
4649 2708 0
4649 2709 0
4649 2712 0
4649 1180 1
4649 4787 0
4649 5855 0
4649 5885 0
4649 3848 0
4649 5412 0
4649 7483 0
4649 4925 0
4649 13632 0
4649 5978 0
4649 4956 0
4649 5981 0
4649 3429 0
4649 3729 0
4649 3446 0
4649 18323 0
4649 3461 0
4649 5980 0
4649 13200 0
4649 3986 0
4649 18332 0
4649 19879 0
4649 6068 0
4649 5052 0
4649 7109 1
4649 16337 0
4649 6740 0
4649 7165 0
4649 6741 0
2602 13332 0
2602 2602 0
2602 2606 0
2602 1591 0
2602 16308 0
2602 6737 0
2602 6740 0
2602 6741 0
2602 2714 1
2602 8881 0
2602 3782 0
2602 1741 0
2602 7893 0
2602 3848 0
2602 8977 0
2602 6977 0
2602 861 0
2602 3426 0
2602 4974 0
2602 5487 0
2602 4976 0
2602 4991 0
2602 1943 0
2602 18332 0
2602 6068 0
2602 955 1
2602 6078 0
2602 11236 0
2602 3561 0
2602 6739 0
2602 16374 0
2606 4371 0
2606 14072 0
2606 6739 0
2606 6740 0
2606 6741 0
2606 8833 0
2606 6792 0
2606 2709 0
2606 2714 1
2606 2722 0
2606 17070 0
2606 8881 0
2606 700 0
2606 2793 0
2606 4859 0
2606 8977 0
2606 2855 1
2606 4916 0
2606 6977 0
2606 4956 0
2606 4957 0
2606 4958 0
2606 869 0
2606 4974 0
2606 4976 0
2606 4991 0
2606 5026 0
2606 11236 0
2606 7165 0
2606 13332 0
2606 861 0
2606 13061 0
2606 3217 0
2606 13512 0
2606 15582 0
2606 13631 0
2606 3426 0
2606 3429 0
2606 3446 0
2606 19879 0
2606 7633 0
2606 3561 0
2606 7721 0
2606 1591 0
2606 2997 0
2606 7783 0
2606 1653 0
2606 3729 0
2606 1712 0
2606 3782 0
2606 7893 0
2606 5855 0
2606 1765 0
2606 3848 0
2606 5978 0
2606 5981 0
2606 5994 0
2606 3986 0
2606 1943 0
2606 12954 0
2606 8112 0
2606 6065 0
2606 16308 0
2606 6078 0
2606 16374 0
561 16061 1
561 1400 1
561 561 0
561 2712 0
561 2718 0
561 700 0
561 706 0
561 2793 0
561 4859 0
561 2825 0
561 827 0
561 4956 0
561 4957 0
561 4958 0
561 864 0
561 869 0
561 6977 0
561 3046 0
561 861 0
561 8833 0
561 3217 0
561 3248 0
561 1221 0
561 1259 0
561 3353 0
561 3354 0
561 3355 0
561 5432 0
561 3461 0
561 3462 0
561 5521 0
561 5523 0
561 19879 0
561 3517 0
561 5569 0
561 5630 0
561 1680 0
561 3729 0
561 5818 0
561 1741 0
561 5855 0
561 5980 0
561 5981 0
561 5982 0
561 1894 0
561 5994 0
561 5999 0
561 1927 0
561 8112 0
561 6068 0
561 16374 0
6708 1544 0
6708 7726 0
6708 861 0
6708 3422 0
6708 3426 0
6708 1159 0
6708 1680 0
6708 2708 0
6708 2709 0
6708 1689 0
6708 8860 0
6708 5791 0
6708 3283 1
6708 7893 0
6708 5885 0
6708 5412 0
6708 4956 0
6708 4957 0
6708 4958 0
6708 6000 0
6708 1943 0
6708 6065 0
6708 16308 0
6708 2997 0
6708 6078 0
6708 3561 0
16955 6792 0
16955 13200 0
16955 1712 0
16955 16955 0
16955 2755 0
16955 1349 0
16955 3400 1
16955 18377 0
16955 6740 0
16955 5982 0
16955 13328 0
16955 7624 0
16955 1765 0
16955 5521 0
16955 3050 1
16955 7409 0
12865 15907 0
12865 9355 1
12865 2714 1
12865 748 0
12865 8977 0
12865 4957 0
12865 19808 0
12865 5569 0
12865 3561 0
3429 5978 0
3429 13355 0
3429 5981 0
3429 1591 0
3429 7224 0
3429 7243 0
3429 6737 0
3429 6739 0
3429 6741 0
3429 18332 0
3429 1680 0
3429 4974 0
3429 2712 0
3429 2718 0
3429 2722 0
3429 3283 1
3429 14072 0
3429 18346 0
3429 13061 0
3429 3848 0
3429 5389 0
3429 4916 0
3429 5980 0
3429 4957 0
3429 3422 0
3429 3426 0
3429 3986 0
3429 3050 1
3429 4991 0
3429 1927 0
3429 1928 0
3429 5521 0
3429 1943 0
3429 6065 0
3429 16308 0
3429 2997 0
3429 5052 0
3429 6081 0
3429 7633 0
3429 3046 0
3429 6740 0
3429 5630 0
6737 3446 0
6737 6739 0
6737 6740 0
6737 6741 0
6737 2712 0
6737 669 0
6737 2718 0
6737 2722 0
6737 8881 0
6737 8977 0
6737 861 0
6737 4974 0
6737 4991 0
6737 3046 0
6737 3050 1
6737 13355 0
6737 7224 0
6737 7243 0
6737 7512 0
6737 3426 0
6737 7633 0
6737 5630 0
6737 1591 0
6737 1620 0
6737 1653 0
6737 1680 0
6737 5855 0
6737 1765 0
6737 14072 0
6737 3848 0
6737 5945 1
6737 8016 0
6737 5981 0
6737 8034 0
6737 2709 0
6737 3986 0
6739 7243 0
6739 19879 0
6739 2825 0
6739 6739 0
6739 6740 0
6739 6741 0
6739 2708 0
6739 2709 0
6739 2712 0
6739 2714 1
6739 669 0
6739 2718 0
6739 2722 0
6739 8867 0
6739 8881 0
6739 705 0
6739 2755 0
6739 6867 0
6739 8934 0
6739 8977 0
6739 4925 0
6739 4957 0
6739 4958 0
6739 4974 0
6739 4976 0
6739 2938 0
6739 4991 0
6739 2976 0
6739 7109 1
6739 9172 0
6739 3050 1
6739 13328 0
6739 7224 0
6739 5183 0
6739 3143 0
6739 8034 0
6739 5254 0
6739 1159 0
6739 9414 0
6739 1259 0
6739 1349 0
6739 3400 1
6739 5487 0
6739 12119 0
6739 5569 0
6739 7415 0
6739 3561 0
6739 5630 0
6739 1544 0
6739 14072 0
6739 1591 0
6739 1601 0
6739 1653 0
6739 1680 0
6739 5791 0
6739 1712 0
6739 3782 0
6739 1741 0
6739 1765 0
6739 6081 0
6739 3848 0
6739 16157 0
6739 5945 1
6739 8016 0
6739 5981 0
6739 5982 0
6739 1927 0
6739 4760 0
6739 3986 0
6739 12954 0
6739 8112 0
6739 6068 0
6739 16374 0
6740 14072 0
6740 6741 0
6740 17070 0
6740 2709 0
6740 2718 0
6740 2722 0
6740 8867 0
6740 8881 0
6740 4859 0
6740 8977 0
6740 4974 0
6740 4991 0
6740 17308 0
6740 7109 1
6740 3046 0
6740 3050 1
6740 7224 0
6740 5183 0
6740 7243 0
6740 5254 0
6740 3422 0
6740 19879 0
6740 3561 0
6740 5630 0
6740 1591 0
6740 1601 0
6740 1603 0
6740 1653 0
6740 1680 0
6740 1694 0
6740 3782 0
6740 3788 0
6740 1765 0
6740 3848 0
6740 16157 0
6740 5945 1
6740 5981 0
6740 8034 0
6740 2712 0
6740 3986 0
6740 1943 0
6740 1957 0
6740 6068 0
6740 6078 0
6740 16374 0
6741 4371 0
6741 14072 0
6741 6741 0
6741 6977 0
6741 6792 0
6741 2708 0
6741 2709 0
6741 2712 0
6741 669 0
6741 2718 0
6741 2722 0
6741 8881 0
6741 6867 0
6741 4859 0
6741 8977 0
6741 2861 0
6741 4956 0
6741 4957 0
6741 4958 0
6741 869 0
6741 4974 0
6741 4991 0
6741 2976 0
6741 7109 1
6741 972 0
6741 3050 1
6741 7165 0
6741 861 0
6741 7224 0
6741 5183 0
6741 7243 0
6741 5254 0
6741 3217 0
6741 2938 0
6741 1259 0
6741 7409 0
6741 3354 0
6741 1349 0
6741 3400 1
6741 3422 0
6741 3446 0
6741 19879 0
6741 17308 0
6741 5630 0
6741 7682 0
6741 7726 0
6741 1591 0
6741 1601 0
6741 1603 0
6741 1653 0
6741 1680 0
6741 3729 0
6741 1712 0
6741 3782 0
6741 1741 0
6741 1765 0
6741 5885 0
6741 3848 0
6741 16157 0
6741 5981 0
6741 5982 0
6741 8034 0
6741 4760 0
6741 3986 0
6741 18323 0
6741 18332 0
6741 6068 0
6741 6081 0
8833 1653 0
8833 8833 0
8833 2700 1
8833 2708 0
8833 669 0
8833 3782 0
8833 15582 0
8833 3283 1
8833 6867 0
4739 1620 0
4739 3353 0
4739 2714 1
4739 1653 0
4739 16157 0
4739 6068 0
6792 5828 0
6792 14072 0
6792 4859 0
6792 6792 0
6792 2708 0
6792 2712 0
6792 669 0
6792 2718 0
6792 2722 0
6792 703 0
6792 705 0
6792 2755 0
6792 2825 0
6792 861 0
6792 2976 0
6792 5052 0
6792 972 0
6792 7165 0
6792 13328 0
6792 3143 0
6792 3400 1
6792 3422 0
6792 3462 0
6792 5569 0
6792 5026 0
6792 7633 0
6792 7726 0
6792 1591 0
6792 1620 0
6792 3729 0
6792 7109 1
6792 5885 0
6792 5978 0
6792 5980 0
6792 5981 0
6792 2709 0
6792 1927 0
6792 6081 0
6792 16337 0
2697 3143 0
2697 2697 0
2697 2708 0
2697 2712 0
2697 2714 1
2697 2715 0
2697 8860 0
2697 2718 0
2697 2722 0
2697 1197 0
2697 1221 0
2697 1223 0
2697 7415 0
2697 5994 0
2697 1901 0
2697 5521 0
2697 7633 0
2697 7165 0
2700 3461 1
2700 2708 1
2700 2712 1
2700 3355 1
2700 17070 1
2700 15155 1
2700 3513 1
2700 5052 1
2700 11202 1
2700 9414 1
2700 5978 1
2700 5980 1
2700 5981 1
2700 18323 1
2708 4654 0
2708 3848 0
2708 2709 0
2708 2712 0
2708 2714 1
2708 8860 0
2708 669 0
2708 2718 0
2708 2722 0
2708 17070 0
2708 8881 0
2708 6867 0
2708 4859 0
2708 13061 0
2708 827 0
2708 861 0
2708 915 0
2708 2976 0
2708 7109 1
2708 3046 0
2708 3050 1
2708 13355 0
2708 5254 0
2708 3217 0
2708 1180 1
2708 1221 0
2708 13512 0
2708 15582 0
2708 5389 0
2708 3353 0
2708 3354 0
2708 5412 0
2708 5432 0
2708 3446 0
2708 3462 0
2708 19879 0
2708 3533 0
2708 7633 0
2708 3561 0
2708 7721 0
2708 1620 0
2708 1741 0
2708 5855 0
2708 14072 0
2708 5885 0
2708 7944 0
2708 5981 0
2708 1901 0
2708 8064 0
2708 3986 0
2708 8112 0
2708 6068 0
2708 6078 0
2708 16374 0
2709 5885 0
2709 2709 0
2709 2712 0
2709 2714 1
2709 8860 0
2709 669 0
2709 2718 0
2709 2722 0
2709 8881 0
2709 705 0
2709 719 0
2709 4859 0
2709 13061 0
2709 8977 0
2709 4916 0
2709 6977 0
2709 843 0
2709 4956 0
2709 861 0
2709 4958 0
2709 869 0
2709 13200 0
2709 915 0
2709 5026 0
2709 11236 0
2709 4957 0
2709 5254 0
2709 3217 0
2709 1170 0
2709 5432 0
2709 3426 0
2709 3461 0
2709 3462 0
2709 19879 0
2709 3561 0
2709 16308 0
2709 1620 0
2709 7783 0
2709 1644 0
2709 7893 0
2709 5855 0
2709 3848 0
2709 16157 0
2709 18227 0
2709 5981 0
2709 8064 0
2709 3986 0
2709 18323 0
2709 1943 0
2709 18332 0
2709 12954 0
2709 8112 0
2709 6068 0
2709 6078 0
2709 16374 0
4760 13328 0
4760 8112 0
4760 7726 0
4760 5180 0
4760 1629 0
4760 2718 0
4760 1712 0
4760 2755 0
4760 7893 0
4760 7409 0
4760 13061 0
4760 2825 0
4760 4916 0
4760 1349 0
4760 3400 1
4760 861 0
4760 5982 0
4760 3426 0
4760 4974 0
4760 3986 0
4760 1943 0
4760 9128 0
4760 7624 0
4760 3561 0
4760 3050 1
2714 2714 2
2714 15155 1
2714 19879 1
2714 2712 1
2714 8860 1
2714 2718 1
2714 2722 1
2714 8867 1
2714 8881 1
2714 4787 1
2714 700 1
2714 748 1
2714 2861 1
2714 827 1
2714 4956 1
2714 4957 1
2714 4958 1
2714 2938 1
2714 15509 1
2714 13187 1
2714 2956 1
2714 13200 1
2714 915 1
2714 2976 1
2714 5026 1
2714 19368 1
2714 2997 1
2714 7109 2
2714 972 1
2714 7165 1
2714 13332 1
2714 5183 1
2714 3143 1
2714 5630 1
2714 1159 1
2714 3217 1
2714 1170 1
2714 1180 2
2714 1185 1
2714 1189 1
2714 13479 1
2714 1196 1
2714 9414 1
2714 3271 1
2714 13512 1
2714 15582 1
2714 7415 1
2714 5389 1
2714 17689 1
2714 5432 1
2714 7483 1
2714 7512 1
2714 3426 1
2714 1400 2
2714 1402 1
2714 5523 1
2714 5569 1
2714 3533 1
2714 7633 1
2714 15609 1
2714 7651 1
2714 7682 1
2714 1544 1
2714 7721 1
2714 1591 1
2714 16308 1
2714 1601 1
2714 1603 1
2714 1620 1
2714 1629 1
2714 13922 1
2714 7783 1
2714 1644 1
2714 1645 1
2714 15991 1
2714 3729 1
2714 5791 1
2714 18377 1
2714 5828 1
2714 1741 1
2714 5855 1
2714 14072 1
2714 7944 1
2714 9523 1
2714 5981 1
2714 8034 1
2714 5994 1
2714 1901 1
2714 5999 1
2714 8064 1
2714 1928 1
2714 3986 1
2714 1943 1
2714 6040 1
2714 12954 1
2714 21148 1
2714 8112 1
2714 6065 1
2714 6068 1
2714 6081 1
2714 16337 1
2714 8164 1
2714 4069 1
2714 16374 1
2715 1591 0
2715 5183 0
2715 1680 0
2715 2715 0
2715 1180 1
2715 1189 0
2715 6831 1
2715 5828 0
2715 13512 0
2715 3788 0
2715 1741 0
2715 5885 0
2715 5389 0
2715 5432 0
2715 5945 1
2715 1894 0
2715 5994 0
2715 915 0
2715 18377 0
2715 7633 0
2715 7651 0
8860 1544 0
8860 7726 0
8860 1620 0
8860 1653 0
8860 1159 0
8860 2712 0
8860 1689 0
8860 2718 0
8860 5791 0
8860 2722 0
8860 1221 0
8860 1223 0
8860 7893 0
8860 1765 0
8860 5885 0
8860 13061 0
8860 5412 0
8860 1901 0
8860 864 0
8860 3426 0
8860 869 0
8860 3986 0
8860 915 0
8860 1943 0
8860 2976 0
8860 6065 0
8860 6068 0
8860 2997 0
8860 11202 0
669 19879 0
669 669 0
669 2718 0
669 8867 0
669 4859 0
669 4916 0
669 13200 0
669 955 1
669 7109 1
669 972 0
669 1901 0
669 1221 0
669 1223 0
669 5389 0
669 3344 0
669 5432 0
669 3426 0
669 3461 0
669 3462 0
669 3561 0
669 7726 0
669 1620 0
669 1653 0
669 3724 0
669 3729 0
669 16061 1
669 1741 0
669 1765 0
669 3814 0
669 5885 0
669 5945 1
669 5981 0
669 1927 0
669 8112 0
669 6078 0
669 8164 0
2718 7512 0
2718 5521 0
2718 5523 0
2718 19879 0
2718 4654 0
2718 5569 0
2718 2718 0
2718 2722 0
2718 8881 0
2718 719 0
2718 4859 0
2718 827 0
2718 843 0
2718 861 0
2718 864 0
2718 869 0
2718 4976 0
2718 2938 0
2718 4991 0
2718 915 0
2718 2976 0
2718 972 0
2718 1159 0
2718 3217 0
2718 1223 0
2718 1221 0
2718 3271 0
2718 5389 0
2718 5412 0
2718 9523 0
2718 5432 0
2718 1349 0
2718 3400 1
2718 3426 0
2718 3446 0
2718 3461 0
2718 3462 0
2718 1943 0
2718 5026 0
2718 5025 0
2718 3533 0
2718 7633 0
2718 7721 0
2718 7726 0
2718 1591 0
2718 1601 0
2718 1620 0
2718 7783 0
2718 1680 0
2718 3729 0
2718 1712 0
2718 1741 0
2718 5855 0
2718 14072 0
2718 3848 0
2718 18323 0
2718 5982 0
2718 1901 0
2718 5999 0
2718 8064 0
2718 1927 0
2718 2712 0
2718 3986 0
2718 18332 0
2718 8112 0
2718 6065 0
2718 6068 0
2718 6069 0
2718 6078 0
2718 6081 0
2718 7165 0
2718 16374 0
2722 5521 0
2722 5523 0
2722 19879 0
2722 13061 0
2722 2712 0
2722 2722 0
2722 6867 0
2722 4859 0
2722 8977 0
2722 6977 0
2722 861 0
2722 864 0
2722 869 0
2722 4974 0
2722 4976 0
2722 4991 0
2722 915 0
2722 5026 0
2722 972 0
2722 3217 0
2722 1170 0
2722 3248 0
2722 1221 0
2722 1223 0
2722 1259 0
2722 9523 0
2722 5432 0
2722 3426 0
2722 3446 0
2722 3461 0
2722 3462 0
2722 3533 0
2722 7633 0
2722 3561 0
2722 7721 0
2722 7726 0
2722 1591 0
2722 16308 0
2722 2997 0
2722 1601 0
2722 1620 0
2722 1653 0
2722 1680 0
2722 3729 0
2722 1712 0
2722 1741 0
2722 7893 0
2722 5855 0
2722 14072 0
2722 5978 0
2722 5981 0
2722 5982 0
2722 1901 0
2722 8064 0
2722 1927 0
2722 3986 0
2722 1943 0
2722 18332 0
2722 8112 0
2722 6065 0
2722 6068 0
2722 6069 0
2722 6081 0
8867 1400 1
8867 2712 0
8867 8867 0
8867 861 0
8867 5026 0
8867 955 1
8867 11236 0
8867 13061 0
8867 1170 0
8867 3283 1
8867 5389 0
8867 3426 0
8867 3446 0
8867 1402 0
8867 3461 0
8867 3462 0
8867 19879 0
8867 7633 0
8867 1591 0
8867 16308 0
8867 1620 0
8867 1645 0
8867 1680 0
8867 3729 0
8867 1689 0
8867 5828 0
8867 1741 0
8867 7893 0
8867 3848 0
8867 5945 1
8867 6000 0
8867 3986 0
8867 1943 0
8867 18332 0
8867 6068 0
8867 6081 0
8867 8164 0
17070 8064 0
17070 8112 0
17070 7109 1
17070 5981 0
17070 5855 0
17070 8034 0
17070 869 0
17070 3446 0
6831 1170 1
6831 21148 1
6831 18344 1
6831 5945 2
6831 13631 1
6831 13632 1
6831 7512 1
6831 3446 1
6831 4859 1
8881 7512 0
8881 8881 0
8881 2712 0
8881 2755 0
8881 14072 0
8881 6867 0
8881 8977 0
8881 861 0
8881 4974 0
8881 4976 0
8881 2938 0
8881 17308 0
8881 2976 0
8881 5052 0
8881 972 0
8881 3046 0
8881 3050 1
8881 5183 0
8881 1159 0
8881 3217 0
8881 1197 0
8881 1221 0
8881 9414 0
8881 1259 0
8881 7409 0
8881 7415 0
8881 3353 0
8881 3355 0
8881 3446 0
8881 3462 0
8881 5521 0
8881 5523 0
8881 19879 0
8881 3561 0
8881 1591 0
8881 1629 0
8881 1653 0
8881 6081 0
8881 1680 0
8881 3729 0
8881 1712 0
8881 3782 0
8881 1741 0
8881 5855 0
8881 1765 0
8881 3848 0
8881 5945 1
8881 8016 0
8881 5978 0
8881 5980 0
8881 5981 0
8881 5982 0
8881 8034 0
8881 5994 0
8881 3986 0
8881 18332 0
8881 12954 0
8881 1957 0
8881 6068 0
8881 6078 0
4787 1591 0
4787 2712 0
4787 4787 0
4787 5855 0
4787 1765 0
4787 5885 0
4787 5978 0
4787 5980 0
4787 5981 0
4787 5982 0
4787 7483 0
4787 5999 0
4787 3446 0
4787 3461 0
4787 13200 0
4787 17308 0
4787 8112 0
4787 6068 0
4787 3513 0
4787 5052 0
4787 6081 0
4787 7109 1
4787 6099 0
700 1629 0
700 1644 0
700 1653 0
700 1180 1
700 1197 0
700 700 0
700 703 0
700 705 0
700 706 0
700 1259 0
700 4916 0
700 5432 0
700 843 0
700 861 0
700 8034 0
700 5477 0
700 3446 0
700 1402 0
700 5521 0
700 3513 0
700 3517 0
700 6081 0
700 7633 0
700 7165 0
703 6081 0
703 1180 1
703 5432 0
703 703 0
703 705 0
703 3283 1
703 1629 0
703 5477 0
705 7682 0
705 5981 0
705 1180 1
705 1197 0
705 705 0
705 706 0
705 5828 0
705 5855 0
705 1259 0
705 5885 0
705 5432 0
705 843 0
705 5978 0
705 5980 0
705 5477 0
705 6000 0
705 2938 0
705 5052 0
705 6081 0
705 7109 1
705 972 0
706 1180 1
706 4916 0
706 6068 0
706 827 0
706 706 0
706 7109 1
706 5477 0
706 6081 0
706 2938 0
2755 13328 0
2755 5981 0
2755 3422 0
2755 5180 0
2755 1620 0
2755 1712 0
2755 3446 0
2755 3788 0
2755 7893 0
2755 7409 0
2755 12028 0
2755 5885 0
2755 13061 0
2755 2825 0
2755 5389 0
2755 1349 0
2755 3400 1
2755 861 0
2755 5982 0
2755 3462 0
2755 3986 0
2755 1943 0
2755 18332 0
2755 9128 0
2755 6065 0
2755 2997 0
2755 6078 0
2755 7624 0
2755 3050 1
719 6068 0
719 6069 0
719 1620 0
719 7109 1
719 5828 0
719 1221 0
719 1223 0
719 1741 0
719 719 0
719 1259 0
719 5885 0
719 8064 0
719 16157 0
719 3848 0
719 5389 0
719 3353 0
719 9523 0
719 3382 0
719 4956 0
719 4957 0
719 4958 0
719 7224 0
719 2938 0
719 1927 0
719 3986 0
719 2976 0
719 3561 0
6867 15907 0
6867 7726 0
6867 13061 0
6867 1591 0
6867 16308 0
6867 14072 0
6867 1653 0
6867 2712 0
6867 1694 0
6867 1741 0
6867 3283 1
6867 7893 0
6867 15582 0
6867 1765 0
6867 1259 0
6867 4859 0
6867 5885 0
6867 4916 0
6867 6977 0
6867 5981 0
6867 869 0
6867 3729 0
6867 5994 0
6867 2938 0
6867 3462 0
6867 13200 0
6867 3986 0
6867 18323 0
6867 6867 0
6867 5026 0
6867 18332 0
6867 8112 0
6867 3517 0
6867 3533 0
6867 13220 0
8934 13061 0
8934 19879 0
8934 7726 0
8934 1221 0
8934 13512 0
8934 3283 1
8934 7893 0
8934 1765 0
8934 5945 1
8934 5487 0
8934 6977 0
8934 3986 0
8934 1943 0
8934 12954 0
8934 16308 0
8934 3533 0
8934 11236 0
8934 3561 0
2793 827 0
2793 7109 1
2793 5180 0
2793 1221 0
2793 1223 0
2793 5432 0
2793 3446 0
2793 5569 0
2793 4371 0
2793 5791 0
2793 5855 0
2793 12028 0
2793 1894 0
2793 16293 1
2793 8112 0
748 15907 0
748 3167 0
748 1741 0
748 748 0
748 3854 1
748 19808 0
748 3426 0
8945 13332 0
8945 2825 0
8945 19808 0
8945 6081 0
8945 7109 1
4859 4371 0
4859 2712 0
4859 4859 0
4859 4916 0
4859 869 0
4859 4974 0
4859 5052 0
4859 972 0
4859 7165 0
4859 13328 0
4859 3143 0
4859 1197 0
4859 1221 0
4859 1223 0
4859 4654 0
4859 3354 0
4859 3355 0
4859 5432 0
4859 3400 1
4859 3422 0
4859 5477 0
4859 3446 0
4859 5521 0
4859 5523 0
4859 19879 0
4859 7726 0
4859 1603 0
4859 3729 0
4859 1712 0
4859 5828 0
4859 3782 0
4859 1741 0
4859 5855 0
4859 14072 0
4859 12119 0
4859 5978 0
4859 5980 0
4859 5981 0
4859 1927 0
4859 3986 0
4859 1957 0
4859 6065 0
4859 6081 0
13061 1712 0
13061 13328 0
13061 827 0
13061 4956 0
13061 2976 0
13061 3046 0
13061 13061 0
13061 1197 0
13061 3283 1
13061 1259 0
13061 1349 0
13061 3400 1
13061 3426 0
13061 5521 0
13061 19879 0
13061 1591 0
13061 16308 0
13061 1629 0
13061 7783 0
13061 1653 0
13061 1680 0
13061 7893 0
13061 5855 0
13061 1765 0
13061 3854 1
13061 5981 0
13061 5982 0
13061 14072 0
13061 1927 0
13061 1928 0
13061 16293 1
13061 8112 0
13061 6068 0
2825 3422 0
2825 7243 0
2825 3167 0
2825 7783 0
2825 1653 0
2825 1712 0
2825 2825 0
2825 3400 1
2825 19808 0
2825 3986 0
2825 3561 0
2825 3050 1
8977 1591 0
8977 7243 0
8977 1653 0
8977 3782 0
8977 13512 0
8977 1400 1
8977 7893 0
8977 5855 0
8977 1765 0
8977 13355 0
8977 861 0
8977 3848 0
8977 8977 0
8977 4916 0
8977 6977 0
8977 3400 1
8977 4956 0
8977 4957 0
8977 4958 0
8977 3426 0
8977 3986 0
8977 16308 0
8977 7633 0
8977 16374 0
2855 21537 1
2861 869 0
2861 1653 0
2861 3729 0
2861 4957 0
2861 1893 1
15155 5487 0
4916 3446 0
4916 21148 0
4916 4916 0
4916 827 0
4916 4925 0
4916 6977 0
4916 843 0
4916 4956 0
4916 4976 0
4916 4991 0
4916 3217 0
4916 1221 0
4916 1223 0
4916 3400 1
4916 5569 0
4916 3561 0
4916 5630 0
4916 7743 0
4916 1603 0
4916 1629 0
4916 1653 0
4916 1712 0
4916 5855 0
4916 1765 0
4916 16157 0
4916 5945 1
4916 5981 0
4916 6000 0
4916 1928 0
4916 2712 0
4916 16293 1
4916 6068 0
4916 6081 0
4916 16374 0
827 1741 0
827 4371 0
827 7633 0
827 827 0
827 4956 0
827 4957 0
827 4958 0
827 5025 0
827 2997 0
827 7109 1
827 7165 0
827 861 0
827 1221 0
827 1223 0
827 3283 1
827 5432 0
827 19879 0
827 5569 0
827 1544 0
827 16308 0
827 1603 0
827 1620 0
827 1653 0
827 3729 0
827 7893 0
827 5855 0
827 5981 0
827 5982 0
827 5994 0
827 1927 0
827 3986 0
827 1943 0
827 18332 0
827 12954 0
827 8112 0
827 6065 0
827 6068 0
827 6081 0
4925 1544 0
4925 12954 0
4925 18332 0
4925 1689 0
4925 3283 1
4925 5855 0
4925 1765 0
4925 13355 0
4925 3382 0
4925 4925 0
4925 3426 0
4925 2938 0
4925 1927 0
4925 1928 0
4925 3986 0
4925 2997 0
4925 6081 0
4925 3046 0
4925 3050 1
6977 14072 0
6977 2712 0
6977 12954 0
6977 6977 0
6977 4991 0
6977 2997 0
6977 5052 0
6977 3046 0
6977 15509 0
6977 3283 1
6977 5487 0
6977 1603 0
6977 1601 0
6977 1653 0
6977 1680 0
6977 5828 0
6977 3782 0
6977 1893 1
6977 16293 1
6977 16374 0
843 5981 0
843 1620 0
843 2712 0
843 1180 1
843 1221 0
843 1223 0
843 3283 1
843 1259 0
843 3354 0
843 843 0
843 5180 0
843 3446 0
843 2938 0
843 915 0
843 14072 0
843 3046 0
4956 2712 0
4956 4956 0
4956 4957 0
4956 4958 0
4956 864 0
4956 1223 0
4956 3283 1
4956 861 0
4956 3354 0
4956 13479 0
4956 19808 0
4956 3426 0
4956 19879 0
4956 18332 0
4956 3517 0
4956 13220 0
4956 3561 0
4956 1591 0
4956 1620 0
4956 1629 0
4956 1653 0
4956 1712 0
4956 3782 0
4956 7893 0
4956 5855 0
4956 1765 0
4956 5981 0
4956 1927 0
4956 3986 0
4956 1943 0
4956 6081 0
4956 16374 0
861 1712 0
861 4371 0
861 14072 0
861 2712 0
861 12954 0
861 17689 0
861 5945 1
861 861 0
861 4974 0
861 5052 0
861 3046 0
861 13328 0
861 4957 0
861 4958 0
861 7224 0
861 1159 0
861 1221 0
861 3283 1
861 1259 0
861 3353 0
861 3354 0
861 5432 0
861 3426 0
861 3446 0
861 19879 0
861 5569 0
861 5630 0
861 7682 0
861 1591 0
861 1603 0
861 1653 0
861 1680 0
861 1689 0
861 5791 0
861 3782 0
861 1741 0
861 5855 0
861 3848 0
861 5982 0
861 8034 0
861 5994 0
861 1901 0
861 5999 0
861 1927 0
861 1928 0
861 3986 0
861 6068 0
861 6069 0
861 6078 0
861 6081 0
4958 6078 0
4958 2712 0
4958 4957 0
4958 4958 0
4958 1223 0
4958 19808 0
4958 3426 0
4958 19879 0
4958 3517 0
4958 3561 0
4958 1591 0
4958 1620 0
4958 1629 0
4958 1653 0
4958 1712 0
4958 3782 0
4958 1765 0
4958 5981 0
4958 1927 0
4958 16374 0
864 1620 0
864 3729 0
864 1712 0
864 1221 0
864 1741 0
864 3283 1
864 1259 0
864 3850 0
864 3854 1
864 5855 0
864 864 0
864 3986 0
864 6081 0
869 1653 0
869 5569 0
869 3729 0
869 1221 0
869 1741 0
869 3283 1
869 6081 0
869 3353 0
869 3354 0
869 5855 0
869 3400 1
869 869 0
869 18323 0
869 3446 0
869 5523 0
869 7109 1
4974 3782 0
4974 16308 0
4974 7243 0
4974 4976 0
4974 4991 0
4974 5026 0
4974 5052 0
4974 3050 1
4974 7224 0
4974 3217 0
4974 1221 0
4974 2938 0
4974 7409 0
4974 1349 0
4974 3400 1
4974 3426 0
4974 5487 0
4974 3461 0
4974 19879 0
4974 7624 0
4974 3561 0
4974 5630 0
4974 1591 0
4974 2997 0
4974 1629 0
4974 1653 0
4974 3729 0
4974 1712 0
4974 1741 0
4974 7893 0
4974 5855 0
4974 3848 0
4974 5978 0
4974 3986 0
4974 1943 0
4974 8112 0
4974 6065 0
4974 6068 0
4974 16374 0
4976 1591 0
4976 1653 0
4976 3217 0
4976 1712 0
4976 1741 0
4976 1400 1
4976 7409 0
4976 5978 0
4976 3426 0
4976 4991 0
4976 3986 0
4976 1943 0
4976 5026 0
4976 6065 0
4976 2997 0
4976 5052 0
4976 16374 0
4976 11236 0
4976 3561 0
4976 3050 1
4976 19879 0
2938 5254 0
2938 3782 0
2938 3283 1
2938 1765 0
2938 1259 0
2938 3400 1
2938 12954 0
2938 2938 0
2938 1943 0
2938 18332 0
2938 3561 0
4991 1591 0
4991 7224 0
4991 7243 0
4991 1645 0
4991 1653 0
4991 3217 0
4991 1712 0
4991 3782 0
4991 1741 0
4991 1400 1
4991 7893 0
4991 1765 0
4991 6078 0
4991 3848 0
4991 5978 0
4991 3986 0
4991 1943 0
4991 5052 0
4991 3561 0
4991 3050 1
4991 19879 0
4991 5630 0
13187 7109 1
13187 3561 0
13187 7837 0
2956 1159 0
2956 2956 0
2956 1180 1
13200 7682 0
13200 4654 0
13200 2712 0
13200 3283 1
13200 3353 0
13200 3354 0
13200 7483 0
13200 13631 0
13200 13632 0
13200 5981 0
13200 3461 0
13200 13200 0
13200 3986 0
13200 8112 0
13200 16337 0
915 6068 0
915 5052 0
915 2712 0
915 7109 1
915 3248 0
915 1221 0
915 3283 1
915 8064 0
915 5978 0
915 5980 0
915 5981 0
915 5994 0
915 915 0
915 14072 0
17308 5981 0
17308 13479 0
17308 5855 0
17308 7989 1
17308 8034 0
17308 4957 0
17308 3050 1
2976 5052 0
2976 3729 0
2976 2712 0
2976 1197 0
2976 3283 1
2976 5885 0
2976 5978 0
2976 5980 0
2976 5981 0
2976 3462 0
2976 5521 0
2976 5523 0
2976 2976 0
2976 7109 1
2976 972 0
2976 7633 0
2976 16374 0
2976 7165 0
5025 5025 0
5025 5981 0
5025 5521 0
5025 1221 0
5025 1741 0
5025 3283 1
5025 8034 0
5025 1653 0
5025 3446 0
5025 7109 1
5026 1591 0
5026 2712 0
5026 3782 0
5026 3283 1
5026 1765 0
5026 18323 0
5026 19879 0
5026 14072 0
5026 3561 0
13220 1603 0
13220 13220 0
13220 2712 0
13220 5791 0
13220 3283 1
13220 1927 0
13220 3986 0
13220 3050 1
19368 5389 0
19368 19735 0
19368 19368 0
19368 18377 0
19368 7633 0
19368 7651 0
19368 1180 1
2997 2712 0
2997 5052 0
2997 13328 0
2997 7224 0
2997 5180 0
2997 5183 0
2997 3217 0
2997 3283 1
2997 1349 0
2997 3400 1
2997 3426 0
2997 19879 0
2997 7624 0
2997 5630 0
2997 7682 0
2997 1591 0
2997 2997 0
2997 1601 0
2997 1603 0
2997 1629 0
2997 1644 0
2997 1680 0
2997 1694 0
2997 1712 0
2997 3782 0
2997 1765 0
2997 5978 0
2997 5980 0
2997 5981 0
2997 1927 0
2997 1928 0
2997 1943 0
2997 16293 1
2997 6065 0
2997 6068 0
2997 6081 0
2997 16374 0
955 3517 1
955 1221 1
955 3782 1
955 3279 1
5052 7726 0
5052 6068 0
5052 5981 0
5052 1620 0
5052 3217 0
5052 2712 0
5052 21148 0
5052 16157 0
5052 5855 0
5052 1765 0
5052 7721 0
5052 5885 0
5052 8064 0
5052 3848 0
5052 3344 0
5052 3353 0
5052 3355 0
5052 18323 0
5052 11236 0
5052 5978 0
5052 3426 0
5052 3446 0
5052 3729 0
5052 3461 0
5052 3462 0
5052 1943 0
5052 6065 0
5052 3513 0
5052 5052 0
5052 7109 1
5052 19879 0
5052 5630 0
11202 1680 0
11202 1689 0
11202 6069 0
11202 1603 0
11202 1113 1
7109 19879 1
7109 4654 1
7109 5183 1
7109 1603 1
7109 12954 1
7109 18113 1
7109 3729 1
7109 3353 1
7109 21148 1
7109 5791 1
7109 1197 1
7109 21537 1
7109 3248 1
7109 1221 1
7109 1223 1
7109 7893 1
7109 3279 1
7109 5855 1
7109 7721 1
7109 5885 1
7109 3850 1
7109 5389 1
7109 3344 1
7109 4371 1
7109 3354 1
7109 3355 1
7109 3382 1
7109 10044 1
7109 13631 1
7109 13632 1
7109 5945 2
7109 11236 1
7109 5978 1
7109 5980 1
7109 5981 1
7109 19808 1
7109 7483 1
7109 1901 1
7109 8064 1
7109 3462 1
7109 1928 1
7109 3986 1
7109 7837 1
7109 3513 1
7109 3517 1
7109 7109 2
7109 7633 1
7109 9172 1
7109 8164 1
7109 3561 1
7109 13479 1
7109 16374 1
972 7726 0
972 3143 0
972 1653 0
972 7165 0
972 3729 0
972 5487 0
972 1180 1
972 5828 0
972 1221 0
972 1741 0
972 5999 0
972 5855 0
972 1259 0
972 5885 0
972 3353 0
972 3354 0
972 3422 0
972 5994 0
972 3461 0
972 3462 0
972 3986 0
972 7584 0
972 972 0
972 14072 0
9172 1620 0
9172 1653 0
9172 5791 0
9172 13512 0
9172 18293 0
9172 18346 0
9172 3344 0
9172 6069 0
9172 8164 0
11236 3446 0
11236 2712 0
11236 21148 0
11236 11236 0
11236 7165 0
11236 7224 0
11236 1223 0
11236 1259 0
11236 3353 0
11236 3354 0
11236 3355 0
11236 3462 0
11236 5521 0
11236 1591 0
11236 1601 0
11236 1603 0
11236 1741 0
11236 5855 0
11236 14072 0
11236 5885 0
11236 8016 0
11236 5978 0
11236 5980 0
11236 5981 0
11236 1893 1
11236 1927 0
11236 6068 0
11236 6081 0
3046 16308 0
3046 13512 0
3046 3788 0
3046 1741 0
3046 1400 1
3046 7893 0
3046 1259 0
3046 9523 0
3046 3382 0
3046 3426 0
3046 1894 0
3046 1927 0
3046 3986 0
3046 16374 0
3046 1620 0
3046 7165 0
3050 13355 1
3050 7726 1
3050 1591 1
3050 7224 1
3050 7243 1
3050 13328 1
3050 18332 1
3050 3217 1
3050 1197 1
3050 1712 1
3050 3446 1
3050 3788 1
3050 1741 1
3050 7409 1
3050 12028 1
3050 3848 1
3050 1349 1
3050 3400 2
3050 5982 1
3050 19808 1
3050 3426 1
3050 1943 1
3050 5521 1
3050 3986 1
3050 1603 1
3050 9128 1
3050 6081 1
3050 7624 1
3050 3050 2
3050 5630 1
7944 7944 0
7944 8112 0
7944 6081 0
7944 3283 1
7944 1653 0
7165 21148 0
7165 7165 0
7165 1197 0
7165 13512 0
7165 1259 0
7165 3355 0
7165 5432 0
7165 7483 0
7165 3446 0
7165 3561 0
7165 6068 0
7165 7774 0
7165 1653 0
7165 1680 0
7165 3729 0
7165 3354 0
7165 5828 0
7165 5855 0
7165 3848 0
7165 5981 0
7165 5982 0
7165 8034 0
13328 12028 0
13328 3729 0
13328 3986 0
13328 1943 0
13328 7409 0
13328 9128 0
13328 7726 0
13328 16157 0
13328 1712 0
13328 6065 0
13328 5180 0
13328 1349 0
13328 3400 1
13328 3788 0
13328 1741 0
13328 5982 0
13328 7624 0
13332 1170 0
13332 9414 0
13332 3782 0
13332 5980 0
13332 8071 1
13332 12954 0
21537 19808 0
13355 14072 0
13355 12954 0
13355 5183 0
13355 3217 0
13355 15509 0
13355 1221 0
13355 1223 0
13355 3283 1
13355 19879 0
13355 5569 0
13355 16293 1
13355 3561 0
13355 1653 0
13355 3788 0
13355 7893 0
13355 5855 0
13355 1765 0
13355 3850 0
13355 3854 1
13355 1901 0
13355 1927 0
13355 1928 0
13355 1943 0
13355 8112 0
13355 6068 0
13355 6069 0
13355 16337 0
13355 6099 0
4957 2712 0
4957 15509 0
4957 1223 0
4957 1349 0
4957 19808 0
4957 3426 0
4957 5523 0
4957 19879 0
4957 3517 0
4957 3561 0
4957 1591 0
4957 1620 0
4957 1629 0
4957 1644 0
4957 1653 0
4957 15991 0
4957 1712 0
4957 3782 0
4957 5855 0
4957 1765 0
4957 5981 0
4957 1927 0
4957 1943 0
4957 8112 0
4957 16374 0
7224 7726 0
7224 1591 0
7224 7224 0
7224 7243 0
7224 3283 1
7224 7893 0
7224 5855 0
7224 1765 0
7224 5885 0
7224 3848 0
7224 3422 0
7224 8034 0
7224 3446 0
7224 1943 0
7224 6065 0
7224 6068 0
7224 6078 0
7224 5630 0
5180 5981 0
5180 5180 0
5180 7743 0
5180 1653 0
5180 19808 0
5180 1712 0
5180 7624 0
5180 3283 1
5180 1765 0
5180 1259 0
5180 7409 0
5180 3382 0
5180 1349 0
5180 3400 1
5180 7651 0
5180 5980 0
5180 6065 0
5180 18299 0
5180 8164 0
5180 5885 0
5180 18346 0
5183 7726 0
5183 1196 0
5183 14072 0
5183 3848 0
5183 5981 0
5183 3986 0
5183 1943 0
5183 6040 0
5183 18332 0
5183 4069 0
3143 19879 0
3143 13479 0
3143 3283 1
3143 3986 0
7243 1591 0
7243 7243 0
7243 4371 0
7243 1159 0
7243 3729 0
7243 1741 0
7243 7415 0
7243 3848 0
7243 3354 0
7243 3355 0
7243 5855 0
7243 13632 0
7243 13631 0
7243 1400 1
7243 8112 0
7243 5994 0
7243 5630 0
1113 5412 1
1113 6040 1
3167 7783 0
3167 1170 0
3167 5818 0
3167 3854 1
3167 1400 1
5254 5254 0
5254 1159 0
5254 1196 0
5254 3283 1
5254 5521 0
5254 5523 0
5254 5569 0
5254 7726 0
5254 3782 0
5254 1741 0
5254 7893 0
5254 14072 0
5254 8064 0
5254 3986 0
5254 8112 0
5254 16308 0
1159 1197 0
1159 1159 0
1159 1680 0
1159 1196 0
1159 5828 0
1159 1221 0
1159 1223 0
1159 3279 0
1159 1259 0
1159 6081 0
1159 4371 0
1159 3354 0
1159 3355 0
1159 5994 0
1159 1943 0
1159 1957 0
1159 6069 0
1159 3517 0
9355 17689 1
9355 5477 1
9355 5994 1
3217 1591 0
3217 1601 0
3217 6081 0
3217 1680 0
3217 2712 0
3217 3782 0
3217 1741 0
3217 19879 0
3217 1765 0
3217 1259 0
3217 7893 0
3217 6078 0
3217 16308 0
3217 5978 0
3217 3426 0
3217 3986 0
3217 1943 0
3217 6065 0
3217 3533 0
3217 7633 0
3217 16374 0
3217 6069 0
1170 2712 0
1170 3283 1
1170 3354 0
1170 5432 0
1170 7633 0
1170 1591 0
1170 1620 0
1170 5855 0
1170 14072 0
1170 5981 0
1170 1927 0
1170 1928 0
1170 3986 0
1170 8112 0
15509 16308 0
15509 3729 0
15509 3283 1
15509 15582 0
15509 7893 0
15509 9523 0
15509 6068 0
15509 6081 0
1180 3854 2
1180 13922 1
1180 1689 1
1180 1180 2
1180 1185 1
1180 1189 1
1180 1196 1
1180 1197 1
1180 5855 1
1180 1259 1
1180 5389 1
1180 19735 1
1180 3355 1
1180 5412 1
1180 5945 2
1180 1400 2
1180 5523 1
1180 18377 1
1180 7633 1
1180 7651 1
1185 1185 0
1185 7651 0
1185 1189 0
1189 7651 0
1189 1189 0
13479 1221 0
13479 5981 0
13479 5994 0
13479 1927 0
13479 6068 0
1223 8064 0
1223 8112 0
1223 5982 0
1223 1601 0
1223 5477 0
1223 1645 0
1223 1197 0
1223 16061 1
1223 3729 0
1223 3248 0
1223 5828 0
1223 1221 0
1223 1741 0
1223 5855 0
1223 1259 0
1223 5389 0
1223 13512 0
1223 5432 0
1223 5981 0
1223 19808 0
1223 3986 0
1223 1957 0
1223 5569 0
1196 3986 0
1196 8112 0
1196 7893 0
1196 3422 0
1196 3426 0
1196 7651 0
1196 3561 0
1196 5885 0
1197 1591 0
1197 1603 0
1197 1620 0
1197 1629 0
1197 1653 0
1197 1197 0
1197 5818 0
1197 1221 0
1197 1741 0
1197 7893 0
1197 5855 0
1197 1765 0
1197 3814 0
1197 7409 0
1197 7415 0
1197 4371 0
1197 3354 0
1197 5432 0
1197 10044 0
1197 3400 1
1197 1927 0
1197 5521 0
1197 1957 0
1197 16308 0
1197 4069 0
1197 5523 0
3248 1620 0
3248 3248 0
3248 1221 0
3248 5412 0
3248 1943 0
3248 6081 0
1221 3426 0
1221 3446 0
1221 4371 0
1221 12954 0
1221 13512 0
1221 1221 0
1221 1259 0
1221 5389 0
1221 5432 0
1221 5477 0
1221 5521 0
1221 19879 0
1221 5569 0
1221 3533 0
1221 1957 0
1221 7721 0
1221 1601 0
1221 1603 0
1221 1620 0
1221 1629 0
1221 7783 0
1221 1645 0
1221 1653 0
1221 3729 0
1221 5828 0
1221 1741 0
1221 7893 0
1221 5855 0
1221 5981 0
1221 5982 0
1221 1901 0
1221 3986 0
1221 1943 0
1221 16308 0
1221 6078 0
1221 18377 0
1221 16374 0
9414 3848 0
3271 7584 0
3271 3283 1
13512 7774 0
13512 16374 0
13512 1653 0
13512 1680 0
13512 2712 0
13512 3283 1
13512 5855 0
13512 17689 0
13512 13512 0
13512 5980 0
13512 3446 0
13512 8071 1
13512 8112 0
3279 3461 0
3279 3279 0
3283 19879 1
3283 15907 1
3283 7721 1
3283 4654 1
3283 16308 1
3283 1603 1
3283 7774 1
3283 1893 2
3283 1645 1
3283 7584 1
3283 1680 1
3283 3729 1
3283 12954 1
3283 3782 1
3283 3283 2
3283 5855 1
3283 1259 1
3283 4371 1
3283 3354 1
3283 15582 1
3283 3426 1
3283 5994 1
3283 5487 1
3283 18299 1
3283 1927 1
3283 3986 1
3283 1943 1
3283 18332 1
3283 17689 1
3283 1957 1
3283 18346 1
3283 6065 1
3283 12119 1
3283 6068 1
3283 5569 1
3283 3533 1
3283 8016 1
3283 3561 1
3283 7893 1
15582 3782 0
15582 18299 0
15582 18346 0
15582 1653 0
1259 2712 0
1259 8034 0
1259 3353 0
1259 3354 0
1259 3355 0
1259 5432 0
1259 3426 0
1259 3561 0
1259 7721 0
1259 1620 0
1259 7774 0
1259 4371 0
1259 1653 0
1259 3782 0
1259 1741 0
1259 5982 0
1259 1894 0
1259 8064 0
1259 3986 0
1259 8112 0
1259 16308 0
1259 6078 0
7409 3986 0
7409 21148 0
7409 7726 0
7409 5981 0
7409 1712 0
7409 7624 0
7409 1349 0
7409 3400 1
7409 9128 0
7409 1629 0
7409 3422 0
7409 8164 0
7409 7409 0
7415 5523 0
7415 6081 0
7415 1741 0
7415 5855 0
7415 5477 0
7415 3561 0
7415 1653 0
7415 3446 0
7415 7415 0
7415 1400 1
15609 3400 1
5389 2712 0
5389 5389 0
5389 1591 0
5389 7743 0
5389 1620 0
5389 5885 0
5389 5980 0
5389 5981 0
5389 1901 0
5389 6069 0
5389 6081 0
5389 18377 0
3344 3462 0
3344 3344 0
3344 5945 1
3344 5978 0
3344 5980 0
3344 5981 0
4654 1603 0
4654 5855 0
4654 5981 0
4654 3446 0
19735 8071 1
3354 4371 0
3354 2712 0
3354 21148 0
3354 3353 0
3354 3354 0
3354 3355 0
3354 7633 0
3354 6081 0
3354 3729 0
3354 1689 0
3354 1741 0
3354 5855 0
3354 8016 0
3354 5432 0
3354 5981 0
3354 8034 0
3354 1893 1
3354 1894 0
3354 1927 0
3354 1957 0
3355 5978 0
3355 7721 0
3355 1591 0
3355 1741 0
3355 21148 0
3355 1765 0
3355 3353 0
3355 3355 0
3355 5432 0
3355 5980 0
3355 1893 1
3355 1894 0
3355 5994 0
3355 1943 0
3355 1957 0
3355 8016 0
5412 2712 0
5412 5791 0
5412 1765 0
5412 14072 0
5412 3353 0
5412 5412 0
5412 5432 0
5412 4069 0
5412 5981 0
5412 1680 0
5412 6000 0
5412 8064 0
5412 1603 0
5412 8164 0
8071 3986 1
8071 18346 1
8071 8071 2
8071 12119 1
8071 18299 1
8071 1653 1
8071 18293 1
9523 1620 0
9523 1694 0
9523 18113 0
9523 16157 0
3382 1694 0
5432 4371 0
5432 2712 0
5432 3353 0
5432 5432 0
5432 5477 0
5432 1400 1
5432 5521 0
5432 5523 0
5432 3513 0
5432 1620 0
5432 3729 0
5432 5828 0
5432 1741 0
5432 5855 0
5432 3814 0
5432 14072 0
5432 5945 1
5432 5981 0
5432 1893 1
5432 1894 0
5432 1943 0
5432 6078 0
5432 6081 0
7483 1928 0
7483 3986 0
7483 1591 0
7483 16337 0
7483 5981 0
13631 3724 0
13631 3814 0
13631 5945 1
13631 13631 0
13631 13632 0
13631 1894 0
13631 5994 0
13631 1400 1
13631 1927 0
13631 1928 0
13631 3513 0
13632 1400 1
13632 3724 0
13632 3814 0
13632 5945 1
13632 13632 0
13632 8016 0
13632 5477 0
13632 1894 0
13632 5994 0
13632 3513 0
1349 5981 0
1349 1591 0
1349 1603 0
1349 1620 0
1349 1629 0
1349 1712 0
1349 1741 0
1349 7893 0
1349 12028 0
1349 3400 1
1349 3426 0
1349 3986 0
1349 18323 0
1349 1943 0
1349 18332 0
1349 9128 0
1349 6065 0
1349 7624 0
3400 3461 1
3400 3462 1
3400 3729 1
3400 3986 1
3400 18323 1
3400 1943 1
3400 8112 1
3400 9128 1
3400 18332 1
3400 1712 1
3400 6065 1
3400 7624 1
3400 1741 1
3400 1620 1
3400 1629 1
3400 3422 1
3400 3426 1
3400 5885 1
3400 3446 1
3400 12028 1
3400 7893 1
7512 1653 0
3422 1603 0
3422 1893 1
3422 1601 0
3422 1712 0
3422 12119 0
3422 1402 0
3422 3462 0
3422 19879 0
3422 6068 0
3422 6069 0
3422 5791 0
3422 6078 0
3422 5630 0
19808 7624 0
19808 15907 0
19808 1653 0
19808 1689 0
19808 1765 0
19808 8016 0
19808 1928 0
19808 8112 0
3426 16308 0
3426 14072 0
3426 2712 0
3426 3426 0
3426 3461 0
3426 1601 0
3426 5981 0
3426 19879 0
3426 7624 0
3426 5630 0
3426 1544 0
3426 7726 0
3426 1591 0
3426 1603 0
3426 1644 0
3426 6081 0
3426 1680 0
3426 5791 0
3426 3782 0
3426 3788 0
3426 1765 0
3426 3814 0
3426 3850 0
3426 16157 0
3426 5945 1
3426 5978 0
3426 5980 0
3426 1894 0
3426 1901 0
3426 8064 0
3426 1927 0
3426 1928 0
3426 3986 0
3426 1943 0
3426 8112 0
3426 6065 0
3426 6068 0
3426 16374 0
5477 1893 1
5477 4371 0
5477 5477 0
5477 1894 0
5477 5994 0
5487 12954 0
5487 5487 0
5487 7633 0
5487 16293 1
5487 3782 0
5487 1741 0
5487 5945 1
5487 3986 0
3446 4371 0
3446 2712 0
3446 3446 0
3446 19879 0
3446 1591 0
3446 3782 0
3446 1741 0
3446 5855 0
3446 3850 0
3446 5978 0
3446 5980 0
3446 5981 0
3446 5994 0
3446 5999 0
3446 6068 0
3446 6081 0
1400 3854 2
1400 7584 1
1400 1957 1
1400 5994 1
1400 5818 1
1400 3517 1
1400 6081 1
1400 21148 1
1400 3814 1
1400 3561 1
1400 1400 2
1402 3986 0
1402 5945 1
1402 1402 0
1402 8016 0
1402 1765 0
1402 3561 0
1402 1645 0
3461 14072 0
3461 2712 0
3461 3782 0
3461 1741 0
3461 5855 0
3461 16157 0
3461 5978 0
3461 5980 0
3461 5981 0
3461 5994 0
3461 6000 0
3461 3461 0
3461 1927 0
3461 1928 0
3461 3986 0
3461 3513 0
3461 6081 0
3462 5978 0
3462 14072 0
3462 1620 0
3462 5980 0
3462 2712 0
3462 5885 0
3462 5981 0
3462 3462 0
3462 1927 0
3462 6068 0
3462 6081 0
5521 7721 0
5521 7743 0
5521 1620 0
5521 4371 0
5521 5994 0
5521 1927 0
5521 5521 0
5521 3986 0
5521 5523 0
5521 8112 0
5521 6068 0
5521 6099 0
5521 1957 0
5523 1620 0
5523 1653 0
5523 3782 0
5523 1741 0
5523 5885 0
5523 4371 0
5523 1894 0
5523 5523 0
5523 3986 0
5523 18346 0
5523 8112 0
5523 3561 0
7584 3986 0
7584 7726 0
7584 2712 0
7584 6081 0
7584 1653 0
19879 4371 0
19879 15907 0
19879 2712 0
19879 7726 0
19879 19879 0
19879 3533 0
19879 3561 0
19879 7682 0
19879 1591 0
19879 16308 0
19879 1601 0
19879 1603 0
19879 1629 0
19879 1644 0
19879 1653 0
19879 1680 0
19879 1712 0
19879 3782 0
19879 1741 0
19879 7893 0
19879 5855 0
19879 1765 0
19879 12028 0
19879 5885 0
19879 8016 0
19879 5978 0
19879 5980 0
19879 5981 0
19879 1927 0
19879 1928 0
19879 3986 0
19879 18323 0
19879 1943 0
19879 18332 0
19879 8112 0
19879 6065 0
19879 6068 0
19879 6069 0
19879 6081 0
19879 16374 0
3513 1765 0
3513 5885 0
3513 3848 0
3513 4371 0
3513 5978 0
3513 5980 0
3513 5981 0
3513 8064 0
3513 6068 0
3513 3513 0
3513 7633 0
3517 5981 0
3517 3729 0
3517 1928 0
3517 3986 0
5569 16308 0
5569 1603 0
5569 1680 0
5569 7893 0
5569 3986 0
5569 1943 0
5569 5569 0
5569 3561 0
7624 8112 0
7624 9128 0
7624 1712 0
7624 1629 0
7624 5982 0
3533 1591 0
3533 1601 0
3533 6081 0
3533 1680 0
3533 2712 0
3533 6069 0
3533 3533 0
7633 2712 0
7633 7633 0
7633 7721 0
7633 1765 0
7633 5982 0
7633 5994 0
7633 5999 0
7633 8064 0
7633 6069 0
7633 6081 0
7633 18377 0
16293 3986 1
16293 1943 1
16293 18332 1
16293 16308 1
16293 16337 1
16293 6099 1
16293 7893 1
16293 15991 1
7651 7651 0
7651 13922 0
3561 16374 0
3561 12954 0
3561 1591 0
3561 1601 0
3561 1653 0
3561 1712 0
3561 3782 0
3561 5855 0
3561 14072 0
3561 18227 0
3561 5981 0
3561 3986 0
3561 6069 0
9128 1712 0
5630 7726 0
5630 1591 0
5630 7893 0
5630 7721 0
5630 5885 0
5630 3848 0
5630 6065 0
5630 1943 0
5630 3986 0
5630 8112 0
5630 6078 0
5630 1620 0
7682 7682 0
7682 3986 0
7682 1943 0
7682 7721 0
7682 8112 0
7682 6065 0
7682 7893 0
7682 4069 0
1544 1544 0
1544 1591 0
1544 1653 0
1544 1680 0
1544 2712 0
1544 5791 0
1544 1741 0
1544 14072 0
15907 8064 0
15907 15907 0
15907 1591 0
15907 3782 0
15907 14072 0
15907 5945 1
15907 16374 0
7721 1591 0
7721 1653 0
7721 1680 0
7721 2712 0
7721 5791 0
7721 1712 0
7721 5982 0
7721 5999 0
7721 8064 0
7721 1927 0
7721 1928 0
7721 6068 0
7721 6081 0
7721 6099 0
7726 4371 0
7726 2712 0
7726 7726 0
7726 1601 0
7726 1603 0
7726 1645 0
7726 5791 0
7726 1712 0
7726 3782 0
7726 3788 0
7726 1741 0
7726 14072 0
7726 5978 0
7726 5980 0
7726 5981 0
7726 1893 1
7726 5994 0
7726 5999 0
7726 6000 0
7726 6068 0
7726 6069 0
1591 2712 0
1591 3353 0
1591 5981 0
1591 1591 0
1591 1601 0
1591 1603 0
1591 1620 0
1591 1653 0
1591 1712 0
1591 16061 1
1591 3782 0
1591 7893 0
1591 5855 0
1591 14072 0
1591 3848 0
1591 8034 0
1591 3986 0
1591 1943 0
1591 18332 0
1591 12954 0
1591 6065 0
1591 16308 0
1591 16337 0
1591 6099 0
6068 1741 0
6068 16308 0
6068 2712 0
6068 8112 0
6068 1653 0
6068 5791 0
6068 5818 0
6068 7893 0
6068 5855 0
6068 5885 0
6068 16157 0
6068 5978 0
6068 5980 0
6068 5981 0
6068 8064 0
6068 1928 0
6068 3986 0
6068 1943 0
6068 18332 0
6068 12954 0
6068 6065 0
6068 6068 0
6068 6081 0
6068 16374 0
7743 1653 0
7743 5818 0
7743 3854 1
7743 1893 1
1601 6069 0
1601 1601 0
1601 12954 0
1601 1620 0
1601 1680 0
1601 2712 0
1601 1689 0
1601 1765 0
1601 12028 0
1601 7893 0
1601 5981 0
1601 3986 0
1601 1603 0
1601 1943 0
1601 18332 0
1601 8112 0
1601 6065 0
1601 6078 0
1601 6081 0
1603 1603 0
1603 6078 0
1603 6081 0
1603 1712 0
1603 7893 0
1603 12028 0
1603 5885 0
1603 3986 0
1603 1943 0
1603 18332 0
1603 12954 0
1603 1957 0
1603 8112 0
1603 6065 0
1620 4371 0
1620 2712 0
1620 14072 0
1620 18323 0
1620 1894 0
1620 1620 0
1620 1644 0
1620 21148 0
1620 1689 0
1620 1694 0
1620 1712 0
1620 1741 0
1620 5855 0
1620 1765 0
1620 16157 0
1620 5978 0
1620 5980 0
1620 5981 0
1620 1901 0
1620 8064 0
1620 3986 0
1620 1943 0
1620 18332 0
1620 1957 0
1620 8112 0
1620 16337 0
1629 1644 0
1629 1653 0
1629 1645 0
1629 1765 0
1629 5885 0
1629 10044 0
1629 3986 0
1629 1943 0
1629 8112 0
1629 6065 0
7774 1694 0
7774 5945 1
7774 10044 0
7774 5981 0
7783 1653 0
7783 5945 1
7783 5980 0
7783 3729 0
7783 8064 0
7783 14072 0
1644 3986 0
1644 1943 0
1644 8164 0
1644 10044 0
1644 1645 0
1645 3986 0
1645 1943 0
1645 8112 0
1645 14072 0
4371 18227 0
4371 3729 0
4371 4371 0
4371 3353 0
4371 8034 0
4371 5994 0
4371 8064 0
4371 3986 0
4371 1957 0
4371 5981 0
4371 18344 0
4371 5855 0
1653 1653 0
1653 1712 0
1653 1765 0
1653 1943 0
1653 3353 0
1653 3729 0
1653 3986 0
1653 12954 0
1653 5828 0
1653 5855 0
1653 5999 0
1653 6065 0
1653 6078 0
1653 16061 1
1653 7893 0
1653 16157 0
1653 8034 0
1653 8064 0
1653 16308 0
1653 16374 0
15991 15991 0
15991 1741 0
15991 6081 0
3724 1893 1
3724 1894 0
3724 5945 1
1680 2712 0
1680 3782 0
1680 7893 0
1680 14072 0
1680 16157 0
1680 3986 0
1680 18323 0
1680 1943 0
1680 18332 0
1680 8112 0
1680 6065 0
1680 16308 0
1680 6069 0
1680 5791 0
1680 6081 0
3729 3353 0
3729 3729 0
3729 5791 0
3729 1741 0
3729 5855 0
3729 5978 0
3729 5980 0
3729 5981 0
3729 1894 0
3729 1927 0
3729 1943 0
3729 8112 0
3729 6078 0
3353 21148 0
3353 5978 0
3353 3353 0
3353 1957 0
3353 1741 0
3353 5855 0
3353 3850 0
3353 8016 0
3353 5980 0
3353 1893 1
3353 1894 0
3353 8112 0
1689 1893 1
1689 6000 0
1689 3986 0
1689 1943 0
1694 1694 0
1694 16157 0
1694 1712 0
1694 3782 0
1694 1741 0
1694 5981 0
1694 1943 0
1694 18332 0
1694 6065 0
5791 3848 0
5791 5791 0
5791 14072 0
5791 5994 0
5791 3986 0
5791 1943 0
5791 18332 0
5791 6078 0
1712 8112 0
1712 18332 0
1712 1712 0
1712 3788 0
1712 1741 0
1712 7893 0
1712 12028 0
1712 3986 0
1712 1943 0
1712 6065 0
1712 5982 0
5818 3854 1
5818 1927 0
5818 6081 0
16061 16337 1
16061 5994 1
18113 6078 0
18113 18113 0
5828 5828 0
5828 3854 1
5828 5981 0
5828 5999 0
5828 8164 0
3782 12954 0
3782 1741 0
3782 5855 0
3782 1765 0
3782 5981 0
3782 5994 0
3782 1928 0
3782 3986 0
3782 1943 0
3782 18332 0
3782 6065 0
3782 6078 0
3782 16337 0
3782 16374 0
3788 3986 0
3788 1943 0
3788 5981 0
1741 2712 0
1741 1741 0
1741 5855 0
1741 1765 0
1741 5885 0
1741 8034 0
1741 1893 1
1741 1894 0
1741 5994 0
1741 1901 0
1741 1927 0
1741 1928 0
1741 1957 0
1741 12954 0
7893 7893 0
7893 14072 0
7893 16308 0
7893 5855 0
7893 1765 0
7893 5945 1
7893 5981 0
7893 5982 0
7893 8034 0
7893 1901 0
7893 1927 0
7893 1928 0
7893 12954 0
7893 16374 0
5855 2712 0
5855 14072 0
5855 8034 0
5855 5999 0
5855 18344 0
5855 5855 0
5855 1765 0
5855 3848 0
5855 16308 0
5855 5978 0
5855 5980 0
5855 5981 0
5855 1894 0
5855 5994 0
5855 1927 0
5855 8112 0
5855 6078 0
5855 6081 0
1765 12119 0
1765 1765 0
1765 3848 0
1765 5945 1
1765 1893 1
1765 1901 0
1765 3986 0
1765 1943 0
1765 6065 0
1765 16308 0
1765 6069 0
1765 16374 0
3814 21148 0
3814 5945 1
14072 2712 0
14072 5885 0
14072 3848 0
14072 18323 0
14072 1943 0
14072 18332 0
14072 3986 0
14072 6065 0
14072 16308 0
14072 6069 0
5885 2712 0
5885 1893 1
5885 1894 0
5885 5885 0
5885 3848 0
5885 8016 0
5885 12119 0
5885 5978 0
5885 5980 0
5885 5981 0
5885 5994 0
5885 5999 0
5885 6000 0
5885 3986 0
5885 6069 0
3848 5978 0
3848 5981 0
3848 8034 0
3848 2712 0
3848 18332 0
3848 6078 0
3848 3848 0
3848 5945 1
3848 5980 0
3850 3854 1
3850 1957 0
3850 6081 0
3854 6081 1
3854 3854 2
3854 16308 1
16157 16157 0
16157 5978 0
16157 5980 0
16157 5981 0
16157 18332 0
16157 8112 0
18227 18332 0
7989 8064 1
7989 5999 1
7989 8112 1
7989 7989 2
7989 3986 1
5945 1927 1
5945 3986 1
5945 16308 1
5945 6069 1
5945 10044 1
5945 5945 2
5945 1893 2
5945 1894 1
5945 18344 1
5945 21148 1
10044 1928 0
10044 12954 0
8016 21148 0
8016 8016 0
8016 5981 0
8016 1893 1
8016 3986 0
8016 1943 0
8016 8112 0
12119 21148 0
12119 12119 0
5978 18332 0
5978 2712 0
5978 21148 0
5978 8064 0
5978 5978 0
5978 6069 0
5980 2712 0
5980 21148 0
5980 5999 0
5980 8064 0
5980 3986 0
5980 1943 0
5980 18332 0
5980 8112 0
5980 6065 0
5981 1893 1
5981 1894 0
5981 1943 0
5981 2712 0
5981 3986 0
5981 21148 0
5981 5981 0
5981 5982 0
5981 5999 0
5981 6000 0
5981 6065 0
5981 6069 0
5981 6078 0
5981 8064 0
5981 8112 0
5981 16308 0
5981 8164 0
5981 16374 0
5982 8034 0
5982 5982 0
5982 5994 0
5982 5999 0
5982 3986 0
5982 8112 0
5982 16308 0
8034 8034 0
8034 2712 0
8034 18323 0
8034 18332 0
8034 6078 0
1893 1894 1
1894 21148 0
1894 1894 0
5994 21148 0
5994 5994 0
5994 1957 0
1901 1901 0
1901 3986 0
1901 21148 0
1901 6065 0
5999 5999 0
5999 6000 0
5999 1943 0
5999 6065 0
5999 6078 0
6000 6078 0
18293 18293 0
18293 18299 0
18293 18346 0
18299 18299 0
18299 18346 0
8064 2712 0
8064 16374 0
8064 8064 0
8064 3986 0
8064 12954 0
1927 12954 0
1927 1928 0
1927 3986 0
1927 1943 0
1927 6065 0
1927 16308 0
1927 6078 0
1928 16308 0
1928 21148 0
1928 1928 0
1928 1943 0
1928 6065 0
1928 16374 0
2712 2712 0
2712 3986 0
2712 18323 0
2712 1943 0
2712 18332 0
2712 6065 0
2712 6069 0
2712 6078 0
2712 6081 0
2712 16374 0
3986 16374 0
3986 3986 0
3986 4069 0
3986 12954 0
3986 6069 0
3986 6081 0
3986 6099 0
3986 8112 0
3986 16337 0
18323 6081 0
1943 16337 0
1943 1943 0
1943 6078 0
1943 6081 0
1943 16374 0
6040 6069 0
18332 8112 0
18332 6081 0
18332 16374 0
12954 16308 0
12954 6081 0
1957 1957 0
21148 21148 0
18346 18346 0
8112 8112 0
6065 6065 0
6065 6069 0
6065 6081 0
6065 16374 0
16308 16308 0
6069 6069 0
6069 6081 0
6078 6078 0
6078 16374 0
6081 6081 0
18377 18377 0
6099 6099 0
8164 8164 0
16374 16374 0
