2338 152 1
2338 4339 0
2338 2338 0
2338 4550 0
2338 4867 1
2338 5469 0
2338 1620 0
4867 4867 2
4867 4550 1
4867 4551 1
4867 4555 1
4867 1620 1
4867 1622 1
4867 5469 1
4867 4339 1
516 154 1
516 1367 1
516 5469 0
1765 152 1
1765 4550 0
1765 4551 0
1765 1367 1
1765 5469 0
1765 1620 0
1765 1765 0
4550 154 1
4550 4550 0
4550 4551 0
4550 4555 0
4550 1620 0
4551 154 1
4551 4555 0
4551 4551 0
4551 1620 0
4339 5469 0
4339 1620 0
4339 154 1
4555 4115 1
4555 1620 0
4555 4555 0
4861 152 2
4861 8189 1
1620 154 1
1620 5469 0
1620 1620 0
1620 1622 0
1622 1367 1
1367 152 2
1367 155 1
152 152 2
152 154 2
152 155 1
152 8189 1
18756 18756 2
154 5469 1
5469 5469 0
8189 8189 0
