132 1030 1
132 4043 1
132 6364 0
729 4711 1
729 3225 0
729 729 0
729 3295 1
729 5986 0
729 5981 0
729 4534 0
729 5523 0
772 1030 1
772 4711 1
772 3225 0
772 2243 0
772 6364 0
772 772 0
772 821 1
772 5981 0
772 4534 0
796 18332 1
821 7177 1
821 13424 1
821 5743 1
821 2248 1
821 4825 1
821 821 2
821 5981 1
821 1927 1
821 2466 1
821 3037 1
1030 1030 2
1030 3225 1
1030 6364 1
1030 2242 1
1030 2243 1
1030 2247 1
1030 2248 1
1030 3035 1
1030 3036 1
1030 5521 1
1030 5523 1
1285 1314 1
1285 5434 0
1285 9408 1
1285 4425 0
1314 1314 2
1314 4534 1
1314 5432 1
1314 5434 1
1314 4425 1
1314 5986 1
1927 2242 0
1927 2375 0
1927 4534 0
1927 4859 0
1927 5521 0
1927 7721 0
1927 4043 1
2242 2242 0
2242 2243 0
2242 2247 0
2242 6364 0
2242 4043 1
2243 3225 0
2243 2243 0
2243 2247 0
2243 4043 1
2247 2247 0
2247 4043 1
2248 2248 0
2375 4825 0
2375 3297 1
2375 2817 1
2375 2375 0
2375 5523 0
2466 4825 0
2466 3295 1
2466 2466 0
2466 4534 0
2466 4535 0
2512 5743 1
2512 2512 2
2800 7721 0
2800 2803 1
2800 14224 1
2800 2800 0
2803 7721 1
2803 2814 1
2814 5523 0
2814 5527 0
2814 3225 0
2814 3035 0
2814 5981 0
2814 4711 1
2817 2817 2
2817 5527 1
2817 5432 1
2817 4859 1
3035 4711 1
3035 6364 0
3035 5521 0
3035 5527 0
3035 5523 0
3035 4534 0
3035 3035 0
3035 3037 0
3036 4711 1
3036 6364 0
3036 3036 0
3036 5527 0
3036 5521 0
3036 5523 0
3036 3037 0
3037 4711 1
3037 3225 0
3037 6364 0
3037 5521 0
3037 5523 0
3037 5527 0
3037 3037 0
3225 4711 1
3225 3225 0
3225 5981 0
3225 5521 0
3225 5523 0
3225 4534 0
3295 7177 1
3295 3295 2
3297 4825 1
3300 5432 1
3300 5434 1
3300 4428 1
3300 3300 2
3300 13424 1
4043 5521 1
4043 5523 1
4043 5981 1
4043 5527 1
4043 7379 1
4043 4859 1
4425 5521 0
4425 9408 1
4425 7379 0
4428 9408 1
4428 4859 0
4428 5432 0
4428 4428 0
4534 4535 0
4534 4534 0
4534 4711 1
4534 4859 0
4534 5432 0
4534 14224 1
4535 4711 1
4535 14224 1
4535 4535 0
4538 4711 1
4538 14224 1
4538 4538 0
4711 6364 1
4711 18332 1
4711 4711 2
4825 7721 0
4825 5432 0
4825 5434 0
4825 5981 0
4825 18332 0
4859 4859 0
4859 5432 0
4859 5434 0
4859 5521 0
4859 5523 0
4859 5527 0
4859 5981 0
4859 5986 0
5432 5432 0
5432 5434 0
5432 5521 0
5432 5523 0
5432 5981 0
5434 5521 0
5521 7721 0
5521 6364 0
5521 5521 0
5521 5523 0
5523 13424 0
5523 6364 0
5523 5523 0
5523 5527 0
5527 5527 0
5743 18332 0
5981 5981 0
5981 5986 0
5981 14224 1
5981 6364 0
5986 14224 1
5986 5986 0
6364 6364 0
7379 18332 0
7379 7379 0
7379 14224 1
7721 14224 1
13424 13424 0
14224 14224 2
