20 6147 0
20 4110 0
20 20 0
20 2069 0
20 4145 0
20 8287 0
20 117 1
20 138 0
20 287 0
20 2338 0
20 389 0
20 4536 0
20 4546 0
20 4547 0
20 453 0
20 474 0
20 498 1
20 561 0
20 2708 0
20 2712 0
20 2718 0
20 8867 0
20 4784 0
20 827 0
20 861 0
20 863 0
20 865 0
20 3043 0
20 1259 0
20 7430 0
20 3336 0
20 5432 0
20 5469 0
20 3447 0
20 1620 0
20 3704 1
20 1687 0
20 1718 0
20 1719 0
20 1741 0
20 7893 0
20 5850 0
20 5855 0
20 5885 0
20 5981 0
20 3986 0
20 8112 0
20 17058 0
53 4110 0
53 53 0
53 60 0
53 65 0
53 2115 0
53 117 1
53 168 0
53 6359 0
53 4344 0
53 287 0
53 2338 0
53 8483 0
53 301 0
53 4463 0
53 4464 0
53 4465 0
53 8597 0
53 2458 0
53 4536 0
53 2500 0
53 2501 0
53 6599 0
53 19879 0
53 498 1
53 2594 0
53 2596 0
53 2598 0
53 2599 0
53 2601 0
53 2606 0
53 8768 0
53 6740 0
53 6741 0
53 2703 0
53 2708 0
53 2712 0
53 2718 0
53 2722 0
53 8867 0
53 8881 0
53 6910 0
53 4956 0
53 4957 0
53 4958 0
53 870 0
53 873 1
53 4972 0
53 5017 0
53 7084 0
53 2997 0
53 861 0
53 3141 0
53 11343 0
53 5243 0
53 13200 0
53 5365 0
53 5373 0
53 3336 0
53 5389 0
53 3354 0
53 5469 0
53 3425 1
53 5363 0
53 6739 0
53 7721 0
53 1591 0
53 1653 0
53 5759 0
53 3729 0
53 1687 0
53 1718 0
53 1741 0
53 1742 0
53 3802 0
53 5855 0
53 12069 0
53 5980 0
53 5981 0
53 8064 0
53 1943 0
53 6065 0
53 6068 0
53 6069 0
53 6078 0
53 5793 0
53 8144 0
53 4083 0
60 537 0
60 7726 0
60 561 0
60 13061 0
60 1591 0
60 60 0
60 8768 0
60 7010 0
60 8034 0
60 6792 0
60 3729 0
60 2718 0
60 2722 0
60 8867 0
60 3267 1
60 1250 0
60 5881 0
60 5882 0
60 4859 0
60 5885 0
60 6910 0
60 2338 0
60 4916 0
60 5432 0
60 2881 0
60 861 0
60 13200 0
60 3426 0
60 873 1
60 4464 0
60 4465 0
60 1943 0
60 5026 0
60 2997 0
60 6599 0
60 972 0
60 8165 0
65 4627 0
65 13061 0
65 7721 0
65 16308 0
65 1620 0
65 1653 0
65 2703 0
65 2712 0
65 2714 1
65 2722 0
65 187 0
65 4812 0
65 1741 0
65 7893 0
65 263 0
65 2338 0
65 3426 0
65 873 1
65 4464 0
65 10107 0
65 1259 0
65 13200 0
65 5521 0
65 3986 0
65 1943 0
65 8112 0
65 6065 0
65 6068 0
65 2997 0
65 6072 0
65 3043 0
117 6148 1
117 19879 1
117 6153 1
117 1552 1
117 2577 1
117 2069 1
117 537 1
117 13061 1
117 7430 1
117 2601 1
117 7726 1
117 4957 1
117 561 1
117 3143 1
117 584 1
117 6672 1
117 7931 2
117 1653 1
117 2678 1
117 119 1
117 5243 1
117 4971 1
117 705 1
117 1160 1
117 5772 1
117 3725 1
117 5017 1
117 2708 1
117 2709 1
117 1687 1
117 6809 1
117 5793 1
117 676 1
117 13479 1
117 3240 1
117 8881 1
117 4787 1
117 16567 1
117 698 1
117 700 1
117 117 2
117 3265 1
117 8565 1
117 6792 1
117 4812 1
117 1741 1
117 7551 1
117 3802 1
117 5855 1
117 8144 1
117 6267 1
117 11729 1
117 746 1
117 1259 1
117 5881 1
117 5882 1
117 4859 1
117 7893 1
117 4869 1
117 6675 1
117 7555 1
117 789 2
117 5850 1
117 3973 1
117 16160 1
117 8483 1
117 4145 1
117 15324 1
117 5432 1
117 827 1
117 2881 1
117 1350 1
117 8467 1
117 9132 1
117 5773 1
117 18261 1
117 8024 1
117 4443 1
117 861 1
117 868 1
117 870 1
117 4956 1
117 5994 1
117 3986 1
117 8054 1
117 7552 1
117 389 1
117 1428 2
117 5469 1
117 1943 1
117 2458 1
117 8092 1
117 6128 1
117 4958 1
117 7077 1
117 747 1
117 4520 1
117 4522 1
117 7084 1
117 8112 1
117 6065 1
117 16308 1
117 2997 1
117 6078 1
117 4547 1
117 2500 1
117 2501 1
117 4550 1
117 4559 1
117 5072 1
117 7633 1
117 2524 1
117 3043 1
117 4551 1
117 14929 1
117 3561 1
117 5885 1
117 496 2
117 17394 1
117 3574 1
117 8185 1
119 3725 0
119 4442 0
119 4305 0
119 3430 0
119 119 0
119 1529 1
138 6147 0
138 4956 0
138 5469 0
138 584 0
138 1620 0
138 2714 1
138 1718 0
138 238 0
138 263 0
138 2338 0
138 4957 0
138 4958 0
138 3426 0
138 389 0
138 3986 0
138 1943 0
138 6065 0
138 2997 0
138 5579 1
138 6739 0
168 2115 0
168 8287 0
168 168 0
168 187 0
168 4812 0
168 287 0
168 301 0
168 2381 0
168 2382 0
168 4463 0
168 4464 0
168 4465 0
168 4513 0
168 4534 0
168 4535 0
168 4544 0
168 4546 0
168 4547 0
168 4555 0
168 4557 0
168 473 0
168 498 1
168 2594 0
168 561 0
168 6792 0
168 2708 0
168 2709 0
168 2712 0
168 2714 1
168 2718 0
168 2722 0
168 4795 0
168 700 0
168 746 0
168 2881 0
168 482 0
168 861 0
168 870 0
168 2938 0
168 2976 0
168 7077 0
168 7084 0
168 2989 0
168 972 0
168 5243 0
168 1160 0
168 1259 0
168 5389 0
168 3354 0
168 21322 0
168 5469 0
168 3447 0
168 5521 0
168 19879 0
168 389 0
168 1620 0
168 13939 0
168 15990 0
168 1687 0
168 1719 0
168 1741 0
168 1742 0
168 14072 0
168 5885 0
168 5981 0
168 10107 0
168 8069 0
168 6068 0
168 4083 0
187 2594 0
187 4145 0
187 2115 0
187 6739 0
187 1108 0
187 5243 0
187 5759 0
187 1159 0
187 2718 0
187 5791 0
187 2722 0
187 6740 0
187 187 0
187 3267 1
187 7721 0
187 6910 0
187 5413 1
187 5432 0
187 861 0
187 3426 0
187 3986 0
187 1943 0
187 2458 0
187 8112 0
187 6065 0
187 2997 0
187 4559 0
187 1620 0
238 8112 0
238 2598 0
238 2600 0
238 2606 0
238 1591 0
238 8768 0
238 11343 0
238 6741 0
238 6792 0
238 2722 0
238 8881 0
238 18852 0
238 14072 0
238 5881 0
238 4859 0
238 13061 0
238 2338 0
238 1883 1
238 3426 0
238 4971 0
238 4972 0
238 3986 0
238 5017 0
238 2458 0
238 6599 0
238 7633 0
238 11226 1
238 6739 0
263 6147 0
263 2594 0
263 2600 0
263 4957 0
263 4145 0
263 8867 0
263 584 0
263 5729 0
263 3704 1
263 1160 0
263 2709 0
263 16554 0
263 6359 0
263 5855 0
263 1259 0
263 263 0
263 2338 0
263 12069 0
263 15144 0
263 2382 0
263 13710 0
263 861 0
263 5981 0
263 4524 0
263 4525 0
263 4526 0
263 8881 0
263 498 1
263 8185 0
263 7165 0
287 8287 0
287 16567 0
287 287 0
287 8545 0
287 528 0
287 8768 0
287 676 0
287 8881 0
287 700 0
287 705 0
287 9001 0
287 827 0
287 863 0
287 870 0
287 1004 0
287 1063 0
287 1108 0
287 1159 0
287 1180 0
287 1250 0
287 1259 0
287 17752 0
287 1620 0
287 10184 0
287 2115 0
287 2338 0
287 2381 0
287 2382 0
287 2577 0
287 2594 0
287 2708 0
287 2712 0
287 2718 0
287 2861 0
287 2989 0
287 3043 0
287 3240 0
287 551 0
287 3354 0
287 3422 0
287 3426 0
287 3431 0
287 3447 0
287 19879 0
287 3513 0
287 3729 0
287 20227 0
287 4110 0
287 4305 0
287 4442 0
287 4465 0
287 4522 0
287 4536 0
287 4538 0
287 4540 0
287 4555 0
287 4556 0
287 4558 0
287 4559 0
287 4609 0
287 12892 0
287 4916 0
287 4957 0
287 4972 0
287 13200 0
287 5243 0
287 13479 0
287 5389 0
287 5413 1
287 5539 0
287 9132 0
287 5759 0
287 5850 0
287 5857 0
287 5864 0
287 5874 0
287 14072 0
287 5885 0
287 5980 0
287 5994 0
287 6078 0
287 6599 0
287 6739 0
287 6810 0
287 15337 1
287 7312 0
287 15650 0
287 15680 0
287 7557 0
287 7558 0
287 15955 0
287 7893 0
287 4052 0
287 7931 1
287 8034 0
287 8069 0
287 8165 0
301 1552 0
301 2069 0
301 5469 0
301 561 0
301 7077 0
301 2115 0
301 1620 0
301 698 0
301 8287 0
301 7931 1
301 2678 0
301 6267 0
301 15996 0
301 1159 0
301 1160 0
301 2703 0
301 1687 0
301 2722 0
301 8867 0
301 676 0
301 4784 0
301 4795 0
301 700 0
301 705 0
301 1741 0
301 723 0
301 5855 0
301 1259 0
301 5365 0
301 4859 0
301 537 0
301 7430 0
301 3354 0
301 11226 1
301 5363 0
301 301 0
301 4916 0
301 827 0
301 1350 0
301 2381 0
301 2382 0
301 5432 0
301 4443 0
301 865 0
301 5994 0
301 1901 0
301 5523 0
301 4463 0
301 5981 0
301 7084 0
301 6068 0
301 2718 0
301 4534 0
301 4535 0
301 6078 0
301 4547 0
301 2500 0
301 4550 0
301 4555 0
301 6153 0
301 474 0
301 2524 0
301 3043 0
301 4551 0
301 495 1
301 4083 0
301 6740 0
389 8064 0
389 6153 0
389 1552 0
389 537 0
389 561 0
389 1653 0
389 1159 0
389 1687 0
389 2712 0
389 4784 0
389 3267 1
389 5850 0
389 5855 0
389 5874 0
389 4859 0
389 5885 0
389 6401 0
389 4869 0
389 15324 0
389 6792 0
389 5432 0
389 11071 0
389 834 0
389 1350 0
389 4443 0
389 4956 0
389 4957 0
389 3426 0
389 3427 0
389 4463 0
389 4465 0
389 3447 0
389 389 0
389 2458 0
389 8112 0
389 6068 0
389 6078 0
389 4547 0
389 2500 0
389 453 0
389 8144 0
389 2524 0
389 2534 1
389 6128 0
389 3240 0
389 3574 0
389 8185 0
404 8069 0
404 1159 0
404 537 0
404 2989 0
404 861 0
404 2534 1
404 496 1
453 6153 0
453 1552 0
453 561 0
453 1620 0
453 2708 0
453 1687 0
453 2718 0
453 2501 0
453 4784 0
453 3267 1
453 5855 0
453 6792 0
453 5432 0
453 834 0
453 1350 0
453 4956 0
453 4957 0
453 4958 0
453 3426 0
453 3427 0
453 3431 0
453 873 1
453 2458 0
453 2989 0
453 8112 0
453 6068 0
453 4547 0
453 2500 0
453 453 0
453 19879 0
453 6128 0
453 4083 0
453 3574 0
473 4795 0
473 5389 0
473 4525 0
473 8069 0
473 2338 0
473 8867 0
473 554 0
473 4524 0
473 4526 0
473 6068 0
473 4537 0
473 827 0
473 4540 0
473 4544 0
473 4555 0
473 6988 0
473 3425 1
473 482 0
473 870 0
473 15650 0
473 4463 0
473 496 1
473 498 1
473 8068 0
474 15851 0
474 4874 0
474 2703 0
474 2712 0
474 7077 0
474 6072 0
474 4795 0
474 8467 0
474 4812 0
474 1741 0
474 8287 0
474 4958 0
474 5855 0
474 3043 0
474 7633 0
474 496 1
474 498 1
474 2708 0
479 8068 0
479 527 0
479 15650 0
479 498 1
479 6069 0
479 479 0
479 5855 0
479 3425 1
479 482 0
479 496 1
482 8064 0
482 6068 0
482 8068 0
482 8069 0
482 527 0
482 2708 0
482 2069 0
482 1180 0
482 8867 0
482 5389 0
482 6069 0
482 6153 0
482 5432 0
482 4537 0
482 700 0
482 12234 0
482 705 0
482 2382 0
482 4546 0
482 7633 0
482 4367 0
482 5981 0
482 5855 0
482 3425 1
482 482 0
482 7651 0
482 20361 0
482 20629 0
482 15650 0
482 1004 0
482 20797 0
482 496 1
482 498 1
482 18814 0
495 6147 1
495 4524 1
495 4627 1
495 5469 1
495 4145 1
495 8034 1
495 6739 1
495 6741 1
495 870 1
495 1653 1
495 16508 1
495 1159 1
495 5772 1
495 3725 1
495 1687 1
495 2712 1
495 6810 1
495 1180 1
495 972 1
495 1741 1
495 723 1
495 7893 1
495 1259 1
495 4859 1
495 4869 1
495 8467 1
495 561 1
495 5432 1
495 827 1
495 15680 1
495 2381 1
495 2382 1
495 5773 1
495 861 1
495 863 1
495 865 1
495 3426 1
495 3427 1
495 3430 1
495 3431 1
495 873 2
495 4464 1
495 4465 1
495 747 1
495 3973 1
495 7320 1
495 5523 1
495 7077 1
495 7084 1
495 4525 1
495 4526 1
495 5277 1
495 2500 1
495 2501 1
495 4550 1
495 12234 1
495 4556 1
495 4052 1
495 495 2
495 7165 1
496 4609 1
496 4110 1
496 527 1
496 528 1
496 530 1
496 13059 1
496 4784 1
496 17443 1
496 551 1
496 552 1
496 553 2
496 554 1
496 561 1
496 10309 1
496 16975 1
496 14929 1
496 5719 1
496 1552 1
496 8545 1
496 6792 1
496 2703 1
496 7312 1
496 3729 1
496 20629 1
496 8069 1
496 1180 1
496 2718 1
496 17058 1
496 7850 1
496 4795 1
496 700 1
496 705 1
496 4556 1
496 4305 1
496 723 1
496 9508 1
496 5855 1
496 5857 1
496 2599 1
496 8829 1
496 5373 1
496 6910 1
496 6915 1
496 16647 1
496 4367 1
496 4371 1
496 6932 1
496 7557 1
496 15650 1
496 5412 1
496 15836 1
496 827 1
496 20797 1
496 11071 1
496 2881 1
496 6988 1
496 4440 1
496 861 1
496 3425 2
496 5994 1
496 4463 1
496 4464 1
496 4465 1
496 3447 1
496 13119 1
496 18814 1
496 8068 1
496 20361 1
496 4524 1
496 2989 1
496 6069 1
496 4534 1
496 7109 1
496 4550 1
496 4551 1
496 4555 1
496 972 1
496 4557 1
496 4558 1
496 4559 1
496 7632 1
496 7633 1
496 2524 1
496 4062 1
496 8165 1
496 496 2
496 498 2
496 9470 1
498 4609 1
498 5719 1
498 4110 1
498 527 1
498 528 1
498 8209 1
498 530 1
498 13059 1
498 2594 1
498 17443 1
498 551 1
498 553 2
498 554 1
498 16647 1
498 10309 1
498 3425 2
498 14929 1
498 12892 1
498 7271 1
498 8829 1
498 20629 1
498 1180 1
498 17058 1
498 7850 1
498 4784 1
498 698 1
498 4795 1
498 705 1
498 5855 1
498 5857 1
498 5874 1
498 9470 1
498 6915 1
498 5389 1
498 4367 1
498 6932 1
498 8473 1
498 15650 1
498 9508 1
498 20797 1
498 13119 1
498 21322 1
498 6988 1
498 8545 1
498 873 2
498 4463 1
498 4465 1
498 11071 1
498 18814 1
498 8068 1
498 8069 1
498 20361 1
498 7583 1
498 2989 1
498 6069 1
498 3513 1
498 5793 1
498 12234 1
498 4555 1
498 4557 1
498 15836 1
498 4062 1
498 7651 1
498 8165 1
498 1004 1
498 498 2
498 6910 1
498 503 1
503 6739 0
503 6741 0
503 4537 0
503 6267 0
503 6271 0
503 1160 0
503 1687 0
503 2500 0
503 5277 0
503 2718 0
503 4795 0
503 4305 0
503 5855 0
503 1259 0
503 5365 0
503 5882 0
503 4371 0
503 5432 0
503 868 0
503 8054 0
503 7551 0
503 7552 0
503 2984 1
503 2501 0
503 4550 0
503 4551 0
503 5881 0
503 3043 0
503 503 0
527 4957 0
527 527 0
527 2115 0
527 5793 0
527 4956 0
527 6068 0
527 8467 0
527 698 0
527 700 0
527 705 0
527 4555 0
527 7633 0
527 4062 0
527 3425 1
527 3561 0
527 7109 0
528 8473 0
528 8068 0
528 553 1
528 3425 1
530 5523 0
530 6810 0
530 2718 0
530 1718 0
530 2115 0
530 1620 0
537 6153 0
537 10286 0
537 6267 0
537 8467 0
537 2458 0
537 18852 0
537 4547 0
537 6614 0
537 537 0
537 8768 0
537 6739 0
537 2703 0
537 2709 0
537 2712 0
537 6809 0
537 6910 0
537 4874 0
537 4916 0
537 834 0
537 7165 0
537 1160 0
537 5363 0
537 5365 0
537 5373 0
537 3561 0
537 1653 0
537 1687 0
537 7850 0
537 3802 0
537 5855 0
537 7947 1
537 16160 0
537 8024 0
537 5980 0
537 5981 0
537 5994 0
537 8185 0
551 8473 0
551 551 0
551 7109 0
552 3469 0
552 8467 0
552 20629 0
552 8473 0
552 552 0
552 553 1
552 554 0
552 3561 0
553 8473 1
553 7557 1
553 553 2
553 554 1
553 2500 1
553 15955 1
553 5759 1
554 8473 0
554 554 0
561 6148 0
561 6153 0
561 2069 0
561 4145 0
561 4443 0
561 4463 0
561 4465 0
561 8597 0
561 2458 0
561 4547 0
561 2500 0
561 2501 0
561 4550 0
561 4551 0
561 2524 0
561 2594 0
561 2596 0
561 2598 0
561 2599 0
561 561 0
561 8768 0
561 2678 0
561 2712 0
561 2718 0
561 700 0
561 746 0
561 747 0
561 4859 0
561 4869 0
561 6932 0
561 827 0
561 834 0
561 4956 0
561 4957 0
561 4958 0
561 863 0
561 868 0
561 873 1
561 4464 0
561 3043 0
561 861 0
561 865 0
561 5243 0
561 1160 0
561 5277 0
561 1250 0
561 1259 0
561 5363 0
561 5365 0
561 3354 0
561 5432 0
561 7551 0
561 7552 0
561 5521 0
561 5523 0
561 5539 0
561 19879 0
561 3574 0
561 1552 0
561 5729 0
561 13939 0
561 15996 0
561 3729 0
561 15809 0
561 1687 0
561 1741 0
561 4627 0
561 5855 0
561 7931 1
561 6675 0
561 16160 0
561 5980 0
561 5981 0
561 5994 0
561 8112 0
561 6068 0
561 6072 0
561 8144 0
578 5772 1
578 5773 1
578 2069 1
578 5277 1
578 861 1
578 3267 2
578 4812 1
578 6741 1
578 6359 1
578 746 1
578 2678 1
578 15612 1
578 7165 1
584 6147 0
584 4627 0
584 584 0
584 5243 0
584 2714 1
584 746 0
584 9001 0
584 1337 0
584 827 0
584 1350 0
584 7084 0
584 2500 0
584 7165 0
676 4110 0
676 2606 0
676 4145 0
676 6068 0
676 1620 0
676 8301 0
676 1653 0
676 1159 0
676 2709 0
676 2714 1
676 5791 0
676 2722 0
676 676 0
676 7893 0
676 11729 0
676 5874 0
676 16160 0
676 4916 0
676 4956 0
676 861 0
676 4958 0
676 3426 0
676 3986 0
676 2458 0
676 19879 0
676 4524 0
676 8112 0
676 3043 0
676 2534 1
676 2535 0
676 5885 0
698 4609 0
698 4110 0
698 3513 0
698 698 0
698 705 0
698 1620 0
698 8165 0
698 15836 0
698 5855 0
698 5729 0
698 7010 0
698 5882 0
700 4609 0
700 2606 0
700 5729 0
700 1653 0
700 5759 0
700 2714 1
700 1180 0
700 700 0
700 705 0
700 5850 0
700 6267 0
700 1259 0
700 5881 0
700 4869 0
700 3336 0
700 6932 0
700 4916 0
700 5432 0
700 861 0
700 3425 1
700 8034 0
700 870 0
700 4547 0
700 3447 0
700 5521 0
700 3513 0
700 4544 0
700 4546 0
700 4555 0
700 4557 0
700 7633 0
700 4062 0
700 8165 0
700 7165 0
705 4609 0
705 4110 0
705 5981 0
705 7010 0
705 14929 0
705 6739 0
705 4540 0
705 6792 0
705 2709 0
705 1180 0
705 705 0
705 3802 0
705 5855 0
705 1259 0
705 5881 0
705 5882 0
705 5885 0
705 3336 0
705 5432 0
705 13119 0
705 2881 0
705 5980 0
705 5469 0
705 2938 0
705 8068 0
705 4546 0
705 7109 0
705 4550 0
705 4551 0
705 4555 0
705 972 0
705 4062 0
705 8165 0
723 8287 0
723 1653 0
723 2678 0
723 1160 0
723 3729 0
723 1687 0
723 5793 0
723 4812 0
723 1250 0
723 723 0
723 5365 0
723 5885 0
723 4371 0
723 3354 0
723 5432 0
723 827 0
723 865 0
723 6072 0
723 2500 0
723 2501 0
723 7632 0
723 7633 0
723 7077 0
723 3043 0
746 1552 0
746 4627 0
746 4957 0
746 6741 0
746 1160 0
746 3725 0
746 1687 0
746 7320 0
746 8881 0
746 4787 0
746 16567 0
746 3265 0
746 5850 0
746 5855 0
746 746 0
746 1259 0
746 4869 0
746 5277 0
746 861 0
746 4145 0
746 5432 0
746 827 0
746 834 0
746 4956 0
746 5469 0
746 4958 0
746 863 0
746 865 0
746 870 0
746 747 0
746 7084 0
746 2501 0
746 12234 0
747 6147 0
747 4110 0
747 4627 0
747 4145 0
747 2115 0
747 1687 0
747 4305 0
747 5850 0
747 4859 0
747 4869 0
747 861 0
747 12234 0
747 5432 0
747 827 0
747 834 0
747 4956 0
747 4957 0
747 4958 0
747 870 0
747 4463 0
747 4464 0
747 4465 0
747 6068 0
747 4547 0
747 7109 0
747 4550 0
747 4551 0
747 4555 0
747 4556 0
747 4557 0
747 4558 0
747 4559 0
747 7165 0
748 12865 0
748 868 0
748 1160 0
748 5772 0
748 2714 1
748 1741 0
748 1742 0
748 748 0
748 5363 0
748 5365 0
748 7931 1
748 7552 0
748 7430 0
748 8024 0
748 4443 0
748 3426 0
748 8054 0
748 7551 0
748 7555 0
748 3469 0
748 7084 0
748 15612 0
789 789 2
827 4145 0
827 6267 0
827 3447 0
827 1741 0
827 4305 0
827 4371 0
827 5850 0
827 4463 0
827 4465 0
827 4535 0
827 4609 0
827 2577 0
827 13061 0
827 4678 1
827 2708 0
827 2714 1
827 2718 0
827 4784 0
827 7633 0
827 6915 0
827 4869 0
827 4916 0
827 827 0
827 834 0
827 6675 0
827 4956 0
827 4957 0
827 4958 0
827 870 0
827 2997 0
827 7109 0
827 3043 0
827 7165 0
827 861 0
827 11343 0
827 7271 0
827 4627 0
827 3265 0
827 3336 0
827 5432 0
827 5469 0
827 3425 1
827 19879 0
827 1552 0
827 16308 0
827 1620 0
827 1653 0
827 15990 0
827 3729 0
827 5793 0
827 1718 0
827 7893 0
827 3802 0
827 5855 0
827 5981 0
827 5994 0
827 10107 0
827 1687 0
827 3986 0
827 1943 0
827 8112 0
827 6065 0
827 6068 0
827 12234 0
834 3729 0
834 5148 1
834 8112 0
834 4145 0
834 5981 0
834 15680 0
834 5980 0
834 861 0
834 863 0
834 865 0
834 3426 0
834 3427 0
834 870 0
834 3431 0
834 873 1
861 6153 0
861 2069 0
861 6148 0
861 4145 0
861 2115 0
861 3430 0
861 3431 0
861 6267 0
861 4305 0
861 4371 0
861 5850 0
861 4443 0
861 4463 0
861 4464 0
861 4465 0
861 4539 0
861 4547 0
861 4550 0
861 4551 0
861 14072 0
861 6636 0
861 4609 0
861 2577 0
861 4627 0
861 2594 0
861 2598 0
861 2599 0
861 2600 0
861 2601 0
861 2606 0
861 4678 1
861 6741 0
861 2678 0
861 6792 0
861 2708 0
861 2709 0
861 2712 0
861 2718 0
861 2722 0
861 8867 0
861 8881 0
861 4869 0
861 4956 0
861 861 0
861 865 0
861 870 0
861 4972 0
861 3043 0
861 4957 0
861 4958 0
861 3141 0
861 6675 0
861 1159 0
861 1160 0
861 5277 0
861 3265 0
861 1259 0
861 15612 0
861 3336 0
861 3354 0
861 20361 0
861 5432 0
861 5469 0
861 3425 1
861 3426 0
861 3427 0
861 13710 0
861 5017 0
861 19879 0
861 7084 0
861 1552 0
861 1591 0
861 3654 0
861 1653 0
861 3725 0
861 1687 0
861 5791 0
861 7850 0
861 1741 0
861 3802 0
861 5855 0
861 5864 0
861 5874 0
861 8024 0
861 8034 0
861 5994 0
861 1901 0
861 10107 0
861 16567 0
861 3986 0
861 8092 0
861 6068 0
861 6069 0
861 6078 0
861 12234 0
861 4083 0
861 8185 0
863 4609 0
863 4627 0
863 4869 0
863 4145 0
863 3426 0
863 6739 0
863 20206 0
863 6267 0
863 3729 0
863 2712 0
863 6810 0
863 5277 0
863 2718 0
863 2722 0
863 8881 0
863 1741 0
863 4859 0
863 6401 0
863 5855 0
863 3336 0
863 5389 0
863 3354 0
863 5850 0
863 5432 0
863 18261 0
863 4956 0
863 5469 0
863 3422 0
863 865 0
863 870 0
863 873 1
863 4463 0
863 4465 0
863 3986 0
863 6068 0
863 12234 0
863 3043 0
863 6636 0
863 6741 0
865 4609 0
865 5469 0
865 4145 0
865 1653 0
865 3729 0
865 2718 0
865 1741 0
865 1259 0
865 4371 0
865 5855 0
865 15680 0
865 3043 0
865 18261 0
865 865 0
865 870 0
865 873 1
865 4463 0
865 3986 0
865 19879 0
865 12234 0
865 3426 0
868 1552 0
868 2600 0
868 12865 0
868 1160 0
868 5772 0
868 3729 0
868 1687 0
868 1741 0
868 1742 0
868 5850 0
868 5855 0
868 5363 0
868 6401 0
868 7430 0
868 3354 0
868 2861 0
868 8024 0
868 4443 0
868 15612 0
868 8054 0
868 7551 0
868 7555 0
868 7084 0
868 5365 0
868 6599 0
868 868 0
868 2524 0
868 7931 1
868 7552 0
870 7084 0
870 1552 0
870 2069 0
870 2596 0
870 10286 0
870 5981 0
870 4145 0
870 1591 0
870 2115 0
870 4534 0
870 6741 0
870 5243 0
870 1160 0
870 2703 0
870 2709 0
870 1687 0
870 2712 0
870 5277 0
870 2718 0
870 5793 0
870 8867 0
870 17073 0
870 7320 0
870 1741 0
870 6359 0
870 3802 0
870 5855 0
870 6267 0
870 14072 0
870 5881 0
870 6401 0
870 3354 0
870 5850 0
870 12069 0
870 2382 0
870 870 0
870 4956 0
870 5523 0
870 3447 0
870 8064 0
870 15680 0
870 12865 0
870 3469 0
870 19879 0
870 5980 0
870 6068 0
870 6072 0
870 3513 0
870 4539 0
870 2500 0
870 2501 0
870 4550 0
870 4551 0
870 4555 0
870 4556 0
870 4557 0
870 4558 0
870 4559 0
870 6792 0
870 3043 0
870 6636 0
873 1552 1
873 2596 1
873 2598 1
873 2606 1
873 8768 1
873 2115 1
873 8545 1
873 11343 1
873 6740 1
873 20206 1
873 8301 1
873 5395 1
873 5243 1
873 6271 1
873 3729 1
873 2708 1
873 2712 1
873 2718 1
873 2722 1
873 8881 1
873 10962 1
873 6359 1
873 5850 1
873 5855 1
873 1250 1
873 5864 1
873 5365 1
873 14072 1
873 4859 1
873 6401 1
873 4371 1
873 6932 1
873 7726 1
873 3802 1
873 12069 1
873 4145 1
873 13939 1
873 4916 1
873 5432 1
873 2881 1
873 1350 1
873 8467 1
873 18261 1
873 17752 1
873 3422 1
873 3426 1
873 3430 1
873 873 2
873 5994 1
873 4972 1
873 4464 1
873 4465 1
873 3447 1
873 10107 1
873 15680 1
873 2947 1
873 13710 1
873 7320 1
873 8597 1
873 1943 1
873 7583 1
873 6128 1
873 5539 1
873 19879 1
873 8112 1
873 4534 1
873 6078 1
873 15809 1
873 2500 1
873 4555 1
873 4558 1
873 11729 1
873 4052 1
873 2524 1
873 2535 1
873 3561 1
873 6636 1
873 4083 1
873 4739 1
873 8185 1
972 6147 0
972 6915 0
972 2594 0
972 8881 0
972 7726 0
972 3143 0
972 6741 0
972 8287 0
972 1653 0
972 5243 0
972 1160 0
972 7165 0
972 2703 0
972 3729 0
972 4547 0
972 1687 0
972 2714 1
972 1180 0
972 2718 0
972 1741 0
972 5855 0
972 1259 0
972 5881 0
972 5882 0
972 4859 0
972 5885 0
972 6614 0
972 4874 0
972 3354 0
972 6792 0
972 2881 0
972 15612 0
972 5469 0
972 3422 0
972 7010 0
972 5994 0
972 4463 0
972 3986 0
972 8597 0
972 2976 0
972 5539 0
972 2989 0
972 5277 0
972 4534 0
972 4535 0
972 4536 0
972 4540 0
972 4544 0
972 972 0
972 2722 0
972 14072 0
972 1004 0
1004 6147 0
1004 2069 0
1004 1620 0
1004 6741 0
1004 13939 0
1004 2709 0
1004 3267 1
1004 6401 0
1004 2338 0
1004 9001 0
1004 4442 0
1004 5981 0
1004 3426 0
1004 2458 0
1004 6078 0
1004 4557 0
1004 1004 0
1004 7165 0
1063 20227 0
1063 1943 0
1063 9001 0
1063 5440 1
1063 15809 0
1063 3267 1
1063 5233 0
1108 5412 0
1108 7726 0
1108 6069 0
1108 3653 0
1108 3654 0
1108 3655 0
1108 5413 1
1108 3425 1
1108 8165 0
1159 2577 0
1159 2601 0
1159 4145 0
1159 8768 0
1159 2115 0
1159 16335 0
1159 5243 0
1159 1159 0
1159 1160 0
1159 5773 0
1159 1687 0
1159 2714 1
1159 2718 0
1159 5793 0
1159 8881 0
1159 10107 0
1159 1259 0
1159 4371 0
1159 17058 0
1159 3354 0
1159 8165 0
1159 4544 0
1159 5994 0
1159 5864 0
1159 1943 0
1159 2458 0
1159 4524 0
1159 4525 0
1159 4526 0
1159 6069 0
1159 4534 0
1159 4535 0
1159 4536 0
1159 4537 0
1159 4538 0
1159 4539 0
1159 4540 0
1159 4546 0
1159 4550 0
1159 4551 0
1159 4555 0
1159 4556 0
1159 4557 0
1159 4558 0
1159 4559 0
1159 15324 0
1159 3043 0
1159 6739 0
1159 3574 0
1160 2069 0
1160 5469 0
1160 4145 0
1160 6271 0
1160 10962 0
1160 4371 0
1160 8483 0
1160 4442 0
1160 4534 0
1160 4535 0
1160 4536 0
1160 4537 0
1160 4538 0
1160 4539 0
1160 4540 0
1160 4544 0
1160 4546 0
1160 2500 0
1160 2501 0
1160 4550 0
1160 4551 0
1160 4557 0
1160 4558 0
1160 6614 0
1160 2577 0
1160 6675 0
1160 6792 0
1160 4787 0
1160 16160 0
1160 4812 0
1160 4859 0
1160 2524 0
1160 2861 0
1160 2881 0
1160 4957 0
1160 2947 0
1160 7320 0
1160 7077 0
1160 7084 0
1160 5072 0
1160 3043 0
1160 1160 0
1160 3267 1
1160 1259 0
1160 5363 0
1160 5365 0
1160 3336 0
1160 3354 0
1160 7551 0
1160 5521 0
1160 5523 0
1160 3513 0
1160 1552 0
1160 1653 0
1160 5772 0
1160 3725 0
1160 3729 0
1160 1687 0
1160 1741 0
1160 1742 0
1160 5855 0
1160 20206 0
1160 3871 0
1160 5432 0
1160 5994 0
1160 1350 0
1160 6072 0
1160 6128 0
1160 8185 0
1180 2708 0
1180 2714 1
1180 1180 0
1180 5855 0
1180 1259 0
1180 5389 0
1180 5412 0
1180 5523 0
1180 2500 0
1180 7633 0
1180 4062 0
1180 7651 0
1202 4513 1
1202 2594 1
1202 2596 1
1202 3469 1
1202 1202 2
1202 1206 1
1202 5178 1
1202 3871 1
1205 1206 1
1206 3336 0
1206 5523 0
1206 2338 0
1206 1206 0
1206 2382 0
1206 5980 0
1206 5981 0
1206 15612 0
1250 2069 0
1250 1620 0
1250 8287 0
1250 5233 0
1250 15996 0
1250 1687 0
1250 7320 0
1250 6809 0
1250 1250 0
1250 5981 0
1250 5994 0
1250 7551 0
1250 7084 0
1250 2500 0
1250 2501 0
1250 6614 0
1250 11226 1
1250 1529 1
1259 6147 0
1259 4110 0
1259 16554 0
1259 4305 0
1259 6359 0
1259 8467 0
1259 8483 0
1259 2381 0
1259 2382 0
1259 4442 0
1259 4524 0
1259 4534 0
1259 4538 0
1259 2500 0
1259 4555 0
1259 4557 0
1259 2524 0
1259 4609 0
1259 2594 0
1259 2596 0
1259 8768 0
1259 6741 0
1259 2712 0
1259 2722 0
1259 8881 0
1259 13061 0
1259 2881 0
1259 2938 0
1259 7084 0
1259 5072 0
1259 7165 0
1259 8034 0
1259 5277 0
1259 5365 0
1259 3354 0
1259 5432 0
1259 1337 0
1259 1350 0
1259 5469 0
1259 3426 0
1259 5539 0
1259 3561 0
1259 6739 0
1259 7721 0
1259 1620 0
1259 5729 0
1259 4371 0
1259 1653 0
1259 3704 1
1259 1687 0
1259 5793 0
1259 1718 0
1259 1741 0
1259 5857 0
1259 5882 0
1259 8064 0
1259 3986 0
1259 8112 0
1259 16308 0
1259 6078 0
1259 12234 0
1272 5440 1
1272 3267 1
1272 1272 0
1272 1883 1
1337 8209 0
1337 2600 0
1337 9001 0
1337 16085 1
1337 8185 0
1337 7931 1
1350 6147 0
1350 6672 0
1350 6675 0
1350 10286 0
1350 16975 0
1350 6739 0
1350 8287 0
1350 2678 0
1350 5994 0
1350 2714 1
1350 8483 0
1350 3802 0
1350 4305 0
1350 10995 0
1350 4869 0
1350 4874 0
1350 4371 0
1350 16160 0
1350 5855 0
1350 1350 0
1350 18261 0
1350 5980 0
1350 5981 0
1350 2501 0
1350 3447 0
1350 7077 0
1350 2500 0
1350 16335 0
1350 5523 0
1428 2947 1
1428 2703 1
1428 8467 1
1428 1428 2
1428 1943 1
1428 2997 1
1428 8287 1
1428 1741 1
1428 1742 1
1428 7633 1
1428 5855 1
1428 3561 1
1428 2708 1
1433 1433 2
1529 4874 1
1529 15000 1
1529 17073 1
1529 16554 1
1529 8363 1
1529 10286 1
1529 6068 1
1529 2115 1
1529 2900 1
1529 1529 2
1529 17752 1
1529 15144 1
1529 5881 1
1529 5882 1
1552 1552 0
1552 15996 0
1552 3725 0
1552 1687 0
1552 8867 0
1552 4812 0
1552 1741 0
1552 8483 0
1552 5855 0
1552 8467 0
1552 3973 0
1552 5432 0
1552 2382 0
1552 5981 0
1552 3447 0
1552 5521 0
1552 7084 0
1552 6078 0
1552 2500 0
1552 12234 0
1552 4556 0
1552 3561 0
1552 4083 0
1552 8185 0
1552 7165 0
1552 6741 0
1591 4110 0
1591 4145 0
1591 2115 0
1591 6267 0
1591 6359 0
1591 8467 0
1591 5850 0
1591 2338 0
1591 2382 0
1591 4464 0
1591 2458 0
1591 4534 0
1591 4535 0
1591 4536 0
1591 4537 0
1591 4538 0
1591 4539 0
1591 4540 0
1591 4544 0
1591 4546 0
1591 6599 0
1591 4559 0
1591 4627 0
1591 2594 0
1591 2598 0
1591 2600 0
1591 2606 0
1591 8768 0
1591 16975 0
1591 6739 0
1591 6740 0
1591 6741 0
1591 6792 0
1591 2703 0
1591 2712 0
1591 2714 1
1591 2718 0
1591 2722 0
1591 8867 0
1591 8881 0
1591 4787 0
1591 4795 0
1591 6910 0
1591 13061 0
1591 4956 0
1591 4958 0
1591 4971 0
1591 4972 0
1591 18852 0
1591 5017 0
1591 5026 0
1591 4957 0
1591 5243 0
1591 3267 1
1591 5373 0
1591 5389 0
1591 3426 0
1591 13710 0
1591 5539 0
1591 5981 0
1591 19879 0
1591 3561 0
1591 7721 0
1591 1591 0
1591 2997 0
1591 1620 0
1591 1653 0
1591 1687 0
1591 7893 0
1591 3802 0
1591 5855 0
1591 5857 0
1591 5874 0
1591 14072 0
1591 8024 0
1591 8034 0
1591 10107 0
1591 3986 0
1591 1943 0
1591 6065 0
1591 16308 0
1591 16335 0
1591 4062 0
1620 6147 0
1620 4110 0
1620 2069 0
1620 4145 0
1620 6153 0
1620 2115 0
1620 6359 0
1620 16647 0
1620 4371 0
1620 2338 0
1620 4442 0
1620 5523 0
1620 8565 0
1620 2458 0
1620 4520 0
1620 4524 0
1620 4534 0
1620 4535 0
1620 4536 0
1620 4537 0
1620 4538 0
1620 4539 0
1620 4540 0
1620 4544 0
1620 4546 0
1620 4550 0
1620 4555 0
1620 4556 0
1620 4557 0
1620 2534 1
1620 6672 0
1620 2600 0
1620 2601 0
1620 4739 0
1620 2703 0
1620 4547 0
1620 2708 0
1620 2709 0
1620 2712 0
1620 2714 1
1620 2718 0
1620 2722 0
1620 8867 0
1620 4795 0
1620 14072 0
1620 6614 0
1620 6915 0
1620 4956 0
1620 4957 0
1620 4958 0
1620 18852 0
1620 2989 0
1620 8287 0
1620 3141 0
1620 5243 0
1620 3336 0
1620 5389 0
1620 9523 0
1620 5432 0
1620 5469 0
1620 5521 0
1620 4551 0
1620 3654 0
1620 1620 0
1620 3704 1
1620 5773 0
1620 7850 0
1620 1718 0
1620 1719 0
1620 1741 0
1620 5855 0
1620 5072 0
1620 5864 0
1620 5882 0
1620 6792 0
1620 5980 0
1620 5981 0
1620 1901 0
1620 10107 0
1620 8064 0
1620 3986 0
1620 1943 0
1620 8112 0
1620 10184 0
1653 8301 0
1653 8363 0
1653 8483 0
1653 8829 0
1653 8881 0
1653 1653 0
1653 1943 0
1653 2338 0
1653 2382 0
1653 2458 0
1653 18852 0
1653 2501 0
1653 5882 0
1653 2594 0
1653 2596 0
1653 2598 0
1653 2600 0
1653 2601 0
1653 2606 0
1653 2722 0
1653 2861 0
1653 2947 0
1653 3141 0
1653 3336 0
1653 19879 0
1653 3561 0
1653 3729 0
1653 3802 0
1653 3986 0
1653 4062 0
1653 4110 0
1653 4367 0
1653 4443 0
1653 4464 0
1653 4465 0
1653 4520 0
1653 4534 0
1653 4536 0
1653 4537 0
1653 4540 0
1653 4547 0
1653 4678 1
1653 12892 0
1653 4739 0
1653 13061 0
1653 4916 0
1653 4956 0
1653 4957 0
1653 4971 0
1653 4972 0
1653 5017 0
1653 4958 0
1653 5178 0
1653 5243 0
1653 5277 0
1653 5523 0
1653 5729 0
1653 5850 0
1653 5855 0
1653 6065 0
1653 6068 0
1653 6078 0
1653 6147 0
1653 16085 1
1653 6739 0
1653 6740 0
1653 6741 0
1653 6915 0
1653 6988 0
1653 7165 0
1653 7551 0
1653 7583 0
1653 7632 0
1653 7721 0
1653 15955 0
1653 7893 0
1653 8034 0
1653 8064 0
1653 16308 0
1653 16335 0
1687 4110 0
1687 2069 0
1687 4145 0
1687 2115 0
1687 3426 0
1687 6267 0
1687 6271 0
1687 4305 0
1687 4344 0
1687 6401 0
1687 4371 0
1687 2338 0
1687 8483 0
1687 4440 0
1687 4442 0
1687 4443 0
1687 4520 0
1687 4534 0
1687 4535 0
1687 4536 0
1687 4547 0
1687 2500 0
1687 4550 0
1687 4555 0
1687 6614 0
1687 2524 0
1687 6675 0
1687 2606 0
1687 8768 0
1687 2678 0
1687 2709 0
1687 6810 0
1687 4787 0
1687 4812 0
1687 4859 0
1687 2861 0
1687 2947 0
1687 7320 0
1687 5026 0
1687 7084 0
1687 5072 0
1687 15324 0
1687 3043 0
1687 7165 0
1687 5981 0
1687 5363 0
1687 5365 0
1687 8064 0
1687 3354 0
1687 5432 0
1687 5469 0
1687 3427 0
1687 3447 0
1687 7551 0
1687 5521 0
1687 5523 0
1687 19879 0
1687 3513 0
1687 7077 0
1687 3574 0
1687 5729 0
1687 13939 0
1687 3704 1
1687 15996 0
1687 5772 0
1687 3725 0
1687 3729 0
1687 1687 0
1687 1741 0
1687 1742 0
1687 5855 0
1687 5857 0
1687 20206 0
1687 5882 0
1687 20227 0
1687 3871 0
1687 18261 0
1687 16975 0
1687 5994 0
1687 6072 0
1687 6078 0
1687 16160 0
1687 8144 0
1706 4874 1
1706 8467 1
1706 8473 1
1706 4916 1
1706 15809 1
1706 10184 1
1706 15955 1
1718 6147 0
1718 5981 0
1718 3141 0
1718 8287 0
1718 3704 1
1718 2708 0
1718 2718 0
1718 1718 0
1718 1719 0
1718 1741 0
1718 4305 0
1718 8467 0
1718 2338 0
1718 5980 0
1718 5469 0
1718 2534 1
1718 8064 0
1718 5521 0
1718 5523 0
1718 4524 0
1718 2989 0
1718 4534 0
1719 3704 1
1719 2718 0
1719 1719 0
1719 2338 0
1719 5469 0
1719 8064 0
1719 2534 1
1719 4083 0
1741 6147 0
1741 6153 0
1741 2069 0
1741 8881 0
1741 8287 0
1741 6267 0
1741 6271 0
1741 6359 0
1741 5850 0
1741 2338 0
1741 4443 0
1741 4463 0
1741 4465 0
1741 2115 0
1741 2458 0
1741 4524 0
1741 4525 0
1741 4526 0
1741 4546 0
1741 4547 0
1741 2500 0
1741 2501 0
1741 4550 0
1741 4551 0
1741 4555 0
1741 4556 0
1741 4557 0
1741 4558 0
1741 4559 0
1741 2524 0
1741 7931 1
1741 2594 0
1741 2596 0
1741 2598 0
1741 2599 0
1741 2600 0
1741 6739 0
1741 2678 0
1741 2708 0
1741 2712 0
1741 2714 1
1741 2718 0
1741 2722 0
1741 8867 0
1741 4812 0
1741 4859 0
1741 6915 0
1741 6926 0
1741 4971 0
1741 4972 0
1741 2947 0
1741 5017 0
1741 2989 0
1741 5072 0
1741 11226 1
1741 3043 0
1741 5243 0
1741 5277 0
1741 5363 0
1741 5365 0
1741 7430 0
1741 7726 0
1741 3354 0
1741 5432 0
1741 5469 0
1741 7551 0
1741 7552 0
1741 8768 0
1741 7555 0
1741 13710 0
1741 5523 0
1741 19879 0
1741 6741 0
1741 7077 0
1741 3704 1
1741 15996 0
1741 5772 0
1741 5773 0
1741 3729 0
1741 7850 0
1741 1741 0
1741 1742 0
1741 3802 0
1741 5855 0
1741 5885 0
1741 8024 0
1741 8034 0
1741 5994 0
1741 1901 0
1741 8054 0
1741 10107 0
1741 6068 0
1741 8144 0
1741 2382 0
1741 4083 0
1741 8185 0
1742 5469 0
1742 3143 0
1742 6271 0
1742 2712 0
1742 8867 0
1742 1742 0
1742 7931 1
1742 7430 0
1742 3354 0
1742 5432 0
1742 4443 0
1742 5981 0
1742 8054 0
1742 7551 0
1742 7552 0
1742 7555 0
1742 3469 0
1742 2718 0
1742 4550 0
1742 4556 0
1883 5523 1
1883 2708 1
1883 2712 1
1883 2718 1
1883 2338 1
1883 16567 1
1883 2722 1
1883 1883 2
1883 5521 1
1901 16975 0
1901 2708 0
1901 2714 1
1901 2718 0
1901 2722 0
1901 7893 0
1901 5389 0
1901 2881 0
1901 3426 0
1901 3427 0
1901 1901 0
1901 3986 0
1901 2984 1
1901 4522 0
1901 6065 0
1901 7109 0
1943 6147 0
1943 6153 0
1943 2069 0
1943 4145 0
1943 2115 0
1943 4344 0
1943 6401 0
1943 2338 0
1943 4463 0
1943 4535 0
1943 4539 0
1943 4547 0
1943 2500 0
1943 2524 0
1943 19879 0
1943 2577 0
1943 4627 0
1943 2594 0
1943 2596 0
1943 2598 0
1943 2599 0
1943 2600 0
1943 2601 0
1943 2606 0
1943 6740 0
1943 2678 0
1943 2703 0
1943 2709 0
1943 2712 0
1943 2714 1
1943 2718 0
1943 2722 0
1943 8867 0
1943 4812 0
1943 4956 0
1943 4957 0
1943 4971 0
1943 4972 0
1943 2938 0
1943 2997 0
1943 3043 0
1943 5178 0
1943 3141 0
1943 6675 0
1943 5243 0
1943 20227 0
1943 5395 0
1943 5432 0
1943 5440 1
1943 5469 0
1943 3426 0
1943 3427 0
1943 3430 0
1943 3431 0
1943 8768 0
1943 7558 0
1943 5017 0
1943 3654 0
1943 5759 0
1943 3729 0
1943 5791 0
1943 3802 0
1943 14072 0
1943 5980 0
1943 5981 0
1943 10107 0
1943 1943 0
1943 6068 0
1943 6078 0
1943 4083 0
1943 8185 0
2069 6153 0
2069 4110 0
2069 2577 0
2069 2069 0
2069 2594 0
2069 4956 0
2069 4957 0
2069 13061 0
2069 4958 0
2069 16308 0
2069 16975 0
2069 8881 0
2069 6672 0
2069 5772 0
2069 5773 0
2069 4547 0
2069 2709 0
2069 5791 0
2069 3240 0
2069 6740 0
2069 3267 1
2069 4305 0
2069 7893 0
2069 3802 0
2069 5855 0
2069 5874 0
2069 7721 0
2069 4869 0
2069 8467 0
2069 3354 0
2069 2338 0
2069 4145 0
2069 5440 1
2069 9132 0
2069 4442 0
2069 3426 0
2069 3729 0
2069 8064 0
2069 3986 0
2069 2458 0
2069 7084 0
2069 6065 0
2069 2997 0
2069 3513 0
2069 4555 0
2069 4559 0
2069 8144 0
2069 4052 0
2069 15324 0
2069 3561 0
2069 6128 0
2069 3574 0
2115 4609 0
2115 4110 0
2115 8209 0
2115 13061 0
2115 2594 0
2115 2596 0
2115 2599 0
2115 2601 0
2115 4957 0
2115 4145 0
2115 16308 0
2115 6069 0
2115 2115 0
2115 3141 0
2115 3654 0
2115 14072 0
2115 6739 0
2115 6741 0
2115 12892 0
2115 7010 0
2115 8881 0
2115 5885 0
2115 5243 0
2115 4972 0
2115 2712 0
2115 6810 0
2115 2718 0
2115 5791 0
2115 2722 0
2115 8867 0
2115 6740 0
2115 5017 0
2115 6359 0
2115 20227 0
2115 4559 0
2115 5855 0
2115 5864 0
2115 5373 0
2115 6910 0
2115 7893 0
2115 5389 0
2115 8301 0
2115 3802 0
2115 2338 0
2115 5412 0
2115 9523 0
2115 3267 1
2115 2382 0
2115 4956 0
2115 3422 0
2115 3425 1
2115 3426 0
2115 13710 0
2115 3986 0
2115 5469 0
2115 4958 0
2115 8112 0
2115 6065 0
2115 2997 0
2115 4540 0
2115 7721 0
2115 4550 0
2115 5881 0
2115 19879 0
2338 16975 0
2338 2338 0
2338 4440 0
2338 4463 0
2338 4464 0
2338 4465 0
2338 8597 0
2338 4522 0
2338 4550 0
2338 6672 0
2338 2594 0
2338 2596 0
2338 2598 0
2338 2599 0
2338 2600 0
2338 2601 0
2338 8768 0
2338 6739 0
2338 2709 0
2338 2712 0
2338 2714 1
2338 2718 0
2338 2722 0
2338 8867 0
2338 8881 0
2338 14072 0
2338 4557 0
2338 6910 0
2338 4874 0
2338 6915 0
2338 4971 0
2338 5017 0
2338 2989 0
2338 2997 0
2338 5072 0
2338 5981 0
2338 6675 0
2338 5243 0
2338 7430 0
2338 3336 0
2338 2606 0
2338 3354 0
2338 5432 0
2338 5469 0
2338 3422 0
2338 3426 0
2338 4547 0
2338 13710 0
2338 3653 0
2338 19879 0
2338 7726 0
2338 5729 0
2338 3704 1
2338 3802 0
2338 5857 0
2338 16160 0
2338 8024 0
2338 5980 0
2338 5994 0
2338 7633 0
2338 10107 0
2338 6065 0
2338 3986 0
2338 6068 0
2338 4062 0
2338 7850 0
2381 3729 0
2381 2718 0
2381 5855 0
2381 2381 0
2381 3425 1
2381 8064 0
2381 4524 0
2381 4525 0
2381 4526 0
2381 4534 0
2381 4535 0
2381 4536 0
2381 4537 0
2381 4538 0
2381 4539 0
2381 4540 0
2381 4544 0
2381 4546 0
2381 4547 0
2381 16335 0
2381 3043 0
2382 6147 0
2382 6359 0
2382 6401 0
2382 4367 0
2382 2382 0
2382 4463 0
2382 4524 0
2382 4525 0
2382 4526 0
2382 4534 0
2382 4535 0
2382 4537 0
2382 4538 0
2382 4539 0
2382 4546 0
2382 4547 0
2382 4550 0
2382 4551 0
2382 4609 0
2382 2599 0
2382 2708 0
2382 2718 0
2382 8881 0
2382 4859 0
2382 6910 0
2382 2861 0
2382 2938 0
2382 5072 0
2382 3043 0
2382 7165 0
2382 5363 0
2382 15612 0
2382 5373 0
2382 5389 0
2382 3425 1
2382 5539 0
2382 3513 0
2382 3704 1
2382 3729 0
2382 3354 0
2382 5793 0
2382 5855 0
2382 5882 0
2382 7931 1
2382 6792 0
2382 8064 0
2382 6078 0
2382 7850 0
2401 7558 1
2458 19879 0
2458 6153 0
2458 14072 0
2458 2594 0
2458 2596 0
2458 2598 0
2458 2599 0
2458 6739 0
2458 6741 0
2458 4972 0
2458 2703 0
2458 4547 0
2458 2709 0
2458 2718 0
2458 5791 0
2458 8867 0
2458 3802 0
2458 11729 0
2458 5363 0
2458 5365 0
2458 8185 0
2458 7084 0
2458 6675 0
2458 4371 0
2458 16160 0
2458 5413 1
2458 4145 0
2458 4916 0
2458 5855 0
2458 6148 0
2458 5980 0
2458 5981 0
2458 3426 0
2458 4463 0
2458 2458 0
2458 5874 0
2458 4555 0
2458 8144 0
2458 15324 0
2458 6128 0
2458 3574 0
2458 6740 0
2500 4145 0
2500 6267 0
2500 8363 0
2500 4305 0
2500 4371 0
2500 4442 0
2500 4463 0
2500 4465 0
2500 8565 0
2500 4524 0
2500 2501 0
2500 4555 0
2500 4556 0
2500 4557 0
2500 4558 0
2500 6614 0
2500 2524 0
2500 6675 0
2500 2598 0
2500 2599 0
2500 2703 0
2500 2708 0
2500 2709 0
2500 2712 0
2500 6809 0
2500 2718 0
2500 2722 0
2500 4784 0
2500 4812 0
2500 4859 0
2500 4869 0
2500 4874 0
2500 2861 0
2500 4916 0
2500 2947 0
2500 7077 0
2500 11226 1
2500 15324 0
2500 3043 0
2500 3143 0
2500 8768 0
2500 5363 0
2500 5365 0
2500 3354 0
2500 2500 0
2500 5521 0
2500 5523 0
2500 19879 0
2500 11729 0
2500 15996 0
2500 3729 0
2500 5793 0
2500 5855 0
2500 16160 0
2500 5432 0
2500 5981 0
2500 5994 0
2500 8092 0
2500 6078 0
2500 12234 0
2500 8185 0
2501 6267 0
2501 8363 0
2501 4371 0
2501 6614 0
2501 2524 0
2501 6675 0
2501 2598 0
2501 8768 0
2501 2708 0
2501 2709 0
2501 2712 0
2501 6809 0
2501 2718 0
2501 2501 0
2501 2722 0
2501 4812 0
2501 4859 0
2501 13061 0
2501 2861 0
2501 4916 0
2501 4971 0
2501 2947 0
2501 7077 0
2501 2989 0
2501 11226 1
2501 2577 0
2501 5363 0
2501 5365 0
2501 5373 0
2501 5432 0
2501 5523 0
2501 5539 0
2501 19879 0
2501 3561 0
2501 7726 0
2501 8467 0
2501 15996 0
2501 5772 0
2501 5773 0
2501 3729 0
2501 7893 0
2501 5855 0
2501 7947 1
2501 3725 0
2501 3986 0
2501 8112 0
2501 16308 0
2501 6078 0
2501 4083 0
2524 8064 0
2524 5469 0
2524 8768 0
2524 8034 0
2524 6740 0
2524 8287 0
2524 15324 0
2524 13939 0
2524 3704 1
2524 3729 0
2524 2708 0
2524 2712 0
2524 2718 0
2524 2722 0
2524 8881 0
2524 5855 0
2524 5363 0
2524 4859 0
2524 15612 0
2524 5885 0
2524 7430 0
2524 3354 0
2524 5432 0
2524 18261 0
2524 5981 0
2524 3427 0
2524 3431 0
2524 5994 0
2524 7551 0
2524 2947 0
2524 5523 0
2524 7077 0
2524 7084 0
2524 6068 0
2524 6078 0
2524 5365 0
2524 4550 0
2524 4551 0
2524 2524 0
2524 3043 0
2524 8185 0
2524 7109 0
2534 5469 1
2534 5683 1
2534 4537 1
2534 7893 1
2534 6401 1
2534 13061 1
2534 7557 1
2534 9523 1
2534 5980 1
2534 5981 1
2534 8565 1
2534 2938 1
2534 3469 1
2534 3986 1
2534 5523 1
2534 2976 1
2534 4513 1
2534 5026 1
2534 4524 1
2534 4525 1
2534 4526 1
2534 6068 1
2534 4534 1
2534 4535 1
2534 4536 1
2534 3513 1
2534 4538 1
2534 4539 1
2534 4540 1
2534 4544 1
2534 4546 1
2534 10184 1
2534 16335 1
2534 8165 1
2534 2534 2
2534 2535 1
2535 4627 0
2535 5683 0
2535 6068 0
2535 8768 0
2535 3654 0
2535 3143 0
2535 7271 0
2535 5233 0
2535 2709 0
2535 6910 0
2535 5413 1
2535 4145 0
2535 5469 0
2535 3427 0
2535 3430 0
2535 3431 0
2535 8565 0
2535 20361 0
2535 5521 0
2535 5874 0
2535 6069 0
2535 5791 0
2535 4550 0
2535 8185 0
2535 8165 0
2535 2535 0
2535 19879 0
2535 4083 0
2577 2594 0
2577 2599 0
2577 7947 1
2577 2703 0
2577 2718 0
2577 4812 0
2577 7893 0
2577 3802 0
2577 5855 0
2577 5432 0
2577 4442 0
2577 5994 0
2577 19879 0
2577 7084 0
2577 16308 0
2577 4534 0
2577 5072 0
2577 3043 0
2577 4083 0
2594 6147 0
2594 6153 0
2594 4110 0
2594 10286 0
2594 6359 0
2594 8467 0
2594 5850 0
2594 8483 0
2594 8597 0
2594 4524 0
2594 4525 0
2594 4526 0
2594 4547 0
2594 4559 0
2594 6614 0
2594 13061 0
2594 2594 0
2594 2596 0
2594 2598 0
2594 2599 0
2594 2600 0
2594 2601 0
2594 2606 0
2594 6739 0
2594 6740 0
2594 6741 0
2594 2678 0
2594 2703 0
2594 2709 0
2594 2714 1
2594 2718 0
2594 2722 0
2594 8867 0
2594 11343 0
2594 8881 0
2594 9001 0
2594 4916 0
2594 4956 0
2594 4958 0
2594 4971 0
2594 4972 0
2594 5017 0
2594 5026 0
2594 2997 0
2594 4957 0
2594 3141 0
2594 5243 0
2594 3267 1
2594 5373 0
2594 5395 0
2594 3426 0
2594 5539 0
2594 19879 0
2594 15809 0
2594 3561 0
2594 16308 0
2594 7893 0
2594 3802 0
2594 5855 0
2594 14072 0
2594 3871 0
2594 5994 0
2594 2712 0
2594 3986 0
2594 6065 0
2594 6068 0
2594 6069 0
2594 6078 0
2594 8144 0
2596 4110 0
2596 4627 0
2596 16975 0
2596 8112 0
2596 2596 0
2596 2598 0
2596 2599 0
2596 2600 0
2596 2601 0
2596 2606 0
2596 5981 0
2596 16308 0
2596 6069 0
2596 3141 0
2596 11343 0
2596 6739 0
2596 6741 0
2596 8467 0
2596 5243 0
2596 2712 0
2596 2714 1
2596 2718 0
2596 2722 0
2596 8867 0
2596 6599 0
2596 8881 0
2596 5017 0
2596 6359 0
2596 3802 0
2596 5855 0
2596 7721 0
2596 5373 0
2596 7893 0
2596 5539 0
2596 5395 0
2596 10286 0
2596 5850 0
2596 3267 1
2596 4972 0
2596 4956 0
2596 4957 0
2596 4958 0
2596 3426 0
2596 4464 0
2596 4465 0
2596 3986 0
2596 5026 0
2596 19879 0
2596 6065 0
2596 2997 0
2596 6078 0
2596 7109 0
2596 12069 0
2596 6614 0
2596 4083 0
2596 3574 0
2596 6740 0
2598 6147 0
2598 6153 0
2598 4110 0
2598 10286 0
2598 16464 1
2598 4305 0
2598 8467 0
2598 4443 0
2598 4547 0
2598 6599 0
2598 2598 0
2598 2599 0
2598 2600 0
2598 2601 0
2598 2606 0
2598 8768 0
2598 6739 0
2598 6740 0
2598 6741 0
2598 2722 0
2598 8867 0
2598 8881 0
2598 4916 0
2598 4971 0
2598 4972 0
2598 5017 0
2598 7165 0
2598 3143 0
2598 5365 0
2598 5395 0
2598 3426 0
2598 3469 0
2598 19879 0
2598 3561 0
2598 7726 0
2598 2997 0
2598 5850 0
2598 3729 0
2598 7893 0
2598 3802 0
2598 5885 0
2598 5981 0
2598 5994 0
2598 3986 0
2598 6065 0
2598 16308 0
2598 6078 0
2599 19879 0
2599 7084 0
2599 4110 0
2599 2599 0
2599 2600 0
2599 2601 0
2599 2712 0
2599 2606 0
2599 4957 0
2599 16308 0
2599 6069 0
2599 11343 0
2599 6739 0
2599 6740 0
2599 6741 0
2599 5243 0
2599 7165 0
2599 2708 0
2599 2714 1
2599 2718 0
2599 2722 0
2599 5017 0
2599 6359 0
2599 3802 0
2599 7893 0
2599 6401 0
2599 8467 0
2599 4956 0
2599 4958 0
2599 3426 0
2599 5994 0
2599 4972 0
2599 3729 0
2599 10107 0
2599 3469 0
2599 3986 0
2599 3141 0
2599 4524 0
2599 4525 0
2599 4526 0
2599 6065 0
2599 2997 0
2599 6078 0
2599 14072 0
2599 5539 0
2599 8881 0
2599 3561 0
2600 4110 0
2600 10286 0
2600 16464 1
2600 18852 0
2600 6599 0
2600 2601 0
2600 2606 0
2600 8768 0
2600 6739 0
2600 6740 0
2600 6741 0
2600 2709 0
2600 2714 1
2600 2722 0
2600 8867 0
2600 8881 0
2600 13061 0
2600 9001 0
2600 4956 0
2600 4957 0
2600 4971 0
2600 4972 0
2600 5017 0
2600 2976 0
2600 4958 0
2600 2938 0
2600 5395 0
2600 3426 0
2600 3427 0
2600 15851 0
2600 2997 0
2600 5759 0
2600 3729 0
2600 7893 0
2600 5855 0
2600 14072 0
2600 5981 0
2600 3986 0
2600 6065 0
2600 16308 0
2601 4110 0
2601 10286 0
2601 16464 1
2601 4305 0
2601 6359 0
2601 6599 0
2601 13061 0
2601 2601 0
2601 2606 0
2601 6739 0
2601 6740 0
2601 6741 0
2601 2709 0
2601 2712 0
2601 2714 1
2601 2718 0
2601 2722 0
2601 8867 0
2601 8881 0
2601 9001 0
2601 4956 0
2601 4957 0
2601 4958 0
2601 4972 0
2601 5017 0
2601 2997 0
2601 3141 0
2601 5243 0
2601 5373 0
2601 3426 0
2601 19879 0
2601 7726 0
2601 16308 0
2601 5395 0
2601 7893 0
2601 3802 0
2601 5855 0
2601 5981 0
2601 10107 0
2601 3986 0
2601 8112 0
2601 6065 0
2601 6068 0
2601 6069 0
2601 6078 0
2606 4110 0
2606 10286 0
2606 4305 0
2606 6359 0
2606 4371 0
2606 5850 0
2606 4547 0
2606 6599 0
2606 14072 0
2606 11343 0
2606 2881 0
2606 8768 0
2606 6739 0
2606 6740 0
2606 6741 0
2606 2678 0
2606 6792 0
2606 2709 0
2606 2714 1
2606 2722 0
2606 8881 0
2606 4812 0
2606 10995 0
2606 4859 0
2606 4869 0
2606 4916 0
2606 11071 0
2606 4956 0
2606 4957 0
2606 4958 0
2606 4971 0
2606 4972 0
2606 5017 0
2606 5026 0
2606 7084 0
2606 17394 0
2606 7165 0
2606 13061 0
2606 5373 0
2606 5395 0
2606 3426 0
2606 5539 0
2606 19879 0
2606 15809 0
2606 7633 0
2606 3561 0
2606 3574 0
2606 7721 0
2606 2997 0
2606 3729 0
2606 7893 0
2606 3802 0
2606 5855 0
2606 9132 0
2606 8024 0
2606 5981 0
2606 5994 0
2606 3986 0
2606 8112 0
2606 6065 0
2606 16308 0
2606 6078 0
2678 12865 0
2678 6739 0
2678 6740 0
2678 8301 0
2678 6675 0
2678 2678 0
2678 5243 0
2678 5773 0
2678 7850 0
2678 7893 0
2678 6359 0
2678 3802 0
2678 5855 0
2678 4859 0
2678 5885 0
2678 8467 0
2678 16160 0
2678 8483 0
2678 4440 0
2678 3426 0
2678 3431 0
2678 5521 0
2678 3986 0
2678 5026 0
2678 8112 0
2678 16308 0
2678 6078 0
2678 3561 0
2678 3574 0
2703 4110 0
2703 8287 0
2703 8363 0
2703 6401 0
2703 4534 0
2703 6599 0
2703 4627 0
2703 6739 0
2703 6740 0
2703 6741 0
2703 6792 0
2703 2703 0
2703 2709 0
2703 2712 0
2703 6809 0
2703 2718 0
2703 2722 0
2703 8867 0
2703 8881 0
2703 4787 0
2703 7633 0
2703 4859 0
2703 6932 0
2703 4916 0
2703 2881 0
2703 7010 0
2703 13200 0
2703 5026 0
2703 2997 0
2703 21322 0
2703 11343 0
2703 5243 0
2703 5389 0
2703 3425 1
2703 3426 0
2703 5539 0
2703 7632 0
2703 4344 0
2703 7721 0
2703 7726 0
2703 15996 0
2703 5759 0
2703 3729 0
2703 5855 0
2703 5881 0
2703 5882 0
2703 5885 0
2703 12069 0
2703 8034 0
2703 3986 0
2703 6065 0
2703 6068 0
2703 6078 0
2708 6153 0
2708 4110 0
2708 8287 0
2708 8467 0
2708 4463 0
2708 4464 0
2708 4465 0
2708 4520 0
2708 4535 0
2708 4536 0
2708 4538 0
2708 6599 0
2708 6739 0
2708 6741 0
2708 6792 0
2708 2709 0
2708 2712 0
2708 2714 1
2708 2718 0
2708 2722 0
2708 8881 0
2708 4795 0
2708 10962 0
2708 4859 0
2708 13061 0
2708 21322 0
2708 2976 0
2708 7077 0
2708 7109 0
2708 11343 0
2708 5233 0
2708 5243 0
2708 9470 0
2708 5389 0
2708 3354 0
2708 5412 0
2708 5432 0
2708 3425 1
2708 19879 0
2708 7632 0
2708 7633 0
2708 3561 0
2708 7084 0
2708 7721 0
2708 13939 0
2708 5772 0
2708 5773 0
2708 5793 0
2708 3802 0
2708 5855 0
2708 5857 0
2708 14072 0
2708 5882 0
2708 5885 0
2708 5981 0
2708 8064 0
2708 8069 0
2708 3986 0
2708 8112 0
2708 4083 0
2708 6068 0
2708 6078 0
2708 8144 0
2709 4110 0
2709 8287 0
2709 16554 0
2709 6401 0
2709 8467 0
2709 4465 0
2709 4520 0
2709 4547 0
2709 6599 0
2709 4559 0
2709 5885 0
2709 2881 0
2709 4627 0
2709 8768 0
2709 6739 0
2709 6740 0
2709 6741 0
2709 6792 0
2709 2709 0
2709 2712 0
2709 2714 1
2709 2718 0
2709 2722 0
2709 8881 0
2709 4795 0
2709 10995 0
2709 4859 0
2709 13061 0
2709 4916 0
2709 4956 0
2709 4958 0
2709 13200 0
2709 5026 0
2709 4957 0
2709 3141 0
2709 11343 0
2709 5432 0
2709 3426 0
2709 5539 0
2709 19879 0
2709 15809 0
2709 11729 0
2709 3561 0
2709 15851 0
2709 5683 0
2709 16308 0
2709 15990 0
2709 7893 0
2709 3802 0
2709 5855 0
2709 5881 0
2709 5882 0
2709 5981 0
2709 10107 0
2709 8064 0
2709 3986 0
2709 8112 0
2709 6068 0
2709 6078 0
2709 16160 0
2712 4110 0
2712 8287 0
2712 6359 0
2712 4463 0
2712 4465 0
2712 6599 0
2712 4555 0
2712 6614 0
2712 4627 0
2712 6739 0
2712 6740 0
2712 6741 0
2712 6792 0
2712 2712 0
2712 2714 1
2712 2718 0
2712 2722 0
2712 8867 0
2712 8881 0
2712 4787 0
2712 4795 0
2712 10962 0
2712 4859 0
2712 6910 0
2712 4916 0
2712 2881 0
2712 4956 0
2712 4958 0
2712 7010 0
2712 4972 0
2712 13200 0
2712 5017 0
2712 2976 0
2712 5026 0
2712 2997 0
2712 3043 0
2712 4957 0
2712 3141 0
2712 11343 0
2712 5233 0
2712 5243 0
2712 5277 0
2712 9470 0
2712 5389 0
2712 3354 0
2712 5412 0
2712 5432 0
2712 3425 1
2712 3426 0
2712 4547 0
2712 5539 0
2712 19879 0
2712 7632 0
2712 7633 0
2712 7077 0
2712 7721 0
2712 7726 0
2712 5759 0
2712 3802 0
2712 5855 0
2712 14072 0
2712 5881 0
2712 5882 0
2712 5885 0
2712 12069 0
2712 5980 0
2712 5981 0
2712 8034 0
2712 8064 0
2712 20361 0
2712 3986 0
2712 6065 0
2712 6068 0
2712 6069 0
2712 6078 0
2714 2714 2
2714 6147 1
2714 6153 1
2714 17073 1
2714 8287 1
2714 16508 1
2714 6271 1
2714 4344 1
2714 8597 1
2714 4524 1
2714 4525 1
2714 4526 1
2714 4534 1
2714 4535 1
2714 4536 1
2714 4537 1
2714 4538 1
2714 4539 1
2714 4540 1
2714 4544 1
2714 4546 1
2714 6599 1
2714 19879 1
2714 4627 1
2714 12865 1
2714 6739 1
2714 12892 1
2714 8829 1
2714 4739 1
2714 2718 1
2714 2722 1
2714 8867 1
2714 8881 1
2714 4787 1
2714 6836 1
2714 10962 1
2714 14462 1
2714 6926 1
2714 2861 1
2714 2881 1
2714 4956 1
2714 4957 1
2714 4958 1
2714 2938 1
2714 13200 1
2714 2976 1
2714 5026 1
2714 2997 1
2714 7109 1
2714 7165 1
2714 3143 1
2714 11343 1
2714 7271 1
2714 13479 1
2714 3265 1
2714 5363 1
2714 5365 1
2714 5373 1
2714 5389 1
2714 5432 1
2714 3426 1
2714 3430 1
2714 7558 1
2714 13710 1
2714 5523 1
2714 7633 1
2714 7651 1
2714 7721 1
2714 16308 1
2714 5729 1
2714 15990 1
2714 3729 1
2714 5791 1
2714 5855 1
2714 20206 1
2714 5874 1
2714 14072 1
2714 12069 1
2714 9523 1
2714 5981 1
2714 8034 1
2714 5994 1
2714 10107 1
2714 8064 1
2714 20361 1
2714 15000 1
2714 3986 1
2714 6810 1
2714 8112 1
2714 6065 1
2714 6068 1
2718 6147 0
2718 4110 0
2718 8287 0
2718 6271 0
2718 16647 0
2718 8467 0
2718 4440 0
2718 5521 0
2718 5523 0
2718 18852 0
2718 4520 0
2718 4524 0
2718 4525 0
2718 4534 0
2718 4535 0
2718 4536 0
2718 4537 0
2718 4538 0
2718 4539 0
2718 4540 0
2718 4544 0
2718 4546 0
2718 4547 0
2718 4550 0
2718 6599 0
2718 19879 0
2718 6739 0
2718 6740 0
2718 6741 0
2718 6792 0
2718 2718 0
2718 2722 0
2718 8881 0
2718 4795 0
2718 4859 0
2718 6614 0
2718 6932 0
2718 2881 0
2718 4972 0
2718 2938 0
2718 2976 0
2718 21322 0
2718 3043 0
2718 3141 0
2718 7010 0
2718 11343 0
2718 5233 0
2718 5243 0
2718 7320 0
2718 5277 0
2718 15612 0
2718 3336 0
2718 6359 0
2718 5389 0
2718 5412 0
2718 9523 0
2718 5432 0
2718 5469 0
2718 3426 0
2718 3427 0
2718 3447 0
2718 5017 0
2718 5026 0
2718 5539 0
2718 7632 0
2718 7633 0
2718 7721 0
2718 7726 0
2718 3729 0
2718 3802 0
2718 5855 0
2718 14072 0
2718 5881 0
2718 5882 0
2718 18261 0
2718 8064 0
2718 3986 0
2718 8112 0
2718 6065 0
2718 6068 0
2718 6069 0
2718 6078 0
2718 7165 0
2722 6147 0
2722 4110 0
2722 8287 0
2722 6359 0
2722 8467 0
2722 4442 0
2722 5521 0
2722 5523 0
2722 4520 0
2722 4524 0
2722 4525 0
2722 4537 0
2722 4539 0
2722 4546 0
2722 4547 0
2722 6599 0
2722 18852 0
2722 19879 0
2722 2881 0
2722 13061 0
2722 8768 0
2722 6739 0
2722 6740 0
2722 6741 0
2722 6792 0
2722 2722 0
2722 4795 0
2722 4859 0
2722 4971 0
2722 4972 0
2722 5017 0
2722 5026 0
2722 21322 0
2722 3043 0
2722 3141 0
2722 5233 0
2722 5243 0
2722 9523 0
2722 5432 0
2722 5469 0
2722 3426 0
2722 3430 0
2722 3431 0
2722 13710 0
2722 5539 0
2722 7633 0
2722 3561 0
2722 7721 0
2722 7726 0
2722 16308 0
2722 2997 0
2722 3729 0
2722 7893 0
2722 3802 0
2722 5855 0
2722 14072 0
2722 5882 0
2722 5981 0
2722 8064 0
2722 3986 0
2722 8112 0
2722 6065 0
2722 6068 0
2722 6069 0
2803 7721 1
2861 6147 0
2861 6741 0
2861 15996 0
2861 3729 0
2861 5365 0
2861 2898 1
2861 4443 0
2861 4957 0
2861 7551 0
2861 7084 0
2861 11226 1
2881 8881 0
2881 4874 0
2881 6739 0
2881 6741 0
2881 3704 1
2881 5243 0
2881 7165 0
2881 4547 0
2881 3734 0
2881 14072 0
2881 5855 0
2881 5881 0
2881 5882 0
2881 4859 0
2881 15612 0
2881 6915 0
2881 7726 0
2881 8473 0
2881 6792 0
2881 2881 0
2881 4442 0
2881 5980 0
2881 5469 0
2881 3422 0
2881 4463 0
2881 3469 0
2881 2976 0
2881 5539 0
2881 2989 0
2881 5277 0
2881 4534 0
2881 4535 0
2881 4536 0
2881 4537 0
2881 4540 0
2881 4544 0
2881 4546 0
2881 3043 0
2881 5885 0
2898 4859 1
2898 4678 2
2898 2898 2
2898 6267 1
2900 7850 0
2900 8024 0
2900 11226 1
2900 4957 0
2900 4958 0
2900 3427 0
2938 6147 0
2938 8881 0
2938 8768 0
2938 3141 0
2938 6739 0
2938 6741 0
2938 8287 0
2938 4795 0
2938 4874 0
2938 8467 0
2938 8483 0
2938 2938 0
2938 8092 0
2938 4547 0
2938 3561 0
2938 8185 0
2947 2947 0
2947 16160 0
2947 7084 0
2947 5980 0
2947 4145 0
2947 8867 0
2947 5365 0
2947 3141 0
2947 6614 0
2947 5981 0
2947 5855 0
2976 6147 0
2976 13061 0
2976 16428 1
2976 6739 0
2976 6741 0
2976 8287 0
2976 6792 0
2976 3729 0
2976 3734 0
2976 8881 0
2976 5885 0
2976 8467 0
2976 21322 0
2976 5980 0
2976 5981 0
2976 7010 0
2976 5521 0
2976 5523 0
2976 2976 0
2976 2984 1
2976 4536 0
2976 4540 0
2976 4546 0
2976 7109 0
2976 4555 0
2976 7633 0
2976 6614 0
2976 7165 0
2984 3734 1
2984 3871 1
2984 8483 1
2984 7721 1
2984 5432 1
2984 5850 1
2984 7010 1
2984 5882 1
2984 5885 1
2989 7726 0
2989 4556 0
2989 6915 0
2989 3354 0
2989 5981 0
2989 3986 0
2989 19879 0
2989 4520 0
2989 2989 0
2989 4534 0
2989 4535 0
2989 4536 0
2989 4537 0
2989 4538 0
2989 4539 0
2989 4540 0
2989 4544 0
2989 4546 0
2989 4550 0
2989 4551 0
2989 4555 0
2989 4557 0
2989 4558 0
2989 4559 0
2997 6147 0
2997 6153 0
2997 8597 0
2997 4305 0
2997 5850 0
2997 4463 0
2997 4524 0
2997 4525 0
2997 4526 0
2997 4547 0
2997 6614 0
2997 4627 0
2997 4971 0
2997 4972 0
2997 5017 0
2997 3141 0
2997 6675 0
2997 3336 0
2997 3426 0
2997 3427 0
2997 3430 0
2997 3431 0
2997 13710 0
2997 19879 0
2997 2997 0
2997 3802 0
2997 16160 0
2997 5980 0
2997 5981 0
2997 20361 0
2997 6065 0
2997 6068 0
2997 4083 0
2997 8185 0
3043 16508 0
3043 4305 0
3043 6359 0
3043 4371 0
3043 8473 0
3043 4442 0
3043 4547 0
3043 4550 0
3043 4551 0
3043 4555 0
3043 4556 0
3043 4557 0
3043 4558 0
3043 8867 0
3043 8881 0
3043 4859 0
3043 7077 0
3043 7084 0
3043 15324 0
3043 3043 0
3043 5243 0
3043 3354 0
3043 15612 0
3043 5521 0
3043 5523 0
3043 5729 0
3043 3704 1
3043 3729 0
3043 5850 0
3043 20206 0
3043 5882 0
3043 3871 0
3043 5432 0
3043 5980 0
3043 5981 0
3043 5994 0
3043 6072 0
3141 13061 0
3141 5017 0
3141 5981 0
3141 16308 0
3141 6069 0
3141 8768 0
3141 3141 0
3141 3143 0
3141 5243 0
3141 8881 0
3141 7320 0
3141 4678 1
3141 6359 0
3141 3802 0
3141 5855 0
3141 19879 0
3141 7931 1
3141 5373 0
3141 8467 0
3141 3354 0
3141 3871 0
3141 3426 0
3141 5994 0
3141 4972 0
3141 3986 0
3141 3729 0
3141 8112 0
3141 6065 0
3141 6599 0
3141 10184 0
3141 11226 1
3141 5885 0
3141 7893 0
3141 6739 0
3141 6740 0
3141 16554 0
3143 19879 0
3143 6739 0
3143 5759 0
3143 6792 0
3143 13479 0
3143 4859 0
3143 3430 0
3143 3447 0
3143 3986 0
3143 4557 0
3240 6148 0
3240 6153 0
3240 4547 0
3240 5017 0
3240 3267 1
3240 6614 0
3240 5850 0
3240 4956 0
3265 4869 0
3265 3986 0
3265 5539 0
3265 5981 0
3265 4145 0
3265 4957 0
3265 4784 0
3265 16567 0
3265 5850 0
3265 4956 0
3265 4958 0
3265 3561 0
3265 3574 0
3267 6148 1
3267 6153 1
3267 8209 1
3267 4627 1
3267 8768 1
3267 3653 1
3267 3654 1
3267 3655 1
3267 13939 1
3267 14462 1
3267 6836 1
3267 15990 1
3267 5850 1
3267 5864 1
3267 5874 1
3267 6926 1
3267 9001 1
3267 5980 1
3267 4972 1
3267 8565 1
3267 10107 1
3267 8597 1
3267 8092 1
3267 18852 1
3267 9132 1
3267 4547 1
3267 8144 1
3267 4083 1
3267 3574 1
3336 13061 0
3336 5389 0
3336 4544 0
3336 6792 0
3336 3704 1
3336 5855 0
3336 8185 0
3336 3336 0
3336 5980 0
3336 3425 1
3336 4971 0
3336 3986 0
3336 5523 0
3336 5469 0
3336 5026 0
3336 4535 0
3336 4536 0
3336 4547 0
3336 4551 0
3336 12234 0
3354 8287 0
3354 6267 0
3354 4305 0
3354 4344 0
3354 4371 0
3354 4442 0
3354 4550 0
3354 4557 0
3354 4678 1
3354 6741 0
3354 4555 0
3354 4859 0
3354 4956 0
3354 13200 0
3354 5759 0
3354 7084 0
3354 7109 0
3354 7165 0
3354 5277 0
3354 5365 0
3354 3354 0
3354 17752 0
3354 3447 0
3354 3469 0
3354 7633 0
3354 3729 0
3354 3734 0
3354 5855 0
3354 20206 0
3354 7931 1
3354 5432 0
3354 5981 0
3354 8034 0
3354 8054 0
3354 6072 0
3422 4627 0
3422 4145 0
3422 3427 0
3422 6740 0
3422 6741 0
3422 9132 0
3422 5277 0
3422 4859 0
3422 5413 1
3422 6792 0
3422 8597 0
3422 3430 0
3422 3431 0
3422 20361 0
3422 5017 0
3422 8092 0
3422 12892 0
3422 19879 0
3422 6068 0
3422 6069 0
3422 5791 0
3422 6078 0
3425 8069 1
3425 7165 1
3425 4110 1
3425 21322 1
3425 8467 1
3425 18814 1
3425 17443 1
3425 9508 1
3425 4520 1
3425 4522 1
3425 7632 1
3425 5874 1
3425 5981 1
3425 8112 1
3425 4145 1
3425 15612 1
3425 6069 1
3425 4550 1
3425 4551 1
3425 7312 1
3425 4555 1
3425 6988 1
3425 4367 1
3425 4305 1
3425 4558 1
3425 16975 1
3425 5855 1
3425 3425 2
3425 7633 1
3425 12234 1
3425 5885 1
3425 18852 1
3425 6932 1
3425 9470 1
3426 6147 0
3426 6153 0
3426 3430 0
3426 16554 0
3426 6359 0
3426 16308 0
3426 8597 0
3426 4520 0
3426 4547 0
3426 4550 0
3426 4551 0
3426 14072 0
3426 6636 0
3426 6672 0
3426 6675 0
3426 8829 0
3426 8867 0
3426 16160 0
3426 11729 0
3426 6910 0
3426 6614 0
3426 4956 0
3426 4958 0
3426 4971 0
3426 4972 0
3426 5017 0
3426 5148 1
3426 4957 0
3426 13061 0
3426 5243 0
3426 5277 0
3426 15680 0
3426 3426 0
3426 3427 0
3426 3431 0
3426 13710 0
3426 5539 0
3426 5981 0
3426 19879 0
3426 7632 0
3426 7726 0
3426 15990 0
3426 5759 0
3426 5791 0
3426 3802 0
3426 5864 0
3426 5980 0
3426 10107 0
3426 8064 0
3426 3986 0
3426 8112 0
3426 6065 0
3426 6068 0
3426 10184 0
3426 4052 0
3426 4083 0
3427 5148 1
3427 13061 0
3427 15680 0
3427 6739 0
3427 6740 0
3427 6675 0
3427 8867 0
3427 16554 0
3427 8881 0
3427 12069 0
3427 4956 0
3427 4957 0
3427 3430 0
3427 3431 0
3427 5521 0
3427 3986 0
3427 5026 0
3427 9132 0
3427 6065 0
3427 16308 0
3427 4052 0
3427 6614 0
3427 6636 0
3427 5885 0
3430 6675 0
3430 16975 0
3430 6739 0
3430 5885 0
3430 13061 0
3430 15680 0
3430 4956 0
3430 3430 0
3430 3431 0
3430 3986 0
3430 8112 0
3430 6065 0
3430 16308 0
3430 7633 0
3430 4052 0
3430 6614 0
3430 6636 0
3431 4110 0
3431 6675 0
3431 5148 1
3431 13061 0
3431 4956 0
3431 4145 0
3431 17073 0
3431 16975 0
3431 6739 0
3431 5885 0
3431 6792 0
3431 3729 0
3431 7893 0
3431 20227 0
3431 4874 0
3431 8467 0
3431 4916 0
3431 15680 0
3431 8881 0
3431 5980 0
3431 5981 0
3431 3431 0
3431 8064 0
3431 3986 0
3431 4522 0
3431 6065 0
3431 16308 0
3431 6078 0
3431 7633 0
3431 4052 0
3431 6614 0
3431 6636 0
3447 5980 0
3447 4464 0
3447 8867 0
3447 4536 0
3447 4520 0
3447 3574 0
3447 8144 0
3447 5981 0
3447 5855 0
3447 4463 0
3447 4465 0
3447 5363 0
3447 3447 0
3469 4110 0
3469 6267 0
3469 4305 0
3469 20797 0
3469 4464 0
3469 4540 0
3469 6599 0
3469 4859 0
3469 9132 0
3469 7312 0
3469 5277 0
3469 5373 0
3469 7583 0
3469 3653 0
3469 5885 0
3469 5772 0
3469 10107 0
3469 20361 0
3513 7084 0
3513 4110 0
3513 5178 0
3513 8287 0
3513 5243 0
3513 17073 0
3513 4787 0
3513 6359 0
3513 5885 0
3513 20227 0
3513 4371 0
3513 5432 0
3513 5980 0
3513 5981 0
3513 8064 0
3513 7077 0
3513 9132 0
3513 6068 0
3513 3513 0
3513 7109 0
3513 7633 0
3561 8209 0
3561 8881 0
3561 10286 0
3561 16464 1
3561 8287 0
3561 19879 0
3561 8363 0
3561 8473 0
3561 5523 0
3561 4524 0
3561 4534 0
3561 12865 0
3561 6739 0
3561 6740 0
3561 6836 0
3561 4795 0
3561 15144 0
3561 4916 0
3561 4956 0
3561 4957 0
3561 4958 0
3561 4971 0
3561 4972 0
3561 11071 0
3561 5017 0
3561 5026 0
3561 7109 0
3561 7165 0
3561 7312 0
3561 5395 0
3561 7632 0
3561 15612 0
3561 6599 0
3561 7010 0
3561 5772 0
3561 7850 0
3561 3802 0
3561 5855 0
3561 14072 0
3561 7947 1
3561 18261 0
3561 5981 0
3561 3986 0
3561 6069 0
3561 8165 0
3561 4083 0
3574 6153 0
3574 4956 0
3574 5981 0
3574 13479 0
3574 7893 0
3574 8144 0
3574 4869 0
3574 4957 0
3574 4958 0
3574 3986 0
3574 8112 0
3574 16308 0
3574 4547 0
3574 3574 0
3653 5412 0
3653 5413 1
3653 3654 0
3653 3655 0
3653 5389 0
3654 5412 0
3654 6069 0
3654 3655 0
3654 5413 1
3654 8165 0
3654 5885 0
3654 7893 0
3655 5412 0
3655 5413 1
3704 15851 1
3704 16554 1
3704 6792 1
3704 5432 1
3704 4536 1
3704 4442 1
3704 5469 1
3704 5855 1
3725 3725 0
3725 5980 0
3729 6147 0
3729 6153 0
3729 4305 0
3729 6359 0
3729 4371 0
3729 5850 0
3729 8483 0
3729 4443 0
3729 4463 0
3729 8565 0
3729 4547 0
3729 4550 0
3729 4551 0
3729 4555 0
3729 4557 0
3729 4558 0
3729 8287 0
3729 8768 0
3729 6741 0
3729 6792 0
3729 8867 0
3729 8881 0
3729 4795 0
3729 4859 0
3729 4972 0
3729 7077 0
3729 7084 0
3729 7109 0
3729 17394 0
3729 7165 0
3729 5243 0
3729 5277 0
3729 5363 0
3729 5365 0
3729 15612 0
3729 7430 0
3729 5432 0
3729 5729 0
3729 15996 0
3729 3729 0
3729 5791 0
3729 3802 0
3729 5855 0
3729 5980 0
3729 5981 0
3729 8092 0
3729 6271 0
3729 8112 0
3729 6072 0
3729 6078 0
3729 8185 0
3734 8064 0
3734 6792 0
3734 3734 0
3734 7109 0
3734 7726 0
3734 5994 0
3734 16428 1
3734 5885 0
3802 6153 0
3802 16554 0
3802 6359 0
3802 4464 0
3802 4546 0
3802 6599 0
3802 4559 0
3802 6614 0
3802 11343 0
3802 13061 0
3802 6739 0
3802 6740 0
3802 6741 0
3802 8867 0
3802 8881 0
3802 4859 0
3802 4916 0
3802 4956 0
3802 4957 0
3802 4958 0
3802 4971 0
3802 4972 0
3802 5017 0
3802 5026 0
3802 5243 0
3802 5432 0
3802 5539 0
3802 19879 0
3802 7633 0
3802 5793 0
3802 7893 0
3802 3802 0
3802 5855 0
3802 5981 0
3802 5850 0
3802 3986 0
3802 8112 0
3802 6065 0
3802 16308 0
3802 6069 0
3802 6078 0
3802 8144 0
3802 4083 0
3871 12865 0
3871 3871 0
3871 8867 0
3871 4546 0
3871 4555 0
3871 4557 0
3871 4305 0
3871 6359 0
3871 7010 0
3973 5882 0
3973 6910 0
3986 8483 0
3986 8565 0
3986 8768 0
3986 8867 0
3986 8881 0
3986 9132 0
3986 20227 0
3986 18261 0
3986 10286 0
3986 14072 0
3986 19879 0
3986 3986 0
3986 17058 0
3986 4083 0
3986 4145 0
3986 4371 0
3986 4443 0
3986 4463 0
3986 4464 0
3986 4520 0
3986 4525 0
3986 4534 0
3986 4547 0
3986 4550 0
3986 4551 0
3986 4627 0
3986 4859 0
3986 4869 0
3986 4956 0
3986 4971 0
3986 13200 0
3986 5017 0
3986 5243 0
3986 5365 0
3986 5469 0
3986 5521 0
3986 5523 0
3986 5791 0
3986 5850 0
3986 5864 0
3986 5885 0
3986 5980 0
3986 5981 0
3986 6068 0
3986 6069 0
3986 6128 0
3986 6147 0
3986 6148 0
3986 6153 0
3986 6359 0
3986 6401 0
3986 18852 0
3986 6636 0
3986 6739 0
3986 6740 0
3986 6741 0
3986 6910 0
3986 6915 0
3986 6926 0
3986 7109 0
3986 7271 0
3986 7430 0
3986 15680 0
3986 7551 0
3986 7552 0
3986 7558 0
3986 15990 0
3986 15996 0
3986 7850 0
3986 8024 0
3986 8064 0
3986 8092 0
3986 8112 0
3986 8144 0
3986 8165 0
3986 8185 0
4052 6153 0
4052 5148 1
4052 16160 0
4052 15680 0
4052 6614 0
4052 4957 0
4062 4547 0
4062 5072 0
4062 7632 0
4062 15836 0
4062 4062 0
4062 5994 0
4083 7726 0
4083 8287 0
4083 7893 0
4083 5850 0
4083 5885 0
4083 13061 0
4083 6792 0
4083 5994 0
4083 4971 0
4083 4972 0
4083 7583 0
4083 19879 0
4083 4520 0
4083 4522 0
4083 16308 0
4083 4534 0
4083 4535 0
4083 4538 0
4083 6599 0
4110 4110 0
4110 4145 0
4110 16464 1
4110 8287 0
4110 6359 0
4110 8597 0
4110 4550 0
4110 14072 0
4110 4627 0
4110 8768 0
4110 6741 0
4110 4787 0
4110 5243 0
4110 21322 0
4110 7109 0
4110 15612 0
4110 5389 0
4110 6932 0
4110 13710 0
4110 5539 0
4110 19879 0
4110 13939 0
4110 5882 0
4110 6792 0
4110 5980 0
4110 5981 0
4110 6068 0
4110 6069 0
4145 6148 0
4145 6153 0
4145 4145 0
4145 8301 0
4145 16567 0
4145 8545 0
4145 4465 0
4145 4547 0
4145 6636 0
4145 8768 0
4145 6739 0
4145 6740 0
4145 6741 0
4145 4784 0
4145 4787 0
4145 4859 0
4145 4869 0
4145 4956 0
4145 4957 0
4145 4958 0
4145 4972 0
4145 5148 1
4145 5233 0
4145 13479 0
4145 5365 0
4145 7726 0
4145 5026 0
4145 7893 0
4145 5850 0
4145 5855 0
4145 5864 0
4145 5885 0
4145 5980 0
4145 5981 0
4145 8064 0
4145 8112 0
4145 16308 0
4145 12234 0
4145 6128 0
4305 7077 0
4305 5855 0
4305 4795 0
4305 8301 0
4305 7850 0
4305 4812 0
4305 5881 0
4305 5882 0
4305 4859 0
4305 15612 0
4305 7893 0
4305 6401 0
4305 4874 0
4305 5389 0
4305 4371 0
4305 5412 0
4305 5432 0
4305 4443 0
4305 8024 0
4305 4442 0
4305 5980 0
4305 16554 0
4305 4522 0
4305 4524 0
4305 4525 0
4305 4526 0
4305 6078 0
4305 16975 0
4305 13479 0
4305 5885 0
4344 5440 1
4344 4916 0
4344 4859 0
4344 4344 0
4367 6267 0
4367 8112 0
4371 6741 0
4371 5772 0
4371 5277 0
4371 7109 0
4371 4812 0
4371 4859 0
4371 4874 0
4371 4371 0
4371 7726 0
4371 6267 0
4371 5432 0
4371 4442 0
4371 8034 0
4371 5994 0
4371 4972 0
4371 8064 0
4371 7555 0
4371 5521 0
4371 5523 0
4371 6128 0
4371 5539 0
4371 5981 0
4371 5365 0
4371 4551 0
4371 4550 0
4371 4556 0
4371 5855 0
4371 5072 0
4371 15324 0
4371 7077 0
4371 19879 0
4440 7931 1
4440 5683 0
4440 4534 0
4440 4555 0
4440 4550 0
4440 4551 0
4440 4556 0
4440 4557 0
4440 4558 0
4440 4559 0
4440 5072 0
4440 4536 0
4440 4440 0
4440 4443 0
4440 5994 0
4440 4859 0
4442 6147 0
4442 6153 0
4442 4534 0
4442 5729 0
4442 7931 1
4442 5243 0
4442 8881 0
4442 4812 0
4442 5072 0
4442 5365 0
4442 4859 0
4442 7430 0
4442 5432 0
4442 4442 0
4442 4443 0
4442 5981 0
4442 5994 0
4442 7077 0
4442 4520 0
4442 6072 0
4442 4550 0
4442 4555 0
4442 4557 0
4443 5683 0
4443 12865 0
4443 5772 0
4443 5773 0
4443 8867 0
4443 8054 0
4443 4812 0
4443 5855 0
4443 7633 0
4443 7931 1
4443 15612 0
4443 7552 0
4443 7430 0
4443 18759 0
4443 8024 0
4443 4443 0
4443 7551 0
4443 7555 0
4443 6072 0
4443 4550 0
4443 4551 0
4443 5072 0
4463 6147 0
4463 4463 0
4463 4464 0
4463 4465 0
4463 4524 0
4463 4525 0
4463 4526 0
4463 4535 0
4463 4536 0
4463 4547 0
4463 4550 0
4463 4551 0
4463 8768 0
4463 6739 0
4463 6741 0
4463 7077 0
4463 5277 0
4463 5539 0
4463 7893 0
4463 5855 0
4463 5857 0
4463 8064 0
4463 8112 0
4463 6065 0
4463 16308 0
4463 6072 0
4463 8185 0
4464 5981 0
4464 6739 0
4464 6792 0
4464 5857 0
4464 15612 0
4464 4465 0
4464 7551 0
4464 5539 0
4464 4524 0
4464 4525 0
4464 4526 0
4464 8185 0
4465 19879 0
4465 4957 0
4465 6741 0
4465 5243 0
4465 6792 0
4465 5277 0
4465 8881 0
4465 4795 0
4465 5855 0
4465 5857 0
4465 5885 0
4465 4956 0
4465 4971 0
4465 8064 0
4465 5539 0
4465 4958 0
4465 18759 0
4465 4524 0
4465 4525 0
4465 4526 0
4465 6072 0
4465 4550 0
4465 6068 0
4465 8185 0
4513 4546 0
4513 6359 0
4520 4795 0
4520 6359 0
4520 5855 0
4520 13061 0
4520 4874 0
4520 4520 0
4520 4522 0
4520 6068 0
4522 4627 0
4522 8768 0
4522 20361 0
4522 10962 0
4522 8597 0
4522 17058 0
4522 8185 0
4524 6147 0
4524 8467 0
4524 4524 0
4524 4525 0
4524 4526 0
4524 4609 0
4524 6739 0
4524 4795 0
4524 4812 0
4524 4859 0
4524 6910 0
4524 4957 0
4524 5072 0
4524 7165 0
4524 7320 0
4524 5469 0
4524 5539 0
4524 5729 0
4524 5759 0
4524 5855 0
4524 6072 0
4525 4609 0
4525 6147 0
4525 6910 0
4525 4795 0
4525 5469 0
4525 5539 0
4525 4526 0
4525 6072 0
4526 4609 0
4526 4795 0
4526 5469 0
4526 5539 0
4526 6072 0
4534 8467 0
4534 4535 0
4534 4537 0
4534 4546 0
4534 6614 0
4534 4609 0
4534 4534 0
4534 6836 0
4534 4795 0
4534 4812 0
4534 4859 0
4534 4971 0
4534 5026 0
4534 13061 0
4534 5178 0
4534 5432 0
4534 5469 0
4534 13710 0
4534 19879 0
4534 5729 0
4534 5850 0
4534 5855 0
4534 8064 0
4534 6072 0
4535 6672 0
4535 5178 0
4535 15996 0
4535 8881 0
4535 4795 0
4535 6792 0
4535 5026 0
4535 19879 0
4535 4535 0
4535 4536 0
4535 4557 0
4536 5178 0
4536 4547 0
4536 5791 0
4536 8881 0
4536 4795 0
4536 5855 0
4536 5389 0
4536 5432 0
4536 5469 0
4536 5521 0
4536 4544 0
4536 4551 0
4536 19879 0
4536 6068 0
4536 4536 0
4536 6078 0
4536 4546 0
4536 7109 0
4536 4550 0
4536 5026 0
4536 5523 0
4537 5178 0
4537 6069 0
4537 4795 0
4537 6267 0
4537 5389 0
4537 6792 0
4537 5469 0
4537 5521 0
4537 19879 0
4537 4537 0
4537 4550 0
4537 4551 0
4537 4556 0
4537 5026 0
4537 5523 0
4538 5178 0
4538 15996 0
4538 4795 0
4538 15000 0
4538 5026 0
4538 19879 0
4538 4538 0
4539 5469 0
4539 5178 0
4539 4795 0
4539 5363 0
4539 19879 0
4539 4539 0
4539 6078 0
4539 15324 0
4540 6147 0
4540 5178 0
4540 13479 0
4540 4795 0
4540 6792 0
4540 5469 0
4540 5026 0
4540 19879 0
4540 6078 0
4540 4546 0
4540 7109 0
4544 5178 0
4544 8867 0
4544 4795 0
4544 6792 0
4544 19879 0
4544 4544 0
4544 4546 0
4546 4609 0
4546 19879 0
4546 5178 0
4546 8287 0
4546 8867 0
4546 4795 0
4546 5882 0
4546 4859 0
4546 5885 0
4546 6910 0
4546 5432 0
4546 5469 0
4546 5026 0
4546 6078 0
4546 4546 0
4546 7109 0
4546 4550 0
4546 4551 0
4547 6148 0
4547 4957 0
4547 4958 0
4547 6153 0
4547 16308 0
4547 6739 0
4547 6672 0
4547 6792 0
4547 5772 0
4547 5773 0
4547 8867 0
4547 7893 0
4547 5850 0
4547 5855 0
4547 4859 0
4547 13061 0
4547 6932 0
4547 5432 0
4547 21322 0
4547 4956 0
4547 5994 0
4547 5017 0
4547 9132 0
4547 6065 0
4547 6068 0
4547 4547 0
4547 4555 0
4547 4557 0
4547 7633 0
4547 8881 0
4547 7077 0
4547 6128 0
4550 4812 0
4550 4550 0
4550 4551 0
4550 4555 0
4550 6672 0
4550 4795 0
4550 4859 0
4550 7109 0
4550 5072 0
4550 6675 0
4550 7320 0
4550 5389 0
4550 5432 0
4550 5523 0
4550 5773 0
4550 7893 0
4550 5855 0
4550 15324 0
4550 8064 0
4550 8069 0
4550 6068 0
4550 6069 0
4550 6072 0
4551 6401 0
4551 5523 0
4551 6599 0
4551 4555 0
4551 6672 0
4551 4551 0
4551 17073 0
4551 4795 0
4551 7109 0
4551 5072 0
4551 6675 0
4551 15612 0
4551 8064 0
4551 5389 0
4551 5432 0
4551 5521 0
4551 5773 0
4551 5855 0
4551 8069 0
4551 6068 0
4551 6069 0
4551 6072 0
4555 17443 0
4555 6672 0
4555 4795 0
4555 5791 0
4555 4812 0
4555 5855 0
4555 8069 0
4555 5072 0
4555 5389 0
4555 5432 0
4555 5523 0
4555 4555 0
4555 4557 0
4555 5882 0
4556 6672 0
4556 7893 0
4556 5855 0
4556 13061 0
4556 5432 0
4556 7077 0
4556 16308 0
4556 5072 0
4556 7633 0
4557 4609 0
4557 6672 0
4557 8881 0
4557 5855 0
4557 5882 0
4557 8069 0
4557 5072 0
4557 4557 0
4557 4558 0
4558 6672 0
4558 8881 0
4558 5855 0
4558 4859 0
4558 8069 0
4558 4558 0
4558 5072 0
4559 6672 0
4559 5072 0
4559 5855 0
4559 6068 0
4559 7109 0
4609 4609 0
4609 20227 0
4609 5981 0
4609 4787 0
4609 15612 0
4609 5885 0
4609 5432 0
4609 4971 0
4627 8034 0
4627 5885 0
4627 7271 0
4627 8301 0
4627 8881 0
4627 4787 0
4627 20227 0
4627 16647 0
4627 7726 0
4627 4916 0
4627 7010 0
4627 6065 0
4627 13200 0
4627 5539 0
4627 5981 0
4627 8112 0
4627 6068 0
4627 6078 0
4627 7633 0
4627 6741 0
4678 5432 1
4739 6147 0
4739 8301 0
4739 8069 0
4739 6068 0
4739 5579 1
4784 8881 0
4784 4956 0
4784 4957 0
4787 6153 0
4787 7271 0
4787 17073 0
4787 4787 0
4787 20227 0
4787 5855 0
4787 5882 0
4787 5885 0
4787 5980 0
4787 5981 0
4787 13200 0
4787 8112 0
4787 6068 0
4787 7109 0
4795 6147 0
4795 8287 0
4795 8867 0
4795 8881 0
4795 4795 0
4795 8467 0
4795 5469 0
4795 8112 0
4795 6068 0
4795 6069 0
4812 7084 0
4812 16464 1
4812 6267 0
4812 16508 0
4812 7109 0
4812 8054 0
4812 4812 0
4812 20227 0
4812 5432 0
4812 5469 0
4812 7077 0
4812 5072 0
4812 19879 0
4859 6147 0
4859 8287 0
4859 6359 0
4859 8483 0
4859 8768 0
4859 6740 0
4859 6741 0
4859 6792 0
4859 10962 0
4859 4859 0
4859 4869 0
4859 4916 0
4859 7077 0
4859 7084 0
4859 5072 0
4859 15324 0
4859 7165 0
4859 5148 1
4859 5243 0
4859 5277 0
4859 5363 0
4859 15612 0
4859 5432 0
4859 7551 0
4859 7555 0
4859 5521 0
4859 5523 0
4859 19879 0
4859 7726 0
4859 13939 0
4859 5759 0
4859 5793 0
4859 5855 0
4859 5857 0
4859 14072 0
4859 5980 0
4859 5981 0
4859 6065 0
4869 6153 0
4869 16567 0
4869 8867 0
4869 5850 0
4869 5855 0
4869 5365 0
4869 4869 0
4869 4956 0
4869 4957 0
4869 4958 0
4869 8565 0
4869 8092 0
4869 8144 0
4869 6636 0
4874 8363 0
4874 5855 0
4874 6267 0
4874 4874 0
4874 4916 0
4874 13200 0
4874 7633 0
4874 7726 0
4874 5874 0
4874 12069 0
4874 5981 0
4874 8034 0
4874 5994 0
4874 8064 0
4874 15000 0
4874 12234 0
4916 6147 0
4916 6153 0
4916 8209 0
4916 5850 0
4916 5864 0
4916 6614 0
4916 8768 0
4916 6809 0
4916 6836 0
4916 6932 0
4916 4916 0
4916 4956 0
4916 4971 0
4916 5017 0
4916 5277 0
4916 5365 0
4916 5373 0
4916 11729 0
4916 15996 0
4916 5855 0
4916 5882 0
4916 7947 1
4916 16160 0
4916 18261 0
4916 8024 0
4916 5981 0
4916 8092 0
4916 6068 0
4916 8144 0
4916 8185 0
4916 7850 0
4956 6148 0
4956 6153 0
4956 16567 0
4956 8565 0
4956 13061 0
4956 8768 0
4956 6741 0
4956 17058 0
4956 4956 0
4956 4957 0
4956 4958 0
4956 5017 0
4956 9132 0
4956 5243 0
4956 5365 0
4956 5395 0
4956 13479 0
4956 13710 0
4956 19879 0
4956 15809 0
4956 5850 0
4956 15996 0
4956 7893 0
4956 5855 0
4956 5981 0
4956 10107 0
4956 8092 0
4956 8144 0
4956 8165 0
4956 6128 0
4956 8185 0
4957 6148 0
4957 6153 0
4957 8565 0
4957 8768 0
4957 6739 0
4957 6741 0
4957 17058 0
4957 4958 0
4957 5017 0
4957 9132 0
4957 5243 0
4957 5395 0
4957 12865 0
4957 13710 0
4957 5523 0
4957 19879 0
4957 15809 0
4957 5850 0
4957 15996 0
4957 5793 0
4957 5855 0
4957 5981 0
4957 10107 0
4957 8092 0
4957 8112 0
4957 8144 0
4957 8165 0
4957 6128 0
4957 8185 0
4958 6148 0
4958 6153 0
4958 8301 0
4958 6078 0
4958 8565 0
4958 8768 0
4958 6739 0
4958 6741 0
4958 17058 0
4958 4958 0
4958 5017 0
4958 9132 0
4958 5243 0
4958 5395 0
4958 13710 0
4958 19879 0
4958 15809 0
4958 5850 0
4958 15996 0
4958 5981 0
4958 10107 0
4958 8092 0
4958 8144 0
4958 8165 0
4958 6128 0
4958 8185 0
4971 16464 1
4971 6359 0
4971 8467 0
4971 11343 0
4971 6739 0
4971 6599 0
4971 8881 0
4971 11071 0
4971 4971 0
4971 4972 0
4971 5017 0
4971 17394 0
4971 5373 0
4971 5432 0
4971 5469 0
4971 19879 0
4971 5850 0
4971 7893 0
4971 6065 0
4972 6359 0
4972 6599 0
4972 11343 0
4972 8768 0
4972 6739 0
4972 6740 0
4972 6741 0
4972 6792 0
4972 8881 0
4972 13061 0
4972 4972 0
4972 5017 0
4972 5243 0
4972 5523 0
4972 5539 0
4972 19879 0
4972 5850 0
4972 7893 0
4972 5855 0
4972 6065 0
4972 16308 0
4972 6069 0
4972 6078 0
5017 6147 0
5017 6148 0
5017 8301 0
5017 6359 0
5017 8473 0
5017 16308 0
5017 6599 0
5017 11343 0
5017 8768 0
5017 6739 0
5017 6740 0
5017 6741 0
5017 6792 0
5017 8881 0
5017 13061 0
5017 5026 0
5017 5243 0
5017 5413 1
5017 5539 0
5017 19879 0
5017 7726 0
5017 5850 0
5017 7893 0
5017 5855 0
5017 5885 0
5017 5994 0
5017 8112 0
5017 6065 0
5017 6068 0
5017 6069 0
5017 6078 0
5026 6153 0
5026 8768 0
5026 8287 0
5026 8467 0
5026 5243 0
5026 6792 0
5026 8867 0
5026 16647 0
5026 5395 0
5026 5469 0
5026 13710 0
5026 19879 0
5026 7084 0
5026 14072 0
5026 6636 0
5072 7931 1
5072 6267 0
5072 5772 0
5072 5773 0
5072 5365 0
5072 5373 0
5072 5432 0
5072 5469 0
5072 5994 0
5072 5521 0
5072 7077 0
5072 6072 0
5072 5072 0
5148 5521 1
5148 5148 2
5148 5432 1
5148 6636 1
5178 5440 1
5178 6401 0
5178 5469 0
5178 6809 0
5178 5178 0
5233 16428 1
5233 7726 0
5233 6741 0
5233 5233 0
5233 6401 0
5233 8467 0
5233 5981 0
5233 6599 0
5233 5579 1
5243 6147 0
5243 6359 0
5243 6599 0
5243 6739 0
5243 6740 0
5243 6741 0
5243 6792 0
5243 8867 0
5243 8881 0
5243 6910 0
5243 7010 0
5243 21322 0
5243 11343 0
5243 5389 0
5243 13710 0
5243 5539 0
5243 19879 0
5243 7726 0
5243 5759 0
5243 5855 0
5243 5881 0
5243 5882 0
5243 5885 0
5243 12069 0
5243 8064 0
5243 8112 0
5243 6065 0
5243 6068 0
5243 6069 0
5277 7726 0
5277 5981 0
5277 6068 0
5277 6740 0
5277 6741 0
5277 8034 0
5277 6792 0
5277 8881 0
5277 15612 0
5277 7893 0
5277 8768 0
5277 5855 0
5277 8054 0
5277 5539 0
5277 5277 0
5277 12234 0
5277 7633 0
5277 6739 0
5277 7165 0
5363 15996 0
5363 5365 0
5363 5413 1
5363 5521 0
5363 7084 0
5363 6072 0
5365 19879 0
5365 7726 0
5365 6739 0
5365 8881 0
5365 8054 0
5365 5365 0
5365 7084 0
5365 8483 0
5365 5432 0
5365 5855 0
5365 7552 0
5365 5521 0
5365 5523 0
5365 16308 0
5365 6072 0
5365 7077 0
5365 8185 0
5373 6147 0
5373 6675 0
5373 12865 0
5373 6739 0
5373 6267 0
5373 15996 0
5373 5793 0
5373 6359 0
5373 5855 0
5373 19879 0
5373 5373 0
5373 6401 0
5373 5395 0
5373 8024 0
5373 8069 0
5373 6599 0
5373 6614 0
5389 8287 0
5389 6359 0
5389 6809 0
5389 8867 0
5389 6910 0
5389 21322 0
5389 7109 0
5389 15612 0
5389 5389 0
5389 5469 0
5389 5885 0
5389 5980 0
5389 5981 0
5389 20361 0
5389 6069 0
5395 8881 0
5395 6739 0
5395 6740 0
5395 6741 0
5395 6836 0
5395 7893 0
5395 5395 0
5395 10286 0
5395 16464 1
5395 8112 0
5395 16308 0
5395 7632 0
5395 15324 0
5412 8287 0
5412 12892 0
5412 13939 0
5412 5791 0
5412 14072 0
5412 5412 0
5412 5413 1
5412 5432 0
5412 18759 0
5412 5981 0
5412 8064 0
5413 5729 1
5413 7726 1
5413 8301 1
5413 5791 1
5413 5864 1
5413 5413 2
5413 18759 1
5413 7010 1
5413 5539 1
5413 10995 1
5413 6078 1
5413 6599 1
5413 17394 1
5432 6267 0
5432 16554 0
5432 8467 0
5432 8597 0
5432 7077 0
5432 7165 0
5432 5432 0
5432 5469 0
5432 5521 0
5432 5523 0
5432 5683 0
5432 5729 0
5432 5855 0
5432 5864 0
5432 14072 0
5432 5981 0
5432 6078 0
5440 20227 1
5440 5440 2
5440 5759 1
5469 8287 0
5469 7850 0
5469 5523 0
5469 8881 0
5469 13061 0
5469 7077 0
5469 7084 0
5469 5981 0
5469 5469 0
5469 5521 0
5469 5759 0
5469 5773 0
5469 5855 0
5469 5881 0
5469 5885 0
5469 16160 0
5469 8024 0
5469 5980 0
5469 7633 0
5469 6072 0
5469 17058 0
5469 6792 0
5521 6147 0
5521 7721 0
5521 7077 0
5521 6072 0
5521 8881 0
5521 13061 0
5521 5994 0
5521 5521 0
5521 5523 0
5521 8112 0
5521 6068 0
5521 8185 0
5523 7077 0
5523 8467 0
5523 15996 0
5523 8881 0
5523 5885 0
5523 21322 0
5523 5523 0
5523 8112 0
5523 8185 0
5539 6147 0
5539 19879 0
5539 6672 0
5539 5729 0
5539 6078 0
5539 7165 0
5539 8565 0
5539 5855 0
5539 14072 0
5539 15612 0
5539 6792 0
5539 5980 0
5539 5994 0
5539 8064 0
5539 8069 0
5539 13710 0
5539 5539 0
5539 6614 0
5539 14929 0
5539 8185 0
5579 20206 1
5579 8363 1
5579 15324 1
5579 20227 1
5579 10995 1
5683 7552 0
5683 7430 0
5683 6401 0
5683 8024 0
5683 5683 0
5683 6068 0
5683 6599 0
5683 5729 0
5683 7931 1
5719 13119 0
5719 5719 0
5719 5885 0
5729 5855 0
5729 5994 0
5729 19879 0
5729 6078 0
5729 7633 0
5759 5981 0
5759 5759 0
5759 8867 0
5759 20206 0
5759 21322 0
5759 5980 0
5759 6078 0
5759 7109 0
5759 6614 0
5772 6153 0
5772 12865 0
5772 6741 0
5772 8467 0
5772 5772 0
5772 8867 0
5772 7931 1
5772 7430 0
5772 8024 0
5772 5981 0
5772 5994 0
5772 8054 0
5772 7552 0
5772 7077 0
5773 6153 0
5773 7077 0
5773 5773 0
5773 5855 0
5773 5994 0
5791 7721 0
5791 6068 0
5791 6739 0
5791 12892 0
5791 8301 0
5791 5791 0
5791 5864 0
5791 14072 0
5791 7726 0
5791 5994 0
5791 7583 0
5791 6078 0
5791 7109 0
5793 5793 0
5793 19879 0
5793 6078 0
5793 8144 0
5850 6148 0
5850 6153 0
5850 16308 0
5850 16567 0
5850 6739 0
5850 6741 0
5850 5994 0
5850 7893 0
5850 19879 0
5850 6359 0
5850 5850 0
5850 8881 0
5850 6065 0
5850 6068 0
5850 5855 0
5855 6147 0
5855 6148 0
5855 10286 0
5855 8287 0
5855 6267 0
5855 7165 0
5855 6359 0
5855 18814 0
5855 8483 0
5855 8881 0
5855 13710 0
5855 8545 0
5855 19879 0
5855 13061 0
5855 14072 0
5855 9001 0
5855 12234 0
5855 18852 0
5855 7084 0
5855 7109 0
5855 15324 0
5855 8034 0
5855 7552 0
5855 7077 0
5855 15996 0
5855 7893 0
5855 5855 0
5855 5857 0
5855 5874 0
5855 16308 0
5855 18261 0
5855 8024 0
5855 5980 0
5855 5981 0
5855 5994 0
5855 6271 0
5855 8112 0
5855 6068 0
5855 6072 0
5855 6078 0
5855 6128 0
5855 8185 0
5857 15996 0
5857 8867 0
5857 8467 0
5857 6932 0
5857 7633 0
5864 6741 0
5864 8867 0
5864 7893 0
5864 5864 0
5864 13061 0
5864 13200 0
5864 16308 0
5874 6792 0
5874 5874 0
5874 7726 0
5874 6078 0
5874 7633 0
5874 6153 0
5874 8301 0
5881 5981 0
5881 8363 0
5881 6267 0
5881 14072 0
5881 5881 0
5881 5882 0
5881 5980 0
5881 7010 0
5881 15000 0
5881 12069 0
5881 11226 1
5881 5885 0
5882 8881 0
5882 16428 1
5882 8287 0
5882 6267 0
5882 8545 0
5882 8768 0
5882 6792 0
5882 7010 0
5882 15324 0
5882 7726 0
5882 14072 0
5882 5882 0
5882 5885 0
5882 5980 0
5882 5981 0
5882 15000 0
5885 16428 1
5885 8287 0
5885 6401 0
5885 8597 0
5885 6741 0
5885 17058 0
5885 6932 0
5885 15144 0
5885 7010 0
5885 21322 0
5885 7109 0
5885 8768 0
5885 7558 0
5885 19879 0
5885 14072 0
5885 5885 0
5885 6792 0
5885 8024 0
5885 5980 0
5885 5981 0
5885 5994 0
5885 20361 0
5885 6068 0
5885 6069 0
5885 8185 0
5980 17752 0
5980 7726 0
5980 8287 0
5980 6792 0
5980 7109 0
5980 8881 0
5980 20227 0
5980 13939 0
5980 8064 0
5980 19879 0
5980 8112 0
5980 6065 0
5980 6068 0
5980 6128 0
5981 16464 1
5981 8287 0
5981 8467 0
5981 8768 0
5981 8881 0
5981 17752 0
5981 16647 0
5981 18852 0
5981 10962 0
5981 19879 0
5981 20227 0
5981 13061 0
5981 13119 0
5981 21322 0
5981 13200 0
5981 13479 0
5981 13939 0
5981 5981 0
5981 6065 0
5981 6068 0
5981 6069 0
5981 6078 0
5981 6128 0
5981 6267 0
5981 6359 0
5981 6599 0
5981 6739 0
5981 6740 0
5981 6741 0
5981 6792 0
5981 6932 0
5981 15144 0
5981 7010 0
5981 7077 0
5981 7109 0
5981 7165 0
5981 7271 0
5981 8064 0
5981 7726 0
5981 7893 0
5981 8112 0
5981 16308 0
5981 8185 0
5994 6147 0
5994 6148 0
5994 6153 0
5994 8301 0
5994 6267 0
5994 8467 0
5994 8483 0
5994 16975 0
5994 6809 0
5994 8881 0
5994 17073 0
5994 7010 0
5994 6675 0
5994 13479 0
5994 7555 0
5994 7633 0
5994 7726 0
5994 15996 0
5994 16160 0
5994 5994 0
5994 12234 0
5994 8185 0
6065 6147 0
6065 6153 0
6065 8768 0
6065 6675 0
6065 19879 0
6065 14072 0
6065 6065 0
6065 6068 0
6065 6069 0
6065 8185 0
6068 8881 0
6068 16554 0
6068 6401 0
6068 16308 0
6068 6599 0
6068 13061 0
6068 8768 0
6068 6739 0
6068 6740 0
6068 6741 0
6068 8867 0
6068 7165 0
6068 8287 0
6068 17752 0
6068 13479 0
6068 20227 0
6068 13710 0
6068 7583 0
6068 19879 0
6068 15809 0
6068 8112 0
6068 7721 0
6068 7726 0
6068 13939 0
6068 7850 0
6068 7893 0
6068 12069 0
6068 8064 0
6068 6068 0
6068 10184 0
6068 6128 0
6069 7726 0
6069 6359 0
6069 14072 0
6069 8467 0
6069 20361 0
6069 7010 0
6069 8069 0
6069 19879 0
6069 6069 0
6069 7633 0
6069 8165 0
6072 6267 0
6072 8054 0
6072 7931 1
6072 7552 0
6072 7430 0
6072 11226 1
6072 8024 0
6072 7551 0
6072 7555 0
6072 6072 0
6078 6153 0
6078 10309 0
6078 8287 0
6078 6359 0
6078 16647 0
6078 8597 0
6078 6740 0
6078 8881 0
6078 7077 0
6078 16975 0
6078 7084 0
6078 16160 0
6078 8034 0
6078 8069 0
6078 20361 0
6078 6078 0
6078 8185 0
6128 6153 0
6128 6128 0
6147 6147 0
6147 6148 0
6147 8467 0
6147 8768 0
6147 15809 0
6147 14072 0
6147 6915 0
6147 13061 0
6147 6932 0
6147 11071 0
6147 18852 0
6147 7109 0
6147 16554 0
6147 7271 0
6147 7312 0
6147 6792 0
6147 19879 0
6147 8064 0
6147 16567 0
6147 7583 0
6147 7077 0
6147 7850 0
6147 12069 0
6147 8024 0
6147 8112 0
6147 16308 0
6148 8092 0
6148 9132 0
6148 8565 0
6148 7893 0
6153 6153 0
6153 13061 0
6153 7721 0
6153 11343 0
6153 6739 0
6153 6672 0
6153 7893 0
6153 15144 0
6153 8064 0
6153 9132 0
6153 8112 0
6153 16308 0
6153 8144 0
6153 6740 0
6267 6267 0
6267 15000 0
6267 17073 0
6267 8064 0
6267 7077 0
6267 10995 0
6271 8867 0
6271 8112 0
6271 6271 0
6359 6599 0
6359 19879 0
6359 6739 0
6359 6792 0
6359 8867 0
6359 21322 0
6359 7109 0
6359 7551 0
6359 13710 0
6359 7077 0
6359 12069 0
6359 8064 0
6401 20227 0
6401 6599 0
6401 7893 0
6401 6401 0
6401 7551 0
6599 16464 1
6599 13710 0
6599 8829 0
6599 17073 0
6599 14072 0
6599 20227 0
6599 8467 0
6599 8112 0
6599 8165 0
6599 19879 0
6614 16464 1
6614 15996 0
6614 7947 1
6614 16160 0
6614 12234 0
6614 6809 0
6614 7084 0
6614 6614 0
6614 8185 0
6614 19879 0
6636 15144 0
6636 15680 0
6636 6739 0
6672 19879 0
6672 16160 0
6672 6809 0
6672 7947 1
6672 6675 0
6672 15996 0
6675 7077 0
6675 8034 0
6675 6739 0
6675 6740 0
6675 6741 0
6675 8867 0
6675 8881 0
6675 7893 0
6675 7947 1
6675 8064 0
6675 13200 0
6675 19879 0
6675 7084 0
6675 16308 0
6739 13710 0
6739 16554 0
6739 8467 0
6739 8483 0
6739 16160 0
6739 18852 0
6739 19879 0
6739 8768 0
6739 6739 0
6739 6740 0
6739 6741 0
6739 8867 0
6739 8881 0
6739 7109 0
6739 8034 0
6739 15809 0
6739 7632 0
6739 15836 0
6739 14072 0
6739 16647 0
6739 7850 0
6739 13939 0
6739 16085 1
6739 8112 0
6739 8185 0
6740 16464 1
6740 8467 0
6740 8483 0
6740 18852 0
6740 14072 0
6740 16975 0
6740 6741 0
6740 8867 0
6740 8881 0
6740 7109 0
6740 13710 0
6740 19879 0
6740 7632 0
6740 15851 0
6740 13939 0
6740 16160 0
6740 8034 0
6740 8069 0
6740 8185 0
6741 14072 0
6741 8768 0
6741 6741 0
6741 6792 0
6741 8881 0
6741 6910 0
6741 8483 0
6741 18852 0
6741 7109 0
6741 7165 0
6741 15612 0
6741 13710 0
6741 19879 0
6741 7632 0
6741 7726 0
6741 8467 0
6741 13939 0
6741 8034 0
6741 8054 0
6741 8185 0
6792 8565 0
6792 8597 0
6792 14072 0
6792 6792 0
6792 7010 0
6792 7165 0
6792 15612 0
6792 15680 0
6792 7555 0
6792 7633 0
6792 7726 0
6792 7109 0
6792 15000 0
6792 8092 0
6792 8185 0
6809 7721 0
6809 12865 0
6809 15996 0
6809 6809 0
6809 8867 0
6809 7931 1
6809 7430 0
6809 16160 0
6809 8054 0
6809 7551 0
6809 7552 0
6809 19879 0
6809 11226 1
6810 6810 0
6810 6926 0
6836 10286 0
6836 8467 0
6836 7850 0
6910 17443 0
6910 6932 0
6910 7320 0
6910 6910 0
6910 8069 0
6910 9508 0
6910 8064 0
6915 8867 0
6915 7726 0
6932 6932 0
6932 9001 0
7010 8467 0
7010 7010 0
7077 15996 0
7077 8867 0
7077 8473 0
7077 11226 1
7077 7077 0
7077 7084 0
7077 8185 0
7084 20206 0
7084 16160 0
7084 8483 0
7084 7551 0
7084 7084 0
7109 19879 0
7109 8287 0
7109 7893 0
7109 7721 0
7109 8467 0
7109 8064 0
7109 7109 0
7109 7633 0
7109 13479 0
7165 8467 0
7165 18852 0
7165 7165 0
7165 8034 0
7165 8069 0
7271 13200 0
7271 8881 0
7271 8467 0
7312 7583 0
7312 20206 0
7320 7320 0
7320 8287 0
7320 7551 0
7430 12865 0
7430 7931 1
7430 15612 0
7430 7552 0
7430 18759 0
7430 8024 0
7430 8054 0
7430 7551 0
7430 7555 0
7551 15996 0
7551 20361 0
7551 15612 0
7551 18759 0
7551 8054 0
7551 7555 0
7551 12865 0
7551 8144 0
7551 7931 1
7551 7552 0
7552 10286 0
7552 12865 0
7552 7931 1
7552 15612 0
7552 8024 0
7552 8054 0
7552 7555 0
7552 18759 0
7555 12069 0
7555 12865 0
7555 18759 0
7555 8024 0
7555 7931 1
7555 8054 0
7557 8473 0
7558 7633 0
7583 15000 0
7583 7583 0
7632 8287 0
7632 8467 0
7632 8881 0
7633 8287 0
7633 8467 0
7633 8768 0
7633 8867 0
7633 17443 0
7633 11343 0
7633 17752 0
7633 7633 0
7633 7721 0
7633 7850 0
7633 8829 0
7633 8064 0
7633 8069 0
7651 7651 0
7721 15990 0
7721 10107 0
7721 8064 0
7726 8597 0
7726 8768 0
7726 12892 0
7726 19879 0
7726 7726 0
7726 14072 0
7726 20361 0
7726 8092 0
7726 8165 0
7726 8185 0
7850 16308 0
7850 8467 0
7850 8829 0
7850 7893 0
7850 8024 0
7893 7893 0
7893 14072 0
7893 16160 0
7893 8768 0
7893 8867 0
7893 13061 0
7893 19879 0
7893 15612 0
7893 16308 0
7893 13939 0
7893 8024 0
7893 8034 0
7893 10107 0
7893 8144 0
7893 8185 0
7931 8024 1
7931 10286 1
7931 12865 1
7931 15612 1
7931 9001 1
7931 18759 1
7931 8054 1
7947 7947 2
7947 15144 1
7947 13200 1
8024 16308 0
8024 12865 0
8024 16975 0
8024 8829 0
8024 8054 0
8034 8034 0
8034 16464 1
8034 20206 0
8034 8881 0
8034 15612 0
8034 15680 0
8054 18759 0
8054 12865 0
8054 15612 0
8064 8287 0
8064 8467 0
8064 15996 0
8064 10995 0
8064 11226 1
8064 16160 0
8064 16567 0
8064 8064 0
8064 13710 0
8064 15324 0
8068 17443 0
8068 8068 0
8068 8069 0
8068 20227 0
8069 8069 0
8069 15650 0
8092 8565 0
8092 13061 0
8112 8768 0
8112 16975 0
8112 10962 0
8112 13061 0
8112 13200 0
8112 13710 0
8112 19879 0
8112 11729 0
8112 8112 0
8112 17058 0
8112 8185 0
8144 11343 0
8144 19879 0
8144 16308 0
8165 8867 0
8165 8467 0
8165 13119 0
8165 10184 0
8165 8165 0
8185 13061 0
8185 8768 0
8185 15996 0
8185 8867 0
8185 8881 0
8185 20206 0
8185 9001 0
8185 19879 0
8185 16308 0
8185 8185 0
8209 8467 0
8209 8881 0
8209 16335 0
8287 11343 0
8287 8287 0
8287 8467 0
8287 9523 0
8287 18261 0
8301 13200 0
8301 8597 0
8363 15996 0
8363 8363 0
8467 10286 0
8467 16554 0
8467 8768 0
8467 8881 0
8467 15144 0
8467 19879 0
8467 10107 0
8467 11071 0
8467 15612 0
8467 8467 0
8467 14072 0
8467 20227 0
8467 18261 0
8467 16308 0
8473 8473 0
8473 8881 0
8483 16975 0
8483 8881 0
8565 13061 0
8565 15836 0
8768 18852 0
8768 8768 0
8768 8867 0
8768 13061 0
8768 13200 0
8768 11343 0
8768 14072 0
8768 16308 0
8829 19879 0
8867 8867 0
8867 9132 0
8867 15337 1
8867 13061 0
8867 13710 0
8867 19879 0
8867 16308 0
8881 8881 0
8881 10309 0
8881 16508 0
8881 14072 0
8881 18852 0
8881 13710 0
8881 19879 0
8881 16085 1
8881 16160 0
9001 9001 0
9132 15996 0
9523 16647 0
9523 10107 0
10107 14072 0
10107 13061 0
10107 10107 0
10107 13710 0
10107 16308 0
10184 10184 0
10184 17058 0
10286 15000 0
10286 17443 0
10286 15996 0
10286 12069 0
10962 19879 0
10995 15996 0
10995 12069 0
10995 10995 0
10995 15680 0
10995 11226 1
11226 15996 1
11729 16160 0
11729 19879 0
12069 15996 0
12069 16554 0
12069 17073 0
12069 12069 0
12069 15680 0
12069 15000 0
12234 12234 0
12865 15612 0
13059 20361 0
13061 16647 0
13061 13061 0
13061 13710 0
13061 19879 0
13061 16308 0
13061 14072 0
13200 15996 0
13200 17073 0
13200 16508 0
13200 16160 0
13200 13200 0
13710 15612 0
13710 19879 0
13939 13939 0
14072 16308 0
14072 18852 0
14072 15851 0
15000 15000 0
15000 17073 0
15000 16554 0
15324 19879 0
15324 15324 0
15612 15612 0
15612 17394 0
15650 15650 0
15836 15836 0
15851 16464 1
15851 15851 0
15996 16464 1
15996 17073 0
15996 15996 0
15996 16308 0
16160 16464 1
16160 19879 0
16160 16308 0
16308 16554 0
16308 19879 0
16308 16308 0
16335 19599 1
16335 16335 0
16464 16464 2
16554 16554 0
16554 19879 0
16647 20629 0
16647 16647 0
17058 17058 0
17073 17073 0
17073 18261 0
17394 19879 0
17752 17752 0
18261 19879 0
18759 18759 0
19879 19879 0
20227 20227 0
20629 20629 0
20797 20797 0
21322 21322 0
