2817 2817 2
2817 5527 1
2817 5432 1
2817 4859 1
2817 3870 1
2946 3963 2
2946 1373 1
2946 287 1
1158 518 1
1158 1197 1
1158 1158 0
1158 1687 0
1158 1221 0
1158 3870 0
1158 2361 0
1158 892 0
1158 4524 0
4859 2361 0
4859 4550 0
4859 4524 0
4859 4859 0
4859 2898 1
4859 7165 0
4859 1197 1
4859 1221 0
4859 1223 0
4859 892 0
4859 5432 0
4859 1373 0
4859 5523 0
4859 5527 0
4859 1687 0
4859 1741 0
4859 3870 0
4859 5981 0
2697 2697 0
2697 1197 1
2697 1221 0
2697 1223 0
2697 735 1
2697 4550 0
2697 892 0
2697 7165 0
5527 5523 0
5527 1687 0
5527 1591 0
5527 5527 0
5527 892 0
5527 2814 1
5523 4704 0
5523 1653 0
5523 1687 0
5523 3225 0
5523 1197 1
5523 1741 0
5523 892 0
5523 2814 1
5523 5432 0
5523 2361 0
5523 5523 0
5523 4550 0
6166 6166 0
6166 3225 0
6166 1197 1
6166 287 0
6166 5981 0
6166 2814 1
1687 2361 0
1687 4550 0
1687 2814 1
1687 892 0
1687 3044 0
1687 7165 0
1687 5981 0
1687 1197 1
1687 5432 0
1687 1591 0
1687 1687 0
1687 1741 0
1687 3870 0
1687 6048 0
3225 4704 0
3225 3225 0
3225 1197 1
3225 1741 0
3225 2814 1
3225 2361 0
3225 5981 0
3225 4524 0
3225 4550 0
5405 4550 0
5405 1197 1
5405 296 1
3870 4524 0
3870 1197 1
287 287 0
287 518 1
287 1221 0
287 4006 1
287 6048 0
6048 1197 1
6048 1653 0
6048 1741 0
6048 735 1
6048 6048 0
518 3044 1
518 518 2
518 1741 1
518 1653 1
296 1221 1
296 1223 1
296 296 2
296 988 1
4524 1741 0
4524 2361 0
4524 4524 0
4524 2814 1
4524 892 0
4524 7165 0
4524 3963 1
1197 1591 1
1197 4704 1
1197 1653 1
1197 1197 2
1197 1221 1
1197 1223 1
1197 1741 1
1197 5432 1
1197 2361 1
1197 892 1
1197 4550 1
1197 3044 1
1197 7165 1
1373 2361 0
1373 1373 0
1373 3963 1
1591 735 1
1591 988 0
1591 5981 0
1591 1591 0
1591 1653 0
5432 4550 0
5432 735 1
5432 892 0
5432 7165 0
5432 1221 0
5432 1223 0
5432 5432 0
5432 1741 0
5432 5981 0
9273 1653 1
9273 9273 2
1221 4550 0
1221 1221 0
1221 1223 0
1221 1653 0
1221 1741 0
1221 5981 0
4550 4550 0
4550 2814 1
4550 892 0
4550 1741 0
4550 2361 0
1223 1741 0
1223 5981 0
1741 892 0
1741 988 0
1741 3044 0
1741 1741 0
2898 2898 2
2898 2361 1
2898 892 1
2361 1653 0
2361 2361 0
2361 892 0
988 2814 1
988 5981 0
988 988 0
5981 735 1
5981 2814 1
5981 3044 0
5981 5981 0
5981 7165 0
735 735 2
4704 1653 0
4704 2814 1
4704 4704 0
3044 3044 0
1653 892 0
1653 1653 0
1653 7165 0
892 892 0
7165 2814 1
7165 7165 0
