6147 6147 0
6147 10412 0
6147 8377 0
6147 4342 0
6147 303 0
6147 4409 0
6147 11018 0
6147 4744 0
6147 4795 0
6147 15060 0
6147 729 1
6147 6915 0
6147 13061 0
6147 18852 0
6147 2997 0
6147 509 0
6147 17422 0
6147 5212 0
6147 5247 0
6147 1170 0
6147 1259 0
6147 3352 0
6147 3355 0
6147 5521 0
6147 6065 0
6147 7730 0
6147 7077 0
6147 1620 0
6147 1653 0
6147 3729 0
6147 1718 0
6147 1779 1
6147 5994 0
6147 3978 0
6147 3986 0
16388 16389 0
16388 2937 0
16388 8409 0
16388 6378 0
16388 6581 1
16388 6741 0
16388 8886 0
16388 13061 0
16388 821 0
16388 6977 0
16388 2936 0
16388 7077 0
16388 9165 0
16388 861 0
16388 5212 0
16388 5365 0
16388 5367 0
16388 5398 0
16388 5399 0
16388 5400 0
16388 5402 0
16388 1591 0
16388 1653 0
16388 3729 0
16388 8477 0
16388 1779 1
16388 5974 0
16388 3978 0
16388 3986 0
16388 8185 0
16389 16389 0
16389 2937 0
16389 8409 0
16389 8421 0
16389 5400 0
16389 6581 1
16389 6741 0
16389 669 0
16389 8886 0
16389 13061 0
16389 6977 0
16389 2904 0
16389 2936 0
16389 7077 0
16389 9165 0
16389 5212 0
16389 861 0
16389 5398 0
16389 5399 0
16389 3352 0
16389 5402 0
16389 1591 0
16389 1653 0
16389 3729 0
16389 1687 0
16389 8477 0
16389 1779 1
16389 5974 0
16389 3978 0
16389 3986 0
6666 6666 0
6666 10412 0
6666 17422 0
6666 6160 0
6666 7730 0
6666 7077 0
6666 1620 0
6666 8821 0
6666 1160 0
6666 4550 0
6666 1197 0
6666 1481 1
6666 3768 0
6666 5578 0
6666 1779 1
6666 5365 0
6666 15060 0
6666 4867 0
6666 8409 0
6666 2338 0
6666 12234 0
6666 6977 0
6666 10617 0
6666 1687 0
6666 19852 0
6666 11018 0
6666 2997 0
6666 4534 0
6666 2500 0
6666 2501 0
6666 8185 0
2059 2059 0
2059 5469 0
2059 4185 0
2059 6166 0
2059 16530 0
2059 3101 0
2059 4300 0
2059 4339 0
2059 4342 0
2059 16663 0
2059 287 0
2059 2342 0
2059 18764 0
2059 8575 0
2059 8623 0
2059 509 0
2059 4681 0
2059 4704 1
2059 4711 0
2059 2668 0
2059 4744 0
2059 4795 0
2059 719 0
2059 729 1
2059 730 0
2059 6907 0
2059 771 0
2059 13061 0
2059 827 0
2059 2989 0
2059 5056 1
2059 17360 0
2059 3036 0
2059 2904 0
2059 3123 0
2059 5247 0
2059 1170 0
2059 3225 0
2059 5280 0
2059 1197 0
2059 1204 0
2059 1210 0
2059 4301 0
2059 13543 0
2059 1259 0
2059 5419 0
2059 3469 0
2059 5521 0
2059 5523 0
2059 11691 0
2059 5578 0
2059 7662 0
2059 5835 0
2059 3801 0
2059 5885 0
2059 1816 0
2059 1840 0
2059 5967 0
2059 1931 0
2059 6062 0
2059 12234 0
17422 16129 0
17422 10412 0
17422 7730 0
17422 4409 0
17422 1481 1
17422 1482 0
17422 15060 0
17422 4704 1
17422 11018 0
17422 1259 0
17422 3986 0
4781 3352 1
4781 3355 1
4781 6065 1
4781 821 1
4781 53 1
4781 2997 1
4781 842 1
4781 6741 1
4781 4342 1
4624 4624 0
4624 1591 0
4624 8287 0
4624 3148 1
4624 2131 1
4624 7165 0
4624 15060 0
4624 6378 0
4624 4371 0
4624 5402 0
4624 53 0
4624 5981 0
4624 865 0
4624 3729 0
4624 3986 0
4624 6065 0
4624 6068 0
4624 2997 0
4624 2501 0
4624 8654 0
4624 5885 0
4624 6741 0
7697 3968 1
7697 6160 0
7697 15780 1
7697 1718 0
7697 1719 0
7697 8202 0
7697 4800 0
7697 3526 0
7697 1620 0
7697 2668 0
7697 3441 0
12818 1687 0
12818 1202 1
12818 2500 0
12818 2501 0
12818 723 1
12818 8918 0
12818 8287 0
771 771 0
771 8070 1
771 5525 0
771 5526 0
771 3225 0
771 2338 0
771 1576 0
771 18764 0
771 1210 0
771 6166 0
771 729 1
771 3037 1
771 4711 0
771 5247 0
6166 8070 1
6166 1170 0
6166 6062 0
6166 6166 0
6166 1816 0
6166 3225 0
6166 2338 0
6166 1576 0
6166 5419 0
6166 1197 0
6166 1719 0
6166 1210 0
6166 287 0
6166 5247 0
6166 18764 0
6166 4300 0
6166 1620 0
6166 729 1
6166 730 0
6166 5981 0
6166 4711 0
6166 4339 0
8623 13061 0
8623 1576 0
8623 53 0
8623 3225 0
8623 8287 0
8623 1160 0
8623 1170 0
8623 1171 0
8623 1197 0
8623 1210 0
8623 5835 0
8623 4300 0
8623 729 1
8623 4339 0
8623 3801 0
8623 8477 0
8623 12577 0
8623 2338 0
8623 16530 0
8623 821 0
8623 827 0
8623 5469 0
8623 3986 0
8623 5523 0
8623 2967 0
8623 2989 0
8623 6062 0
8623 8623 0
8623 1779 1
8623 4550 0
8623 9165 0
8623 3037 1
3101 1931 0
3101 5521 0
3101 1170 0
3101 3801 0
3101 3101 0
3101 2338 0
3101 1576 0
3101 8747 0
3101 1204 0
3101 719 0
3101 6741 0
3101 729 1
3101 5469 0
3101 4704 1
3101 1259 0
3101 4339 0
3101 4185 0
3101 7165 0
3101 5247 0
1576 6915 0
1576 1576 0
1576 3123 0
1576 67 0
1576 4681 0
1576 1620 0
1576 4185 0
1576 4704 1
1576 4711 0
1576 5247 0
1576 792 0
1576 3225 0
1576 1711 0
1576 1204 0
1576 5835 0
1576 4300 0
1576 2338 0
1576 729 1
1576 719 0
1576 6364 0
1576 1259 0
1576 5885 0
1576 1816 0
1576 3354 0
1576 5419 0
1576 5967 0
1576 2901 0
1576 5469 0
1576 3986 0
1576 5526 0
1576 2967 0
1576 2895 0
1576 6062 0
1576 4534 0
1576 3035 0
1576 3036 0
1576 3037 1
1576 509 0
7209 6915 0
7209 2831 0
7209 2967 0
7209 1816 0
7209 3225 0
7209 287 0
7209 3035 0
7209 4681 0
7209 3243 0
7209 2989 0
7209 1711 0
7209 4704 1
7209 1206 0
7209 1620 0
7209 2901 0
7209 3036 0
7209 3037 1
7209 6364 0
7209 1653 0
7209 5885 0
8746 8746 0
8746 4704 1
8746 8270 0
8746 1653 0
8746 16530 0
8746 1718 0
8746 729 1
8746 2338 0
8746 3986 0
8746 4550 0
8747 4867 0
8747 729 1
8747 3986 0
8747 5469 0
8747 2967 0
8747 2338 0
8747 2342 0
8747 5419 0
8747 16663 0
8747 4550 0
8747 8270 0
8747 1620 0
8747 3801 0
8747 4704 1
8747 1170 0
5981 53 0
5981 8287 0
5981 16530 0
5981 168 0
5981 301 0
5981 8654 0
5981 509 0
5981 669 0
5981 729 1
5981 730 0
5981 821 0
5981 827 0
5981 842 0
5981 1170 0
5981 1206 0
5981 1591 0
5981 1620 0
5981 1687 0
5981 8477 0
5981 1718 0
5981 1720 0
5981 2338 0
5981 18764 0
5981 18852 0
5981 2500 0
5981 2831 0
5981 2901 0
5981 2989 0
5981 2997 0
5981 3043 0
5981 3225 0
5981 3352 0
5981 3354 0
5981 3475 0
5981 3729 0
5981 3934 0
5981 3978 0
5981 3986 0
5981 4300 0
5981 4339 0
5981 4371 0
5981 4409 0
5981 4664 0
5981 21148 0
5981 13061 0
5981 13284 0
5981 5212 0
5981 5469 0
5981 5621 0
5981 5835 0
5981 5879 1
5981 5885 0
5981 5981 0
5981 6065 0
5981 6068 0
5981 6160 0
5981 6364 0
5981 6378 0
5981 6741 0
5981 6907 0
5981 7077 0
5981 7165 0
5981 8185 0
7730 4704 1
7730 10412 0
7730 15060 0
7730 16129 0
7730 11018 0
7730 4409 0
7730 3986 0
7730 5523 0
7730 1481 1
7730 1482 0
3123 8070 1
3123 2904 0
3123 1170 0
3123 1171 0
3123 5525 0
3123 5469 0
3123 3225 0
3123 2338 0
3123 1711 0
3123 5521 0
3123 1204 0
3123 821 0
3123 4534 0
3123 5526 0
3123 4300 0
3123 4299 0
3123 4301 0
3123 4183 0
3123 729 1
3123 730 0
3123 3036 0
3123 3037 1
3123 4704 1
3123 2961 0
3123 3123 0
3123 4339 0
3123 6907 0
3123 509 0
3123 8575 0
53 53 0
53 168 0
53 4301 0
53 4342 0
53 287 0
53 2338 0
53 301 0
53 4409 0
53 2500 0
53 2501 0
53 8654 0
53 6655 0
53 6741 0
53 719 0
53 729 1
53 821 0
53 2997 0
53 861 0
53 5247 0
53 1170 0
53 195 0
53 3225 0
53 5365 0
53 5367 0
53 3354 0
53 5469 0
53 7662 0
53 1591 0
53 13284 0
53 1653 0
53 3729 0
53 1687 0
53 1718 0
53 3978 0
53 6065 0
53 6068 0
53 5793 0
1591 8886 0
1591 6225 0
1591 4301 0
1591 8409 0
1591 4339 0
1591 2338 0
1591 4409 0
1591 4534 0
1591 6741 0
1591 4795 0
1591 729 1
1591 13061 0
1591 821 0
1591 842 0
1591 861 0
1591 2936 0
1591 18852 0
1591 5056 1
1591 9165 0
1591 3148 1
1591 1170 0
1591 1197 0
1591 2937 0
1591 5398 0
1591 3355 0
1591 1591 0
1591 2997 0
1591 1620 0
1591 1653 0
1591 1687 0
1591 8477 0
1591 5974 0
1591 8034 0
1591 3968 1
1591 3978 0
1591 3986 0
1591 6065 0
4664 4664 0
4664 4681 0
4664 4183 0
4664 4185 0
4664 8287 0
4664 1653 0
4664 5994 0
4664 4744 0
4664 1171 0
4664 3225 0
4664 669 0
4664 168 0
4664 4295 0
4664 8377 0
4664 4299 0
4664 4300 0
4664 719 0
4664 729 1
4664 4301 0
4664 6378 0
4664 1259 0
4664 1816 0
4664 301 0
4664 1359 0
4664 2462 1
4664 13284 0
5178 5469 0
5178 3866 1
5178 1202 1
5178 4534 0
5178 5178 0
5178 8477 0
5178 1653 0
8202 8202 0
8202 3148 1
8202 168 0
8202 729 1
8202 730 0
8202 8477 0
8202 861 0
8202 4550 0
2997 6160 0
2997 16530 0
2997 8377 0
2997 4301 0
2997 8421 0
2997 2338 0
2997 4477 0
2997 8654 0
2997 6655 0
2997 4681 0
2997 6977 0
2997 4744 0
2997 2704 0
2997 729 1
2997 821 0
2997 827 0
2997 2936 0
2997 2937 0
2997 5398 0
2997 5399 0
2997 5400 0
2997 5402 0
2997 3526 0
2997 2997 0
2997 8477 0
2997 1840 0
2997 3978 0
2997 6065 0
2997 6068 0
2997 8185 0
4704 6915 1
4704 1206 1
4704 4681 1
4704 8270 1
4704 1620 1
4704 4183 1
4704 5720 1
4704 4185 1
4704 1632 1
4704 1653 1
4704 5835 1
4704 4744 1
4704 1816 1
4704 1170 1
4704 1171 1
4704 3225 1
4704 5280 1
4704 3243 1
4704 10412 1
4704 1197 1
4704 1711 1
4704 1204 1
4704 1718 1
4704 1719 1
4704 1720 1
4704 1210 1
4704 195 1
4704 4299 1
4704 4300 1
4704 4301 1
4704 719 1
4704 15060 1
4704 729 2
4704 730 1
4704 6364 1
4704 1259 1
4704 4339 1
4704 5367 1
4704 5247 1
4704 16129 1
4704 4867 1
4704 11018 1
4704 2831 1
4704 792 1
4704 8477 1
4704 2338 1
4704 2342 1
4704 5419 1
4704 1840 1
4704 2901 1
4704 13656 1
4704 5469 1
4704 5521 1
4704 3475 1
4704 19850 1
4704 1931 1
4704 2961 1
4704 3986 1
4704 5525 1
4704 5526 1
4704 2967 1
4704 2895 1
4704 2989 1
4704 6065 1
4704 4534 1
4704 11726 1
4704 464 1
4704 4704 2
4704 3035 1
4704 3036 1
4704 6907 1
4704 5523 1
4704 7662 1
4704 509 1
4704 6655 1
67 861 0
67 4681 0
67 5247 0
67 729 1
67 1779 1
67 4342 0
67 2338 0
67 821 0
67 1359 0
67 13656 0
67 5469 0
67 891 0
67 3986 0
67 67 0
67 6068 0
8886 8409 0
8886 8477 0
8886 287 0
8886 6581 1
8886 842 0
8886 2936 0
8886 9165 0
8886 5212 0
8886 5398 0
8886 5399 0
8886 5400 0
8886 5402 0
8886 3354 0
8886 1779 1
8886 5974 0
8886 3978 0
8886 3986 0
16454 842 0
16454 723 1
16454 5994 0
16454 18164 1
4681 4681 0
4681 6225 0
4681 1620 0
4681 4185 0
4681 8287 0
4681 1632 0
4681 5247 0
4681 4744 0
4681 1170 0
4681 1171 0
4681 6364 0
4681 3225 0
4681 1479 0
4681 1718 0
4681 1719 0
4681 1210 0
4681 1653 0
4681 5835 0
4681 4300 0
4681 729 1
4681 4339 0
4681 4867 0
4681 2831 0
4681 3801 0
4681 1816 0
4681 287 0
4681 2338 0
4681 5469 0
4681 3475 0
4681 1931 0
4681 5521 0
4681 3986 0
4681 2967 0
4681 2462 1
4681 2989 0
4681 3036 0
4681 5523 0
4681 7662 0
3148 4371 1
3148 669 1
3148 1950 1
3148 287 1
3148 17360 1
3148 4764 1
3148 4295 1
3148 303 1
3148 12726 1
3148 4795 1
3148 8253 1
3148 4800 1
3148 4299 1
3148 6469 1
3148 4550 1
3148 4808 1
3148 3148 2
3148 4301 1
3148 16663 1
3148 8918 1
3148 13284 1
3148 7165 1
3148 496 1
3148 3441 1
3148 1653 1
3148 5885 1
8270 8270 0
8270 2668 0
8270 4795 0
8270 729 1
8270 730 0
8270 2338 0
8270 5469 0
8270 3441 0
8270 18293 0
8270 4477 0
8270 3469 0
8270 1653 0
6225 6160 0
6225 6225 0
6225 4183 0
6225 2937 0
6225 287 0
6225 2462 1
6225 6581 1
6225 2936 0
6225 9165 0
6225 5212 0
6225 1197 0
6225 1653 0
6225 1718 0
6225 5879 1
6225 5974 0
6225 3978 0
6225 1931 0
6225 3986 0
2131 1160 1
2131 3978 1
2131 4371 1
2131 1687 1
2131 3355 1
2131 7077 1
2131 168 1
2131 1711 1
2131 1840 1
2131 6131 1
2131 827 1
2131 5621 1
2131 2500 1
2131 5445 1
2131 4550 1
2131 4812 1
2131 6741 1
2131 8918 1
2131 4443 1
2131 8034 1
2131 3043 1
2131 10724 1
2131 3441 1
2131 5523 1
2131 1653 1
2131 18293 1
2131 891 1
1620 6160 0
1620 4183 0
1620 4185 0
1620 16530 0
1620 168 0
1620 4300 0
1620 4301 0
1620 4342 0
1620 4371 0
1620 287 0
1620 2338 0
1620 2342 0
1620 18764 0
1620 5523 0
1620 4477 0
1620 4534 0
1620 4550 0
1620 6655 0
1620 4711 0
1620 4744 0
1620 2704 0
1620 669 0
1620 4795 0
1620 4808 0
1620 719 0
1620 729 1
1620 730 0
1620 6907 0
1620 4867 0
1620 2831 0
1620 6915 0
1620 827 0
1620 18852 0
1620 2989 0
1620 3035 0
1620 3036 0
1620 8287 0
1620 8377 0
1620 5247 0
1620 1170 0
1620 1171 0
1620 1197 0
1620 1210 0
1620 1259 0
1620 5398 0
1620 5399 0
1620 5402 0
1620 5419 0
1620 5469 0
1620 5521 0
1620 3475 0
1620 5525 0
1620 5526 0
1620 4339 0
1620 7662 0
1620 1620 0
1620 1632 0
1620 21148 0
1620 1718 0
1620 1719 0
1620 1720 0
1620 12577 0
1620 5835 0
1620 3801 0
1620 301 0
1620 1816 0
1620 13284 0
1620 8070 1
1620 3986 0
1620 6062 0
6741 8377 0
6741 8421 0
6741 4371 0
6741 4477 0
6741 8654 0
6741 6741 0
6741 8477 0
6741 6977 0
6741 2704 0
6741 669 0
6741 2936 0
6741 18852 0
6741 9165 0
6741 7165 0
6741 5974 0
6741 861 0
6741 5212 0
6741 2937 0
6741 1259 0
6741 5398 0
6741 5399 0
6741 5400 0
6741 3354 0
6741 19852 0
6741 1482 0
6741 1653 0
6741 3729 0
6741 1779 1
6741 5885 0
6741 8034 0
6741 3978 0
6741 3986 0
6741 6068 0
6741 8185 0
4183 5521 0
4183 1170 0
4183 1171 0
4183 5525 0
4183 5526 0
4183 729 1
4183 2338 0
4183 5523 0
4183 4300 0
4183 719 0
4183 4183 0
4183 4185 0
4183 3035 0
4183 5469 0
4183 3986 0
4183 4339 0
4183 5247 0
5720 5525 0
5720 5526 0
5720 287 0
5720 2338 0
5720 4300 0
5720 5720 0
5720 729 1
5720 4711 0
5720 6907 0
5720 5247 0
4185 4185 0
4185 4711 0
4185 5247 0
4185 1170 0
4185 4795 0
4185 4295 0
4185 4300 0
4185 4301 0
4185 719 0
4185 3801 0
4185 4339 0
4185 6907 0
4185 729 1
4185 2338 0
4185 303 0
4185 5967 0
4185 5469 0
4185 18293 0
4185 8575 0
4185 5521 0
4185 3986 0
4185 5523 0
4185 5525 0
4185 5526 0
4185 6062 0
4185 3035 0
4185 3036 0
5212 5212 0
5212 1653 0
5212 5399 0
5212 1779 1
5212 5398 0
5212 5400 0
5212 5402 0
5212 8477 0
5212 287 0
5212 6977 0
5212 5974 0
5212 13656 0
5212 8421 0
5212 865 0
5212 5994 0
5212 2936 0
5212 3986 0
5212 6581 1
5212 9165 0
19038 5578 0
19038 8821 0
19038 6977 0
19038 1479 0
19038 1481 1
19038 1482 0
19038 19038 0
19038 5994 0
19038 1779 1
19038 1653 0
19038 10617 0
8287 6068 0
8287 8287 0
8287 3729 0
8287 168 0
8287 1718 0
8287 4795 0
8287 723 1
8287 5885 0
8287 8409 0
8287 3352 0
8287 3354 0
8287 3355 0
8287 287 0
8287 301 0
8287 303 0
8287 5469 0
8287 2704 0
8287 3475 0
8287 464 0
8287 3037 1
8287 5621 0
8287 509 0
1632 287 0
1632 2338 0
1632 4300 0
1632 4301 0
1632 729 1
1632 1632 0
1632 13543 0
1632 1259 0
1632 3986 0
1632 1653 0
1632 5247 0
6160 6160 0
6160 8377 0
6160 4301 0
6160 8409 0
6160 287 0
6160 2338 0
6160 303 0
6160 509 0
6160 6655 0
6160 2704 0
6160 4795 0
6160 729 1
6160 6915 0
6160 2831 0
6160 2967 0
6160 2989 0
6160 13284 0
6160 7165 0
6160 5469 0
6160 3526 0
6160 1653 0
6160 3729 0
6160 3866 1
6160 3986 0
6160 6065 0
6160 6068 0
4711 3986 0
4711 2967 0
4711 3225 0
4711 5280 0
4711 2338 0
4711 6364 0
4711 3243 0
4711 2989 0
4711 1711 0
4711 4744 0
4711 1718 0
4711 1210 0
4711 12234 0
4711 4711 0
4711 5967 0
4711 729 1
4711 3035 0
4711 3036 0
4711 3037 1
4711 4534 0
4711 1259 0
4711 3475 0
2668 2668 0
2668 4777 0
2668 4795 0
2668 4800 0
2668 4295 0
2668 4808 0
2668 4299 0
2668 4300 0
2668 719 0
2668 729 1
2668 13543 0
2668 3866 1
2668 2338 0
2668 2342 0
2668 5419 0
2668 303 0
2668 6469 0
2668 5469 0
2668 2967 0
2668 1950 0
2668 4764 0
2668 6062 0
2668 15279 0
2668 12726 0
2668 3526 0
2668 496 0
2668 7165 0
8821 10617 0
8821 8821 0
8821 1482 0
8821 5835 0
8821 3801 0
8821 1779 1
8821 4371 0
8821 2338 0
8821 12234 0
8821 6977 0
8821 2500 0
8821 13656 0
8821 19852 0
8821 2501 0
8821 1479 0
8821 1481 1
8821 5578 0
8821 6655 0
5247 4867 0
5247 6915 0
5247 3036 0
5247 1718 0
5247 2704 0
5247 1170 0
5247 3225 0
5247 4550 0
5247 1197 0
5247 1711 0
5247 1204 0
5247 1206 0
5247 1719 0
5247 1720 0
5247 8377 0
5247 1210 0
5247 4300 0
5247 4301 0
5247 729 1
5247 730 0
5247 195 0
5247 4339 0
5247 2831 0
5247 8409 0
5247 1816 0
5247 287 0
5247 2338 0
5247 2342 0
5247 5419 0
5247 1840 0
5247 821 0
5247 2901 0
5247 5469 0
5247 3986 0
5247 1171 0
5247 8575 0
5247 1931 0
5247 2961 0
5247 3475 0
5247 5525 0
5247 5526 0
5247 2967 0
5247 2895 0
5247 2989 0
5247 4534 0
5247 464 0
5247 509 0
5835 1653 0
5835 669 0
5835 4295 0
5835 5835 0
5835 4300 0
5835 2338 0
5835 719 0
5835 729 1
5835 5885 0
5835 8477 0
5835 5419 0
5835 5469 0
5835 5521 0
5835 5994 0
5835 4550 0
5835 3035 0
5835 3036 0
1160 5469 0
1160 70 0
1160 168 0
1160 4371 0
1160 301 0
1160 4534 0
1160 2500 0
1160 2501 0
1160 4550 0
1160 4812 0
1160 723 1
1160 891 0
1160 7077 0
1160 3043 0
1160 861 0
1160 1160 0
1160 1210 0
1160 1259 0
1160 5365 0
1160 5367 0
1160 3352 0
1160 3354 0
1160 3355 0
1160 4409 0
1160 5445 0
1160 5521 0
1160 5523 0
1160 5525 0
1160 5526 0
1160 5578 0
1160 1653 0
1160 3729 0
1160 1687 0
1160 3768 0
1160 5994 0
1160 6131 0
1160 8185 0
5399 8409 0
5399 8421 0
5399 1779 1
5399 5398 0
5399 5399 0
5399 5400 0
5399 5402 0
5399 8477 0
5399 2338 0
5399 6977 0
5399 5974 0
5399 2904 0
5399 861 0
5399 2936 0
5399 3978 0
5399 6065 0
5399 6581 1
5399 9165 0
3866 13061 1
3866 19850 1
3866 287 1
3866 5280 1
3866 6068 1
3866 4409 1
3866 719 1
3866 5365 1
2704 1653 0
2704 1170 0
2704 4301 0
2704 729 1
2704 1259 0
2704 1779 1
2704 2338 0
2704 6065 0
1816 4744 0
1816 1170 0
1816 3225 0
1816 1718 0
1816 1719 0
1816 4300 0
1816 729 1
1816 730 0
1816 1816 0
1816 2338 0
1816 2904 0
1816 5469 0
1816 16530 0
1816 1931 0
1816 5523 0
1816 6062 0
1816 3035 0
1816 3036 0
1816 3037 1
1816 7662 0
1170 8377 0
1170 4295 0
1170 4300 0
1170 4301 0
1170 2338 0
1170 2342 0
1170 18852 0
1170 509 0
1170 4867 0
1170 4744 0
1170 729 1
1170 730 0
1170 6907 0
1170 6915 0
1170 2831 0
1170 2967 0
1170 2989 0
1170 5056 1
1170 1171 0
1170 3354 0
1170 5419 0
1170 5469 0
1170 3475 0
1170 5525 0
1170 5526 0
1170 7662 0
1170 5621 0
1170 1718 0
1170 1719 0
1170 1720 0
1170 3801 0
1170 1931 0
1170 3986 0
1170 6062 0
1171 1653 0
1171 4744 0
1171 1171 0
1171 1711 0
1171 1718 0
1171 1719 0
1171 1720 0
1171 4300 0
1171 4301 0
1171 729 1
1171 730 0
1171 6378 0
1171 6907 0
1171 2831 0
1171 2338 0
1171 2342 0
1171 5419 0
1171 5967 0
1171 2961 0
1171 3986 0
1171 5525 0
1171 5526 0
1171 2967 0
1171 7662 0
1171 509 0
1687 891 0
1687 168 0
1687 4300 0
1687 8421 0
1687 4371 0
1687 2338 0
1687 301 0
1687 4443 0
1687 4477 0
1687 4534 0
1687 2500 0
1687 4550 0
1687 4812 0
1687 723 1
1687 827 0
1687 861 0
1687 2936 0
1687 2937 0
1687 3043 0
1687 7165 0
1687 1197 0
1687 1259 0
1687 5365 0
1687 5367 0
1687 3352 0
1687 3354 0
1687 3355 0
1687 5469 0
1687 5521 0
1687 5523 0
1687 5525 0
1687 5526 0
1687 5578 0
1687 7077 0
1687 5621 0
1687 3729 0
1687 1687 0
1687 3768 0
1687 4409 0
1687 3934 0
1687 5994 0
1687 3978 0
3225 4744 0
3225 3225 0
3225 1197 0
3225 1204 0
3225 1206 0
3225 1210 0
3225 4795 0
3225 12234 0
3225 4295 0
3225 4300 0
3225 729 1
3225 730 0
3225 4339 0
3225 4342 0
3225 6907 0
3225 792 0
3225 3354 0
3225 5419 0
3225 842 0
3225 18764 0
3225 3934 0
3225 4477 0
3225 8070 1
3225 3978 0
3225 5521 0
3225 5523 0
3225 5525 0
3225 6062 0
3225 5280 0
3225 4550 0
3225 464 0
3225 3037 1
3225 4534 0
3225 7662 0
1178 15780 1
1178 5056 1
1178 8654 0
8859 18852 1
4764 3968 1
4764 2338 0
669 168 0
669 301 0
669 669 0
669 4795 0
669 729 1
669 2967 0
669 17360 0
669 3036 0
669 13284 0
669 1359 0
669 1653 0
669 16663 0
669 3729 0
669 3768 0
669 5885 0
669 3978 0
5280 2961 0
5280 5280 0
5793 5793 0
5793 723 1
5793 1259 0
5793 1779 1
5793 827 0
5793 2901 0
5793 2500 0
4550 195 0
4550 4812 0
4550 4371 0
4550 2338 0
4550 301 0
4550 4409 0
4550 4443 0
4550 4477 0
4550 4550 0
4550 496 0
4550 4744 0
4550 4795 0
4550 719 0
4550 4867 0
4550 861 0
4550 891 0
4550 2989 0
4550 3036 0
4550 3043 0
4550 1197 0
4550 3352 0
4550 3354 0
4550 3355 0
4550 5419 0
4550 3441 0
4550 2967 0
4550 5523 0
4550 5525 0
4550 5526 0
4550 3729 0
4550 1711 0
4550 3934 0
4550 3978 0
4550 3986 0
4550 6062 0
4550 6068 0
168 168 0
168 4295 0
168 4812 0
168 4300 0
168 4339 0
168 287 0
168 301 0
168 4477 0
168 8575 0
168 4534 0
168 10724 0
168 1479 0
168 4795 0
168 4867 0
168 821 0
168 861 0
168 2937 0
168 7077 0
168 2989 0
168 842 0
168 1197 0
168 1210 0
168 1259 0
168 5367 0
168 3354 0
168 3355 0
168 5469 0
168 5521 0
168 5621 0
168 1719 0
168 1779 1
168 5879 1
168 5885 0
168 3934 0
168 3978 0
168 6068 0
4777 3968 1
4777 4777 0
4777 303 0
4777 4744 0
4777 15780 1
3243 5523 0
3243 2338 0
3243 3243 0
3243 3036 0
3243 3037 1
10412 1482 0
10412 15060 0
10412 1259 0
10412 16129 0
10412 11018 0
10412 4409 0
10412 3986 0
10412 1481 1
10412 5578 0
1197 13061 0
1197 1653 0
1197 4744 0
1197 1197 0
1197 4867 0
1197 7662 0
1197 4371 0
1197 729 1
1197 3354 0
1197 2338 0
1197 301 0
1197 5521 0
1197 2989 0
1197 2500 0
1197 7077 0
1197 3043 0
1197 5523 0
1197 7165 0
1197 496 0
1711 6915 0
1711 2961 0
1711 5525 0
1711 5526 0
1711 2338 0
1711 6062 0
1711 1711 0
1711 1204 0
1711 4300 0
1711 729 1
1711 3036 0
1711 5469 0
1711 4339 0
1711 8575 0
1711 7165 0
2904 1653 0
2904 8477 0
2904 4300 0
2904 729 1
2904 5398 0
2904 5402 0
2904 5974 0
2904 2936 0
2904 2937 0
2904 5400 0
2904 3978 0
2904 5523 0
2904 5525 0
2904 5526 0
2904 9165 0
2904 3035 0
2904 3037 1
1202 3469 1
1202 1202 2
1202 1204 1
1202 1206 1
1202 727 1
1202 2936 1
1202 2937 1
1202 10724 1
1202 8477 1
1204 5521 0
1204 5523 0
1204 1204 0
1204 4295 0
1204 3035 0
1204 3036 0
1204 5469 0
1204 6907 0
1718 4301 0
1718 1718 0
1718 1719 0
1718 1720 0
1718 4300 0
1718 719 0
1718 729 1
1718 1259 0
1718 4339 0
1718 6907 0
1718 2831 0
1718 2338 0
1718 5419 0
1718 827 0
1718 2901 0
1718 5469 0
1718 8575 0
1718 8070 1
1718 5521 0
1718 5523 0
1718 2989 0
1718 6062 0
1718 4534 0
1718 3035 0
1718 3036 0
1719 1719 0
1719 1720 0
1719 1210 0
1719 4295 0
1719 4300 0
1719 4301 0
1719 3801 0
1719 4339 0
1719 2338 0
1719 5419 0
1719 2901 0
1719 5469 0
1719 8070 1
1719 3475 0
1719 6062 0
1719 3036 0
1719 3037 1
3768 3768 0
3768 723 1
3768 8409 0
3768 1779 1
3768 5365 0
3768 3354 0
3768 3355 0
3768 827 0
3768 727 0
3768 861 0
3768 865 0
3768 3441 0
3768 5523 0
3768 4534 0
3768 2500 0
3768 5578 0
3768 3043 0
8377 195 0
8377 729 1
8377 1779 1
8377 861 0
8377 2338 0
8377 821 0
8377 3986 0
8377 6065 0
8377 6068 0
1210 1210 0
1210 1653 0
1210 719 0
1210 729 1
1210 4342 0
1210 2831 0
1210 2338 0
1210 4744 0
1210 5469 0
1210 2967 0
1210 6068 0
1210 3043 0
4795 6062 0
4795 5056 1
4795 3729 0
4795 4795 0
4795 4800 0
4795 4339 0
4795 301 0
4795 303 0
4795 5469 0
4795 4477 0
4795 3968 1
4795 2967 0
4795 6469 0
4795 15780 1
4795 6068 0
4795 4534 0
4795 8654 0
4795 3035 0
4795 3036 0
4795 496 0
1482 16129 0
1482 2501 0
1482 19852 0
1482 12234 0
1482 15060 0
1482 4409 0
1482 6977 0
1482 2500 0
1482 5445 0
1482 1479 0
1482 1481 1
1482 5578 0
1482 8185 0
1482 5994 0
1482 1779 1
1482 10617 0
1653 8421 0
1653 8477 0
1653 464 0
1653 723 1
1653 827 0
1653 842 0
1653 861 0
1653 865 0
1653 891 0
1653 1259 0
1653 1653 0
1653 1779 1
1653 2338 0
1653 18852 0
1653 2501 0
1653 2936 0
1653 2937 0
1653 19852 0
1653 3729 0
1653 3968 1
1653 3986 0
1653 727 0
1653 4409 0
1653 4443 0
1653 4534 0
1653 13061 0
1653 5367 0
1653 5400 0
1653 5402 0
1653 5523 0
1653 6065 0
1653 6068 0
1653 6915 0
1653 6977 0
1653 7165 0
1653 15800 0
1653 8034 0
1653 8070 1
4800 15780 1
4800 5056 1
4800 3526 0
195 4744 0
195 195 0
195 4300 0
195 4301 0
195 4339 0
195 5365 0
195 6907 0
195 2338 0
195 5469 0
195 5523 0
195 2989 0
195 3036 0
195 3037 1
195 7662 0
1950 15780 1
4295 3968 1
4295 6915 0
4295 3354 0
4295 2338 0
4295 805 0
4295 2989 0
4295 2500 0
4295 729 1
4295 3934 0
4295 4301 0
4295 5521 0
4295 3986 0
4295 4300 0
4808 3968 1
4808 3986 0
4808 5056 1
4808 842 0
4808 861 0
4812 4812 0
4812 723 1
4812 6378 0
4812 4371 0
4812 5445 0
4812 4443 0
4812 5469 0
4812 891 0
4812 5526 0
4812 7077 0
4812 1779 1
4812 4534 0
4812 2500 0
4812 2501 0
4812 5578 0
4299 3968 1
4299 2338 0
4299 4299 0
4299 2901 0
4299 3934 0
4299 509 0
4300 5469 0
4300 2831 0
4300 4744 0
4300 4300 0
4300 4301 0
4300 18764 0
4300 730 0
4300 4339 0
4300 4867 0
4300 16530 0
4300 729 1
4300 2338 0
4300 805 0
4300 2342 0
4300 5419 0
4300 303 0
4300 1840 0
4300 6915 0
4300 842 0
4300 5967 0
4300 2901 0
4300 3934 0
4300 1259 0
4300 2961 0
4300 3475 0
4300 2967 0
4300 3986 0
4300 15780 1
4300 7077 0
4300 2989 0
4300 6062 0
4300 5056 1
4300 464 0
4300 3035 0
4300 3036 0
4300 3037 1
4300 6907 0
4300 3801 0
4300 5523 0
4300 7662 0
4300 509 0
4301 1720 0
4301 729 1
4301 730 0
4301 6907 0
4301 6915 0
4301 2831 0
4301 287 0
4301 2338 0
4301 5419 0
4301 3986 0
4301 5523 0
4301 2989 0
4301 6065 0
4301 6068 0
4301 464 0
4301 509 0
719 5469 0
719 6068 0
719 16663 0
719 719 0
719 6364 0
719 1259 0
719 4339 0
719 5885 0
719 287 0
719 805 0
719 5419 0
719 301 0
719 1359 0
719 4477 0
719 3986 0
719 2967 0
719 2989 0
719 4342 0
719 13284 0
723 3729 1
723 5578 1
723 8421 1
723 723 2
723 5365 1
723 5367 1
723 5885 1
723 727 1
723 4371 1
723 3352 1
723 3354 1
723 301 1
723 827 1
723 5445 1
723 18764 1
723 3934 1
723 865 1
723 891 1
723 2500 1
723 2501 1
723 1479 1
723 7077 1
723 3043 1
723 496 1
723 5621 1
15060 16129 0
15060 4409 0
15060 1481 1
15060 3986 0
15060 11018 0
11726 729 1
8918 8918 0
8918 2937 0
727 3729 0
727 287 0
727 727 0
727 3043 0
8409 8409 0
8409 8477 0
8409 2338 0
8409 2500 0
8409 2501 0
8409 3035 0
8409 3036 0
8409 3037 1
8409 2936 0
8409 5365 0
8409 5367 0
8409 5398 0
8409 5400 0
8409 13656 0
8409 1481 1
8409 1779 1
8409 5967 0
8409 3978 0
8409 3986 0
8409 6065 0
8409 6068 0
730 4867 0
730 2338 0
730 16530 0
730 2989 0
730 6062 0
730 729 1
730 730 0
730 5469 0
730 3801 0
730 3986 0
730 5885 0
6364 5523 0
6364 5526 0
6364 6364 0
6364 6062 0
6364 5521 0
6364 3035 0
6364 3036 0
6364 3037 1
6364 3729 0
6364 6907 0
464 2338 0
464 729 1
464 5469 0
464 464 0
464 4339 0
464 6907 0
8421 13061 0
8421 21148 0
8421 1779 1
8421 6977 0
8421 5994 0
8421 2936 0
8421 3986 0
8421 6065 0
13543 3968 1
13543 4534 0
13543 5056 1
13543 5469 0
6378 6378 0
6378 1779 1
6378 4371 0
6378 5398 0
6378 3354 0
6378 301 0
6378 6977 0
6378 19852 0
6378 1359 0
6378 861 0
6378 3934 0
6378 4477 0
6378 3986 0
6378 1479 0
6378 1481 1
6378 12234 0
6378 5885 0
1259 287 0
1259 301 0
1259 4534 0
1259 2500 0
1259 729 1
1259 13061 0
1259 861 0
1259 865 0
1259 891 0
1259 7165 0
1259 3934 0
1259 8034 0
1259 5365 0
1259 5398 0
1259 3354 0
1259 3355 0
1259 5419 0
1259 5469 0
1259 3475 0
1259 5578 0
1259 4371 0
1259 1779 1
1259 1931 0
1259 3986 0
1259 12234 0
1779 5974 1
1779 7077 1
1779 19852 1
1779 5578 1
1779 1779 2
1779 11018 1
1779 4371 1
1779 5398 1
1779 5400 1
1779 5402 1
1779 9165 1
1779 301 1
1779 12577 1
1779 827 1
1779 6977 1
1779 1359 1
1779 4443 1
1779 861 1
1779 865 1
1779 8034 1
1779 18293 1
1779 2936 1
1779 2937 1
1779 10617 1
1779 3978 1
1779 18852 1
1779 6062 1
1779 5879 2
1779 6068 1
1779 15800 1
1779 2500 1
1779 2501 1
1779 1479 1
1779 1481 2
1779 3036 1
1779 13284 1
1779 6131 1
1779 8185 1
1779 7165 1
18164 5994 1
18164 18164 2
18164 4477 1
18164 287 1
5365 3729 0
5365 3354 0
5365 891 0
5365 5365 0
5365 5367 0
5365 4371 0
5365 3355 0
5365 4409 0
5365 6977 0
5365 301 0
5365 3934 0
5365 5521 0
5365 3986 0
5365 5523 0
5365 5525 0
5365 2500 0
5365 2501 0
5365 7077 0
5365 8185 0
4342 4339 0
4342 5469 0
4342 2338 0
4342 4534 0
4342 3037 1
5879 6977 1
5879 2338 1
5879 5523 1
5879 301 1
5879 3801 1
5879 891 1
5879 287 1
1720 5526 0
1720 5525 0
1720 3801 0
1720 2338 0
1720 1720 0
1720 729 1
1720 8185 0
6907 6915 0
6907 2831 0
6907 2967 0
6907 2338 0
6907 3035 0
6907 2989 0
6907 6062 0
6907 6907 0
6907 5967 0
6907 3801 0
6907 3036 0
6907 3037 1
6907 8034 0
6907 3475 0
5885 287 0
5885 18764 0
5885 4744 0
5885 729 1
5885 805 0
5885 821 0
5885 842 0
5885 3036 0
5885 13656 0
5885 5469 0
5885 3469 0
5885 5523 0
5885 5885 0
5885 5994 0
5885 3978 0
5885 3986 0
5885 6068 0
5885 8185 0
16129 11018 0
16129 5521 0
16129 287 0
16129 821 0
16129 1481 1
16129 3986 0
4867 4867 0
4867 3986 0
4867 5523 0
4867 2338 0
4867 8477 0
4867 729 1
4867 5469 0
4867 4339 0
13061 8477 0
13061 4409 0
13061 4534 0
13061 2501 0
13061 8654 0
13061 827 0
13061 2936 0
13061 2937 0
13061 13284 0
13061 13061 0
13061 5469 0
13061 19852 0
13061 5521 0
13061 3526 0
13061 3978 0
13061 6068 0
13061 15780 1
13061 8185 0
4339 6915 0
4339 6062 0
4339 5469 0
4339 4371 0
4339 2338 0
4339 729 1
4339 11018 0
4339 3801 0
4339 3986 0
4339 8477 0
4339 8070 1
4339 1931 0
4339 2961 0
4339 3475 0
4339 2967 0
4339 4534 0
4339 5419 0
4339 5056 1
4339 18764 0
4339 3035 0
4339 3036 0
4339 509 0
11018 70 0
2831 2989 0
2831 4744 0
2831 729 1
2831 6915 0
2831 2831 0
2831 287 0
2831 3986 0
2831 5523 0
2831 5469 0
2831 2967 0
2831 3035 0
2831 3036 0
4371 3729 0
4371 4371 0
4371 3354 0
4371 827 0
4371 5445 0
4371 19852 0
4371 3043 0
4371 861 0
4371 865 0
4371 8034 0
4371 5994 0
4371 5521 0
4371 3986 0
4371 5523 0
4371 2500 0
4371 2501 0
4371 3035 0
4371 7077 0
4371 496 0
5398 6581 1
5398 8185 0
5398 5400 0
5398 5402 0
5398 8477 0
5398 821 0
5398 6977 0
5398 5974 0
5398 2936 0
5398 3978 0
5398 6065 0
5398 9165 0
16663 1359 0
16663 15780 1
16663 13284 0
792 729 1
792 5469 0
3354 287 0
3354 2338 0
3354 301 0
3354 2500 0
3354 21148 0
3354 729 1
3354 861 0
3354 891 0
3354 2989 0
3354 9165 0
3354 3043 0
3354 7165 0
3354 5367 0
3354 3352 0
3354 3354 0
3354 3355 0
3354 3469 0
3354 15780 1
3354 15800 0
3354 5578 0
3354 3729 0
3354 3934 0
3354 8034 0
3354 3978 0
3355 21148 0
3355 5367 0
3355 3968 1
3355 3352 0
3355 3355 0
3355 301 0
3355 5994 0
3355 891 0
3355 15780 1
3355 12726 0
3355 2500 0
3355 12234 0
3355 3043 0
3355 7165 0
8477 2937 0
8477 287 0
8477 2338 0
8477 821 0
8477 6977 0
8477 2936 0
8477 9165 0
8477 861 0
8477 5400 0
8477 5402 0
8477 2967 0
8477 5974 0
8477 3978 0
8477 3986 0
8477 6065 0
287 8253 0
287 287 0
287 8654 0
287 13656 0
287 827 0
287 2338 0
287 2989 0
287 3043 0
287 3352 0
287 3729 0
287 3934 0
287 13284 0
287 5526 0
287 5994 0
287 6469 0
287 6581 1
287 8034 0
12577 729 1
12577 12577 0
12577 5419 0
2338 16530 0
2338 3801 0
2338 2338 0
2338 2342 0
2338 18764 0
2338 4409 0
2338 3475 0
2338 8575 0
2338 509 0
2338 13656 0
2338 4744 0
2338 8654 0
2338 729 1
2338 6915 0
2338 842 0
2338 2901 0
2338 2937 0
2338 2961 0
2338 2967 0
2338 2989 0
2338 5056 1
2338 3035 0
2338 3036 0
2338 13284 0
2338 1206 0
2338 5367 0
2338 5419 0
2338 1359 0
2338 5469 0
2338 3526 0
2338 7662 0
2338 5994 0
2338 6065 0
2338 8070 1
2338 1931 0
2338 3986 0
2338 6062 0
2338 6068 0
805 805 0
805 729 1
805 2895 0
805 3037 1
2342 3986 0
2342 729 1
2342 15780 1
2342 3801 0
2342 5469 0
2342 7662 0
5419 729 1
5419 3801 0
5419 5419 0
5419 18764 0
5419 5469 0
5419 16530 0
5419 3986 0
5419 3475 0
5419 5056 1
5419 7662 0
5419 509 0
301 5469 0
301 7077 0
301 6977 0
301 3352 0
301 301 0
301 4744 0
301 827 0
301 2901 0
301 4443 0
301 865 0
301 5994 0
301 5523 0
301 891 0
301 5367 0
301 6068 0
301 4534 0
301 2500 0
301 3043 0
303 303 0
303 5469 0
303 3968 1
303 15780 1
303 5056 1
303 3037 1
303 8185 0
1840 18764 0
1840 729 1
4744 4744 0
4744 729 1
4744 3801 0
4744 5469 0
4744 4477 0
4744 7662 0
4744 509 0
821 5400 0
821 821 0
821 3037 1
6915 5967 0
6915 2967 0
6915 3986 0
6915 2989 0
6915 827 0
6915 2895 0
6915 3035 0
6915 3036 0
6915 3037 1
6915 496 0
4409 4409 0
4409 4443 0
4409 827 0
4409 6977 0
4409 861 0
4409 2937 0
4409 9165 0
4409 5367 0
4409 5469 0
4409 3934 0
4409 11691 0
4409 1481 1
4409 8034 0
4409 3729 0
4409 3986 0
827 496 0
827 827 0
827 9165 0
827 3037 1
827 3043 0
827 7165 0
827 861 0
827 5469 0
827 3729 0
827 5994 0
827 3986 0
827 6065 0
827 6068 0
827 12234 0
1359 19852 0
1359 842 0
1359 861 0
1359 3986 0
1359 15780 1
1359 17360 0
1359 13284 0
1359 7165 0
3978 2937 0
3978 6581 1
3978 21148 0
3978 2936 0
3978 9165 0
3978 5400 0
3978 3729 0
3978 5402 0
3978 5974 0
3978 3978 0
3978 3986 0
3352 70 0
3352 21148 0
3352 3352 0
3352 5523 0
3352 2500 0
3352 5578 0
6977 10617 0
6977 2500 0
6977 2501 0
6977 6977 0
6977 2936 0
6977 7077 0
6977 9165 0
6977 2937 0
6977 5367 0
6977 5400 0
6977 5402 0
6977 15800 0
6977 1479 0
6977 1481 1
6977 6062 0
6977 8185 0
5445 7077 0
5445 6062 0
5445 2500 0
5445 1481 1
5445 3043 0
5445 891 0
842 729 1
842 842 0
842 5469 0
842 3934 0
842 2462 1
842 6062 0
842 15279 0
842 4534 0
842 13284 0
842 7662 0
842 509 0
18764 3469 0
18764 6062 0
18764 729 1
5967 6062 0
5967 729 1
5967 5967 0
5967 13656 0
5967 5521 0
5967 2989 0
5967 2901 0
5967 4534 0
5967 8654 0
5967 3035 0
5967 3036 0
5967 3037 1
5967 8185 0
2901 5523 0
2901 6062 0
2901 2901 0
2901 3035 0
2901 3036 0
2901 3037 1
5974 6581 1
5974 2936 0
5974 9165 0
5974 2937 0
5974 5400 0
5974 5402 0
5974 3469 0
5974 5578 0
5974 3986 0
13656 4534 0
13656 509 0
13656 2937 0
13656 3037 1
13656 5402 0
13656 13656 0
13656 5469 0
13656 3469 0
13656 5578 0
13656 6068 0
4443 3729 0
4443 4443 0
4443 861 0
4443 3934 0
4443 3986 0
861 4477 0
861 8654 0
861 496 0
861 15780 1
861 861 0
861 865 0
861 2936 0
861 2937 0
861 891 0
861 3043 0
861 13284 0
861 5469 0
861 1479 0
861 5402 0
861 8034 0
861 5994 0
861 3986 0
861 6068 0
861 12234 0
861 8185 0
3934 729 1
3934 3934 0
3934 4477 0
3934 6062 0
3934 2500 0
3934 5367 0
3934 8654 0
3934 8185 0
865 5469 0
865 3729 0
865 3043 0
865 865 0
865 891 0
865 4477 0
865 3986 0
865 12234 0
8034 8034 0
8034 7165 0
3729 6469 0
3729 4477 0
3729 2500 0
3729 2501 0
3729 496 0
3729 509 0
3729 8654 0
3729 891 0
3729 7077 0
3729 3043 0
3729 7165 0
3729 5367 0
3729 1481 1
3729 3729 0
3729 8185 0
5994 16530 0
5994 2500 0
5994 496 0
5994 21148 0
5994 3043 0
5994 5521 0
5994 1481 1
5994 5994 0
5994 12234 0
5994 6131 0
5994 8185 0
16530 5469 0
16530 16530 0
16530 729 1
16530 3968 1
16530 2961 0
16530 6065 0
16530 7662 0
8253 3968 1
3441 12726 0
3441 2937 0
3441 3441 0
3441 11691 0
3441 1481 1
1206 2961 0
1206 5523 0
1206 3036 0
1206 1206 0
1206 3035 0
3475 2961 0
3475 6062 0
3475 4534 0
3475 5523 0
3475 729 1
3475 5469 0
3475 3475 0
18293 18293 0
18293 3469 0
18293 2961 0
2936 21148 0
2936 2937 0
2936 9165 0
2936 5400 0
2936 3469 0
2936 3986 0
2936 6065 0
2937 9165 0
2937 3986 0
2937 6065 0
891 891 0
891 2500 0
891 2501 0
891 3043 0
4477 5526 0
4477 3986 0
4477 5525 0
4477 5469 0
4477 2967 0
4477 6065 0
4477 6068 0
4477 5056 1
4477 8654 0
4477 3036 0
4477 496 0
5400 6581 1
5400 5402 0
5400 9165 0
10617 5578 0
10617 2500 0
10617 2501 0
10617 1479 0
10617 1481 1
10617 3035 0
10617 10617 0
3968 3968 2
3968 12726 1
3968 6469 1
3968 70 1
3968 3526 1
3968 21148 1
3968 496 1
8070 8070 2
729 5469 1
729 8654 1
729 729 2
729 3801 1
729 3986 1
729 8575 1
729 1931 1
729 2961 1
729 5525 1
729 5526 1
729 2967 1
729 2989 1
729 6062 1
729 4534 1
729 5523 1
729 7662 1
729 509 1
1931 1931 0
1931 5521 0
1931 5523 0
1931 3801 0
19852 3986 0
19852 12234 0
19852 5578 0
19852 2500 0
19852 1479 0
19852 1481 1
19852 19852 0
19852 8185 0
19852 7165 0
19852 6655 0
3469 1481 1
3469 5402 0
2961 2961 0
2961 3801 0
2961 2895 0
2961 3035 0
2961 3037 1
2961 509 0
3986 8575 0
3986 8654 0
3986 509 0
3986 9165 0
3986 1479 0
3986 2501 0
3986 2967 0
3986 2989 0
3986 3035 0
3986 3526 0
3986 3986 0
3986 4534 0
3986 13284 0
3986 5367 0
3986 5469 0
3986 5521 0
3986 5523 0
3986 5526 0
3986 6068 0
3986 18852 0
3986 8185 0
5523 7077 0
5523 3043 0
5523 3035 0
5523 3036 0
5523 5523 0
5523 5526 0
5523 5521 0
5523 5525 0
5523 5469 0
5523 2500 0
5523 2501 0
5523 1479 0
5523 3037 1
5523 8185 0
5525 5469 0
5525 2967 0
5525 5521 0
5525 5525 0
5525 5526 0
5525 2500 0
5525 3035 0
5525 3036 0
5525 3037 1
5526 5526 0
5526 2967 0
5526 5469 0
5526 6065 0
5526 3037 1
5526 3035 0
5526 3036 0
5526 5521 0
2967 5469 0
2967 8575 0
2967 2967 0
2967 2462 1
2967 2989 0
2967 6062 0
2967 4534 0
2967 3035 0
2967 3036 0
2895 2989 0
2895 3035 0
2895 3036 0
2895 3037 1
18852 7165 0
70 70 0
70 15780 1
21148 21148 0
21148 15780 1
21148 7165 0
11691 5469 0
11691 4534 0
11691 5056 1
11691 2500 0
11691 3037 1
2989 2501 0
2989 2989 0
2989 4534 0
2989 3035 0
2989 3036 0
2989 3037 1
2989 496 0
2989 509 0
6062 3036 0
6062 3043 0
6062 509 0
15279 15780 1
15279 5056 1
5521 5469 0
5521 7077 0
5521 3043 0
5521 5521 0
5521 6068 0
5521 2500 0
5521 3035 0
5521 3036 0
5521 3037 1
5521 8185 0
6065 8654 0
6065 3526 0
6065 6065 0
6065 6068 0
6065 8185 0
6131 1479 0
6131 9165 0
6131 5469 0
6068 8654 0
6068 3036 0
6068 7165 0
6068 5367 0
6068 6068 0
6581 5402 1
6581 9165 1
12726 15780 1
12726 12726 0
12726 5056 1
12726 7165 0
15800 5578 0
15800 3037 1
5402 9165 0
5056 3526 1
5056 17360 1
5056 1619 1
5056 3801 1
5056 5469 1
5056 496 1
2500 2501 0
2500 7077 0
2500 3043 0
2500 5367 0
2500 2500 0
2500 1479 0
2500 1481 1
2500 5578 0
2500 5621 0
2500 8654 0
2500 12234 0
2500 8185 0
2501 2501 0
2501 7077 0
2501 5367 0
2501 1479 0
2501 5578 0
2501 5621 0
3526 15780 1
3526 5469 0
3526 509 0
1479 1481 1
1479 5578 0
1479 12234 0
1479 7077 0
1479 1479 0
1479 8185 0
8575 3035 0
8575 3036 0
8575 3037 1
8575 8575 0
1481 12234 1
1481 5578 1
1481 8185 1
1481 6655 1
5578 5578 0
5578 7077 0
5578 5621 0
5367 5367 0
5367 7077 0
5367 3043 0
5367 8185 0
8654 7077 0
8654 3037 1
8654 8185 0
17360 15780 1
17360 13284 0
15780 1619 1
15780 13284 1
3035 4534 0
3035 3035 0
3035 3037 1
3036 3801 0
3036 3036 0
3036 5469 0
3036 3037 1
3036 509 0
3037 12234 1
3037 3037 2
7077 5469 0
7077 3043 0
7077 7077 0
7077 8185 0
3043 3043 0
4534 496 0
4534 4534 0
4534 5469 0
3801 7662 0
7662 5469 0
7662 12234 0
509 5469 0
509 509 0
496 496 0
5469 5469 0
5621 5621 0
8185 8185 0
12234 12234 0
7165 7165 0
