17025 13656 1
17025 8731 2
1028 1028 2
5648 5648 2
5648 13511 1
5648 4534 1
5648 2239 1
5648 4673 2
5648 2248 1
5648 2249 1
5648 7009 1
1687 4534 0
1687 4677 1
1687 20249 1
1687 1687 0
4534 4673 1
4534 4534 0
4534 13656 0
4666 4666 0
4666 4668 1
4666 4677 1
4666 7638 0
4668 7638 1
2239 4673 1
2239 2248 0
2239 2249 0
4673 4673 2
4673 7009 1
4673 2248 1
4673 2249 1
4673 13511 1
4673 13656 1
4677 4677 2
4677 7638 1
2248 2248 0
2248 2249 0
2249 2249 0
7638 7638 0
13656 13656 0
7009 7009 0
3326 3326 2
