1 1 0
1 53 0
1 5759 0
1 2709 0
1 287 0
1 2338 0
1 2894 1
1 2915 1
1 915 0
1 2458 0
1 18332 0
6 287 1
6 5539 1
6 5543 1
6 1718 1
6 7632 1
6 873 1
53 2048 0
53 4110 0
53 6165 0
53 4140 0
53 53 0
53 65 0
53 79 0
53 4301 0
53 4302 0
53 287 0
53 2338 0
53 338 0
53 6484 0
53 2458 0
53 413 0
53 6599 0
53 4624 0
53 2594 0
53 8758 0
53 8768 0
53 6740 0
53 6741 0
53 2703 1
53 2712 0
53 2718 0
53 2722 0
53 8867 0
53 8875 0
53 8881 0
53 719 0
53 6867 0
53 729 0
53 9055 0
53 873 0
53 5029 0
53 2997 0
53 7233 0
53 5247 0
53 1170 0
53 3283 0
53 3336 0
53 5389 0
53 1367 1
53 5469 0
53 5529 0
53 6739 0
53 7721 0
53 1591 0
53 5759 0
53 18060 0
53 16031 0
53 3745 0
53 1718 0
53 5855 0
53 16098 0
53 3848 0
53 5953 0
53 18244 0
53 5981 0
53 8064 0
53 1943 0
53 6065 0
53 6068 0
53 6080 0
65 4624 0
65 4627 0
65 6165 0
65 7721 0
65 1620 0
65 15893 0
65 111 1
65 5247 0
65 2703 1
65 2712 0
65 3745 0
65 2722 0
65 4302 0
65 8922 0
65 2338 0
65 18060 0
65 18244 0
65 3426 0
65 873 0
65 3462 0
65 3986 0
65 1943 0
65 6065 0
65 6068 0
65 2997 0
65 3043 0
79 2338 0
79 5432 0
79 2361 0
79 3426 0
79 2594 0
79 110 1
79 111 1
111 672 1
111 111 2
111 5432 1
129 7936 0
129 4647 0
129 5469 0
129 1591 0
129 6740 0
129 6861 0
129 129 0
129 2703 1
129 2709 0
129 672 0
129 7303 0
129 3284 0
129 2338 0
129 338 0
129 915 0
129 8064 0
129 413 0
129 5981 0
129 1437 0
129 434 0
129 6068 0
129 4534 0
129 4855 0
129 5881 0
129 2535 1
265 2059 0
265 11294 0
265 8768 0
265 2703 1
265 2705 1
265 1170 0
265 2709 0
265 2712 0
265 2722 0
265 4300 0
265 3284 0
265 265 0
265 2338 0
265 5469 0
265 3426 0
265 3429 0
265 8506 0
267 2069 0
267 2703 1
267 1221 0
267 5855 0
267 5882 0
267 5885 0
267 267 0
267 287 0
267 3986 0
267 2535 1
287 8287 0
287 287 0
287 8768 0
287 579 0
287 8881 0
287 705 0
287 719 0
287 835 0
287 1004 0
287 1159 0
287 1221 0
287 1620 0
287 18346 0
287 2059 0
287 8571 0
287 2338 0
287 413 0
287 2594 0
287 2712 0
287 2718 0
287 18244 0
287 3043 0
287 3426 0
287 3429 0
287 19837 0
287 3464 0
287 3745 0
287 20227 0
287 3887 0
287 4110 0
287 4140 0
287 20592 0
287 4301 0
287 4555 0
287 4622 0
287 4628 0
287 4632 0
287 4640 0
287 4649 0
287 4674 0
287 5029 0
287 13360 0
287 9055 0
287 5247 0
287 5389 0
287 15934 0
287 5529 0
287 5539 0
287 5543 0
287 5586 0
287 5759 0
287 5885 0
287 5953 0
287 1836 1
287 6159 0
287 6165 0
287 6599 0
287 6737 0
287 6739 0
287 15893 0
287 7783 0
287 16079 0
287 8062 0
290 2059 0
290 527 0
290 3628 0
290 1591 0
290 579 0
290 1620 0
290 672 0
290 705 0
290 707 0
290 5828 1
290 5835 0
290 719 0
290 6401 0
290 20227 0
290 290 0
290 291 1
290 6968 0
290 316 0
290 5432 0
290 6986 0
290 5469 0
290 7013 0
290 7035 0
290 3464 0
290 7073 0
290 4534 0
290 6080 0
290 4555 0
291 2059 1
291 527 1
291 7233 1
291 579 1
291 1622 1
291 3181 1
291 1170 1
291 18631 1
291 11294 1
291 705 1
291 707 1
291 5835 1
291 4300 1
291 2338 1
291 6861 1
291 3336 1
291 3628 1
291 8469 1
291 3870 1
291 291 2
291 316 1
291 5469 1
291 7013 1
291 7035 1
291 14231 1
291 9102 1
291 1943 1
291 7073 1
291 2981 1
291 6080 1
291 4555 1
291 19427 1
316 527 0
316 6062 0
316 3628 0
316 6739 0
316 5759 0
316 6792 0
316 2703 1
316 705 0
316 707 0
316 5835 0
316 719 0
316 3886 0
316 316 0
316 5981 0
316 7013 0
316 7035 0
316 3461 0
316 4534 0
316 6080 0
316 14790 0
316 4555 0
316 2535 1
338 4110 0
338 6162 0
338 2069 0
338 5469 0
338 8287 0
338 8440 0
338 338 0
338 6484 0
338 2458 0
338 4550 0
338 4560 0
338 8674 0
338 2594 0
338 4666 0
338 2703 1
338 2705 1
338 2710 0
338 2712 0
338 672 0
338 2722 0
338 8867 0
338 6820 0
338 3886 0
338 2881 0
338 4961 0
338 972 0
338 7208 0
338 1221 0
338 3461 0
338 3464 0
338 5620 0
338 1591 0
338 1620 0
338 3745 0
338 16079 0
338 5885 0
338 5981 0
338 2709 0
338 6068 0
413 2048 0
413 4110 0
413 6165 0
413 2594 0
413 7208 0
413 5981 0
413 4664 0
413 6739 0
413 1620 0
413 6741 0
413 6162 0
413 20592 0
413 2703 1
413 2709 0
413 2712 0
413 2718 0
413 16031 0
413 3745 0
413 2722 0
413 8867 0
413 1221 0
413 5835 0
413 5836 0
413 5855 0
413 19837 0
413 4649 0
413 2338 0
413 5529 0
413 6484 0
413 3426 0
413 3429 0
413 2705 1
413 6065 0
413 3462 0
413 3986 0
413 1943 0
413 18332 0
413 7721 0
413 6599 0
413 5029 0
413 4859 0
413 579 0
434 3043 0
434 5828 1
434 1620 0
434 4669 1
527 6080 0
527 2446 1
527 527 0
527 1221 0
527 5835 0
527 3628 0
527 6068 0
527 705 0
527 707 0
527 4555 0
527 719 0
527 4855 0
527 7633 0
527 7013 0
527 7035 0
579 2059 0
579 579 0
579 2718 0
579 6820 0
579 2338 0
579 719 0
579 729 0
579 4859 0
579 3336 0
579 1837 1
579 7037 1
579 6062 0
579 4534 0
579 4550 0
579 5586 0
672 6162 0
672 6165 0
672 7208 0
672 4140 0
672 7010 0
672 6737 0
672 1107 0
672 1620 0
672 6741 0
672 672 0
672 5828 1
672 1221 0
672 5835 0
672 5836 0
672 16079 0
672 4855 0
672 8440 0
672 5882 0
672 4859 0
672 4860 0
672 5885 0
672 5389 0
672 8922 0
672 3884 0
672 3885 0
672 3886 0
672 3887 0
672 3888 0
672 6792 0
672 6968 0
672 2361 0
672 3426 0
672 19837 0
672 8062 0
672 3461 0
672 3462 0
672 2881 0
672 2458 0
672 5543 0
672 972 0
672 2535 1
672 6739 0
672 5620 0
705 2059 0
705 4110 0
705 7208 0
705 3628 0
705 5981 0
705 4664 0
705 7010 0
705 6739 0
705 7013 0
705 6792 0
705 2709 0
705 8922 0
705 8875 0
705 705 0
705 707 0
705 5828 1
705 5835 0
705 5855 0
705 5881 0
705 5882 0
705 5885 0
705 3336 0
705 5432 0
705 2881 0
705 6986 0
705 6968 0
705 5469 0
705 2927 0
705 7035 0
705 7037 1
705 2446 1
705 7073 0
705 2981 0
705 6080 0
705 4550 0
705 4555 0
705 972 0
705 4566 0
707 6080 0
707 5835 0
707 7073 0
707 7208 0
707 3628 0
707 707 0
707 6986 0
707 4555 0
707 7013 0
707 5881 0
707 7035 0
707 7037 1
719 2059 0
719 5469 0
719 6068 0
719 4674 0
719 4676 1
719 4677 0
719 1620 0
719 2709 0
719 2718 0
719 1718 0
719 5828 1
719 1221 0
719 5835 0
719 5836 0
719 719 0
719 5882 0
719 5885 0
719 8064 0
719 3848 0
719 5389 0
719 6968 0
719 4664 0
719 3986 0
719 4550 0
729 2059 0
729 6165 0
729 4640 0
729 5469 0
729 1591 0
729 4664 0
729 1620 0
729 6162 0
729 5247 0
729 1170 0
729 2709 0
729 2710 0
729 2712 0
729 3745 0
729 8867 0
729 1200 0
729 1718 0
729 5835 0
729 4300 0
729 4301 0
729 729 0
729 6401 0
729 3336 0
729 2338 0
729 915 0
729 2705 1
729 3986 0
729 7035 0
729 7037 1
729 2981 0
729 5981 0
729 6062 0
729 2997 0
729 4534 0
729 4555 0
729 5586 0
729 5885 0
835 4110 0
835 3178 0
835 3181 0
835 2703 1
835 2705 1
835 2709 0
835 2712 0
835 8881 0
835 5953 0
835 835 0
835 8064 0
835 5529 0
835 5539 0
873 6159 0
873 8768 0
873 6740 0
873 1622 0
873 2712 0
873 2718 0
873 2722 0
873 8881 0
873 5855 0
873 4859 0
873 6401 0
873 5432 0
873 2881 0
873 3426 0
873 3429 0
873 873 0
873 6968 0
873 1943 0
873 5539 0
873 4534 0
873 4555 0
873 2535 1
915 4624 0
915 4629 0
915 4631 0
915 4632 0
915 4647 0
915 6068 0
915 8287 0
915 8306 0
915 7303 0
915 2701 0
915 2703 1
915 2705 1
915 2709 0
915 2710 0
915 2712 0
915 2718 0
915 2722 0
915 1221 0
915 3283 0
915 8064 0
915 16031 0
915 6080 0
915 8674 0
915 5981 0
915 915 0
915 8571 0
915 4534 0
915 8506 0
972 2594 0
972 8881 0
972 7208 0
972 1107 0
972 6741 0
972 8287 0
972 2703 1
972 2718 0
972 5828 1
972 1221 0
972 5835 0
972 5836 0
972 16079 0
972 5855 0
972 4855 0
972 5881 0
972 5882 0
972 4859 0
972 5885 0
972 3884 0
972 3885 0
972 3886 0
972 3887 0
972 3888 0
972 6792 0
972 6968 0
972 2881 0
972 6986 0
972 5469 0
972 7010 0
972 8062 0
972 3461 0
972 3462 0
972 3986 0
972 5539 0
972 4534 0
972 5620 0
972 3745 0
972 972 0
972 2722 0
972 4566 0
972 4860 0
972 1004 0
1004 2069 0
1004 1620 0
1004 6741 0
1004 2705 1
1004 2709 0
1004 5828 1
1004 6401 0
1004 2338 0
1004 3884 0
1004 3886 0
1004 2361 0
1004 5981 0
1004 3426 0
1004 2458 0
1004 18332 0
1004 1004 0
1028 1028 0
1028 5168 1
1028 5156 1
1039 7936 1
1039 20227 1
1039 3884 1
1039 13360 1
1039 1591 1
1039 16933 1
1039 3815 1
1039 3826 1
1039 4852 1
1039 5497 1
1107 6792 0
1107 3884 0
1107 2703 1
1107 2705 1
1107 2709 0
1107 6867 0
1107 7208 0
1107 2712 0
1107 3887 0
1107 2718 0
1107 2722 0
1107 3628 0
1107 3885 0
1107 3886 0
1107 6080 0
1107 6986 0
1107 4855 0
1107 16079 0
1107 4560 0
1107 1107 0
1107 5885 0
1107 4852 0
1107 5882 0
1107 4859 0
1107 4860 0
1159 13360 0
1159 8768 0
1159 6159 0
1159 1159 0
1159 2718 0
1159 8881 0
1159 5828 1
1159 1221 0
1159 3870 0
1159 2399 1
1159 1943 0
1159 2458 0
1159 4534 0
1159 4550 0
1159 4555 0
1159 3043 0
1159 6739 0
1170 2059 0
1170 4300 0
1170 4301 0
1170 2338 0
1170 4555 0
1170 2535 1
1170 4640 0
1170 2705 1
1170 2709 0
1170 2710 0
1170 2712 0
1170 2722 0
1170 8867 0
1170 6861 0
1170 5247 0
1170 3283 0
1170 4645 0
1170 5432 0
1170 5469 0
1170 7633 0
1170 1591 0
1170 1620 0
1170 1718 0
1170 5855 0
1170 18060 0
1170 5981 0
1170 3986 0
1170 6062 0
1200 5828 1
1200 2535 1
1200 11788 0
1200 4301 0
1200 1200 0
1200 19427 0
1200 18299 0
1200 16233 0
1200 18298 0
1200 11294 0
1221 2069 0
1221 8881 0
1221 3426 0
1221 4300 0
1221 2458 0
1221 4550 0
1221 8674 0
1221 2594 0
1221 4664 0
1221 2718 0
1221 2722 0
1221 4855 0
1221 4859 0
1221 3043 0
1221 4624 0
1221 1221 0
1221 3336 0
1221 5389 0
1221 5432 0
1221 1367 1
1221 5469 0
1221 5539 0
1221 7721 0
1221 1620 0
1221 1622 0
1221 7783 0
1221 5828 1
1221 5855 0
1221 3886 0
1221 3887 0
1221 5981 0
1221 3986 0
1221 1943 0
1221 3745 0
1330 4669 1
1330 4676 1
1330 4677 0
1367 3745 1
1367 3283 1
1367 1622 1
1437 8064 0
1437 4624 0
1437 2705 1
1437 3986 0
1437 1437 0
1437 8881 0
1437 2535 1
1437 6741 0
1591 2048 0
1591 4110 0
1591 6165 0
1591 20592 0
1591 8306 0
1591 6269 0
1591 4301 0
1591 8440 0
1591 2338 0
1591 6484 0
1591 8571 0
1591 2458 0
1591 4534 0
1591 14790 0
1591 6599 0
1591 4624 0
1591 4627 0
1591 4632 0
1591 2594 0
1591 4645 0
1591 4647 0
1591 8758 0
1591 8768 0
1591 6738 0
1591 6739 0
1591 6740 0
1591 6741 0
1591 6792 0
1591 2703 1
1591 2712 0
1591 2718 0
1591 2722 0
1591 8867 0
1591 8881 0
1591 6867 0
1591 9055 0
1591 4961 0
1591 5029 0
1591 7208 0
1591 4646 0
1591 4648 0
1591 5389 0
1591 3426 0
1591 3429 0
1591 5497 0
1591 5529 0
1591 5539 0
1591 5981 0
1591 6737 0
1591 7721 0
1591 1591 0
1591 2997 0
1591 1620 0
1591 16031 0
1591 5855 0
1591 3848 0
1591 5953 0
1591 18244 0
1591 3986 0
1591 1943 0
1591 18332 0
1591 6065 0
1620 4110 0
1620 6162 0
1620 2069 0
1620 8306 0
1620 6165 0
1620 4300 0
1620 4301 0
1620 8571 0
1620 8440 0
1620 2338 0
1620 2361 0
1620 8506 0
1620 2399 1
1620 2458 0
1620 4534 0
1620 4550 0
1620 4555 0
1620 4560 0
1620 4566 0
1620 4628 0
1620 4646 0
1620 4647 0
1620 8758 0
1620 4666 0
1620 2701 0
1620 2703 1
1620 2709 0
1620 2712 0
1620 2718 0
1620 2722 0
1620 8867 0
1620 6986 0
1620 8674 0
1620 7035 0
1620 3018 0
1620 7208 0
1620 8287 0
1620 5247 0
1620 7303 0
1620 16933 0
1620 4649 0
1620 3336 0
1620 5389 0
1620 5432 0
1620 5469 0
1620 19837 0
1620 3462 0
1620 5586 0
1620 6737 0
1620 1620 0
1620 1622 0
1620 1718 0
1620 5835 0
1620 5855 0
1620 3815 0
1620 5882 0
1620 6792 0
1620 5953 0
1620 5981 0
1620 8064 0
1620 3986 0
1620 1943 0
1620 18332 0
1620 6062 0
1620 6080 0
1622 4624 0
1622 3870 0
1622 4664 0
1622 5855 0
1622 5828 1
1622 5432 0
1622 7638 0
1622 3043 0
1622 4647 0
1622 4859 0
1718 5981 0
1718 4669 1
1718 8287 0
1718 5247 0
1718 4301 0
1718 2718 0
1718 1718 0
1718 4300 0
1718 5586 0
1718 2338 0
1718 6484 0
1718 5469 0
1718 2927 0
1718 8064 0
1718 6062 0
1718 4534 0
1808 2703 1
1808 2712 0
1808 2718 0
1808 5855 0
1808 4566 0
1808 2399 1
1835 3018 1
1835 1835 2
1835 1836 2
1835 1837 2
1835 6062 1
1835 5586 1
1836 2338 1
1836 6062 1
1836 3336 1
1836 5586 1
1837 3336 1
1837 5586 1
1934 6792 0
1934 1934 0
1934 2718 0
1934 2338 0
1934 4669 1
1934 5828 1
1934 5469 0
1934 5247 0
1943 2048 0
1943 2069 0
1943 2059 0
1943 15893 0
1943 6162 0
1943 6165 0
1943 4302 0
1943 6401 0
1943 2338 0
1943 2399 1
1943 8674 0
1943 4627 0
1943 4628 0
1943 4629 0
1943 2594 0
1943 4657 0
1943 6740 0
1943 2703 1
1943 2709 0
1943 2712 0
1943 2718 0
1943 2722 0
1943 8867 0
1943 4961 0
1943 5029 0
1943 2997 0
1943 3018 0
1943 3043 0
1943 3178 0
1943 4631 0
1943 3283 0
1943 3284 0
1943 20227 0
1943 4645 0
1943 5432 0
1943 5469 0
1943 3426 0
1943 3429 0
1943 8768 0
1943 5516 0
1943 8440 0
1943 5598 1
1943 3628 0
1943 5759 0
1943 3745 0
1943 16079 0
1943 3815 0
1943 5981 0
1943 1943 0
1943 6068 0
1943 16031 0
1943 6080 0
2048 2048 0
2048 6165 0
2048 4110 0
2048 4301 0
2048 6401 0
2048 2338 0
2048 6484 0
2048 2399 1
2048 14790 0
2048 6599 0
2048 2535 1
2048 2594 0
2048 6737 0
2048 6738 0
2048 6739 0
2048 6740 0
2048 6741 0
2048 2709 0
2048 2712 0
2048 2718 0
2048 8867 0
2048 8875 0
2048 8881 0
2048 4859 0
2048 5029 0
2048 2997 0
2048 3283 0
2048 3426 0
2048 3462 0
2048 5516 0
2048 5539 0
2048 16031 0
2048 3848 0
2048 5938 0
2048 5981 0
2048 3986 0
2048 6065 0
2048 6068 0
2048 2722 0
2059 2059 0
2059 5469 0
2059 4300 0
2059 2361 0
2059 2718 0
2059 5247 0
2059 4301 0
2059 3336 0
2059 5389 0
2059 5432 0
2059 7632 0
2059 5586 0
2059 15893 0
2059 5828 1
2059 5835 0
2059 5885 0
2059 6792 0
2059 8064 0
2059 6062 0
2059 3745 0
2069 4110 0
2069 6159 0
2069 4624 0
2069 2069 0
2069 2594 0
2069 8881 0
2069 6165 0
2069 2709 0
2069 18060 0
2069 6740 0
2069 3283 0
2069 5855 0
2069 7721 0
2069 2338 0
2069 5598 1
2069 6484 0
2069 3426 0
2069 8064 0
2069 5516 0
2069 2446 1
2069 3986 0
2069 2458 0
2069 7073 0
2069 6062 0
2069 6065 0
2069 2997 0
2069 16031 0
2069 4555 0
2338 6162 0
2338 8306 0
2338 4300 0
2338 4301 0
2338 8440 0
2338 2338 0
2338 4828 0
2338 2393 1
2338 2399 1
2338 4550 0
2338 2594 0
2338 4657 0
2338 8768 0
2338 6739 0
2338 2705 1
2338 2709 0
2338 2712 0
2338 2718 0
2338 2722 0
2338 8867 0
2338 8881 0
2338 6867 0
2338 4855 0
2338 14790 0
2338 6165 0
2338 4961 0
2338 5029 0
2338 2997 0
2338 5981 0
2338 3181 0
2338 5247 0
2338 3283 0
2338 3336 0
2338 5432 0
2338 5469 0
2338 3426 0
2338 3461 0
2338 5586 0
2338 8506 0
2338 6752 0
2338 3745 0
2338 5835 0
2338 7633 0
2338 6065 0
2338 3986 0
2338 6062 0
2338 6068 0
2361 8875 0
2361 2594 0
2361 5469 0
2361 8287 0
2361 2703 1
2361 5855 0
2361 4859 0
2361 3853 1
2361 3884 0
2361 3885 0
2361 5938 0
2361 2361 0
2361 18543 0
2361 6740 0
2361 8064 0
2361 2718 0
2361 4550 0
2361 4555 0
2361 2981 0
2361 8674 0
2361 3043 0
2393 3464 1
2393 2393 2
2399 14978 1
2399 3461 1
2399 3464 1
2399 11787 1
2399 11788 1
2399 18299 1
2399 3986 1
2399 18543 1
2399 11294 1
2399 8881 1
2399 7721 1
2399 18346 1
2399 6065 1
2399 2997 1
2399 4534 1
2399 4550 1
2399 19427 1
2399 2594 1
2399 4555 1
2399 2399 2
2399 3426 1
2399 16233 1
2399 3178 1
2399 3181 1
2399 6739 1
2399 18293 1
2399 6740 1
2399 5882 1
2399 5759 1
2446 11787 1
2446 2446 2
2446 8674 1
2446 3283 1
2446 3284 1
2458 6162 0
2458 4631 0
2458 4632 0
2458 2594 0
2458 3628 0
2458 6737 0
2458 6738 0
2458 6739 0
2458 6741 0
2458 6165 0
2458 2703 1
2458 2705 1
2458 2709 0
2458 2718 0
2458 8867 0
2458 3283 0
2458 4647 0
2458 3848 0
2458 7303 0
2458 5855 0
2458 6484 0
2458 10869 0
2458 5981 0
2458 3426 0
2458 3429 0
2458 2458 0
2458 6867 0
2458 4555 0
2458 5543 0
2458 6740 0
2535 4622 1
2535 4627 1
2535 4628 1
2535 4629 1
2535 4631 1
2535 4632 1
2535 4634 1
2535 4640 1
2535 4646 1
2535 4647 1
2535 4648 1
2535 4649 1
2535 3628 1
2535 5683 1
2535 8758 1
2535 15934 1
2535 6068 1
2535 8768 1
2535 4657 1
2535 5497 1
2535 4140 1
2535 15893 1
2535 7303 1
2535 2701 1
2535 2709 1
2535 18117 1
2535 4302 1
2535 6867 1
2535 3284 1
2535 4828 1
2535 4645 1
2535 8571 1
2535 3815 1
2535 4852 1
2535 7930 1
2535 8469 1
2535 13360 1
2535 5469 1
2535 4961 1
2535 7053 1
2535 4510 1
2535 5029 1
2535 6080 1
2535 4550 1
2535 4560 1
2535 8674 1
2535 2535 2
2549 15366 1
2549 6162 1
2549 2712 1
2549 2718 1
2549 2722 1
2549 5683 1
2549 6068 1
2549 2549 2
2592 18060 1
2594 4110 0
2594 6162 0
2594 6165 0
2594 6484 0
2594 8571 0
2594 6526 0
2594 14790 0
2594 4624 0
2594 4632 0
2594 2594 0
2594 6737 0
2594 6739 0
2594 6740 0
2594 6741 0
2594 2703 1
2594 2709 0
2594 2718 0
2594 2722 0
2594 8867 0
2594 8881 0
2594 8922 0
2594 4961 0
2594 5029 0
2594 2997 0
2594 7208 0
2594 3283 0
2594 3284 0
2594 3426 0
2594 3429 0
2594 5529 0
2594 5539 0
2594 3628 0
2594 16031 0
2594 3745 0
2594 5855 0
2594 16098 0
2594 3848 0
2594 3870 0
2594 3886 0
2594 2712 0
2594 3986 0
2594 18332 0
2594 6065 0
2594 6068 0
2701 4110 0
2701 4624 0
2701 6162 0
2701 4645 0
2701 8881 0
2701 7208 0
2701 4140 0
2701 4664 0
2701 16079 0
2701 6737 0
2701 6739 0
2701 6741 0
2701 18543 0
2701 5247 0
2701 2703 1
2701 2709 0
2701 2710 0
2701 2718 0
2701 8922 0
2701 5835 0
2701 5836 0
2701 5855 0
2701 5881 0
2701 5882 0
2701 4859 0
2701 5885 0
2701 3884 0
2701 3885 0
2701 6968 0
2701 6986 0
2701 6484 0
2701 5981 0
2701 3426 0
2701 8571 0
2701 8064 0
2701 3461 0
2701 3462 0
2701 2712 0
2701 3986 0
2701 18332 0
2701 8440 0
2701 5620 0
2701 6740 0
2703 4110 1
2703 6159 1
2703 6162 1
2703 6165 1
2703 8287 1
2703 18543 1
2703 20592 1
2703 8306 1
2703 6269 1
2703 4302 1
2703 8440 1
2703 6401 1
2703 8460 1
2703 6484 1
2703 8571 1
2703 6526 1
2703 4534 1
2703 14790 1
2703 6599 1
2703 4560 1
2703 4566 1
2703 7930 1
2703 8674 1
2703 4622 1
2703 4624 1
2703 4627 1
2703 4628 1
2703 4629 1
2703 4631 1
2703 4632 1
2703 4634 1
2703 4640 1
2703 4645 1
2703 4646 1
2703 4647 1
2703 4648 1
2703 4649 1
2703 4657 1
2703 8758 1
2703 4664 1
2703 6737 1
2703 6738 1
2703 6739 1
2703 6740 1
2703 6741 1
2703 6752 1
2703 6792 1
2703 2703 2
2703 2705 2
2703 2709 1
2703 2710 1
2703 2712 1
2703 2718 1
2703 2722 1
2703 8867 1
2703 8875 1
2703 8881 1
2703 2773 1
2703 8922 1
2703 7633 1
2703 4855 1
2703 4859 1
2703 4860 1
2703 6968 1
2703 2881 1
2703 6986 1
2703 9055 1
2703 7010 1
2703 7053 1
2703 9102 1
2703 2981 1
2703 2997 1
2703 7208 1
2703 7233 1
2703 5247 1
2703 7303 1
2703 5389 1
2703 3426 1
2703 3429 1
2703 19837 1
2703 3461 1
2703 3462 1
2703 3464 1
2703 5516 1
2703 5529 1
2703 5539 1
2703 5543 1
2703 7632 1
2703 5029 1
2703 5620 1
2703 15893 1
2703 7721 1
2703 7783 1
2703 5759 1
2703 18060 1
2703 16031 1
2703 3745 1
2703 5835 1
2703 5836 1
2703 16079 1
2703 5855 1
2703 16098 1
2703 5881 1
2703 5882 1
2703 5885 1
2703 7936 1
2703 3848 1
2703 3884 1
2703 3885 1
2703 3886 1
2703 3887 1
2703 3888 1
2703 5938 1
2703 5953 1
2703 18244 1
2703 12132 1
2703 14187 1
2703 8062 1
2703 3986 1
2703 14231 1
2703 18332 1
2703 6065 1
2703 6068 1
2705 4110 1
2705 4624 1
2705 6165 1
2705 16933 1
2705 4140 1
2705 4664 1
2705 8768 1
2705 7010 1
2705 6737 1
2705 6738 1
2705 6740 1
2705 6741 1
2705 8287 1
2705 7783 1
2705 20592 1
2705 6269 1
2705 5247 1
2705 6792 1
2705 2709 1
2705 2710 1
2705 2718 1
2705 16031 1
2705 8875 1
2705 8881 1
2705 5835 1
2705 5836 1
2705 4301 1
2705 6867 1
2705 2773 1
2705 8922 1
2705 5855 1
2705 16098 1
2705 7208 1
2705 3826 1
2705 8062 1
2705 4855 1
2705 8440 1
2705 5881 1
2705 5882 1
2705 4859 1
2705 4860 1
2705 5885 1
2705 20227 1
2705 3848 1
2705 8460 1
2705 5389 1
2705 3884 1
2705 3885 1
2705 3886 1
2705 3887 1
2705 3888 1
2705 5938 1
2705 6968 1
2705 5953 1
2705 18244 1
2705 6986 1
2705 6484 1
2705 9055 1
2705 4961 1
2705 3426 1
2705 12132 1
2705 3429 1
2705 14187 1
2705 17273 1
2705 6526 1
2705 8064 1
2705 3461 1
2705 3462 1
2705 2881 1
2705 5529 1
2705 14790 1
2705 6599 1
2705 7632 1
2705 7633 1
2705 8506 1
2705 6739 1
2705 5620 1
2709 8875 0
2709 4110 0
2709 6159 0
2709 8287 0
2709 18543 0
2709 20592 0
2709 8306 0
2709 6165 0
2709 4301 0
2709 19837 0
2709 8440 0
2709 6401 0
2709 4828 0
2709 6484 0
2709 8571 0
2709 14790 0
2709 6599 0
2709 7930 0
2709 5885 0
2709 2881 0
2709 4622 0
2709 4624 0
2709 4627 0
2709 4628 0
2709 4629 0
2709 4631 0
2709 4632 0
2709 4634 0
2709 4640 0
2709 4645 0
2709 4646 0
2709 4647 0
2709 4657 0
2709 4664 0
2709 8768 0
2709 6737 0
2709 6738 0
2709 6739 0
2709 6740 0
2709 6741 0
2709 6752 0
2709 6792 0
2709 2709 0
2709 2710 0
2709 2712 0
2709 2718 0
2709 2722 0
2709 8881 0
2709 2773 0
2709 8922 0
2709 4855 0
2709 4859 0
2709 4860 0
2709 5938 0
2709 6986 0
2709 9055 0
2709 7208 0
2709 13360 0
2709 5247 0
2709 4648 0
2709 4649 0
2709 5432 0
2709 8758 0
2709 3426 0
2709 5497 0
2709 3461 0
2709 3462 0
2709 5529 0
2709 5539 0
2709 5620 0
2709 3628 0
2709 5683 0
2709 7783 0
2709 16031 0
2709 3745 0
2709 5835 0
2709 5836 0
2709 16079 0
2709 5855 0
2709 5881 0
2709 5882 0
2709 3848 0
2709 3884 0
2709 3885 0
2709 3886 0
2709 3887 0
2709 3888 0
2709 5953 0
2709 5981 0
2709 14187 0
2709 8062 0
2709 8064 0
2709 3986 0
2709 18332 0
2709 6068 0
2710 8064 0
2710 3461 0
2710 3462 0
2710 3848 0
2710 2712 0
2710 18244 0
2710 3986 0
2710 2718 0
2710 3884 0
2710 3885 0
2710 6792 0
2710 4664 0
2710 5855 0
2710 8881 0
2710 6599 0
2710 5835 0
2710 5836 0
2710 4301 0
2710 7632 0
2710 6741 0
2710 7010 0
2710 3429 0
2710 3426 0
2710 7208 0
2710 8306 0
2710 6526 0
2710 4855 0
2710 8440 0
2710 4860 0
2710 5247 0
2712 4110 0
2712 6162 0
2712 6165 0
2712 8287 0
2712 8306 0
2712 4301 0
2712 4302 0
2712 16079 0
2712 19837 0
2712 8440 0
2712 8460 0
2712 4647 0
2712 8506 0
2712 6484 0
2712 8571 0
2712 6526 0
2712 14790 0
2712 6599 0
2712 4555 0
2712 4560 0
2712 7930 0
2712 4622 0
2712 4624 0
2712 4627 0
2712 4628 0
2712 4629 0
2712 4631 0
2712 4632 0
2712 4634 0
2712 4640 0
2712 4645 0
2712 4648 0
2712 8758 0
2712 4664 0
2712 6737 0
2712 6738 0
2712 6739 0
2712 6740 0
2712 6741 0
2712 6752 0
2712 16933 0
2712 6792 0
2712 2712 0
2712 18543 0
2712 2718 0
2712 2722 0
2712 8867 0
2712 8875 0
2712 8881 0
2712 6867 0
2712 2773 0
2712 8922 0
2712 4828 0
2712 4855 0
2712 4859 0
2712 4860 0
2712 6968 0
2712 2881 0
2712 6986 0
2712 7010 0
2712 9102 0
2712 5029 0
2712 2997 0
2712 3043 0
2712 7208 0
2712 9055 0
2712 5247 0
2712 3284 0
2712 4646 0
2712 4649 0
2712 5389 0
2712 4657 0
2712 5432 0
2712 3426 0
2712 3429 0
2712 3461 0
2712 3462 0
2712 5516 0
2712 5529 0
2712 5539 0
2712 7632 0
2712 7633 0
2712 5620 0
2712 7721 0
2712 5759 0
2712 16031 0
2712 5835 0
2712 5836 0
2712 5855 0
2712 5881 0
2712 5882 0
2712 5885 0
2712 7936 0
2712 3848 0
2712 3884 0
2712 3885 0
2712 3886 0
2712 3887 0
2712 3888 0
2712 5938 0
2712 5953 0
2712 18244 0
2712 5981 0
2712 12132 0
2712 14187 0
2712 8062 0
2712 8064 0
2712 3986 0
2712 18332 0
2712 6065 0
2712 6068 0
2718 4110 0
2718 6162 0
2718 6165 0
2718 8287 0
2718 8306 0
2718 19837 0
2718 6526 0
2718 8440 0
2718 11745 1
2718 6484 0
2718 8571 0
2718 4534 0
2718 4550 0
2718 6599 0
2718 4566 0
2718 8674 0
2718 4624 0
2718 4646 0
2718 4664 0
2718 4666 0
2718 6737 0
2718 6738 0
2718 6739 0
2718 6740 0
2718 6741 0
2718 6792 0
2718 2718 0
2718 2722 0
2718 14790 0
2718 8875 0
2718 8881 0
2718 8922 0
2718 4828 0
2718 4859 0
2718 6968 0
2718 2881 0
2718 6986 0
2718 2981 0
2718 3043 0
2718 7208 0
2718 18244 0
2718 9055 0
2718 4961 0
2718 7010 0
2718 5247 0
2718 3336 0
2718 5389 0
2718 5432 0
2718 5469 0
2718 3426 0
2718 3429 0
2718 3461 0
2718 3462 0
2718 3464 0
2718 5516 0
2718 5539 0
2718 5543 0
2718 7632 0
2718 7633 0
2718 5029 0
2718 5620 0
2718 7721 0
2718 7783 0
2718 3745 0
2718 5835 0
2718 16079 0
2718 5855 0
2718 5881 0
2718 5882 0
2718 7936 0
2718 3848 0
2718 3884 0
2718 3885 0
2718 3887 0
2718 3888 0
2718 5938 0
2718 5953 0
2718 12132 0
2718 8062 0
2718 8064 0
2718 3986 0
2718 18332 0
2718 6065 0
2718 6068 0
2718 16031 0
2718 7073 0
2722 4110 0
2722 6162 0
2722 6165 0
2722 8287 0
2722 20592 0
2722 8306 0
2722 4302 0
2722 19837 0
2722 8440 0
2722 8506 0
2722 6484 0
2722 8571 0
2722 6526 0
2722 14790 0
2722 6599 0
2722 8674 0
2722 2881 0
2722 4624 0
2722 8758 0
2722 4664 0
2722 8768 0
2722 6737 0
2722 6738 0
2722 6739 0
2722 6740 0
2722 6741 0
2722 6792 0
2722 2722 0
2722 6867 0
2722 8922 0
2722 4828 0
2722 4859 0
2722 6968 0
2722 6986 0
2722 4961 0
2722 5029 0
2722 3043 0
2722 7208 0
2722 5247 0
2722 4646 0
2722 4648 0
2722 5432 0
2722 5469 0
2722 3426 0
2722 3429 0
2722 5497 0
2722 3461 0
2722 3462 0
2722 5539 0
2722 7633 0
2722 5620 0
2722 15893 0
2722 7721 0
2722 2997 0
2722 9055 0
2722 18060 0
2722 16031 0
2722 3745 0
2722 16079 0
2722 5855 0
2722 5882 0
2722 3884 0
2722 3885 0
2722 3887 0
2722 3888 0
2722 5938 0
2722 5953 0
2722 18244 0
2722 5981 0
2722 12132 0
2722 8062 0
2722 8064 0
2722 3986 0
2722 18332 0
2722 6065 0
2722 6068 0
2773 4550 0
2773 4555 0
2773 2773 0
2881 8881 0
2881 7208 0
2881 6739 0
2881 6741 0
2881 5828 1
2881 5835 0
2881 16079 0
2881 5855 0
2881 19837 0
2881 4855 0
2881 8440 0
2881 5881 0
2881 5882 0
2881 4859 0
2881 3884 0
2881 3885 0
2881 3886 0
2881 3887 0
2881 6792 0
2881 2881 0
2881 6986 0
2881 5620 0
2881 5469 0
2881 8062 0
2881 3461 0
2881 3462 0
2881 7073 0
2881 5539 0
2881 4534 0
2881 4566 0
2881 3043 0
2881 5885 0
2894 2926 1
2894 2927 1
2894 2895 1
2894 3870 1
2895 2925 1
2895 2926 0
2895 5247 0
2915 2915 2
2915 11787 1
2915 6159 1
2915 5432 1
2915 18298 1
2915 19427 1
2925 4300 1
2925 2926 1
2925 2927 1
2925 6065 1
2926 18244 0
2927 7632 0
2981 7721 0
2981 3884 0
2981 5981 0
2981 8287 0
2981 4859 0
2997 6162 0
2997 6165 0
2997 4301 0
2997 4302 0
2997 4622 0
2997 4624 0
2997 4627 0
2997 4628 0
2997 4629 0
2997 4634 0
2997 5029 0
2997 3283 0
2997 3284 0
2997 4647 0
2997 4648 0
2997 3336 0
2997 3426 0
2997 3429 0
2997 5586 0
2997 15893 0
2997 3628 0
2997 2997 0
2997 3745 0
2997 5938 0
2997 5981 0
2997 6065 0
2997 6068 0
3018 5828 1
3018 3018 0
3043 18543 0
3043 4550 0
3043 4555 0
3043 4622 0
3043 8867 0
3043 8881 0
3043 4859 0
3043 7037 1
3043 3043 0
3043 3461 0
3043 5516 0
3043 5828 1
3043 5882 0
3043 3870 0
3043 18244 0
3043 5432 0
3043 5981 0
3043 6062 0
3178 4622 0
3178 4629 0
3178 4669 1
3178 6739 0
3178 11294 0
3178 7783 0
3181 11294 0
3181 6739 0
3283 7721 0
3283 4110 0
3283 6752 0
3283 6165 0
3283 18543 0
3283 8867 0
3283 3283 0
3283 3284 0
3283 5855 0
3283 6867 0
3283 7053 0
3283 3426 0
3283 3429 0
3283 18299 0
3283 3986 0
3283 18332 0
3283 18346 0
3283 6065 0
3283 6068 0
3283 4534 0
3284 4110 0
3284 6165 0
3284 18543 0
3284 8867 0
3284 5981 0
3284 3426 0
3284 3986 0
3284 18332 0
3284 6065 0
3284 4534 0
3326 3326 2
3326 9846 1
3336 5389 0
3336 5247 0
3336 5828 1
3336 3745 0
3336 6792 0
3336 5855 0
3336 3336 0
3336 3462 0
3336 3986 0
3336 5469 0
3336 4852 0
3336 5586 0
3426 6162 0
3426 8306 0
3426 6165 0
3426 19837 0
3426 8440 0
3426 8469 0
3426 4647 0
3426 8571 0
3426 4550 0
3426 4566 0
3426 8674 0
3426 4629 0
3426 4631 0
3426 4634 0
3426 6737 0
3426 6738 0
3426 8867 0
3426 5938 0
3426 5029 0
3426 4961 0
3426 4628 0
3426 4648 0
3426 3426 0
3426 3429 0
3426 3461 0
3426 5529 0
3426 5539 0
3426 5981 0
3426 7632 0
3426 8506 0
3426 5620 0
3426 3628 0
3426 5759 0
3426 3745 0
3426 16079 0
3426 7936 0
3426 6269 0
3426 8064 0
3426 3986 0
3426 6065 0
3426 6068 0
3426 16031 0
3426 6080 0
3429 4624 0
3429 4647 0
3429 4649 0
3429 5981 0
3429 6737 0
3429 6738 0
3429 6739 0
3429 6741 0
3429 18332 0
3429 3745 0
3429 18346 0
3429 3848 0
3429 5389 0
3429 3886 0
3429 6484 0
3429 3986 0
3429 6065 0
3429 7633 0
3429 6740 0
3461 6162 0
3461 4649 0
3461 7013 0
3461 7303 0
3461 8867 0
3461 5855 0
3461 5882 0
3461 20227 0
3461 14790 0
3461 3886 0
3461 5981 0
3461 4961 0
3461 8768 0
3461 3461 0
3461 3986 0
3461 5029 0
3461 4550 0
3461 4555 0
3461 4560 0
3461 8440 0
3462 6162 0
3462 6165 0
3462 8768 0
3462 8287 0
3462 7303 0
3462 6792 0
3462 8867 0
3462 6599 0
3462 8881 0
3462 6867 0
3462 5885 0
3462 3886 0
3462 5938 0
3462 6986 0
3462 3745 0
3462 5981 0
3462 3462 0
3462 3464 0
3462 5516 0
3462 6068 0
3462 5620 0
3464 6162 0
3464 6165 0
3464 4640 0
3464 8287 0
3464 8867 0
3464 4300 0
3464 5881 0
3464 5882 0
3464 5885 0
3464 3464 0
3464 4560 0
3464 4566 0
3464 5620 0
3628 7721 0
3628 3628 0
3628 6080 0
3628 5835 0
3628 3745 0
3628 5885 0
3628 7013 0
3628 7035 0
3628 6065 0
3628 4555 0
3745 6165 0
3745 4301 0
3745 4534 0
3745 6741 0
3745 6792 0
3745 8867 0
3745 9055 0
3745 7010 0
3745 5247 0
3745 5432 0
3745 7721 0
3745 3745 0
3745 5835 0
3745 5836 0
3745 5855 0
3745 3884 0
3745 3885 0
3745 18244 0
3745 3986 0
3745 6065 0
3815 11294 0
3815 3826 0
3815 5497 0
3815 3986 0
3815 18332 0
3848 4622 0
3848 4624 0
3848 4627 0
3848 4628 0
3848 5981 0
3848 6737 0
3848 6740 0
3848 6741 0
3848 6162 0
3848 6165 0
3848 8867 0
3848 8875 0
3848 18332 0
3848 5855 0
3848 6739 0
3848 4647 0
3848 4649 0
3848 3848 0
3848 6484 0
3848 8469 0
3848 14790 0
3848 7632 0
3848 8881 0
3848 6738 0
3848 5885 0
3870 6165 0
3870 8867 0
3870 4534 0
3870 5855 0
3870 6752 0
3870 4859 0
3884 8287 0
3884 8768 0
3884 6737 0
3884 6741 0
3884 6159 0
3884 6792 0
3884 6739 0
3884 8867 0
3884 8881 0
3884 4301 0
3884 6867 0
3884 16079 0
3884 3885 0
3884 4859 0
3884 4860 0
3884 3884 0
3884 3886 0
3884 3887 0
3884 3888 0
3884 5432 0
3884 6484 0
3884 19837 0
3884 7073 0
3884 5539 0
3884 6068 0
3884 4534 0
3884 8875 0
3884 14790 0
3884 4855 0
3884 6738 0
3884 5620 0
3885 4624 0
3885 4627 0
3885 4640 0
3885 4645 0
3885 4646 0
3885 4648 0
3885 4657 0
3885 8758 0
3885 8768 0
3885 6741 0
3885 7303 0
3885 6792 0
3885 6867 0
3885 4647 0
3885 7208 0
3885 4855 0
3885 4859 0
3885 4860 0
3885 3885 0
3885 3886 0
3885 3887 0
3885 3888 0
3885 5432 0
3885 5981 0
3885 19837 0
3885 6068 0
3886 4622 0
3886 4648 0
3886 5981 0
3886 6741 0
3886 18543 0
3886 5759 0
3886 6792 0
3886 5828 1
3886 4300 0
3886 5855 0
3886 4855 0
3886 4859 0
3886 4860 0
3886 3886 0
3886 3887 0
3886 3888 0
3886 5469 0
3886 19837 0
3886 5539 0
3886 6068 0
3886 4534 0
3886 4566 0
3886 5620 0
3886 7208 0
3887 6741 0
3887 6792 0
3887 4855 0
3887 4859 0
3887 4860 0
3887 3887 0
3887 3888 0
3887 5981 0
3887 6068 0
3887 7633 0
3888 6792 0
3888 3888 0
3888 6068 0
3888 8768 0
3888 6741 0
3888 4855 0
3888 4859 0
3888 4860 0
3986 8306 0
3986 8469 0
3986 8506 0
3986 8571 0
3986 8758 0
3986 8768 0
3986 8867 0
3986 8875 0
3986 8881 0
3986 20227 0
3986 18117 0
3986 18543 0
3986 19837 0
3986 3986 0
3986 20592 0
3986 4300 0
3986 4301 0
3986 4302 0
3986 4510 0
3986 4534 0
3986 4550 0
3986 4566 0
3986 4622 0
3986 4624 0
3986 4627 0
3986 4628 0
3986 4640 0
3986 4645 0
3986 4646 0
3986 4647 0
3986 4648 0
3986 4649 0
3986 4657 0
3986 4852 0
3986 4859 0
3986 4961 0
3986 5029 0
3986 5247 0
3986 5469 0
3986 5497 0
3986 5516 0
3986 5529 0
3986 5885 0
3986 5938 0
3986 5953 0
3986 5981 0
3986 6068 0
3986 6080 0
3986 6162 0
3986 6165 0
3986 6401 0
3986 6484 0
3986 6737 0
3986 6739 0
3986 6740 0
3986 6741 0
3986 6752 0
3986 6820 0
3986 6867 0
3986 7303 0
3986 15893 0
3986 16031 0
3986 7930 0
3986 7936 0
3986 8064 0
4110 4110 0
4110 6162 0
4110 8287 0
4110 20592 0
4110 4647 0
4110 4550 0
4110 7930 0
4110 4622 0
4110 4624 0
4110 4627 0
4110 4628 0
4110 4629 0
4110 4631 0
4110 4632 0
4110 4634 0
4110 4640 0
4110 4645 0
4110 4657 0
4110 8768 0
4110 6741 0
4110 16933 0
4110 6867 0
4110 4855 0
4110 7303 0
4110 4646 0
4110 4648 0
4110 4649 0
4110 5389 0
4110 5539 0
4110 5882 0
4110 7936 0
4110 6792 0
4110 5953 0
4110 5981 0
4110 6068 0
4140 4629 0
4140 4632 0
4140 4640 0
4140 4647 0
4140 6792 0
4140 8867 0
4140 7930 0
4140 6401 0
4140 6484 0
4140 5981 0
4300 5469 0
4300 4664 0
4300 4669 1
4300 5981 0
4300 6739 0
4300 5953 0
4300 6080 0
4300 5835 0
4300 4300 0
4300 4301 0
4300 5247 0
4300 6062 0
4300 4555 0
4300 5586 0
4301 4664 0
4301 4669 1
4301 6739 0
4301 5247 0
4301 8867 0
4301 5881 0
4301 6065 0
4301 6068 0
4301 5586 0
4302 6401 0
4302 6065 0
4510 5598 1
4510 5885 0
4534 6165 0
4534 4534 0
4534 4859 0
4534 7073 0
4534 5247 0
4534 4632 0
4534 5432 0
4534 5469 0
4534 5586 0
4534 5855 0
4534 8064 0
4534 6080 0
4550 4550 0
4550 4555 0
4550 4560 0
4550 4566 0
4550 14790 0
4550 8875 0
4550 4859 0
4550 5247 0
4550 5389 0
4550 5432 0
4550 5835 0
4550 5855 0
4550 8064 0
4550 6062 0
4550 6068 0
4555 4647 0
4555 6165 0
4555 5835 0
4555 5855 0
4555 7035 0
4555 4855 0
4555 5247 0
4555 5389 0
4555 5432 0
4555 7013 0
4555 6080 0
4555 4555 0
4555 4560 0
4555 5882 0
4555 5620 0
4560 6162 0
4560 6165 0
4560 7208 0
4560 5885 0
4560 7073 0
4560 6062 0
4560 6068 0
4560 4560 0
4560 5620 0
4566 7721 0
4566 16031 0
4566 16079 0
4566 5855 0
4566 5882 0
4566 5885 0
4566 5529 0
4566 4566 0
4566 11745 1
4566 8674 0
4566 6739 0
4566 5620 0
4622 11787 0
4622 11788 0
4622 4624 0
4622 4627 0
4622 4628 0
4622 4629 0
4622 4631 0
4622 4632 0
4622 4634 0
4622 4645 0
4622 4646 0
4622 4647 0
4622 4648 0
4622 4649 0
4622 4657 0
4622 6068 0
4622 6737 0
4622 4622 0
4622 4640 0
4622 8469 0
4622 18332 0
4622 20227 0
4622 15893 0
4622 4855 0
4622 5881 0
4622 7930 0
4622 14978 0
4622 19427 0
4622 5981 0
4622 16233 0
4622 18631 0
4622 5539 0
4622 5885 0
4622 6741 0
4624 4624 0
4624 4627 0
4624 4628 0
4624 4631 0
4624 4632 0
4624 4634 0
4624 4640 0
4624 4645 0
4624 4647 0
4624 4649 0
4624 8287 0
4624 4629 0
4624 8867 0
4624 6867 0
4624 4646 0
4624 7633 0
4624 4648 0
4624 7930 0
4624 4657 0
4624 6792 0
4624 5981 0
4624 18332 0
4624 6065 0
4624 6068 0
4624 5885 0
4624 6741 0
4627 4628 0
4627 4629 0
4627 4631 0
4627 4632 0
4627 4634 0
4627 4640 0
4627 4645 0
4627 4646 0
4627 4648 0
4627 4649 0
4627 5885 0
4627 8306 0
4627 8881 0
4627 4647 0
4627 7930 0
4627 20227 0
4627 4657 0
4627 7010 0
4627 6065 0
4627 5539 0
4627 5981 0
4627 6068 0
4627 7633 0
4627 6741 0
4628 4629 0
4628 4631 0
4628 4632 0
4628 4634 0
4628 4640 0
4628 4645 0
4628 4646 0
4628 4647 0
4628 4648 0
4628 4649 0
4628 7010 0
4628 6739 0
4628 6741 0
4628 4628 0
4628 8881 0
4628 7721 0
4628 7930 0
4628 20227 0
4628 4657 0
4628 5981 0
4628 6065 0
4628 6068 0
4628 7633 0
4629 4631 0
4629 4632 0
4629 4634 0
4629 4640 0
4629 4645 0
4629 4647 0
4629 4648 0
4629 4649 0
4629 4657 0
4629 4646 0
4629 5881 0
4629 5882 0
4629 5981 0
4629 16233 0
4629 18631 0
4629 6065 0
4629 7633 0
4629 7930 0
4631 6165 0
4631 4631 0
4631 4632 0
4631 4634 0
4631 4640 0
4631 4645 0
4631 4646 0
4631 4647 0
4631 4648 0
4631 4649 0
4631 4657 0
4631 5855 0
4631 7930 0
4631 7633 0
4631 5885 0
4631 6741 0
4632 4640 0
4632 4645 0
4632 4646 0
4632 4647 0
4632 4648 0
4632 4649 0
4632 4657 0
4632 4634 0
4632 7930 0
4632 5885 0
4632 7633 0
4632 6741 0
4634 4640 0
4634 4645 0
4634 4646 0
4634 4647 0
4634 4648 0
4634 4649 0
4634 4657 0
4634 7930 0
4634 5981 0
4634 6065 0
4634 5885 0
4634 6741 0
4640 4645 0
4640 4646 0
4640 4647 0
4640 4648 0
4640 4649 0
4640 4657 0
4640 6739 0
4640 6162 0
4640 7930 0
4640 5885 0
4640 5981 0
4640 18332 0
4640 6068 0
4640 7633 0
4645 4645 0
4645 4646 0
4645 4647 0
4645 4648 0
4645 4649 0
4645 4657 0
4645 6738 0
4645 5529 0
4645 6867 0
4645 7930 0
4645 5885 0
4645 5981 0
4645 18332 0
4646 6165 0
4646 4647 0
4646 4648 0
4646 4649 0
4646 4657 0
4646 4677 0
4646 6739 0
4646 8287 0
4646 7930 0
4646 5885 0
4646 5981 0
4646 8064 0
4647 4647 0
4647 4648 0
4647 4649 0
4647 20227 0
4647 6737 0
4647 6738 0
4647 6165 0
4647 5835 0
4647 6741 0
4647 7930 0
4647 5885 0
4647 4657 0
4647 6484 0
4647 8571 0
4647 5529 0
4647 6065 0
4647 7633 0
4647 6739 0
4647 6740 0
4648 4649 0
4648 4657 0
4648 8768 0
4648 20592 0
4648 6867 0
4648 8440 0
4648 7930 0
4648 5885 0
4648 20227 0
4648 8571 0
4648 5529 0
4648 18332 0
4648 6065 0
4648 7633 0
4649 4649 0
4649 4657 0
4649 8287 0
4649 5855 0
4649 7930 0
4649 5759 0
4649 5885 0
4649 20227 0
4649 5981 0
4649 18332 0
4649 6068 0
4649 6740 0
4649 6741 0
4657 7930 0
4657 6792 0
4657 5885 0
4664 8875 0
4664 4664 0
4664 8287 0
4664 5855 0
4664 5981 0
4664 5543 0
4664 5029 0
4666 5649 1
4666 18346 0
4666 11294 0
4666 4666 0
4666 4674 0
4666 4676 1
4666 4677 0
4666 7638 0
4666 10869 0
4666 18299 0
4669 11294 1
4669 8758 1
4669 15934 1
4669 14978 1
4669 6820 1
4669 18631 1
4669 6861 1
4669 4855 1
4669 8506 1
4669 18293 1
4669 18298 1
4669 18299 1
4669 18346 1
4669 19427 1
4674 4676 1
4674 4677 0
4674 18958 0
4674 5649 1
4674 10869 0
4674 7638 0
4676 5649 2
4676 18332 1
4676 4676 2
4676 4677 1
4676 18958 1
4676 7638 1
4676 10869 1
4677 5649 1
4677 10869 0
4677 6068 0
4677 4677 0
4677 6738 0
4677 6741 0
4677 7638 0
4677 8881 0
4677 5855 0
4677 18958 0
4828 6737 0
4828 6752 0
4828 6738 0
4828 5855 0
4828 5885 0
4828 5432 0
4828 7053 0
4828 11745 1
4852 6068 0
4852 6080 0
4855 6741 0
4855 6792 0
4855 4855 0
4855 4859 0
4855 4860 0
4855 7208 0
4855 5432 0
4855 19837 0
4855 5539 0
4855 5828 1
4859 6159 0
4859 8287 0
4859 6526 0
4859 8768 0
4859 6740 0
4859 6741 0
4859 6792 0
4859 6867 0
4859 4859 0
4859 4860 0
4859 7208 0
4859 7303 0
4859 5432 0
4859 19837 0
4859 5620 0
4859 5759 0
4859 5828 1
4859 5855 0
4859 5981 0
4859 6065 0
4860 6159 0
4860 6792 0
4860 6867 0
4860 5981 0
4860 8064 0
4860 4860 0
4961 8881 0
4961 7208 0
4961 8768 0
4961 7233 0
4961 6740 0
4961 6741 0
4961 6737 0
4961 20592 0
4961 16031 0
4961 5855 0
4961 16098 0
4961 5529 0
4961 5953 0
4961 6484 0
4961 9055 0
4961 6065 0
4961 6599 0
4961 5029 0
4961 6739 0
5029 20592 0
5029 6484 0
5029 6526 0
5029 6599 0
5029 8768 0
5029 6739 0
5029 6740 0
5029 6741 0
5029 8881 0
5029 9055 0
5029 7208 0
5029 5529 0
5029 16031 0
5029 5855 0
5029 16098 0
5029 5885 0
5029 5953 0
5029 18332 0
5029 6065 0
5029 6068 0
5156 5156 2
5247 8881 0
5247 8306 0
5247 6165 0
5247 7303 0
5247 6867 0
5247 5432 0
5247 5469 0
5247 8768 0
5247 5586 0
5389 6162 0
5389 8287 0
5389 8867 0
5389 5389 0
5389 5469 0
5389 5586 0
5389 5885 0
5389 5953 0
5389 5981 0
5432 6159 0
5432 5432 0
5432 5469 0
5432 5586 0
5432 7638 0
5432 5683 0
5432 5828 1
5432 5855 0
5432 5981 0
5469 6162 0
5469 8287 0
5469 8881 0
5469 5981 0
5469 5469 0
5469 19837 0
5469 5586 0
5469 5759 0
5469 5835 0
5469 5855 0
5469 5881 0
5469 5885 0
5469 7633 0
5469 6080 0
5469 6792 0
5497 8768 0
5497 8306 0
5497 16031 0
5497 18332 0
5497 6739 0
5516 9102 0
5516 6068 0
5516 5828 1
5516 7633 0
5516 6740 0
5516 5885 0
5529 7936 0
5529 6165 0
5529 6741 0
5529 16031 0
5529 8867 0
5529 5529 0
5529 7303 0
5529 8506 0
5529 6739 0
5529 7208 0
5539 15893 0
5539 5953 0
5539 5855 0
5539 6792 0
5539 8064 0
5539 5539 0
5539 6080 0
5543 6162 0
5543 6165 0
5543 8287 0
5543 6269 0
5543 15893 0
5543 5855 0
5543 5543 0
5586 5835 0
5586 5885 0
5586 5953 0
5586 19837 0
5586 8064 0
5586 6062 0
5586 6065 0
5586 6080 0
5586 5586 0
5586 5620 0
5598 6401 1
5620 6162 0
5620 7208 0
5620 8768 0
5620 7010 0
5620 8287 0
5620 6792 0
5620 8881 0
5620 5828 1
5620 5835 0
5620 16079 0
5620 6867 0
5620 8440 0
5620 5882 0
5620 6986 0
5620 5981 0
5620 5885 0
5620 5620 0
5649 18958 1
5649 10869 1
5649 7638 1
5649 5981 1
5683 6401 0
5683 5683 0
5683 6068 0
5683 6599 0
5759 6165 0
5759 5981 0
5759 5759 0
5759 8867 0
5759 16079 0
5759 18332 0
5828 6792 1
5828 18117 1
5828 8867 1
5828 5828 2
5828 5835 1
5828 5836 1
5828 16079 1
5828 8440 1
5828 5882 1
5828 9846 1
5828 6968 1
5828 5981 1
5828 7013 1
5828 19837 1
5828 6986 1
5835 5981 0
5835 6792 0
5835 5836 0
5835 5835 0
5835 6867 0
5835 8922 0
5835 5881 0
5835 5882 0
5835 5885 0
5835 20227 0
5835 6968 0
5835 6986 0
5835 7010 0
5835 7013 0
5835 7035 0
5835 6080 0
5835 7632 0
5836 7303 0
5836 5836 0
5836 5881 0
5836 5882 0
5836 5885 0
5836 20227 0
5836 6968 0
5836 8506 0
5836 6986 0
5836 5981 0
5855 6159 0
5855 6162 0
5855 8287 0
5855 8306 0
5855 6165 0
5855 8875 0
5855 8881 0
5855 6737 0
5855 6738 0
5855 6752 0
5855 7073 0
5855 7035 0
5855 5855 0
5855 7930 0
5855 5938 0
5855 5953 0
5855 5981 0
5855 6068 0
5881 7208 0
5881 5981 0
5881 5881 0
5881 5882 0
5881 6968 0
5881 6986 0
5881 7010 0
5881 8062 0
5881 7073 0
5881 5885 0
5882 6162 0
5882 8881 0
5882 8287 0
5882 8440 0
5882 8768 0
5882 6792 0
5882 6867 0
5882 8922 0
5882 6968 0
5882 7010 0
5882 7013 0
5882 7035 0
5882 7037 1
5882 7073 0
5882 6986 0
5882 7208 0
5882 19837 0
5882 15893 0
5882 16079 0
5882 5882 0
5882 5885 0
5882 5981 0
5882 8062 0
5885 8287 0
5885 6269 0
5885 6867 0
5885 8440 0
5885 6401 0
5885 8506 0
5885 7930 0
5885 8674 0
5885 6741 0
5885 6968 0
5885 7010 0
5885 7208 0
5885 15893 0
5885 8768 0
5885 8460 0
5885 16079 0
5885 5885 0
5885 7936 0
5885 6792 0
5885 18244 0
5885 5981 0
5885 6068 0
5885 6080 0
5938 6739 0
5938 8287 0
5938 8440 0
5938 5938 0
5938 12132 0
5938 7632 0
5938 8674 0
5953 6165 0
5953 8758 0
5953 6737 0
5953 6738 0
5953 16098 0
5953 6792 0
5953 5953 0
5953 9055 0
5953 18332 0
5981 8287 0
5981 8306 0
5981 8440 0
5981 8506 0
5981 8758 0
5981 8768 0
5981 8875 0
5981 8881 0
5981 19837 0
5981 20227 0
5981 20592 0
5981 8922 0
5981 5981 0
5981 6065 0
5981 6068 0
5981 6165 0
5981 6484 0
5981 14790 0
5981 6599 0
5981 6737 0
5981 6738 0
5981 6739 0
5981 6740 0
5981 6741 0
5981 6792 0
5981 6861 0
5981 6867 0
5981 6968 0
5981 6986 0
5981 7010 0
5981 7073 0
5981 7208 0
5981 7303 0
5981 8064 0
5981 16031 0
5981 16079 0
6065 6162 0
6065 6165 0
6065 8768 0
6065 15893 0
6065 6065 0
6065 6068 0
6065 6080 0
6068 6162 0
6068 6165 0
6068 8881 0
6068 18543 0
6068 6269 0
6068 6401 0
6068 6484 0
6068 6599 0
6068 8758 0
6068 8768 0
6068 6738 0
6068 6739 0
6068 6740 0
6068 6741 0
6068 6752 0
6068 8867 0
6068 8674 0
6068 8287 0
6068 13360 0
6068 20227 0
6068 7721 0
6068 8064 0
6068 18332 0
6068 6068 0
6080 6165 0
6080 7721 0
6080 7010 0
6080 6080 0
6080 7013 0
6080 7035 0
6080 18332 0
6080 7633 0
6159 11787 0
6159 6159 0
6159 11294 0
6159 8768 0
6159 6752 0
6159 6867 0
6159 18293 0
6159 18298 0
6159 18299 0
6162 6162 0
6162 6165 0
6162 20592 0
6162 14790 0
6162 6599 0
6162 8768 0
6162 6739 0
6162 6741 0
6162 8867 0
6162 8922 0
6162 9055 0
6162 19837 0
6162 7633 0
6162 7783 0
6162 18060 0
6162 16079 0
6162 18332 0
6165 8881 0
6165 6820 0
6165 6165 0
6165 8506 0
6165 6739 0
6165 6740 0
6165 6741 0
6165 6792 0
6165 6867 0
6165 8768 0
6165 7633 0
6165 15893 0
6165 16079 0
6165 18332 0
6165 16031 0
6165 8867 0
6269 6269 0
6269 7721 0
6401 20227 0
6401 11294 0
6401 7303 0
6401 6599 0
6401 6401 0
6484 8571 0
6484 14790 0
6484 6737 0
6484 6738 0
6484 6739 0
6484 6740 0
6484 6741 0
6484 6752 0
6484 8875 0
6484 8881 0
6484 7303 0
6484 7632 0
6484 16031 0
6526 6739 0
6526 6526 0
6599 13360 0
6599 20227 0
6737 8287 0
6737 14790 0
6737 6738 0
6737 6739 0
6737 6740 0
6737 6741 0
6737 8875 0
6737 8881 0
6737 7633 0
6737 16031 0
6738 14790 0
6738 6738 0
6738 6739 0
6738 6740 0
6738 6741 0
6738 6752 0
6738 8875 0
6738 8881 0
6738 7053 0
6738 7632 0
6738 16031 0
6739 8875 0
6739 8306 0
6739 8469 0
6739 8571 0
6739 14790 0
6739 8768 0
6739 6739 0
6739 6740 0
6739 6741 0
6739 8867 0
6739 8881 0
6739 6867 0
6739 7303 0
6739 7037 1
6739 7035 0
6739 7632 0
6739 7013 0
6739 16031 0
6740 8469 0
6740 14790 0
6740 6741 0
6740 8867 0
6740 8875 0
6740 8881 0
6740 7303 0
6740 7632 0
6740 16031 0
6741 19837 0
6741 8469 0
6741 14790 0
6741 8768 0
6741 6741 0
6741 6792 0
6741 8875 0
6741 8881 0
6741 6867 0
6741 7303 0
6741 7632 0
6741 16031 0
6741 18332 0
6752 8768 0
6752 6752 0
6752 6867 0
6752 11745 1
6792 8440 0
6792 6792 0
6792 6986 0
6792 7010 0
6792 7013 0
6792 7208 0
6792 19837 0
6792 7633 0
6792 8506 0
6792 15893 0
6792 16079 0
6792 8062 0
6820 11745 1
6861 8768 0
6867 8768 0
6867 7233 0
6867 8440 0
6867 16031 0
6867 8881 0
6867 8922 0
6867 16079 0
6867 9055 0
6867 19837 0
6867 6867 0
6867 7208 0
6867 18332 0
6968 7303 0
6968 16098 0
6968 7936 0
6968 6968 0
6968 8506 0
6968 6986 0
6968 7013 0
6968 7035 0
6968 7037 1
6986 7208 0
6986 8460 0
6986 16079 0
6986 8922 0
6986 6986 0
6986 7010 0
6986 7013 0
6986 7035 0
6986 7037 1
6986 7073 0
7010 16079 0
7010 8440 0
7010 7010 0
7010 7073 0
7013 8922 0
7013 8440 0
7013 7013 0
7013 7035 0
7013 7037 1
7013 7073 0
7035 7073 0
7035 7037 1
7037 15366 1
7037 7073 1
7037 7037 2
7053 7053 0
7073 7073 0
7073 8287 0
7073 7208 0
7208 7208 0
7208 8768 0
7208 8287 0
7208 8062 0
7303 7721 0
7303 7303 0
7303 16031 0
7303 8881 0
7303 8922 0
7303 7633 0
7303 18332 0
7632 8287 0
7632 14978 0
7632 16031 0
7632 8881 0
7632 14790 0
7633 8287 0
7633 8768 0
7633 8867 0
7633 11294 0
7633 14187 0
7633 7633 0
7633 15893 0
7633 7721 0
7633 18060 0
7633 8064 0
7638 7638 0
7638 18958 0
7721 8064 0
7721 16031 0
7783 18631 0
7783 8064 0
7930 20227 0
7930 9055 0
7936 16933 0
7936 19837 0
8062 8062 0
8062 16079 0
8062 19837 0
8064 8287 0
8064 15893 0
8064 8506 0
8064 8064 0
8064 11745 1
8287 12132 0
8287 8287 0
8287 8469 0
8287 11745 1
8287 18060 0
8287 8674 0
8306 8768 0
8306 8881 0
8306 18332 0
8306 11745 1
8440 8768 0
8440 16079 0
8440 8440 0
8460 8460 0
8460 16079 0
8469 16031 0
8469 14790 0
8506 16031 0
8506 18332 0
8571 18332 0
8674 9102 0
8674 8674 0
8731 17025 2
8758 16098 0
8768 8768 0
8768 8867 0
8768 8922 0
8768 19837 0
8768 16079 0
8768 18332 0
8867 8867 0
8867 9055 0
8867 18332 0
8875 18332 0
8875 14790 0
8875 8875 0
8875 8881 0
8881 8881 0
8881 14790 0
8881 15893 0
8881 16031 0
8881 18332 0
8922 8922 0
9102 18060 0
9102 9102 0
9846 9846 0
10869 18958 0
10869 10869 0
11294 11294 0
11294 11787 0
11294 11788 0
11294 14978 0
11294 19427 0
11294 18293 0
11294 18298 0
11294 18299 0
11294 18346 0
11745 17273 1
11787 14978 0
11787 18293 0
11787 18298 0
11787 18299 0
11788 14978 0
11788 18293 0
11788 18299 0
11788 17025 1
11788 18298 0
14231 14231 0
14790 16031 0
14978 14978 0
14978 18299 0
14978 18298 0
14978 18332 0
14978 19427 0
14978 18293 0
15893 15893 0
15893 16233 0
16031 16031 0
16079 16079 0
16079 18244 0
16233 17025 1
16233 16233 0
18060 18060 0
18117 18298 0
18293 18293 0
18293 18299 0
18293 19427 0
18293 18298 0
18293 18346 0
18298 19427 0
18298 18298 0
18298 18299 0
18298 18346 0
18299 19427 0
18299 18299 0
18299 18346 0
18332 20592 0
18346 19427 0
18346 18346 0
18543 20592 0
18958 18958 0
19837 19837 0
20227 20227 0
