7084 2599 0
7084 2606 0
7084 5469 0
7084 53 1
7084 7077 0
7084 1160 0
7084 3729 0
7084 1687 0
7084 168 0
7084 1197 0
7084 722 1
7084 4822 0
7084 5855 0
7084 4859 0
7084 301 0
7084 3353 0
7084 3354 0
7084 861 0
7084 7084 0
7084 6078 0
7084 3043 0
3594 1160 0
3594 2712 0
3594 2718 0
3594 1197 0
3594 1741 0
3594 5882 0
3594 1882 1
3594 5469 0
3594 1927 1
3594 3986 0
3594 5523 0
3594 5022 0
3594 4551 0
5646 15430 1
5646 5646 2
13843 13843 0
13843 20 0
13843 53 1
13843 65 0
13843 1653 0
13843 5243 0
13843 5247 0
13843 16527 0
13843 1170 0
13843 2712 0
13843 2718 0
13843 3745 0
13843 2722 0
13843 8372 0
13843 5893 0
13843 729 0
13843 2338 0
13843 5464 0
13843 5981 0
13843 2962 1
13843 7064 0
13843 2500 0
13843 6739 0
20 20 0
20 4222 0
20 6165 0
20 4300 0
20 4301 0
20 4339 0
20 2338 0
20 4536 0
20 2712 0
20 2718 0
20 719 0
20 4822 0
20 729 0
20 827 0
20 861 0
20 899 0
20 2962 1
20 3043 0
20 5247 0
20 1170 0
20 5432 0
20 5464 0
20 5469 0
20 1384 0
20 7662 0
20 1687 0
20 1714 0
20 1741 0
20 5855 0
20 988 0
20 5981 0
20 1927 1
20 3986 0
6165 53 1
6165 65 0
6165 168 0
6165 8372 0
6165 242 0
6165 6165 0
6165 2338 0
6165 337 0
6165 4465 0
6165 4524 0
6165 4525 0
6165 4536 0
6165 19879 0
6165 2594 0
6165 2599 0
6165 2606 0
6165 6739 0
6165 2703 0
6165 2712 0
6165 2718 0
6165 2722 0
6165 729 0
6165 861 0
6165 5004 0
6165 911 0
6165 2997 0
6165 9173 0
6165 13284 0
6165 1022 0
6165 3141 0
6165 5243 0
6165 5247 0
6165 3283 0
6165 5464 0
6165 1383 0
6165 7064 0
6165 5529 0
6165 7662 0
6165 1591 0
6165 5788 0
6165 3745 0
6165 5855 0
6165 5893 0
6165 5981 0
6165 8065 0
6165 1927 1
6165 3986 0
6165 1943 0
6165 6065 0
5658 8065 1
5658 4371 1
5658 5658 2
5658 7077 1
5658 2500 1
5658 2501 1
5658 4551 1
5658 1653 1
5658 10489 1
5658 4223 1
2594 53 1
2594 168 0
2594 242 0
2594 2338 0
2594 2384 0
2594 337 0
2594 338 0
2594 4524 0
2594 4525 0
2594 2594 0
2594 2599 0
2594 2606 0
2594 6739 0
2594 2703 0
2594 2718 0
2594 2722 0
2594 2762 0
2594 772 0
2594 821 0
2594 4956 0
2594 861 0
2594 4958 0
2594 5004 0
2594 911 0
2594 5029 0
2594 5044 0
2594 2997 0
2594 11236 0
2594 1022 0
2594 4957 0
2594 3141 0
2594 5243 0
2594 3283 0
2594 1383 0
2594 1384 0
2594 7064 0
2594 5529 0
2594 19879 0
2594 1591 0
2594 1653 0
2594 3745 0
2594 1741 0
2594 5855 0
2594 7986 0
2594 8065 0
2594 1927 1
2594 2712 0
2594 3986 0
2594 1943 0
2594 6065 0
2594 6078 0
5467 5253 0
5467 7064 0
5467 3745 0
5467 1927 1
5467 53 1
5467 17086 0
5467 12619 0
5467 9173 0
5467 5464 0
5467 3043 0
5467 4464 0
2599 19879 0
2599 2599 0
2599 2712 0
2599 2606 0
2599 4957 0
2599 53 1
2599 6739 0
2599 5243 0
2599 2718 0
2599 2722 0
2599 2762 0
2599 1741 0
2599 242 0
2599 772 0
2599 2338 0
2599 5529 0
2599 7986 0
2599 821 0
2599 338 0
2599 11236 0
2599 4956 0
2599 861 0
2599 4958 0
2599 1383 0
2599 1384 0
2599 3729 0
2599 8065 0
2599 1927 1
2599 5004 0
2599 3986 0
2599 1943 0
2599 3141 0
2599 5029 0
2599 4524 0
2599 4525 0
2599 6065 0
2599 5044 0
2599 2997 0
2599 6078 0
2599 2500 0
7721 5893 0
7721 2606 0
7721 53 1
7721 1591 0
7721 65 0
7721 1653 0
7721 2703 0
7721 2712 0
7721 2718 0
7721 3745 0
7721 2722 0
7721 3283 0
7721 8064 0
7721 1927 1
7721 911 0
7721 7064 0
7721 242 0
7721 1022 0
2606 53 1
2606 4339 0
2606 4371 0
2606 2338 0
2606 337 0
2606 338 0
2606 6739 0
2606 2722 0
2606 2762 0
2606 4859 0
2606 821 0
2606 4956 0
2606 4957 0
2606 4958 0
2606 899 0
2606 5004 0
2606 2962 1
2606 5029 0
2606 5044 0
2606 11236 0
2606 861 0
2606 1383 0
2606 1384 0
2606 5529 0
2606 19879 0
2606 1591 0
2606 2997 0
2606 1653 0
2606 3729 0
2606 1687 0
2606 3745 0
2606 5855 0
2606 7986 0
2606 5981 0
2606 3986 0
2606 1943 0
2606 6065 0
2606 6078 0
4957 53 1
4957 693 0
4957 242 0
4957 4465 0
4957 4524 0
4957 6739 0
4957 2712 0
4957 719 0
4957 827 0
4957 4956 0
4957 861 0
4957 4958 0
4957 5004 0
4957 7064 0
4957 5029 0
4957 13284 0
4957 1022 0
4957 5243 0
4957 1160 0
4957 5464 0
4957 1383 0
4957 1384 0
4957 5523 0
4957 19879 0
4957 1591 0
4957 1653 0
4957 1674 0
4957 5793 0
4957 3747 0
4957 3759 0
4957 5855 0
4957 5866 0
4957 7986 0
4957 14157 0
4957 5981 0
4957 1927 1
4957 1943 0
4957 8129 0
4957 3745 0
53 53 2
53 60 1
53 693 1
53 65 1
53 4222 1
53 16527 1
53 168 1
53 8372 1
53 4301 1
53 4337 1
53 242 1
53 250 1
53 2338 1
53 301 1
53 12619 1
53 2384 1
53 337 1
53 338 1
53 4463 1
53 4464 1
53 4465 1
53 16762 1
53 8129 1
53 4536 1
53 2500 1
53 2501 1
53 6604 1
53 12766 1
53 19879 1
53 2703 1
53 2712 1
53 2718 1
53 2722 1
53 4780 1
53 17086 1
53 2762 1
53 719 1
53 729 1
53 772 1
53 5253 1
53 821 1
53 4956 1
53 4958 1
53 899 1
53 5004 1
53 911 1
53 912 1
53 7064 1
53 5029 1
53 5044 1
53 2997 1
53 9173 1
53 5080 1
53 988 1
53 1022 1
53 861 1
53 3141 1
53 15430 1
53 5243 1
53 5245 1
53 5247 1
53 1170 1
53 3269 1
53 3283 1
53 19689 1
53 3354 1
53 1335 1
53 5464 1
53 5469 1
53 1383 1
53 1384 1
53 5529 1
53 7662 1
53 6739 1
53 11236 1
53 1591 1
53 7741 1
53 13284 1
53 1653 1
53 3729 1
53 1687 1
53 5787 1
53 5788 1
53 3745 1
53 3747 1
53 3759 1
53 1714 1
53 1741 1
53 5855 1
53 5865 1
53 5866 1
53 5893 1
53 14107 1
53 7986 1
53 14157 1
53 5981 1
53 8064 1
53 1925 1
53 1927 2
53 1943 1
53 6065 1
53 6078 1
53 8130 1
53 8131 1
53 5793 1
1591 60 0
1591 4301 0
1591 4339 0
1591 250 0
1591 2338 0
1591 338 0
1591 4464 0
1591 16762 0
1591 4536 0
1591 6739 0
1591 2703 0
1591 2712 0
1591 2718 0
1591 2722 0
1591 4780 0
1591 729 0
1591 17158 0
1591 821 0
1591 4956 0
1591 861 0
1591 4958 0
1591 5004 0
1591 5029 0
1591 5044 0
1591 988 0
1591 11236 0
1591 5243 0
1591 5245 0
1591 1170 0
1591 1197 0
1591 19689 0
1591 3353 0
1591 2962 1
1591 5529 0
1591 5981 0
1591 19879 0
1591 1591 0
1591 7741 0
1591 2997 0
1591 1653 0
1591 1687 0
1591 5788 0
1591 5855 0
1591 3986 0
1591 1943 0
1591 6065 0
60 60 0
60 15430 0
60 5253 0
60 1674 0
60 16527 0
60 3729 0
60 2718 0
60 3745 0
60 2722 0
60 17086 0
60 3269 0
60 5882 0
60 4859 0
60 2338 0
60 5432 0
60 2384 0
60 861 0
60 4464 0
60 4465 0
60 16762 0
60 1927 1
60 911 0
60 912 0
60 1943 0
60 7064 0
60 2997 0
60 12619 0
60 12766 0
60 13284 0
7741 5243 0
7741 2712 0
7741 2718 0
7741 8372 0
7741 1653 0
7741 242 0
7741 8064 0
7741 1927 1
7741 3745 0
1086 649 1
1087 5788 1
1087 250 1
65 1197 0
65 1653 0
65 5247 0
65 2703 0
65 2712 0
65 3745 0
65 2722 0
65 2762 0
65 1741 0
65 5865 0
65 5866 0
65 5253 0
65 2338 0
65 821 0
65 2384 0
65 4464 0
65 8065 0
65 1927 1
65 3986 0
65 1943 0
65 7064 0
65 5787 0
65 6065 0
65 2997 0
65 12619 0
65 6604 0
65 9173 0
65 12766 0
65 3043 0
65 13284 0
3141 5981 0
3141 3141 0
3141 1653 0
3141 5243 0
3141 2712 0
3141 2718 0
3141 2722 0
3141 4780 0
3141 5855 0
3141 19879 0
3141 242 0
3141 772 0
3141 3353 0
3141 3354 0
3141 5529 0
3141 5427 1
3141 338 0
3141 1882 1
3141 861 0
3141 1383 0
3141 1384 0
3141 3986 0
3141 3729 0
3141 8065 0
3141 5004 0
3141 1943 0
3141 4337 0
3141 6065 0
3141 5044 0
3141 2997 0
3141 5029 0
3141 11236 0
3141 6739 0
15430 4223 0
15430 4337 0
6739 1383 0
6739 4464 0
6739 4300 0
6739 4301 0
6739 2338 0
6739 4463 0
6739 4524 0
6739 19879 0
6739 6739 0
6739 2703 0
6739 2712 0
6739 2718 0
6739 2722 0
6739 693 0
6739 4958 0
6739 5004 0
6739 5029 0
6739 5044 0
6739 14157 0
6739 988 0
6739 1022 0
6739 5243 0
6739 19689 0
6739 5464 0
6739 1384 0
6739 5529 0
6739 1653 0
6739 1674 0
6739 1741 0
6739 5893 0
6739 5981 0
6739 1927 1
6739 3986 0
6739 8131 0
13284 12619 0
13284 17086 0
13284 5253 0
13284 16527 0
13284 3745 0
13284 4780 0
13284 3759 0
13284 1714 0
13284 693 0
13284 3269 0
13284 719 0
13284 5855 0
13284 242 0
13284 14107 0
13284 2338 0
13284 7986 0
13284 12766 0
13284 1335 0
13284 2384 0
13284 337 0
13284 338 0
13284 5464 0
13284 4956 0
13284 861 0
13284 4958 0
13284 4463 0
13284 4464 0
13284 4465 0
13284 1927 1
13284 911 0
13284 912 0
13284 3986 0
13284 7064 0
13284 5981 0
13284 8129 0
13284 8131 0
13284 6604 0
13284 9173 0
13284 988 0
13284 1022 0
5747 1065 1
5747 5747 0
5747 1714 0
5747 5432 0
5747 1365 0
5747 1927 1
5747 1943 0
1653 16527 0
1653 250 0
1653 693 0
1653 827 0
1653 861 0
1653 1160 0
1653 1197 0
1653 1383 0
1653 1653 0
1653 1674 0
1653 1714 0
1653 1943 0
1653 10489 0
1653 2338 0
1653 2501 0
1653 5882 0
1653 2722 0
1653 3353 0
1653 3356 0
1653 19879 0
1653 3729 0
1653 3986 0
1653 4464 0
1653 4465 0
1653 4536 0
1653 4956 0
1653 5004 0
1653 5029 0
1653 4958 0
1653 5243 0
1653 5523 0
1653 5529 0
1653 5787 0
1653 5855 0
1653 5865 0
1653 14107 0
1653 6065 0
1653 6078 0
1653 7986 0
1653 8064 0
1653 8131 0
5243 4222 0
5243 168 0
5243 8372 0
5243 4301 0
5243 242 0
5243 2338 0
5243 337 0
5243 4465 0
5243 17158 0
5243 2703 0
5243 2712 0
5243 2718 0
5243 2722 0
5243 2762 0
5243 729 0
5243 4859 0
5243 772 0
5243 821 0
5243 4956 0
5243 4958 0
5243 5004 0
5243 5029 0
5243 5044 0
5243 5080 0
5243 988 0
5243 3043 0
5243 11236 0
5243 5247 0
5243 1170 0
5243 19689 0
5243 1383 0
5243 1384 0
5243 2962 1
5243 1943 0
5243 5529 0
5243 19879 0
5243 3729 0
5243 5787 0
5243 1714 0
5243 1741 0
5243 5855 0
5243 5882 0
5243 5893 0
5243 7986 0
5243 8064 0
5243 8065 0
5243 3986 0
5243 6065 0
5245 2338 0
5245 1927 1
5245 5245 0
4222 1927 1
4222 4223 0
4223 3729 0
4223 8372 0
4223 2338 0
4223 5432 0
4223 4956 0
4223 1927 1
4223 6078 0
4223 2500 0
5253 5253 0
5253 1674 0
5253 16527 0
5253 3745 0
5253 3759 0
5253 693 0
5253 17086 0
5253 3269 0
5253 5865 0
5253 5866 0
5253 242 0
5253 3353 0
5253 14107 0
5253 2338 0
5253 988 0
5253 7986 0
5253 1335 0
5253 12619 0
5253 2384 0
5253 5464 0
5253 861 0
5253 4463 0
5253 4464 0
5253 7064 0
5253 1925 0
5253 1927 1
5253 911 0
5253 912 0
5253 8129 0
5253 8130 0
5253 8131 0
5253 6604 0
5253 9173 0
5253 3043 0
5253 1022 0
1160 5469 0
1160 168 0
1160 4371 0
1160 301 0
1160 4536 0
1160 2500 0
1160 2501 0
1160 4551 0
1160 722 1
1160 4859 0
1160 5022 0
1160 7077 0
1160 3043 0
1160 861 0
1160 1160 0
1160 3353 0
1160 3354 0
1160 5427 1
1160 5434 0
1160 1384 0
1160 5523 0
1160 3729 0
1160 1687 0
1160 3745 0
1160 1741 0
1160 5855 0
1160 5432 0
1160 1882 1
649 649 0
649 2718 0
649 1065 1
649 4339 0
649 5247 0
1674 16762 0
1674 1674 0
1674 1687 0
1674 5787 0
1674 3745 0
1674 4551 0
1674 3759 0
1674 17086 0
1674 3283 0
1674 9173 0
1674 861 0
1674 2338 0
1674 7986 0
1674 827 0
1674 12619 0
1674 337 0
1674 338 0
1674 1882 1
1674 4956 0
1674 5469 0
1674 4958 0
1674 4464 0
1674 8064 0
1674 1927 1
1674 3986 0
1674 7064 0
1674 19879 0
1674 8130 0
1674 8131 0
16527 5247 0
16527 1170 0
16527 3745 0
16527 4780 0
16527 17086 0
16527 1741 0
16527 4301 0
16527 729 0
16527 5855 0
16527 2338 0
16527 7986 0
16527 12619 0
16527 4956 0
16527 861 0
16527 4464 0
16527 4465 0
16527 1927 1
16527 1943 0
16527 7064 0
16527 6065 0
16527 8130 0
16527 8131 0
16527 9173 0
16527 988 0
16527 12766 0
3729 242 0
3729 4371 0
3729 4463 0
3729 2500 0
3729 2501 0
3729 4551 0
3729 2703 0
3729 2718 0
3729 2722 0
3729 4822 0
3729 4859 0
3729 827 0
3729 7077 0
3729 3043 0
3729 3283 0
3729 3353 0
3729 3354 0
3729 5432 0
3729 1383 0
3729 8372 0
3729 3729 0
3729 1687 0
3729 1741 0
3729 5855 0
3729 5893 0
3729 5981 0
3729 1927 1
3729 1943 0
3729 6078 0
1170 4300 0
1170 4301 0
1170 2338 0
1170 4463 0
1170 4524 0
1170 2712 0
1170 2722 0
1170 729 0
1170 2962 1
1170 5044 0
1170 988 0
1170 5247 0
1170 3283 0
1170 3354 0
1170 5432 0
1170 5469 0
1170 1383 0
1170 1384 0
1170 7662 0
1170 1714 0
1170 5855 0
1170 1882 1
1170 5981 0
1170 1927 1
1170 3986 0
1170 8129 0
1687 168 0
1687 4300 0
1687 242 0
1687 4822 0
1687 4371 0
1687 2338 0
1687 301 0
1687 4536 0
1687 2500 0
1687 722 1
1687 4859 0
1687 827 0
1687 861 0
1687 3043 0
1687 1022 0
1687 5981 0
1687 1197 0
1687 8064 0
1687 3353 0
1687 3354 0
1687 3356 0
1687 5427 1
1687 5432 0
1687 5434 0
1687 5469 0
1687 1384 0
1687 5523 0
1687 19879 0
1687 7077 0
1687 1687 0
1687 1741 0
1687 5855 0
1687 5882 0
1687 6078 0
2712 168 0
2712 4301 0
2712 242 0
2712 2338 0
2712 337 0
2712 338 0
2712 4463 0
2712 4465 0
2712 2500 0
2712 2501 0
2712 6604 0
2712 2703 0
2712 2712 0
2712 2718 0
2712 2722 0
2712 693 0
2712 4822 0
2712 729 0
2712 4859 0
2712 772 0
2712 7986 0
2712 4956 0
2712 861 0
2712 4958 0
2712 899 0
2712 5004 0
2712 2962 1
2712 5029 0
2712 5044 0
2712 2997 0
2712 5080 0
2712 3043 0
2712 11236 0
2712 988 0
2712 1022 0
2712 5247 0
2712 17158 0
2712 3354 0
2712 5432 0
2712 1383 0
2712 1384 0
2712 5529 0
2712 19879 0
2712 7077 0
2712 1714 0
2712 1741 0
2712 5855 0
2712 5882 0
2712 5893 0
2712 14157 0
2712 5981 0
2712 8064 0
2712 3986 0
2712 1943 0
2712 6065 0
2712 6078 0
5787 5787 0
5787 2718 0
5787 2338 0
5787 7986 0
5787 5464 0
5787 1927 1
5787 3986 0
5787 4464 0
5788 5788 0
5788 5793 0
5788 5855 0
5788 827 0
5788 14157 0
5788 4956 0
5788 861 0
5788 1943 0
2718 168 0
2718 242 0
2718 2338 0
2718 301 0
2718 12619 0
2718 337 0
2718 5523 0
2718 4524 0
2718 4525 0
2718 4536 0
2718 2500 0
2718 6604 0
2718 19879 0
2718 2703 0
2718 2718 0
2718 2501 0
2718 2722 0
2718 719 0
2718 4859 0
2718 772 0
2718 7986 0
2718 827 0
2718 861 0
2718 5004 0
2718 5022 0
2718 5044 0
2718 3043 0
2718 5247 0
2718 1882 1
2718 19689 0
2718 5432 0
2718 5464 0
2718 5469 0
2718 1383 0
2718 1384 0
2718 1943 0
2718 5029 0
2718 3745 0
2718 1741 0
2718 5855 0
2718 5882 0
2718 14157 0
2718 8064 0
2718 8065 0
2718 1925 0
2718 1927 1
2718 3986 0
2718 6065 0
2718 6078 0
5793 5793 0
5793 722 1
5793 250 0
5793 4859 0
5793 827 0
5793 19879 0
5793 6078 0
5793 2500 0
2722 1383 0
2722 168 0
2722 242 0
2722 2338 0
2722 301 0
2722 338 0
2722 5523 0
2722 4524 0
2722 4525 0
2722 2500 0
2722 2501 0
2722 6604 0
2722 19879 0
2722 2703 0
2722 2722 0
2722 4859 0
2722 772 0
2722 7986 0
2722 861 0
2722 5004 0
2722 2962 1
2722 7064 0
2722 5022 0
2722 5029 0
2722 5044 0
2722 3043 0
2722 5247 0
2722 19689 0
2722 5432 0
2722 5464 0
2722 5469 0
2722 1384 0
2722 2997 0
2722 3745 0
2722 1741 0
2722 5855 0
2722 5882 0
2722 5981 0
2722 8064 0
2722 8065 0
2722 1927 1
2722 3986 0
2722 1943 0
2722 6065 0
3747 2338 0
3747 1927 1
3747 3759 0
3747 5432 0
3747 8130 0
3747 6604 0
3747 4956 0
3747 4958 0
3747 5247 0
168 168 0
168 4300 0
168 4339 0
168 301 0
168 337 0
168 338 0
168 4463 0
168 4464 0
168 4465 0
168 4780 0
168 722 1
168 821 0
168 861 0
168 7064 0
168 7077 0
168 1022 0
168 1197 0
168 3353 0
168 3354 0
168 5469 0
168 1384 0
168 19879 0
168 1741 0
168 5866 0
168 5981 0
4780 5981 0
4780 5529 0
4780 3745 0
4780 4780 0
4780 4300 0
4780 719 0
4780 4339 0
4780 5464 0
4780 861 0
4780 1383 0
4780 6065 0
4780 1927 1
4780 5523 0
4780 1943 0
4780 7064 0
4780 2997 0
4780 1022 0
1197 4551 0
1197 1197 0
1197 1714 0
1197 1741 0
1197 4822 0
1197 5855 0
1197 4859 0
1197 772 0
1197 7662 0
1197 4371 0
1197 729 0
1197 3354 0
1197 2338 0
1197 301 0
1197 5432 0
1197 337 0
1197 1882 1
1197 1927 1
1197 5247 0
1197 7064 0
1197 5022 0
1197 2500 0
1197 7077 0
1197 3043 0
1197 5523 0
3759 1927 1
3759 12766 0
3759 7064 0
3759 3745 0
3759 7986 0
3759 5432 0
3759 12619 0
3759 729 0
3759 4956 0
3759 4958 0
3759 4464 0
3759 9173 0
1714 3745 0
1714 1714 0
1714 5882 0
1714 772 0
1714 5893 0
1714 2338 0
1714 12619 0
1714 5981 0
1714 4464 0
1714 1927 1
1714 3986 0
1714 1943 0
1714 7064 0
1714 6065 0
1714 2997 0
1714 9173 0
1714 988 0
1714 1022 0
8372 5247 0
8372 4300 0
8372 1741 0
8372 5893 0
8372 3353 0
8372 2338 0
8372 7986 0
8372 821 0
8372 14157 0
8372 5432 0
8372 8064 0
8372 2962 1
8372 1943 0
8372 6065 0
8372 5080 0
693 3745 0
693 729 0
693 7986 0
693 12619 0
693 338 0
693 4956 0
693 4958 0
693 4464 0
693 1927 1
693 3986 0
693 1943 0
693 6065 0
693 2997 0
693 8131 0
693 12766 0
693 11236 0
17086 1927 1
17086 1943 0
17086 7064 0
17086 3745 0
17086 2338 0
17086 17086 0
17086 8130 0
17086 8131 0
17086 12619 0
17086 9173 0
17086 5866 0
17086 4464 0
3269 1927 1
3269 7064 0
3269 3745 0
3269 2338 0
3269 12619 0
3269 9173 0
3269 861 0
3269 12766 0
3269 4464 0
3269 5882 0
2249 3745 0
2249 2249 0
2249 722 1
2249 3353 0
2249 1927 1
2249 3986 0
2249 9173 0
2762 2762 0
2762 4859 0
2762 5893 0
2762 5981 0
2762 1383 0
2762 1927 1
2762 5004 0
2762 5029 0
2762 19879 0
2762 5044 0
4300 5469 0
4300 5981 0
4300 4300 0
4300 1741 0
4300 4301 0
4300 4822 0
4300 4339 0
4300 5247 0
4300 772 0
4300 729 0
4300 2338 0
4300 1335 0
4300 1882 1
4300 1927 1
4300 2962 1
4300 3986 0
4300 7077 0
4300 19879 0
4300 5523 0
4300 7662 0
1741 242 0
1741 2338 0
1741 301 0
1741 2384 0
1741 4463 0
1741 4465 0
1741 4524 0
1741 4525 0
1741 2500 0
1741 2501 0
1741 4551 0
1741 6604 0
1741 719 0
1741 4822 0
1741 4859 0
1741 827 0
1741 861 0
1741 5004 0
1741 911 0
1741 5022 0
1741 5029 0
1741 988 0
1741 3043 0
1741 1022 0
1741 5247 0
1741 4301 0
1741 3353 0
1741 3354 0
1741 5432 0
1741 5434 0
1741 5464 0
1741 5469 0
1741 1383 0
1741 1384 0
1741 5523 0
1741 5529 0
1741 19879 0
1741 7662 0
1741 11236 0
1741 7077 0
1741 3745 0
1741 1741 0
1741 5855 0
1741 8065 0
1741 1925 0
1741 1927 1
1741 8130 0
1741 8131 0
4301 5247 0
4301 3745 0
4301 729 0
4301 2338 0
4301 337 0
4301 1882 1
4301 1383 0
4301 2962 1
4301 3986 0
4301 5523 0
4301 7064 0
4301 6065 0
4301 2997 0
722 8064 1
722 8065 1
722 4371 1
722 3353 1
722 3354 1
722 3356 1
722 3543 1
722 301 1
722 5427 2
722 4536 1
722 7077 1
722 827 1
722 2500 1
722 4551 1
722 4822 1
722 5855 1
722 3043 1
722 11236 1
722 5523 1
3283 19879 0
3283 3283 0
3283 4822 0
3283 5855 0
3283 4371 0
3283 3354 0
3283 2338 0
3283 827 0
3283 4956 0
3283 861 0
3283 1383 0
3283 4465 0
3283 1927 1
3283 3986 0
3283 1943 0
3283 6065 0
3283 2997 0
3283 4536 0
3283 6604 0
4822 5855 0
4822 7458 1
4822 2338 0
4822 4822 0
4822 4371 0
4822 7077 0
4822 301 0
4822 5432 0
4822 5434 0
4822 827 0
4822 861 0
4822 4463 0
4822 3986 0
4822 5523 0
4822 4524 0
4822 2500 0
4822 2501 0
4822 3043 0
4822 19879 0
729 5469 0
729 5247 0
729 3745 0
729 729 0
729 4339 0
729 5464 0
729 3354 0
729 2338 0
729 3986 0
729 2962 1
729 7064 0
729 5981 0
729 5044 0
729 2997 0
729 5523 0
729 7662 0
719 4524 0
719 5469 0
719 719 0
719 4339 0
719 5882 0
719 8064 0
719 3353 0
719 301 0
719 4956 0
719 4958 0
719 4463 0
719 1927 1
719 3986 0
719 4551 0
719 1022 0
5855 242 0
5855 250 0
5855 4371 0
5855 301 0
5855 2384 0
5855 337 0
5855 4463 0
5855 4465 0
5855 4524 0
5855 4536 0
5855 2500 0
5855 2501 0
5855 4551 0
5855 19879 0
5855 2703 0
5855 4859 0
5855 7986 0
5855 827 0
5855 4956 0
5855 861 0
5855 5004 0
5855 5029 0
5855 5044 0
5855 11236 0
5855 1022 0
5855 3353 0
5855 3354 0
5855 5432 0
5855 5434 0
5855 5469 0
5855 1383 0
5855 1384 0
5855 7064 0
5855 7077 0
5855 3745 0
5855 5855 0
5855 5865 0
5855 5893 0
5855 5981 0
5855 8065 0
5855 1927 1
5855 6078 0
5865 3745 0
5865 5865 0
5865 5866 0
5865 2338 0
5865 7986 0
5865 5432 0
5865 12619 0
5865 861 0
5865 4464 0
5865 1927 1
5865 3986 0
5865 7064 0
5865 9173 0
5865 12766 0
5865 3043 0
5866 861 0
5866 3745 0
5866 5866 0
5866 4339 0
5866 2338 0
5866 5432 0
5866 12619 0
5866 4956 0
5866 4958 0
5866 1383 0
5866 4464 0
5866 1927 1
5866 7064 0
5866 4551 0
5866 9173 0
5866 3043 0
7458 4524 1
4337 2962 1
4337 4339 0
242 5247 0
242 3745 0
242 772 0
242 2338 0
242 5432 0
242 337 0
242 338 0
242 4956 0
242 861 0
242 1383 0
242 1384 0
242 4464 0
242 16762 0
242 1927 1
242 5004 0
242 3986 0
242 5469 0
242 1943 0
242 7064 0
242 4958 0
242 19879 0
242 6065 0
242 5044 0
242 2997 0
242 4536 0
242 6078 0
242 9173 0
242 5029 0
4339 5469 0
4339 5247 0
4339 4371 0
4339 2338 0
4339 2384 0
4339 1882 1
4339 3986 0
4339 1927 1
4339 2962 1
4339 5981 0
4339 4524 0
4339 4525 0
4339 19879 0
1065 1943 1
1065 1065 2
1065 2995 1
1065 5432 1
1065 1874 1
1065 1365 1
1065 3543 1
1065 5434 1
1065 4859 1
10489 1927 1
5882 2703 0
5882 3043 0
5882 11236 0
5882 1022 0
5882 5427 1
5882 5882 0
5882 5981 0
5882 1927 1
4859 4371 0
4859 301 0
4859 2500 0
4859 2501 0
4859 4524 0
4859 2703 0
4859 4859 0
4859 7077 0
4859 3043 0
4859 1022 0
4859 3354 0
4859 5432 0
4859 5434 0
4859 1383 0
4859 5523 0
4859 19879 0
4859 14157 0
4859 5981 0
4859 1927 1
4859 3986 0
4859 6065 0
772 1383 0
772 1384 0
772 772 0
772 821 0
772 5981 0
772 5004 0
772 2962 1
772 5029 0
772 19879 0
772 5044 0
5893 8065 0
5893 7986 0
5893 19689 0
5893 2338 0
5893 821 0
5893 14157 0
5893 861 0
5893 3986 0
5893 5523 0
5893 8064 0
5893 2962 1
5893 1943 0
5893 7077 0
5893 5981 0
5893 6065 0
5893 2997 0
5893 6078 0
5893 8131 0
5893 2500 0
5893 1022 0
17158 1927 1
17158 2962 1
4371 4371 0
4371 3353 0
4371 3354 0
4371 5432 0
4371 827 0
4371 3043 0
4371 861 0
4371 8064 0
4371 3986 0
4371 5523 0
4371 5981 0
4371 2500 0
4371 2501 0
4371 4551 0
4371 7077 0
4371 19879 0
3353 2500 0
3353 2501 0
3353 4551 0
3353 861 0
3353 3043 0
3353 11236 0
3353 3353 0
3353 3354 0
3353 3356 0
3353 5427 1
3353 1335 0
3353 5432 0
3354 2338 0
3354 301 0
3354 2500 0
3354 4956 0
3354 861 0
3354 5004 0
3354 3043 0
3354 11236 0
3354 3354 0
3354 3356 0
3354 5427 1
3354 1335 0
3354 1383 0
3354 1384 0
3354 5432 0
3354 5981 0
3354 8065 0
3354 1927 1
14107 1927 1
14107 911 0
14107 7064 0
14107 3745 0
14107 12619 0
14107 9173 0
14107 12766 0
14107 4464 0
3356 1927 1
3356 11236 0
3356 2500 0
3356 1384 0
2338 2338 0
2338 2384 0
2338 4463 0
2338 4464 0
2338 4465 0
2338 6604 0
2338 911 0
2338 912 0
2338 2962 1
2338 5022 0
2338 5029 0
2338 2995 0
2338 5044 0
2338 2997 0
2338 9173 0
2338 1022 0
2338 5981 0
2338 5247 0
2338 1335 0
2338 5432 0
2338 5464 0
2338 5469 0
2338 1383 0
2338 1384 0
2338 7064 0
2338 19879 0
2338 7662 0
2338 3745 0
2338 988 0
2338 1882 1
2338 6065 0
2338 1925 0
2338 1927 1
2338 3986 0
2338 1943 0
2338 8130 0
2338 8131 0
301 5469 0
301 7077 0
301 2703 0
301 301 0
301 827 0
301 2384 0
301 5432 0
301 5523 0
301 1927 1
301 4463 0
301 5981 0
301 6078 0
301 2500 0
301 6604 0
301 5080 0
301 3043 0
301 4551 0
7986 4464 0
7986 6604 0
7986 2703 0
7986 4956 0
7986 5004 0
7986 911 0
7986 912 0
7986 5029 0
7986 5044 0
7986 1022 0
7986 5464 0
7986 19879 0
7986 8129 0
7986 3745 0
7986 1925 0
7986 1927 1
5427 2703 1
5427 4524 1
5427 4525 1
5427 5427 2
5427 5432 1
821 5247 0
821 821 0
821 5981 0
821 1383 0
821 1384 0
821 16762 0
821 1927 1
821 5004 0
821 911 0
821 912 0
821 5029 0
821 19879 0
821 5044 0
821 2997 0
821 14157 0
1335 3745 0
1335 12766 0
1335 827 0
1335 12619 0
1335 5469 0
1335 4464 0
1335 1927 1
1335 1943 0
1335 7064 0
1335 4536 0
1335 8131 0
1335 9173 0
1335 988 0
1335 1022 0
5432 4536 0
5432 2500 0
5432 2501 0
5432 4551 0
5432 827 0
5432 861 0
5432 2962 1
5432 7077 0
5432 5247 0
5432 5432 0
5432 5434 0
5432 5464 0
5432 5469 0
5432 1383 0
5432 1384 0
5432 5523 0
5432 3745 0
5432 3043 0
5432 5981 0
5432 1943 0
5432 6078 0
5434 4465 0
5434 2962 1
5434 1943 0
5434 2500 0
5434 2501 0
5434 4551 0
827 4463 0
827 4465 0
827 827 0
827 4956 0
827 4958 0
827 2997 0
827 3043 0
827 861 0
827 5469 0
827 1383 0
827 5529 0
827 19879 0
827 5981 0
827 8065 0
827 1927 1
827 3986 0
827 1943 0
827 6065 0
12619 3745 0
12619 9173 0
12619 988 0
12619 2384 0
12619 5464 0
12619 4463 0
12619 4464 0
12619 4465 0
12619 1925 0
12619 1927 1
12619 911 0
12619 912 0
12619 8129 0
12619 8130 0
12619 8131 0
12619 6604 0
12619 1022 0
14157 5247 0
14157 250 0
14157 3986 0
14157 8064 0
14157 2962 1
14157 2997 0
14157 1022 0
2384 3745 0
2384 861 0
2384 337 0
2384 338 0
2384 5469 0
2384 1927 1
2384 1943 0
2384 7064 0
2384 8131 0
2384 9173 0
2384 12766 0
2384 7662 0
337 5981 0
337 2703 0
337 4551 0
337 337 0
337 338 0
337 5464 0
337 5469 0
337 1927 1
337 911 0
337 19879 0
337 3745 0
337 3043 0
337 1022 0
1874 1882 1
1365 1927 1
1365 1943 0
5464 5247 0
5464 3745 0
5464 19689 0
5464 9173 0
5464 338 0
5464 4956 0
5464 861 0
5464 4958 0
5464 4464 0
5464 1927 1
5464 3986 0
5464 7064 0
5464 5529 0
5464 6604 0
5464 5080 0
5464 12766 0
5464 3043 0
5464 11236 0
5464 5469 0
3745 338 0
3745 4463 0
3745 4464 0
3745 4465 0
3745 4536 0
3745 6604 0
3745 2703 0
3745 4956 0
3745 4958 0
3745 911 0
3745 912 0
3745 7064 0
3745 2997 0
3745 9173 0
3745 988 0
3745 1022 0
3745 861 0
3745 5247 0
3745 19689 0
3745 3745 0
3745 8065 0
3745 1925 0
3745 1927 1
3745 3986 0
3745 1943 0
3745 6065 0
3745 8129 0
3745 8130 0
3745 8131 0
1882 5523 1
1882 5022 1
1882 1882 2
1882 5469 1
1882 7662 1
1882 5247 1
2703 338 0
2703 2500 0
2703 6604 0
2703 2703 0
2703 2997 0
2703 11236 0
2703 1022 0
2703 5247 0
2703 1943 0
2703 5529 0
2703 5029 0
2703 8065 0
2703 3986 0
2703 6065 0
2703 6078 0
4956 1383 0
4956 250 0
4956 338 0
4956 4465 0
4956 4956 0
4956 4958 0
4956 899 0
4956 5004 0
4956 7064 0
4956 5029 0
4956 1022 0
4956 861 0
4956 1384 0
4956 19879 0
4956 5981 0
4956 1927 1
4956 3986 0
4956 1943 0
4956 8130 0
4956 8131 0
861 4463 0
861 4464 0
861 4465 0
861 4551 0
861 6604 0
861 861 0
861 5004 0
861 911 0
861 5029 0
861 5044 0
861 9173 0
861 3043 0
861 1022 0
861 4958 0
861 5469 0
861 1383 0
861 1384 0
861 7064 0
861 19879 0
861 8129 0
861 1925 0
861 1927 1
861 3986 0
861 6078 0
4958 6078 0
4958 4465 0
4958 4958 0
4958 5004 0
4958 7064 0
4958 5029 0
4958 1022 0
4958 1383 0
4958 1384 0
4958 19879 0
4958 5981 0
4958 1927 1
1383 338 0
1383 4464 0
1383 4465 0
1383 16762 0
1383 899 0
1383 5004 0
1383 2962 1
1383 5029 0
1383 5044 0
1383 2997 0
1383 988 0
1383 1384 0
1383 5529 0
1383 19879 0
1383 8065 0
1383 3986 0
1383 1943 0
1383 6065 0
1383 6078 0
1384 338 0
1384 16762 0
1384 2500 0
1384 2501 0
1384 899 0
1384 5004 0
1384 2962 1
1384 7077 0
1384 5044 0
1384 11236 0
1384 4536 0
1384 5247 0
1384 1384 0
1384 5529 0
1384 19879 0
1384 5029 0
1384 2997 0
1384 3986 0
1384 1943 0
1384 6065 0
1384 6078 0
3986 911 0
3986 1022 0
3986 1925 0
3986 1927 1
3986 2501 0
3986 2962 1
3986 19879 0
3986 3986 0
3986 4463 0
3986 4464 0
3986 4525 0
3986 4551 0
3986 5004 0
3986 5022 0
3986 5029 0
3986 5247 0
3986 5469 0
3986 5523 0
3986 5529 0
3986 5981 0
3986 7064 0
3986 8064 0
3986 8129 0
3986 8130 0
3986 8131 0
4463 4463 0
4463 4464 0
4463 4465 0
4463 4524 0
4463 4525 0
4463 4536 0
4463 2500 0
4463 4551 0
4463 7064 0
4463 7077 0
4463 2997 0
4463 9173 0
4463 1022 0
4463 5529 0
4463 8064 0
4463 8065 0
4463 1927 1
4463 1943 0
4463 6065 0
4464 5981 0
4464 9173 0
4464 4465 0
4464 1925 0
4464 1927 1
4464 911 0
4464 912 0
4464 7064 0
4464 4524 0
4464 4525 0
4464 8130 0
4464 8131 0
4464 6604 0
4465 19879 0
4465 9173 0
4465 8064 0
4465 1927 1
4465 7064 0
4465 5529 0
4465 4524 0
4465 4525 0
4465 2500 0
4465 6604 0
4465 1925 0
4465 1022 0
19689 1927 1
19689 5981 0
16762 5981 0
16762 1927 1
16762 5529 0
16762 3043 0
8064 5981 0
8064 8064 0
8064 4551 0
8065 4536 0
8065 2500 0
8065 5004 0
8065 7077 0
8065 1022 0
8065 19879 0
8065 8065 0
8065 1927 1
899 899 0
899 1927 1
899 19879 0
1925 1927 1
1925 7064 0
1925 9173 0
1925 12766 0
1925 3043 0
1927 338 1
1927 4524 1
1927 4525 1
1927 6604 1
1927 12766 1
1927 911 1
1927 912 1
1927 7064 1
1927 5022 1
1927 5029 1
1927 2995 1
1927 2997 1
1927 9173 1
1927 5080 1
1927 988 1
1927 1022 1
1927 3043 1
1927 5469 1
1927 5529 1
1927 19879 1
1927 11236 1
1927 1943 1
1927 6065 1
1927 6078 1
1927 8129 1
1927 8130 1
1927 8131 1
5247 19879 0
5247 7064 0
5247 988 0
5247 5469 0
5247 2962 1
5247 5044 0
5247 4536 0
5247 1022 0
5004 338 0
5004 2962 1
5004 7064 0
5004 5029 0
5004 5044 0
5004 5080 0
5004 5529 0
5004 19879 0
5004 2997 0
5004 5981 0
5004 1943 0
5004 6065 0
5004 6078 0
911 9173 0
911 338 0
911 5469 0
911 912 0
911 1943 0
911 7064 0
911 5022 0
911 19879 0
911 4524 0
911 6065 0
911 2997 0
911 8131 0
911 12766 0
911 11236 0
912 7064 0
912 9173 0
912 912 0
2962 5469 1
2962 5981 1
2962 7064 1
2962 6065 1
2962 5044 1
2962 2997 1
2962 7662 1
5523 7077 0
5523 3043 0
5523 5523 0
5523 4551 0
5523 5469 0
5523 4536 0
5523 2500 0
5523 2501 0
5523 5029 0
5469 250 0
5469 338 0
5469 4524 0
5469 4525 0
5469 4536 0
5469 7064 0
5469 7077 0
5469 2995 0
5469 1022 0
5469 5981 0
5469 5469 0
5469 7662 0
5469 1943 0
1943 2500 0
1943 19879 0
1943 5029 0
1943 2995 0
1943 2997 0
1943 988 0
1943 3043 0
1943 1022 0
1943 7064 0
1943 5044 0
1943 8130 0
1943 5981 0
1943 1943 0
1943 6078 0
1943 8131 0
7064 5529 0
7064 4524 0
7064 6065 0
7064 2997 0
7064 8130 0
7064 8131 0
7064 4551 0
7064 6604 0
7064 9173 0
7064 988 0
7064 1022 0
5529 19879 0
5529 5529 0
5529 988 0
5529 5029 0
5529 1022 0
5022 5022 0
5022 4551 0
7077 5981 0
7077 3043 0
7077 7077 0
7077 6078 0
7077 2500 0
7077 2501 0
5981 338 0
5981 988 0
5981 11236 0
5981 2500 0
5981 2997 0
5981 3043 0
5981 19879 0
5981 5080 0
5981 5981 0
5981 6065 0
5981 6078 0
5981 8131 0
19879 338 0
19879 4536 0
19879 2500 0
19879 2501 0
19879 5044 0
19879 1022 0
19879 19879 0
19879 5029 0
19879 2997 0
19879 6065 0
4524 250 0
4524 4524 0
4524 4525 0
4524 2500 0
4524 2995 0
4524 5044 0
4524 2997 0
4524 1022 0
4525 2997 0
4525 8129 0
4525 8130 0
4525 8131 0
4525 988 0
6065 5029 0
6065 5044 0
6065 2997 0
6065 988 0
6065 1022 0
6065 6065 0
6065 8131 0
2995 2995 0
5044 6078 0
5044 338 0
5044 5029 0
5044 5044 0
5044 2997 0
5044 11236 0
2997 5029 0
2997 988 0
2997 1022 0
2997 2997 0
4536 4551 0
4536 4536 0
4536 6078 0
6078 2500 0
6078 2501 0
6078 5029 0
6078 6078 0
8129 12766 0
8129 8130 0
8129 8131 0
8129 9173 0
8130 8131 0
8130 9173 0
8131 6604 0
8131 9173 0
8131 12766 0
2500 2501 0
2500 3043 0
2500 2500 0
2501 338 0
2501 2501 0
4551 338 0
4551 4551 0
4551 3043 0
6604 9173 0
6604 12766 0
6604 1022 0
9173 988 0
9173 12766 0
9173 1022 0
3543 3543 0
5080 5029 0
988 12766 0
988 338 0
988 988 0
988 1022 0
12766 1022 0
5029 11236 0
5029 1022 0
3043 3043 0
11236 11236 0
11236 1022 0
338 338 0
338 1022 0
1022 1022 0
