2059 2059 0
2059 287 0
2059 2444 1
2059 647 1
2059 7078 1
2059 7268 1
2059 15968 1
2059 3801 0
2059 5957 1
4110 4110 0
4110 53 0
4110 6359 0
4110 16616 0
4110 287 0
4110 4647 0
4110 2701 0
4110 2708 0
4110 4803 0
4110 1176 1
4110 19879 0
4110 4033 1
4110 1814 0
4110 7989 1
19 1046 1
1046 4851 1
15900 15900 2
15900 287 1
15900 3895 1
4647 4647 0
4647 7268 1
4647 6761 1
4647 870 0
4647 3729 0
4647 3986 0
4647 6739 0
4143 7746 0
4143 6761 1
4143 7837 0
4143 21165 0
4143 16051 0
4143 16059 1
4143 17017 0
4143 5857 0
4143 9458 0
4143 7928 0
4143 19718 0
4143 8988 0
4143 19808 0
4143 14695 0
4143 2412 0
4143 5003 0
4143 16271 0
4143 3986 0
4143 7156 0
4143 10745 0
53 53 0
53 4158 1
53 6359 0
53 16616 0
53 287 0
53 2338 0
53 19879 0
53 2708 0
53 870 0
53 7078 1
53 6739 0
53 3729 0
53 5855 0
5180 5180 0
5180 4158 1
5180 4179 0
5180 1176 1
5180 19808 0
5180 7928 0
5180 1478 0
4158 2441 1
4158 4158 2
4158 7928 1
7746 6761 1
7746 21165 0
7746 16051 0
7746 16059 1
7746 5855 0
7746 5857 0
7746 7928 0
7746 8988 0
7746 2441 0
7746 19808 0
7746 14695 0
7746 10745 0
4173 2433 1
4173 3958 1
4173 16011 1
4173 2444 2
4173 2429 1
4173 2424 1
4173 2431 1
4173 3957 1
4173 85 1
4173 86 1
4173 87 1
4173 88 1
4173 89 1
4173 90 1
4173 91 1
4173 92 1
4173 221 1
4173 2430 1
4173 2421 1
4174 2433 0
4174 4951 1
4174 2444 1
4174 3957 0
4174 16011 0
4174 85 0
4174 86 0
4174 87 0
4174 88 0
4174 89 0
4174 90 0
4174 91 0
4174 92 0
4174 221 0
4174 2421 0
4174 3958 0
4174 2424 0
4174 2429 0
4174 2430 0
4174 2431 0
4176 2433 1
4176 16011 1
4176 2444 2
4176 287 1
4176 4523 1
4176 3957 1
4176 85 1
4176 86 1
4176 87 1
4176 88 1
4176 89 1
4176 90 1
4176 91 1
4176 92 1
4176 221 1
4176 2421 1
4176 3958 1
4176 2424 1
4176 2429 1
4176 2430 1
4176 2431 1
4178 2433 0
4178 7268 1
4178 3958 0
4178 16011 0
4178 2444 1
4178 2429 0
4178 2424 0
4178 2431 0
4178 3957 0
4178 85 0
4178 86 0
4178 87 0
4178 88 0
4178 89 0
4178 90 0
4178 91 0
4178 92 0
4178 221 0
4178 2430 0
4178 2421 0
4179 2433 0
4179 87 0
4179 2444 1
4179 7268 1
4179 2421 0
4179 16011 0
4179 4179 0
4179 85 0
4179 86 0
4179 88 0
4179 89 0
4179 90 0
4179 91 0
4179 92 0
4179 221 0
4179 3957 0
4179 3958 0
4179 2424 0
4179 2429 0
4179 2430 0
4179 2431 0
85 86 0
86 88 0
88 88 0
15968 3353 1
15968 2338 1
15968 16051 1
15968 3801 1
15968 14695 1
7268 13424 1
7268 2251 2
7268 5857 1
7268 16616 1
7268 4873 1
7268 870 1
7268 5994 1
7268 875 1
6761 4873 1
6761 14695 1
6761 13424 1
6761 6761 2
6761 17017 1
6761 2701 1
6761 2708 1
6761 7837 1
6761 21165 1
6761 16051 1
6761 16059 2
6761 6359 1
6761 5855 1
6761 16616 1
6761 9458 1
6761 7928 1
6761 19718 1
6761 5857 1
6761 8988 1
6761 16091 1
6761 5938 1
6761 5994 1
6761 2412 1
6761 1901 1
6761 5003 1
6761 16271 1
6761 3986 1
6761 8096 1
6761 19808 1
6761 1478 1
6761 16331 1
6761 8673 1
6761 7156 1
6761 10745 1
2156 4803 1
13424 6359 0
13424 287 0
13424 2338 0
13424 3986 0
13424 19879 0
13424 6739 0
13424 13424 0
17017 16091 0
17017 4951 1
17017 5857 0
2701 6739 0
2701 5855 0
2701 4951 1
2701 2708 0
2701 3986 0
2701 19879 0
2701 8673 0
3729 6359 0
3729 287 0
3729 4803 0
3729 4873 0
3729 7000 1
3729 3353 0
3729 3729 0
3729 16051 0
3729 5855 0
3729 3895 0
3729 4033 1
2708 16628 1
2708 287 0
2708 2424 0
2708 6739 0
2708 3353 0
2708 19879 0
2708 5855 0
2708 5857 0
2708 5938 0
2708 1901 0
2708 3986 0
1176 3895 1
1176 875 1
1176 2441 1
1176 8096 1
1176 19270 1
1176 4523 1
7837 8988 0
7837 21165 0
7837 16059 1
7837 7928 0
2726 287 1
21165 19718 0
21165 5003 0
21165 287 0
21165 8988 0
21165 19808 0
21165 16059 1
21165 14695 0
21165 2412 0
21165 7156 0
21165 10745 0
16051 19808 0
16051 3353 0
16051 287 0
16051 6739 0
16051 16051 0
16051 10745 0
16059 5003 1
16059 8988 1
16059 19718 1
16059 5855 1
16059 19808 1
16059 870 1
16059 14695 1
16059 2412 1
16059 9458 1
16059 7156 1
16059 10745 1
3957 3957 0
4803 4803 0
4803 5855 0
4803 4848 1
4803 5994 0
4803 8096 0
2251 1813 1
2251 1814 1
2251 287 1
6359 19879 0
6359 6739 0
6359 4951 1
6359 870 0
6359 3801 0
6359 5855 0
6359 3986 0
19672 19879 1
3801 7928 0
3801 2338 0
3801 5957 1
16091 3986 0
16091 8988 0
16091 4951 1
16091 7928 0
16091 10745 0
5855 2429 0
5855 19879 0
5855 10745 0
5855 870 0
5855 875 0
5855 3353 0
5855 5855 0
5855 5857 0
5855 1814 0
5855 5938 0
5855 5994 0
5855 16271 0
5855 8096 0
5857 16616 0
5857 287 0
5857 2338 0
5857 19808 0
5857 16271 0
5857 4523 0
5857 10745 0
16616 6739 0
16616 870 0
16616 16616 0
16616 287 0
16616 19808 0
16616 10745 0
9458 8988 0
16628 19270 1
7928 2412 0
7928 19718 0
7928 8988 0
7928 2338 0
7928 16271 0
7928 19808 0
7928 14695 0
7928 5003 0
7928 3986 0
7928 7156 0
7928 10745 0
4873 6739 0
4873 3986 0
1813 3986 0
1813 1814 0
1813 5534 1
1813 287 0
1814 5534 1
1814 287 0
3353 3353 0
3353 4033 1
3353 5938 0
3353 3895 0
8988 8988 0
8988 19808 0
8988 14695 0
8988 2412 0
8988 5003 0
8988 1478 0
8988 10745 0
287 287 0
287 870 0
287 1478 0
287 2338 0
287 2430 0
287 2441 0
287 19270 0
287 19879 0
287 5994 0
287 6739 0
287 7494 1
287 4033 1
287 8096 0
2338 2338 0
2338 6739 0
2338 1478 0
2338 19879 0
2338 5957 1
2338 5994 0
2338 3986 0
11052 6739 1
5938 6739 0
5938 5938 0
5938 4951 1
5938 3986 0
7989 7989 2
7989 3986 1
3895 19270 0
3895 8096 0
3895 19879 0
4951 16271 1
4951 19879 1
4951 1478 1
4951 16331 1
4951 8673 1
4951 1901 1
7000 8673 1
19808 14695 0
19808 10745 0
870 870 0
870 19879 0
5994 5994 0
5994 8096 0
5994 16331 0
1901 1901 0
1901 3986 0
1901 8096 0
3958 3958 0
2424 2430 0
2425 2444 2
2429 2430 0
2433 2433 0
2441 2441 0
2441 3986 0
2441 4523 0
16271 10745 0
3986 8673 0
3986 1478 0
3986 19879 0
3986 3986 0
3986 4033 1
3986 6739 0
3986 8096 0
5534 5534 2
19879 6739 0
19879 19879 0
4523 4523 0
4033 6739 1
16331 6739 0
6739 6739 0
