1 1 0
1 2581 1
1 53 0
1 5759 0
1 287 0
1 3307 0
1 284 0
1 2338 0
1 18332 0
1 3535 1
53 4110 0
53 53 0
53 117 0
53 168 0
53 4344 0
53 287 0
53 2338 0
53 301 0
53 2384 0
53 4463 0
53 4465 0
53 498 1
53 2599 0
53 4691 0
53 2708 0
53 2718 0
53 2724 0
53 8875 0
53 729 0
53 6910 0
53 7064 0
53 861 0
53 5247 0
53 1170 0
53 3336 0
53 5389 0
53 15663 0
53 3397 0
53 1367 1
53 5469 0
53 3425 0
53 3446 0
53 3544 0
53 7662 0
53 1653 0
53 5759 0
53 18060 0
53 3729 0
53 5855 0
53 5981 0
53 1927 0
53 1943 0
53 6068 0
53 6069 0
53 6081 0
117 531 0
117 561 0
117 4681 0
117 1653 0
117 704 0
117 705 1
117 2708 0
117 676 0
117 698 0
117 700 1
117 117 0
117 6792 0
117 5855 0
117 1765 0
117 1259 0
117 5881 0
117 5432 0
117 2881 0
117 861 0
117 2446 0
117 5469 0
117 1943 0
117 4550 0
117 5452 1
117 7633 0
117 2524 0
117 4551 0
117 14929 0
117 496 1
147 3535 1
147 3536 1
147 1174 0
147 3544 0
168 6163 0
168 2130 0
168 168 0
168 169 0
168 4339 0
168 270 0
168 287 0
168 301 0
168 4463 0
168 4465 0
168 4491 0
168 4534 0
168 4546 0
168 4555 0
168 4557 0
168 473 0
168 498 1
168 2580 1
168 561 0
168 4694 0
168 6792 0
168 2708 0
168 669 0
168 2718 0
168 4795 0
168 700 1
168 706 0
168 2881 0
168 482 1
168 861 0
168 2938 0
168 7064 0
168 2989 0
168 3010 1
168 972 0
168 1197 0
168 1221 0
168 1259 0
168 5389 0
168 15663 0
168 3397 0
168 5469 0
168 3446 0
168 3447 0
168 5517 0
168 5521 0
168 7073 0
168 1620 0
168 3844 0
168 3878 0
168 5981 0
168 8069 0
168 6068 0
168 6081 0
169 561 0
169 1620 0
169 4694 0
169 2718 0
169 169 0
169 4795 0
169 700 1
169 706 0
169 1259 0
169 270 0
169 287 0
169 301 0
169 3446 0
169 3469 0
169 2989 0
169 6081 0
169 4546 0
169 972 0
169 473 0
169 482 1
169 2130 0
256 8068 0
256 20361 0
256 270 0
256 2708 0
256 2718 0
256 700 1
256 701 0
256 11071 0
256 705 1
256 706 0
256 15836 0
256 5855 0
256 4463 0
256 498 1
256 1653 0
268 530 0
268 549 0
268 7208 0
268 1620 0
268 6792 0
268 4795 0
268 700 1
268 704 0
268 705 1
268 706 0
268 707 0
268 5881 0
268 268 0
268 269 0
268 270 0
268 5981 0
268 4062 0
269 1620 0
269 6792 0
269 698 0
269 4795 0
269 700 1
269 704 0
269 705 1
269 706 0
269 707 0
269 5881 0
269 269 0
269 270 0
269 2881 0
269 5981 0
270 561 0
270 700 1
270 1653 0
270 2708 0
270 1180 0
270 4795 0
270 701 0
270 703 0
270 704 0
270 705 1
270 706 0
270 707 0
270 3446 0
270 6874 0
270 270 0
270 325 0
270 5981 0
270 8545 0
270 8053 0
270 4062 0
270 482 1
284 3307 0
284 3397 0
284 4609 0
284 1057 1
284 284 0
284 6069 0
284 5432 0
284 287 0
284 1221 0
284 3536 1
284 5477 0
284 1653 0
287 287 0
287 8545 0
287 528 0
287 549 0
287 676 0
287 700 1
287 701 0
287 703 0
287 705 1
287 795 0
287 1004 0
287 1063 0
287 1070 0
287 1174 0
287 1180 0
287 1221 0
287 1259 0
287 1620 0
287 1632 0
287 1944 0
287 2059 0
287 2338 0
287 2581 1
287 2708 0
287 2718 0
287 2989 0
287 3122 0
287 551 0
287 3397 0
287 3446 0
287 3447 0
287 3307 0
287 3513 0
287 3729 0
287 3903 0
287 20405 0
287 4077 0
287 4110 0
287 4465 0
287 4555 0
287 4609 0
287 4610 0
287 4681 0
287 4818 0
287 5247 0
287 5389 0
287 5742 0
287 5747 0
287 5759 0
287 5857 0
287 5874 0
287 6081 0
287 6094 0
287 2384 0
287 6163 0
287 21518 1
287 6872 0
287 7355 0
287 15650 0
287 7521 0
287 16241 0
287 8069 0
287 2724 0
287 8165 0
301 2567 0
301 5469 0
301 561 0
301 1620 0
301 698 0
301 669 0
301 676 0
301 1197 0
301 4784 0
301 4795 0
301 700 1
301 8053 0
301 704 0
301 705 1
301 4822 0
301 5855 0
301 1259 0
301 301 0
301 4744 0
301 2384 0
301 5432 0
301 3446 0
301 1927 0
301 4463 0
301 5981 0
301 6068 0
301 2718 0
301 4534 0
301 9145 0
301 4550 0
301 4555 0
301 474 0
301 2524 0
301 4551 0
325 527 0
325 861 0
325 6792 0
325 18060 0
325 700 1
325 704 0
325 705 1
325 707 0
325 1765 0
325 325 0
325 5469 0
325 4524 0
325 6062 0
325 4534 0
325 3513 0
325 4555 0
325 479 0
380 380 2
380 9840 1
380 4339 1
380 4344 1
380 1790 1
403 6915 0
403 3729 0
403 403 0
403 2989 0
403 5296 0
403 1653 0
403 5452 1
403 1620 0
403 496 1
403 3446 0
403 2938 0
453 531 0
453 3101 1
453 561 0
453 1620 0
453 2708 0
453 2718 0
453 4784 0
453 5855 0
453 1765 0
453 6792 0
453 5432 0
453 3446 0
453 1931 1
453 2989 0
453 6068 0
453 453 0
458 18332 0
458 5981 0
458 2995 1
458 6068 0
458 2999 0
458 3006 1
458 2938 0
458 16241 0
473 4795 0
473 4491 0
473 5389 0
473 6163 0
473 8069 0
473 2338 0
473 554 0
473 4524 0
473 1197 0
473 6068 0
473 1221 0
473 4555 0
473 6988 0
473 3425 0
473 482 1
473 1765 0
473 15650 0
473 4463 0
473 496 1
473 498 1
473 8053 0
473 8068 0
474 4185 0
474 807 0
474 4795 0
474 3397 0
474 4822 0
474 9145 0
474 729 0
474 5855 0
474 7633 0
474 496 1
474 498 1
474 2708 0
479 8068 0
479 527 0
479 15650 0
479 2724 0
479 498 1
479 6069 0
479 479 0
479 5855 0
479 3425 0
479 482 1
479 496 1
482 6068 1
482 8068 1
482 8069 1
482 527 1
482 2708 1
482 1180 1
482 7197 1
482 2724 1
482 15663 1
482 5389 1
482 6069 1
482 5432 1
482 700 2
482 12234 1
482 704 1
482 705 2
482 706 1
482 4546 1
482 7633 1
482 12729 1
482 18211 1
482 9145 1
482 4367 1
482 5981 1
482 5855 1
482 3425 1
482 482 2
482 7651 1
482 20361 1
482 20629 1
482 15650 1
482 1004 1
482 20797 1
482 496 2
482 498 2
482 8053 1
482 18814 1
482 8958 1
496 4609 1
496 4110 1
496 527 1
496 528 1
496 530 1
496 13059 1
496 4784 1
496 17443 1
496 551 1
496 553 1
496 554 1
496 561 1
496 10309 1
496 7521 1
496 14929 1
496 5719 1
496 2668 1
496 8545 1
496 1197 1
496 6792 1
496 3729 1
496 20629 1
496 8069 1
496 1180 1
496 2718 1
496 17058 1
496 7850 1
496 4278 1
496 4795 1
496 700 2
496 705 2
496 9508 1
496 5855 1
496 5857 1
496 2599 1
496 8829 1
496 6910 1
496 6915 1
496 16647 1
496 4367 1
496 6932 1
496 15650 1
496 15836 1
496 20797 1
496 11071 1
496 2881 1
496 6988 1
496 861 1
496 3425 1
496 4463 1
496 4465 1
496 3447 1
496 13119 1
496 18814 1
496 8068 1
496 20361 1
496 4491 1
496 1944 1
496 4524 1
496 2989 1
496 11699 1
496 6069 1
496 4534 1
496 7109 1
496 4550 1
496 4551 1
496 4555 1
496 972 1
496 4557 1
496 7633 1
496 2524 1
496 4062 1
496 8165 1
496 496 2
496 498 2
496 9470 1
498 4609 1
498 4610 1
498 5719 1
498 4110 1
498 527 1
498 528 1
498 530 1
498 13059 1
498 17443 1
498 551 1
498 553 1
498 554 1
498 16647 1
498 10309 1
498 3425 1
498 14929 1
498 4691 1
498 9145 1
498 8829 1
498 20629 1
498 1180 1
498 9377 1
498 17058 1
498 7850 1
498 687 1
498 4784 1
498 16564 1
498 698 1
498 4795 1
498 705 2
498 706 1
498 5855 1
498 5857 1
498 5874 1
498 9470 1
498 6915 1
498 5389 1
498 4367 1
498 6932 1
498 8473 1
498 15650 1
498 18211 1
498 9508 1
498 20797 1
498 13119 1
498 12729 1
498 6988 1
498 8545 1
498 4463 1
498 8048 1
498 4465 1
498 11071 1
498 18814 1
498 8068 1
498 8069 1
498 20361 1
498 7073 1
498 2989 1
498 6069 1
498 3513 1
498 12234 1
498 4555 1
498 4557 1
498 15836 1
498 4062 1
498 7651 1
498 8165 1
498 1004 1
498 498 2
498 6910 1
527 2446 0
527 527 0
527 1221 0
527 687 0
527 6068 0
527 698 0
527 700 1
527 705 1
527 707 0
527 4555 0
527 7633 0
527 4062 0
527 3425 0
527 7109 0
528 8473 0
528 8068 0
528 553 0
528 1221 0
528 3425 0
530 4744 0
530 2718 0
530 1620 0
530 6998 0
530 729 0
530 4340 0
530 8958 0
531 531 0
531 561 0
531 1620 0
531 2718 0
531 700 1
531 705 1
531 5855 0
534 4550 0
534 4551 0
534 5798 0
534 2580 1
534 2581 1
534 534 0
535 2580 1
535 2581 1
549 5521 0
549 1170 0
549 3101 1
549 2718 0
549 700 1
549 4681 0
549 1620 0
549 5469 0
549 5855 0
549 7662 0
551 8473 0
551 551 0
551 7109 0
553 8473 0
553 553 0
553 554 0
553 808 0
553 5759 0
554 8473 0
554 554 0
554 1765 0
561 4463 0
561 4465 0
561 4550 0
561 4551 0
561 2524 0
561 2599 0
561 561 0
561 12909 0
561 2718 0
561 2724 0
561 700 1
561 706 0
561 4822 0
561 6932 0
561 1062 0
561 7208 0
561 861 0
561 8053 0
561 1221 0
561 1259 0
561 5432 0
561 1365 0
561 5521 0
561 5729 0
561 3729 0
561 3801 0
561 5855 0
561 3878 0
561 5981 0
561 1927 0
561 6068 0
669 16647 0
669 6792 0
669 2708 0
669 669 0
669 2718 0
669 676 0
669 4795 0
669 729 0
669 2881 0
669 7064 0
669 7109 0
669 972 0
669 5095 1
669 7208 0
669 1221 0
669 5389 0
669 15663 0
669 5432 0
669 3397 0
669 5452 1
669 1620 0
669 1653 0
669 5759 0
669 3729 0
669 1765 0
669 5874 0
669 5981 0
669 8048 0
669 1927 0
676 4110 0
676 6068 0
676 1620 0
676 1653 0
676 5764 0
676 676 0
676 15020 0
676 4331 1
676 5874 0
676 861 0
676 1765 0
676 3307 0
676 4524 0
676 2995 1
676 3006 1
687 4610 0
687 1062 0
687 4694 0
687 704 0
687 5855 0
687 2599 0
687 729 0
687 1943 0
687 6081 0
687 3010 1
687 7633 0
687 2524 0
698 4609 0
698 3844 0
698 14603 0
698 4110 0
698 9377 0
698 3878 0
698 3513 0
698 698 0
698 828 0
698 701 0
698 705 1
698 707 0
698 3397 0
698 4610 0
698 1620 0
698 8165 0
698 15836 0
698 5855 0
698 5729 0
700 4609 1
700 4610 1
700 2567 1
700 2059 1
700 7208 1
700 7521 1
700 2130 1
700 3158 1
700 5729 1
700 3174 1
700 12909 1
700 6163 1
700 1653 1
700 5759 1
700 4744 1
700 1180 1
700 2724 1
700 19626 1
700 8875 1
700 1197 1
700 4278 1
700 7355 1
700 700 2
700 701 1
700 703 1
700 704 1
700 705 2
700 706 1
700 707 1
700 4818 1
700 4822 1
700 1259 1
700 5881 1
700 3844 1
700 3336 1
700 14603 1
700 6932 1
700 6874 1
700 3878 1
700 6622 1
700 5432 1
700 828 1
700 3397 1
700 843 1
700 5452 2
700 2384 1
700 861 1
700 3425 1
700 5477 1
700 17258 1
700 16241 1
700 8053 1
700 3446 1
700 3447 1
700 6719 1
700 4491 1
700 2446 1
700 5521 1
700 3996 1
700 6062 1
700 11699 1
700 16822 1
700 3513 1
700 6081 1
700 4546 1
700 7073 1
700 4555 1
700 4557 1
700 7633 1
700 4566 1
700 4062 1
700 6992 1
700 8165 1
700 7662 1
700 7165 1
701 4609 0
701 6069 0
701 701 0
701 705 1
701 707 0
701 2384 0
701 861 0
703 4609 0
703 4610 0
703 8875 0
703 3844 0
703 6081 0
703 6792 0
703 3995 0
703 1180 0
703 7073 0
703 2724 0
703 3996 0
703 5432 0
703 703 0
703 704 0
703 705 1
703 4546 0
703 707 0
703 3397 0
703 4822 0
703 5729 0
703 5477 0
703 3174 0
703 5881 0
704 4610 0
704 3844 0
704 3397 0
704 4609 0
704 3336 0
704 14603 0
704 5521 0
704 1180 0
704 7073 0
704 3996 0
704 8875 0
704 4822 0
704 6068 0
704 4062 0
704 5432 0
704 704 0
704 705 1
704 706 0
704 707 0
704 4818 0
704 2446 0
704 4566 0
704 5477 0
704 3174 0
704 4546 0
704 6081 0
704 16241 0
704 6719 0
704 17258 0
705 4609 1
705 4610 1
705 9377 1
705 2059 1
705 4110 1
705 7197 1
705 7208 1
705 5981 1
705 6719 1
705 14929 1
705 3174 1
705 12909 1
705 6792 1
705 1180 1
705 8048 1
705 19626 1
705 8875 1
705 1197 1
705 7355 1
705 705 2
705 706 1
705 707 1
705 4822 1
705 5855 1
705 1259 1
705 5881 1
705 3336 1
705 14603 1
705 6874 1
705 15663 1
705 6622 1
705 5432 1
705 828 1
705 13119 1
705 2881 1
705 3397 1
705 843 1
705 5452 2
705 6992 1
705 5469 1
705 5477 1
705 17258 1
705 2938 1
705 8068 1
705 5517 1
705 2446 1
705 3995 1
705 3996 1
705 7073 1
705 9145 1
705 6081 1
705 4546 1
705 7109 1
705 4550 1
705 4551 1
705 4555 1
705 972 1
705 4566 1
705 4062 1
705 8165 1
706 8068 0
706 3336 0
706 20361 0
706 1180 0
706 2724 0
706 4551 0
706 4524 0
706 6068 0
706 706 0
706 707 0
706 7109 0
706 4550 0
706 4546 0
706 2446 0
706 4822 0
706 15836 0
706 4062 0
706 5477 0
706 17258 0
706 6081 0
706 8053 0
706 2938 0
707 13119 0
707 7073 0
707 7208 0
707 7355 0
707 707 0
707 4555 0
707 6992 0
707 4822 0
707 4062 0
707 8048 0
707 5881 0
729 2059 0
729 6156 0
729 3101 1
729 4139 0
729 5469 0
729 4681 0
729 1620 0
729 4185 0
729 1632 0
729 3174 0
729 2668 0
729 3006 1
729 5247 0
729 6081 0
729 4744 0
729 1170 0
729 2708 0
729 5798 0
729 1197 0
729 729 0
729 1259 0
729 4339 0
729 6163 0
729 3336 0
729 3801 0
729 1816 0
729 2338 0
729 1931 1
729 7064 0
729 5981 0
729 4183 0
729 2989 0
729 6062 0
729 4534 0
729 2999 0
729 4555 0
729 4704 0
729 7662 0
779 795 0
779 807 0
779 808 0
779 4534 0
779 2999 0
779 3008 0
779 3010 1
779 2995 1
779 2281 0
779 2282 0
779 1653 0
795 3008 0
795 3010 1
795 5764 0
795 1062 0
795 1063 0
795 3336 0
795 6156 0
795 2059 0
795 5469 0
795 2995 1
807 2059 0
807 1062 0
807 1063 0
807 1620 0
807 1653 0
807 3008 0
807 4546 0
807 5296 0
807 6910 0
807 2837 0
807 807 0
807 5452 1
807 5469 0
807 1927 0
807 1943 0
807 7064 0
807 4524 0
807 4534 0
807 7109 0
807 3537 0
807 3539 1
808 3010 1
808 5764 0
808 1838 0
808 2995 1
808 3006 1
808 3008 0
808 4681 0
808 5469 0
808 2281 0
808 2282 0
808 4077 0
808 1653 0
828 2708 0
828 2718 0
828 828 0
828 6163 0
828 5759 0
843 4609 0
843 2059 0
843 6156 0
843 5981 0
843 1620 0
843 3158 0
843 3174 0
843 12909 0
843 5759 0
843 1180 0
843 2718 0
843 2724 0
843 1221 0
843 5857 0
843 1259 0
843 843 0
843 5469 0
843 4463 0
843 3446 0
843 2938 0
843 7064 0
843 2989 0
861 8875 0
861 6163 0
861 4822 0
861 2384 0
861 4463 0
861 4465 0
861 4550 0
861 4551 0
861 4609 0
861 2567 0
861 2599 0
861 4694 0
861 6792 0
861 2708 0
861 2718 0
861 861 0
861 1221 0
861 1259 0
861 3336 0
861 20361 0
861 5432 0
861 3397 0
861 5469 0
861 3425 0
861 3446 0
861 7064 0
861 1653 0
861 12909 0
861 5798 0
861 7850 0
861 5855 0
861 5874 0
861 3939 0
861 1927 0
861 6068 0
861 6069 0
861 6081 0
861 12234 0
861 2724 0
972 6915 0
972 7208 0
972 4704 0
972 1653 0
972 7165 0
972 3729 0
972 1180 0
972 2718 0
972 1221 0
972 5855 0
972 1259 0
972 5881 0
972 19750 0
972 6792 0
972 2881 0
972 5469 0
972 4463 0
972 16241 0
972 8053 0
972 2989 0
972 4534 0
972 972 0
972 4566 0
972 1004 0
1004 1620 0
1004 4183 0
1004 2724 0
1004 2338 0
1004 5981 0
1004 3446 0
1004 3996 0
1004 18332 0
1004 4557 0
1004 3536 1
1004 1004 0
1004 7165 0
1057 1057 2
1057 18631 1
1057 11294 1
1062 5440 0
1062 2837 0
1062 1943 0
1062 5764 0
1062 1062 0
1062 2999 0
1062 3903 0
1062 3008 0
1062 3535 1
1062 3539 1
1062 1365 0
1062 5981 0
1062 1063 0
1062 1653 0
1063 1943 0
1063 2995 1
1063 5440 0
1063 3010 1
1063 3539 1
1063 1365 0
1070 1943 0
1070 3010 1
1070 3539 1
1070 1365 0
1070 3006 1
1078 3008 0
1078 3010 1
1078 3535 1
1078 4339 0
1078 2999 0
1170 2059 0
1170 6163 0
1170 4183 0
1170 4185 0
1170 2338 0
1170 4463 0
1170 4524 0
1170 4555 0
1170 4681 0
1170 4694 0
1170 4704 0
1170 4744 0
1170 6915 0
1170 2989 0
1170 3013 0
1170 3101 1
1170 3158 0
1170 5247 0
1170 5432 0
1170 5469 0
1170 7633 0
1170 7662 0
1170 1620 0
1170 3801 0
1170 5855 0
1170 5857 0
1170 1816 0
1170 18060 0
1170 5981 0
1170 1927 0
1170 1931 1
1170 6062 0
1174 3539 1
1174 3535 1
1174 3536 1
1174 3537 0
1174 3540 0
1180 2708 0
1180 1180 0
1180 1197 0
1180 5855 0
1180 1259 0
1180 4340 0
1180 5389 0
1180 6073 1
1180 7633 0
1180 4062 0
1180 7651 0
1197 2059 0
1197 1620 0
1197 3158 0
1197 4704 0
1197 3174 0
1197 1653 0
1197 4744 0
1197 2724 0
1197 4551 0
1197 1197 0
1197 1221 0
1197 4822 0
1197 5855 0
1197 16647 0
1197 1765 0
1197 4344 0
1197 7662 0
1197 2338 0
1197 5432 0
1197 2881 0
1197 1927 0
1197 5247 0
1197 5521 0
1197 7064 0
1197 2989 0
1197 7109 0
1197 4550 0
1197 4555 0
1197 4557 0
1197 4566 0
1197 7165 0
1221 3446 0
1221 4550 0
1221 4557 0
1221 2524 0
1221 4610 0
1221 2567 0
1221 2581 1
1221 4694 0
1221 12909 0
1221 8814 0
1221 2708 0
1221 2718 0
1221 4784 0
1221 2837 0
1221 17258 0
1221 2989 0
1221 7109 0
1221 7197 0
1221 5296 0
1221 1221 0
1221 1259 0
1221 3336 0
1221 5389 0
1221 5432 0
1221 5452 1
1221 1367 1
1221 5469 0
1221 5477 0
1221 3469 0
1221 5521 0
1221 1620 0
1221 5729 0
1221 5742 0
1221 1653 0
1221 3729 0
1221 7850 0
1221 5855 0
1221 12744 0
1221 1865 0
1221 5981 0
1221 1943 0
1221 3397 0
1221 6094 0
1221 4062 0
1259 2059 0
1259 4110 0
1259 4524 0
1259 4534 0
1259 4555 0
1259 4557 0
1259 2524 0
1259 4609 0
1259 4610 0
1259 4691 0
1259 4694 0
1259 2881 0
1259 2938 0
1259 7064 0
1259 7165 0
1259 3101 1
1259 5432 0
1259 5469 0
1259 4704 0
1259 1620 0
1259 1632 0
1259 5729 0
1259 1653 0
1259 5857 0
1259 16241 0
1259 1931 1
1259 12234 0
1365 5764 0
1365 1927 0
1365 1943 0
1365 3535 1
1365 3536 1
1365 3537 0
1365 1620 0
1365 4331 1
1365 5747 0
1367 1765 1
1620 6156 0
1620 4110 0
1620 4183 0
1620 4185 0
1620 16564 0
1620 4340 0
1620 16647 0
1620 2338 0
1620 4524 0
1620 4534 0
1620 4546 0
1620 4550 0
1620 4555 0
1620 4557 0
1620 4566 0
1620 6622 0
1620 4681 0
1620 4694 0
1620 4704 0
1620 4744 0
1620 2708 0
1620 2718 0
1620 4795 0
1620 4818 0
1620 6915 0
1620 2989 0
1620 2999 0
1620 3006 1
1620 3010 1
1620 5296 0
1620 7208 0
1620 3158 0
1620 3174 0
1620 17937 0
1620 5247 0
1620 3336 0
1620 5389 0
1620 5432 0
1620 3397 0
1620 5469 0
1620 3307 0
1620 5521 0
1620 4339 0
1620 4551 0
1620 7662 0
1620 1620 0
1620 1632 0
1620 5798 0
1620 7850 0
1620 3801 0
1620 5855 0
1620 1765 0
1620 3844 0
1620 1816 0
1620 6792 0
1620 5981 0
1620 1943 0
1620 18332 0
1620 6062 0
1620 2724 0
1632 2718 0
1632 2338 0
1632 4681 0
1632 3006 1
1632 3008 0
1632 4704 0
1632 3010 1
1632 4818 0
1632 1632 0
1632 1653 0
1632 3013 0
1632 5247 0
1653 8829 0
1653 1653 0
1653 1765 0
1653 1943 0
1653 1944 0
1653 2338 0
1653 2580 1
1653 3008 0
1653 3336 0
1653 19750 0
1653 3729 0
1653 4062 0
1653 4110 0
1653 20539 0
1653 4332 1
1653 4333 0
1653 4367 0
1653 4465 0
1653 4534 0
1653 12744 0
1653 4566 0
1653 4610 0
1653 4681 0
1653 4704 0
1653 5451 0
1653 5729 0
1653 5742 0
1653 5764 0
1653 5855 0
1653 6068 0
1653 6073 1
1653 6156 0
1653 6163 0
1653 6270 0
1653 6719 0
1653 6915 0
1653 6988 0
1653 6994 0
1653 7165 0
1653 16241 0
1765 8875 0
1765 6163 0
1765 4534 0
1765 4546 0
1765 4550 0
1765 4551 0
1765 6622 0
1765 2567 0
1765 2599 0
1765 12909 0
1765 4744 0
1765 19906 1
1765 2999 0
1765 3013 0
1765 2938 0
1765 3397 0
1765 5469 0
1765 3513 0
1765 7633 0
1765 5729 0
1765 5798 0
1765 5855 0
1765 1765 0
1765 5881 0
1765 1816 0
1765 1943 0
1765 6069 0
1788 6792 1
1788 6068 1
1788 5742 1
1788 1788 2
1788 1790 1
1788 1791 1
1790 3307 0
1790 9840 0
1791 4139 0
1791 4278 0
1791 4331 1
1791 5742 0
1791 4344 0
1791 1791 0
1816 2059 0
1816 4681 0
1816 4704 0
1816 5247 0
1816 4744 0
1816 2718 0
1816 5798 0
1816 4818 0
1816 19750 0
1816 2282 0
1816 3336 0
1816 5389 0
1816 1816 0
1816 2338 0
1816 3397 0
1816 2384 0
1816 5469 0
1816 1931 1
1816 6062 0
1816 3006 1
1816 3010 1
1816 7662 0
1838 3010 1
1838 2059 0
1838 3006 1
1865 5764 0
1865 4546 0
1865 1943 0
1865 4139 0
1865 4524 0
1865 2995 1
1865 4534 0
1865 3903 0
1865 3010 1
1865 1865 0
1865 5981 0
1865 3174 0
1865 4331 1
1865 9840 0
1927 2059 0
1927 6163 0
1927 2281 0
1927 4339 0
1927 2338 0
1927 2384 0
1927 4463 0
1927 4465 0
1927 4524 0
1927 4534 0
1927 4609 0
1927 4610 0
1927 2599 0
1927 4681 0
1927 6792 0
1927 2718 0
1927 2881 0
1927 7064 0
1927 2995 1
1927 3008 0
1927 3010 1
1927 3013 0
1927 3014 0
1927 11294 0
1927 5469 0
1927 5521 0
1927 5747 0
1927 3729 0
1927 5855 0
1927 16241 0
1927 1943 0
1931 3844 1
1931 1931 2
1931 6156 1
1931 5521 1
1931 7065 1
1931 7066 1
1931 3101 2
1931 2338 1
1931 6073 2
1931 6074 1
1931 2059 1
1931 4243 1
1931 4681 1
1931 3801 1
1931 4704 1
1931 17937 1
1931 4339 1
1931 4340 1
1931 5247 1
1943 6163 0
1943 2059 0
1943 6156 0
1943 9840 0
1943 4331 1
1943 4340 0
1943 4344 0
1943 2338 0
1943 2384 0
1943 4463 0
1943 2524 0
1943 6622 0
1943 2599 0
1943 4744 0
1943 2718 0
1943 2724 0
1943 2837 0
1943 2938 0
1943 2995 1
1943 2999 0
1943 3006 1
1943 3008 0
1943 3010 1
1943 3014 0
1943 5296 0
1943 3158 0
1943 3174 0
1943 2567 0
1943 5432 0
1943 5434 0
1943 5440 0
1943 5469 0
1943 7064 0
1943 3539 1
1943 5747 0
1943 5759 0
1943 5764 0
1943 3729 0
1943 5798 0
1943 5981 0
1943 3939 0
1943 1943 0
1943 6068 0
1943 6081 0
1944 2581 1
1944 6069 0
1944 5452 1
2059 2059 0
2059 6156 0
2059 5469 0
2059 4185 0
2059 3101 1
2059 4333 0
2059 4339 0
2059 4340 0
2059 4524 0
2059 4546 0
2059 4681 0
2059 4704 0
2059 2668 0
2059 4744 0
2059 2718 0
2059 17058 0
2059 4795 0
2059 4818 0
2059 6998 0
2059 2989 0
2059 3014 0
2059 5247 0
2059 3336 0
2059 5389 0
2059 5432 0
2059 3397 0
2059 3469 0
2059 5521 0
2059 7662 0
2059 3006 1
2059 5775 0
2059 3801 0
2059 3844 0
2059 6792 0
2059 6062 0
2059 12234 0
2130 2708 0
2130 4822 0
2130 5432 0
2130 5981 0
2130 8053 0
2130 2995 1
2130 3006 1
2130 4550 0
2130 4551 0
2281 6163 0
2281 2995 1
2281 3010 1
2281 2281 0
2281 2282 0
2281 9840 0
2282 3336 0
2282 4524 0
2282 2995 1
2282 3010 1
2338 6163 0
2338 17937 0
2338 4183 0
2338 4185 0
2338 4339 0
2338 4340 0
2338 3801 0
2338 2338 0
2338 2384 0
2338 4463 0
2338 4465 0
2338 4491 0
2338 4550 0
2338 2599 0
2338 4681 0
2338 4694 0
2338 4704 0
2338 2668 0
2338 4744 0
2338 2718 0
2338 2724 0
2338 4557 0
2338 4818 0
2338 4822 0
2338 6910 0
2338 6915 0
2338 6998 0
2338 2989 0
2338 2995 1
2338 3101 1
2338 5981 0
2338 3158 0
2338 3174 0
2338 5247 0
2338 3336 0
2338 19750 0
2338 5432 0
2338 5469 0
2338 7064 0
2338 7662 0
2338 5729 0
2338 5857 0
2338 3878 0
2338 7633 0
2338 6062 0
2338 6068 0
2338 6081 0
2338 4062 0
2338 7850 0
2384 6069 0
2384 4681 0
2384 4744 0
2384 5855 0
2384 4339 0
2384 4340 0
2384 5469 0
2384 3446 0
2384 7064 0
2384 7073 0
2384 3006 1
2384 3010 1
2384 7662 0
2446 2446 0
2446 2708 0
2446 4681 0
2524 5469 0
2524 5247 0
2524 3729 0
2524 2708 0
2524 2718 0
2524 4822 0
2524 5855 0
2524 5432 0
2524 5981 0
2524 3446 0
2524 6068 0
2524 19906 1
2524 4550 0
2524 4551 0
2524 2524 0
2524 7109 0
2567 4609 0
2567 4822 0
2567 5855 0
2567 4331 1
2567 4344 0
2567 5981 0
2567 4534 0
2567 4550 0
2580 18060 1
2580 6029 1
2580 2580 2
2580 8473 1
2580 5981 1
2581 6029 1
2581 8473 1
2581 19750 1
2581 8875 1
2581 12865 1
2581 17358 1
2581 4694 1
2581 5247 1
2599 4110 0
2599 6163 0
2599 2599 0
2599 6069 0
2599 7165 0
2599 2708 0
2599 2718 0
2599 2724 0
2599 5798 0
2599 8875 0
2599 5296 0
2599 6081 0
2599 7066 0
2599 16241 0
2599 3446 0
2599 3729 0
2599 3469 0
2599 4524 0
2599 6073 1
2599 18078 0
2599 6622 0
2668 14929 0
2668 3174 0
2668 2668 0
2668 4795 0
2668 4818 0
2668 5855 0
2668 4332 1
2668 5469 0
2668 6062 0
2668 4546 0
2668 4555 0
2668 7165 0
2708 4110 0
2708 4463 0
2708 4465 0
2708 12729 0
2708 6792 0
2708 2718 0
2708 2724 0
2708 4795 0
2708 9145 0
2708 7109 0
2708 3174 0
2708 9470 0
2708 5389 0
2708 15663 0
2708 5432 0
2708 3397 0
2708 3425 0
2708 3446 0
2708 7633 0
2708 8814 0
2708 5855 0
2708 5857 0
2708 5981 0
2708 8069 0
2708 6068 0
2708 6073 1
2718 6156 0
2718 4110 0
2718 4185 0
2718 16647 0
2718 5521 0
2718 4524 0
2718 4534 0
2718 4546 0
2718 4550 0
2718 4566 0
2718 4681 0
2718 8814 0
2718 6792 0
2718 2718 0
2718 2724 0
2718 8875 0
2718 4795 0
2718 6932 0
2718 2881 0
2718 2938 0
2718 9094 1
2718 3101 1
2718 7208 0
2718 5247 0
2718 3336 0
2718 5389 0
2718 15663 0
2718 5432 0
2718 5469 0
2718 3446 0
2718 3447 0
2718 3535 1
2718 7633 0
2718 3729 0
2718 5855 0
2718 5881 0
2718 18211 0
2718 16241 0
2718 18332 0
2718 6068 0
2718 6069 0
2718 6073 1
2718 6081 0
2718 7165 0
2718 7073 0
2724 4110 0
2724 6163 0
2724 4340 0
2724 4344 0
2724 4524 0
2724 6792 0
2724 2724 0
2724 4795 0
2724 4818 0
2724 3008 0
2724 11294 0
2724 18631 0
2724 15663 0
2724 3729 0
2724 5981 0
2724 18332 0
2724 6068 0
2724 6069 0
2724 6081 0
2765 3008 0
2765 3010 1
2765 3013 0
2765 2995 1
2765 11294 0
2765 8473 0
2765 18332 0
2765 3006 1
2837 5855 0
2837 3535 1
2837 3536 1
2837 9840 0
2837 4344 0
2881 7208 0
2881 7165 0
2881 5855 0
2881 5881 0
2881 6915 0
2881 8473 0
2881 6792 0
2881 2881 0
2881 5469 0
2881 4463 0
2881 16241 0
2881 3469 0
2881 7064 0
2881 7073 0
2881 2989 0
2881 4534 0
2881 4546 0
2881 4566 0
2938 5247 0
2938 4744 0
2938 4795 0
2938 2938 0
2938 18332 0
2938 2999 0
2938 3006 1
2938 3008 0
2938 3010 1
2938 6622 0
2989 6163 0
2989 4681 0
2989 4694 0
2989 4704 0
2989 5247 0
2989 4340 0
2989 6915 0
2989 3844 0
2989 5981 0
2989 8053 0
2989 2989 0
2989 4534 0
2989 4546 0
2989 4550 0
2989 4551 0
2989 4555 0
2989 4557 0
2995 18332 1
2995 5798 1
2995 4524 1
2995 8498 1
2995 2995 2
2995 3010 2
2995 12744 1
2995 4681 1
2995 5469 1
2995 9840 1
2995 6270 1
2995 5759 1
2999 7066 0
2999 18332 0
2999 18078 0
2999 3013 0
2999 5981 0
2999 18975 0
2999 3008 0
2999 3010 1
2999 5452 1
2999 3539 1
2999 6998 0
2999 3939 0
2999 5759 0
3001 3008 0
3001 5452 1
3001 4744 0
3001 6998 0
3001 3001 0
3001 6073 1
3006 3008 1
3006 3206 1
3006 4744 1
3006 4333 1
3006 6872 1
3006 5764 1
3006 18332 1
3006 18975 1
3006 5296 1
3006 4550 1
3006 5432 1
3006 5434 1
3006 12744 1
3006 3903 1
3006 3010 2
3006 3013 1
3006 3014 1
3006 4681 1
3006 5452 2
3006 6094 1
3006 3535 2
3006 6998 1
3006 4183 1
3006 3544 1
3006 5775 1
3006 3939 1
3006 4077 1
3006 7662 1
3006 5747 1
3006 6994 1
3008 5296 0
3008 6068 0
3008 4681 0
3008 6073 1
3008 5759 0
3008 5764 0
3008 5765 0
3008 4744 0
3008 18078 0
3008 5798 0
3008 3336 0
3008 3903 0
3008 5452 1
3008 6998 0
3008 3939 0
3008 18332 0
3008 4534 0
3008 6074 0
3008 3008 0
3008 3010 1
3008 3013 0
3008 3535 1
3008 3539 1
3008 6622 0
3010 5764 1
3010 6998 1
3010 3206 1
3010 4744 1
3010 5775 1
3010 3101 2
3010 18975 1
3010 4681 1
3010 5296 1
3010 8498 1
3010 3903 1
3010 3010 2
3010 12744 1
3010 5452 2
3010 6094 1
3010 4694 1
3010 4183 1
3010 6872 1
3010 4185 1
3010 5469 1
3010 3939 1
3010 5798 1
3010 4077 1
3010 5759 1
3010 6994 1
3010 5247 1
3013 4744 0
3013 4333 0
3013 7662 0
3013 11294 0
3013 5798 0
3013 18631 0
3013 3013 0
3013 4681 0
3013 5452 1
3013 6094 0
3013 4077 0
3014 4550 0
3014 5452 1
3014 5747 0
3101 6156 1
3101 5521 1
3101 6163 1
3101 3801 1
3101 7064 1
3101 7066 1
3101 3101 2
3101 18078 1
3101 6073 2
3101 4818 1
3101 5469 1
3101 4704 1
3101 17937 1
3101 5783 1
3101 4077 1
3101 16241 1
3101 4339 1
3101 4340 1
3101 4185 1
3101 7165 1
3101 5247 1
3122 3535 1
3122 3539 1
3122 3544 0
3158 4795 0
3158 3174 0
3158 6792 0
3158 7355 0
3158 18631 0
3158 4331 1
3158 3446 0
3158 4550 0
3158 4551 0
3158 4555 0
3158 4557 0
3174 6163 0
3174 7355 0
3174 3174 0
3174 5247 0
3174 6792 0
3174 18060 0
3174 4795 0
3174 6910 0
3174 5432 0
3174 4534 0
3174 4546 0
3206 17058 0
3206 8875 0
3206 12865 0
3206 4691 0
3206 5855 0
3227 3227 0
3227 17443 0
3227 15020 0
3227 20405 0
3227 3535 1
3227 3539 1
3307 4097 0
3307 6163 0
3307 5247 0
3307 5764 0
3307 5781 0
3307 4331 1
3307 4333 0
3307 3544 0
3307 5469 0
3307 3307 0
3307 18332 0
3307 4524 0
3307 4534 0
3307 3539 1
3336 6156 0
3336 4681 0
3336 5389 0
3336 5247 0
3336 6792 0
3336 4818 0
3336 5855 0
3336 4333 0
3336 4339 0
3336 4340 0
3336 3336 0
3336 6998 0
3336 3425 0
3336 5469 0
3336 4551 0
3336 12234 0
3336 7662 0
3397 4609 0
3397 4110 0
3397 5389 0
3397 15663 0
3397 3397 0
3397 5469 0
3397 5981 0
3397 4524 0
3397 7109 0
3397 4550 0
3397 4555 0
3397 5095 1
3425 8069 0
3425 7165 0
3425 4110 0
3425 18814 0
3425 17443 0
3425 9508 0
3425 5874 0
3425 5981 0
3425 6069 0
3425 4550 0
3425 4551 0
3425 4555 0
3425 6988 0
3425 4367 0
3425 5855 0
3425 3425 0
3425 7633 0
3425 12234 0
3425 6932 0
3425 9470 0
3446 4822 0
3446 8545 0
3446 4463 0
3446 4681 0
3446 6874 0
3446 5095 1
3446 7165 0
3446 5469 0
3446 3446 0
3446 3447 0
3446 18060 0
3446 5855 0
3446 5874 0
3446 3844 0
3446 5981 0
3446 16241 0
3446 8053 0
3446 6068 0
3446 6081 0
3446 4062 0
3447 6163 0
3447 4822 0
3447 5981 0
3447 5855 0
3447 4463 0
3447 4465 0
3447 3447 0
3469 4110 0
3469 20797 0
3469 16822 0
3469 7064 0
3469 11294 0
3469 5452 1
3469 3536 1
3469 20405 0
3469 5747 0
3469 20361 0
3513 4110 0
3513 5296 0
3513 5432 0
3513 5981 0
3513 6068 0
3513 3513 0
3513 7109 0
3513 7633 0
3535 5764 1
3535 5765 1
3535 5783 1
3535 20624 1
3535 4759 1
3535 18078 1
3535 20539 1
3535 4534 1
3535 5451 1
3535 3544 1
3535 5855 1
3535 5729 1
3535 5747 1
3535 5781 1
3536 4097 1
3536 20624 1
3536 5783 1
3536 3995 1
3536 20539 1
3536 5451 1
3536 5452 2
3536 3536 2
3536 3540 1
3536 4344 1
3536 6270 1
3536 5781 1
3537 20624 0
3537 5452 1
3537 3539 1
3537 5742 0
3537 4344 0
3539 5764 1
3539 5765 1
3539 4759 1
3539 5781 1
3539 3539 2
3539 3540 1
3539 5783 1
3539 5742 1
3539 5747 1
3539 4344 1
3540 20624 0
3544 5783 0
3544 5469 0
3544 20539 0
3544 5451 0
3544 7662 0
3544 5747 0
3729 4332 1
3729 4463 0
3729 4550 0
3729 4551 0
3729 4555 0
3729 4557 0
3729 6792 0
3729 4795 0
3729 4822 0
3729 7109 0
3729 7165 0
3729 5432 0
3729 5729 0
3729 3729 0
3729 5855 0
3729 3878 0
3729 5981 0
3729 3995 0
3801 4681 0
3801 4185 0
3801 4744 0
3801 4818 0
3801 4339 0
3801 5432 0
3801 6998 0
3801 4551 0
3801 7662 0
3844 6156 0
3844 5469 0
3844 6719 0
3844 4185 0
3844 4795 0
3844 5857 0
3844 3844 0
3844 5389 0
3844 6932 0
3844 8545 0
3844 8053 0
3844 5981 0
3844 7165 0
3878 9094 1
3878 8473 0
3878 16241 0
3878 5981 0
3878 4534 0
3878 4546 0
3878 4555 0
3878 4557 0
3878 7109 0
3878 7165 0
3903 4546 0
3903 5432 0
3903 3903 0
3903 4332 1
3996 5521 0
4062 7197 0
4062 7073 0
4062 4822 0
4062 15836 0
4062 4062 0
4077 5469 0
4097 4097 0
4097 15020 0
4097 5432 0
4097 5434 0
4097 6094 0
4097 4331 1
4097 4332 1
4097 4333 0
4097 9840 0
4097 4344 0
4110 4110 0
4110 4339 0
4110 4550 0
4110 9145 0
4110 7109 0
4110 5389 0
4110 15663 0
4110 6932 0
4110 6792 0
4110 5981 0
4110 6068 0
4110 6069 0
4110 6081 0
4139 4139 0
4139 8875 0
4139 5432 0
4139 4331 1
4139 4332 1
4139 9840 0
4183 5521 0
4183 8473 0
4183 4818 0
4183 4183 0
4183 4185 0
4183 16220 0
4183 5469 0
4183 4704 0
4183 4339 0
4183 5247 0
4185 4694 0
4185 6156 0
4185 4681 0
4185 4185 0
4185 4704 0
4185 5247 0
4185 7850 0
4185 4795 0
4185 4818 0
4185 4339 0
4185 16220 0
4185 5469 0
4185 5521 0
4185 6062 0
4185 4566 0
4243 6073 1
4243 7066 0
4243 4243 0
4243 7065 0
4278 9840 0
4331 18060 1
4331 16220 1
4331 5440 1
4331 4550 1
4331 4551 1
4331 4344 1
4331 4332 2
4331 9840 1
4331 4331 2
4332 5517 1
4332 4332 2
4332 4534 1
4332 16220 1
4332 4333 1
4332 9840 1
4332 4344 1
4333 6094 0
4339 6915 0
4339 6062 0
4339 5469 0
4339 4681 0
4339 4704 0
4339 5247 0
4339 4795 0
4339 4818 0
4339 6622 0
4339 6874 0
4339 7633 0
4339 4340 0
4339 19750 0
4339 5981 0
4339 4524 0
4339 4534 0
4340 4704 0
4340 5247 0
4340 4340 0
4340 5855 0
4340 5469 0
4340 6062 0
4340 4534 0
4344 5764 0
4344 5440 0
4344 4344 0
4463 4463 0
4463 4465 0
4463 4524 0
4463 4550 0
4463 4551 0
4463 6719 0
4463 4681 0
4463 4822 0
4463 4566 0
4463 7064 0
4463 17358 0
4463 5855 0
4463 5857 0
4463 6094 0
4465 6792 0
4465 4795 0
4465 5855 0
4465 5857 0
4465 9094 1
4465 5434 0
4465 7521 0
4465 16241 0
4465 7064 0
4465 18332 0
4465 4524 0
4465 4550 0
4465 17358 0
4465 4566 0
4465 6068 0
4491 5855 0
4491 16647 0
4491 4491 0
4491 6068 0
4491 4546 0
4524 4524 0
4524 4609 0
4524 6719 0
4524 4795 0
4524 4822 0
4524 6874 0
4524 6910 0
4524 7064 0
4524 7165 0
4524 5469 0
4524 5477 0
4524 5729 0
4524 5759 0
4524 5855 0
4524 16241 0
4524 6081 0
4524 6094 0
4534 6163 0
4534 4546 0
4534 12744 0
4534 4609 0
4534 4534 0
4534 4694 0
4534 4795 0
4534 7064 0
4534 7073 0
4534 5247 0
4534 5432 0
4534 5452 1
4534 5469 0
4534 5477 0
4534 4704 0
4534 5729 0
4534 5855 0
4534 6081 0
4534 6094 0
4546 4609 0
4546 6163 0
4546 4694 0
4546 12744 0
4546 4795 0
4546 4822 0
4546 6910 0
4546 15663 0
4546 5432 0
4546 5469 0
4546 7521 0
4546 6081 0
4546 8053 0
4546 4546 0
4546 7109 0
4546 4550 0
4546 4551 0
4550 4550 0
4550 4551 0
4550 4555 0
4550 4566 0
4550 4694 0
4550 4744 0
4550 8875 0
4550 4795 0
4550 4822 0
4550 6998 0
4550 7064 0
4550 7109 0
4550 5247 0
4550 5389 0
4550 5432 0
4550 5434 0
4550 5855 0
4550 8069 0
4550 6062 0
4550 6068 0
4550 6069 0
4551 4555 0
4551 4704 0
4551 4744 0
4551 4551 0
4551 4795 0
4551 6874 0
4551 6998 0
4551 7064 0
4551 7109 0
4551 7208 0
4551 5389 0
4551 5432 0
4551 5434 0
4551 5521 0
4551 5855 0
4551 8069 0
4551 6068 0
4551 6069 0
4555 17443 0
4555 4795 0
4555 4744 0
4555 4822 0
4555 5855 0
4555 5247 0
4555 8069 0
4555 5389 0
4555 5432 0
4555 7662 0
4555 4555 0
4555 4557 0
4557 4609 0
4557 17358 0
4557 4822 0
4557 5855 0
4557 5247 0
4557 8069 0
4557 4557 0
4566 5855 0
4566 5521 0
4566 4566 0
4566 15836 0
4609 4609 0
4609 4610 0
4609 5981 0
4609 8498 0
4609 5432 0
4610 4610 0
4610 7073 0
4610 8498 0
4610 5981 0
4681 6156 0
4681 4704 0
4681 4681 0
4681 4694 0
4681 5247 0
4681 6081 0
4681 4744 0
4681 5855 0
4681 19750 0
4681 8498 0
4681 5469 0
4681 5521 0
4681 7064 0
4681 5798 0
4681 7662 0
4691 4691 0
4691 8829 0
4691 5857 0
4691 9094 1
4694 5469 0
4694 4694 0
4694 8053 0
4694 7662 0
4704 6915 0
4704 12909 0
4704 4744 0
4704 5247 0
4704 5469 0
4704 5521 0
4704 4704 0
4704 7662 0
4744 6156 0
4744 4744 0
4744 5798 0
4744 4818 0
4744 19750 0
4744 5469 0
4744 7064 0
4744 6622 0
4744 7662 0
4759 5747 0
4795 6062 0
4795 6163 0
4795 4795 0
4795 4818 0
4795 4822 0
4795 5469 0
4795 8053 0
4795 6068 0
4795 6069 0
4795 7073 0
4818 6156 0
4818 5247 0
4818 4818 0
4818 5469 0
4822 5855 0
4822 5729 0
4822 5759 0
4822 12234 0
4822 4822 0
4822 5432 0
4822 5434 0
5095 7064 1
5095 6062 1
5095 7633 1
5095 5855 1
5095 5095 2
5095 8814 1
5247 6915 0
5247 7064 0
5247 6872 0
5247 5432 0
5247 5451 0
5247 5469 0
5296 6068 0
5389 6910 0
5389 9145 0
5389 7109 0
5389 5389 0
5389 15663 0
5389 5469 0
5389 5981 0
5389 20361 0
5389 6069 0
5389 6081 0
5432 7165 0
5432 5432 0
5432 5434 0
5432 5469 0
5432 5477 0
5432 5521 0
5432 5729 0
5432 5747 0
5432 5855 0
5432 5981 0
5432 6073 1
5432 6081 0
5434 5855 0
5434 5521 0
5434 6073 1
5440 5764 0
5440 6073 1
5440 5440 0
5440 5747 0
5440 5759 0
5452 16822 1
5452 9840 1
5452 15020 1
5452 16564 1
5452 5874 1
5469 6156 0
5469 6163 0
5469 7850 0
5469 6998 0
5469 7064 0
5469 5981 0
5469 19750 0
5469 5469 0
5469 5477 0
5469 5521 0
5469 7662 0
5469 5759 0
5469 5855 0
5469 5881 0
5469 7633 0
5469 17058 0
5469 6792 0
5477 5477 0
5517 5747 0
5517 16220 0
5521 6270 0
5521 5521 0
5521 6068 0
5719 13119 0
5719 5719 0
5729 5855 0
5729 7633 0
5742 5764 0
5747 11294 0
5747 14929 0
5747 5747 0
5747 5764 0
5747 7521 0
5747 18332 0
5747 6094 0
5759 5981 0
5759 6163 0
5759 5759 0
5759 5764 0
5759 18078 0
5759 18332 0
5759 7109 0
5764 18078 0
5764 9840 0
5764 6073 1
5765 5765 0
5775 5775 0
5781 18332 0
5798 15020 0
5855 6163 0
5855 7521 0
5855 6270 0
5855 7165 0
5855 18814 0
5855 8875 0
5855 8545 0
5855 6874 0
5855 12234 0
5855 17258 0
5855 7073 0
5855 7109 0
5855 7197 0
5855 11699 0
5855 7064 0
5855 9145 0
5855 5855 0
5855 5857 0
5855 5874 0
5855 5981 0
5855 16241 0
5855 6068 0
5855 6081 0
5857 6156 0
5857 6163 0
5857 8958 0
5857 6932 0
5857 7633 0
5874 6792 0
5874 5874 0
5874 7633 0
5881 7208 0
5881 5981 0
5881 5881 0
5881 7064 0
5881 7073 0
5981 8875 0
5981 17258 0
5981 16647 0
5981 18975 0
5981 12729 0
5981 13119 0
5981 5981 0
5981 6068 0
5981 6069 0
5981 6163 0
5981 6270 0
5981 6792 0
5981 6932 0
5981 7073 0
5981 7109 0
5981 7165 0
5981 7208 0
6029 18332 0
6068 6163 0
6068 7064 0
6068 7165 0
6068 7850 0
6068 16241 0
6068 18332 0
6068 6068 0
6068 6081 0
6069 20361 0
6069 8069 0
6069 6069 0
6069 6081 0
6069 7633 0
6069 8165 0
6073 7066 1
6073 6094 1
6073 7065 1
6073 6073 2
6073 6074 1
6074 6074 0
6074 7066 0
6081 6163 0
6081 8875 0
6081 6792 0
6081 6910 0
6081 17358 0
6081 15663 0
6081 7633 0
6081 18332 0
6081 6081 0
6094 21518 1
6094 9840 0
6094 6094 0
6156 6156 0
6156 6932 0
6156 6998 0
6156 7662 0
6163 6163 0
6163 6915 0
6163 7165 0
6163 19750 0
6163 7633 0
6163 16647 0
6163 18060 0
6163 7850 0
6163 15663 0
6163 16241 0
6163 18332 0
6719 6719 0
6719 15663 0
6719 6910 0
6792 6792 0
6792 6874 0
6792 7165 0
6792 7208 0
6792 7633 0
6792 7109 0
6792 16241 0
6872 7662 0
6872 6872 0
6874 6874 0
6910 17443 0
6910 6932 0
6910 6910 0
6910 8069 0
6910 9508 0
6915 16241 0
6932 6932 0
6992 6992 0
6992 7073 0
6998 18332 0
7064 15663 0
7065 7065 0
7065 7066 0
7066 7066 0
7073 7197 0
7073 7073 0
7073 7355 0
7073 7208 0
7109 7109 0
7109 7633 0
7165 8875 0
7165 7165 0
7165 16241 0
7165 8069 0
7197 18060 0
7197 7197 0
7208 7208 0
7355 7355 0
7633 8814 0
7633 11294 0
7633 17443 0
7633 7633 0
7633 18060 0
7633 7850 0
7633 8829 0
7633 16220 0
7633 16241 0
7633 8069 0
7651 7651 0
7662 12234 0
7850 8829 0
8048 8048 0
8068 17443 0
8068 8068 0
8068 8069 0
8069 8069 0
8069 15650 0
8069 16241 0
8165 13119 0
8165 8165 0
8473 16220 0
8473 8473 0
8814 16647 0
8814 9094 1
8875 18332 0
8875 8875 0
8875 9094 1
8958 21518 1
8958 8958 0
9094 15020 1
9094 20405 1
9094 12865 1
9094 17358 1
9094 19750 1
9145 9145 0
9145 9470 0
9840 9840 0
11294 19906 1
11294 11294 0
12234 12234 0
12744 12744 0
12909 12909 0
13059 20361 0
15650 15650 0
15663 15663 0
15836 15836 0
16220 16220 0
16241 16241 0
16564 18332 0
16647 20629 0
16647 16647 0
16822 16822 0
17058 18060 0
17058 17058 0
17258 17258 0
17358 19750 0
18060 18060 0
18078 18332 0
18631 19906 1
18631 20405 0
18631 20361 0
19560 20405 1
19750 19750 0
20539 20539 0
20629 20629 0
20797 20797 0
