21186 3469 0
21186 287 0
21186 2543 1
21186 5747 1
1891 251 1
1891 5413 1
5413 5712 1
5413 287 1
5413 5413 2
5413 7010 1
20807 698 1
20807 701 1
20807 20807 2
20807 7010 1
2550 6162 0
2550 2548 0
2550 2549 1
2550 251 1
3469 2543 1
3469 5747 1
16335 16335 0
16335 251 1
16335 2549 1
5712 5712 0
5712 251 1
5712 287 0
6162 6162 0
6162 2548 0
6162 2552 0
6162 2549 1
6162 5747 1
5747 5747 2
5747 287 1
2548 2549 1
2548 2552 0
2548 251 1
2549 2549 2
2549 2552 1
2549 251 2
2934 698 1
2934 701 1
2552 251 1
7010 698 0
7010 7010 0
698 698 0
698 701 0
701 287 0
701 701 0
287 287 0
