18 13061 1
18 13355 1
18 3986 1
18 16308 1
18 287 1
18 1943 1
51 51 0
51 18270 1
51 2143 1
51 2338 0
51 3986 0
51 16308 0
287 287 0
287 2338 0
287 3308 0
287 20814 1
287 13355 0
287 6166 0
685 13355 0
685 13061 0
685 5745 1
685 1653 0
685 5928 1
685 3986 0
1254 4704 1
1254 1254 2
1254 3036 1
1254 4300 1
1254 1653 1
1254 3225 1
1576 6166 0
1576 1576 0
1576 4704 0
1576 3225 0
1576 11935 1
1576 4300 0
1576 2338 0
1576 3986 0
1576 12190 1
1576 3036 0
1653 1653 0
1653 1943 0
1653 2239 0
1653 2338 0
1653 3986 0
1653 4704 0
1653 13061 0
1653 13355 0
1653 13212 1
1653 16308 0
1943 2338 0
1943 2709 0
1943 5928 1
1943 13355 0
1943 1943 0
2143 2338 1
2143 3308 1
2143 2143 2
2239 5928 1
2239 3030 1
2338 6166 0
2338 4300 0
2338 2338 0
2338 4704 0
2338 2709 0
2338 3030 1
2338 3036 0
2338 18270 1
2338 3986 0
2709 2709 0
2709 13061 0
2709 16308 0
2709 5745 1
2709 5928 1
2709 3986 0
3030 13355 1
3030 13061 1
3030 16308 1
3036 4704 0
3036 4300 0
3036 5928 1
3036 3036 0
3225 6166 0
3225 4704 0
3225 3225 0
3225 4300 0
3225 18270 1
3308 3308 0
3308 5745 1
3986 18270 1
3986 3986 0
3986 4300 0
3986 4704 0
4300 4704 0
4300 6166 0
4300 4300 0
4300 5928 1
4704 11935 1
4704 12190 1
4704 4704 0
5745 5745 2
5928 5928 2
6166 6166 0
6166 11935 1
6166 12190 1
6166 18270 1
11935 11935 2
13061 13061 0
13061 16308 0
16308 16308 0
18270 18270 2
20814 20814 2
