4097 4097 0
4097 5763 1
4097 5432 0
4097 5434 0
4097 4331 1
4097 4332 1
4097 9840 1
4097 4344 0
3076 129 1
3076 3076 2
4524 6165 0
4524 20505 0
4524 129 0
4524 1741 0
4524 4339 0
4524 2382 0
4524 4463 0
4524 4524 0
4524 4525 0
4524 4526 0
4524 2718 0
4524 2722 0
4524 4795 0
4524 911 0
4524 2995 0
4524 1158 0
4524 1259 0
4524 3561 0
4524 5648 1
4524 5855 0
4524 1865 1
4524 16275 0
5648 5648 2
5648 6165 1
5648 4525 1
5648 4526 1
5648 4534 1
5648 4795 1
5648 4541 1
5648 2243 1
5648 2249 1
5648 2253 1
5648 338 1
8211 8211 0
8211 1687 0
8211 2718 0
8211 168 1
8211 5855 0
8211 8447 1
8211 3844 0
8211 301 0
8211 16275 0
8211 3986 0
6165 168 1
6165 169 0
6165 4296 0
6165 4319 0
6165 242 0
6165 6165 0
6165 287 0
6165 4491 0
6165 4525 0
6165 4526 0
6165 4534 0
6165 4546 0
6165 19879 0
6165 6792 0
6165 2709 0
6165 2712 0
6165 669 0
6165 2718 0
6165 2722 0
6165 6828 0
6165 4795 0
6165 861 0
6165 911 0
6165 5016 0
6165 7275 0
6165 5243 0
6165 3232 0
6165 3236 0
6165 1259 0
6165 3464 0
6165 3561 0
6165 1680 0
6165 5855 0
6165 1824 0
6165 5981 0
6165 3986 0
6165 16275 0
6165 1943 0
6165 4095 0
8729 4664 1
8729 3664 1
8729 1653 0
2586 168 1
2586 4580 1
4139 4139 0
4139 5763 1
4139 3126 1
4139 823 1
4139 5432 0
4139 1865 1
4139 1866 0
4139 4331 1
4139 4332 1
4139 9840 1
4139 1791 0
861 168 1
861 4319 0
861 735 1
861 4463 0
861 6792 0
861 2709 0
861 2712 0
861 2718 0
861 2722 0
861 2727 0
861 861 0
861 911 0
861 5016 0
861 3046 0
861 5277 0
861 3232 0
861 3236 0
861 1221 0
861 1259 0
861 15612 0
861 5432 0
861 19879 0
861 242 0
861 7084 0
861 1653 0
861 1680 0
861 1687 0
861 3757 0
861 1741 0
861 5855 0
861 1824 0
861 3893 0
861 5994 0
861 3986 0
861 4095 0
3126 2517 1
3126 2518 1
3126 3134 1
3126 2837 1
4664 7084 1
4664 4664 2
4664 8287 1
4664 7275 1
4664 1653 1
4664 5243 1
4664 5994 1
4664 2709 1
4664 2712 1
4664 669 1
4664 2718 1
4664 2722 1
4664 168 2
4664 169 1
4664 4295 1
4664 3757 1
4664 15612 1
4664 2242 1
4664 2243 1
4664 1221 1
4664 1223 1
4664 4296 1
4664 4300 1
4664 1741 1
4664 5855 1
4664 1259 1
4664 242 1
4664 3844 1
4664 270 1
4664 5277 1
4664 4485 1
4664 1824 1
4664 301 1
4664 4319 1
4664 21322 1
4664 2382 1
4664 5981 1
4664 4458 1
4664 4463 1
4664 20204 1
4664 4491 1
4664 911 1
4664 6035 1
4664 5016 1
4664 20505 1
4664 4542 1
4664 4546 1
4664 8898 1
4664 3236 1
4664 3046 1
4664 4095 1
3134 5764 0
3134 287 0
3134 3134 0
3134 4344 0
3134 9840 1
7243 7243 0
7243 1158 0
7243 3729 0
7243 168 1
7243 6828 0
7243 1741 0
7243 735 1
7243 301 0
7243 5855 0
7243 5016 0
7243 5994 0
591 9840 1
591 4331 1
591 174 0
591 1680 0
591 4344 0
3664 2242 1
3664 8069 1
3664 3682 1
2130 1687 0
2130 168 1
2130 169 0
2130 1710 1
2130 5432 0
2130 5981 0
2130 5274 0
2130 2995 0
2131 1687 0
2131 5277 0
2131 168 1
2131 1710 1
2131 1653 0
2131 15612 0
1626 711 1
1626 735 1
1626 3986 0
1626 4095 0
8287 5981 0
8287 8287 0
8287 1680 0
8287 3729 0
8287 2709 0
8287 2718 0
8287 2722 0
8287 168 1
8287 4795 0
8287 1741 0
8287 5855 0
8287 270 0
8287 287 0
8287 301 0
8287 338 0
8287 3464 0
8287 2712 0
8287 4546 0
8287 3561 0
3682 3986 0
3682 5981 0
3682 735 1
3682 1653 0
3682 3561 0
7275 3986 0
7275 168 1
7275 5981 0
7275 2499 0
7275 7275 0
7275 5994 0
2668 2668 0
2668 4795 0
2668 8898 0
2668 4295 0
2668 4300 0
2668 5855 0
2668 4332 1
2668 3561 0
2668 15159 1
2668 4546 0
174 9840 1
174 174 0
174 287 0
174 1865 1
174 1943 0
9840 2178 1
9840 5763 2
9840 5764 1
9840 4332 2
9840 1794 1
9840 2837 1
9840 1943 1
9840 2995 1
9840 4277 1
9840 823 2
9840 1865 2
9840 1866 1
9840 2518 1
9840 4580 2
9840 4331 2
9840 20946 1
9840 9840 2
9840 1786 1
9840 380 2
9840 1789 1
9840 1790 1
1653 270 0
1653 669 0
1653 1221 0
1653 1259 0
1653 1653 0
1653 1943 0
1653 2253 0
1653 2382 0
1653 2722 0
1653 19879 0
1653 3561 0
1653 3729 0
1653 3986 0
1653 4277 0
1653 4332 1
1653 4534 0
1653 4542 0
1653 5016 0
1653 5243 0
1653 5277 0
1653 5764 0
1653 5855 0
1653 16275 0
4216 5763 1
4216 823 1
4216 4216 0
5243 129 0
5243 168 1
5243 2243 0
5243 4319 0
5243 242 0
5243 287 0
5243 4541 0
5243 2499 0
5243 6792 0
5243 2712 0
5243 2718 0
5243 2722 0
5243 21322 0
5243 5274 0
5243 1943 0
5243 19879 0
5243 1680 0
5243 3729 0
5243 1741 0
5243 5855 0
5243 19837 0
5243 3986 0
4458 3729 0
4458 168 1
4458 1337 0
4458 5981 0
129 3844 0
129 4491 0
129 129 0
129 1158 0
129 2709 0
129 669 0
129 168 1
129 169 0
129 2243 0
129 2249 0
129 2253 0
129 338 0
129 5981 0
129 4525 0
129 4526 0
129 4534 0
2178 823 1
2178 1790 0
2178 1791 0
5763 823 2
5764 1943 0
5764 3010 0
5764 1865 1
5764 4344 0
1158 1158 0
1158 1687 0
1158 168 1
1158 169 0
1158 6828 0
1158 1221 0
1158 5855 0
1158 4331 1
1158 3893 0
1158 5994 0
1158 4463 0
1158 1943 0
1158 4525 0
1158 4526 0
1158 1259 0
1158 2499 0
1158 2382 0
6792 168 1
6792 8447 1
6792 2382 0
6792 4535 0
6792 4544 0
6792 6792 0
6792 2712 0
6792 669 0
6792 2718 0
6792 2722 0
6792 5016 0
6792 5277 0
6792 15612 0
6792 2499 0
6792 19837 0
6792 3729 0
6792 3757 0
6792 20204 0
6792 1824 0
6792 5981 0
6792 2709 0
4546 19879 0
4546 20505 0
4546 2718 0
4546 2722 0
4546 168 1
4546 169 0
4546 4795 0
4546 1741 0
4546 242 0
4546 5432 0
4546 1865 1
4546 2382 0
4546 3903 0
4546 4491 0
4546 911 0
4546 4534 0
4546 4544 0
4546 4546 0
1680 168 1
1680 2243 0
1680 4319 0
1680 4344 0
1680 2712 0
1680 2718 0
1680 2722 0
1680 711 1
1680 911 0
1680 3232 0
1680 3236 0
1680 19879 0
1680 242 0
1680 3986 0
1680 1943 0
3729 4332 1
3729 242 0
3729 287 0
3729 2382 0
3729 4463 0
3729 669 0
3729 2718 0
3729 2722 0
3729 4795 0
3729 7084 0
3729 5277 0
3729 1221 0
3729 1223 0
3729 15612 0
3729 5432 0
3729 9542 1
3729 3729 0
3729 1687 0
3729 1741 0
3729 5855 0
3729 5981 0
3729 1943 0
3729 4095 0
2709 168 1
2709 19837 0
2709 338 0
2709 2709 0
2709 2712 0
2709 669 0
2709 2718 0
2709 2722 0
2709 4795 0
2709 5274 0
2709 5432 0
2709 5016 0
2709 19879 0
2709 3561 0
2709 1687 0
2709 5855 0
2709 1789 0
2709 1824 0
2709 5981 0
2709 3986 0
2709 1943 0
1687 168 1
1687 169 0
1687 4300 0
1687 4319 0
1687 242 0
1687 4344 0
1687 301 0
1687 3464 0
1687 4534 0
1687 4535 0
1687 7084 0
1687 5981 0
1687 1259 0
1687 5432 0
1687 5434 0
1687 19879 0
1687 1687 0
1687 1710 1
1687 1741 0
1687 5855 0
1687 3893 0
1687 5994 0
2712 168 1
2712 2243 0
2712 4296 0
2712 19837 0
2712 242 0
2712 287 0
2712 338 0
2712 4463 0
2712 2499 0
2712 2712 0
2712 2718 0
2712 2722 0
2712 4795 0
2712 5274 0
2712 5277 0
2712 1259 0
2712 5432 0
2712 19879 0
2712 1741 0
2712 5855 0
2712 5981 0
2712 3986 0
2712 1943 0
5274 5274 0
5274 3232 0
5274 2722 0
5274 168 1
5274 169 0
5274 1741 0
5274 5855 0
5274 8447 1
5274 5994 0
5274 5016 0
5274 4095 0
5277 5981 0
5277 2718 0
5277 1741 0
5277 1259 0
5277 15612 0
5277 3844 0
5277 5855 0
5277 15159 1
5277 4463 0
5277 19837 0
5277 5277 0
2718 168 1
2718 169 0
2718 2243 0
2718 4319 0
2718 19837 0
2718 242 0
2718 8447 1
2718 287 0
2718 301 0
2718 4525 0
2718 4534 0
2718 4535 0
2718 4541 0
2718 4542 0
2718 4544 0
2718 19879 0
2718 669 0
2718 2718 0
2718 2722 0
2718 4795 0
2718 21322 0
2718 3232 0
2718 1223 0
2718 1221 0
2718 15612 0
2718 5432 0
2718 3464 0
2718 1943 0
2718 5016 0
2718 1741 0
2718 5855 0
2718 1824 0
2718 3986 0
2718 2382 0
2718 2727 0
3232 3232 0
3232 2722 0
3232 3236 0
3232 168 1
3232 711 1
3232 4319 0
3232 911 0
3232 3986 0
3232 1943 0
2722 168 1
2722 169 0
2722 2243 0
2722 4319 0
2722 19837 0
2722 242 0
2722 301 0
2722 338 0
2722 4525 0
2722 19879 0
2722 2499 0
2722 2722 0
2722 2727 0
2722 4795 0
2722 21322 0
2722 1221 0
2722 1223 0
2722 1259 0
2722 5432 0
2722 5016 0
2722 3561 0
2722 1741 0
2722 5855 0
2722 1824 0
2722 5981 0
2722 3986 0
2722 1943 0
3236 3236 0
3236 711 1
3236 4319 0
3236 1259 0
3236 19837 0
3236 911 0
3236 3986 0
3236 1943 0
2727 711 1
2727 735 1
2727 911 0
2727 1943 0
168 6828 1
168 20505 1
168 8898 1
168 168 2
168 169 1
168 4295 1
168 4296 1
168 4300 1
168 2253 1
168 4339 1
168 270 1
168 287 1
168 301 1
168 2382 1
168 338 1
168 4463 1
168 4485 1
168 4491 1
168 4534 1
168 4535 1
168 4541 1
168 4542 1
168 4544 1
168 20204 1
168 2499 1
168 669 1
168 4795 1
168 15159 2
168 7084 1
168 3010 1
168 6035 1
168 5016 1
168 1221 1
168 1223 1
168 1259 1
168 21322 1
168 19837 1
168 3464 1
168 5517 1
168 19879 1
168 1741 1
168 3844 1
168 1824 1
168 5981 1
168 8069 1
168 16275 1
169 169 0
169 4795 0
169 4296 0
169 1741 0
169 1259 0
169 270 0
169 287 0
169 301 0
169 2382 0
169 338 0
169 3464 0
169 2499 0
1223 669 0
1223 1221 0
1223 1741 0
1223 5855 0
1223 1259 0
1223 1786 0
1223 2837 0
1223 5432 0
1223 338 0
1223 5981 0
1223 3986 0
6828 5994 0
6828 6828 0
6828 1221 0
6828 1741 0
6828 735 1
6828 301 0
6828 5434 0
6828 5855 0
6828 4463 0
6828 5016 0
6828 2499 0
3757 15443 1
3757 669 0
3757 1741 0
3757 5855 0
3757 5432 0
3757 1337 0
3757 338 0
3757 4463 0
3757 911 0
3757 3986 0
4277 4332 1
4541 3986 0
4541 4535 0
4541 4541 0
4795 4525 0
4795 669 0
4795 4795 0
4795 4319 0
4795 4339 0
4795 3844 0
4795 270 0
4795 301 0
4795 338 0
4795 3464 0
4795 16275 0
4795 4526 0
4795 4534 0
4795 4535 0
4795 4544 0
4795 3561 0
2242 20505 0
2242 2242 0
2242 2243 0
2242 1741 0
2242 2253 0
2243 2243 0
2243 2253 0
2243 1741 0
2243 242 0
2243 19879 0
1221 4300 0
1221 338 0
1221 4485 0
1221 4525 0
1221 669 0
1221 2837 0
1221 5016 0
1221 1221 0
1221 1259 0
1221 5432 0
1221 20505 0
1221 19879 0
1221 287 0
1221 1741 0
1221 5855 0
1221 1786 0
1221 3893 0
1221 1865 1
1221 5981 0
1221 3986 0
1221 1943 0
4295 8898 0
4295 1741 0
4295 3986 0
4295 4300 0
4296 3986 0
4296 4296 0
4296 4300 0
2249 669 0
2249 711 1
2249 2249 0
2249 2253 0
2249 3986 0
4300 5981 0
4300 15159 1
4300 4300 0
4300 1741 0
4300 4339 0
4300 3464 0
4300 1259 0
4300 3986 0
4300 19879 0
4300 2499 0
2253 1741 0
2253 3986 0
1741 242 0
1741 301 0
1741 4463 0
1741 4525 0
1741 4526 0
1741 669 0
1741 711 1
1741 911 0
1741 5016 0
1741 3046 0
1741 1259 0
1741 5432 0
1741 5434 0
1741 19837 0
1741 19879 0
1741 1741 0
1741 5855 0
1741 3893 0
1741 5994 0
1741 2382 0
735 3986 1
735 5981 1
735 3893 1
735 5432 1
735 5434 1
735 4319 1
735 2499 1
735 735 2
735 5994 1
4331 1943 1
4331 16220 1
4331 1865 2
4331 4344 1
4331 4332 2
4331 242 1
4331 4331 2
4331 1791 1
242 5855 0
242 4344 0
242 287 0
242 5432 0
242 338 0
242 3986 0
242 1943 0
242 19879 0
242 4534 0
242 4535 0
242 4544 0
4339 4542 0
4339 3986 0
4339 380 1
4339 5981 0
4339 4525 0
4339 4526 0
4339 4534 0
4339 19879 0
4344 2837 0
4344 1943 0
4344 4332 1
4344 20946 0
4344 4344 0
4344 4347 0
4344 380 1
4344 1791 0
1786 823 1
1786 4580 1
1786 1786 0
1786 1791 0
4347 1794 0
4347 4601 0
4347 1865 1
4347 4332 1
4347 1943 0
4347 4347 0
15612 8898 0
15612 15612 0
15612 15159 1
15612 2382 0
15612 3561 0
1789 823 1
1789 4580 1
1789 1789 0
1789 1790 0
1789 1791 0
1790 380 1
1791 20946 0
1791 4580 1
1791 1791 0
8069 8069 0
8069 287 0
1794 1794 0
1794 1865 1
1794 1943 0
3844 3844 0
3844 338 0
3844 19837 0
3844 3464 0
3844 3986 0
3844 5981 0
3844 4542 0
270 270 0
270 2382 0
270 5981 0
270 5994 0
270 19837 0
2837 1943 0
2837 5855 0
287 287 0
287 711 1
287 911 0
287 1259 0
287 2382 0
287 19837 0
287 3464 0
287 19879 0
287 3893 0
287 3903 0
287 4319 0
287 4485 0
287 4601 0
287 5994 0
1824 1824 0
1824 338 0
1824 3986 0
1824 1943 0
1824 19879 0
301 669 0
301 5855 0
301 1259 0
301 301 0
301 2382 0
301 5432 0
301 5994 0
301 4463 0
301 5981 0
301 7084 0
301 4534 0
301 4535 0
301 4095 0
3893 7084 0
3893 5432 0
3893 5855 0
3893 4580 1
3893 3561 0
823 4580 2
823 20946 1
823 823 2
5432 4485 0
5432 4534 0
5432 4580 1
5432 2499 0
5432 669 0
5432 1259 0
5432 5432 0
5432 5434 0
5432 5855 0
5432 3903 0
5432 5981 0
5432 1943 0
1337 1259 0
1337 15159 1
1337 711 1
5434 5855 0
5434 5994 0
5434 4485 0
5434 1943 0
5434 4580 1
5855 2382 0
5855 4463 0
5855 4491 0
5855 4534 0
5855 19879 0
5855 15159 1
5855 5016 0
5855 7084 0
5855 2499 0
5855 3561 0
5855 5855 0
5855 5981 0
5855 5994 0
3903 3903 0
3903 3010 0
3903 1865 1
3903 1866 0
3903 4332 1
1865 4526 1
1865 1943 1
1865 4525 1
1865 2995 1
1865 4534 1
1865 4535 1
1865 4544 1
1865 3010 1
1865 1865 2
1865 1866 1
1865 5981 1
1865 4601 1
1866 1943 0
1866 4601 0
15159 3464 1
15159 3986 1
15159 2382 1
2382 2382 0
2382 4463 0
2382 4525 0
2382 4526 0
2382 4534 0
2382 4535 0
2382 1259 0
338 4319 0
338 338 0
338 4485 0
338 4535 0
338 669 0
338 5016 0
338 911 0
338 3464 0
338 19879 0
338 5981 0
16220 16220 0
16220 4332 1
16220 5517 0
5981 669 0
5981 1943 0
5981 19837 0
5981 19879 0
5981 3561 0
5981 3986 0
5981 21322 0
5981 5981 0
5981 6035 0
5981 16275 0
5994 5994 0
4319 4319 0
4319 1259 0
4319 4463 0
4319 911 0
4319 3986 0
4319 1943 0
4319 19879 0
4319 4534 0
711 911 1
711 3986 1
711 711 2
711 3046 1
711 3561 1
711 4095 1
4463 4463 0
4463 4485 0
4463 4525 0
4463 4526 0
4463 4535 0
4463 3986 0
4463 1943 0
16275 8447 1
16275 16275 0
16275 3464 0
16275 3986 0
16275 3561 0
20505 20505 0
20505 4534 0
20505 4535 0
380 380 2
380 4601 1
19837 19837 0
19837 3986 0
19837 669 0
19837 4580 1
1259 4534 0
1259 2499 0
1259 7084 0
1259 3046 0
1259 3561 0
1259 3986 0
4485 4535 0
4485 3561 0
3464 3464 0
4332 5517 1
4332 4332 2
4332 4534 1
4332 20946 1
4332 2517 1
4491 4491 0
5517 2517 0
911 3986 0
911 1943 0
911 19879 0
911 4095 0
3986 3046 0
3986 19879 0
3986 3561 0
3986 3986 0
3986 4095 0
3986 4525 0
3986 4534 0
3986 20946 0
3986 5016 0
3986 6035 0
6035 6035 0
1943 4535 0
1943 2517 0
1943 19879 0
1943 5016 0
1943 2995 0
1943 3010 0
1943 1943 0
1943 4095 0
5016 19879 0
5016 3561 0
19879 4534 0
19879 4535 0
19879 4544 0
19879 4580 1
19879 669 0
19879 19879 0
19879 3561 0
7084 7084 0
7084 2499 0
4525 4526 0
669 2499 0
669 669 0
669 3561 0
669 4095 0
2995 2995 0
2995 3010 0
4534 4535 0
4534 4534 0
4534 3561 0
4535 4535 0
21322 21322 0
4542 4542 0
4544 4544 0
3010 3010 0
2499 2499 0
2517 2518 0
2517 2517 0
2518 2518 0
3561 15443 1
15443 15443 2
8447 8447 2
4095 4095 0
