6147 6147 0
6147 20536 0
6147 2272 0
6147 10481 0
6147 4425 0
6147 8548 0
6147 1099 0
6147 16370 0
6147 19207 0
6147 659 0
6147 13431 0
6147 13046 0
6147 15772 0
6147 11066 0
6147 15224 0
6147 20307 1
6147 1098 0
6147 15261 1
6147 5485 0
6147 15920 0
6147 1653 0
6147 5855 0
6147 16204 1
6147 5994 0
6147 321 0
6661 2272 1
4425 10661 1
4425 13099 1
4425 7379 0
4425 1765 0
4425 17896 0
7690 10661 1
7690 8504 0
7690 10433 1
7690 1765 0
7690 4081 0
7690 1653 0
7690 5880 0
7690 2709 0
4695 10661 1
4695 13099 1
4695 3382 0
4695 3008 0
11284 10661 1
11284 13099 1
11284 17836 1
11284 3382 0
11284 12887 0
11284 1653 0
2581 13099 1
2581 1281 0
2581 1944 0
2581 10661 1
2581 3382 0
2581 4694 0
14358 7810 1
14358 15261 1
21528 10661 1
21528 13099 1
21528 1653 0
21528 3382 0
5893 18788 1
5893 5679 0
5893 15920 0
5893 1098 0
5893 11348 0
5893 8549 0
5893 659 0
5893 685 0
5893 5855 0
5893 760 0
5893 8547 0
5893 8548 0
5893 5013 0
5893 15261 1
5893 5880 0
12320 10661 1
12320 13099 1
12320 1653 0
12320 3382 0
8227 8227 0
8227 10661 1
8227 13099 1
8227 3382 0
8227 1379 0
1572 15261 1
1572 13500 0
1572 17343 0
1572 21343 1
1572 15293 0
1572 10898 0
1572 7920 0
1572 13431 0
5669 10661 1
5669 13099 1
5669 17836 1
5669 3382 0
5669 1653 0
5669 8189 0
7720 10433 1
7720 10661 1
19207 7810 1
19207 17343 0
19207 10898 0
19207 15261 1
19207 16034 0
19207 15772 0
19207 4143 0
19207 15293 0
19207 15175 1
19207 13431 0
19207 20180 0
19207 19808 0
19207 6761 0
19207 7920 0
19207 15807 0
16941 13099 1
16941 5013 0
16941 10661 1
16941 17836 1
16941 3382 0
16941 9027 0
16941 21343 1
16941 11234 0
5679 18788 1
5679 15920 0
5679 1098 0
5679 1653 0
5679 6091 0
5679 5855 0
5679 8547 0
5679 13046 0
5679 760 0
5679 8548 0
5679 8549 0
5679 9027 0
5679 5013 0
5679 15261 1
15920 18788 1
15920 8547 0
15920 5855 0
15920 8549 0
15920 10481 0
15920 760 0
15920 8548 0
15920 15261 1
14899 13099 1
14899 3382 0
14899 12887 0
14899 21343 1
14899 1653 0
14899 8189 0
6710 7810 1
6710 15261 1
6710 10481 0
6710 6710 0
6710 6761 0
20536 10433 1
20536 15261 1
20536 3382 0
20631 10661 1
20631 13099 1
20631 1653 0
20631 3382 0
20631 20631 0
19808 4143 0
19808 14695 0
19808 10647 1
19808 6761 0
19808 10898 0
19808 15175 1
19808 15293 0
19808 13431 0
19808 15772 0
19808 15807 0
19808 15963 0
19808 1653 0
19808 1667 0
19808 16074 0
19808 1765 0
19808 7920 0
19808 5961 0
19808 8162 0
5729 1653 1
5729 5855 1
5729 1765 1
5729 5994 1
5729 17323 1
5729 16370 1
1098 15261 1
1098 1098 0
1098 1099 0
1098 1379 0
1098 6761 0
1098 1653 0
1098 14999 0
1098 13046 0
1098 3382 0
1098 21343 1
1098 5013 0
1098 7591 0
1099 685 0
1099 1099 0
1099 659 0
1099 14999 0
1099 13099 1
1099 15261 1
15544 13099 1
15544 21343 1
15544 7359 0
8547 18788 1
8547 11348 0
8547 5855 0
8547 760 0
8547 8548 0
8547 8549 0
8547 5013 0
8547 13431 0
8547 15261 1
8547 1478 0
8547 4081 0
11348 15261 1
11348 18788 1
11348 8548 0
11348 1653 0
11348 760 0
4694 4694 0
4694 13099 1
4694 3382 0
4694 10661 1
4694 444 0
12887 13357 0
12887 21343 1
12887 3191 0
12887 3223 0
12887 8866 0
12887 7865 0
12887 1653 0
12887 19234 0
12887 7378 0
12887 7379 0
12887 2272 0
12887 7439 0
12887 5411 0
12887 13099 1
12887 8504 0
12887 11583 0
12887 9027 0
12887 8165 0
12887 7838 0
12887 10144 0
12887 11079 0
12887 444 0
12887 446 0
12887 987 0
12887 7653 0
18788 15261 2
18788 10418 1
18788 3382 1
18788 17343 1
18788 11233 1
18788 8548 1
18788 8549 1
18788 760 1
15963 4143 0
15963 13431 0
15963 17343 0
15963 7810 1
15963 10898 0
15963 16034 0
15963 7920 0
15963 13192 0
15963 15175 1
15963 14695 0
15963 15293 0
15963 15807 0
15963 6761 0
20573 10661 1
20573 13099 1
20573 7379 0
20573 3382 0
7775 3191 0
7775 8336 0
7775 8866 0
7775 7379 0
7775 19234 0
7775 13099 1
7775 3382 0
7775 15677 0
7775 15755 0
7775 21343 1
7775 4475 0
7775 11649 0
7775 16823 0
7775 10661 1
7775 17836 1
18529 13099 1
18529 21343 1
15461 13099 1
15461 10661 1
8294 10661 1
8294 13099 1
8294 5555 0
8294 3382 0
8294 21343 1
8294 7653 0
6761 4143 0
6761 15772 0
6761 14695 0
6761 8814 0
6761 10898 0
6761 6761 0
6761 15807 0
6761 7810 1
6761 16034 0
6761 17343 0
6761 16074 0
6761 20180 0
6761 5855 0
6761 7920 0
6761 9086 0
6761 16091 0
6761 8504 0
6761 5961 0
6761 5994 0
6761 15224 0
6761 4475 0
6761 10647 1
6761 13431 0
6761 10481 0
6761 15175 1
6761 15293 0
6761 1478 0
6761 16331 0
8814 7810 1
8814 10481 0
8814 16647 0
8814 15261 1
4719 4719 0
4719 16647 0
4719 10661 1
4719 17836 1
13427 17896 0
13427 13099 1
13427 3382 0
13427 10661 1
1653 16620 0
1653 8527 0
1653 16744 0
1653 8866 0
1653 685 0
1653 9027 0
1653 17323 0
1653 17896 0
1653 1653 0
1653 1765 0
1653 18206 0
1653 1944 0
1653 10661 1
1653 19234 0
1653 3008 0
1653 11234 0
1653 11616 0
1653 11693 0
1653 13046 0
1653 13099 1
1653 5013 0
1653 13276 0
1653 13431 0
1653 13500 0
1653 13816 0
1653 5855 0
1653 6380 0
1653 14999 0
1653 15175 1
1653 15259 0
1653 7110 0
1653 7653 0
1653 7838 0
1653 16114 0
1653 16150 0
1653 16370 0
13431 4143 0
13431 15293 0
13431 13431 0
13431 17343 0
13431 7810 1
13431 10898 0
13431 16034 0
13431 16074 0
13431 20180 0
13431 5855 0
13431 7920 0
13431 5961 0
13431 15205 0
13431 14695 0
13431 10647 1
13431 15175 1
13431 15807 0
15807 4143 0
15807 15205 0
15807 7810 1
15807 10898 0
15807 20180 0
15807 16091 0
15807 7920 0
15807 5961 0
15807 15224 0
15807 10647 1
15807 15772 0
15807 15293 0
5994 2272 0
5994 17900 1
5994 3191 0
5994 13816 0
5994 15912 0
5994 5855 0
5994 5994 0
5994 16331 0
7810 261 1
7810 10481 1
7810 10898 1
7810 10647 2
7810 15772 1
7810 4143 1
7810 5961 1
7810 16074 1
7810 16331 1
7810 15224 1
7810 14548 1
7810 15205 1
7810 4081 1
7810 16370 1
7810 20180 1
1667 1667 0
1667 7378 0
1667 1765 0
1667 13099 1
1667 3382 0
1667 21343 1
1667 5555 0
1667 10661 1
3718 1765 1
3718 3718 2
16010 13099 1
16010 3382 0
16010 17900 1
5485 15175 1
5485 21343 1
5485 17343 0
8336 11649 0
8336 13099 1
8336 15755 0
8336 19234 0
8336 10661 1
8336 3382 0
8336 16823 0
8336 21343 1
8336 10433 1
8336 4475 0
10898 4143 0
10898 20180 0
10898 7920 0
10898 13046 0
10898 15205 0
10898 10647 1
10898 15772 0
10898 5961 0
10898 8165 0
659 659 0
659 2709 0
659 5855 0
659 8484 0
659 15175 1
659 8548 0
659 15261 1
659 760 0
2709 10433 1
2709 6380 0
2709 8504 0
2709 20860 0
2709 10661 1
2709 2709 0
2709 5013 0
2709 13500 0
2709 17836 1
2709 5855 0
2709 9027 0
2709 5880 0
2709 8162 0
2709 4081 0
3223 13099 1
3223 3223 0
3223 10661 1
3223 3382 0
17048 10661 1
17048 685 0
17048 21343 1
7838 10661 1
7838 10433 1
7838 6380 0
8866 13099 1
8866 15772 0
8866 8866 0
8866 10661 1
8866 17836 1
8866 3382 0
8866 7359 0
8866 10433 1
8866 19234 0
8866 21343 1
8866 5855 0
8866 1765 0
8866 6380 0
8866 7379 0
8866 8189 0
1478 10433 1
1478 15175 1
8358 13099 1
8358 10661 1
8358 3382 0
683 17836 1
683 5013 0
683 10661 1
683 13099 1
683 685 0
683 3382 0
683 5880 0
685 5013 0
685 14999 0
685 7359 0
685 10433 1
685 1765 0
685 760 0
685 16150 0
685 9027 0
685 1379 0
685 8548 0
685 15755 0
685 5014 0
685 3008 0
685 5880 0
685 10661 1
685 8162 0
685 8165 0
7439 10661 1
7439 13099 1
7439 3382 0
7439 8504 0
7439 8189 0
10418 15261 1
10418 10661 1
10418 11233 0
16564 13099 1
16564 10661 1
16564 3382 0
5816 13099 1
5816 10661 1
7865 13099 1
7865 17836 1
7865 10661 1
17323 5855 0
17323 21029 1
17323 987 0
13500 10433 1
13500 8504 0
13500 10661 1
5310 13099 1
5310 17836 1
5310 3382 0
7359 13099 1
7359 10661 1
7359 3382 0
7359 5880 0
10433 1379 1
10433 14999 1
10433 20181 1
10433 16114 1
10433 16116 1
10433 13046 1
10433 5880 1
10433 6405 1
10433 19210 1
10433 18206 1
10433 8504 1
10433 9027 1
10433 13128 1
10433 11616 1
10433 12141 1
10433 4475 1
10433 9086 1
10433 15755 1
10433 5013 1
10433 5014 1
10433 8162 1
10433 8165 1
10433 4081 1
16331 15261 1
16074 15261 1
16074 16034 0
16074 11233 0
16074 15293 0
3191 13099 1
3191 3382 0
3191 21343 1
3191 19234 0
3191 6380 0
3191 8189 0
7378 7378 0
7378 7379 0
7378 13099 1
7378 7653 0
7378 1379 0
7378 5014 0
7378 10661 1
7378 5555 0
7378 5582 0
13523 10661 1
13523 13099 1
13523 21343 1
13523 1379 0
20180 4143 0
20180 2272 0
20180 7920 0
20180 10647 1
20181 13099 1
20181 5013 0
20181 5014 0
20181 10661 1
20181 17836 1
20181 13128 0
20181 458 0
20181 7379 0
20181 1379 0
20181 6380 0
16091 15261 1
16091 16034 0
16091 17343 0
16091 15175 1
16091 15293 0
16091 7920 0
15580 10661 1
15580 13099 1
15580 3382 0
8414 13099 1
8414 17836 1
8414 3382 0
8414 10661 1
5855 8484 0
5855 8548 0
5855 8549 0
5855 760 0
5855 15293 0
5855 5555 0
5855 5855 0
5855 1765 0
5855 5880 0
5855 16694 1
5855 6091 0
2272 10647 1
1765 4143 0
1765 8504 0
1765 9027 0
1765 15677 0
1765 11616 0
1765 1765 0
1765 8162 0
1765 4081 0
16620 10661 1
16620 13099 1
16620 3382 0
21029 16034 1
21029 7920 1
21029 15293 1
7920 4143 0
7920 16034 0
7920 5961 0
7920 15205 0
7920 14695 0
7920 10647 1
7920 15293 0
15912 10661 1
15912 13099 1
15912 3382 0
16114 10661 1
7379 16647 0
7379 7379 0
7379 19234 0
7379 5411 0
7379 13099 1
7379 9027 0
7379 5014 0
7379 10661 1
7379 5582 0
16116 13099 1
16116 3382 0
16116 10661 1
13046 10661 1
13046 5013 0
5880 1379 0
5880 6380 0
5880 8504 0
5880 9027 0
5880 8549 0
5880 5013 0
5880 5014 0
5880 5880 0
5880 10661 1
5880 4081 0
14548 15175 1
14548 13099 1
14548 16034 0
14548 3382 0
14548 15261 1
14548 17343 0
6405 13099 1
6405 10661 1
7653 5535 0
7653 10661 1
7653 13099 1
7653 5555 0
7653 3382 0
7653 5582 0
7653 8189 0
8960 10661 1
8960 13099 1
8960 3382 0
8960 8165 0
1281 10661 1
1281 13099 1
261 261 0
261 13099 1
261 3382 0
16647 16647 0
16647 13099 1
16647 10661 1
16647 8189 0
19210 10661 1
19210 13099 1
19210 17836 1
19210 3382 0
13357 13099 1
13357 10661 1
13357 6380 0
13357 8189 0
13357 3382 0
8466 10661 1
8466 13099 1
8466 3382 0
8466 11233 0
8466 17896 0
1813 10661 1
1813 13099 1
1813 3382 0
16150 10661 1
16150 13099 1
16150 17836 1
16150 3382 0
185 13099 1
185 3382 0
185 21343 1
185 10661 1
4143 17343 0
4143 16034 0
4143 15224 0
4143 15175 1
4143 5961 0
4143 15205 0
4143 14695 0
4143 10647 1
4143 15772 0
4143 15293 0
18206 10661 1
18206 13099 1
18206 17836 1
18206 3382 0
18206 21343 1
19234 16823 0
19234 4475 0
19234 13099 1
19234 3382 0
19234 15755 0
19234 21343 1
19234 11649 0
19234 10144 0
19234 10661 1
5411 10661 1
5411 13099 1
5411 3382 0
5411 6380 0
8484 13099 1
8484 8484 0
8484 15224 0
8484 10661 1
13099 8527 1
13099 16744 1
13099 11079 1
13099 8165 1
13099 11583 1
13099 6380 1
13099 7473 1
13099 11066 1
13099 321 1
13099 15755 1
13099 8523 1
13099 17237 1
13099 15677 1
13099 11616 1
13099 10602 1
13099 12141 1
13099 5488 1
13099 374 1
13099 4475 1
13099 20860 1
13099 9086 1
13099 16823 1
13099 13192 1
13099 14999 1
13099 1944 1
13099 15259 1
13099 5535 1
13099 10144 1
13099 16291 1
13099 7591 1
13099 8619 1
13099 11693 1
13099 5555 1
13099 20212 1
13099 444 1
13099 446 1
13099 3008 1
13099 7110 1
13099 458 1
13099 6091 1
13099 5582 1
13099 8146 1
13099 987 1
13099 13276 1
13099 11234 1
13099 17896 1
13099 13816 1
13099 5626 1
13099 8189 1
7473 3382 0
7473 21343 1
7473 5582 0
7473 10661 1
7473 8165 0
7473 7591 0
3382 6380 0
3382 321 0
3382 16744 0
3382 10602 0
3382 374 0
3382 4475 0
3382 16823 0
3382 5535 0
3382 446 0
3382 458 0
3382 14999 0
3382 8619 0
3382 11066 0
3382 11079 0
3382 21343 1
3382 9086 0
3382 15259 0
3382 15261 1
3382 3008 0
3382 987 0
3382 13276 0
3382 17237 0
3382 11583 0
3382 11598 0
3382 11616 0
3382 5488 0
3382 15755 0
3382 7591 0
3382 5555 0
3382 5582 0
3382 17900 1
3382 13816 0
3382 5626 0
3382 12141 0
3382 16291 0
3382 6091 0
3382 8146 0
3382 8165 0
3382 16370 0
3382 8189 0
8504 10661 1
11066 15261 1
15677 10661 1
15677 21343 1
11583 10661 1
11583 17836 1
11583 8189 0
321 10661 1
321 321 0
9027 6380 0
9027 8549 0
9027 17836 1
9027 17896 0
15175 17343 1
15175 5961 1
15175 15205 1
13128 5013 0
13128 5014 0
13128 10661 1
13128 17836 1
13128 1379 0
5961 16034 0
5961 15293 0
5961 17343 0
8523 16291 0
8523 10661 1
11234 21343 1
11234 8549 0
11598 10661 1
11598 17836 1
8527 10661 1
17237 10661 1
21343 4475 1
21343 5488 1
21343 11649 1
21343 15755 1
21343 15259 1
21343 7591 1
21343 8165 1
11616 14999 0
11616 10661 1
1379 10661 1
1379 9086 0
1379 5013 0
1379 5014 0
1379 458 0
8548 8549 0
8548 760 0
8548 15261 1
8548 6091 0
8548 4081 0
8549 6091 0
8549 760 0
8549 15261 1
14695 10647 1
14695 21438 1
16744 13192 0
16744 10661 1
16744 8189 0
10602 10661 1
12141 10661 1
12141 17836 1
5488 10661 1
5488 17836 1
5488 17896 0
5488 374 0
374 10661 1
374 17896 0
15224 15261 1
4475 15755 0
4475 10661 1
4475 17836 1
4475 16823 0
20860 10661 1
9086 10661 1
11649 10661 1
11649 16823 0
16823 15755 0
16823 10661 1
13192 10661 1
13192 987 0
6380 446 0
6380 5014 0
6380 10661 1
6380 444 0
6380 8189 0
15755 10661 1
15755 17836 1
14999 4081 0
14999 10661 1
14999 8165 0
5013 17836 1
5013 10661 1
5013 760 0
5013 5014 0
5013 8162 0
5014 10661 1
5014 458 0
10647 16034 1
10647 15293 1
1944 10661 1
15259 10661 1
15772 15261 1
15772 16034 0
15772 15293 0
15261 15205 1
15261 17343 1
15261 17836 2
15261 11233 1
15261 10661 2
15261 10481 1
15261 760 1
5535 5535 0
5535 10661 1
10144 10661 1
16291 10661 1
10661 5555 1
10661 458 1
10661 11079 1
10661 17896 1
10661 8619 1
10661 11693 1
10661 20212 1
10661 446 1
10661 3008 1
10661 7110 1
10661 6091 1
10661 5582 1
10661 13816 1
10661 8146 1
10661 987 1
10661 13276 1
10661 11233 1
10661 8162 1
10661 8165 1
10661 5626 1
10661 8189 1
7591 5555 0
7591 5582 0
7591 17896 0
8619 5555 0
17836 444 1
17836 6091 1
17836 8146 1
17836 8165 1
17836 446 1
17836 8189 1
11079 8189 0
5555 17896 0
446 8189 0
15205 16034 0
15205 15293 0
20212 8189 0
444 5582 0
444 8189 0
15293 16034 0
17343 11233 0
3008 3008 0
458 13276 0
6091 17896 0
16034 16034 0
5582 8165 0
8162 4081 0
8165 8165 0
17896 17896 0
4081 4081 0
8189 8189 0
