6666 6666 0
6666 3594 1
6666 1620 0
6666 1160 0
6666 3223 1
6666 6977 0
6666 5539 0
1927 2059 0
1927 4464 0
1927 4465 0
1927 6792 1
1927 2718 0
1927 4855 0
1927 1022 0
1927 5469 0
1927 3594 1
1927 3729 0
1927 5855 0
1927 5882 0
1927 3986 0
1160 5469 0
1160 2499 0
1160 6792 1
1160 4855 0
1160 1160 0
1160 1221 0
1160 3594 1
1160 3633 1
1160 1653 0
1160 3729 0
1160 5855 0
1160 5432 0
3594 2059 1
3594 1620 1
3594 3174 1
3594 2712 1
3594 2718 1
3594 1199 1
3594 1224 1
3594 7384 1
3594 5882 1
3594 3886 1
3594 1346 1
3594 2382 1
3594 5469 1
3594 3422 1
3594 3978 1
3594 3986 1
2059 2059 0
2059 5469 0
2059 2718 0
2059 1022 0
2059 5432 0
2059 6792 1
3729 2382 0
3729 2606 0
3729 6792 1
3729 2718 0
3729 5277 0
3729 1199 0
3729 1221 0
3729 5432 0
3729 5729 1
3729 1653 0
3729 3729 0
3729 5855 0
3729 3978 0
3986 1022 0
3986 1199 0
3986 1221 0
3986 1224 0
3986 1620 0
3986 1653 0
3986 2606 0
3986 2712 0
3986 2718 0
3986 3223 1
3986 3978 0
3986 3986 0
3986 4464 0
3986 5469 0
3986 5593 0
3986 6225 0
3886 2606 0
3886 6792 1
3886 2712 0
3886 1221 0
3886 1224 0
3886 5855 0
3886 4855 0
3886 3886 0
3886 5469 0
3886 5539 0
3886 5277 0
3886 1022 0
3223 3223 2
3223 2606 1
3223 6977 1
3223 6225 1
3223 4464 1
3223 4465 1
2712 4465 0
2712 2499 0
2712 6792 1
2712 2712 0
2712 2718 0
2712 4855 0
2712 6977 0
2712 1022 0
2712 5277 0
2712 5432 0
2712 5539 0
2712 7633 0
2712 1620 0
2712 5855 0
2712 5882 0
2712 3978 0
2201 2201 2
2201 5277 1
2201 8735 2
2201 37 1
2201 3129 1
2201 16718 1
5277 3422 0
5277 1653 0
5277 6977 0
5277 6792 1
5277 2718 0
5277 4855 0
5277 5855 0
5277 4465 0
5277 3978 0
5277 5539 0
5277 5277 0
5277 7633 0
2718 6225 0
2718 6792 1
2718 2718 0
2718 8940 0
2718 1221 0
2718 5432 0
2718 1346 0
2718 5469 0
2718 5539 0
2718 7633 0
2718 1620 0
2718 5855 0
2718 5882 0
2718 3978 0
2718 2382 0
8735 37 1
8735 3129 1
5539 2606 0
5539 6225 0
5539 5729 1
5539 1221 0
5539 5855 0
5539 4855 0
5539 6792 1
5539 4464 0
5539 4465 0
5539 2382 0
5539 3978 0
5539 5539 0
37 4465 0
37 7633 0
3633 3633 2
3633 5432 1
3633 5855 1
2606 6225 0
2606 6792 1
2606 6977 0
2606 3174 0
2606 7633 0
2606 1653 0
2606 5855 0
2606 3978 0
1199 1620 0
1199 6792 1
1199 5855 0
6792 6225 1
6792 2171 1
6792 2382 1
6792 4464 1
6792 4465 1
6792 6783 1
6792 6792 2
6792 703 1
6792 8940 1
6792 4855 1
6792 1022 1
6792 3174 1
6792 2499 1
6792 1346 1
6792 5469 1
6792 3422 1
6792 7633 1
6792 5593 1
6792 1620 1
6792 5882 1
6792 16718 1
5432 6783 0
5432 2499 0
5432 703 0
5432 2171 0
5432 4855 0
5432 3174 0
5432 1221 0
5432 5432 0
5432 5469 0
5432 1620 0
5432 5729 1
5432 5855 0
3978 6225 0
3978 2382 0
3978 1221 0
3978 5729 1
3978 5855 0
3978 3978 0
6977 4464 0
6977 6977 0
6977 1022 0
6977 3174 0
6977 5729 1
6977 1653 0
1346 1346 0
1346 5855 0
2499 1620 0
2499 5729 1
2499 703 0
2499 5855 0
2499 2499 0
2499 7633 0
4932 1221 1
1221 6225 0
1221 4855 0
1221 1221 0
1221 1224 0
1221 5469 0
1221 1620 0
1221 5729 1
1221 1653 0
1221 5855 0
1224 5729 1
1224 1224 0
1224 5855 0
1224 2382 0
1224 4464 0
1224 4465 0
6225 6225 0
6225 1653 0
6225 5855 0
1620 3174 0
1620 5469 0
1620 1620 0
1620 5855 0
1620 5882 0
2382 2382 0
2382 1653 0
2382 5855 0
2382 5882 0
8279 1653 1
7384 5729 1
5593 5593 0
5593 5729 1
5469 2171 0
5469 1022 0
5469 5469 0
5469 5855 0
5469 7633 0
3422 3174 0
3422 4855 0
3422 1022 0
5855 4465 0
5855 1022 0
5855 5729 1
5855 1653 0
5855 5855 0
5729 1653 1
5729 2171 1
5729 6783 1
5729 703 1
5729 8940 1
5729 4855 1
5729 7633 1
5729 1022 1
2171 2171 0
3174 3174 0
3174 703 0
7633 7633 0
8940 8940 0
4464 1653 0
4464 4465 0
4465 1653 0
4465 1022 0
1653 1653 0
1653 5882 0
4855 4855 0
4855 1022 0
5882 1022 0
5882 5882 0
703 703 0
1022 1022 0
6783 6783 0
