131 2722 1
131 4299 1
131 5389 1
131 3884 1
131 337 1
131 5981 1
131 3446 1
131 4536 1
131 4550 1
131 3561 1
287 287 0
287 1259 0
287 8503 0
287 2382 0
287 2793 0
287 3446 0
287 3934 1
287 4536 0
287 5389 0
287 5994 0
287 7452 1
287 8089 0
337 5981 0
337 5389 0
337 2382 0
337 337 0
337 3934 1
337 3446 0
337 4550 0
337 8089 0
1080 19248 1
1080 3939 1
1080 4855 1
1101 3561 1
1101 1101 2
1259 2382 0
1259 2500 0
1259 2722 0
1259 3934 1
1259 5365 0
1259 5432 0
1259 3561 0
1259 1687 0
1259 17694 1
1259 3884 0
1336 5272 1
1336 1336 0
1336 2500 0
1336 5994 0
1336 1772 1
1336 1915 0
1687 8503 0
1687 4520 0
1687 4536 0
1687 2500 0
1687 4550 0
1687 4855 0
1687 4859 0
1687 5981 0
1687 5365 0
1687 5432 0
1687 3446 0
1687 1687 0
1687 7452 1
1687 3884 0
1687 3934 1
1687 5994 0
1772 2382 1
1772 5272 2
1772 13174 1
1772 15612 1
1915 17694 1
1915 5272 1
1915 5365 0
1940 12132 1
1940 2722 1
1940 2793 1
1940 8089 1
1940 15612 1
1940 5389 1
1940 19248 1
1940 5432 1
1940 5994 1
1940 13174 1
1940 1940 2
1940 3561 1
1940 4520 1
2382 2382 0
2382 4550 0
2382 4859 0
2382 15612 0
2382 5389 0
2382 3446 0
2382 3884 0
2382 3934 1
2382 3936 0
2500 8503 0
2500 2501 0
2500 2722 0
2500 4859 0
2500 5365 0
2500 2500 0
2500 3446 0
2500 7452 1
2500 17694 1
2500 3884 0
2500 5432 0
2500 5981 0
2500 3934 1
2500 5994 0
2501 2501 0
2501 2722 0
2501 4859 0
2501 5365 0
2501 7452 1
2501 5432 0
2501 3561 0
2501 17694 1
2501 3884 0
2722 4520 0
2722 2722 0
2722 4859 0
2722 5432 0
2722 3446 0
2722 3561 0
2722 3884 0
2722 5981 0
2722 12132 0
2793 5432 0
2793 3446 0
2793 3934 1
3446 8503 0
3446 4859 0
3446 5365 0
3446 3446 0
3446 15612 0
3446 5981 0
3446 3934 1
3446 5994 0
3561 15612 0
3561 5981 0
3884 3934 1
3884 4299 0
3884 4859 0
3884 3884 0
3884 8503 0
3884 5432 0
3884 3939 0
3884 4855 0
3934 5365 1
3934 4299 1
3934 4855 1
3934 4859 1
3934 15612 1
3934 5920 1
3934 8503 1
3934 5981 1
3934 3934 2
3934 3936 1
3934 3939 1
3934 8089 1
3934 4520 1
3934 4550 1
3934 6621 1
3936 5920 0
3936 20786 1
3936 6621 0
3939 5920 0
3939 4859 0
4299 4299 0
4520 4520 0
4536 5389 0
4536 7452 1
4536 5432 0
4536 8089 0
4536 4536 0
4536 4550 0
4550 4550 0
4550 4859 0
4550 5389 0
4550 5432 0
4855 4855 0
4855 4859 0
4855 5272 1
4855 15612 0
4855 5432 0
4859 8503 0
4859 4859 0
4859 15612 0
4859 7452 1
4859 5432 0
4859 5981 0
5272 5272 2
5272 13174 1
5365 5365 0
5365 7452 1
5365 5432 0
5389 15612 0
5389 5389 0
5389 5981 0
5432 7452 1
5432 5432 0
5432 5981 0
5920 20786 1
5920 6621 0
5920 5920 0
5981 5981 0
5981 7452 1
5981 8089 0
5994 8503 0
5994 17694 1
5994 5994 0
5994 8089 0
6621 20786 1
7452 8503 1
7452 12132 1
8089 8089 0
8503 8503 0
15612 15612 0
19248 19248 0
