259 259 0
259 5556 1
259 6846 1
259 287 0
6276 6276 0
6276 9132 1
6276 6846 1
5129 10044 1
15498 287 0
15498 5556 1
15498 2247 1
1420 1420 0
1420 287 0
1420 5556 1
1420 2247 1
3986 8442 0
3986 9132 1
3986 1653 0
3986 2247 1
3986 10564 1
3986 3986 0
3986 4143 0
3986 5556 1
3986 6165 0
3986 6846 1
3986 7317 0
7317 287 0
7317 6846 1
7317 5556 1
287 287 0
287 5556 1
287 9132 1
287 6165 0
287 15484 0
18594 6165 0
18594 2247 1
18594 5556 1
5541 10044 1
5541 5541 2
9132 6165 1
4143 6846 1
4143 2247 1
4143 6165 0
5556 11202 1
5556 2772 1
5556 8442 1
5556 15484 1
6846 1653 1
6846 6846 2
6846 2772 1
11202 2247 1
2247 2247 2
2247 8442 1
2247 15484 1
13550 1653 1
13550 6165 1
1653 1653 0
1653 15484 0
6165 6165 0
