10374 10374 0
10374 8991 0
10374 2149 1
10374 8059 0
10374 8315 0
10374 2174 1
3845 2184 1
3845 4300 1
3845 3845 0
3845 3986 0
1158 4537 0
1158 1158 0
1158 679 0
1158 2956 1
1158 2973 1
321 321 0
321 4300 1
321 1620 0
321 2174 1
2184 1603 1
2184 4631 1
2184 4641 1
2184 4648 1
2184 4129 1
2184 5247 1
2184 2184 2
2184 2186 1
2184 6337 1
2184 4223 1
2184 5417 1
2184 19879 1
2184 6655 1
3081 8356 1
3081 3078 1
3081 6580 2
3081 4534 1
2186 2186 0
2186 1170 0
2186 4300 1
2186 5247 0
2967 5247 0
2967 1170 0
2967 4300 1
2967 729 0
2967 2831 0
2967 2956 1
2967 3986 0
2967 2967 0
2967 4534 0
2967 4535 0
2967 4536 0
2967 4537 0
2967 4538 0
2967 4546 0
2956 2956 2
2956 2831 1
2956 2973 2
2956 4822 1
2956 2149 2
4223 5237 0
4223 2174 1
4223 1349 0
2190 2190 2
2190 729 1
2831 1620 0
2831 5247 0
2831 1170 0
2831 4300 1
2831 729 0
2831 2831 0
2831 3986 0
2831 4536 0
1170 2174 1
1170 4300 1
1170 4555 0
1170 729 0
1170 5247 0
1170 1620 0
1170 3986 0
195 5247 0
195 195 0
195 4300 1
195 2973 1
195 19879 0
4631 4631 0
4631 4641 0
4631 4648 0
4631 3572 1
2973 2973 2
8991 2149 1
8991 8315 0
8991 8059 0
8991 2174 1
4129 1603 0
4129 1653 0
4129 4300 1
4129 3986 0
4129 19879 0
8356 3986 0
8356 6580 1
3078 3078 0
3078 6580 1
5798 13355 0
5798 7736 1
5798 1620 0
5798 4300 1
5798 729 0
5798 1349 0
5798 3986 0
19879 4300 1
19879 4534 0
19879 4535 0
19879 4536 0
19879 4537 0
19879 4538 0
19879 4546 0
19879 6739 0
19879 4822 0
19879 13355 0
19879 5247 0
19879 19879 0
19879 7736 1
19879 1603 0
19879 1653 0
19879 3986 0
4648 4641 0
4648 2174 1
4648 3986 0
5417 3986 0
5417 5417 0
5417 2149 1
13355 2174 1
13355 6337 0
13355 8687 1
13355 4641 0
13355 7736 1
13355 1653 0
5247 1620 0
5247 4300 1
5247 729 0
5247 3986 0
5247 4534 0
5247 4536 0
5247 4555 0
4534 2174 1
4534 4535 0
4534 4537 0
4534 4546 0
4534 4534 0
4534 729 0
4534 5386 1
4534 1603 0
4534 1620 0
4534 1653 0
4534 3986 0
4535 1620 0
4535 2174 1
4535 4822 0
4535 5386 1
4535 4535 0
4535 4536 0
4536 1620 0
4536 1653 0
4536 2174 1
4536 5386 1
4536 4536 0
4536 4546 0
4537 1620 0
4537 1653 0
4537 2174 1
4537 5386 1
4537 4537 0
4538 1620 0
4538 2174 1
4538 5386 1
4538 4538 0
5948 4300 1
5948 5948 0
5948 8687 1
5386 4546 1
5386 679 1
5237 7736 1
5237 5237 0
5237 4300 1
5237 729 0
5237 4555 0
4375 3572 2
4375 1653 1
6337 3986 0
6337 4300 1
6337 6739 0
6337 1653 0
4546 1620 0
4546 2174 1
4546 4822 0
4546 4546 0
1603 1603 0
1603 4300 1
1603 1349 0
1603 3986 0
1349 6739 0
1349 1620 0
1349 2174 1
1349 4300 1
1349 3986 0
4641 4641 0
4641 6739 0
4641 2174 1
4641 3986 0
4555 1620 0
4555 2174 1
4555 4300 1
4555 4822 0
4555 729 0
4555 4555 0
4300 6739 1
4300 1620 1
4300 4300 2
4300 4822 1
4300 729 1
4300 3986 1
7736 3986 1
7736 6739 1
7736 1620 1
6739 6655 0
6739 6739 0
6739 1653 0
6739 3986 0
1620 6655 0
1620 679 0
1620 729 0
1620 3571 1
1620 1620 0
1620 3986 0
4822 4822 0
4822 3986 0
729 729 0
729 3986 0
8315 2149 1
8315 8059 0
8315 2174 1
2149 8059 1
2149 2174 2
679 2174 1
679 679 0
3986 1653 0
3986 2174 1
3986 3986 0
3566 3566 2
8687 6655 1
1653 1653 0
1653 2174 1
8059 8059 0
8059 2174 1
