2048 2048 0
2048 20 0
2048 6165 0
2048 53 0
2048 8254 0
2048 4233 0
2048 174 0
2048 237 0
2048 16308 0
2048 2338 0
2048 4535 0
2048 4547 0
2048 6622 0
2048 2594 0
2048 2606 0
2048 4662 0
2048 609 1
2048 2712 0
2048 2718 0
2048 2724 0
2048 8881 0
2048 4825 0
2048 4859 0
2048 4956 0
2048 861 0
2048 2997 0
2048 3141 0
2048 5243 0
2048 3283 1
2048 1259 0
2048 5445 0
2048 3426 0
2048 1383 0
2048 1392 0
2048 1591 0
2048 1687 0
2048 18078 1
2048 16031 0
2048 5798 0
2048 7893 0
2048 8503 0
2048 3927 0
2048 5981 0
2048 3986 0
2048 1943 0
2048 6065 0
2048 6068 0
2048 2722 0
1 1 0
1 4182 1
1 53 0
1 2883 1
1 5759 0
1 287 0
1 3307 0
1 2338 0
1 842 0
1 866 0
1 18332 0
1 3535 1
12291 12291 0
12291 5148 1
12291 337 0
12291 3036 1
4100 4100 0
4100 6163 0
4100 6165 0
4100 1062 1
4100 1620 0
4100 5753 0
4100 5759 0
4100 4744 0
4100 1674 0
4100 2718 0
4100 168 0
4100 698 0
4100 4795 0
4100 3801 0
4100 4339 0
4100 5382 0
4100 5895 0
4100 3336 0
4100 287 0
4100 2338 0
4100 827 0
4100 842 0
4100 861 0
4100 866 0
4100 869 0
4100 2938 0
4100 19835 1
4100 1927 0
4100 5525 0
4100 4536 0
4100 6081 0
4100 4550 0
4100 3036 1
2059 2059 0
2059 6156 0
2059 20 0
2059 5469 0
2059 8254 0
2059 4185 1
2059 700 1
2059 20621 0
2059 3101 0
2059 8391 0
2059 4300 0
2059 4314 0
2059 4339 0
2059 4340 0
2059 287 0
2059 2340 0
2059 8575 0
2059 8590 0
2059 4536 0
2059 4539 0
2059 4544 0
2059 4546 0
2059 509 0
2059 4681 0
2059 4537 0
2059 4704 0
2059 609 1
2059 4711 0
2059 4744 0
2059 2718 0
2059 795 0
2059 4795 0
2059 705 0
2059 719 0
2059 4818 0
2059 729 0
2059 6907 0
2059 13061 0
2059 807 0
2059 827 0
2059 2883 1
2059 840 0
2059 2889 0
2059 843 0
2059 3014 0
2059 3036 1
2059 1022 0
2059 3123 0
2059 5247 0
2059 1170 0
2059 3225 0
2059 3230 0
2059 1204 0
2059 1259 0
2059 1260 0
2059 3336 0
2059 5432 0
2059 1339 0
2059 5450 1
2059 3469 0
2059 5521 0
2059 5523 0
2059 1489 0
2059 5586 0
2059 3006 0
2059 5835 0
2059 3801 0
2059 7917 0
2059 5885 0
2059 3844 0
2059 1816 0
2059 5967 0
2059 1927 0
2059 1943 0
2059 6062 0
6156 6156 0
6156 3101 0
6156 3123 0
6156 4681 0
6156 1620 0
6156 4185 1
6156 1653 0
6156 4744 0
6156 20621 0
6156 2718 0
6156 719 0
6156 4818 0
6156 7893 0
6156 729 0
6156 1260 0
6156 7917 0
6156 5882 0
6156 5885 0
6156 3844 0
6156 3336 0
6156 6932 0
6156 795 0
6156 3382 0
6156 843 0
6156 1359 0
6156 337 0
6156 5469 0
6156 4464 0
6156 5523 0
6156 1943 0
6156 1489 0
6156 3036 1
6160 6162 0
6160 6163 0
6160 20 0
6160 6165 0
6160 6160 0
6160 1392 0
6160 287 0
6160 2338 0
6160 337 0
6160 4536 0
6160 4538 0
6160 4546 0
6160 4547 0
6160 509 0
6160 2703 0
6160 2718 0
6160 2722 0
6160 4795 0
6160 729 0
6160 6915 0
6160 2831 0
6160 2967 0
6160 3008 1
6160 3009 1
6160 5233 0
6160 5243 0
6160 1159 0
6160 3223 1
6160 5418 0
6160 5464 0
6160 5469 0
6160 3426 0
6160 5487 0
6160 3464 0
6160 7633 0
6160 2997 0
6160 1620 0
6160 1653 0
6160 1667 0
6160 1674 0
6160 7893 0
6160 5981 0
6160 3986 0
6160 1943 0
6160 6065 0
6160 6068 0
6162 6162 0
6162 6163 0
6162 20 0
6162 6165 0
6162 168 0
6162 174 0
6162 16308 0
6162 2338 0
6162 2340 0
6162 337 0
6162 6584 0
6162 4538 0
6162 4540 0
6162 509 0
6162 2594 0
6162 2831 0
6162 2703 0
6162 2712 0
6162 669 0
6162 2718 0
6162 2722 0
6162 4795 0
6162 700 1
6162 729 0
6162 8922 1
6162 6915 0
6162 13061 0
6162 861 0
6162 2997 0
6162 3141 0
6162 5243 0
6162 5254 0
6162 5418 0
6162 5469 0
6162 3426 0
6162 3464 0
6162 7633 0
6162 1620 0
6162 5747 1
6162 1667 0
6162 7893 0
6162 5855 0
6162 7917 0
6162 5882 0
6162 3986 0
6162 1943 0
6162 18332 0
6162 6065 0
6162 6068 0
6162 6081 0
6163 6163 0
6163 20 0
6163 6165 0
6163 168 0
6163 174 0
6163 4300 0
6163 287 0
6163 2338 0
6163 3464 0
6163 8503 0
6163 337 0
6163 4534 0
6163 4535 0
6163 4536 0
6163 4538 0
6163 4544 0
6163 4546 0
6163 4547 0
6163 6604 0
6163 509 0
6163 2703 0
6163 659 0
6163 2712 0
6163 2724 0
6163 8881 0
6163 4795 0
6163 700 1
6163 729 0
6163 6915 0
6163 13061 0
6163 2831 0
6163 1022 0
6163 3101 0
6163 861 0
6163 3178 0
6163 5243 0
6163 1159 0
6163 1170 0
6163 3223 1
6163 3230 0
6163 3307 0
6163 1260 0
6163 5418 0
6163 5466 0
6163 5469 0
6163 3426 0
6163 3427 0
6163 3429 0
6163 1392 0
6163 7633 0
6163 1591 0
6163 2997 0
6163 1653 0
6163 5759 0
6163 7893 0
6163 5855 0
6163 5981 0
6163 1927 0
6163 3986 0
6163 1943 0
6163 8089 0
6163 18332 0
6163 6068 0
6163 6081 0
6163 4081 0
20 20 0
20 2069 0
20 8254 0
20 4185 1
20 117 0
20 6165 0
20 162 1
20 8391 0
20 4300 0
20 4314 0
20 6378 0
20 4339 0
20 287 0
20 2338 0
20 2340 0
20 8590 0
20 4536 0
20 2494 0
20 4546 0
20 4547 0
20 509 0
20 3844 0
20 561 0
20 4694 0
20 609 1
20 4744 0
20 2712 0
20 2718 0
20 2724 0
20 719 0
20 4818 0
20 4822 0
20 729 0
20 6907 0
20 827 0
20 840 0
20 861 0
20 866 0
20 869 0
20 3009 1
20 3035 0
20 3036 1
20 3123 0
20 3178 0
20 5247 0
20 1170 0
20 1171 0
20 3248 0
20 1259 0
20 3336 0
20 5432 0
20 5464 0
20 5469 0
20 5487 0
20 3446 0
20 1489 0
20 1576 1
20 4705 0
20 1620 0
20 1667 0
20 1687 0
20 7893 0
20 3801 0
20 5855 0
20 5885 0
20 5981 0
20 1927 0
20 3986 0
20 6062 0
6165 2069 0
6165 8218 0
6165 8881 0
6165 53 0
6165 65 0
6165 4233 0
6165 168 0
6165 6165 0
6165 8467 0
6165 287 0
6165 2338 0
6165 337 0
6165 4465 0
6165 4534 0
6165 4536 0
6165 4537 0
6165 4540 0
6165 4546 0
6165 4547 0
6165 509 0
6165 2594 0
6165 2606 0
6165 561 0
6165 4662 0
6165 2703 0
6165 659 0
6165 2712 0
6165 669 0
6165 2718 0
6165 2722 0
6165 4795 0
6165 6867 0
6165 729 0
6165 6915 0
6165 2831 0
6165 861 0
6165 2997 0
6165 3009 1
6165 1022 0
6165 3141 0
6165 5243 0
6165 5247 0
6165 5254 0
6165 3230 0
6165 3246 0
6165 1204 0
6165 3283 1
6165 3284 0
6165 1259 0
6165 5418 0
6165 5464 0
6165 5466 0
6165 3426 0
6165 3427 0
6165 1383 0
6165 3464 0
6165 7633 0
6165 3561 0
6165 1591 0
6165 16308 0
6165 7740 0
6165 1620 0
6165 7774 0
6165 5753 0
6165 5759 0
6165 5798 0
6165 7893 0
6165 5855 0
6165 5965 0
6165 5981 0
6165 1927 0
6165 3986 0
6165 1943 0
6165 18332 0
6165 6065 0
6165 6068 0
6165 16031 0
6165 6081 0
6165 2724 0
6165 4081 0
6165 8185 0
8218 17995 0
8218 8467 0
8218 11154 0
8218 5782 1
8218 8218 0
8218 700 1
8218 703 0
8218 5855 0
8218 7633 0
8218 4371 0
8218 17460 0
8218 5981 0
8218 3446 0
8218 3469 0
8218 6065 0
8218 2997 0
8218 3561 0
4144 861 0
4144 4144 0
4144 3426 0
4144 5782 1
4144 8881 0
4144 3283 1
4144 7893 0
4144 5855 0
4144 5885 0
4144 2338 0
4144 5981 0
4144 3986 0
4144 1943 0
4144 6065 0
4144 2997 0
4144 16031 0
4144 6604 0
4144 16308 0
53 16404 0
53 53 0
53 60 0
53 65 0
53 117 0
53 168 0
53 8391 0
53 287 0
53 2338 0
53 8503 0
53 337 0
53 4464 0
53 4465 0
53 4536 0
53 2494 0
53 6604 0
53 2594 0
53 2606 0
53 4710 0
53 2703 0
53 659 0
53 2712 0
53 2718 0
53 2722 0
53 2724 0
53 8881 0
53 2762 0
53 719 0
53 6867 0
53 729 0
53 821 0
53 4956 0
53 2997 0
53 3009 1
53 1022 0
53 861 0
53 3141 0
53 5243 0
53 5247 0
53 1170 0
53 3225 0
53 3283 1
53 5367 0
53 5368 0
53 3336 0
53 3354 0
53 5464 0
53 5469 0
53 1383 0
53 5487 0
53 3446 0
53 3533 0
53 3544 0
53 4825 0
53 1591 0
53 1653 0
53 5759 0
53 1667 0
53 1687 0
53 16031 0
53 5855 0
53 3927 0
53 5981 0
53 1927 0
53 1943 0
53 6065 0
53 6068 0
53 6081 0
60 4610 0
60 7208 0
60 561 0
60 13061 0
60 1591 0
60 60 0
60 6977 0
60 1674 0
60 659 0
60 2718 0
60 2722 0
60 3757 0
60 5835 0
60 6867 0
60 8922 1
60 1260 0
60 3316 1
60 4855 0
60 5882 0
60 4859 0
60 5885 0
60 2338 0
60 4916 0
60 8503 0
60 5432 0
60 6986 0
60 843 0
60 1359 0
60 861 0
60 3426 0
60 5487 0
60 4464 0
60 4465 0
60 1927 0
60 1943 0
60 18332 0
60 2997 0
8254 5464 0
8254 2594 0
8254 2606 0
8254 5981 0
8254 6752 0
8254 869 0
8254 1383 0
8254 1170 0
8254 3223 1
8254 669 0
8254 16031 0
8254 3757 0
8254 8881 0
8254 3283 1
8254 7893 0
8254 548 0
8254 13061 0
8254 2338 0
8254 4916 0
8254 6977 0
8254 4956 0
8254 3426 0
8254 3429 0
8254 1392 0
8254 3986 0
8254 1943 0
8254 18332 0
8254 6065 0
8254 16308 0
8254 2997 0
8254 4550 0
8254 6094 0
8254 8185 0
8254 3801 0
65 13061 0
65 1576 1
65 16308 0
65 67 0
65 1620 0
65 4704 0
65 4710 0
65 1653 0
65 5247 0
65 2703 0
65 2712 0
65 2722 0
65 3757 0
65 2762 0
65 8922 1
65 7893 0
65 2338 0
65 821 0
65 843 0
65 5965 0
65 1359 0
65 3426 0
65 4464 0
65 3454 0
65 1259 0
65 1927 0
65 5521 0
65 3986 0
65 1943 0
65 6065 0
65 6068 0
65 2997 0
65 3008 1
65 3009 1
65 6604 0
67 4609 0
67 1576 1
67 861 0
67 4681 0
67 4694 0
67 5247 0
67 1159 0
67 2718 0
67 2722 0
67 2762 0
67 7893 0
67 729 0
67 4314 0
67 8492 0
67 16308 0
67 2338 0
67 821 0
67 1339 0
67 843 0
67 5965 0
67 1359 0
67 5469 0
67 3426 0
67 3429 0
67 4464 0
67 3986 0
67 67 0
67 6068 0
67 4535 0
67 3008 1
67 6604 0
2130 6267 0
2130 1687 0
2130 168 0
2130 1710 1
2130 1711 0
2130 700 1
2130 4822 0
2130 5367 0
2130 5368 0
2130 5895 0
2130 4371 0
2130 5432 0
2130 5445 0
2130 5981 0
2130 18299 0
2130 5523 0
2130 3006 0
2130 4550 0
4182 5764 1
4182 1063 1
4182 1065 1
4182 1067 1
4182 5432 1
4182 5440 1
4182 9160 1
4182 4182 2
4182 4183 1
4182 4185 2
4182 1062 2
4182 3307 1
4182 2730 1
4183 5521 0
4183 1170 0
4183 1171 0
4183 5525 0
4183 5526 0
4183 729 0
4183 2338 0
4183 5523 0
4183 3757 0
4183 3123 0
4183 18105 0
4183 3006 0
4183 3010 0
4183 4300 0
4183 719 0
4183 4818 0
4183 1620 0
4183 4183 0
4183 4185 1
4183 3035 0
4183 5469 0
4183 4704 0
4183 3986 0
4183 4339 0
4183 5247 0
16473 2110 1
16473 1620 0
16473 16473 0
16473 2703 0
16473 3307 0
16473 6906 0
16473 287 0
16473 2883 1
16473 6068 0
8283 10661 1
8283 4779 1
8283 18227 1
8283 3533 1
8283 7633 1
8283 4694 1
8283 1653 1
8283 1022 1
5477 700 1
5477 703 0
5477 705 0
5477 4859 0
5477 4371 0
5477 813 0
5477 8503 0
5477 5432 0
5477 5469 0
5477 5477 0
5477 1894 0
5477 19835 1
5477 4534 0
5477 2493 0
5477 4547 0
5477 4855 0
117 2069 0
117 13061 0
117 561 0
117 4681 0
117 1653 0
117 5243 0
117 5254 0
117 705 0
117 5774 0
117 1687 0
117 16031 0
117 19628 0
117 3248 0
117 8881 0
117 698 0
117 700 1
117 117 0
117 3283 1
117 5855 0
117 6267 0
117 1259 0
117 5882 0
117 4859 0
117 7893 0
117 4869 0
117 5432 0
117 827 0
117 1350 0
117 8467 0
117 3927 0
117 861 0
117 3934 1
117 4956 0
117 3986 0
117 2446 0
117 5469 0
117 1943 0
117 6065 0
117 16308 0
117 2997 0
117 4547 0
117 4550 0
117 5452 1
117 7633 0
117 3561 0
117 5885 0
117 8185 0
16404 16404 0
16404 561 0
16404 522 1
16404 6267 0
16404 2069 0
16404 15509 0
16404 3223 1
16404 19628 0
16404 7893 0
16404 4822 0
16404 4825 0
16404 5243 0
16404 5432 0
16404 1350 0
16404 5487 0
16404 4477 0
16404 16308 0
16404 4051 0
16404 8185 0
6267 1591 0
6267 6267 0
6267 5781 1
6267 1687 0
6267 700 1
6267 4822 0
6267 5855 0
6267 4855 0
6267 5882 0
6267 861 0
6267 4371 0
6267 3354 0
6267 821 0
6267 5432 0
6267 827 0
6267 5981 0
6267 1894 0
6267 3469 0
6267 4537 0
2069 2069 0
2069 2594 0
2069 4956 0
2069 561 0
2069 13061 0
2069 16308 0
2069 1620 0
2069 8881 0
2069 1667 0
2069 5254 0
2069 4547 0
2069 1687 0
2069 1713 0
2069 2762 0
2069 3283 1
2069 7893 0
2069 4825 0
2069 5855 0
2069 5874 0
2069 4869 0
2069 20621 0
2069 8467 0
2069 3354 0
2069 2338 0
2069 4818 0
2069 5440 0
2069 6977 0
2069 861 0
2069 3934 1
2069 3426 0
2069 3446 0
2069 2446 0
2069 3986 0
2069 1943 0
2069 6062 0
2069 6065 0
2069 4530 0
2069 2997 0
2069 16031 0
2069 4051 0
2069 3561 0
2069 1022 0
4233 1576 1
4233 1591 0
4233 1620 0
4233 4233 0
4233 8881 0
4233 7893 0
4233 4339 0
4233 5885 0
4233 13061 0
4233 821 0
4233 15178 1
4233 3426 0
4233 11154 0
4233 2938 0
4233 3986 0
4233 1943 0
4233 18332 0
4233 2997 0
2186 2186 0
2186 1170 0
2186 5523 0
2186 5525 0
2186 5526 0
2186 5487 0
2186 2338 0
2186 2340 0
2186 1576 1
2186 4300 0
2186 5967 0
2186 4694 0
2186 4695 0
2186 3801 0
2186 3035 0
2186 3036 1
2186 4704 0
2186 4705 0
2186 4710 0
2186 4711 0
2186 4718 0
2186 4719 0
2186 5233 0
2186 4339 0
2186 6907 0
2186 5247 0
20621 3336 0
20621 20621 0
20621 1943 0
20621 3225 0
20621 1576 1
20621 2999 0
20621 4537 0
20621 2494 0
20621 3008 1
20621 6081 0
20621 3010 0
20621 4550 0
20621 4300 0
20621 5469 0
20621 4704 0
20621 1259 0
20621 4339 0
162 2338 1
162 5540 1
162 1159 1
162 168 1
162 842 1
162 174 1
162 11154 1
162 1365 1
162 2967 1
168 168 0
168 4295 0
168 4300 0
168 4339 0
168 270 0
168 287 0
168 2340 0
168 337 0
168 4464 0
168 4465 0
168 4477 0
168 8575 0
168 4534 0
168 4535 0
168 4544 0
168 4546 0
168 4547 0
168 2594 0
168 561 0
168 4694 0
168 2712 0
168 669 0
168 2718 0
168 2722 0
168 4795 0
168 700 1
168 821 0
168 861 0
168 2938 0
168 842 0
168 3010 0
168 1022 0
168 5243 0
168 1259 0
168 5367 0
168 5368 0
168 5382 0
168 3354 0
168 5469 0
168 5487 0
168 3446 0
168 3464 0
168 5521 0
168 1620 0
168 5774 0
168 1687 0
168 7917 0
168 5885 0
168 3844 0
168 5981 0
168 3934 1
168 6068 0
168 6081 0
16555 3986 0
16555 5523 0
16555 6068 0
16555 3008 1
16555 3009 1
16555 3010 0
16555 4051 0
16555 1653 0
174 2583 0
174 2594 0
174 2994 0
174 9840 0
174 174 0
174 2338 0
174 13061 0
174 287 0
174 1943 0
174 1453 1
174 16308 0
174 3013 0
16561 7562 1
16561 669 0
16561 3227 1
8391 2594 0
8391 5469 0
8391 561 0
8391 1591 0
8391 16308 0
8391 7740 0
8391 3141 0
8391 3225 0
8391 1653 0
8391 5243 0
8391 18332 0
8391 2712 0
8391 2718 0
8391 16031 0
8391 2722 0
8391 2724 0
8391 15020 0
8391 1711 0
8391 8881 0
8391 1204 0
8391 4795 0
8391 8391 0
8391 5835 0
8391 4818 0
8391 4822 0
8391 6081 0
8391 4339 0
8391 2831 0
8391 4916 0
8391 821 0
8391 2889 0
8391 2895 0
8391 861 0
8391 3426 0
8391 1383 0
8391 6977 0
8391 2967 0
8391 5521 0
8391 3986 0
8391 5967 0
8391 1943 0
8391 6065 0
8391 4534 0
8391 4535 0
8391 4536 0
8391 4537 0
8391 3008 1
8391 3009 1
8391 3013 0
8391 3533 0
8391 3035 0
8391 5523 0
8391 7893 0
4300 4609 0
4300 1576 1
4300 5469 0
4300 561 0
4300 3123 0
4300 4704 0
4300 1603 0
4300 5981 0
4300 4681 0
4300 1620 0
4300 4185 1
4300 2831 0
4300 5753 0
4300 4744 0
4300 1170 0
4300 1171 0
4300 1687 0
4300 3225 0
4300 3230 0
4300 5798 0
4300 1711 0
4300 4295 0
4300 5835 0
4300 4300 0
4300 4818 0
4300 4822 0
4300 2340 0
4300 7917 0
4300 4339 0
4300 4340 0
4300 5247 0
4300 729 0
4300 1816 0
4300 2338 0
4300 3464 0
4300 3382 0
4300 6915 0
4300 1339 0
4300 840 0
4300 2889 0
4300 842 0
4300 5967 0
4300 2901 0
4300 1882 0
4300 3934 1
4300 1259 0
4300 1927 0
4300 8590 0
4300 2967 0
4300 2884 0
4300 3986 0
4300 6062 0
4300 2494 0
4300 3533 0
4300 1489 0
4300 5586 0
4300 3035 0
4300 3036 1
4300 3037 0
4300 6907 0
4300 3801 0
4300 5523 0
4300 509 0
4314 4744 0
4314 1943 0
4314 1062 1
4314 1065 0
4314 5798 0
4314 3008 1
4314 6081 0
4314 4681 0
4314 843 0
4314 3158 0
4314 4314 0
4314 3036 1
4314 5469 0
4314 1259 0
6364 1030 0
6364 5523 0
6364 5526 0
6364 2712 0
6364 1576 1
6364 6364 0
6364 6062 0
6364 5981 0
6364 5521 0
6364 4681 0
6364 719 0
6364 12887 0
6364 3035 0
6364 3036 1
6364 3037 0
6364 4704 0
6364 4711 0
6364 4081 0
6364 6907 0
6378 561 0
6378 1171 0
6378 8881 0
6378 3283 1
6378 6378 0
6378 5882 0
6378 4859 0
6378 4822 0
6378 268 0
6378 269 0
6378 4371 0
6378 3354 0
6378 8503 0
6378 4916 0
6378 5855 0
6378 6977 0
6378 1350 0
6378 1359 0
6378 8016 0
6378 4956 0
6378 861 0
6378 3934 1
6378 3429 0
6378 3446 0
6378 4477 0
6378 3986 0
6378 5981 0
6378 6604 0
6378 5883 0
6378 5885 0
237 4859 0
237 2594 0
237 8881 0
237 2606 0
237 16292 0
237 1591 0
237 16308 0
237 1620 0
237 6584 0
237 1653 0
237 1667 0
237 18332 0
237 2718 0
237 16031 0
237 2722 0
237 2724 0
237 8922 1
237 3248 0
237 5835 0
237 3283 1
237 7893 0
237 237 0
237 5882 0
237 2338 0
237 5855 0
237 6977 0
237 6986 0
237 3426 0
237 3429 0
237 3986 0
237 1392 0
237 6867 0
237 1943 0
237 2997 0
237 7633 0
237 3561 0
4339 6915 0
4339 6062 0
4339 3101 0
4339 2606 0
4339 5469 0
4339 3123 0
4339 1078 0
4339 1591 0
4339 4681 0
4339 1620 0
4339 4185 1
4339 4704 0
4339 4718 0
4339 5247 0
4339 8590 0
4339 3225 0
4339 3230 0
4339 2730 0
4339 1711 0
4339 8881 0
4339 4795 0
4339 4371 0
4339 2338 0
4339 719 0
4339 4818 0
4339 6622 0
4339 729 0
4339 7633 0
4339 5586 0
4339 4340 0
4339 3336 0
4339 3801 0
4339 8467 0
4339 1882 0
4339 3986 0
4339 1927 0
4339 2967 0
4339 5981 0
4339 4534 0
4339 2494 0
4339 1489 0
4339 7917 0
4339 3035 0
4339 3036 1
4339 509 0
4340 3101 0
4340 1620 0
4340 4704 0
4340 5247 0
4340 3225 0
4340 3230 0
4340 2724 0
4340 1711 0
4340 7917 0
4340 4340 0
4340 3336 0
4340 2338 0
4340 1839 1
4340 5855 0
4340 5466 0
4340 5469 0
4340 1894 0
4340 3986 0
4340 1943 0
4340 6062 0
4340 4534 0
4340 2494 0
4340 5586 0
4340 3035 0
4340 3036 1
268 7208 0
268 1620 0
268 4795 0
268 700 1
268 705 0
268 5835 0
268 8922 1
268 5882 0
268 5883 0
268 5885 0
268 268 0
268 269 0
268 270 0
268 8467 0
268 5418 0
268 6986 0
268 8016 0
268 5981 0
268 842 0
269 1620 0
269 698 0
269 4795 0
269 700 1
269 705 0
269 5835 0
269 8922 1
269 4855 0
269 5883 0
269 5885 0
269 269 0
269 270 0
269 5418 0
269 6986 0
269 8016 0
269 5981 0
269 5882 0
270 2594 0
270 548 0
270 561 0
270 7774 0
270 700 1
270 1653 0
270 5753 0
270 7303 0
270 4795 0
270 701 0
270 703 0
270 705 0
270 3446 0
270 5882 0
270 5885 0
270 270 0
270 8922 1
270 5418 0
270 6986 0
270 5981 0
270 3934 1
8466 3986 0
8466 3354 0
8466 10661 0
8466 13099 0
8466 18227 0
8466 3382 0
8466 3283 1
8466 19835 1
4371 2606 0
4371 18227 0
4371 1620 0
4371 5753 0
4371 1159 0
4371 1687 0
4371 3283 1
4371 4822 0
4371 1259 0
4371 4859 0
4371 4371 0
4371 3354 0
4371 8503 0
4371 5432 0
4371 827 0
4371 5445 0
4371 1350 0
4371 861 0
4371 3446 0
4371 19835 1
4371 5521 0
4371 3986 0
4371 5523 0
4371 5981 0
4371 4550 0
4371 5855 0
4371 3035 0
729 3757 0
729 3101 0
729 1576 1
729 5469 0
729 1591 0
729 4681 0
729 1620 0
729 4185 1
729 4710 0
729 4711 0
729 4718 0
729 4719 0
729 3006 0
729 5243 0
729 5247 0
729 6081 0
729 4744 0
729 1170 0
729 659 0
729 2712 0
729 3225 0
729 669 0
729 3230 0
729 5798 0
729 1711 0
729 1713 0
729 4295 0
729 5835 0
729 729 0
729 1259 0
729 5464 0
729 3336 0
729 2831 0
729 3801 0
729 1816 0
729 3354 0
729 2338 0
729 1839 1
729 3123 0
729 842 0
729 5967 0
729 5466 0
729 3934 1
729 3986 0
729 1171 0
729 8575 0
729 5525 0
729 5526 0
729 2967 0
729 5981 0
729 6062 0
729 2997 0
729 4534 0
729 2999 0
729 2494 0
729 4544 0
729 5586 0
729 4704 0
729 5523 0
729 5885 0
729 509 0
287 287 0
287 8492 0
287 363 0
287 16856 0
287 523 0
287 8881 0
287 700 1
287 701 0
287 703 0
287 705 0
287 719 0
287 795 0
287 827 0
287 866 0
287 9160 0
287 1063 0
287 1067 0
287 1159 0
287 1174 0
287 1259 0
287 1260 0
287 1453 1
287 1603 0
287 1620 0
287 8503 0
287 1894 0
287 1944 0
287 2338 0
287 2340 0
287 2494 0
287 2594 0
287 2712 0
287 2718 0
287 2730 0
287 2831 0
287 2883 1
287 3122 0
287 3230 0
287 3248 0
287 3354 0
287 3426 0
287 3429 0
287 3446 0
287 3307 0
287 3464 0
287 3903 0
287 3934 1
287 4465 0
287 4536 0
287 4538 0
287 4540 0
287 4609 0
287 4610 0
287 4662 0
287 4681 0
287 4705 0
287 4779 0
287 4818 0
287 13099 0
287 4916 0
287 5243 0
287 5247 0
287 5254 0
287 5464 0
287 5487 0
287 5526 0
287 5586 0
287 5747 1
287 5759 0
287 5874 0
287 5885 0
287 6081 0
287 6094 0
287 21518 1
287 6906 0
287 7487 1
287 7521 0
287 15729 0
287 7562 1
287 7893 0
287 8089 0
287 2724 0
2338 4185 1
2338 4295 0
2338 3801 0
2338 2338 0
2338 4464 0
2338 4465 0
2338 8575 0
2338 8590 0
2338 4530 0
2338 2495 0
2338 4550 0
2338 6604 0
2338 509 0
2338 2583 0
2338 2594 0
2338 4662 0
2338 4681 0
2338 4694 0
2338 4704 0
2338 609 1
2338 4711 0
2338 4718 0
2338 4744 0
2338 659 0
2338 2712 0
2338 2718 0
2338 2722 0
2338 2724 0
2338 2730 0
2338 8881 0
2338 4818 0
2338 6867 0
2338 4822 0
2338 4855 0
2338 6907 0
2338 6915 0
2338 840 0
2338 2889 0
2338 842 0
2338 2901 0
2338 15509 0
2338 2967 0
2338 2997 0
2338 9160 0
2338 3035 0
2338 3036 1
2338 18105 0
2338 1022 0
2338 3101 0
2338 5152 0
2338 5981 0
2338 3123 0
2338 3158 0
2338 5243 0
2338 5247 0
2338 5254 0
2338 1170 0
2338 1171 0
2338 3230 0
2338 3283 1
2338 5367 0
2338 5368 0
2338 3336 0
2338 2606 0
2338 3354 0
2338 5432 0
2338 1339 0
2338 1359 0
2338 5464 0
2338 5466 0
2338 5469 0
2338 3426 0
2338 1383 0
2338 4547 0
2338 1489 0
2338 5586 0
2338 1576 1
2338 1591 0
2338 13919 0
2338 6752 0
2338 1603 0
2338 4705 0
2338 1620 0
2338 5729 0
2338 1653 0
2338 1674 0
2338 1687 0
2338 3757 0
2338 1711 0
2338 1713 0
2338 5835 0
2338 2340 0
2338 7917 0
2338 1816 0
2338 3927 0
2338 1882 0
2338 7633 0
2338 6065 0
2338 1927 0
2338 3986 0
2338 1943 0
2338 6062 0
2338 6068 0
2338 6081 0
2340 3844 0
2340 2831 0
2340 2967 0
2340 3101 0
2340 2340 0
2340 3123 0
2340 6915 0
2340 4795 0
2340 4550 0
2340 719 0
2340 1489 0
2340 1620 0
2340 4185 1
2340 3036 1
2340 5469 0
2340 509 0
2340 7208 0
2340 1653 0
8492 19628 0
8492 2110 1
8492 11397 1
8492 8492 0
8492 7487 1
8492 5981 0
8492 3013 0
8503 13061 0
8503 1159 0
8503 1687 0
8503 2718 0
8503 19628 0
8503 3283 1
8503 4822 0
8503 5855 0
8503 18299 0
8503 3307 0
8503 6867 0
8503 4859 0
8503 561 0
8503 8503 0
8503 827 0
8503 842 0
8503 2895 0
8503 3934 1
8503 3446 0
8503 3469 0
8503 5523 0
8503 4537 0
8503 4547 0
8467 5523 0
8467 4534 0
8467 6584 0
8467 2594 0
8467 4662 0
8467 4744 0
8467 669 0
8467 2718 0
8467 2722 0
8467 2724 0
8467 4779 0
8467 8881 0
8467 4795 0
8467 716 1
8467 719 0
8467 6867 0
8467 6977 0
8467 4942 0
8467 2938 0
8467 17460 0
8467 1079 0
8467 3141 0
8467 5233 0
8467 5247 0
8467 7303 0
8467 1171 0
8467 3283 1
8467 11471 0
8467 1259 0
8467 1260 0
8467 5367 0
8467 5368 0
8467 5432 0
8467 5466 0
8467 5487 0
8467 1392 0
8467 7633 0
8467 1591 0
8467 8467 0
8467 1667 0
8467 16031 0
8467 5798 0
8467 18227 0
8467 5967 0
8467 8016 0
8467 5981 0
8467 16308 0
8467 1022 0
337 1030 0
337 3757 0
337 2594 0
337 548 0
337 7208 0
337 2606 0
337 5981 0
337 1620 0
337 5243 0
337 2703 0
337 2712 0
337 669 0
337 2718 0
337 6081 0
337 5885 0
337 3844 0
337 2831 0
337 5855 0
337 1674 0
337 842 0
337 337 0
337 5464 0
337 5469 0
337 3934 1
337 3446 0
337 1927 0
337 3464 0
337 1453 1
337 6584 0
337 2494 0
337 4942 0
337 4550 0
337 8089 0
337 3035 0
337 4081 0
337 1022 0
8590 1170 0
8590 3008 1
8590 7374 1
8590 3544 0
8590 3801 0
6489 1882 1
363 522 1
363 3227 1
363 15020 0
363 19792 0
4464 11294 0
4464 5981 0
4464 561 0
4464 1591 0
4464 4681 0
4464 1383 0
4464 1653 0
4464 1674 0
4464 15509 0
4464 3223 1
4464 669 0
4464 3757 0
4464 8922 1
4464 1339 0
4464 6977 0
4464 1359 0
4464 3927 0
4464 5464 0
4464 5466 0
4464 861 0
4464 1392 0
4464 4465 0
4464 1927 0
4464 3469 0
4464 3986 0
4464 2493 0
4464 6604 0
4464 8185 0
4465 548 0
4465 1383 0
4465 1653 0
4465 5243 0
4465 3223 1
4465 2712 0
4465 8881 0
4465 4795 0
4465 3283 1
4465 8922 1
4465 5855 0
4465 5883 0
4465 5885 0
4465 561 0
4465 827 0
4465 1359 0
4465 3927 0
4465 4956 0
4465 861 0
4465 15509 0
4465 7521 0
4465 1927 0
4465 8089 0
4465 18332 0
4465 2493 0
4465 4550 0
4465 6604 0
4465 4566 0
4465 6068 0
4465 3036 1
4465 8185 0
4465 1022 0
4477 561 0
4477 7740 0
4477 3141 0
4477 5526 0
4477 1620 0
4477 4744 0
4477 659 0
4477 1687 0
4477 3225 0
4477 4795 0
4477 719 0
4477 4859 0
4477 5855 0
4477 861 0
4477 3934 1
4477 4956 0
4477 4547 0
4477 1943 0
4477 3986 0
4477 5525 0
4477 5469 0
4477 2967 0
4477 6065 0
4477 6068 0
4477 2997 0
4477 4536 0
4477 4550 0
4477 7633 0
4477 3036 1
8575 3336 0
8575 3986 0
8575 2967 0
8575 1711 0
8575 3123 0
8575 18105 0
8575 5586 0
8575 4185 1
8575 3035 0
8575 3036 1
8575 3037 0
8575 8575 0
8575 5247 0
2446 2446 0
2446 705 0
2446 4547 0
2446 4681 0
2446 3283 1
2446 3284 0
2446 700 1
10661 4695 0
10661 4694 0
10661 4719 0
10661 1653 0
10661 1667 0
10661 3223 1
10661 1944 0
10661 18332 0
10661 3008 1
4530 5466 0
4530 861 0
4530 1620 0
4530 1653 0
4530 4795 0
4530 7893 0
4530 13061 0
4530 5981 0
4530 2938 0
4530 19835 1
4530 4530 0
4530 3009 1
16822 3469 0
16822 16822 0
16822 700 1
16822 1350 0
16822 5452 1
16822 5882 0
4535 5464 0
4535 548 0
4535 3123 0
4535 1591 0
4535 4705 0
4535 1620 0
4535 4694 0
4535 4711 0
4535 1159 0
4535 1687 0
4535 2718 0
4535 8881 0
4535 1204 0
4535 4795 0
4535 5835 0
4535 710 1
4535 3283 1
4535 3284 0
4535 4822 0
4535 807 0
4535 3316 1
4535 3336 0
4535 2884 0
4535 3928 0
4535 6081 0
4535 827 0
4535 2967 0
4535 1943 0
4535 4534 0
4535 4535 0
4535 4536 0
4535 3009 1
4535 6094 0
4535 4704 0
4535 6906 0
6584 2606 0
6584 5469 0
6584 3934 1
6584 4662 0
6584 1591 0
6584 1620 0
6584 1667 0
6584 5254 0
6584 1392 0
6584 2722 0
6584 2724 0
6584 3757 0
6584 3283 1
6584 7893 0
6584 6867 0
6584 4956 0
6584 18332 0
6584 16308 0
6584 6584 0
6584 3561 0
6584 16292 0
4537 4694 0
4537 1591 0
4537 4705 0
4537 1620 0
4537 3158 0
4537 4711 0
4537 1653 0
4537 1159 0
4537 2718 0
4537 2722 0
4537 4795 0
4537 710 1
4537 3283 1
4537 3284 0
4537 807 0
4537 6906 0
4537 2884 0
4537 3928 0
4537 5469 0
4537 6081 0
4537 5521 0
4537 2967 0
4537 4534 0
4537 4537 0
4537 3008 1
4537 3009 1
4537 3013 0
4537 4550 0
4537 5523 0
4538 1591 0
4538 4705 0
4538 1620 0
4538 4694 0
4538 4711 0
4538 1159 0
4538 2718 0
4538 4795 0
4538 710 1
4538 3283 1
4538 3284 0
4538 807 0
4538 2884 0
4538 842 0
4538 3928 0
4538 6081 0
4538 1259 0
4538 2967 0
4538 8089 0
4538 4538 0
4538 3009 1
4538 6094 0
4538 3544 0
4539 5469 0
4539 1591 0
4539 4705 0
4539 1620 0
4539 4694 0
4539 4704 0
4539 4711 0
4539 1159 0
4539 2722 0
4539 4795 0
4539 710 1
4539 3283 1
4539 3284 0
4539 807 0
4539 2884 0
4539 3928 0
4539 861 0
4539 6081 0
4539 1943 0
4539 2967 0
4539 2718 0
4539 4539 0
4539 3009 1
4540 1591 0
4540 4705 0
4540 1620 0
4540 4694 0
4540 7774 0
4540 4711 0
4540 1653 0
4540 1159 0
4540 2718 0
4540 4795 0
4540 705 0
4540 710 1
4540 3283 1
4540 3284 0
4540 807 0
4540 6081 0
4540 3382 0
4540 2884 0
4540 842 0
4540 3928 0
4540 5469 0
4540 866 0
4540 3469 0
4540 2967 0
4540 3009 1
4540 4546 0
2493 861 0
2493 3934 1
2493 1620 0
2493 1653 0
2493 2703 0
2493 2712 0
2493 2718 0
2493 2722 0
2493 3283 1
2493 4825 0
2493 5432 0
2493 6977 0
2493 4956 0
2493 1894 0
2493 3986 0
2493 1603 0
2493 2493 0
2493 8185 0
2494 11294 0
2494 5469 0
2494 3123 0
2494 4681 0
2494 1620 0
2494 3178 0
2494 3225 0
2494 2718 0
2494 3248 0
2494 1204 0
2494 4818 0
2494 18298 0
2494 7917 0
2494 5895 0
2494 1839 1
2494 5452 1
2494 2901 0
2494 5981 0
2494 1894 0
2494 3446 0
2494 18299 0
2494 5523 0
2494 5526 0
2494 6062 0
2494 3230 0
2494 2494 0
2494 1489 0
2494 4566 0
2494 509 0
2495 3336 0
2495 700 1
2495 5586 0
2495 3934 1
4544 1591 0
4544 4705 0
4544 1620 0
4544 4694 0
4544 7774 0
4544 4711 0
4544 1159 0
4544 3225 0
4544 2718 0
4544 4795 0
4544 700 1
4544 710 1
4544 3283 1
4544 3284 0
4544 807 0
4544 4852 0
4544 3336 0
4544 2884 0
4544 3928 0
4544 6081 0
4544 2967 0
4544 6062 0
4544 4536 0
4544 4544 0
4544 3009 1
4544 4546 0
4546 4609 0
4546 1591 0
4546 4705 0
4546 1620 0
4546 4694 0
4546 4711 0
4546 703 0
4546 1159 0
4546 2718 0
4546 2722 0
4546 4795 0
4546 700 1
4546 705 0
4546 710 1
4546 3283 1
4546 3284 0
4546 4822 0
4546 807 0
4546 5882 0
4546 4859 0
4546 5885 0
4546 5432 0
4546 2884 0
4546 842 0
4546 2895 0
4546 3928 0
4546 5469 0
4546 7521 0
4546 6081 0
4546 1383 0
4546 3903 0
4546 2967 0
4546 4534 0
4546 4536 0
4546 3009 1
4546 4546 0
4546 4550 0
4546 3035 0
4546 6906 0
4546 5527 0
4547 2594 0
4547 2606 0
4547 561 0
4547 16308 0
4547 7740 0
4547 1620 0
4547 6752 0
4547 1653 0
4547 5247 0
4547 1667 0
4547 1687 0
4547 2712 0
4547 2718 0
4547 2722 0
4547 700 1
4547 5835 0
4547 3283 1
4547 7893 0
4547 5855 0
4547 6867 0
4547 4859 0
4547 13061 0
4547 3336 0
4547 6932 0
4547 8922 1
4547 5432 0
4547 4956 0
4547 861 0
4547 3934 1
4547 3426 0
4547 3986 0
4547 2938 0
4547 6977 0
4547 1943 0
4547 18332 0
4547 6065 0
4547 6068 0
4547 2997 0
4547 4536 0
4547 4547 0
4547 7633 0
4547 8881 0
4550 4536 0
4550 4550 0
4550 4566 0
4550 561 0
4550 4694 0
4550 4744 0
4550 659 0
4550 2718 0
4550 4795 0
4550 705 0
4550 719 0
4550 4822 0
4550 4859 0
4550 861 0
4550 3006 0
4550 3014 0
4550 3036 1
4550 3158 0
4550 5247 0
4550 1159 0
4550 3225 0
4550 5382 0
4550 3354 0
4550 5432 0
4550 3426 0
4550 2967 0
4550 5523 0
4550 5525 0
4550 5526 0
4550 1620 0
4550 1674 0
4550 1687 0
4550 1711 0
4550 18105 0
4550 5835 0
4550 7893 0
4550 5855 0
4550 7917 0
4550 3934 1
4550 1894 0
4550 3986 0
4550 6062 0
4550 6068 0
6604 13061 0
6604 4710 0
6604 6081 0
6604 2703 0
6604 2712 0
6604 669 0
6604 2722 0
6604 3757 0
6604 3283 1
6604 5895 0
6604 3336 0
6604 1927 0
6604 5464 0
6604 5466 0
6604 861 0
6604 2718 0
6604 3009 1
6604 1359 0
6604 1022 0
4566 1620 0
4566 4185 1
4566 1653 0
4566 2703 0
4566 2718 0
4566 16031 0
4566 700 1
4566 705 0
4566 5855 0
4566 5882 0
4566 5885 0
4566 827 0
4566 842 0
4566 5967 0
4566 3426 0
4566 3986 0
4566 3464 0
4566 5521 0
4566 5523 0
4566 4566 0
4566 3035 0
4566 3561 0
16856 3008 1
16856 3009 1
16856 3010 0
16856 3307 0
16856 1620 0
16856 5981 0
6622 2594 0
6622 1591 0
6622 1620 0
6622 700 1
6622 705 0
6622 4744 0
6622 1359 0
6622 3426 0
6622 2938 0
6622 3986 0
6622 1943 0
6622 6065 0
6622 2997 0
6622 3008 1
6622 1022 0
4859 4534 0
4859 6907 0
4859 4604 0
4859 2606 0
4859 561 0
4859 4681 0
4859 2703 0
4859 659 0
4859 2712 0
4859 669 0
4859 2718 0
4859 2722 0
4859 2762 0
4859 6867 0
4859 4855 0
4859 4859 0
4859 4869 0
4859 4916 0
4859 869 0
4859 1022 0
4859 5148 1
4859 5152 0
4859 7208 0
4859 1065 0
4859 5243 0
4859 7303 0
4859 5382 0
4859 3354 0
4859 5432 0
4859 1383 0
4859 3446 0
4859 3469 0
4859 5521 0
4859 5523 0
4859 5527 0
4859 3939 0
4859 1603 0
4859 17995 0
4859 5759 0
4859 1687 0
4859 5855 0
4859 5981 0
4859 3934 1
4859 1927 0
4859 3986 0
4859 6065 0
4859 6081 0
4604 2883 1
4604 3009 1
4604 3354 0
4604 4604 0
509 1576 1
509 5469 0
509 3123 0
509 4694 0
509 4704 0
509 5247 0
509 4744 0
509 1170 0
509 1171 0
509 2712 0
509 2718 0
509 2724 0
509 5798 0
509 18105 0
509 4818 0
509 4822 0
509 5855 0
509 7917 0
509 3336 0
509 3036 1
509 842 0
509 5981 0
509 3986 0
509 6062 0
509 1489 0
509 509 0
509 1022 0
4609 4609 0
4609 4610 0
4609 5981 0
4609 866 0
4609 5753 0
4609 698 0
4609 700 1
4609 701 0
4609 703 0
4609 705 0
4609 1259 0
4609 1260 0
4609 5885 0
4609 5432 0
4609 827 0
4609 843 0
4609 861 0
4609 3934 1
4609 1339 0
4609 869 0
4609 1927 0
4609 4534 0
4610 4610 0
4610 1927 0
4610 698 0
4610 700 1
4610 703 0
4610 705 0
4610 5981 0
4610 3934 1
4610 1894 0
4610 1259 0
4610 1653 0
4610 5885 0
523 1062 1
523 1063 0
523 1065 0
523 5747 1
2583 1894 0
2583 13061 0
2583 3934 1
2583 3986 0
2583 1943 0
2583 3008 1
2583 3537 0
4869 2606 0
4869 861 0
4869 3123 0
4869 3934 1
4869 700 1
4869 4822 0
4869 5855 0
4869 4869 0
4869 561 0
4869 827 0
4869 1350 0
4869 4956 0
4869 3986 0
2594 13061 0
2594 2594 0
2594 2606 0
2594 561 0
2594 4662 0
2594 2703 0
2594 2718 0
2594 2722 0
2594 2724 0
2594 8881 0
2594 2762 0
2594 8922 1
2594 4916 0
2594 821 0
2594 6977 0
2594 842 0
2594 4942 0
2594 4956 0
2594 861 0
2594 869 0
2594 2997 0
2594 1022 0
2594 7208 0
2594 3141 0
2594 5243 0
2594 3225 0
2594 3227 1
2594 3283 1
2594 3284 0
2594 1259 0
2594 3426 0
2594 3429 0
2594 1383 0
2594 5487 0
2594 1392 0
2594 3454 0
2594 3533 0
2594 3561 0
2594 1591 0
2594 16308 0
2594 1653 0
2594 16031 0
2594 7893 0
2594 5855 0
2594 3927 0
2594 1927 0
2594 2712 0
2594 3986 0
2594 1943 0
2594 18332 0
2594 6065 0
2594 6068 0
2594 6081 0
2594 4081 0
548 548 0
548 19835 1
548 719 0
548 1894 0
548 3316 1
548 5753 0
548 5243 0
2606 4662 0
2606 4694 0
2606 6752 0
2606 2722 0
2606 8881 0
2606 700 1
2606 2762 0
2606 4916 0
2606 821 0
2606 6977 0
2606 4956 0
2606 866 0
2606 869 0
2606 3927 0
2606 7208 0
2606 861 0
2606 13061 0
2606 3223 1
2606 3426 0
2606 3429 0
2606 1383 0
2606 1392 0
2606 3446 0
2606 7633 0
2606 5586 0
2606 3561 0
2606 1591 0
2606 7740 0
2606 2997 0
2606 4704 0
2606 2999 0
2606 1653 0
2606 1667 0
2606 1687 0
2606 16031 0
2606 7893 0
2606 5855 0
2606 3844 0
2606 5981 0
2606 3986 0
2606 1943 0
2606 16292 0
2606 6065 0
2606 16308 0
2606 6094 0
561 4852 0
561 561 0
561 6752 0
561 2712 0
561 2718 0
561 2724 0
561 700 1
561 4822 0
561 4825 0
561 6932 0
561 827 0
561 4956 0
561 866 0
561 869 0
561 6977 0
561 3035 0
561 3036 1
561 1062 1
561 7208 0
561 861 0
561 5243 0
561 3225 0
561 19628 0
561 3248 0
561 1259 0
561 5367 0
561 5368 0
561 3354 0
561 5432 0
561 1365 0
561 5521 0
561 5523 0
561 5525 0
561 7740 0
561 5729 0
561 1687 0
561 18105 0
561 3801 0
561 5855 0
561 5981 0
561 1894 0
561 1927 0
561 8089 0
561 6068 0
561 4051 0
4662 13061 0
4662 5981 0
4662 3934 1
4662 4662 0
4662 1653 0
4662 4744 0
4662 16031 0
4662 8881 0
4662 700 1
4662 7893 0
4662 861 0
4662 4916 0
4662 6977 0
4662 3927 0
4662 5464 0
4662 4956 0
4662 3426 0
4662 5487 0
4662 3446 0
4662 3986 0
4662 1943 0
4662 18332 0
4662 6065 0
4662 16308 0
4662 2997 0
4662 3561 0
4534 4534 0
4534 4694 0
4534 4705 0
4534 4711 0
4534 2703 0
4534 2718 0
4534 4795 0
4534 710 1
4534 6906 0
4534 807 0
4534 2884 0
4534 842 0
4534 2967 0
4534 3008 1
4534 3009 1
4534 5965 0
4534 3123 0
4534 13061 0
4534 5247 0
4534 1159 0
4534 3225 0
4534 3283 1
4534 3284 0
4534 1259 0
4534 1260 0
4534 5432 0
4534 5450 1
4534 5452 1
4534 5469 0
4534 3307 0
4534 3535 1
4534 5586 0
4534 3561 0
4534 1576 1
4534 1591 0
4534 4704 0
4534 1603 0
4534 1620 0
4534 5729 0
4534 1653 0
4534 1687 0
4534 5855 0
4534 3035 0
4534 5967 0
4534 3928 0
4534 1927 0
4534 3986 0
4534 6081 0
4534 6094 0
4681 1030 0
4681 1576 1
4681 5895 0
4681 4704 0
4681 4681 0
4681 1620 0
4681 4694 0
4681 4185 1
4681 4705 0
4681 5247 0
4681 6081 0
4681 4744 0
4681 1674 0
4681 1170 0
4681 1171 0
4681 3225 0
4681 2718 0
4681 2722 0
4681 1653 0
4681 5835 0
4681 5855 0
4681 3336 0
4681 2831 0
4681 3801 0
4681 1816 0
4681 1339 0
4681 6986 0
4681 5469 0
4681 3446 0
4681 1927 0
4681 5521 0
4681 3986 0
4681 2967 0
4681 2997 0
4681 3006 0
4681 3008 1
4681 3009 1
4681 3010 0
4681 3013 0
4681 5586 0
4681 4942 0
4681 3036 1
4681 5798 0
4681 5523 0
4681 1022 0
12881 3227 1
12881 21518 1
4694 5152 0
4694 5469 0
4694 1620 0
4694 4694 0
4694 4185 1
4694 1159 0
4694 1674 0
4694 3010 0
4694 5774 0
4694 1170 0
4694 1711 0
4694 719 0
4694 1259 0
4694 5382 0
4694 2831 0
4694 13099 0
4694 18227 0
4694 3382 0
4694 827 0
4694 2883 1
4694 5967 0
4694 861 0
4694 866 0
4694 869 0
4694 3986 0
4694 5525 0
4694 5526 0
4694 2967 0
4694 4536 0
4694 3036 1
4694 5523 0
4695 861 0
4695 5527 0
4695 5521 0
4695 5523 0
4695 5525 0
4695 5526 0
4695 2967 0
4695 2724 0
4695 1576 1
4695 13099 0
4695 5469 0
4695 3382 0
4695 827 0
4695 3008 1
4695 3141 0
4695 842 0
4695 7633 0
4695 1620 0
4695 4185 1
4695 3035 0
4695 3037 0
4695 5882 0
4695 5247 0
6752 13061 0
6752 861 0
6752 16308 0
6752 6752 0
6752 2703 0
6752 2712 0
6752 3757 0
6752 3283 1
6752 7893 0
6752 4825 0
6752 5855 0
6752 5367 0
6752 5368 0
6752 4916 0
6752 1350 0
6752 4956 0
6752 3427 0
6752 6977 0
6752 3986 0
6752 6867 0
6752 3934 1
6752 6068 0
6752 1259 0
4705 4744 0
4705 3986 0
4705 2967 0
4705 1816 0
4705 3225 0
4705 4536 0
4705 1620 0
4705 4185 1
4705 3036 1
4705 1259 0
4705 5247 0
4710 3009 1
4710 4744 0
4710 2703 0
4710 3986 0
4710 2967 0
4710 2712 0
4710 3225 0
4710 2722 0
4710 1711 0
4710 1620 0
4710 4710 0
4710 1259 0
4710 4185 1
4711 3336 0
4711 3986 0
4711 2967 0
4711 3225 0
4711 3230 0
4711 807 0
4711 1576 1
4711 3246 0
4711 1711 0
4711 4744 0
4711 4536 0
4711 18332 0
4711 4711 0
4711 5967 0
4711 4818 0
4711 1620 0
4711 3035 0
4711 3036 1
4711 3037 0
4711 1259 0
4711 4185 1
4718 4744 0
4718 3986 0
4718 2967 0
4718 3225 0
4718 18332 0
4718 1711 0
4718 3248 0
4718 3123 0
4718 1620 0
4718 3036 1
4718 1259 0
4718 1260 0
4718 4718 0
4718 4185 1
4719 1620 0
4719 4185 1
4719 4719 0
4719 3225 0
4719 3248 0
4719 8922 1
4719 1259 0
4719 4744 0
4719 2967 0
4719 2997 0
14978 11294 0
14978 4185 1
14978 5747 1
14978 14978 0
14978 18299 0
14978 5367 0
14978 5895 0
14978 18298 0
14978 1927 0
14978 18332 0
14978 3009 1
4744 1620 0
4744 4704 0
4744 5254 0
4744 4744 0
4744 1674 0
4744 1170 0
4744 1171 0
4744 3225 0
4744 5798 0
4744 700 1
4744 4818 0
4744 5885 0
4744 5895 0
4744 2831 0
4744 3801 0
4744 1816 0
4744 5469 0
4744 2938 0
4744 1943 0
4744 2997 0
4744 3001 0
4744 3006 0
4744 3008 1
4744 3010 0
4744 3013 0
4744 5586 0
4744 3561 0
4744 1022 0
2703 2703 0
2703 2712 0
2703 2718 0
2703 2722 0
2703 2724 0
2703 8881 0
2703 8922 1
2703 7633 0
2703 4855 0
2703 6932 0
2703 4916 0
2703 6986 0
2703 843 0
2703 869 0
2703 2997 0
2703 3009 1
2703 1022 0
2703 7208 0
2703 5243 0
2703 5247 0
2703 7303 0
2703 3426 0
2703 3429 0
2703 3464 0
2703 1943 0
2703 3533 0
2703 1591 0
2703 1620 0
2703 7774 0
2703 5759 0
2703 1667 0
2703 16031 0
2703 5835 0
2703 5855 0
2703 5882 0
2703 5885 0
2703 3927 0
2703 3928 0
2703 3986 0
2703 18332 0
2703 6065 0
2703 6068 0
659 7208 0
659 13061 0
659 1591 0
659 5247 0
659 659 0
659 2712 0
659 700 1
659 5835 0
659 6867 0
659 7893 0
659 8922 1
659 5855 0
659 5368 0
659 5882 0
659 3844 0
659 6986 0
659 861 0
659 3426 0
659 1383 0
659 2938 0
659 3986 0
659 18332 0
659 16308 0
659 2997 0
659 1022 0
4759 5747 1
4759 3535 1
4759 3539 1
2712 4825 0
2712 2712 0
2712 2718 0
2712 2722 0
2712 2724 0
2712 8881 0
2712 4795 0
2712 6867 0
2712 4822 0
2712 8922 1
2712 4855 0
2712 4916 0
2712 6986 0
2712 843 0
2712 4956 0
2712 861 0
2712 6977 0
2712 2997 0
2712 3009 1
2712 3036 1
2712 1022 0
2712 7208 0
2712 1079 0
2712 3141 0
2712 5233 0
2712 5243 0
2712 5247 0
2712 1170 0
2712 3225 0
2712 3284 0
2712 1259 0
2712 3354 0
2712 5432 0
2712 3426 0
2712 3429 0
2712 1383 0
2712 3446 0
2712 3533 0
2712 7633 0
2712 1591 0
2712 1620 0
2712 5759 0
2712 16031 0
2712 5835 0
2712 5855 0
2712 5882 0
2712 5885 0
2712 5981 0
2712 3986 0
2712 1943 0
2712 18332 0
2712 6065 0
2712 6068 0
2712 6081 0
669 669 0
669 2718 0
669 4795 0
669 8922 1
669 4852 0
669 4855 0
669 4916 0
669 2967 0
669 3036 1
669 7208 0
669 5432 0
669 5452 1
669 1359 0
669 3426 0
669 1383 0
669 5586 0
669 3561 0
669 1620 0
669 1653 0
669 5759 0
669 3757 0
669 5835 0
669 5874 0
669 5882 0
669 5885 0
669 5981 0
669 1927 0
2718 4185 1
2718 5521 0
2718 5523 0
2718 4536 0
2718 2718 0
2718 2722 0
2718 2724 0
2718 8881 0
2718 4795 0
2718 719 0
2718 4825 0
2718 8922 1
2718 2831 0
2718 6932 0
2718 827 0
2718 6986 0
2718 843 0
2718 861 0
2718 866 0
2718 869 0
2718 2938 0
2718 3035 0
2718 3036 1
2718 3101 0
2718 7208 0
2718 3141 0
2718 5233 0
2718 5243 0
2718 5247 0
2718 1159 0
2718 3225 0
2718 3271 0
2718 1882 0
2718 3336 0
2718 5432 0
2718 5464 0
2718 5469 0
2718 3426 0
2718 3427 0
2718 3429 0
2718 1383 0
2718 3446 0
2718 3464 0
2718 1943 0
2718 3533 0
2718 3535 1
2718 7633 0
2718 1591 0
2718 1620 0
2718 5753 0
2718 5835 0
2718 5855 0
2718 5882 0
2718 5418 0
2718 1816 0
2718 5967 0
2718 3928 0
2718 1927 0
2718 3986 0
2718 18332 0
2718 6065 0
2718 6068 0
2718 16031 0
2718 6081 0
2718 4081 0
2722 1383 0
2722 5521 0
2722 5523 0
2722 13061 0
2722 2722 0
2722 4795 0
2722 6867 0
2722 4825 0
2722 8922 1
2722 6977 0
2722 6986 0
2722 861 0
2722 866 0
2722 869 0
2722 3009 1
2722 3036 1
2722 7208 0
2722 3141 0
2722 5233 0
2722 5243 0
2722 5247 0
2722 1170 0
2722 3225 0
2722 3248 0
2722 1259 0
2722 5432 0
2722 1359 0
2722 5464 0
2722 5469 0
2722 3426 0
2722 3429 0
2722 3446 0
2722 3533 0
2722 7633 0
2722 3561 0
2722 1591 0
2722 16308 0
2722 2997 0
2722 1620 0
2722 1653 0
2722 1667 0
2722 16031 0
2722 7893 0
2722 5855 0
2722 5882 0
2722 5981 0
2722 1927 0
2722 3986 0
2722 1943 0
2722 18332 0
2722 16292 0
2722 6065 0
2722 6068 0
2722 6081 0
2722 2724 0
2722 4081 0
2724 6867 0
2724 13061 0
2724 2724 0
2724 8881 0
2724 4795 0
2724 700 1
2724 703 0
2724 4818 0
2724 6977 0
2724 843 0
2724 861 0
2724 869 0
2724 3008 1
2724 11294 0
2724 3141 0
2724 3178 0
2724 5243 0
2724 1159 0
2724 3225 0
2724 3426 0
2724 1383 0
2724 1392 0
2724 3533 0
2724 3561 0
2724 1591 0
2724 16308 0
2724 2997 0
2724 1620 0
2724 1667 0
2724 16031 0
2724 7893 0
2724 5981 0
2724 18298 0
2724 18299 0
2724 3986 0
2724 1943 0
2724 18332 0
2724 6065 0
2724 6068 0
2724 6081 0
2724 4081 0
2730 5440 0
2730 1943 0
2730 18332 0
2730 2994 0
2730 3903 0
2730 3008 1
2730 3426 0
4779 861 0
4779 12887 0
4779 3246 0
4779 7374 1
4779 719 0
4779 7893 0
4779 5367 0
4779 5885 0
4779 13061 0
4779 4956 0
4779 3561 0
4779 3986 0
4779 1943 0
4779 6065 0
4779 2997 0
15020 8016 0
15020 5233 0
15020 3227 1
15020 5798 0
15020 5452 1
15020 2901 0
8881 8881 0
8881 1383 0
8881 4536 0
8881 5882 0
8881 4795 0
8881 6867 0
8881 7303 0
8881 861 0
8881 2938 0
8881 3009 1
8881 1022 0
8881 3141 0
8881 5243 0
8881 5247 0
8881 1159 0
8881 1259 0
8881 5452 1
8881 5464 0
8881 5466 0
8881 5469 0
8881 3427 0
8881 1392 0
8881 3446 0
8881 3307 0
8881 5521 0
8881 5523 0
8881 3561 0
8881 1591 0
8881 7740 0
8881 1653 0
8881 6081 0
8881 16031 0
8881 5855 0
8881 5895 0
8881 5965 0
8881 5967 0
8881 8016 0
8881 3927 0
8881 5981 0
8881 3986 0
8881 8089 0
8881 18332 0
8881 6068 0
8881 6094 0
8881 8185 0
698 3844 0
698 2883 1
698 698 0
698 701 0
698 705 0
698 19835 1
698 3283 1
698 1620 0
698 5855 0
698 5729 0
698 2934 1
698 5882 0
4795 6062 0
4795 4185 1
4795 1591 0
4795 1620 0
4795 3158 0
4795 1667 0
4795 3225 0
4795 4795 0
4795 4818 0
4795 4822 0
4795 3844 0
4795 2889 0
4795 5469 0
4795 2938 0
4795 3464 0
4795 2967 0
4795 8089 0
4795 6068 0
4795 4536 0
4795 3035 0
4795 3036 1
4795 3561 0
700 7208 1
700 7740 1
700 7521 1
700 3158 1
700 5729 1
700 1653 1
700 5759 1
700 7303 1
700 1674 1
700 700 2
700 701 1
700 703 1
700 705 1
700 2934 2
700 4818 1
700 3284 1
700 4822 1
700 1259 1
700 5883 1
700 3844 1
700 3336 1
700 6932 1
700 4916 1
700 5432 1
700 840 1
700 842 1
700 843 1
700 5452 2
700 5965 1
700 4942 1
700 5464 1
700 861 1
700 3446 1
700 3454 1
700 5521 1
700 6062 1
700 6081 1
700 7633 1
701 2883 1
701 701 0
701 705 0
701 861 0
701 2934 1
701 5885 0
703 3844 0
703 6081 0
703 5432 0
703 703 0
703 705 0
703 3283 1
703 3284 0
703 4822 0
703 5729 0
705 7208 0
705 5981 0
705 7768 0
705 8922 1
705 705 0
705 5835 0
705 4822 0
705 19835 1
705 5855 0
705 1259 0
705 5882 0
705 5885 0
705 3336 0
705 5432 0
705 6986 0
705 843 0
705 5452 1
705 5469 0
705 2938 0
705 6081 0
710 710 2
710 1927 1
710 6068 1
710 4536 1
710 17460 1
2762 11294 0
2762 1620 0
2762 5243 0
2762 19628 0
2762 2762 0
2762 18298 0
2762 20226 0
2762 5450 1
2762 5981 0
2762 1383 0
2762 1927 0
2762 3009 1
2763 807 0
2763 3246 0
2763 3009 1
2763 5450 1
2763 4852 0
716 3561 1
716 13099 1
716 3382 1
2765 3008 1
2765 3010 0
2765 3013 0
2765 3009 1
2765 3178 0
2765 2997 0
2765 11294 0
2765 18332 0
2765 3006 0
719 3101 0
719 1576 1
719 5469 0
719 6068 0
719 1620 0
719 3158 0
719 4185 1
719 4704 0
719 5753 0
719 807 0
719 5303 0
719 5835 0
719 719 0
719 4818 0
719 1259 0
719 5882 0
719 5885 0
719 13099 0
719 2837 0
719 3382 0
719 1339 0
719 1359 0
719 3928 0
719 4956 0
719 2938 0
719 1927 0
719 3986 0
719 2967 0
719 12887 0
719 3307 0
719 3544 0
719 3561 0
719 1022 0
4818 3101 0
4818 3123 0
4818 1620 0
4818 4185 1
4818 2831 0
4818 5247 0
4818 3225 0
4818 4818 0
4818 3801 0
4818 6907 0
4818 3336 0
4818 1816 0
4818 5469 0
4818 3986 0
4818 2967 0
4818 1489 0
4818 5586 0
6867 13061 0
6867 1591 0
6867 16308 0
6867 3141 0
6867 1653 0
6867 5243 0
6867 5247 0
6867 1667 0
6867 16031 0
6867 5835 0
6867 3283 1
6867 7893 0
6867 8922 1
6867 1259 0
6867 5882 0
6867 5885 0
6867 3844 0
6867 2831 0
6867 4916 0
6867 6977 0
6867 842 0
6867 5967 0
6867 5981 0
6867 869 0
6867 2938 0
6867 3986 0
6867 6867 0
6867 7208 0
6867 18332 0
6867 3533 0
6867 5368 0
4822 3934 1
4822 5855 0
4822 5729 0
4822 5759 0
4822 1159 0
4822 1687 0
4822 3283 1
4822 4822 0
4822 4825 0
4822 5432 0
4822 827 0
4822 5445 0
4822 840 0
4822 861 0
4822 866 0
4822 869 0
4822 3446 0
4822 3986 0
4822 5523 0
4825 16308 0
4825 1653 0
4825 19628 0
4825 3283 1
4825 7893 0
4825 5367 0
4825 5368 0
4825 4916 0
4825 821 0
4825 5432 0
4825 5855 0
4825 6977 0
4825 5981 0
4825 3934 1
4825 3986 0
4825 1943 0
4825 18332 0
4825 6068 0
8922 5466 1
8922 1603 1
8922 5243 1
8922 7303 1
8922 3757 1
8922 5835 1
8922 8922 2
8922 11471 1
8922 1260 1
8922 5882 1
8922 1350 1
8922 6986 1
8922 1359 1
8922 3927 1
8922 5464 1
8922 5981 1
8922 1383 1
8922 5487 1
8922 1927 1
8922 6081 1
8922 1022 1
3537 1174 0
3537 8089 0
3537 807 0
3537 5452 1
3537 3534 0
3537 3539 1
3537 1365 0
3538 5782 1
3538 5148 1
4852 1653 0
4852 1674 0
4852 3336 0
4852 807 0
4852 4916 0
4852 5450 1
4852 4942 0
4852 3986 0
4852 6068 0
4852 3009 1
4852 4081 0
4185 3101 1
4185 1576 2
4185 1620 1
4185 4185 2
4185 4704 1
4185 3178 1
4185 5247 1
4185 1170 1
4185 18105 1
4185 4295 1
4185 3801 1
4185 6907 1
4185 3844 1
4185 5895 1
4185 2884 1
4185 5967 1
4185 5469 1
4185 5521 1
4185 3986 1
4185 5523 1
4185 5525 1
4185 5526 1
4185 6062 1
4185 3010 1
4185 9160 1
4185 3035 1
4185 3036 2
4855 4855 0
4855 861 0
4855 1022 0
4855 7208 0
4855 3934 1
4855 5243 0
4855 5432 0
4855 1383 0
4855 3535 1
4855 5729 0
4855 1667 0
4855 1687 0
4855 1894 0
4855 1927 0
6906 3009 1
6906 3010 0
6906 3382 0
6906 3013 0
6906 1359 0
6906 1620 0
6906 3934 1
6906 5855 0
6906 1259 0
6906 3446 0
6906 1022 0
6907 6915 0
6907 3464 0
6907 2831 0
6907 1170 0
6907 1171 0
6907 2967 0
6907 3225 0
6907 3035 0
6907 6062 0
6907 5981 0
6907 3123 0
6907 1204 0
6907 6907 0
6907 2889 0
6907 5967 0
6907 1620 0
6907 3801 0
6907 3036 1
6907 3037 0
6907 5855 0
6907 4704 0
6915 5967 0
6915 2831 0
6915 1170 0
6915 2967 0
6915 3986 0
6915 1576 1
6915 1711 0
6915 827 0
6915 4295 0
6915 2895 0
6915 1620 0
6915 3035 0
6915 3036 1
6915 3037 0
6915 4704 0
6915 5487 0
6915 1653 0
6915 5247 0
13061 1383 0
13061 7303 0
13061 827 0
13061 4956 0
13061 3008 1
13061 1022 0
13061 13061 0
13061 3141 0
13061 3283 1
13061 3284 0
13061 1259 0
13061 1260 0
13061 5368 0
13061 3336 0
13061 5469 0
13061 3426 0
13061 3427 0
13061 3429 0
13061 5521 0
13061 1591 0
13061 16308 0
13061 1653 0
13061 1667 0
13061 16031 0
13061 7893 0
13061 5855 0
13061 3927 0
13061 5981 0
13061 1927 0
13061 6068 0
13061 4081 0
13061 8185 0
2831 1620 0
2831 4704 0
2831 5247 0
2831 5774 0
2831 1170 0
2831 1171 0
2831 18105 0
2831 2837 0
2831 5855 0
2831 3844 0
2831 2831 0
2831 5981 0
2831 3446 0
2831 3464 0
2831 3986 0
2831 5523 0
2831 5469 0
2831 2967 0
2831 18332 0
2831 4536 0
2831 3008 1
2831 3035 0
2831 3036 1
6932 5885 0
6932 3844 0
6932 6932 0
6932 4916 0
6932 5981 0
6932 19835 1
2837 1943 0
2837 3141 0
2837 1062 1
2837 807 0
2837 5855 0
2837 3534 0
2837 3535 1
2837 3536 0
2837 9840 0
795 3008 1
795 3010 0
795 5764 0
795 1062 1
795 1063 0
795 3336 0
795 5469 0
795 16031 0
807 1062 1
807 1063 0
807 1620 0
807 1653 0
807 5753 0
807 3008 1
807 1159 0
807 1687 0
807 1225 0
807 5885 0
807 807 0
807 5450 1
807 5452 1
807 1359 0
807 5469 0
807 1927 0
807 1943 0
807 5523 0
807 3225 0
807 2997 0
807 4536 0
807 3534 0
807 3539 1
13099 12887 0
13099 1653 0
13099 1667 0
13099 3223 1
13099 1260 0
13099 1944 0
13099 3008 1
813 15489 0
813 5781 1
813 2997 0
813 3248 0
813 3123 0
813 2996 0
813 821 0
813 3008 1
813 3009 1
4916 1383 0
4916 3446 0
4916 4916 0
4916 827 0
4916 6977 0
4916 843 0
4916 4956 0
4916 7303 0
4916 5367 0
4916 5368 0
4916 5382 0
4916 3429 0
4916 3561 0
4916 1603 0
4916 1653 0
4916 1667 0
4916 5855 0
4916 5882 0
4916 5981 0
4916 3934 1
4916 16292 0
4916 6068 0
4916 6081 0
4916 4081 0
4916 8185 0
821 3123 0
821 1591 0
821 1603 0
821 5243 0
821 5247 0
821 3223 1
821 19628 0
821 3008 1
821 5885 0
821 821 0
821 15489 0
821 3927 0
821 5981 0
821 3429 0
821 1383 0
821 1392 0
821 1927 0
821 2997 0
821 3037 0
827 7633 0
827 827 0
827 840 0
827 4956 0
827 866 0
827 2997 0
827 3037 0
827 861 0
827 3158 0
827 3223 1
827 3283 1
827 3284 0
827 3336 0
827 5432 0
827 5469 0
827 1383 0
827 16308 0
827 1603 0
827 1620 0
827 1653 0
827 1674 0
827 7893 0
827 5855 0
827 5981 0
827 1927 0
827 1687 0
827 3986 0
827 1943 0
827 18332 0
827 6065 0
827 6068 0
827 6081 0
6977 6977 0
6977 3223 1
6977 2997 0
6977 1022 0
6977 3141 0
6977 3158 0
6977 15509 0
6977 3283 1
6977 3284 0
6977 5367 0
6977 5368 0
6977 1383 0
6977 5487 0
6977 1392 0
6977 1603 0
6977 7740 0
6977 5729 0
6977 1653 0
6977 3927 0
6977 6062 0
6977 6094 0
6977 8185 0
2883 3336 1
2883 5445 1
2883 5432 1
2883 2883 2
2883 2884 1
2883 3535 2
2883 1653 1
2884 7208 0
2884 4536 0
2884 5885 0
840 17460 0
840 7740 0
840 3141 0
840 3801 0
840 1259 0
840 3354 0
840 840 0
840 843 0
840 3934 1
840 11154 0
840 3986 0
840 6068 0
2889 3844 0
2889 3336 0
2889 5521 0
2889 5523 0
2889 5525 0
2889 5526 0
2889 3225 0
2889 1576 1
2889 3035 0
2889 3036 1
2889 3037 0
2889 3426 0
2889 5586 0
2889 5247 0
15178 5254 1
15178 5874 1
15178 5367 1
15178 5368 1
843 5981 0
843 1620 0
843 3158 0
843 5759 0
843 1687 0
843 3283 1
843 1259 0
843 1260 0
843 3354 0
843 842 0
843 843 0
843 1882 0
843 5469 0
843 3446 0
843 2938 0
4942 6081 0
4942 3986 0
4942 3271 0
4942 4942 0
4942 3934 1
2895 5527 0
2895 1576 1
2895 3035 0
2895 3036 1
2895 3037 0
2895 4704 0
2895 5247 0
2901 5523 0
2901 1576 1
2901 6062 0
2901 5981 0
2901 4536 0
2901 5967 0
2901 2901 0
2901 3035 0
2901 3036 1
2901 3037 0
2901 4704 0
2901 869 0
2901 5233 0
2901 19835 1
2901 5247 0
4956 1383 0
4956 4956 0
4956 866 0
4956 3008 1
4956 1022 0
4956 5243 0
4956 3283 1
4956 3284 0
4956 5368 0
4956 861 0
4956 3354 0
4956 5464 0
4956 5466 0
4956 3426 0
4956 3427 0
4956 1392 0
4956 18332 0
4956 3561 0
4956 1591 0
4956 7740 0
4956 1620 0
4956 1653 0
4956 1674 0
4956 3757 0
4956 7893 0
4956 5855 0
4956 3927 0
4956 5981 0
4956 1927 0
4956 3986 0
4956 1943 0
4956 6081 0
4956 4051 0
4956 8185 0
861 861 0
861 866 0
861 1022 0
861 3141 0
861 1159 0
861 3283 1
861 3284 0
861 1259 0
861 3336 0
861 3354 0
861 5432 0
861 1359 0
861 5464 0
861 5466 0
861 5469 0
861 3426 0
861 3427 0
861 1383 0
861 1392 0
861 3446 0
861 1591 0
861 7740 0
861 1603 0
861 1653 0
861 1674 0
861 1687 0
861 5798 0
861 3757 0
861 5855 0
861 5874 0
861 5965 0
861 3939 0
861 1927 0
861 3986 0
861 6068 0
861 16031 0
861 6081 0
861 4051 0
861 4081 0
861 8185 0
866 3426 0
866 1687 0
866 6081 0
866 3283 1
866 3284 0
866 5855 0
866 3934 1
866 866 0
866 869 0
866 5469 0
866 11471 0
866 5487 0
869 1653 0
869 1687 0
869 11471 0
869 3283 1
869 3284 0
869 6081 0
869 5882 0
869 3354 0
869 5855 0
869 1882 0
869 5469 0
869 3934 1
869 869 0
869 3446 0
869 5523 0
869 8185 0
2934 5254 1
2938 3141 0
2938 5247 0
2938 1667 0
2938 5254 0
2938 3283 1
2938 3284 0
2938 1259 0
2938 7303 0
2938 3934 1
2938 1383 0
2938 1392 0
2938 2938 0
2938 1943 0
2938 8089 0
2938 18332 0
2938 2999 0
2938 3006 0
2938 3008 1
2938 3009 1
2938 3010 0
2938 3561 0
2938 8185 0
11154 5243 0
11154 1667 0
11154 3223 1
11154 2967 0
2967 1576 1
2967 4704 0
2967 3178 0
2967 5247 0
2967 1170 0
2967 1171 0
2967 18105 0
2967 3382 0
2967 5432 0
2967 5469 0
2967 3986 0
2967 5525 0
2967 5526 0
2967 2967 0
2967 6062 0
2967 4536 0
2967 1489 0
2967 3035 0
2967 3036 1
2994 1159 0
2994 1062 1
2994 1063 0
2994 3248 0
2994 2994 0
2994 1078 0
2994 3008 1
2994 3534 0
2994 5432 0
2994 1894 0
2996 5764 0
2996 15489 0
2996 5782 1
2996 1943 0
2996 18332 0
2996 2996 0
2996 3008 1
2996 3013 0
2996 1894 0
2996 5759 0
2997 1383 0
2997 3008 1
2997 1022 0
2997 3141 0
2997 3158 0
2997 15489 0
2997 19628 0
2997 3246 0
2997 1225 0
2997 3283 1
2997 3284 0
2997 3336 0
2997 3426 0
2997 3427 0
2997 3429 0
2997 1392 0
2997 5586 0
2997 1591 0
2997 2997 0
2997 1603 0
2997 5764 0
2997 5765 0
2997 5798 0
2997 3927 0
2997 5981 0
2997 1927 0
2997 1943 0
2997 6065 0
2997 6068 0
2997 6081 0
2997 8185 0
2999 1943 0
2999 18332 0
2999 18078 1
2999 3013 0
2999 1062 1
2999 5981 0
2999 3008 1
2999 3010 0
2999 1078 0
2999 5452 1
2999 3539 1
2999 1620 0
2999 3939 0
2999 5759 0
3001 3008 1
3001 6065 0
3001 5452 1
3001 3001 0
6986 7208 0
6986 1620 0
6986 5243 0
6986 5835 0
6986 19835 1
6986 5882 0
6986 5883 0
6986 6986 0
6986 5981 0
3006 3008 1
3006 3986 0
3006 1943 0
3006 1816 0
3006 5764 0
3006 18332 0
3006 5432 0
3006 3903 0
3006 3010 0
3006 3013 0
3006 3014 0
3006 5452 1
3006 6094 0
3006 3535 1
3006 1620 0
3006 3544 0
3006 3939 0
3006 5747 1
3008 1062 2
3008 1713 1
3008 1078 1
3008 6068 1
3008 1653 1
3008 5759 1
3008 15489 1
3008 5764 1
3008 5765 1
3008 1159 1
3008 1171 1
3008 18078 2
3008 5798 1
3008 3246 1
3008 3248 1
3008 1204 1
3008 1225 1
3008 13265 1
3008 3336 1
3008 18227 1
3008 3382 1
3008 1339 1
3008 3903 1
3008 5452 2
3008 3939 1
3008 1894 1
3008 3454 1
3008 6065 1
3008 1927 1
3008 3986 1
3008 1943 1
3008 8089 1
3008 18332 1
3008 5540 1
3008 3008 2
3008 3010 1
3008 3013 1
3008 3535 2
3008 1489 1
3008 3539 2
3008 15781 1
3009 11294 1
3009 1713 1
3009 1620 1
3009 3178 1
3009 15489 1
3009 5798 1
3009 13265 1
3009 1816 1
3009 5445 1
3009 1894 1
3009 18298 1
3009 18299 1
3009 8089 1
3009 6062 1
3009 4536 1
3009 3009 2
3009 1489 1
3009 5586 1
3010 5764 0
3010 1927 0
3010 1943 0
3010 1816 0
3010 3101 0
3010 1063 0
3010 1713 0
3010 3903 0
3010 3010 0
3010 4081 0
3010 1078 0
3010 5452 1
3010 6094 0
3010 1489 0
3010 5586 0
3010 1620 0
3010 5469 0
3010 3939 0
3010 5798 0
3010 13265 0
3010 5759 0
3010 5247 0
3013 1927 0
3013 18298 0
3013 1170 0
3013 11294 0
3013 5798 0
3013 1713 0
3013 3013 0
3013 5452 1
3013 1489 0
3013 6094 0
3013 1894 0
3013 3178 0
3013 18299 0
3014 1894 0
3014 1927 0
3014 5452 1
3014 5747 1
3014 1943 0
9160 3283 1
9160 1943 0
13265 3307 0
13265 1713 0
3035 1030 0
3035 5967 0
3035 1576 1
3035 4704 0
3035 1204 0
3035 18105 0
3035 5835 0
3035 1816 0
3035 5521 0
3035 3446 0
3035 5527 0
3035 3986 0
3035 5523 0
3035 5525 0
3035 5526 0
3035 5586 0
3035 3035 0
3035 3037 0
3035 1620 0
3036 1027 1
3036 1030 1
3036 1576 2
3036 3123 1
3036 3141 1
3036 1620 1
3036 13919 1
3036 4704 1
3036 5247 1
3036 1667 1
3036 19628 1
3036 1711 1
3036 1204 1
3036 18105 1
3036 5835 1
3036 3801 1
3036 7917 1
3036 5885 1
3036 3336 1
3036 1816 1
3036 3036 2
3036 1882 1
3036 5469 1
3036 3464 1
3036 5527 1
3036 5521 1
3036 5523 1
3036 5525 1
3036 5526 1
3036 6062 1
3036 6068 1
3036 5967 1
3036 3037 1
3037 1576 1
3037 3123 0
3037 3225 0
3037 1816 0
3037 5967 0
3037 5521 0
3037 5523 0
3037 5525 0
3037 5526 0
3037 5527 0
3037 3037 0
1022 1022 0
1022 3123 0
1022 5247 0
1022 5303 0
1022 7374 1
1022 1359 0
1022 5469 0
1022 3426 0
1022 6068 0
1022 5729 0
1022 1687 0
1022 16031 0
1022 5835 0
1022 7893 0
1022 5855 0
1022 5882 0
1022 1927 0
1022 3986 0
1022 1943 0
1022 18332 0
1022 6065 0
1022 16308 0
1027 1027 0
1027 1030 0
1027 5523 0
1027 5148 1
1030 5526 0
1030 1030 0
1030 5525 0
1030 1816 0
1030 3225 0
1030 5148 1
1030 5152 0
1030 5521 0
1030 5523 0
21518 17995 1
21518 6094 1
5148 5521 1
5148 5148 2
5148 5152 1
5148 5432 1
5148 1225 1
5148 3534 1
5148 3536 1
5148 4051 1
5148 3426 1
5148 3427 1
3101 5521 0
3101 1170 0
3101 3801 0
3101 3101 0
3101 1576 1
3101 3757 0
3101 1204 0
3101 18078 1
3101 5469 0
3101 4704 0
3101 1259 0
3101 5783 0
3101 5247 0
11294 3469 0
11294 11294 0
11294 3178 0
11294 5367 0
11294 1927 0
11294 7633 0
11294 5747 1
11294 5967 0
11294 18298 0
11294 18299 0
5152 5895 0
5152 1225 0
5152 5152 0
5152 5747 1
5152 1159 0
4536 1576 1
4536 1591 0
4536 1620 0
4536 3158 0
4536 1653 0
4536 5247 0
4536 1159 0
4536 1687 0
4536 3225 0
4536 4295 0
4536 3271 0
4536 5835 0
4536 3283 1
4536 3284 0
4536 5855 0
4536 3336 0
4536 1816 0
4536 5432 0
4536 3928 0
4536 5469 0
4536 6081 0
4536 5521 0
4536 8089 0
4536 6068 0
4536 4536 0
4536 5523 0
1062 5440 1
1062 1943 1
1062 5764 1
1062 15781 1
1062 1062 2
1062 3903 1
1062 1079 1
1062 5965 1
1062 3535 2
1062 3539 2
1062 1365 1
1062 5981 1
1062 1063 1
1062 4081 1
1062 1653 1
1063 20226 0
1063 1943 0
1063 4081 0
1063 5440 0
1063 3539 1
1063 1365 0
1063 5233 0
7208 7208 0
7208 1591 0
7208 1620 0
7208 5243 0
7208 204 1
7208 5882 0
7208 5885 0
7208 5981 0
7208 1383 0
7208 5883 0
1065 5440 0
1065 5764 0
1065 1943 0
1065 1065 0
1065 5432 0
1065 3534 0
1065 1365 0
1065 5747 1
1067 5764 0
1067 1943 0
1067 1067 0
1067 1079 0
1067 3903 0
1067 3539 1
1067 1365 0
3122 3535 1
3122 3539 1
3122 3544 0
3123 3336 0
3123 1170 0
3123 1171 0
3123 5525 0
3123 5469 0
3123 3225 0
3123 1576 1
3123 1711 0
3123 5521 0
3123 1204 0
3123 5432 0
3123 5526 0
3123 5729 0
3123 1489 0
3123 4704 0
3123 3123 0
17460 3354 0
17460 3141 0
17460 3283 1
17460 5855 0
17460 1259 0
1078 3535 1
1079 5764 0
1079 1943 0
1079 3354 0
1079 3535 1
1079 3561 0
3141 5981 0
3141 16308 0
3141 7740 0
3141 3141 0
3141 1620 0
3141 3225 0
3141 1653 0
3141 5243 0
3141 3248 0
3141 5855 0
3141 3354 0
3141 16031 0
3141 5445 0
3141 1882 0
3141 3934 1
3141 3426 0
3141 1383 0
3141 3986 0
3141 1943 0
3141 6065 0
3141 6081 0
3141 3533 0
3141 18332 0
3141 5885 0
3141 7893 0
3158 1620 0
3158 3178 0
3158 5753 0
3158 1159 0
3158 1170 0
3158 3446 0
3158 1943 0
3158 1453 1
3158 6065 0
3178 11471 0
3178 5382 0
3178 13919 0
3178 5967 0
3178 8016 0
3178 1943 0
5233 20226 0
5233 5233 0
5233 3227 1
5233 5835 0
5233 5895 0
5233 5450 1
5233 5452 1
5233 5981 0
5243 5247 0
5243 1159 0
5243 1170 0
5243 3225 0
5243 5452 1
5243 3426 0
5243 3429 0
5243 1383 0
5243 3446 0
5243 1943 0
5243 3533 0
5243 5586 0
5243 1591 0
5243 1620 0
5243 1653 0
5243 5759 0
5243 1667 0
5243 16031 0
5243 5835 0
5243 5855 0
5243 5882 0
5243 5885 0
5243 3986 0
5243 18332 0
5243 6062 0
5243 6065 0
5243 6068 0
5243 6081 0
5247 3757 0
5247 1576 1
5247 1620 0
5247 1170 0
5247 3225 0
5247 1711 0
5247 3248 0
5247 1713 0
5247 1204 0
5247 7303 0
5247 3307 0
5247 7917 0
5247 3336 0
5247 1816 0
5247 1839 1
5247 5432 0
5247 1339 0
5247 5466 0
5247 8016 0
5247 5464 0
5247 1882 0
5247 5469 0
5247 3986 0
5247 1171 0
5247 5525 0
5247 5526 0
5247 8089 0
5247 3230 0
5247 3533 0
5247 1489 0
5247 5586 0
5247 4704 0
5247 3561 0
15489 1620 0
15489 5855 0
15489 5729 0
15489 3307 0
11397 5303 1
5254 5254 0
5254 1159 0
5254 3283 1
5254 5368 0
5254 5450 1
5254 5521 0
5254 5523 0
5254 1674 0
5254 16031 0
5254 5798 0
5254 7893 0
5254 5895 0
5254 5967 0
5254 3986 0
5254 16308 0
7303 5981 0
7303 7303 0
7303 16031 0
7303 7633 0
7303 3986 0
7303 18332 0
7303 1620 0
1170 4295 0
1170 4704 0
1170 1489 0
1170 1171 0
1170 3283 1
1170 3354 0
1170 5432 0
1170 5469 0
1170 1383 0
1170 5525 0
1170 5526 0
1170 7633 0
1170 1591 0
1170 1620 0
1170 3801 0
1170 5855 0
1170 7917 0
1170 1816 0
1170 1882 0
1170 5981 0
1170 1927 0
1170 3986 0
1170 6062 0
1171 1620 0
1171 4704 0
1171 1653 0
1171 1171 0
1171 1711 0
1171 3283 1
1171 7893 0
1171 7633 0
1171 7917 0
1171 3336 0
1171 1839 1
1171 5967 0
1171 3426 0
1171 3986 0
1171 5525 0
1171 5526 0
1171 1489 0
1171 5586 0
1171 3561 0
15509 16308 0
15509 3283 1
15509 7893 0
15509 842 0
15509 3934 1
15509 6068 0
15509 6081 0
1174 1225 0
1174 3539 1
1174 3535 1
1174 3536 0
3223 3986 1
3223 3223 2
3223 1392 1
3223 18227 1
3223 16308 1
3223 3382 1
3223 3283 2
3223 3284 1
3223 7893 1
3223 12887 1
3223 5487 1
3225 1576 1
3225 4704 0
3225 6081 0
3225 3225 0
3225 1204 0
3225 4295 0
3225 1260 0
3225 3336 0
3225 3354 0
3225 1816 0
3225 842 0
3225 5586 0
3225 5464 0
3225 5981 0
3225 3934 1
3225 1383 0
3225 7917 0
3225 5521 0
3225 5523 0
3225 5525 0
3225 6062 0
3225 3230 0
3225 3533 0
3225 1489 0
3227 20226 1
3227 3227 2
3227 19792 1
3227 5418 1
3227 17995 1
3227 3535 2
3227 3539 2
3227 4081 1
3230 3336 0
3230 1576 1
3230 6062 0
3230 1839 1
3230 5586 0
3230 1620 0
3230 3801 0
4295 5774 0
4295 3354 0
4295 1204 0
4295 5835 0
4295 3934 1
4295 5521 0
4295 3986 0
19628 3426 0
19628 1687 0
19628 3283 1
19628 7893 0
19628 3927 0
19628 5469 0
19628 5527 0
19628 5521 0
19628 1943 0
19628 6065 0
19628 16308 0
3246 1620 0
3246 12887 0
3246 3248 0
3246 842 0
3246 1359 0
3246 3426 0
3246 3429 0
3246 1927 0
3246 1943 0
3246 6065 0
3246 5450 1
3248 1620 0
3248 4704 0
3248 3248 0
3248 1943 0
3248 6081 0
3248 5965 0
3248 3535 1
1204 3336 0
1204 5521 0
1204 5523 0
1204 1576 1
1204 1711 0
1204 1204 0
1204 5469 0
1204 4704 0
1204 5586 0
5303 7374 1
3271 1667 0
3271 3283 1
3271 3934 1
1225 1225 0
7374 3986 1
7374 1359 1
7374 12887 1
7374 1653 1
11471 1687 0
11471 12887 0
11471 3934 1
11471 3561 0
3283 16292 1
3283 16308 1
3283 1603 1
3283 7774 1
3283 1667 1
3283 1674 1
3283 3283 2
3283 3284 1
3283 5855 1
3283 1259 1
3283 3354 1
3283 3927 1
3283 3426 1
3283 3429 1
3283 1383 1
3283 7740 1
3283 5487 1
3283 18299 1
3283 1927 1
3283 3986 1
3283 1943 1
3283 1944 1
3283 18332 1
3283 6065 1
3283 6068 1
3283 3533 1
3283 4051 1
3283 8016 1
3283 3561 1
3283 7893 1
3283 8185 1
3284 1653 0
3284 1667 0
3284 7893 0
3284 5464 0
3284 5981 0
3284 3426 0
3284 5487 0
3284 3986 0
3284 1943 0
3284 18332 0
3284 6065 0
3284 16308 0
3284 6081 0
1259 3934 1
1259 1159 0
1259 1260 0
1259 3354 0
1259 5432 0
1259 1350 0
1259 5450 1
1259 5469 0
1259 3426 0
1259 3561 0
1259 1576 1
1259 4704 0
1259 1620 0
1259 7774 0
1259 5729 0
1259 1653 0
1259 5753 0
1259 1667 0
1259 1687 0
1259 5882 0
1259 3927 0
1259 1882 0
1259 1894 0
1259 3986 0
1259 16308 0
1260 1159 0
1260 1674 0
1260 3986 0
1260 1576 1
1260 6068 0
1260 3382 0
1260 1620 0
1260 5469 0
1260 3426 0
1260 1260 0
3316 5382 1
3316 1350 1
3316 5774 1
3316 7633 1
3316 7768 1
5367 7740 0
5367 4704 0
5367 1653 0
5367 1667 0
5367 1687 0
5367 5855 0
5367 5367 0
5367 5368 0
5367 3844 0
5367 3336 0
5367 3354 0
5367 5432 0
5367 3927 0
5367 3934 1
5367 3561 0
5367 3986 0
5367 6068 0
5367 16031 0
5367 8185 0
5368 7740 0
5368 1667 0
5368 1687 0
5368 1653 0
5368 3354 0
5368 5432 0
5368 3986 0
5368 3934 1
5368 16308 0
5368 3561 0
5368 8185 0
5382 5895 0
5382 1687 0
5382 5747 1
5382 5981 0
5382 3934 1
5382 5855 0
5382 18299 0
5382 3446 0
5382 5882 0
3336 1576 1
3336 1620 0
3336 1653 0
3336 1711 0
3336 7917 0
3336 5855 0
3336 8185 0
3336 3336 0
3336 1816 0
3336 1839 1
3336 3382 0
3336 5967 0
3336 3986 0
3336 5523 0
3336 5525 0
3336 5469 0
3336 3533 0
3336 1489 0
3336 5586 0
3354 5759 0
3354 1159 0
3354 3354 0
3354 5466 0
3354 1383 0
3354 3469 0
3354 3534 0
3354 7633 0
3354 1576 1
3354 5753 0
3354 6081 0
3354 1687 0
3354 5855 0
3354 3844 0
3354 8016 0
3354 5432 0
3354 5981 0
3354 3934 1
3354 1894 0
3354 1927 0
3354 8089 0
19747 1576 1
19747 1839 1
5418 20226 0
5418 5418 0
5418 5981 0
5418 3934 1
5418 5855 0
5418 4704 0
5418 3426 0
3382 1667 0
3382 3934 1
5432 1711 0
5432 3757 0
5432 5432 0
5432 5450 1
5432 1359 0
5432 5464 0
5432 5469 0
5432 1383 0
5432 5521 0
5432 5523 0
5432 5586 0
5432 1620 0
5432 5729 0
5432 5747 1
5432 5753 0
5432 1687 0
5432 3801 0
5432 5855 0
5432 7917 0
5432 3903 0
5432 3928 0
5432 5981 0
5432 1894 0
5432 1943 0
5432 6081 0
1339 5798 0
1339 1453 1
1339 1339 0
1339 3801 0
1339 5469 0
1339 1653 0
7487 19792 1
5440 5764 0
5440 1943 0
5440 5440 0
5440 5747 1
5440 5759 0
5445 6062 0
5445 3927 0
1350 5747 1
1350 5835 0
1350 5883 0
1350 5855 0
1350 1350 0
1350 5450 1
1350 5464 0
1350 5466 0
1350 5981 0
1350 3446 0
1350 3464 0
1350 5523 0
5450 20226 1
5452 1591 1
5452 7774 1
5452 9840 1
5452 5874 1
5452 3469 1
5452 8089 1
5452 1944 1
5452 3536 1
1359 3757 0
1359 5855 0
1359 1674 0
1359 842 0
1359 5464 0
1359 5466 0
1359 3429 0
1359 3986 0
1359 1927 0
1359 1943 0
1359 18332 0
1359 5874 0
1359 3561 0
19792 17995 0
19792 5981 0
1365 5764 0
1365 1927 0
1365 1943 0
1365 3535 1
1365 3536 0
1365 1620 0
1365 5747 1
5464 3757 0
5464 1667 0
5464 5466 0
5464 1927 0
5464 5521 0
5464 3986 0
5464 6068 0
5464 6081 0
5464 5469 0
5466 17995 0
5466 5747 1
5466 5753 0
5466 3757 0
5466 3429 0
5466 1927 0
5466 5521 0
5466 3986 0
5466 1943 0
5466 18332 0
5469 5523 0
5469 1927 0
5469 4704 0
5469 842 0
5469 3927 0
5469 5981 0
5469 1882 0
5469 5469 0
5469 5487 0
5469 3446 0
5469 3307 0
5469 5521 0
5469 5525 0
5469 5526 0
5469 5527 0
5469 1489 0
5469 5586 0
5469 3544 0
5469 1576 1
5469 1620 0
5469 5759 0
5469 1667 0
5469 1674 0
5469 1687 0
5469 1711 0
5469 1713 0
5469 5835 0
5469 5855 0
5469 7917 0
5469 5883 0
5469 5885 0
5469 3844 0
5469 5895 0
5469 1816 0
5469 7633 0
5469 3986 0
5469 1943 0
7521 5855 0
7521 5747 1
3426 1383 0
3426 16308 0
3426 842 0
3426 3426 0
3426 3427 0
3426 3429 0
3426 1392 0
3426 5981 0
3426 1453 1
3426 1591 0
3426 1603 0
3426 5759 0
3426 1667 0
3426 6081 0
3426 1687 0
3426 5798 0
3426 5965 0
3426 1894 0
3426 1927 0
3426 3986 0
3426 1943 0
3426 16292 0
3426 6065 0
3426 6068 0
3426 16031 0
3426 4051 0
3426 4081 0
3427 1687 0
3427 3934 1
3427 3429 0
3427 5521 0
3427 3986 0
3427 1943 0
3427 18332 0
3427 6065 0
3427 16308 0
3427 4051 0
3427 5885 0
3429 5981 0
3429 3934 1
3429 1591 0
3429 18332 0
3429 1687 0
3429 3757 0
3429 4051 0
3429 3986 0
3429 1392 0
3429 1927 0
3429 5521 0
3429 1943 0
3429 6065 0
3429 16308 0
3429 6081 0
3429 7633 0
1383 5487 0
1383 1392 0
1383 3533 0
1383 3561 0
1383 1653 0
1383 16031 0
1383 7893 0
1383 5855 0
1383 5885 0
1383 3844 0
1383 3986 0
1383 1943 0
1383 18332 0
1383 6065 0
1383 16308 0
1383 6081 0
5487 1392 0
5487 204 1
5487 5487 0
5487 7633 0
5487 7740 0
5487 16031 0
5487 5965 0
5487 3986 0
1392 3561 0
1392 1591 0
1392 16031 0
1392 7893 0
1392 5981 0
1392 3934 1
1392 3986 0
1392 1943 0
1392 18332 0
1392 16292 0
1392 6065 0
1392 16308 0
1392 6094 0
15729 3535 1
15729 5981 0
15729 3934 1
3446 3446 0
3446 1591 0
3446 7740 0
3446 1687 0
3446 5855 0
3446 5874 0
3446 3844 0
3446 5981 0
3446 3934 1
3446 6068 0
3446 6081 0
3446 8185 0
19835 3757 1
19835 19835 2
3454 1687 0
3454 18105 0
3454 3454 0
3307 1620 0
3307 5764 0
3307 5781 1
3307 3544 0
3307 3307 0
3307 8089 0
3307 18332 0
3307 3539 1
3464 17995 0
3464 4704 0
3464 5882 0
3464 5885 0
3464 3844 0
3464 5965 0
3464 3464 0
3464 1687 0
3464 1453 1
3464 5883 0
3469 18299 0
3469 3536 0
3469 17995 0
3469 5747 1
3469 1667 0
3469 5885 0
3469 18298 0
5521 1620 0
5521 4704 0
5521 1674 0
5521 1687 0
5521 16031 0
5521 5835 0
5521 5967 0
5521 1927 0
5521 5521 0
5521 3986 0
5521 5523 0
5521 5525 0
5521 5526 0
5521 6068 0
5521 5586 0
5521 8185 0
5523 1620 0
5523 4704 0
5523 1653 0
5523 1687 0
5523 5885 0
5523 1816 0
5523 5965 0
5523 1882 0
5523 1894 0
5523 5523 0
5523 5526 0
5523 3986 0
5523 5525 0
5523 5527 0
5523 5586 0
5523 3561 0
5523 8185 0
5525 1620 0
5525 4704 0
5525 1687 0
5525 1711 0
5525 5525 0
5525 5526 0
5525 1943 0
5525 5586 0
5526 5526 0
5526 1687 0
5526 1576 1
5526 1711 0
5526 6065 0
5526 4704 0
5526 1620 0
5526 3986 0
5527 1687 0
5527 1576 1
5527 1591 0
5527 5855 0
5527 5527 0
5527 8185 0
5540 6068 0
5540 7893 0
1453 3844 1
1453 1453 2
1453 3928 1
3533 1591 0
3533 6081 0
3533 3533 0
3534 5781 1
3535 5764 1
3535 5765 1
3535 5783 1
3535 16031 1
3535 18078 2
3535 5782 2
3535 3544 1
3535 1882 1
3535 5855 1
3535 5729 1
3535 5747 2
3535 5781 2
3536 5783 0
3536 3536 0
3536 5781 1
1489 1576 1
1489 6062 0
1489 1489 0
1489 1620 0
1489 3801 0
5586 3844 0
5586 1576 1
5586 1620 0
5586 1674 0
5586 1711 0
5586 5835 0
5586 3801 0
5586 7917 0
5586 5883 0
5586 5885 0
5586 1816 0
5586 1839 1
5586 6062 0
5586 6065 0
5586 5586 0
3539 5764 1
3539 5765 1
3539 5781 2
3539 1943 1
3539 3539 2
3539 5783 1
3539 5747 2
3544 5782 1
3544 5783 0
3544 5747 1
3561 1591 0
3561 17995 0
3561 1653 0
3561 1667 0
3561 16031 0
3561 5798 0
3561 5855 0
3561 5895 0
3561 18227 0
3561 5967 0
3561 5981 0
3561 3986 0
3561 16292 0
842 5981 0
842 1591 0
842 1603 0
842 5753 0
842 1653 0
842 5855 0
842 5874 0
842 5882 0
842 5885 0
842 12887 0
842 842 0
842 3934 1
842 1927 0
842 16292 0
842 6062 0
12887 5753 0
12887 1653 0
12887 18227 0
1576 1576 2
1576 1620 1
1576 13919 1
1576 4704 1
1576 1711 1
1576 5835 1
1576 7917 1
1576 5885 1
1576 5895 1
1576 1816 1
1576 5965 1
1576 5967 1
1576 3928 1
1576 3986 1
1576 6062 1
1591 204 1
1591 5981 0
1591 1591 0
1591 1603 0
1591 1620 0
1591 1653 0
1591 1667 0
1591 1687 0
1591 16031 0
1591 7893 0
1591 5855 0
1591 5874 0
1591 3986 0
1591 1943 0
1591 8089 0
1591 18332 0
1591 16292 0
1591 6065 0
1591 16308 0
16308 16308 0
16308 7740 0
16308 1653 0
16308 1667 0
16308 1674 0
16308 5798 0
16308 7893 0
16308 5855 0
16308 3927 0
16308 5981 0
16308 1927 0
16308 16292 0
16308 6068 0
16308 8185 0
7740 7740 0
7740 1653 0
7740 1667 0
7740 1687 0
7740 1713 0
7740 5855 0
7740 7893 0
7740 1927 0
7740 5981 0
4704 1620 0
4704 13919 0
4704 1653 0
4704 5835 0
4704 1816 0
4704 1711 0
4704 7917 0
4704 3986 0
4704 6065 0
4704 4704 0
1603 1603 0
1603 6081 0
1603 7893 0
1603 5874 0
1603 5885 0
1603 3986 0
1603 1943 0
1603 18332 0
1603 6065 0
609 9840 1
609 1943 1
609 3801 1
17995 5895 0
17995 5965 0
17995 6068 0
17995 6081 0
1620 7917 0
1620 18105 0
1620 1894 0
1620 1620 0
1620 1667 0
1620 1674 0
1620 5798 0
1620 3757 0
1620 1713 0
1620 5835 0
1620 3801 0
1620 5855 0
1620 5882 0
1620 3844 0
1620 1816 0
1620 5965 0
1620 5981 0
1620 3986 0
1620 1943 0
1620 18332 0
1620 6062 0
1620 4081 0
7768 5747 1
7774 3844 0
7774 5981 0
7774 8089 0
5729 1653 0
5729 1687 0
5729 5855 0
5729 7633 0
9840 5764 0
9840 1943 0
9840 6094 0
9840 9840 0
5747 5747 2
5747 5753 1
5747 5764 1
5747 5774 1
5747 18298 1
5747 1927 1
5747 1943 1
5747 18332 1
5747 16292 1
5747 6094 1
1653 1653 0
1653 1674 0
1653 1943 0
1653 1944 0
1653 5882 0
1653 20226 0
1653 3927 0
1653 3986 0
1653 5753 0
1653 5764 0
1653 5835 0
1653 5855 0
1653 6065 0
1653 6068 0
1653 16031 0
1653 7893 0
1653 16292 0
5753 5753 0
5753 1687 0
5753 5885 0
5753 8016 0
5753 3934 1
5753 8089 0
5759 5981 0
5759 5759 0
5759 5764 0
5759 18078 1
5759 1943 0
5759 18332 0
1667 3757 0
1667 5981 0
1667 18227 0
1667 1667 0
1667 7893 0
1667 3986 0
1667 18332 0
1667 16292 0
1667 6062 0
1667 6065 0
1667 8185 0
5764 1943 0
5764 18078 1
5765 5765 0
1674 1159 0
1674 1674 0
1674 1687 0
1674 3927 0
1674 1882 0
1674 1927 0
1674 3986 0
5774 5774 0
5781 18332 1
5782 20226 1
5782 5783 1
5782 7633 1
1687 5981 0
1687 1159 0
1687 1687 0
1687 1710 1
1687 5855 0
1687 5882 0
1687 3934 1
1687 1894 0
1687 4051 0
18078 18332 1
16031 16031 0
16031 8016 0
16031 3927 0
16031 5981 0
16031 3934 1
16031 3986 0
16031 1943 0
16031 8185 0
5798 7893 0
5798 5895 0
5798 1816 0
5798 3986 0
5798 1943 0
5798 6065 0
3757 5855 0
3757 1927 0
3757 3986 0
1710 1711 1
1711 7917 0
1711 6062 0
1711 1711 0
1713 1713 0
18105 3986 0
18105 18105 0
5835 5981 0
5835 5835 0
5835 5882 0
5835 5883 0
5835 5885 0
7893 7893 0
7893 5855 0
7893 3927 0
7893 5981 0
7893 1927 0
7893 6068 0
7893 6094 0
7893 4081 0
7893 8185 0
3801 7917 0
3801 1882 0
5855 5855 0
5855 5874 0
5855 5965 0
5855 5981 0
5855 1894 0
5855 1927 0
5855 8089 0
5855 6068 0
5855 6081 0
5855 8185 0
7917 7917 0
7917 3986 0
5874 5874 0
5874 7633 0
5882 204 1
5882 5882 0
5882 5883 0
5882 5885 0
5882 20226 0
5882 5965 0
5882 5981 0
5882 1927 0
5883 204 1
5883 5883 0
5883 5981 0
5885 1894 0
5885 5885 0
5885 8016 0
5885 5981 0
5885 3986 0
5885 8089 0
5885 6068 0
5885 8185 0
20226 20226 0
20226 3986 0
20226 5981 0
20226 6094 0
20226 4081 0
3844 3844 0
3844 1882 0
3844 3986 0
3844 5981 0
5895 5895 0
5895 7633 0
5895 4081 0
1816 1816 0
1816 6062 0
1839 1839 2
18227 18332 0
18227 1944 0
18227 4081 0
3903 3903 0
5965 3986 0
5965 6081 0
5967 6062 0
5967 5967 0
5967 8185 0
8016 8016 0
8016 5981 0
8016 3934 1
8016 3986 0
8016 1943 0
3927 3927 0
3927 3986 0
3927 1943 0
3927 6065 0
1882 6062 0
1882 1882 0
5981 1894 0
5981 1943 0
5981 3934 1
5981 3986 0
5981 5981 0
5981 6065 0
5981 6068 0
5981 8089 0
5981 8185 0
3934 3934 2
3934 3939 1
3934 8089 1
3934 6062 1
3934 8185 1
3939 1943 0
3939 18299 0
1894 1894 0
7633 7633 0
7633 6081 0
7633 4081 0
18298 18298 0
18298 18299 0
18299 18299 0
1927 3986 0
1927 1943 0
1927 6065 0
3986 3986 0
3986 4081 0
3986 6068 0
3986 6081 0
3986 16292 0
3986 8089 0
3986 8185 0
1943 1159 0
1943 1943 0
1943 6068 0
1943 6081 0
1943 8185 0
8089 8089 0
18332 204 1
18332 6068 0
18332 6081 0
18332 4081 0
18332 8185 0
16292 16292 0
6065 6065 0
6065 6068 0
6065 6081 0
6065 8185 0
6068 6068 0
6068 6081 0
6068 4081 0
6081 1159 0
6081 6081 0
6081 8185 0
6094 6094 0
4051 4051 0
4081 1159 0
4081 4081 0
8185 8185 0
1159 1159 0
