5761 5761 2
5761 4524 1
5761 3594 1
5761 5389 1
5761 2604 1
5761 864 1
5890 1136 1
5890 5521 1
5890 338 1
5890 5523 1
3972 3972 0
3972 3875 1
3972 21518 1
4102 4102 0
4102 2059 1
4102 287 0
4102 1927 0
4102 5521 0
4102 4571 1
1927 2059 1
1927 338 0
1927 4524 0
1927 827 0
1927 5521 0
1927 8782 1
1927 1506 1
1927 3594 0
4524 2059 1
4524 4524 0
4524 13205 1
4524 3471 0
3594 2059 1
3594 2355 0
3594 5523 0
2059 2059 2
2059 287 1
2059 2355 1
2059 408 1
2059 2604 1
2059 743 1
2059 827 1
2059 864 1
2059 1023 1
2059 5389 1
2059 3469 1
2059 5521 1
2059 5523 1
2059 15814 1
3469 4571 1
3469 864 0
3470 21518 1
3470 3471 0
3470 152 1
3470 3993 1
3470 3470 0
3470 2145 1
3470 741 1
3471 3471 0
3471 2145 1
3471 741 1
5521 338 0
5521 5521 0
5521 5523 0
5523 5523 0
1684 152 1
1684 1684 0
1684 741 1
13205 864 1
13205 15814 1
13205 827 1
408 3875 1
3993 19290 1
3993 1136 1
3993 338 1
3993 4510 1
1691 287 0
1691 8782 1
1691 110 1
19290 152 1
19290 19290 0
4510 152 1
287 287 0
287 827 0
287 864 0
287 2252 0
287 5389 0
287 21518 1
1570 152 1
1570 3875 1
3875 3875 2
2604 338 0
2604 2604 0
2604 827 0
2355 2355 0
2355 15814 0
2355 8782 1
827 827 0
2243 1055 1
2243 110 1
2243 2243 0
2243 2245 0
2243 1506 1
2245 1055 1
2245 2245 0
2245 1506 1
2252 2252 0
2252 1506 1
2252 110 1
8782 110 2
8782 79 1
5389 5389 0
338 2145 1
338 338 0
152 152 2
152 1023 1
79 110 1
864 864 0
2145 1136 1
741 743 1
741 1136 1
743 743 0
