2048 2048 0
2048 16388 0
2048 6165 0
2048 8254 0
2048 6225 0
2048 237 0
2048 2338 0
2048 4409 0
2048 2600 0
2048 2712 0
2048 2718 0
2048 8867 0
2048 4825 0
2048 8934 0
2048 760 0
2048 8977 0
2048 861 0
2048 9153 0
2048 13355 0
2048 3141 0
2048 13512 1
2048 3283 1
2048 1259 0
2048 3426 0
2048 1388 0
2048 1824 0
2048 15873 0
2048 1680 0
2048 1687 0
2048 3782 0
2048 1741 0
2048 3802 0
2048 8503 0
2048 3927 0
2048 5981 0
2048 5994 0
2048 3986 0
15873 8254 0
15873 1653 0
15873 1680 0
15873 7851 0
15873 3283 1
15873 5980 0
15873 5981 0
15873 3426 0
15873 3461 1
15873 3986 0
15873 7165 0
1538 4551 1
1538 4550 1
1538 6225 1
1538 1197 1
3243 5523 1
3243 18332 1
3243 2338 1
3243 3242 2
3243 3243 2
3243 1224 1
3243 3036 1
3243 1004 1
16388 6165 0
16388 10286 0
16388 8254 0
16388 1388 0
16388 237 0
16388 238 0
16388 6573 0
16388 2600 0
16388 2718 0
16388 6828 0
16388 8934 0
16388 4988 0
16388 9153 0
16388 861 0
16388 3141 0
16388 7301 0
16388 13512 1
16388 3283 1
16388 5365 0
16388 5367 0
16388 6403 0
16388 1653 0
16388 7851 0
16388 3782 0
16388 3802 0
16388 8024 0
16388 3986 0
16388 18332 0
16388 16295 0
16388 8185 0
1546 1546 0
1546 1653 0
1546 7301 0
1546 13512 1
1546 5855 0
1546 1259 0
1546 5882 0
1546 5469 0
1546 3461 1
1546 3986 0
6165 6165 0
6165 2338 0
6165 8256 0
6165 4524 0
6165 4555 0
6165 2600 0
6165 2703 0
6165 659 0
6165 2712 0
6165 2718 0
6165 672 0
6165 6828 0
6165 760 0
6165 861 0
6165 13200 0
6165 3141 0
6165 13512 1
6165 3283 1
6165 1259 0
6165 5365 0
6165 5422 0
6165 3426 0
6165 1388 0
6165 7740 0
6165 7774 0
6165 1680 0
6165 7851 0
6165 3802 0
6165 5855 0
6165 1824 0
6165 5980 0
6165 5981 0
6165 1927 0
6165 3986 0
6165 18332 0
6165 8867 0
6165 7165 0
6165 8185 0
6180 6180 0
6180 1160 0
6180 1687 0
6180 158 1
6180 4524 0
6180 301 0
6180 2718 0
6180 5432 0
6180 4550 0
6180 4551 0
6180 1741 0
6180 3283 1
6180 5994 0
2600 10286 0
2600 8254 0
2600 8283 1
2600 1388 0
2600 3782 0
2600 237 0
2600 238 0
2600 2338 0
2600 4409 0
2600 6573 0
2600 8867 0
2600 8977 0
2600 866 0
2600 13355 0
2600 861 0
2600 13512 1
2600 3426 0
2600 1653 0
2600 7851 0
2600 1741 0
2600 5855 0
2600 5981 0
2600 3986 0
2600 18332 0
13355 6225 0
13355 4409 0
13355 2470 0
13355 8629 0
13355 2501 0
13355 8977 0
13355 659 0
13355 4825 0
13355 4988 0
13355 9153 0
13355 17460 0
13355 3141 0
13355 3283 1
13355 7380 0
13355 5365 0
13355 5367 0
13355 5569 0
13355 15947 0
13355 15843 1
13355 16295 0
13355 7740 0
13355 1653 0
13355 3802 0
13355 5855 0
13355 1824 0
13355 1927 0
10286 8254 0
10286 1388 0
10286 8503 0
10286 12650 0
10286 6573 0
10286 8934 0
10286 8958 0
10286 7301 0
10286 3283 1
10286 5372 0
10286 6403 0
10286 7851 0
10286 3782 0
10286 18141 1
10286 5855 0
10286 3986 0
10286 16295 0
5469 117 0
5469 4300 0
5469 301 0
5469 4409 0
5469 5523 0
5469 4524 0
5469 1927 0
5469 2338 0
5469 4694 0
5469 2718 0
5469 843 0
5469 861 0
5469 866 0
5469 869 0
5469 3036 0
5469 3927 0
5469 5981 0
5469 1160 0
5469 1170 0
5469 13512 1
5469 1882 1
5469 1259 0
5469 5372 0
5469 5432 0
5469 5469 0
5469 1674 0
5469 1680 0
5469 1687 0
5469 1741 0
5469 5855 0
5469 8024 0
5469 5980 0
5469 3986 0
3122 3535 1
17460 1158 0
17460 3354 0
17460 301 0
17460 5422 0
17460 8629 0
17460 3141 0
17460 3283 1
17460 5855 0
17460 15843 1
17460 1259 0
7740 861 0
7740 7740 0
7740 3141 0
7740 2133 1
7740 1653 0
7740 1160 0
7740 1680 0
7740 1687 0
7740 6828 0
7740 3283 1
7740 3802 0
7740 5855 0
7740 8934 0
7740 5365 0
7740 5367 0
7740 4409 0
7740 8024 0
7740 1927 0
7740 5981 0
7740 16295 0
7740 1004 0
8254 5981 0
8254 869 0
8254 1170 0
8254 7851 0
8254 3782 0
8254 1741 0
8254 3283 1
8254 3802 0
8254 7380 0
8254 13512 1
8254 2338 0
8254 4409 0
8254 3426 0
8254 1388 0
8254 3986 0
8254 18332 0
8254 6573 0
8254 4550 0
8254 8185 0
8254 3043 0
8254 3801 0
8629 3354 0
8629 2459 0
8629 4409 0
8629 3283 1
8629 3802 0
8629 15843 1
8629 117 0
8629 5882 0
8629 6653 0
8256 3461 1
8256 3354 0
8256 4524 0
8256 13512 1
8256 5855 0
8256 760 0
3141 5981 0
3141 3141 0
3141 1653 0
3141 1680 0
3141 2712 0
3141 2718 0
3141 3802 0
3141 5855 0
3141 3354 0
3141 5427 1
3141 8507 0
3141 1882 1
3141 861 0
3141 3426 0
3141 5994 0
3141 3986 0
3141 5490 1
3141 6561 0
3141 2472 0
3141 16073 0
3141 15947 0
3141 3533 0
3141 18332 0
3141 3036 0
6728 6225 0
6728 3801 0
6728 8934 0
6728 8958 0
6728 768 0
6728 1882 1
6728 5981 0
6728 6728 0
6728 2044 1
15947 3986 0
15947 13512 1
15947 18332 0
15947 5981 0
15947 15947 0
15947 3283 1
15947 3927 0
15947 861 0
3426 237 0
3426 238 0
3426 2338 0
3426 4409 0
3426 2459 0
3426 2470 0
3426 4550 0
3426 4551 0
3426 2472 0
3426 6653 0
3426 2703 0
3426 659 0
3426 2712 0
3426 2718 0
3426 672 0
3426 8867 0
3426 760 0
3426 8977 0
3426 861 0
3426 866 0
3426 4988 0
3426 1004 0
3426 3283 1
3426 1259 0
3426 3426 0
3426 1388 0
3426 3461 1
3426 5981 0
3426 1680 0
3426 1687 0
3426 3782 0
3426 3802 0
3426 1824 0
3426 5980 0
3426 1927 0
3426 3986 0
6225 6225 0
6225 237 0
6225 2718 0
6225 8977 0
6225 4988 0
6225 866 0
6225 1197 0
6225 13512 1
6225 1388 0
6225 1653 0
6225 7851 0
6225 3782 0
6225 1741 0
6225 3802 0
6225 5855 0
6225 8024 0
6225 3986 0
2132 4524 0
2132 1197 0
2132 861 0
2132 5432 0
2132 2269 1
2132 16357 1
2133 6828 1
2133 1687 1
2133 1957 1
2133 4524 1
2133 5432 1
2133 2501 1
2133 4550 1
2133 4551 1
2133 16357 2
2133 2044 2
4694 4694 0
4694 8283 1
4694 1674 0
4694 1170 0
4694 6828 0
4694 1741 0
4694 1259 0
4694 2338 0
4694 861 0
4694 866 0
4694 869 0
4694 3986 0
4694 4550 0
4694 3036 0
4694 15837 1
4694 5523 0
8283 8977 1
8283 3533 1
8283 13404 1
8283 10223 1
8283 1653 1
13404 8977 0
13404 5427 1
7774 2703 0
7774 13512 1
7774 1259 0
7774 3283 1
7774 5981 0
7774 7165 0
627 3354 0
627 13512 1
627 1882 1
7284 7284 0
7284 1653 0
7284 1687 0
7284 2501 0
7284 1741 0
7284 7380 0
7284 4825 0
7284 5855 0
7284 2338 0
7284 5422 0
7284 15843 1
7284 861 0
7284 866 0
7284 5994 0
7284 3986 0
7284 3043 0
7284 16357 1
1653 117 0
1653 237 0
1653 8977 0
1653 861 0
1653 869 0
1653 1160 0
1653 1197 0
1653 1259 0
1653 1388 0
1653 1653 0
1653 1674 0
1653 1944 0
1653 2044 1
1653 2338 0
1653 2501 0
1653 5882 0
1653 3802 0
1653 3927 0
1653 3986 0
1653 4409 0
1653 4825 0
1653 13512 1
1653 5367 0
1653 5523 0
1653 5855 0
1653 6403 0
1653 6561 0
1653 7165 0
1653 7301 0
1653 7380 0
1653 7851 0
5994 117 0
5994 2338 0
5994 8503 0
5994 8507 0
5994 6828 0
5994 8958 0
5994 861 0
5994 3043 0
5994 1158 0
5994 1160 0
5994 1224 0
5994 3283 1
5994 5427 1
5994 1388 0
5994 3461 1
5994 1687 0
5994 3782 0
5994 1741 0
5994 5855 0
5994 301 0
5994 3927 0
5994 5994 0
5994 1957 0
5994 8185 0
5994 2044 1
2470 861 0
2470 8867 0
2470 13512 1
2470 16073 0
2470 5981 0
2470 3461 1
2470 3986 0
2470 2472 0
7301 13512 1
7301 7301 0
7301 1388 0
7301 7851 0
7301 6828 0
7301 3782 0
7301 8934 0
7301 8958 0
7301 6403 0
7301 8024 0
7301 861 0
7301 4988 0
7301 3986 0
7301 6573 0
7301 16357 1
7301 16295 0
1158 1197 0
1158 1158 0
1158 1160 0
1158 1687 0
1158 2501 0
1158 6828 0
1158 4825 0
1158 2269 1
1158 5855 0
1158 5365 0
1158 5427 1
1158 8503 0
1158 4409 0
1158 4524 0
1158 1259 0
1158 3043 0
9153 3986 0
9153 16295 0
9153 3047 1
9153 3283 1
1160 117 0
1160 301 0
1160 8503 0
1160 2501 0
1160 4550 0
1160 4551 0
1160 6828 0
1160 4825 0
1160 8934 0
1160 843 0
1160 866 0
1160 3043 0
1160 861 0
1160 1160 0
1160 1259 0
1160 5365 0
1160 5367 0
1160 3354 0
1160 5427 1
1160 4409 0
1160 1388 0
1160 5523 0
1160 1957 0
1160 1687 0
1160 1741 0
1160 5855 0
1160 5432 0
1160 3927 0
1160 1882 1
1160 8185 0
1160 2044 1
1674 1674 0
1674 1687 0
1674 4551 0
1674 3283 1
1674 861 0
1674 2338 0
1674 3927 0
1674 1882 1
1674 1927 0
1674 3986 0
1674 4550 0
1674 7165 0
7165 4524 0
7165 760 0
7165 1004 0
7165 7165 0
7165 1197 0
7165 1224 0
7165 13512 1
7165 1259 0
7165 5427 1
7165 5432 0
7165 1680 0
7165 1687 0
7165 3354 0
7165 5855 0
7165 5981 0
7165 2718 0
2703 301 0
2703 2703 0
2703 2712 0
2703 2718 0
2703 8867 0
2703 843 0
2703 869 0
2703 13200 0
2703 13512 1
2703 5427 1
2703 3461 1
2703 3533 0
2703 7851 0
2703 5855 0
2703 5882 0
2703 3927 0
2703 3986 0
2703 18332 0
2703 1957 0
1680 2338 0
1680 8507 0
1680 2501 0
1680 2712 0
1680 2718 0
1680 8867 0
1680 861 0
1680 13512 1
1680 3283 1
1680 5372 0
1680 5569 0
1680 3533 0
1680 3782 0
1680 3802 0
1680 3986 0
1680 18332 0
1170 4300 0
1170 2338 0
1170 4524 0
1170 4555 0
1170 2712 0
1170 8867 0
1170 3283 1
1170 3354 0
1170 5432 0
1170 1388 0
1170 3801 0
1170 5855 0
1170 1882 1
1170 5981 0
1170 1927 0
1170 3986 0
1170 2044 1
659 659 0
659 2712 0
659 13512 1
659 5855 0
659 5365 0
659 5882 0
659 2338 0
659 861 0
659 3461 1
659 3986 0
659 18332 0
659 4524 0
659 4550 0
659 4551 0
659 760 0
1687 117 0
1687 4300 0
1687 2338 0
1687 301 0
1687 8503 0
1687 4550 0
1687 4555 0
1687 8977 0
1687 843 0
1687 861 0
1687 866 0
1687 869 0
1687 3043 0
1687 5981 0
1687 1197 0
1687 1259 0
1687 5365 0
1687 5367 0
1687 3354 0
1687 5427 1
1687 5432 0
1687 5490 1
1687 5523 0
1687 1687 0
1687 1741 0
1687 5855 0
1687 5882 0
1687 4409 0
1687 1957 0
1687 16357 1
2712 7851 0
2712 4825 0
2712 2338 0
2712 2501 0
2712 4555 0
2712 2712 0
2712 2718 0
2712 8867 0
2712 843 0
2712 861 0
2712 13200 0
2712 3036 0
2712 3043 0
2712 13512 1
2712 1259 0
2712 3354 0
2712 5432 0
2712 3461 1
2712 3533 0
2712 1741 0
2712 3802 0
2712 5855 0
2712 5882 0
2712 1883 0
2712 5980 0
2712 5981 0
2712 3986 0
2712 18332 0
158 6561 1
158 1741 1
158 301 1
158 2044 2
672 672 0
672 1741 0
672 18141 1
672 5882 0
672 301 0
672 3461 1
8867 2338 0
8867 301 0
8867 6561 0
8867 8867 0
8867 861 0
8867 3043 0
8867 3283 1
8867 1388 0
8867 3461 1
8867 7851 0
8867 1741 0
8867 3802 0
8867 1824 0
8867 3986 0
8867 18332 0
8867 8185 0
3242 1004 1
3242 5523 1
3242 8958 1
7851 1388 0
7851 237 0
7851 8475 0
7851 2338 0
7851 6573 0
7851 8934 0
7851 861 0
7851 13512 1
7851 7851 0
7851 3782 0
7851 1741 0
7851 3802 0
7851 1824 0
7851 6403 0
7851 8024 0
7851 3986 0
7851 18332 0
7851 16295 0
7851 2044 1
6828 6828 0
6828 1741 0
6828 301 0
6828 5422 0
6828 5855 0
6828 4988 0
6828 3043 0
6828 2044 1
1197 4551 0
1197 1197 0
1197 1224 0
1197 1741 0
1197 5855 0
1197 3354 0
1197 2338 0
1197 301 0
1197 5432 0
1197 1882 1
1197 1927 0
1197 1957 0
1197 4550 0
1197 4555 0
1197 3043 0
1197 5523 0
1224 1224 0
1224 1741 0
1224 3533 0
1224 5855 0
1224 1259 0
1224 13512 1
1224 861 0
1224 866 0
1224 869 0
1224 3986 0
1224 5569 0
3535 2718 0
3535 1882 1
3535 5855 0
117 6653 0
117 117 0
117 1741 0
117 3283 1
117 3802 0
117 5855 0
117 1259 0
117 5882 0
117 5432 0
117 4409 0
117 15843 1
117 3927 0
117 8024 0
117 861 0
117 3986 0
117 2459 0
117 2501 0
117 4550 0
117 3043 0
117 4551 0
117 8185 0
3782 1388 0
3782 237 0
3782 8507 0
3782 6573 0
3782 8977 0
3782 4988 0
3782 3043 0
3782 861 0
3782 3283 1
3782 1259 0
3782 7380 0
3782 3461 1
3782 5523 0
3782 1741 0
3782 3802 0
3782 5855 0
3782 3927 0
3782 8024 0
3782 5981 0
3782 3986 0
3782 18332 0
13512 6403 1
13512 16073 1
13512 3283 2
13512 5855 1
13512 8934 1
13512 5365 1
13512 5367 1
13512 760 1
13512 5372 1
13512 8977 1
13512 17689 1
13512 13512 2
13512 4409 1
13512 3927 1
13512 8024 1
13512 5980 1
13512 1388 1
13512 4988 1
13512 8507 1
13512 2459 1
13512 6573 1
13512 4555 1
13512 8185 1
13512 16295 1
13512 6653 1
16073 3461 1
16073 3802 0
16073 5981 0
4300 5981 0
4300 4300 0
4300 1741 0
4300 768 0
4300 3802 0
4300 2338 0
4300 1882 1
4300 1885 0
4300 1259 0
4300 1927 0
4300 3986 0
4300 4555 0
4300 3533 0
4300 3036 0
4300 3801 0
4300 5523 0
4300 2044 1
1741 237 0
1741 2338 0
1741 301 0
1741 8503 0
1741 4409 0
1741 6561 0
1741 4524 0
1741 2501 0
1741 4550 0
1741 4551 0
1741 4555 0
1741 2718 0
1741 4825 0
1741 861 0
1741 866 0
1741 869 0
1741 3043 0
1741 7380 0
1741 1259 0
1741 5365 0
1741 5372 0
1741 3354 0
1741 5432 0
1741 1388 0
1741 3461 1
1741 5523 0
1741 1741 0
1741 3802 0
1741 5855 0
1741 3927 0
1741 8024 0
1741 8507 0
1741 1927 0
1741 1957 0
1741 16295 0
1741 8185 0
17869 5601 1
17869 5605 1
3283 866 1
3283 3283 2
3283 4825 1
3283 3802 1
3283 5855 1
3283 8934 1
3283 1259 1
3283 237 1
3283 238 1
3283 3354 1
3283 1824 1
3283 2338 1
3283 8503 1
3283 843 1
3283 3927 1
3283 8024 1
3283 861 1
3283 1927 1
3283 13200 1
3283 3986 1
3283 1944 1
3283 2459 1
3283 18332 1
3283 17689 1
3283 1957 1
3283 16295 1
3283 6573 1
3283 5569 1
3283 3533 1
3283 869 1
3283 8185 1
3283 6653 1
7380 7380 0
7380 4825 0
7380 16357 1
7380 5855 0
7380 5365 0
7380 5367 0
7380 5372 0
7380 5422 0
7380 15843 1
7380 4409 0
7380 861 0
7380 3986 0
7380 2501 0
7380 8185 0
4825 2718 0
4825 5365 0
4825 5367 0
4825 5372 0
4825 6403 0
4825 5422 0
4825 5432 0
4825 5855 0
4825 5981 0
4825 3986 0
4825 18332 0
4825 2501 0
4825 16357 1
3802 237 0
3802 2338 0
3802 4409 0
3802 8507 0
3802 768 0
3802 2718 0
3802 869 0
3802 4988 0
3802 3927 0
3802 861 0
3802 5432 0
3802 1388 0
3802 3461 1
3802 5569 0
3802 3533 0
3802 3802 0
3802 5855 0
3802 5981 0
3802 3986 0
3802 1957 0
2267 5432 1
2267 2269 2
2269 3043 1
2269 1957 1
2269 2269 2
5855 237 0
5855 301 0
5855 8503 0
5855 4524 0
5855 6573 0
5855 2501 0
5855 4551 0
5855 4555 0
5855 2472 0
5855 8977 0
5855 2718 0
5855 4550 0
5855 760 0
5855 861 0
5855 866 0
5855 869 0
5855 4988 0
5855 5365 0
5855 3354 0
5855 5432 0
5855 3461 1
5855 5367 0
5855 5855 0
5855 8024 0
5855 5980 0
5855 5981 0
5855 1927 0
5855 8185 0
8934 5367 0
8934 6403 0
8934 3927 0
8934 1388 0
8934 3986 0
8934 6573 0
8934 3533 0
8934 16295 0
1259 301 0
1259 4524 0
1259 4555 0
1259 843 0
1259 861 0
1259 5365 0
1259 3354 0
1259 5422 0
1259 5432 0
1259 1388 0
1259 5882 0
1259 3927 0
1259 1882 1
1259 3986 0
1259 2044 1
237 8977 0
237 18332 0
237 2718 0
237 237 0
237 238 0
237 5882 0
237 2338 0
237 1388 0
237 3986 0
237 4988 0
237 3461 1
237 8507 0
238 1388 0
238 8977 0
238 2338 0
238 1883 0
238 3986 0
238 3461 1
238 18332 0
5365 3354 0
5365 5365 0
5365 5367 0
5365 5432 0
5365 4409 0
5365 301 0
5365 3927 0
5365 8507 0
5365 3986 0
5365 5523 0
5365 18332 0
5365 2501 0
5365 15843 1
5365 5372 0
5365 8185 0
5367 5367 0
5367 3354 0
5367 2338 0
5367 301 0
5367 5422 0
5367 5432 0
5367 4409 0
5367 15843 1
5367 3927 0
5367 3986 0
5367 1957 0
5367 2501 0
5367 3043 0
5367 5372 0
5367 8185 0
760 861 0
760 1824 0
760 843 0
760 5981 0
760 3461 1
760 3986 0
760 18332 0
760 4555 0
5882 6561 0
5882 4555 0
5882 2718 0
5882 3043 0
5882 869 0
5882 5427 1
5882 3461 1
5882 5882 0
5882 5980 0
5882 5981 0
5882 1927 0
5372 15843 1
5372 301 0
5372 3043 0
5372 1957 0
5372 2501 0
8958 18141 1
8958 8958 0
8958 8503 0
768 5427 1
768 3801 0
768 5490 1
6403 6403 0
6403 2338 0
6403 861 0
6403 1388 0
6403 3986 0
6403 16295 0
6403 6573 0
6403 2044 1
8977 861 0
8977 8977 0
8977 3986 0
3801 2338 0
3801 5432 0
3801 1882 1
3801 4551 0
3801 3036 0
3801 2044 1
17689 861 0
3354 2338 0
3354 301 0
3354 4550 0
3354 4555 0
3354 843 0
3354 861 0
3354 869 0
3354 13200 0
3354 3043 0
3354 3354 0
3354 5427 1
3354 5490 1
3354 5432 0
3354 5981 0
3354 1927 0
3354 1957 0
8475 5583 1
8475 15837 1
1824 2718 0
1824 1824 0
1824 861 0
1824 3461 1
1824 3986 0
1824 18332 0
1824 4551 0
2338 2338 0
2338 4409 0
2338 2472 0
2338 4550 0
2338 2718 0
2338 4988 0
2338 3036 0
2338 1004 0
2338 5981 0
2338 5432 0
2338 1388 0
2338 3461 1
2338 6653 0
2338 3927 0
2338 8024 0
2338 1882 1
2338 1883 0
2338 5980 0
2338 1885 0
2338 1927 0
2338 3986 0
2338 2044 1
1885 5523 0
1885 7060 1
1885 1875 1
1885 1883 0
1885 1885 0
301 301 0
301 8503 0
301 5432 0
301 3927 0
301 866 0
301 869 0
301 5490 1
301 5523 0
301 1927 0
301 6561 0
301 5981 0
301 2718 0
301 4550 0
301 4555 0
301 3043 0
301 4551 0
301 2044 1
5422 2501 0
5422 5422 0
5422 5569 0
5422 15843 1
5422 2044 1
18141 5569 1
18141 4409 1
5427 4524 1
5427 5427 2
5427 5432 1
5427 2044 2
8503 2718 0
8503 3461 1
8503 8503 0
8503 4988 0
8503 5523 0
8503 2459 0
5432 2501 0
5432 4550 0
5432 4555 0
5432 2718 0
5432 4551 0
5432 861 0
5432 5432 0
5432 5490 1
5432 5523 0
5432 3043 0
5432 5981 0
5432 1886 0
5432 2044 1
4409 4409 0
4409 4551 0
4409 4550 0
4409 861 0
4409 866 0
4409 869 0
4409 1388 0
4409 5569 0
4409 3927 0
4409 5981 0
4409 3986 0
8507 1388 0
8507 5981 0
8507 4988 0
8507 3461 1
843 5981 0
843 2718 0
843 843 0
843 1882 1
843 2501 0
3043 6561 0
3043 4550 0
3043 4551 0
3043 4555 0
3043 2718 0
3043 861 0
3043 866 0
3043 869 0
3043 3043 0
3043 1388 0
3043 3461 1
3043 5523 0
3043 5980 0
3043 5981 0
3043 1927 0
3043 1957 0
3043 2044 1
3927 3927 0
3927 3986 0
3927 2501 0
8024 861 0
8024 1388 0
8024 3986 0
1882 5523 1
1882 7060 2
1882 2718 1
1882 1875 2
1882 1882 2
1882 3036 1
1882 869 1
1882 12650 1
1883 5523 0
1883 2718 0
1883 1875 1
1883 1883 0
1883 7060 1
5980 3461 1
5980 3986 0
5980 18332 0
861 2472 0
861 4550 0
861 4551 0
861 2718 0
861 861 0
861 866 0
861 4988 0
861 1388 0
861 5569 0
861 15843 1
861 1927 0
861 3986 0
861 8185 0
1886 5523 0
1886 7060 1
1886 1875 1
1886 1886 0
1886 869 0
866 2718 0
866 5569 0
866 866 0
866 869 0
866 2501 0
866 2044 1
869 5569 0
869 2718 0
869 869 0
869 5523 0
869 8185 0
12650 5583 1
12650 1004 0
1388 1388 0
1388 6573 0
1388 4988 0
1388 3461 1
1388 5981 0
1388 3986 0
1388 18332 0
1388 16295 0
5490 5490 2
4988 2718 0
4988 3461 1
4988 3533 0
3461 2718 1
3461 5981 1
3461 3461 2
3461 1927 1
3461 13200 1
3461 3986 1
3461 2472 1
3461 4550 1
3461 4551 1
3461 4555 1
1927 4524 0
1927 2718 0
1927 3986 0
5605 5601 2
13200 5981 0
13200 13200 0
13200 3986 0
3986 10223 0
3986 2472 0
3986 2501 0
3986 2718 0
3986 3986 0
3986 4550 0
3986 4551 0
3986 5523 0
3986 5569 0
3986 5981 0
3986 16295 0
3986 8185 0
5523 4555 0
5523 2718 0
5523 3036 0
5523 5523 0
5523 4551 0
5523 2501 0
5523 4550 0
5523 16357 1
5523 8185 0
1944 15837 1
2459 2459 0
2459 5981 0
2459 6653 0
18332 2472 0
18332 2718 0
18332 1004 0
18332 8185 0
6561 2501 0
6561 2044 1
1957 4555 0
1957 1957 0
1957 4524 0
1957 4550 0
1957 4551 0
1957 1004 0
5981 1004 0
5981 2472 0
5981 5601 1
5981 5981 0
5981 8185 0
16295 6573 0
2472 15837 1
4524 4524 0
4524 2718 0
2718 4550 0
2718 5569 0
2718 2718 0
2718 2501 0
2718 3036 0
2718 3533 0
5569 5569 0
2501 2501 0
2501 16357 1
4550 4550 0
4550 4551 0
4550 4555 0
4550 3036 0
4550 2044 1
4551 4555 0
4551 4551 0
4551 3036 0
4555 4555 0
4555 6653 0
3533 3533 0
3036 3036 0
15837 10223 1
2027 2027 2
1004 1004 0
8185 8185 0
