4301 4664 1
4301 1613 0
4301 4185 0
4301 6755 0
4301 8467 0
4301 2709 0
4301 8867 0
4301 4295 1
4301 4300 0
4301 1741 0
4301 729 0
4301 6779 0
4301 3986 0
4301 3561 0
4301 1620 0
1667 18227 1
1667 1620 0
1667 6755 0
1667 8812 1
1667 1667 0
1667 1741 0
1667 1259 0
1667 8467 0
1667 3986 0
1667 5045 0
1667 5051 0
1667 8867 0
1667 3561 0
5251 5251 2
5251 12871 1
5251 10184 1
13249 13249 0
13249 4664 1
13249 4295 1
17474 1807 0
17474 1808 0
17474 1810 0
17474 531 1
17474 1818 1
17474 1819 0
17474 1820 0
17474 10779 0
17474 15453 0
17474 2104 0
17474 17474 0
17474 10936 0
17474 4956 0
17474 5854 0
17474 3561 0
17474 5994 0
1807 531 1
1807 10779 0
1807 15453 0
1807 2718 0
1807 168 0
1807 10936 0
1807 4300 0
1807 5854 0
1807 1259 0
1807 1807 0
1807 1808 0
1807 1810 0
1807 1818 1
1807 1819 0
1807 1820 0
1807 2104 0
1807 4956 0
1807 453 0
1808 1810 0
1808 531 1
1808 15453 0
1808 1818 1
1808 1819 0
1808 1820 0
1808 2718 0
1808 10779 0
1808 5854 0
1808 2104 0
1808 5855 0
1808 10936 0
1808 4956 0
1808 1259 0
1701 1701 0
1701 1612 1
1701 1613 0
1701 7496 0
1701 4664 1
1701 729 0
1701 2718 0
1810 531 1
1810 1818 1
1810 10779 0
1810 1820 0
1810 1819 0
1810 15453 0
1810 10936 0
1810 2104 0
1810 4956 0
1810 5854 0
531 531 2
531 10779 1
531 6181 1
531 2104 1
531 5707 1
531 1620 1
531 15453 1
531 2718 1
531 10936 1
531 705 1
531 5854 1
531 1818 2
531 1819 1
531 1820 1
531 4956 1
531 5994 1
531 951 1
531 5051 1
531 453 1
531 5855 1
2709 168 0
2709 8467 0
2709 4664 1
2709 2709 0
2709 2718 0
2709 705 0
2709 729 0
2709 4956 0
2709 3561 0
2709 1620 0
2709 5855 0
2709 18227 1
2709 3986 0
4185 4664 1
4185 1620 0
4185 4185 0
4185 6779 0
4185 2718 0
4185 4295 1
4185 4300 0
4185 729 0
4185 7482 0
4185 7496 0
4185 3986 0
3225 4664 1
3225 3225 0
3225 2718 0
3225 8867 0
3225 4295 1
3225 4300 0
3225 1741 0
3225 729 0
1818 10779 1
1818 4956 1
1818 10936 1
1818 2104 1
1818 1819 1
1818 1820 1
1818 15453 1
1818 5854 1
10779 1820 0
10779 1819 0
10779 6181 0
10779 15453 0
10779 10936 0
10779 2104 0
10779 4956 0
10779 5854 0
1820 15453 0
1820 1819 0
1820 1820 0
1820 5854 0
1820 2104 0
1820 10936 0
1820 4956 0
1820 1259 0
2718 168 0
2718 8467 0
2718 4664 1
2718 6755 0
2718 2718 0
2718 5045 0
2718 453 0
2718 1620 0
2718 1741 0
2718 5855 0
2718 3986 0
6176 1259 1
6176 5855 1
19234 8812 1
19234 18227 1
19234 10184 0
1819 15453 0
1819 10936 0
1819 2104 0
1819 4956 0
1819 5854 0
6181 13421 1
6181 5854 0
168 8898 0
168 168 0
168 4295 1
168 4300 0
168 4664 1
168 1259 0
168 1620 0
168 1741 0
12871 10184 0
12871 18227 1
10184 10184 0
10184 18227 1
10184 1620 0
18227 5707 1
18227 8467 1
18227 3561 1
5045 4664 1
5045 4295 1
5045 1741 0
5045 5051 0
951 8812 1
951 5051 0
4664 4664 2
4664 5180 1
4664 6755 1
4664 5994 1
4664 4295 2
4664 705 1
4664 4300 1
4664 1741 1
4664 729 1
4664 5855 1
4664 6779 1
4664 1259 1
4664 7482 1
4664 6118 1
4664 7496 1
4664 5051 1
4664 8898 1
7482 4295 1
5051 5855 0
5051 5051 0
5180 5180 0
5180 5707 0
5180 1612 1
5180 1613 0
5180 1259 0
5854 3986 0
5854 4956 0
5854 15453 0
5854 2104 0
5854 10936 0
705 8898 0
705 705 0
705 5855 0
705 1259 0
705 6118 0
8898 4295 1
453 1620 0
453 4295 1
453 5855 0
453 4956 0
453 453 0
4295 7496 1
4295 1741 1
4295 1613 1
4295 8867 1
4295 729 1
4295 6755 1
4295 6118 1
4295 3986 1
4295 4300 1
4295 6779 1
7496 8867 0
7496 1741 0
7496 7496 0
7496 1259 0
7496 3986 0
4300 1613 0
4300 1620 0
4300 6755 0
4300 4300 0
4300 1741 0
4300 729 0
4300 1259 0
4300 3986 0
5707 5707 0
1612 8867 1
1612 1612 2
1612 1613 1
1612 1620 1
1612 2542 1
1613 1613 0
1613 6779 0
1741 6779 0
1741 8867 0
1741 1259 0
1741 1620 0
1741 1741 0
1741 5855 0
1741 5994 0
10936 2104 0
10936 15453 0
8867 6755 0
8867 8867 0
8867 729 0
8867 1620 0
8867 3986 0
1620 6755 0
1620 6779 0
1620 729 0
1620 4956 0
1620 1259 0
1620 1620 0
1620 5855 0
1620 3986 0
2104 4956 0
2104 15453 0
729 729 0
729 1259 0
729 6779 0
729 3986 0
4956 4956 0
4956 15453 0
4956 3561 0
4956 5855 0
4956 3986 0
15453 15453 0
1759 8467 1
5855 6755 0
5855 3561 0
5855 5855 0
5855 5994 0
6755 6755 0
6755 6779 0
3561 8812 1
3561 1259 0
3561 3986 0
5994 8467 0
5994 5994 0
1259 8467 0
1259 3986 0
8812 2542 1
8812 3986 1
8812 8467 1
3986 3986 0
8467 8467 0
