4100 4100 0
4100 1620 0
4100 4196 0
4100 7317 0
4100 2718 0
4100 168 1
4100 1221 0
4100 1223 0
4100 1741 0
4100 4339 0
4100 3353 0
4100 287 0
4100 1830 1
4100 861 0
6828 4681 0
6828 7243 0
6828 5994 0
6828 168 1
6828 6828 0
6828 1221 0
6828 1742 0
6828 1741 0
6828 735 1
6828 301 0
6828 5434 0
6828 4463 0
6828 5016 0
6828 2499 0
6828 2524 0
1197 537 0
1197 1620 0
1197 168 1
1197 1197 0
1197 1221 0
1197 1223 0
1197 1741 0
1197 4867 1
1197 729 0
1197 301 0
1197 5432 0
1197 20505 0
1197 7084 0
1197 4555 0
537 537 0
537 4664 1
537 2709 0
537 2712 0
537 669 0
537 15774 0
537 301 0
537 8025 1
537 5981 0
537 5994 0
2594 168 1
2594 4319 0
2594 4353 1
2594 270 0
2594 287 0
2594 4458 0
2594 2594 0
2594 2709 0
2594 2718 0
2594 2722 0
2594 861 0
2594 5016 0
2594 5243 0
2594 1221 0
2594 1223 0
2594 1259 0
2594 1741 0
2594 5994 0
2594 2712 0
2594 3986 0
2594 18332 0
1065 1065 2
1065 5432 1
1065 1365 1
1065 1622 1
1065 5434 1
1065 5747 1
13355 4353 1
13355 287 0
13355 4463 0
13355 1221 0
13355 1223 0
13355 3757 0
13355 1824 0
13355 8025 1
13356 8287 0
13356 2712 0
13356 168 1
13356 8025 1
5981 8287 0
5981 168 1
5981 270 0
5981 301 0
5981 669 0
5981 729 0
5981 735 1
5981 1221 0
5981 1223 0
5981 1620 0
5981 1742 0
5981 2524 0
5981 2709 0
5981 2712 0
5981 2722 0
5981 3844 0
5981 3986 0
5981 4300 0
5981 4339 0
5981 4458 0
5981 4664 1
5981 21322 0
5981 13406 0
5981 5432 0
5981 5469 0
5981 5981 0
5981 6035 0
5981 6792 0
5981 7275 0
5981 7317 0
4664 7084 1
4664 4664 2
4664 4681 1
4664 1622 1
4664 8287 1
4664 7275 1
4664 5243 1
4664 5994 1
4664 2709 1
4664 2712 1
4664 669 1
4664 2718 1
4664 2722 1
4664 168 2
4664 169 1
4664 4295 1
4664 3757 1
4664 15612 1
4664 1221 1
4664 1223 1
4664 4296 1
4664 4300 1
4664 1741 1
4664 729 1
4664 1259 1
4664 3844 1
4664 270 1
4664 4485 1
4664 1824 1
4664 1831 2
4664 301 1
4664 4319 1
4664 21322 1
4664 2382 1
4664 8025 2
4664 4458 1
4664 4463 1
4664 20204 1
4664 4491 1
4664 6035 1
4664 5016 1
4664 20505 1
4664 4542 1
4664 4546 1
4664 8898 1
4664 2524 1
4681 4681 0
4681 1620 0
4681 8287 0
4681 2718 0
4681 2722 0
4681 4300 0
4681 729 0
4681 4339 0
4681 4867 1
4681 287 0
4681 2382 0
4681 5469 0
4681 4463 0
4681 3986 0
7243 7243 0
7243 168 1
7243 1741 0
7243 1742 0
7243 735 1
7243 301 0
7243 5016 0
7243 4555 0
7243 5994 0
1620 168 1
1620 169 0
1620 4296 0
1620 4300 0
1620 287 0
1620 2340 0
1620 4546 0
1620 2499 0
1620 4555 0
1620 2709 0
1620 2712 0
1620 669 0
1620 2718 0
1620 2722 0
1620 729 0
1620 4867 1
1620 8287 0
1620 7275 0
1620 5243 0
1620 7317 0
1620 1221 0
1620 1259 0
1620 5432 0
1620 1365 0
1620 5469 0
1620 4339 0
1620 1620 0
1620 1622 0
1620 3757 0
1620 1741 0
1620 3844 0
1620 301 0
1620 6792 0
1620 3986 0
1620 18332 0
1622 4867 1
1622 1221 0
1622 1223 0
1622 5432 0
5723 8287 0
5723 5723 0
5723 2718 0
5723 2722 0
5723 168 1
5723 1223 0
5723 4319 0
5723 4353 1
5723 3353 0
13406 15020 0
13406 3986 0
13406 1830 1
13406 168 1
8287 8287 0
8287 2709 0
8287 2718 0
8287 2722 0
8287 168 1
8287 1741 0
8287 270 0
8287 3353 0
8287 287 0
8287 301 0
8287 5469 0
8287 2712 0
8287 4546 0
8287 2524 0
2656 287 1
4196 4196 0
4196 4546 0
4196 2718 0
4196 168 1
4196 169 0
4196 4867 1
4196 287 0
4196 5469 0
4196 4542 0
4196 4555 0
7275 3986 0
7275 168 1
7275 2499 0
7275 5469 0
7275 7275 0
7275 5994 0
5747 5747 0
5747 3322 0
5747 287 0
5747 1830 1
5747 5432 0
5747 1365 0
5747 18332 0
5243 168 1
5243 4319 0
5243 287 0
5243 2499 0
5243 6792 0
5243 2712 0
5243 2718 0
5243 2722 0
5243 729 0
5243 21322 0
5243 7317 0
5243 1741 0
5243 3986 0
5243 18332 0
4458 168 1
1665 19732 0
1665 1830 1
1665 1831 1
1665 1365 0
6792 168 1
6792 2382 0
6792 6792 0
6792 2712 0
6792 669 0
6792 2718 0
6792 2722 0
6792 4867 1
6792 861 0
6792 5016 0
6792 15612 0
6792 2499 0
6792 5469 0
6792 3757 0
6792 20204 0
6792 1824 0
6792 2709 0
2709 168 1
2709 2709 0
2709 2712 0
2709 669 0
2709 2718 0
2709 2722 0
2709 729 0
2709 861 0
2709 5432 0
2709 5016 0
2709 1824 0
2709 3986 0
2709 18332 0
20505 4546 0
20505 20505 0
20505 168 1
20505 1221 0
2712 168 1
2712 4296 0
2712 287 0
2712 4463 0
2712 2499 0
2712 4555 0
2712 2524 0
2712 2712 0
2712 2718 0
2712 2722 0
2712 729 0
2712 861 0
2712 7317 0
2712 1259 0
2712 5432 0
2712 1741 0
2712 1742 0
2712 3986 0
2712 18332 0
669 168 1
669 301 0
669 2499 0
669 669 0
669 2718 0
669 729 0
669 1221 0
669 1223 0
669 5432 0
669 3757 0
669 1741 0
669 1742 0
2718 168 1
2718 169 0
2718 4319 0
2718 287 0
2718 301 0
2718 4542 0
2718 4546 0
2718 2524 0
2718 2718 0
2718 2722 0
2718 4867 1
2718 861 0
2718 21322 0
2718 1223 0
2718 1221 0
2718 15612 0
2718 5432 0
2718 5469 0
2718 5016 0
2718 1741 0
2718 1742 0
2718 1824 0
2718 3986 0
2718 18332 0
2718 2382 0
2722 168 1
2722 169 0
2722 4319 0
2722 301 0
2722 4546 0
2722 2524 0
2722 2499 0
2722 2722 0
2722 861 0
2722 21322 0
2722 1221 0
2722 1223 0
2722 1259 0
2722 5432 0
2722 5469 0
2722 5016 0
2722 1741 0
2722 1824 0
2722 3986 0
2722 18332 0
168 8898 1
168 168 2
168 169 1
168 4295 1
168 4296 1
168 4300 1
168 4339 1
168 270 1
168 287 1
168 2340 1
168 301 1
168 2382 1
168 4463 1
168 4485 1
168 4491 1
168 4513 1
168 4542 1
168 4546 1
168 4555 1
168 20204 1
168 2499 1
168 4867 2
168 861 1
168 7084 1
168 6035 1
168 5016 1
168 1221 1
168 1223 1
168 1259 1
168 3353 1
168 21322 1
168 5469 1
168 15774 1
168 1741 1
168 1742 1
168 3844 1
168 1824 1
169 169 0
169 4296 0
169 1741 0
169 1259 0
169 270 0
169 287 0
169 2340 0
169 301 0
169 2382 0
169 4546 0
169 2499 0
1223 1221 0
1223 1741 0
1223 1259 0
1223 5432 0
1223 3986 0
1223 4555 0
15020 4867 1
15020 1830 1
3757 861 0
3757 1741 0
3757 729 0
3757 5432 0
3757 8025 1
3757 4463 0
3757 3986 0
8898 4295 0
8898 1742 0
8898 15612 0
1221 4300 0
1221 4485 0
1221 2524 0
1221 861 0
1221 5016 0
1221 1221 0
1221 1259 0
1221 5432 0
1221 5469 0
1221 287 0
1221 1741 0
1221 3986 0
4295 3353 0
4295 1741 0
4295 729 0
4295 3986 0
4295 4300 0
4296 3986 0
4296 4296 0
4296 4300 0
4296 729 0
4300 5469 0
4300 4300 0
4300 1741 0
4300 2340 0
4300 4339 0
4300 4867 1
4300 729 0
4300 7317 0
4300 1259 0
4300 3986 0
4300 2499 0
4300 4555 0
1741 301 0
1741 4463 0
1741 4546 0
1741 4555 0
1741 2524 0
1741 861 0
1741 5016 0
1741 1259 0
1741 3353 0
1741 5432 0
1741 5434 0
1741 5469 0
1741 1741 0
1741 1742 0
1741 8025 1
1741 5994 0
1741 2382 0
1742 5469 0
1742 15774 0
1742 1742 0
1742 5432 0
1742 8025 1
1742 3353 0
729 4867 1
729 5469 0
729 729 0
729 1259 0
729 4339 0
729 3986 0
729 4555 0
4319 4319 0
4319 1259 0
4319 287 0
4319 735 1
4319 861 0
4319 4463 0
4319 3986 0
4319 18332 0
4319 2524 0
1259 287 0
1259 301 0
1259 2382 0
1259 2499 0
1259 4555 0
1259 2524 0
1259 861 0
1259 7084 0
1259 3353 0
1259 5432 0
1259 5469 0
1259 3986 0
4339 5469 0
4339 4542 0
4339 4867 1
4339 3986 0
3322 1830 1
3322 1831 1
3322 16774 0
3322 3322 0
3322 18332 0
15612 15612 0
15612 2382 0
15612 8025 1
15612 861 0
15612 2524 0
4353 4353 2
4353 3986 1
4353 6035 1
4353 18332 1
4867 4867 2
4867 3986 1
4867 2340 1
4867 5432 1
4867 5434 1
4867 4555 1
4867 5469 1
3844 5469 0
3844 7317 0
3844 3844 0
3844 3353 0
3844 2340 0
3844 3986 0
3844 4542 0
270 270 0
270 2382 0
270 5994 0
19732 1830 1
19732 1831 1
3353 4555 0
3353 861 0
3353 7084 0
3353 7317 0
3353 3353 0
3353 5432 0
3353 1831 1
287 287 0
287 2340 0
287 2382 0
287 4485 0
287 4555 0
287 5994 0
287 7317 0
1824 1824 0
1824 861 0
1824 3986 0
1824 18332 0
2340 2340 0
2340 5469 0
1830 16774 1
1830 7317 1
1830 1830 2
1830 1831 2
1830 1365 1
1830 6491 1
1831 16774 1
1831 4513 1
1831 6491 1
1831 18332 1
301 5469 0
301 301 0
301 2382 0
301 5432 0
301 5994 0
301 4463 0
301 7084 0
301 4555 0
301 2524 0
5432 4485 0
5432 4546 0
5432 4555 0
5432 2524 0
5432 2499 0
5432 735 1
5432 861 0
5432 5432 0
5432 5434 0
5432 5469 0
5434 735 1
5434 5994 0
5434 4485 0
735 3986 1
735 7317 1
735 2499 1
735 861 1
735 735 2
735 5994 1
21322 21322 0
2382 2382 0
2382 4463 0
2382 4546 0
8025 8025 2
8025 3986 1
8025 15774 1
8025 2524 1
861 4463 0
861 861 0
861 5016 0
861 5469 0
861 7084 0
861 5994 0
861 3986 0
5994 2524 0
5994 7317 0
5994 5994 0
4463 4463 0
4463 4485 0
4463 3986 0
7317 3986 0
4491 4491 0
4491 4546 0
3986 3986 0
3986 5016 0
3986 5469 0
3986 6035 0
6035 6035 0
5469 4546 0
5469 2524 0
5469 7084 0
5469 5469 0
5016 18332 0
4513 4546 0
7084 7084 0
7084 2499 0
7084 2524 0
4542 4542 0
4546 4546 0
2499 2499 0
4555 4555 0
2524 2524 0
