132 4043 1
132 3986 1
132 6364 1
132 2714 0
403 3986 1
403 403 0
403 7379 0
403 1653 0
403 9027 0
403 5828 1
458 3986 1
458 5981 0
458 4043 1
458 20181 0
669 19837 0
669 2367 1
669 669 0
669 8867 0
669 4859 0
669 972 0
669 1221 0
669 1223 0
669 1653 0
669 3745 0
669 5981 0
669 1927 0
669 4043 1
672 672 0
672 5828 1
672 1221 0
672 1223 0
672 4859 0
672 2367 1
672 19837 0
672 4043 1
672 972 0
697 3986 1
697 5828 1
719 1576 0
719 4704 0
719 5828 1
719 1221 0
719 1223 0
719 719 0
719 7379 0
719 6364 1
719 1927 0
719 3986 1
972 8881 0
972 4704 0
972 1653 0
972 2714 0
972 5828 1
972 1221 0
972 4859 0
972 7982 0
972 3986 1
972 4534 0
972 3745 0
972 972 0
1221 2069 0
1221 8881 0
1221 4711 0
1221 4859 0
1221 1221 0
1221 1223 0
1221 3336 0
1221 5521 0
1221 1653 0
1221 5828 1
1221 5981 0
1221 3986 1
1221 3745 0
1223 4711 0
1223 5828 1
1223 4859 0
1223 5981 0
1223 3986 1
1223 4081 0
1576 1576 0
1576 4681 0
1576 4704 0
1576 4711 0
1576 3745 0
1576 6364 1
1576 3336 0
1576 3986 1
1576 5526 0
1576 4534 0
1576 3035 0
1626 3986 1
1626 4043 1
1653 8391 0
1653 8636 0
1653 8881 0
1653 9027 0
1653 9273 1
1653 1653 0
1653 18852 0
1653 2606 0
1653 3336 0
1653 20226 0
1653 3986 1
1653 4534 0
1653 4681 0
1653 4704 0
1653 5516 0
1653 5523 0
1653 5828 1
1653 6541 0
1653 7009 0
1653 7209 0
1927 2242 0
1927 2367 1
1927 4534 0
1927 2599 0
1927 4681 0
1927 4859 0
1927 4925 0
1927 5521 0
1927 3745 0
1927 3986 1
1927 4043 1
2069 2069 0
2069 8881 0
2069 5598 1
2069 5516 0
2069 3986 1
2175 4867 1
2175 7209 1
2175 3795 1
2242 3745 0
2242 2242 0
2242 2247 0
2242 6364 1
2242 8636 0
2242 4043 1
2247 3986 1
2247 2247 0
2247 4043 1
2367 17869 1
2367 5258 1
2367 4534 1
2367 2367 2
2599 2599 0
2599 2712 0
2599 2606 0
2599 2714 0
2599 5828 1
2599 8391 0
2599 6401 0
2599 4867 0
2599 3986 1
2599 8881 0
2599 4081 0
2606 2714 0
2606 8881 0
2606 4859 0
2606 4704 0
2606 3745 0
2606 3798 1
2606 5981 0
2606 3986 1
2712 8391 0
2712 6364 1
2712 19837 0
2712 2712 0
2712 2714 0
2712 8867 0
2712 8881 0
2712 4859 0
2712 5516 0
2712 5981 0
2712 3986 1
2714 2714 0
2714 4534 0
2714 8867 0
2714 8881 0
2714 7271 0
2714 5523 0
2714 5828 1
2714 5981 0
2714 3986 1
3035 7209 0
3035 4704 0
3035 4711 0
3035 8391 0
3035 6364 1
3035 6461 0
3035 5521 0
3035 3986 1
3035 5523 0
3035 5526 0
3035 4534 0
3035 3035 0
3336 4681 0
3336 4711 0
3336 5828 1
3336 3745 0
3336 3336 0
3336 4925 0
3336 3986 1
3336 5523 0
3745 6364 1
3745 6378 0
3745 4534 0
3745 8867 0
3745 7009 0
3745 3745 0
3745 7982 0
3745 3986 1
3795 3986 1
3795 3795 0
3798 8857 1
3798 4925 1
3798 9027 1
3798 20181 1
3798 7009 1
3798 6378 1
3986 8391 1
3986 8636 1
3986 8857 1
3986 8867 1
3986 8881 1
3986 9027 1
3986 16564 1
3986 20227 1
3986 18117 1
3986 10332 1
3986 19837 1
3986 20181 1
3986 20226 1
3986 3986 2
3986 4081 1
3986 4510 1
3986 4534 1
3986 4681 1
3986 4704 1
3986 4711 1
3986 4725 1
3986 4859 1
3986 4867 1
3986 4925 1
3986 5516 1
3986 5521 1
3986 5523 1
3986 5526 1
3986 5981 1
3986 6378 1
3986 6401 1
3986 6461 1
3986 6504 1
3986 6541 1
3986 18852 1
3986 16321 1
3986 7009 1
3986 15413 1
3986 7271 1
3986 7379 1
3986 7982 1
3986 8089 1
4043 5258 1
4043 5521 1
4043 5523 1
4043 16564 1
4043 8881 1
4043 17869 1
4043 5981 1
4043 8089 1
4043 7379 1
4043 4859 1
4081 20227 0
4081 6364 1
4081 20226 0
4081 18852 0
4081 4081 0
4510 5598 1
4534 8391 0
4534 4534 0
4534 4711 0
4534 4859 0
4534 15413 0
4534 4704 0
4681 7209 0
4681 4704 0
4681 4681 0
4681 6364 1
4681 4859 0
4681 4867 0
4681 5521 0
4681 5523 0
4704 7209 0
4704 6364 1
4704 4867 0
4704 5521 0
4704 5526 0
4704 4704 0
4704 5523 0
4711 6364 1
4711 4711 0
4725 5828 1
4725 4725 0
4859 6378 0
4859 7209 0
4859 4859 0
4859 7982 0
4859 19837 0
4859 5521 0
4859 5523 0
4859 5828 1
4859 5981 0
4867 6401 0
4867 4867 0
4867 5523 0
4925 16321 0
4925 6378 0
4925 4925 0
4925 7379 0
5258 5258 0
5258 8881 0
5258 5523 0
5516 6364 1
5516 5828 1
5521 15413 0
5521 8391 0
5521 8881 0
5521 6364 1
5521 5521 0
5521 5523 0
5521 5526 0
5523 8881 0
5523 8391 0
5523 6364 1
5523 5523 0
5523 5526 0
5526 5526 0
5526 6364 1
5598 6401 1
5598 6504 1
5828 15413 1
5828 10332 1
5828 18117 1
5828 8867 1
5828 8391 1
5828 5828 2
5828 7982 1
5828 5981 1
5828 19837 1
5828 6541 1
5828 16321 1
5828 18852 1
5981 8881 0
5981 9027 0
5981 18852 0
5981 19837 0
5981 20227 0
5981 5981 0
5981 6364 1
5981 6378 0
5981 6461 0
5981 20226 0
5981 15413 0
5981 7271 0
5981 8089 0
6364 7271 1
6364 6364 2
6364 8636 1
6364 6461 1
6364 7209 1
6378 7271 0
6378 8881 0
6378 6378 0
6401 20227 0
6401 20226 0
6401 6401 0
6461 20226 0
7009 7009 0
7209 19837 0
7209 15413 0
7209 8867 0
7271 8881 0
7379 7379 0
7379 20181 0
7379 9027 0
8089 8881 0
8089 8089 0
8391 8881 0
8391 8391 0
8867 8867 0
8881 8881 0
8881 18852 0
9273 20226 1
9273 20227 1
9273 9273 2
15413 15413 0
18852 19837 0
19837 19837 0
20226 20226 0
20226 20227 0
20227 20227 0
