5126 3848 1
5126 6828 1
5126 5016 1
5126 5028 1
5126 7243 1
5126 6739 1
5126 6484 1
5126 6741 1
5126 3050 1
3848 7243 0
3848 6741 0
3848 2708 1
3848 6828 0
3848 5855 0
3848 6739 0
3848 3848 0
3848 6484 0
3848 5016 0
3848 5028 0
3848 3050 0
6828 6741 0
6828 7243 0
6828 6739 0
6828 5994 0
6828 6828 0
6828 5855 0
6828 6484 0
6828 4463 0
6828 4465 0
6828 5016 0
6828 5028 0
6828 1481 1
6828 3050 0
7084 3729 0
7084 2708 1
7084 5855 0
7084 3353 0
7084 3354 0
7084 7084 0
7084 16354 0
7084 7670 1
6669 2708 1
6669 1479 0
6669 1481 1
6669 2500 0
3729 2382 0
3729 4463 0
3729 2500 0
3729 6741 0
3729 7243 0
3729 3353 0
3729 3354 0
3729 5432 0
3729 1481 1
3729 5729 0
3729 5731 1
3729 3729 0
3729 5855 0
2708 10412 1
2708 2382 1
2708 6484 1
2708 4463 1
2708 4464 1
2708 4465 1
2708 2500 1
2708 6739 1
2708 6741 1
2708 5016 1
2708 3050 1
2708 14894 1
2708 3353 1
2708 3354 1
2708 5432 1
2708 1479 1
2708 5855 1
2708 16354 1
2350 2350 2
5016 6484 0
5016 6739 0
5016 6741 0
5016 5028 0
5016 3050 0
5016 7243 0
5016 5855 0
5016 16354 0
3353 6484 0
3353 2500 0
3353 10987 1
3353 3353 0
3353 3354 0
3353 5432 0
3353 5855 0
3354 2382 0
3354 2500 0
3354 6741 0
3354 10987 1
3354 7243 0
3354 3354 0
3354 5855 0
3354 5432 0
5028 6484 0
5028 6739 0
5028 6741 0
5028 3050 0
5028 7243 0
5028 1481 1
5028 5855 0
10412 1481 1
14894 14894 0
14894 1481 1
5432 2500 0
5432 5432 0
5432 1479 0
5432 5729 0
5432 5731 1
5432 5855 0
2500 4463 0
2500 4465 0
2500 2500 0
2500 1479 0
2500 1481 1
2500 5855 0
2500 5994 0
1479 1481 1
1479 5855 0
1479 2382 0
1479 1479 0
1479 16354 0
1481 7243 1
1481 5729 1
1481 5994 1
7243 7243 0
7243 6739 0
7243 6741 0
7243 5855 0
7243 6484 0
7243 5994 0
7243 3050 0
2382 2382 0
2382 4463 0
2382 7670 1
2382 5855 0
6739 4464 0
6739 6484 0
6739 4463 0
6739 6739 0
6739 6741 0
6739 3050 0
6484 6741 0
6484 3050 0
6741 4463 0
6741 4465 0
6741 6741 0
6741 3050 0
5855 4463 0
5855 4465 0
5855 5729 0
5855 5731 1
5855 5855 0
5855 5994 0
5855 16354 0
5729 5731 1
5729 5994 0
16354 5994 0
16354 16354 0
16354 7670 1
5731 5994 1
3050 3050 0
4463 4463 0
4463 4464 0
4463 4465 0
4463 7670 1
4464 4465 0
4464 7670 1
4465 7670 1
7670 7670 2
5994 5994 0
