3158 1620 0
3158 3177 1
3158 5753 0
3158 1170 0
3158 1197 0
3158 700 1
3158 1741 0
3158 2338 0
3158 843 0
3158 1943 0
3158 4536 0
3158 4537 0
3158 4550 0
3158 4551 0
3158 4555 0
3158 4557 0
2059 2059 0
2059 20 0
2059 5469 0
2059 700 1
2059 8391 0
2059 4300 0
2059 287 0
2059 8623 0
2059 4536 0
2059 4544 0
2059 4546 0
2059 4681 0
2059 4537 0
2059 4704 0
2059 2718 0
2059 729 0
2059 6907 0
2059 840 0
2059 843 0
2059 3011 0
2059 1170 0
2059 3225 0
2059 1197 0
2059 1259 0
2059 3336 0
2059 5432 0
2059 3469 0
2059 5521 0
2059 5523 1
2059 3514 1
2059 15996 0
2059 3844 0
2059 1943 0
2059 6062 0
4110 4110 0
4110 6162 0
4110 20 0
4110 52 1
4110 8287 0
4110 287 0
4110 4550 0
4110 6741 0
4110 2708 0
4110 4780 0
4110 5052 0
4110 1259 0
4110 3469 0
4110 1620 0
4110 13939 1
4110 1653 0
4110 1687 0
4110 2718 0
4110 5903 0
4110 5965 0
4110 5980 0
4110 5981 0
4110 2722 0
4110 2724 0
6162 6162 0
6162 20 0
6162 6165 0
6162 52 1
6162 168 0
6162 2338 0
6162 4687 0
6162 6739 0
6162 6741 0
6162 2714 0
6162 2718 0
6162 2722 0
6162 700 1
6162 729 0
6162 861 0
6162 1197 0
6162 5469 0
6162 3426 0
6162 7633 0
6162 1620 0
6162 5747 1
6162 7893 0
6162 5855 0
6162 16107 0
6162 6002 0
6162 1943 0
6162 18332 0
6162 8112 0
20 20 0
20 8287 0
20 6165 0
20 8391 0
20 4300 0
20 287 0
20 2338 0
20 4536 0
20 4546 0
20 3844 0
20 561 0
20 4694 0
20 2708 0
20 2718 0
20 2724 0
20 4822 0
20 729 0
20 6907 0
20 840 0
20 861 0
20 869 0
20 3043 0
20 1170 0
20 1259 0
20 3336 0
20 5432 0
20 5464 0
20 5469 0
20 3475 1
20 3514 1
20 1620 0
20 1687 0
20 1741 0
20 7893 0
20 5850 0
20 5855 0
20 5981 0
20 6062 0
20 8112 0
6165 8881 0
6165 168 0
6165 6165 0
6165 287 0
6165 2338 0
6165 4536 0
6165 4537 0
6165 4546 0
6165 4555 0
6165 561 0
6165 6739 0
6165 6740 0
6165 6741 0
6165 659 0
6165 2708 0
6165 2714 0
6165 2718 0
6165 2722 0
6165 729 0
6165 861 0
6165 13200 0
6165 5052 0
6165 3177 1
6165 1259 0
6165 5365 0
6165 5464 0
6165 5466 0
6165 3426 0
6165 3475 1
6165 7633 0
6165 7740 0
6165 1620 0
6165 5753 0
6165 5759 0
6165 7893 0
6165 5855 0
6165 5965 0
6165 5978 0
6165 5980 0
6165 5981 0
6165 6002 0
6165 1943 0
6165 18332 0
6165 8112 0
6165 16031 0
6165 2724 0
5978 2130 0
5978 1620 0
5978 5753 0
5978 5759 0
5978 18332 0
5978 7317 0
5978 21148 0
5978 2722 0
5978 8881 0
5978 5855 0
5978 4859 0
5978 3844 0
5978 270 0
5978 3352 0
5978 3353 1
5978 2338 0
5978 3885 0
5978 13939 1
5978 1350 0
5978 5978 0
5978 5469 0
5978 3426 0
5978 870 0
5978 8623 0
5978 5052 0
5978 3043 0
549 5521 0
549 1170 0
549 5523 1
549 2718 0
549 287 0
549 700 1
549 4681 0
549 1620 0
549 5469 0
549 5855 0
861 17119 0
861 16487 0
861 2152 0
861 168 0
861 4822 0
861 4371 0
861 5850 0
861 2418 0
861 4550 0
861 4551 0
861 561 0
861 4687 0
861 6737 0
861 6741 0
861 4694 0
861 659 0
861 2708 0
861 2718 0
861 2722 0
861 4780 0
861 8881 0
861 700 1
861 861 0
861 870 0
861 5052 0
861 3043 0
861 4957 0
861 1160 0
861 8391 0
861 1259 0
861 3336 0
861 3353 1
861 5432 0
861 5464 0
861 5466 0
861 5469 0
861 3426 0
861 3514 1
861 7740 0
861 1653 0
861 1674 0
861 1687 0
861 1741 0
861 5855 0
861 5965 0
861 16031 0
861 2724 0
561 2152 0
561 168 0
561 8391 0
561 4300 0
561 270 0
561 301 0
561 2418 0
561 2500 0
561 2501 0
561 4550 0
561 4551 0
561 2524 0
561 561 0
561 2718 0
561 2724 0
561 700 1
561 4822 0
561 4859 0
561 2517 1
561 4957 0
561 869 0
561 3043 0
561 1160 0
561 3225 0
561 1259 0
561 5365 0
561 3353 1
561 5432 0
561 1365 0
561 5521 0
561 5523 1
561 3514 1
561 7740 0
561 13939 1
561 15996 0
561 1687 0
561 1741 0
561 5855 0
561 3884 0
561 5980 0
561 5981 0
561 1894 0
561 6002 0
561 8089 0
561 8112 0
52 6002 1
52 17119 1
52 6737 1
52 6739 1
52 1620 1
52 6741 1
52 1160 1
52 1687 1
52 21148 1
52 16031 1
52 8881 1
52 5855 1
52 8507 1
52 5464 1
52 4957 1
52 3426 1
52 4536 1
52 3043 1
52 6740 1
5178 5469 0
5178 1943 0
5178 4535 0
5178 4536 0
5178 4544 0
5178 4546 0
5178 2517 1
5178 4537 0
5178 5178 0
5178 5747 1
5178 1653 0
7740 8881 0
7740 7740 0
7740 700 1
7740 1653 0
7740 1160 0
7740 1687 0
7740 8391 0
7740 5855 0
7740 5365 0
7740 7893 0
7740 840 0
7740 4957 0
7740 5981 0
7740 3514 1
7229 1170 0
7229 5523 1
7229 3225 0
7229 3353 1
7229 4681 0
7229 1620 0
7229 4300 0
4681 4704 0
4681 4681 0
4681 1620 0
4681 4694 0
4681 8287 0
4681 1674 0
4681 1170 0
4681 3225 0
4681 2718 0
4681 2722 0
4681 4780 0
4681 8368 0
4681 1653 0
4681 4300 0
4681 729 0
4681 5855 0
4681 4859 0
4681 3336 0
4681 287 0
4681 2338 0
4681 5469 0
4681 3475 1
4681 5521 0
4681 3011 0
4681 4942 0
4681 5523 1
3150 8881 0
3150 6737 0
3150 6739 0
3150 6740 0
3150 6741 0
3150 3177 1
3150 1170 0
3150 16031 0
3150 1741 0
3150 729 0
3150 2338 0
3150 843 0
3150 6484 0
3150 6002 0
3150 13200 0
3150 5523 1
3150 1943 0
3150 4537 0
3150 1620 0
4687 1653 0
4687 1160 0
4687 1687 0
4687 700 1
4687 1741 0
4687 2338 0
4687 5523 1
4687 2500 0
4687 2501 0
6737 8287 0
6737 287 0
6737 6484 0
6737 2500 0
6737 2501 0
6737 6739 0
6737 6740 0
6737 6741 0
6737 2718 0
6737 2722 0
6737 8881 0
6737 3426 0
6737 7633 0
6737 1620 0
6737 13939 1
6737 1653 0
6737 16031 0
6737 5855 0
6737 3884 0
6737 5965 0
6737 5981 0
2130 1160 0
2130 2708 0
2130 1687 0
2130 2714 0
2130 168 0
2130 700 1
2130 4822 0
2130 5365 0
2130 3287 0
2130 4371 0
2130 5432 0
2130 5980 0
2130 5981 0
2130 5523 1
2130 5052 0
2130 2500 0
2130 4550 0
2130 4551 0
6739 8391 0
6739 4300 0
6739 5850 0
6739 2338 0
6739 6484 0
6739 2418 0
6739 16107 0
6739 8623 0
6739 4566 0
6739 6739 0
6739 6740 0
6739 6741 0
6739 659 0
6739 2708 0
6739 2714 0
6739 2718 0
6739 2722 0
6739 2724 0
6739 8881 0
6739 4957 0
6739 1259 0
6739 5365 0
6739 1350 0
6739 5464 0
6739 5466 0
6739 8507 0
6739 1653 0
6739 1674 0
6739 13939 1
6739 287 0
6739 1741 0
6739 3884 0
6739 5981 0
6739 8112 0
6739 16031 0
1620 168 0
1620 4300 0
1620 269 0
1620 4371 0
1620 287 0
1620 2338 0
1620 5523 1
1620 4535 0
1620 4536 0
1620 4537 0
1620 4544 0
1620 4546 0
1620 4550 0
1620 4555 0
1620 4557 0
1620 4566 0
1620 4694 0
1620 4704 0
1620 2708 0
1620 2714 0
1620 2718 0
1620 2722 0
1620 729 0
1620 6907 0
1620 843 0
1620 4957 0
1620 5052 0
1620 8287 0
1620 3157 1
1620 1894 0
1620 1170 0
1620 7317 0
1620 1197 0
1620 1259 0
1620 3336 0
1620 5432 0
1620 1365 0
1620 5469 0
1620 5521 0
1620 3475 1
1620 4551 0
1620 1620 0
1620 21148 0
1620 1674 0
1620 1741 0
1620 5855 0
1620 3844 0
1620 301 0
1620 5965 0
1620 5980 0
1620 5981 0
1620 1943 0
1620 18332 0
1620 6062 0
1620 8112 0
1620 2724 0
6741 5466 0
6741 4371 0
6741 5850 0
6741 6484 0
6741 6740 0
6741 6741 0
6741 2708 0
6741 2718 0
6741 2722 0
6741 2724 0
6741 8881 0
6741 4859 0
6741 4957 0
6741 869 0
6741 870 0
6741 8391 0
6741 1259 0
6741 5464 0
6741 1653 0
6741 16031 0
6741 13939 1
6741 1741 0
6741 3844 0
6741 3884 0
6741 3885 0
6741 5965 0
6741 5981 0
6741 18332 0
4694 5469 0
4694 4694 0
4694 1674 0
4694 1170 0
4694 168 0
4694 1741 0
4694 1259 0
4694 2338 0
4694 869 0
4694 3475 1
4694 4535 0
4694 4536 0
4694 4537 0
4694 4544 0
4694 4546 0
4694 4550 0
4694 5523 1
3157 2338 1
3157 6002 1
3157 15996 1
8287 5981 0
8287 8287 0
8287 5753 0
8287 2708 0
8287 2714 0
8287 2718 0
8287 2722 0
8287 2724 0
8287 168 0
8287 1741 0
8287 722 0
8287 5855 0
8287 270 0
8287 3352 0
8287 3353 1
8287 287 0
8287 5412 0
8287 3884 0
8287 301 0
8287 1350 0
8287 5980 0
8287 5469 0
8287 3475 1
8287 8623 0
8287 4546 0
8287 7633 0
8287 2524 0
8287 4859 0
4704 1653 0
4704 1170 0
4704 3225 0
4704 1197 0
4704 4300 0
4704 729 0
4704 1259 0
4704 2338 0
4704 5469 0
4704 5521 0
4704 3475 1
4704 4535 0
4704 4551 0
4704 4704 0
4704 6907 0
4704 5523 1
1894 1160 0
1894 1687 0
1894 1741 0
1894 722 0
1894 5855 0
1894 21148 0
1894 287 0
1894 301 0
1894 5432 0
1894 3353 1
1894 5981 0
1894 3426 0
1894 1894 0
1894 385 0
1894 1259 0
1894 5523 1
1894 4550 0
1894 2524 0
16487 3475 1
16487 3353 1
16487 1197 0
16487 5452 0
16487 3177 1
2152 6740 0
2152 2152 0
2152 13939 1
2152 1160 0
2152 1687 0
2152 1741 0
2152 5855 0
2152 1259 0
2152 4859 0
2152 3352 0
2152 3353 1
3177 3177 2
3177 15996 1
3177 5759 1
3177 1170 1
3177 7317 1
3177 1741 1
3177 2171 1
3177 2338 1
3177 1943 1
3177 13200 1
3177 4541 1
3177 7633 1
13939 269 1
13939 2708 1
13939 1687 1
13939 5412 1
13939 168 1
13939 5980 1
13939 3884 1
13939 3885 1
13939 6740 1
13939 13939 2
13939 5052 1
13939 5452 1
13939 6484 1
13939 270 1
13939 2524 1
13939 5981 1
13939 6907 1
13939 7893 1
13939 4859 1
1653 8391 0
1653 8393 0
1653 270 0
1653 8881 0
1653 700 1
1653 869 0
1653 8368 0
1653 1160 0
1653 1197 0
1653 1259 0
1653 1653 0
1653 1674 0
1653 1943 0
1653 2338 0
1653 2501 0
1653 2722 0
1653 3336 0
1653 3353 1
1653 4536 0
1653 4537 0
1653 4566 0
1653 4957 0
1653 5523 1
1653 5753 0
1653 5850 0
1653 5855 0
1653 5903 0
1653 6484 0
1653 6740 0
1653 16031 0
1653 7893 0
5753 5747 1
5753 5753 0
5753 2708 0
5753 1687 0
5753 21148 0
5753 1197 0
5753 4300 0
5753 1259 0
5753 270 0
5753 4371 0
5753 3352 0
5753 3353 1
5753 5432 0
5753 6484 0
5753 5466 0
5753 5980 0
5753 7517 0
5753 8089 0
5753 7592 0
5753 2718 0
5753 5052 0
2171 2171 0
2171 7317 0
2171 1180 0
2171 168 0
2171 1197 0
2171 3287 0
2171 3353 1
2171 287 0
2171 5432 0
2171 1350 0
2171 4942 0
2171 5469 0
2171 6002 0
2171 5521 0
2171 4535 0
2171 4536 0
2171 4537 0
2171 4544 0
2171 4546 0
2171 4557 0
15996 301 0
15996 2418 0
15996 4535 0
15996 4541 0
15996 2500 0
15996 2501 0
15996 4822 0
15996 4957 0
15996 13200 0
15996 5523 1
15996 15996 0
15996 1741 0
15996 5855 0
15996 1687 0
5759 5981 0
5759 5759 0
5759 700 1
5759 4822 0
5759 4859 0
5759 3353 1
5759 287 0
5759 843 0
5759 5980 0
5759 5469 0
5759 3426 0
5759 1943 0
5759 18332 0
5759 5052 0
14978 5747 1
14978 14978 0
14978 3287 0
14978 18332 0
14978 4541 0
14978 3011 0
14978 2517 1
1160 5469 0
1160 168 0
1160 8368 0
1160 8393 0
1160 4371 0
1160 301 0
1160 10566 0
1160 385 0
1160 8623 0
1160 4535 0
1160 4536 0
1160 4537 0
1160 4544 0
1160 4546 0
1160 2500 0
1160 2501 0
1160 4550 0
1160 4551 0
1160 4557 0
1160 722 0
1160 4859 0
1160 2524 0
1160 840 0
1160 843 0
1160 4957 0
1160 870 0
1160 3043 0
1160 1160 0
1160 1259 0
1160 5365 0
1160 3336 0
1160 3352 0
1160 3353 1
1160 5521 0
1160 5523 1
1160 1687 0
1160 1741 0
1160 5855 0
1160 5903 0
1160 5432 0
1160 1350 0
1674 4957 0
1674 1674 0
1674 1687 0
1674 4551 0
1674 700 1
1674 2338 0
1674 5469 0
1674 5521 0
1674 3475 1
1674 4550 0
1170 4300 0
1170 2338 0
1170 385 0
1170 8623 0
1170 4555 0
1170 2714 0
1170 2722 0
1170 729 0
1170 6907 0
1170 5432 0
1170 5469 0
1170 3475 1
1170 7633 0
1170 5855 0
1170 5981 0
1170 6062 0
1170 8112 0
659 659 0
659 700 1
659 7893 0
659 729 0
659 5855 0
659 5365 0
659 4859 0
659 3844 0
659 3353 1
659 2338 0
659 3884 0
659 3885 0
659 3426 0
659 18332 0
659 4550 0
659 4551 0
2708 168 0
2708 270 0
2708 729 0
2708 287 0
2708 6484 0
2708 4535 0
2708 4536 0
2708 2500 0
2708 2501 0
2708 2524 0
2708 2714 0
2708 2718 0
2708 2722 0
2708 2724 0
2708 8881 0
2708 4859 0
2708 1180 0
2708 3353 1
2708 5412 0
2708 5432 0
2708 3475 1
2708 7633 0
2708 16031 0
2708 1741 0
2708 5855 0
2708 3884 0
2708 5981 0
2708 6002 0
2708 8112 0
7317 4300 0
7317 287 0
7317 2338 0
7317 3844 0
7317 5052 0
7317 3352 0
7317 3353 1
7317 5521 0
7317 3475 1
7317 5980 0
7317 5981 0
1687 3426 0
1687 168 0
1687 8368 0
1687 8393 0
1687 4300 0
1687 4822 0
1687 4371 0
1687 2338 0
1687 301 0
1687 10566 0
1687 4535 0
1687 4536 0
1687 2500 0
1687 4550 0
1687 4555 0
1687 2524 0
1687 722 0
1687 4859 0
1687 843 0
1687 869 0
1687 870 0
1687 3043 0
1687 5981 0
1687 1197 0
1687 1259 0
1687 5365 0
1687 3352 0
1687 3353 1
1687 5432 0
1687 5469 0
1687 3454 0
1687 5521 0
1687 5523 1
1687 1687 0
1687 1741 0
1687 5855 0
1687 5903 0
1687 3884 0
3225 8623 0
3225 8391 0
3225 3225 0
3225 2718 0
3225 2722 0
3225 1197 0
3225 4300 0
3225 1741 0
3225 4557 0
3225 729 0
3225 6907 0
3225 3336 0
3225 3353 1
3225 5464 0
3225 5981 0
3225 6002 0
3225 5521 0
3225 5523 1
3225 6062 0
3225 4536 0
3225 4544 0
3225 4550 0
3225 4551 0
3225 4555 0
3225 2724 0
2714 2714 0
2714 168 0
2714 2338 0
2714 4535 0
2714 4536 0
2714 4537 0
2714 4544 0
2714 4546 0
2714 16822 0
2714 2718 0
2714 2722 0
2714 8881 0
2714 700 1
2714 4957 0
2714 13200 0
2714 1180 0
2714 5365 0
2714 5432 0
2714 1350 0
2714 5466 0
2714 3426 0
2714 5523 1
2714 7633 0
2714 1741 0
2714 5855 0
2714 5981 0
2714 1943 0
2714 21148 0
2714 8112 0
1180 1180 0
1180 1197 0
1180 700 1
1180 5855 0
1180 1259 0
1180 270 0
1180 287 0
1180 5412 0
1180 5523 1
1180 843 0
1180 2500 0
1180 7633 0
2718 168 0
2718 8391 0
2718 287 0
2718 2338 0
2718 301 0
2718 6484 0
2718 5521 0
2718 5523 1
2718 385 0
2718 4535 0
2718 4536 0
2718 4537 0
2718 4541 0
2718 4544 0
2718 4546 0
2718 2500 0
2718 4550 0
2718 4566 0
2718 2524 0
2718 6740 0
2718 2718 0
2718 2501 0
2718 2722 0
2718 2724 0
2718 8881 0
2718 4859 0
2718 843 0
2718 869 0
2718 870 0
2718 3043 0
2718 3336 0
2718 5412 0
2718 5432 0
2718 5464 0
2718 5469 0
2718 3426 0
2718 1943 0
2718 3475 1
2718 7633 0
2718 1741 0
2718 5855 0
2718 3884 0
2718 3885 0
2718 18332 0
2718 8112 0
2718 16031 0
16031 8391 0
16031 5850 0
16031 8507 0
16031 6484 0
16031 8623 0
16031 4566 0
16031 6740 0
16031 2722 0
16031 2724 0
16031 8881 0
16031 5365 0
16031 3426 0
16031 5521 0
16031 3514 1
16031 16031 0
16031 5981 0
16031 1943 0
2722 168 0
2722 8391 0
2722 2338 0
2722 301 0
2722 6484 0
2722 5521 0
2722 5523 1
2722 4537 0
2722 4546 0
2722 2500 0
2722 2501 0
2722 2524 0
2722 6740 0
2722 2722 0
2722 4859 0
2722 869 0
2722 3043 0
2722 1259 0
2722 5432 0
2722 5464 0
2722 5469 0
2722 3426 0
2722 3475 1
2722 7633 0
2722 1741 0
2722 7893 0
2722 5855 0
2722 3884 0
2722 3885 0
2722 5981 0
2722 6002 0
2722 1943 0
2722 18332 0
2722 8112 0
2722 2724 0
2724 8391 0
2724 2338 0
2724 2500 0
2724 6740 0
2724 2724 0
2724 8881 0
2724 700 1
2724 843 0
2724 869 0
2724 1197 0
2724 3426 0
2724 3353 1
2724 287 0
2724 1741 0
2724 7893 0
2724 5903 0
2724 5981 0
2724 1943 0
2724 18332 0
2724 8112 0
168 168 0
168 4300 0
168 270 0
168 287 0
168 301 0
168 4535 0
168 4541 0
168 4544 0
168 4546 0
168 4555 0
168 4557 0
168 4780 0
168 700 1
168 722 0
168 870 0
168 1197 0
168 1259 0
168 3353 1
168 5469 0
168 5517 0
168 5521 0
168 1741 0
168 3844 0
168 5981 0
4780 5981 0
4780 700 1
4780 8393 0
4780 4780 0
4780 4300 0
4780 3844 0
4780 270 0
4780 2885 0
4780 5464 0
4780 5521 0
4780 5523 1
4780 1943 0
4780 6062 0
4780 4566 0
1197 5466 0
1197 4551 0
1197 1197 0
1197 8881 0
1197 700 1
1197 1741 0
1197 7893 0
1197 4822 0
1197 5855 0
1197 3454 0
1197 4859 0
1197 4371 0
1197 729 0
1197 2338 0
1197 301 0
1197 5432 0
1197 4325 0
1197 870 0
1197 5521 0
1197 8623 0
1197 4537 0
1197 4541 0
1197 2500 0
1197 4550 0
1197 4555 0
1197 4557 0
1197 4566 0
1197 3043 0
1197 5523 1
8368 5523 1
8368 3353 1
8368 4550 0
8368 2524 0
8881 8881 0
8881 5850 0
8881 2338 0
8881 6484 0
8881 4535 0
8881 4536 0
8881 4557 0
8881 2524 0
8881 6740 0
8881 5052 0
8881 3043 0
8881 8391 0
8881 1259 0
8881 3353 1
8881 5452 0
8881 5464 0
8881 5466 0
8881 5469 0
8881 5521 0
8881 5523 1
8881 5365 0
8881 287 0
8881 1741 0
8881 5855 0
8881 3884 0
8881 5965 0
8881 5980 0
8881 5981 0
8881 8507 0
8881 8089 0
8881 18332 0
8881 6094 0
5747 7517 1
5747 5747 2
5747 287 1
5747 5432 1
5747 10566 1
5747 5517 1
5747 1365 1
5747 5466 1
5747 7521 1
5747 3469 1
5747 1943 1
5747 18332 1
5747 1350 1
5747 7592 1
5747 6094 1
700 7521 1
700 4541 1
700 700 2
700 4822 1
700 5850 1
700 17119 1
700 4325 1
700 1259 1
700 3844 1
700 3336 1
700 269 1
700 270 1
700 287 1
700 301 1
700 5432 1
700 840 1
700 843 1
700 5452 1
700 5965 1
700 4942 1
700 5464 1
700 870 1
700 3454 1
700 5521 1
700 3475 2
700 6062 1
700 16822 1
700 4544 1
700 4546 1
700 4555 1
700 4557 1
700 7633 1
700 4566 1
8391 5469 0
8391 18332 0
8391 8391 0
8391 1741 0
8391 4822 0
8391 8112 0
8391 301 0
8391 3426 0
8391 870 0
8391 5521 0
8391 1943 0
8391 4535 0
8391 4536 0
8391 4537 0
8391 3514 1
8391 2524 0
8391 3043 0
8391 5523 1
8391 7893 0
8391 6740 0
8393 3353 1
8393 21148 0
8393 2338 0
8393 301 0
8393 2500 0
8393 1741 0
8393 5981 0
8393 5523 1
8393 4859 0
4300 8623 0
4300 5469 0
4300 5981 0
4300 4300 0
4300 1741 0
4300 4822 0
4300 729 0
4300 2338 0
4300 840 0
4300 1259 0
4300 3475 1
4300 2885 0
4300 6062 0
4300 4555 0
4300 6907 0
4300 5523 1
1741 6002 0
1741 5850 0
1741 2338 0
1741 301 0
1741 8623 0
1741 4546 0
1741 2500 0
1741 2501 0
1741 4550 0
1741 4551 0
1741 4555 0
1741 4557 0
1741 2524 0
1741 4822 0
1741 4859 0
1741 869 0
1741 870 0
1741 3043 0
1741 1259 0
1741 5365 0
1741 3353 1
1741 5432 0
1741 5464 0
1741 5466 0
1741 5469 0
1741 5523 1
1741 3514 1
1741 1741 0
1741 5855 0
1741 3884 0
1741 8507 0
1741 8089 0
722 4371 0
722 3352 0
722 3353 1
722 301 0
722 4536 0
722 2500 0
722 4551 0
722 4822 0
722 2524 0
722 5855 0
722 21148 0
722 3043 0
722 5523 1
7893 7893 0
7893 287 0
7893 8507 0
7893 2501 0
7893 4550 0
7893 8623 0
7893 3514 1
7893 5850 0
7893 5855 0
7893 5981 0
7893 6002 0
7893 6094 0
4822 5855 0
4822 4550 0
4822 2338 0
4822 4822 0
4822 3287 0
4822 5365 0
4822 4371 0
4822 301 0
4822 5432 0
4822 840 0
4822 869 0
4822 870 0
4822 5523 1
4822 4535 0
4822 4546 0
4822 2500 0
4822 2501 0
4822 4555 0
4822 4557 0
4822 2524 0
4822 3043 0
3287 3287 0
3287 16107 0
3287 4859 0
3287 3353 1
3287 2338 0
3287 5432 0
3287 4942 0
3287 5521 0
3287 5523 1
729 5469 0
729 729 0
729 1259 0
729 5464 0
729 3336 0
729 2338 0
729 5466 0
729 16107 0
729 5981 0
729 3475 1
729 6062 0
729 8623 0
729 4544 0
729 4555 0
729 5523 1
5850 4957 0
5850 3353 1
5850 5850 0
5850 287 0
5850 8507 0
5850 870 0
5850 3514 1
5850 5855 0
5850 4566 0
5850 3043 0
5855 7521 0
5855 4371 0
5855 301 0
5855 2418 0
5855 385 0
5855 4536 0
5855 2500 0
5855 2501 0
5855 4551 0
5855 4555 0
5855 4557 0
5855 4566 0
5855 2524 0
5855 6907 0
5855 4550 0
5855 4859 0
5855 869 0
5855 870 0
5855 5052 0
5855 4957 0
5855 5365 0
5855 3336 0
5855 3352 0
5855 3353 1
5855 5432 0
5855 1350 0
5855 5469 0
5855 5855 0
5855 5903 0
5855 5965 0
5855 5980 0
5855 5981 0
5855 6002 0
5855 8089 0
5855 8112 0
4325 5523 1
4325 4550 0
4325 4551 0
4325 4555 0
4325 4557 0
4325 4325 0
4325 4859 0
16107 1259 0
16107 3352 0
16107 3353 1
16107 2338 0
16107 843 0
16107 5523 1
16107 3454 0
16107 16107 0
16107 3011 0
5365 3885 0
5365 1259 0
5365 5365 0
5365 4371 0
5365 3353 1
5365 5432 0
5365 301 0
5365 8507 0
5365 385 0
5365 5521 0
5365 5523 1
5365 18332 0
5365 2500 0
5365 2501 0
5365 2524 0
4859 4371 0
4859 301 0
4859 10566 0
4859 2418 0
4859 385 0
4859 4546 0
4859 2500 0
4859 2501 0
4859 4550 0
4859 2524 0
4859 6907 0
4859 6740 0
4859 4859 0
4859 869 0
4859 5052 0
4859 3043 0
4859 5432 0
4859 3469 0
4859 5521 0
4859 5523 1
4859 3884 0
4859 3885 0
4859 5980 0
4859 5981 0
3844 5469 0
3844 21148 0
3844 3844 0
3844 3352 0
3844 3353 1
3844 6484 0
3844 5980 0
3844 5981 0
3844 5052 0
3844 3043 0
2518 2518 0
2518 3475 1
2518 2517 1
3336 4544 0
3336 3336 0
3336 2338 0
3336 5980 0
3336 5523 1
3336 5469 0
3336 8623 0
3336 4535 0
3336 4536 0
3336 4551 0
269 269 0
269 270 0
269 3884 0
269 5981 0
270 270 0
270 5980 0
270 5981 0
270 5052 0
5903 21148 0
5903 3353 1
5903 5965 0
5903 5469 0
5903 6002 0
5903 5523 1
5903 3043 0
4371 13168 0
4371 1259 0
4371 4371 0
4371 3353 1
4371 3884 0
4371 5432 0
4371 1350 0
4371 3043 0
4371 6002 0
4371 5521 0
4371 5523 1
4371 5981 0
4371 2500 0
4371 2501 0
4371 4551 0
4371 4550 0
3352 21148 0
3352 3352 0
3352 3353 1
3352 287 0
3352 301 0
3352 5981 0
3352 869 0
3352 5523 1
3352 10566 0
3352 5052 0
3352 2500 0
3352 4550 0
3353 2418 1
3353 6484 1
3353 385 1
3353 8623 1
3353 16822 1
3353 2500 1
3353 2501 1
3353 4550 1
3353 4551 1
3353 4555 1
3353 4557 1
3353 21148 1
3353 2885 1
3353 840 1
3353 869 1
3353 13200 1
3353 5052 1
3353 3011 1
3353 4942 1
3353 3043 1
3353 1259 1
3353 3353 2
3353 5412 1
3353 5432 1
3353 5466 1
3353 7517 1
3353 5472 1
3353 3454 1
3353 7592 1
3353 5980 1
3353 8089 1
3353 10566 1
3353 8112 1
287 287 0
287 870 0
287 1259 0
287 2338 0
287 3043 0
287 3426 0
287 4536 0
287 4555 0
287 4957 0
287 13168 0
287 13200 0
287 5052 0
287 5464 0
287 5980 0
287 6002 0
287 6094 0
287 7521 0
287 7592 0
287 8089 0
2338 2338 0
2338 3475 1
2338 8623 0
2338 4550 0
2338 4557 0
2338 6907 0
2338 840 0
2338 5052 0
2338 3011 0
2338 5981 0
2338 5432 0
2338 5464 0
2338 5466 0
2338 5469 0
2338 3426 0
2338 5980 0
2338 7633 0
2338 1943 0
2338 6062 0
5412 5412 0
5412 5432 0
5412 5466 0
5412 5981 0
5412 5472 0
5412 6002 0
5412 5965 0
3884 5466 0
3884 3885 0
3884 1259 0
3884 3884 0
3884 301 0
3884 5432 0
3884 6484 0
3884 5464 0
3884 869 0
3884 2418 0
3884 385 0
3884 5523 1
3884 2500 0
3884 2501 0
3884 5965 0
3885 3885 0
3885 5432 0
3885 5980 0
3885 5981 0
3885 2418 0
3885 5523 1
3885 5052 0
7517 7592 0
5432 301 0
5432 4536 0
5432 4546 0
5432 2500 0
5432 2501 0
5432 4550 0
5432 4555 0
5432 2524 0
5432 4551 0
5432 1259 0
5432 5432 0
5432 5464 0
5432 5469 0
5432 5521 0
5432 5523 1
5432 3043 0
5432 5981 0
5432 1943 0
17119 17119 0
17119 2500 0
2885 5523 1
840 870 0
840 1259 0
840 840 0
840 843 0
843 5981 0
843 2500 0
843 1259 0
843 843 0
843 5469 0
843 3475 1
843 2501 0
5452 16822 0
5452 3469 0
5452 8089 0
5965 3426 0
5965 870 0
5965 5523 1
5965 13200 0
5965 6740 0
4942 4942 0
5517 2517 1
3043 385 0
3043 2500 0
3043 4550 0
3043 4551 0
3043 4555 0
3043 4557 0
3043 2524 0
3043 301 0
3043 869 0
3043 870 0
3043 5052 0
3043 3043 0
3043 5464 0
3043 5466 0
3043 3454 0
3043 5521 0
3043 5523 1
3043 5980 0
3043 5981 0
3043 1943 0
3043 8089 0
3043 6062 0
6484 6740 0
6484 6907 0
6484 5981 0
301 6002 0
301 5469 0
301 1259 0
301 301 0
301 1350 0
301 869 0
301 5523 1
301 8089 0
301 5981 0
301 4535 0
301 2500 0
301 4550 0
301 4555 0
301 2524 0
301 4551 0
301 6740 0
5464 4957 0
5464 1350 0
5464 5466 0
5464 5521 0
5464 4535 0
5464 4557 0
5464 5469 0
5466 1350 0
5466 4957 0
5466 5521 0
5466 1943 0
5466 18332 0
5980 21148 0
5980 1350 0
5980 5469 0
5980 3426 0
5980 870 0
5980 6002 0
5980 1943 0
5980 18332 0
5980 8112 0
5981 8507 0
5981 870 0
5981 1350 0
5981 1943 0
5981 2500 0
5981 2524 0
5981 3426 0
5981 3475 1
5981 3514 1
5981 21148 0
5981 4957 0
5981 13200 0
5981 5052 0
5981 5469 0
5981 5981 0
5981 6002 0
5981 6740 0
5981 6907 0
5981 8089 0
5981 8112 0
5472 5523 1
5472 1943 0
5472 5472 0
7521 4546 0
3426 4550 0
3426 4551 0
3426 4566 0
3426 5052 0
3426 4957 0
3426 1259 0
3426 3426 0
3426 3514 1
3426 1943 0
3426 8112 0
8507 3514 1
869 5469 0
869 869 0
869 5523 1
870 870 0
870 5523 1
870 3469 0
870 5052 0
870 2500 0
870 2501 0
870 4550 0
870 4551 0
870 4555 0
870 4557 0
13168 5523 1
13168 3475 1
13168 13168 0
6002 6002 0
6002 3469 0
6002 13200 0
3475 4535 1
3475 3011 1
3475 8089 1
3475 18332 1
3475 6062 1
3475 4536 1
3475 4537 1
3475 4544 1
3475 4546 1
3475 2517 2
3475 5523 2
3475 5469 1
3475 6907 1
3475 1259 1
3475 3475 2
3475 1365 1
3454 385 0
3454 2500 0
3454 3454 0
385 385 0
385 5521 0
385 5523 1
385 2500 0
1259 2500 0
1259 4555 0
1259 4557 0
1259 2524 0
1259 1350 0
1259 5469 0
1259 8112 0
4957 2418 0
4957 8623 0
4957 5523 1
4957 1943 0
4957 8112 0
3469 16822 0
3469 2517 1
13200 13200 0
13200 8112 0
5521 5469 0
5521 2418 0
5521 5521 0
5521 5523 1
5521 8112 0
5521 4536 0
5521 4537 0
5521 2500 0
5521 4551 0
5521 4566 0
5523 4555 1
5523 1350 1
5523 2418 1
5523 5523 2
5523 4551 1
5523 5469 1
5523 8112 1
5523 4536 1
5523 4537 1
5523 2500 1
5523 2501 1
5523 4550 1
5523 4566 1
5523 2524 1
5523 8623 1
5469 2418 0
5469 8623 0
5469 4536 0
5469 4537 0
5469 4546 0
5469 2524 0
5469 5052 0
5469 5469 0
5469 3514 1
5469 7633 0
5469 1943 0
1943 4535 0
1943 2500 0
1943 2517 1
1943 2524 0
1943 6740 0
1943 5052 0
1943 1365 0
1943 1943 0
8089 8089 0
8089 4536 0
18332 2418 0
18332 8112 0
1350 1350 0
1350 2501 0
1350 7592 0
1350 16822 0
1350 3514 1
1350 5052 0
1350 2500 0
7592 7592 0
7592 6094 0
7592 1365 0
21148 21148 0
21148 5052 0
2418 2500 0
2418 2418 0
2418 2501 0
2418 4550 0
2418 4551 0
6062 4550 0
6062 6907 0
6062 8623 0
6062 4544 0
8623 8623 0
8623 4550 0
8112 2501 0
8112 8112 0
16822 16822 0
4535 4535 0
4535 4536 0
4535 3514 1
4535 4541 0
4535 4557 0
4535 6094 0
4536 4544 0
4536 4551 0
4536 4536 0
4536 4546 0
4536 3011 0
4536 4550 0
4537 4537 0
4537 4550 0
4537 4551 0
3514 3514 2
5052 5052 0
4541 4541 0
4541 4557 0
4544 4544 0
4544 4546 0
4546 4546 0
4546 4550 0
4546 4551 0
2500 2501 0
2500 4555 0
2500 4557 0
2500 2524 0
2500 2500 0
2501 2524 0
2501 2501 0
4550 4550 0
4550 4551 0
4550 4555 0
4550 4566 0
4550 2524 0
4551 4555 0
4551 2524 0
4551 4551 0
4555 4555 0
4555 4557 0
4557 4557 0
6094 2517 1
6094 6094 0
7633 7633 0
2517 2517 2
4566 4566 0
2524 6740 0
2524 2524 0
6907 6740 0
6907 6907 0
