20 6147 0
20 6162 0
20 20 0
20 2069 0
20 22 0
20 18438 0
20 4145 0
20 51 0
20 1720 0
20 8287 0
20 117 0
20 138 0
20 4300 0
20 4301 0
20 4339 0
20 261 0
20 287 0
20 2338 0
20 2342 0
20 4546 0
20 2708 0
20 2712 0
20 2718 0
20 8867 0
20 719 0
20 4818 0
20 4822 0
20 729 0
20 6907 0
20 827 0
20 840 0
20 861 0
20 863 0
20 864 0
20 865 0
20 871 0
20 3035 0
20 3036 0
20 5247 0
20 1170 0
20 1171 0
20 1259 0
20 5419 0
20 5420 0
20 5432 0
20 5469 0
20 7526 0
20 1489 0
20 7697 0
20 1604 0
20 4705 0
20 1620 1
20 3704 0
20 1687 0
20 1714 0
20 1718 1
20 1719 0
20 1741 0
20 5855 0
20 5858 0
20 20251 0
20 5981 0
20 18476 0
20 1957 0
20 6062 0
20 4095 0
22 7697 0
22 1170 0
22 5523 0
22 22 0
22 2338 0
22 1718 1
22 1719 0
22 1720 0
22 6728 0
22 4300 0
22 719 0
22 1489 0
22 1620 1
22 3035 0
22 5469 0
22 2668 1
22 4339 0
22 6779 0
31 2472 0
31 15273 0
31 1620 1
31 5413 1
31 4095 0
51 4100 0
51 5469 0
51 51 0
51 18270 0
51 1620 1
51 6741 0
51 5247 0
51 1687 0
51 5798 0
51 168 0
51 1197 0
51 729 0
51 5855 0
51 2338 0
51 5454 1
51 861 0
51 10125 0
51 6062 0
51 4534 0
51 2500 0
53 53 0
53 2115 0
53 117 0
53 168 0
53 4301 0
53 6359 0
53 287 0
53 2338 0
53 301 0
53 2458 0
53 2500 0
53 2501 0
53 6741 0
53 4710 0
53 2703 0
53 2708 0
53 2712 0
53 2718 0
53 8867 0
53 719 0
53 729 0
53 4956 0
53 870 1
53 7084 0
53 5052 0
53 861 0
53 3141 0
53 3146 0
53 5243 0
53 5247 0
53 1170 0
53 1224 0
53 9447 0
53 3354 0
53 10125 0
53 5469 0
53 1591 0
53 1653 0
53 1687 0
53 5788 0
53 1714 0
53 1718 1
53 1741 0
53 5855 0
53 5978 0
53 5980 0
53 5981 0
53 8064 0
53 1943 0
53 6068 0
53 8160 0
117 2069 0
117 4681 0
117 1653 0
117 5243 0
117 5774 0
117 2706 0
117 2708 0
117 2709 0
117 1687 0
117 117 0
117 6792 0
117 1741 0
117 5855 0
117 1259 0
117 4145 0
117 5432 0
117 827 0
117 8467 0
117 5773 0
117 861 0
117 870 1
117 4956 0
117 1428 1
117 5469 0
117 1943 0
117 2458 0
117 747 0
117 7084 0
117 2500 0
117 2501 0
117 4550 0
117 4551 0
117 14929 0
117 3561 0
138 6147 0
138 4956 0
138 5469 0
138 1620 1
138 5744 0
138 5755 0
138 5247 0
138 1170 0
138 1714 0
138 1718 1
138 7379 0
138 2338 0
138 1943 0
154 4795 0
154 4550 0
154 4551 0
154 719 0
154 4560 0
154 1620 1
154 3036 0
154 5469 0
154 2668 1
154 4339 0
168 4100 0
168 6162 0
168 2115 0
168 8287 0
168 168 0
168 169 0
168 187 0
168 4300 0
168 4339 0
168 287 0
168 301 0
168 2382 0
168 393 0
168 4534 0
168 4546 0
168 4555 0
168 4557 0
168 18910 0
168 4644 0
168 4666 0
168 6792 0
168 2708 0
168 2709 0
168 2712 0
168 669 0
168 2718 0
168 679 0
168 4795 0
168 861 0
168 870 1
168 871 0
168 7084 0
168 2989 0
168 13406 0
168 5243 0
168 1197 0
168 1221 0
168 1259 0
168 3354 0
168 5469 0
168 3443 0
168 5521 0
168 7588 0
168 1604 0
168 1620 1
168 5774 0
168 1687 0
168 1719 0
168 1741 0
168 14072 0
168 3878 0
168 5981 0
168 6068 0
169 1620 1
169 1687 0
169 2718 0
169 169 0
169 4795 0
169 1741 0
169 1259 0
169 287 0
169 301 0
169 2382 0
169 10125 0
169 870 1
169 871 0
169 3469 0
169 2989 0
169 4546 0
187 4145 0
187 2115 0
187 5243 0
187 2718 0
187 3246 0
187 187 0
187 5413 1
187 5432 0
187 861 0
187 1943 0
187 2458 0
187 1620 1
237 14072 0
237 1591 0
237 6738 0
237 1620 1
237 6741 0
237 1653 0
237 6792 0
237 18332 0
237 2718 0
237 5835 0
237 1741 0
237 237 0
237 6359 0
237 2338 0
237 5855 0
237 393 0
237 13037 0
237 1943 0
237 3561 0
237 495 1
261 2604 0
261 1718 1
261 1620 1
261 261 0
261 287 0
261 2458 0
261 2500 0
261 4550 0
261 4555 0
287 16473 0
287 8287 0
287 8316 0
287 287 0
287 313 0
287 16856 0
287 549 0
287 719 0
287 751 0
287 827 0
287 837 0
287 863 0
287 864 0
287 870 1
287 1221 0
287 1259 0
287 1620 1
287 15341 0
287 10184 0
287 2115 0
287 2338 0
287 18762 0
287 2382 0
287 2472 0
287 18910 0
287 2706 0
287 2708 0
287 2712 0
287 2718 0
287 2755 0
287 2831 0
287 2989 0
287 3354 0
287 1957 0
287 4100 0
287 4297 0
287 4301 0
287 4540 0
287 4555 0
287 4556 0
287 4598 0
287 4681 0
287 4683 0
287 4705 0
287 4818 0
287 5052 0
287 5243 0
287 5247 0
287 5413 1
287 5586 0
287 5747 1
287 5755 0
287 5788 0
287 5864 0
287 14072 0
287 5980 0
287 14405 0
287 6712 0
287 7273 0
287 7379 0
287 15680 0
287 7588 0
287 8034 0
301 2069 0
301 5469 0
301 2115 0
301 1620 1
301 8287 0
301 1658 0
301 2703 0
301 1687 0
301 669 0
301 8867 0
301 1197 0
301 4795 0
301 20158 0
301 2755 0
301 1741 0
301 719 0
301 4822 0
301 5855 0
301 1259 0
301 3354 0
301 301 0
301 827 0
301 18476 0
301 2382 0
301 5432 0
301 865 0
301 5523 0
301 5981 0
301 7084 0
301 6068 0
301 2718 0
301 4534 0
301 2500 0
301 4550 0
301 4555 0
301 4551 0
301 495 1
301 4095 0
313 861 0
313 1620 1
313 5413 1
313 12646 0
313 1943 0
313 3469 0
313 4008 0
313 6068 0
313 8160 0
393 4127 0
393 861 0
393 1591 0
393 4534 0
393 1620 1
393 1718 1
393 5835 0
393 5981 0
393 405 0
393 18332 0
393 2472 0
393 4524 0
393 2999 0
393 4550 0
393 4551 0
405 669 0
405 4524 0
405 4534 0
405 1221 0
405 2254 0
405 1620 1
405 16107 0
405 495 1
418 530 0
418 1591 0
418 1620 1
418 6162 0
418 5243 0
418 6792 0
418 5788 0
418 2718 0
418 8867 0
418 1741 0
418 6359 0
418 2338 0
418 2339 0
418 861 0
418 863 0
418 870 1
418 1943 0
418 18332 0
418 4551 0
418 4081 0
495 6147 1
495 4524 1
495 5469 1
495 4145 1
495 8034 1
495 6741 1
495 870 2
495 7273 1
495 871 1
495 1653 1
495 7305 1
495 1687 1
495 2712 1
495 669 1
495 15197 1
495 1741 1
495 4822 1
495 4831 1
495 5858 1
495 1259 1
495 751 1
495 8467 1
495 5432 1
495 827 1
495 15680 1
495 840 1
495 843 1
495 2382 1
495 5773 1
495 861 1
495 863 1
495 864 1
495 865 1
495 747 1
495 10125 1
495 13037 1
495 7320 1
495 5523 1
495 7084 1
495 5277 1
495 2500 1
495 2501 1
495 4550 1
495 4556 1
495 985 1
495 15341 1
495 495 2
495 4598 1
495 7165 1
530 5523 0
530 2718 0
530 1718 1
530 15785 0
530 2115 0
530 4300 0
530 1620 1
530 729 0
530 4340 0
530 5880 0
530 6779 0
549 4100 0
549 5521 0
549 1170 0
549 5523 0
549 2718 0
549 1718 1
549 4297 0
549 4681 0
549 3022 0
549 719 0
549 1620 1
549 12793 0
549 5469 0
549 5855 0
571 1620 1
571 1718 1
571 1720 0
669 6162 0
669 8467 0
669 2339 0
669 2458 0
669 4647 0
669 6741 0
669 6792 0
669 2708 0
669 2709 0
669 669 0
669 2718 0
669 8867 0
669 679 0
669 4795 0
669 729 0
669 3036 0
669 1221 0
669 1224 0
669 5432 0
669 5586 0
669 3561 0
669 1620 1
669 1653 0
669 5835 0
669 1741 0
669 1863 0
669 5981 0
669 4095 0
679 4644 0
679 2604 0
679 3141 0
679 1620 1
679 3174 0
679 2718 0
679 8867 0
679 679 0
679 1718 1
679 807 0
679 4339 0
679 864 0
719 4524 0
719 5469 0
719 6068 0
719 4677 1
719 1620 1
719 4704 0
719 2668 1
719 5744 0
719 2709 0
719 2718 0
719 807 0
719 1718 1
719 1221 0
719 5835 0
719 1741 0
719 719 0
719 4818 0
719 7379 0
719 1259 0
719 4339 0
719 8064 0
719 8467 0
719 2339 0
719 5419 0
719 4956 0
719 2989 0
719 6063 0
719 4550 0
719 4551 0
719 10184 0
719 3561 0
729 6147 0
729 4644 0
729 5469 0
729 1591 0
729 2115 0
729 6728 0
729 4681 0
729 1620 1
729 4710 0
729 3174 0
729 4711 0
729 2668 1
729 6162 0
729 4718 0
729 4719 0
729 3006 0
729 5243 0
729 5247 0
729 1170 0
729 2708 0
729 2709 0
729 2712 0
729 8867 0
729 5798 0
729 1197 0
729 1718 1
729 1720 0
729 5835 0
729 4300 0
729 4301 0
729 6359 0
729 729 0
729 18145 0
729 5755 0
729 1259 0
729 4339 0
729 2831 0
729 1816 0
729 3354 0
729 2338 0
729 2342 0
729 5419 0
729 6779 0
729 18270 0
729 1889 0
729 7526 0
729 1171 0
729 16107 0
729 10134 0
729 20871 0
729 5981 0
729 20251 0
729 2989 0
729 6062 0
729 6063 0
729 4534 0
729 2999 0
729 4555 0
729 3022 0
729 14072 0
729 5586 0
729 4704 0
729 5523 0
747 6147 0
747 4145 0
747 864 0
747 2115 0
747 5755 0
747 7305 0
747 1687 0
747 1197 0
747 4822 0
747 5858 0
747 861 0
747 5432 0
747 827 0
747 837 0
747 840 0
747 4956 0
747 870 1
747 871 0
747 13037 0
747 6068 0
747 4550 0
747 4551 0
747 4555 0
747 4556 0
747 4557 0
747 985 0
747 7165 0
747 4095 0
751 4145 0
751 5432 0
751 863 0
751 4831 0
751 15680 0
751 17986 0
751 4556 0
751 2382 0
751 4822 0
751 861 0
751 864 0
751 865 0
751 8034 0
751 827 0
751 870 1
751 871 0
807 1620 1
807 4711 0
807 1653 0
807 5755 0
807 4546 0
807 1687 0
807 1718 1
807 1720 0
807 807 0
807 5469 0
807 1943 0
807 5523 0
807 4524 0
807 6063 0
807 4534 0
807 4539 0
807 4540 0
827 4100 0
827 4145 0
827 4291 0
827 1741 0
827 4560 0
827 2604 0
827 2706 0
827 2708 0
827 2718 0
827 4822 0
827 4831 0
827 827 0
827 837 0
827 840 0
827 4956 0
827 870 1
827 871 0
827 7165 0
827 861 0
827 3174 0
827 7305 0
827 1221 0
827 1224 0
827 5432 0
827 5469 0
827 1620 1
827 1653 0
827 5755 0
827 5788 0
827 1718 1
827 5855 0
827 5858 0
827 985 0
827 5981 0
827 1687 0
827 1943 0
827 18332 0
827 6068 0
827 4095 0
837 6162 0
837 6147 0
837 3354 0
837 8867 0
837 5981 0
837 1197 0
837 6068 0
837 1591 0
837 4297 0
837 2382 0
837 1620 1
837 5277 0
837 5980 0
837 861 0
837 4795 0
837 2668 1
837 8467 0
837 7165 0
837 6741 0
840 6147 0
840 3141 0
840 870 1
840 4300 0
840 4822 0
840 1259 0
840 3354 0
840 20251 0
840 2338 0
840 840 0
840 843 0
840 7526 0
840 6068 0
840 985 0
843 5981 0
843 1620 1
843 3174 0
843 2703 0
843 2709 0
843 1687 0
843 2712 0
843 2500 0
843 2718 0
843 21154 0
843 1221 0
843 1259 0
843 3354 0
843 1863 0
843 843 0
843 2382 0
843 5469 0
843 16107 0
843 2989 0
843 2501 0
843 14072 0
843 3046 0
861 4100 0
861 6162 0
861 2069 0
861 18476 0
861 4145 0
861 2115 0
861 2254 0
861 4822 0
861 4647 0
861 2472 0
861 4539 0
861 4550 0
861 4551 0
861 4560 0
861 14072 0
861 14085 0
861 4644 0
861 6741 0
861 8160 0
861 6792 0
861 2708 0
861 2709 0
861 2712 0
861 2718 0
861 8867 0
861 2755 0
861 4808 0
861 4956 0
861 861 0
861 865 0
861 870 1
861 871 0
861 5052 0
861 985 0
861 3046 0
861 3141 0
861 7305 0
861 5277 0
861 4404 0
861 1221 0
861 1224 0
861 1259 0
861 2604 0
861 3354 0
861 5432 0
861 5469 0
861 5570 0
861 7084 0
861 1591 0
861 1604 0
861 3654 0
861 1653 0
861 1687 0
861 5788 0
861 5798 0
861 4831 0
861 1741 0
861 5855 0
861 5858 0
861 5864 0
861 5880 0
861 5965 0
861 8034 0
861 16702 0
861 4008 0
861 6068 0
861 4081 0
861 4095 0
863 4100 0
863 4145 0
863 2712 0
863 5788 0
863 5277 0
863 2718 0
863 1221 0
863 1224 0
863 1741 0
863 5855 0
863 4822 0
863 3354 0
863 5432 0
863 4831 0
863 18762 0
863 4956 0
863 5469 0
863 864 0
863 865 0
863 870 1
863 871 0
863 15785 0
863 6068 0
863 4560 0
863 6741 0
864 4100 0
864 4145 0
864 4681 0
864 1620 1
864 2718 0
864 5798 0
864 1719 0
864 1221 0
864 1224 0
864 1741 0
864 4822 0
864 4831 0
864 1259 0
864 5855 0
864 4956 0
864 5469 0
864 864 0
864 870 1
864 871 0
864 3469 0
864 4550 0
864 4560 0
865 4100 0
865 5469 0
865 4145 0
865 1653 0
865 2718 0
865 1221 0
865 1224 0
865 1741 0
865 4822 0
865 4831 0
865 1259 0
865 5855 0
865 15680 0
865 865 0
865 870 1
865 871 0
865 4560 0
870 7084 1
870 2069 1
870 4647 1
870 2604 1
870 5981 1
870 4145 1
870 1591 1
870 2115 1
870 4534 1
870 11447 1
870 6738 1
870 7779 1
870 6741 1
870 13406 1
870 6755 1
870 12646 1
870 5243 1
870 14975 1
870 7305 1
870 2703 1
870 2706 1
870 15273 1
870 2709 1
870 18376 1
870 1687 1
870 2712 1
870 5788 1
870 5277 1
870 2718 1
870 8867 1
870 1197 1
870 8375 1
870 7320 1
870 4831 1
870 1221 1
870 1224 1
870 4297 1
870 1741 1
870 2254 1
870 15785 1
870 4822 1
870 6359 1
870 4644 1
870 5855 1
870 14072 1
870 14085 1
870 18476 1
870 3354 1
870 3878 1
870 4404 1
870 16702 1
870 8501 1
870 5965 1
870 2382 1
870 5978 1
870 870 2
870 871 1
870 4956 1
870 5570 1
870 5523 1
870 8064 1
870 15680 1
870 3469 1
870 13037 1
870 2472 1
870 5980 1
870 4531 1
870 6068 1
870 4539 1
870 5052 1
870 18762 1
870 2500 1
870 2501 1
870 4550 1
870 4551 1
870 4555 1
870 4556 1
870 4557 1
870 16297 1
870 15865 1
870 985 1
870 6792 1
870 8160 1
870 6633 1
871 6147 0
871 6162 0
871 5469 0
871 6738 0
871 6741 0
871 1653 0
871 7320 0
871 5277 0
871 8867 0
871 1221 0
871 4297 0
871 985 0
871 2338 0
871 5432 0
871 5980 0
871 5981 0
871 8034 0
871 7084 0
871 6068 0
871 4550 0
871 4551 0
871 4555 0
871 3036 0
978 5981 0
978 1718 1
978 4534 0
978 1620 1
985 7305 0
985 3469 0
985 5277 0
985 2718 0
985 15785 0
985 6741 0
985 16313 0
985 985 0
985 8034 0
1170 6147 0
1170 8375 0
1170 4292 0
1170 4300 0
1170 4301 0
1170 6359 0
1170 2338 0
1170 2342 0
1170 4524 0
1170 4555 0
1170 12793 0
1170 4681 0
1170 4704 0
1170 6755 0
1170 6779 0
1170 2709 0
1170 2712 0
1170 8867 0
1170 1489 0
1170 6907 0
1170 2831 0
1170 2989 0
1170 7229 0
1170 5243 0
1170 5247 0
1170 1171 0
1170 3354 0
1170 5419 0
1170 5420 0
1170 5432 0
1170 5469 0
1170 15919 0
1170 1591 0
1170 1620 1
1170 1714 0
1170 1718 1
1170 1719 0
1170 1720 0
1170 5855 0
1170 14072 0
1170 1816 0
1170 20251 0
1170 1863 0
1170 5981 0
1170 6062 0
1171 4681 0
1171 1620 1
1171 4704 0
1171 6755 0
1171 1653 0
1171 5247 0
1171 1171 0
1171 1714 0
1171 1718 1
1171 1719 0
1171 1720 0
1171 4300 0
1171 4301 0
1171 6907 0
1171 2831 0
1171 8467 0
1171 2338 0
1171 2342 0
1171 5419 0
1171 5420 0
1171 1489 0
1171 5586 0
1171 3561 0
1197 6162 0
1197 1591 0
1197 1620 1
1197 4704 0
1197 3174 0
1197 1653 0
1197 1687 0
1197 4551 0
1197 1197 0
1197 1714 0
1197 1221 0
1197 1224 0
1197 1741 0
1197 4822 0
1197 5855 0
1197 3354 0
1197 2338 0
1197 5432 0
1197 5247 0
1197 5521 0
1197 1957 0
1197 7320 0
1197 7084 0
1197 2989 0
1197 2500 0
1197 4550 0
1197 4555 0
1197 4556 0
1197 4557 0
1197 4560 0
1197 5523 0
1197 7165 0
1221 6147 0
1221 4100 0
1221 2069 0
1221 4300 0
1221 2458 0
1221 2500 0
1221 2501 0
1221 4550 0
1221 4557 0
1221 4711 0
1221 2708 0
1221 2718 0
1221 2989 0
1221 1221 0
1221 1224 0
1221 1259 0
1221 5432 0
1221 5469 0
1221 3469 0
1221 5521 0
1221 5570 0
1221 1957 0
1221 1620 1
1221 8467 0
1221 1653 0
1221 1741 0
1221 5855 0
1221 5880 0
1221 5981 0
1221 1889 0
1221 1943 0
1221 4018 1
1224 6147 0
1224 8467 0
1224 4546 0
1224 4719 0
1224 1224 0
1224 1741 0
1224 5855 0
1224 1259 0
1224 2500 0
1224 2382 0
1224 4956 0
1224 16702 0
1224 1943 0
1224 2989 0
1224 4018 1
1224 6068 0
1224 15865 0
1224 7165 0
1259 6147 0
1259 18476 0
1259 4300 0
1259 6359 0
1259 8467 0
1259 2382 0
1259 13037 0
1259 4524 0
1259 4534 0
1259 2500 0
1259 4555 0
1259 4557 0
1259 2604 0
1259 4677 1
1259 4683 0
1259 6738 0
1259 6741 0
1259 4705 0
1259 4710 0
1259 4711 0
1259 4718 0
1259 4719 0
1259 2712 0
1259 7084 0
1259 3046 0
1259 7165 0
1259 8034 0
1259 5277 0
1259 3354 0
1259 5419 0
1259 5432 0
1259 5469 0
1259 3561 0
1259 4704 0
1259 1620 1
1259 1653 0
1259 3704 0
1259 5755 0
1259 1687 0
1259 1718 1
1259 1741 0
1259 16107 0
1259 20251 0
1259 1863 0
1259 16702 0
1259 8064 0
1330 1653 0
1330 4677 1
1330 2668 1
1365 1943 0
1365 1620 1
1365 5747 1
1422 2668 1
1422 1620 1
1422 5855 0
1428 3208 1
1428 2703 1
1428 8467 1
1428 1428 2
1428 1943 1
1428 1957 1
1428 3878 1
1428 15273 1
1428 8287 1
1428 1741 1
1428 5855 1
1428 2276 1
1428 3561 1
1428 2708 1
1489 2338 0
1489 6062 0
1489 6728 0
1489 1718 1
1489 4339 0
1489 4683 0
1489 4300 0
1489 3022 0
1489 1489 0
1489 4818 0
1489 1620 1
1489 5469 0
1489 1889 0
1489 5247 0
1591 4145 0
1591 2115 0
1591 4301 0
1591 6359 0
1591 4339 0
1591 8467 0
1591 2338 0
1591 2382 0
1591 2458 0
1591 4534 0
1591 4539 0
1591 4540 0
1591 4546 0
1591 4647 0
1591 2604 0
1591 6738 0
1591 6741 0
1591 6792 0
1591 2703 0
1591 2706 0
1591 2712 0
1591 2718 0
1591 8867 0
1591 4795 0
1591 13037 0
1591 4956 0
1591 5243 0
1591 4646 0
1591 5981 0
1591 3561 0
1591 1591 0
1591 1604 0
1591 1620 1
1591 1653 0
1591 1687 0
1591 5788 0
1591 5855 0
1591 14072 0
1591 8034 0
1591 1943 0
1591 18332 0
1604 6162 0
1604 1604 0
1604 6728 0
1604 4681 0
1604 1620 1
1604 6741 0
1604 13406 0
1604 1718 1
1604 8375 0
1604 2338 0
1604 2382 0
1604 1943 0
1604 18332 0
1615 2338 0
1615 1718 1
1615 1719 0
1615 4301 0
1615 1615 0
1615 1620 1
1615 2519 0
1620 6147 1
1620 4100 1
1620 18438 1
1620 6162 1
1620 2069 1
1620 4127 1
1620 4145 1
1620 2115 1
1620 14405 1
1620 16486 1
1620 8316 1
1620 18145 1
1620 8375 1
1620 4292 1
1620 4300 1
1620 4301 1
1620 2254 1
1620 6359 1
1620 2276 1
1620 4340 1
1620 2338 1
1620 2339 1
1620 2342 1
1620 16702 1
1620 18762 1
1620 12646 1
1620 5523 1
1620 20871 1
1620 21154 1
1620 2458 1
1620 4524 1
1620 4531 1
1620 4534 1
1620 4539 1
1620 4540 1
1620 3146 1
1620 4546 1
1620 4550 1
1620 4555 1
1620 4556 1
1620 4557 1
1620 4560 1
1620 2519 1
1620 16856 1
1620 2534 1
1620 2472 1
1620 12793 1
1620 16473 1
1620 15489 1
1620 4646 1
1620 4647 1
1620 2604 1
1620 6712 1
1620 4666 1
1620 6728 1
1620 4681 1
1620 4683 1
1620 18910 1
1620 4704 1
1620 4705 1
1620 6755 1
1620 4710 1
1620 4711 1
1620 4718 1
1620 6779 1
1620 14975 1
1620 2703 1
1620 2706 1
1620 2708 1
1620 2709 1
1620 2712 1
1620 2718 1
1620 8867 1
1620 4795 1
1620 12992 1
1620 2755 1
1620 4808 1
1620 14072 1
1620 4818 1
1620 6907 1
1620 2831 1
1620 6946 1
1620 18985 1
1620 14814 1
1620 4956 1
1620 2989 1
1620 18376 1
1620 2999 1
1620 5052 1
1620 3006 1
1620 14931 1
1620 3022 1
1620 3035 1
1620 3036 1
1620 3046 1
1620 8287 1
1620 7229 1
1620 3141 1
1620 3174 1
1620 17937 1
1620 7273 1
1620 5235 1
1620 5243 1
1620 5247 1
1620 3246 1
1620 4297 1
1620 7379 1
1620 9447 1
1620 15919 1
1620 5419 1
1620 5420 1
1620 5432 1
1620 5469 1
1620 7526 1
1620 3443 1
1620 5521 1
1620 7588 1
1620 4339 1
1620 8437 1
1620 5586 1
1620 4551 1
1620 15865 1
1620 7697 1
1620 6063 1
1620 3654 1
1620 1620 2
1620 7779 1
1620 5744 1
1620 5746 1
1620 3704 1
1620 1658 1
1620 5773 1
1620 4719 1
1620 11933 1
1620 5798 1
1620 1714 1
1620 1718 2
1620 1719 1
1620 1720 1
1620 5835 1
1620 1741 1
1620 11447 1
1620 5855 1
1620 19067 1
1620 5864 1
1620 5880 1
1620 1816 1
1620 20251 1
1620 6792 1
1620 1863 1
1620 5965 1
1620 5978 1
1620 5980 1
1620 5981 1
1620 18270 1
1620 1889 1
1620 4291 1
1620 8064 1
1620 8070 1
1620 10134 1
1620 1943 1
1620 18332 1
1620 1957 1
1620 4008 1
1620 16297 1
1620 4012 1
1620 6062 1
1620 10184 1
1620 8160 1
1620 4081 1
1620 4095 1
1653 8375 0
1653 9447 0
1653 1653 0
1653 1714 0
1653 1943 0
1653 18476 0
1653 2338 0
1653 2382 0
1653 2458 0
1653 2501 0
1653 18910 0
1653 2604 0
1653 3141 0
1653 3146 0
1653 3561 0
1653 20251 0
1653 4297 0
1653 4534 0
1653 4540 0
1653 4560 0
1653 4677 1
1653 4681 0
1653 4704 0
1653 4831 0
1653 4956 0
1653 5243 0
1653 5277 0
1653 5454 1
1653 5523 0
1653 5746 0
1653 5835 0
1653 5855 0
1653 6063 0
1653 6068 0
1653 6147 0
1653 14814 0
1653 6741 0
1653 15273 0
1653 7165 0
1653 14931 0
1653 15919 0
1653 7779 0
1653 8034 0
1653 8064 0
1653 8070 0
1658 2069 0
1658 1687 0
1658 4100 0
1658 5755 0
1658 4081 0
1658 1714 0
1658 1718 1
1658 3035 0
1658 1658 0
1658 7165 0
1687 2069 0
1687 4145 0
1687 2115 0
1687 4300 0
1687 4822 0
1687 2338 0
1687 4404 0
1687 4534 0
1687 2500 0
1687 4550 0
1687 4555 0
1687 4560 0
1687 4677 1
1687 2709 0
1687 4831 0
1687 7320 0
1687 7084 0
1687 7165 0
1687 5981 0
1687 3174 0
1687 8064 0
1687 3354 0
1687 5432 0
1687 5469 0
1687 5521 0
1687 5523 0
1687 5570 0
1687 3704 0
1687 1687 0
1687 1741 0
1687 5855 0
1687 5858 0
1687 1957 0
1687 16313 0
1714 6147 0
1714 5747 1
1714 5243 0
1714 2709 0
1714 2712 0
1714 1714 0
1714 14072 0
1714 2338 0
1714 5980 0
1714 5981 0
1714 1943 0
1714 4095 0
1718 6147 1
1718 4100 1
1718 7229 1
1718 2755 1
1718 4127 1
1718 5981 1
1718 17937 1
1718 6712 1
1718 17986 1
1718 3141 1
1718 6728 1
1718 4681 1
1718 3146 1
1718 4683 1
1718 14931 1
1718 16473 1
1718 8287 1
1718 4704 1
1718 4705 1
1718 6755 1
1718 16486 1
1718 4710 1
1718 4711 1
1718 7273 1
1718 4718 1
1718 4719 1
1718 5744 1
1718 5746 1
1718 3704 1
1718 8316 1
1718 5247 1
1718 15489 1
1718 5774 1
1718 4301 1
1718 2708 1
1718 2718 1
1718 21154 1
1718 5798 1
1718 5235 1
1718 1718 2
1718 1719 1
1718 1720 1
1718 20158 1
1718 4291 1
1718 4292 1
1718 4300 1
1718 1741 1
1718 4818 1
1718 6946 1
1718 18145 1
1718 5755 1
1718 5586 1
1718 4339 1
1718 4340 1
1718 8437 1
1718 5880 1
1718 18438 1
1718 6907 1
1718 2831 1
1718 8467 1
1718 1816 1
1718 15919 1
1718 2338 1
1718 2339 1
1718 5419 1
1718 4404 1
1718 6779 1
1718 1863 1
1718 12793 1
1718 5980 1
1718 5469 1
1718 18270 1
1718 1889 1
1718 2534 1
1718 7526 1
1718 8064 1
1718 16107 1
1718 8070 1
1718 20871 1
1718 10125 1
1718 5521 1
1718 5523 1
1718 10134 1
1718 14405 1
1718 7588 1
1718 4524 1
1718 2989 1
1718 6062 1
1718 6063 1
1718 14085 1
1718 4534 1
1718 2999 1
1718 16313 1
1718 5052 1
1718 5570 1
1718 3022 1
1718 2519 1
1718 16856 1
1718 3035 1
1718 3036 1
1718 14814 1
1718 19067 1
1718 3046 1
1718 7697 1
1719 7697 0
1719 6712 0
1719 14405 0
1719 6728 0
1719 4681 0
1719 4683 0
1719 4704 0
1719 3704 0
1719 6779 0
1719 5247 0
1719 15489 0
1719 2718 0
1719 21154 0
1719 1719 0
1719 1720 0
1719 4300 0
1719 4301 0
1719 4818 0
1719 18145 0
1719 4339 0
1719 8437 0
1719 1816 0
1719 2338 0
1719 2339 0
1719 5419 0
1719 1863 0
1719 5469 0
1719 8064 0
1719 8070 0
1719 6062 0
1719 6063 0
1719 3022 0
1719 5586 0
1719 2519 0
1719 3036 0
1719 2534 0
1720 8064 0
1720 2718 0
1720 2338 0
1720 1720 0
1720 18145 0
1720 6728 0
1720 4301 0
1720 4818 0
1720 2519 0
1720 16856 0
1720 6946 0
1720 5981 0
1720 5855 0
1720 4704 0
1720 9447 0
1720 5586 0
1720 5746 0
1720 3704 0
1720 5247 0
1741 6147 0
1741 4100 0
1741 2069 0
1741 8287 0
1741 4300 0
1741 2254 0
1741 6359 0
1741 8437 0
1741 2338 0
1741 12646 0
1741 2115 0
1741 2458 0
1741 4524 0
1741 4546 0
1741 2500 0
1741 2501 0
1741 4550 0
1741 4551 0
1741 4555 0
1741 4556 0
1741 4557 0
1741 15197 0
1741 2604 0
1741 6779 0
1741 2708 0
1741 2712 0
1741 2718 0
1741 8867 0
1741 4822 0
1741 18985 0
1741 2989 0
1741 3046 0
1741 2831 0
1741 3174 0
1741 5243 0
1741 5247 0
1741 5277 0
1741 4301 0
1741 4644 0
1741 4646 0
1741 3354 0
1741 5419 0
1741 5420 0
1741 5432 0
1741 5469 0
1741 5523 0
1741 5570 0
1741 15273 0
1741 6741 0
1741 17986 0
1741 5744 0
1741 5746 0
1741 3704 0
1741 5773 0
1741 20158 0
1741 1741 0
1741 5855 0
1741 5880 0
1741 8034 0
1741 10125 0
1741 15341 0
1741 1957 0
1741 6068 0
1741 2382 0
1741 4081 0
1816 4681 0
1816 4704 0
1816 4705 0
1816 5247 0
1816 2718 0
1816 5798 0
1816 4300 0
1816 4818 0
1816 1816 0
1816 20251 0
1816 2338 0
1816 5469 0
1816 5523 0
1816 6062 0
1816 3006 0
1816 5586 0
1816 3035 0
1816 3036 0
1863 5523 0
1863 2718 0
1863 2989 0
1863 1863 0
1863 4300 0
1863 3035 0
1863 3046 0
1863 8467 0
1863 6779 0
1889 5523 0
1889 2718 0
1889 20251 0
1889 6792 0
1889 4681 0
1889 5586 0
1889 8867 0
1889 5469 0
1889 1889 0
1943 6147 0
1943 2069 0
1943 4145 0
1943 6162 0
1943 2115 0
1943 4340 0
1943 2338 0
1943 4539 0
1943 2500 0
1943 2604 0
1943 2703 0
1943 2709 0
1943 2712 0
1943 2718 0
1943 8867 0
1943 2755 0
1943 4956 0
1943 2999 0
1943 5052 0
1943 3006 0
1943 3141 0
1943 3174 0
1943 5243 0
1943 3246 0
1943 9447 0
1943 7379 0
1943 5432 0
1943 5469 0
1943 3654 0
1943 5744 0
1943 5747 1
1943 5788 0
1943 5798 0
1943 14072 0
1943 5980 0
1943 5981 0
1943 1943 0
1943 6068 0
1943 8160 0
1943 4095 0
1947 8064 0
1947 6063 0
1947 2668 1
1947 5747 1
1957 4644 0
1957 2703 0
1957 4555 0
1957 4822 0
1957 3354 0
1957 5521 0
1957 1957 0
1957 4524 0
1957 5570 0
1957 4550 0
1957 4551 0
1957 4556 0
1957 4557 0
1957 5880 0
2069 2069 0
2069 4956 0
2069 2604 0
2069 12992 0
2069 5773 0
2069 2709 0
2069 5855 0
2069 8467 0
2069 3354 0
2069 2338 0
2069 4145 0
2069 4818 0
2069 8064 0
2069 2458 0
2069 7084 0
2069 6062 0
2069 4555 0
2069 3046 0
2069 3561 0
2115 4145 0
2115 2115 0
2115 3141 0
2115 3654 0
2115 4681 0
2115 3146 0
2115 14072 0
2115 6741 0
2115 6162 0
2115 5243 0
2115 2712 0
2115 5788 0
2115 2718 0
2115 8867 0
2115 4808 0
2115 6359 0
2115 5855 0
2115 5965 0
2115 5864 0
2115 2338 0
2115 2382 0
2115 4956 0
2115 5469 0
2115 18332 0
2115 4540 0
2115 4550 0
2115 8160 0
2115 5798 0
2115 4095 0
2254 6147 0
2254 4127 0
2254 4795 0
2254 5855 0
2254 2339 0
2254 2382 0
2254 5981 0
2254 5521 0
2254 5523 0
2254 6738 0
2276 8467 0
2276 4127 0
2276 4008 0
2276 5864 0
2276 3561 0
2276 3443 0
2338 4100 0
2338 6162 0
2338 18438 0
2338 17937 0
2338 14405 0
2338 8375 0
2338 4292 0
2338 4300 0
2338 4301 0
2338 4339 0
2338 4340 0
2338 8437 0
2338 2338 0
2338 2339 0
2338 2342 0
2338 12646 0
2338 16107 0
2338 2472 0
2338 4550 0
2338 14814 0
2338 12793 0
2338 2604 0
2338 4681 0
2338 4704 0
2338 4711 0
2338 2668 1
2338 4718 0
2338 6779 0
2338 2709 0
2338 2712 0
2338 2718 0
2338 8867 0
2338 14072 0
2338 4557 0
2338 4818 0
2338 4822 0
2338 6907 0
2338 2989 0
2338 5052 0
2338 3022 0
2338 3035 0
2338 3036 0
2338 5981 0
2338 18270 0
2338 3146 0
2338 3174 0
2338 5243 0
2338 5247 0
2338 3354 0
2338 5419 0
2338 5420 0
2338 5432 0
2338 5978 0
2338 5469 0
2338 15785 0
2338 5586 0
2338 4705 0
2338 6755 0
2338 20251 0
2338 3704 0
2338 5835 0
2338 16297 0
2338 3878 0
2338 5980 0
2338 8070 0
2338 10125 0
2338 6062 0
2338 6063 0
2338 6068 0
2338 4095 0
2339 14085 0
2339 2472 0
2339 4681 0
2339 4704 0
2339 7273 0
2339 5247 0
2342 5420 0
2342 4300 0
2342 5469 0
2342 4704 0
2342 3561 0
2342 2668 1
2342 8467 0
2342 5247 0
2382 6147 0
2382 6359 0
2382 8501 0
2382 2382 0
2382 20871 0
2382 4524 0
2382 4534 0
2382 4539 0
2382 4546 0
2382 4550 0
2382 4551 0
2382 4560 0
2382 4681 0
2382 4704 0
2382 2708 0
2382 2718 0
2382 7165 0
2382 3704 0
2382 3354 0
2382 5855 0
2382 3878 0
2382 6792 0
2382 8064 0
2458 4100 0
2458 14072 0
2458 6162 0
2458 6738 0
2458 6741 0
2458 2703 0
2458 2709 0
2458 2718 0
2458 8867 0
2458 4647 0
2458 7084 0
2458 5413 1
2458 4145 0
2458 5855 0
2458 5978 0
2458 5980 0
2458 5981 0
2458 2458 0
2458 5052 0
2458 4555 0
2458 5880 0
2458 4081 0
2472 3141 0
2472 18332 0
2472 5788 0
2472 5855 0
2472 5981 0
2500 4145 0
2500 4524 0
2500 2501 0
2500 4555 0
2500 4556 0
2500 4557 0
2500 2703 0
2500 2708 0
2500 2709 0
2500 2712 0
2500 2718 0
2500 4831 0
2500 15197 0
2500 3354 0
2500 2500 0
2500 5521 0
2500 5523 0
2500 15785 0
2500 4822 0
2500 5586 0
2500 5855 0
2500 5858 0
2500 3878 0
2500 5432 0
2500 5981 0
2501 4822 0
2501 2708 0
2501 2709 0
2501 2712 0
2501 2718 0
2501 2501 0
2501 2989 0
2501 5432 0
2501 5523 0
2501 15785 0
2501 5586 0
2501 3561 0
2501 8467 0
2501 5773 0
2501 5855 0
2501 5858 0
2501 3878 0
2534 4647 0
2534 5469 0
2534 15489 0
2534 5980 0
2534 5981 0
2534 3469 0
2534 5523 0
2534 4524 0
2534 6068 0
2534 4534 0
2534 4539 0
2534 4540 0
2534 4546 0
2534 10184 0
2534 2534 0
2604 6147 0
2604 4300 0
2604 8467 0
2604 4546 0
2604 4555 0
2604 2604 0
2604 6728 0
2604 6741 0
2604 2708 0
2604 8867 0
2604 4551 0
2604 4956 0
2604 3022 0
2604 7165 0
2604 5469 0
2604 7526 0
2604 6068 0
2604 3354 0
2604 5798 0
2604 5855 0
2604 20251 0
2604 5981 0
2604 18332 0
2604 6062 0
2668 7697 1
2668 18985 1
2668 18476 1
2668 14929 1
2668 7768 1
2668 3174 1
2668 2668 2
2668 11933 1
2668 3246 1
2668 4795 1
2668 4808 1
2668 4300 1
2668 4818 1
2668 5855 1
2668 5858 1
2668 16107 1
2668 20251 1
2668 5419 1
2668 5420 1
2668 8501 1
2668 5469 1
2668 3561 1
2668 19846 1
2668 6062 1
2668 16313 1
2668 4540 1
2668 4546 1
2668 4555 1
2668 4560 1
2668 18910 1
2668 6633 1
2668 15785 1
2668 7165 1
2703 6162 0
2703 16473 0
2703 8287 0
2703 4534 0
2703 4560 0
2703 4644 0
2703 4646 0
2703 4647 0
2703 6738 0
2703 6741 0
2703 4710 0
2703 6792 0
2703 2703 0
2703 2706 0
2703 2709 0
2703 2712 0
2703 2718 0
2703 8867 0
2703 3174 0
2703 5243 0
2703 5247 0
2703 5835 0
2703 5855 0
2703 8034 0
2703 18332 0
2703 6068 0
2706 4644 0
2706 4646 0
2706 4647 0
2706 14072 0
2706 8287 0
2706 2709 0
2706 2712 0
2706 2718 0
2706 5855 0
2706 8064 0
2706 3469 0
2708 8287 0
2708 4297 0
2708 8467 0
2708 4677 1
2708 6741 0
2708 6755 0
2708 6792 0
2708 2709 0
2708 2712 0
2708 2718 0
2708 4795 0
2708 3046 0
2708 3174 0
2708 5243 0
2708 3354 0
2708 5432 0
2708 3561 0
2708 7084 0
2708 5773 0
2708 5855 0
2708 14072 0
2708 5981 0
2708 8064 0
2708 6068 0
2709 8287 0
2709 4301 0
2709 8467 0
2709 19846 0
2709 4644 0
2709 4646 0
2709 4647 0
2709 6738 0
2709 6741 0
2709 6792 0
2709 2709 0
2709 2712 0
2709 2718 0
2709 4795 0
2709 4808 0
2709 4956 0
2709 3141 0
2709 3174 0
2709 5247 0
2709 3246 0
2709 5432 0
2709 3561 0
2709 5835 0
2709 5855 0
2709 5880 0
2709 5965 0
2709 5981 0
2709 8064 0
2709 18332 0
2709 6068 0
2709 4081 0
2712 6162 0
2712 8287 0
2712 4301 0
2712 6359 0
2712 4647 0
2712 4555 0
2712 4560 0
2712 6738 0
2712 6741 0
2712 4710 0
2712 6792 0
2712 2712 0
2712 2718 0
2712 8867 0
2712 4795 0
2712 4822 0
2712 13037 0
2712 4956 0
2712 5052 0
2712 3036 0
2712 3141 0
2712 3146 0
2712 5243 0
2712 5247 0
2712 5277 0
2712 4644 0
2712 4646 0
2712 3354 0
2712 5432 0
2712 5835 0
2712 5855 0
2712 14072 0
2712 5978 0
2712 5980 0
2712 5981 0
2712 8034 0
2712 8064 0
2712 18332 0
2712 6068 0
2712 8160 0
2718 6147 0
2718 4100 0
2718 6162 0
2718 8287 0
2718 4297 0
2718 8467 0
2718 5521 0
2718 5523 0
2718 4524 0
2718 4534 0
2718 4539 0
2718 4540 0
2718 4546 0
2718 4550 0
2718 4646 0
2718 4666 0
2718 4681 0
2718 4683 0
2718 6738 0
2718 6741 0
2718 6755 0
2718 6792 0
2718 2718 0
2718 4795 0
2718 2831 0
2718 3022 0
2718 3035 0
2718 3036 0
2718 3141 0
2718 3146 0
2718 5243 0
2718 5247 0
2718 7320 0
2718 5277 0
2718 6359 0
2718 5432 0
2718 5469 0
2718 3443 0
2718 5755 0
2718 5835 0
2718 5855 0
2718 14072 0
2718 8064 0
2718 18332 0
2718 6068 0
2718 8160 0
2718 7165 0
2718 4081 0
2755 5981 0
2755 6712 0
2755 6738 0
2755 5247 0
2755 6792 0
2755 5798 0
2755 18332 0
2831 2989 0
2831 6162 0
2831 15919 0
2831 17986 0
2831 4681 0
2831 4704 0
2831 6755 0
2831 6779 0
2831 5247 0
2831 5774 0
2831 4300 0
2831 4301 0
2831 4818 0
2831 5855 0
2831 8437 0
2831 6907 0
2831 2831 0
2831 5981 0
2831 5523 0
2831 5469 0
2831 18332 0
2831 3035 0
2831 3036 0
2989 6162 0
2989 6712 0
2989 6728 0
2989 4681 0
2989 4704 0
2989 4711 0
2989 6779 0
2989 5247 0
2989 4556 0
2989 4300 0
2989 4301 0
2989 4340 0
2989 6907 0
2989 3354 0
2989 5981 0
2989 2989 0
2989 4534 0
2989 4539 0
2989 4540 0
2989 4546 0
2989 4550 0
2989 4551 0
2989 4555 0
2989 4557 0
2989 3035 0
2989 3036 0
2999 18332 0
2999 5981 0
2999 9447 0
3006 18332 0
3006 4550 0
3006 5432 0
3006 4681 0
3006 5747 1
3022 6792 0
3022 4339 0
3022 7229 0
3022 3022 0
3022 5469 0
3022 4340 0
3022 6907 0
3035 4704 0
3035 4711 0
3035 5755 0
3035 4795 0
3035 5835 0
3035 4300 0
3035 4339 0
3035 4340 0
3035 6907 0
3035 5521 0
3035 5523 0
3035 4534 0
3035 4546 0
3035 5586 0
3035 3035 0
3035 8160 0
3036 4100 0
3036 3141 0
3036 4681 0
3036 4704 0
3036 4705 0
3036 4711 0
3036 4718 0
3036 5247 0
3036 6792 0
3036 4795 0
3036 5835 0
3036 4300 0
3036 4339 0
3036 4340 0
3036 6907 0
3036 3036 0
3036 5469 0
3036 5521 0
3036 5523 0
3036 6062 0
3036 6068 0
3036 4550 0
3036 4551 0
3046 4718 0
3046 4719 0
3046 3704 0
3046 5469 0
3046 7165 0
3141 6162 0
3141 5981 0
3141 3141 0
3141 3146 0
3141 8160 0
3141 5243 0
3141 18376 0
3141 7320 0
3141 6359 0
3141 5855 0
3141 8467 0
3141 3354 0
3141 10184 0
3141 18332 0
3146 3146 0
3146 5243 0
3146 8375 0
3146 6359 0
3146 8467 0
3146 8160 0
3174 6162 0
3174 3174 0
3174 5247 0
3174 6792 0
3174 8867 0
3174 4795 0
3174 5432 0
3174 4534 0
3174 4539 0
3174 4540 0
3174 4546 0
3208 18332 0
3208 5747 1
3208 4644 0
3208 5981 0
3208 16107 0
3208 4719 0
3246 4711 0
3354 8287 0
3354 16107 0
3354 4531 0
3354 4550 0
3354 4557 0
3354 6741 0
3354 4555 0
3354 4956 0
3354 7084 0
3354 7165 0
3354 7229 0
3354 5277 0
3354 3354 0
3354 3469 0
3354 5755 0
3354 5855 0
3354 5858 0
3354 5432 0
3354 5981 0
3354 8034 0
3354 6063 0
3354 4018 1
3443 4127 0
3443 5413 1
3443 5855 0
3443 3443 0
3469 18762 0
3469 4540 0
3469 6728 0
3469 6946 0
3469 5277 0
3469 5747 1
3561 18438 0
3561 8287 0
3561 8316 0
3561 4301 0
3561 4647 0
3561 5523 0
3561 4524 0
3561 4534 0
3561 4795 0
3561 4808 0
3561 4956 0
3561 7165 0
3561 21154 0
3561 13406 0
3561 7273 0
3561 5247 0
3561 4646 0
3561 16313 0
3561 5788 0
3561 5798 0
3561 5855 0
3561 14072 0
3561 14085 0
3561 20251 0
3561 5981 0
3561 16297 0
3561 18762 0
3561 8160 0
3654 6162 0
3654 5413 1
3654 5880 0
3704 5419 0
3704 6792 0
3704 5432 0
3704 5835 0
3704 5469 0
3704 5855 0
3878 5981 0
3878 4534 0
3878 4539 0
3878 4546 0
3878 4555 0
3878 4557 0
3878 4560 0
3878 4540 0
3878 7165 0
4008 18332 0
4008 5413 1
4008 4008 0
4012 4012 0
4012 4018 1
4012 5858 0
4018 5788 1
4018 4018 2
4018 5835 1
4081 4145 0
4081 5880 0
4081 5413 1
4081 18332 0
4081 6068 0
4081 4081 0
4095 4956 0
4095 6738 0
4095 6741 0
4095 5247 0
4095 8867 0
4095 5413 1
4095 5965 0
4095 7165 0
4095 4095 0
4100 4100 0
4100 6728 0
4100 5755 0
4100 7320 0
4100 20251 0
4100 4795 0
4100 4339 0
4100 4550 0
4100 4560 0
4127 4127 0
4127 17986 0
4145 4145 0
4145 4404 0
4145 4647 0
4145 6738 0
4145 6741 0
4145 4956 0
4145 7273 0
4145 7305 0
4145 5855 0
4145 5864 0
4145 5880 0
4145 5980 0
4145 5981 0
4145 8064 0
4145 18332 0
4291 4292 0
4292 6147 0
4292 8867 0
4292 6068 0
4292 4300 0
4292 5247 0
4297 5523 0
4297 5521 0
4297 4297 0
4300 5469 0
4300 4704 0
4300 5981 0
4300 4681 0
4300 20251 0
4300 6755 0
4300 5755 0
4300 5773 0
4300 11933 0
4300 5798 0
4300 5835 0
4300 4300 0
4300 4301 0
4300 4818 0
4300 4822 0
4300 4339 0
4300 4340 0
4300 8437 0
4300 5247 0
4300 5419 0
4300 5420 0
4300 7229 0
4300 6062 0
4300 10125 0
4300 4555 0
4300 5586 0
4300 12793 0
4300 6907 0
4300 5523 0
4301 11447 0
4301 6755 0
4301 8467 0
4301 5243 0
4301 5247 0
4301 8867 0
4301 5755 0
4301 6907 0
4301 5419 0
4301 6779 0
4301 5523 0
4301 15785 0
4301 6068 0
4301 5586 0
4301 4704 0
4339 6062 0
4339 5469 0
4339 7229 0
4339 4681 0
4339 4704 0
4339 4718 0
4339 5247 0
4339 4795 0
4339 4818 0
4339 5586 0
4339 4340 0
4339 5420 0
4339 8467 0
4339 8070 0
4339 5981 0
4339 4524 0
4339 4534 0
4339 5419 0
4339 8437 0
4340 4704 0
4340 5247 0
4340 4340 0
4340 20251 0
4340 5420 0
4340 5855 0
4340 5469 0
4340 6062 0
4340 4534 0
4340 5586 0
4340 14814 0
4404 6147 0
4404 4956 0
4524 6147 0
4524 8467 0
4524 4524 0
4524 4531 0
4524 4644 0
4524 4705 0
4524 4795 0
4524 4822 0
4524 7165 0
4524 7320 0
4524 7379 0
4524 5469 0
4524 5855 0
4524 5858 0
4531 6147 0
4531 14405 0
4531 6779 0
4531 8467 0
4531 6946 0
4531 4531 0
4534 8467 0
4534 4546 0
4534 4534 0
4534 4705 0
4534 4711 0
4534 4795 0
4534 5965 0
4534 5247 0
4534 5432 0
4534 5469 0
4534 5586 0
4534 4704 0
4534 5744 0
4534 5855 0
4534 5858 0
4534 8064 0
4539 5469 0
4539 4705 0
4539 4704 0
4539 4711 0
4539 5744 0
4539 4795 0
4539 4539 0
4540 6147 0
4540 6162 0
4540 4705 0
4540 4711 0
4540 5744 0
4540 4795 0
4540 6792 0
4540 5469 0
4540 4546 0
4540 4560 0
4546 8287 0
4546 4705 0
4546 6755 0
4546 4711 0
4546 5744 0
4546 8867 0
4546 4795 0
4546 4822 0
4546 5432 0
4546 5469 0
4546 4546 0
4546 4550 0
4546 4551 0
4546 4560 0
4550 4550 0
4550 4551 0
4550 4555 0
4550 4560 0
4550 18985 0
4550 4795 0
4550 4822 0
4550 5247 0
4550 7320 0
4550 5419 0
4550 5432 0
4550 5523 0
4550 5773 0
4550 5835 0
4550 5855 0
4550 8064 0
4550 6062 0
4550 6068 0
4551 5523 0
4551 4555 0
4551 4560 0
4551 4677 1
4551 4704 0
4551 4710 0
4551 4711 0
4551 4718 0
4551 4719 0
4551 4551 0
4551 4795 0
4551 8064 0
4551 5432 0
4551 5521 0
4551 5586 0
4551 5773 0
4551 5855 0
4551 6068 0
4555 4647 0
4555 16473 0
4555 4795 0
4555 5835 0
4555 4822 0
4555 5855 0
4555 5247 0
4555 5432 0
4555 19067 0
4555 5523 0
4555 7588 0
4555 4555 0
4555 4557 0
4555 4560 0
4556 5855 0
4556 5432 0
4557 16473 0
4557 4822 0
4557 5855 0
4557 5247 0
4557 7588 0
4557 4557 0
4557 4560 0
4560 6162 0
4560 4704 0
4560 4795 0
4560 6062 0
4560 6068 0
4560 4560 0
4560 6633 0
4560 7165 0
4598 4718 0
4598 5747 1
4644 4644 0
4644 4646 0
4644 4647 0
4644 4677 1
4644 5243 0
4644 5855 0
4644 16297 0
4644 5432 0
4644 5773 0
4644 8064 0
4644 18332 0
4644 5981 0
4646 4647 0
4646 6712 0
4646 4677 1
4646 8287 0
4646 6359 0
4646 8467 0
4646 5981 0
4646 8064 0
4647 4647 0
4647 6712 0
4647 6738 0
4647 5835 0
4647 6741 0
4647 8467 0
4666 4666 0
4666 4677 1
4677 6068 1
4677 4677 2
4677 10184 1
4677 6738 1
4677 6741 1
4677 5855 1
4677 8034 1
4681 15919 0
4681 7229 0
4681 4704 0
4681 6728 0
4681 4681 0
4681 8287 0
4681 4705 0
4681 6779 0
4681 5247 0
4681 5835 0
4681 5855 0
4681 20251 0
4681 5469 0
4681 5521 0
4681 21154 0
4681 5586 0
4681 5798 0
4681 5523 0
4683 4683 0
4704 6755 0
4704 5835 0
4704 5247 0
4704 5419 0
4704 5469 0
4704 5521 0
4704 4704 0
4704 6907 0
4704 5523 0
4705 21154 0
4705 6946 0
4705 5247 0
4710 4710 0
4711 18332 0
4711 4711 0
4711 4818 0
4718 18332 0
4718 15341 0
4718 4718 0
4719 4719 0
4719 5788 0
4719 18145 0
4795 6147 0
4795 6162 0
4795 6062 0
4795 8287 0
4795 6755 0
4795 8867 0
4795 4795 0
4795 4831 0
4795 4818 0
4795 4822 0
4795 8467 0
4795 20251 0
4795 5469 0
4795 6633 0
4795 6068 0
4808 6162 0
4808 14072 0
4818 15919 0
4818 5247 0
4818 4818 0
4818 6907 0
4818 18762 0
4818 5469 0
4818 5586 0
4822 6946 0
4822 5855 0
4822 4822 0
4822 4831 0
4822 5858 0
4822 6779 0
4822 5432 0
4822 7084 0
4822 7320 0
4822 5523 0
4822 16297 0
4822 12793 0
4831 7320 0
4831 5277 0
4831 6741 0
4956 6741 0
4956 4956 0
4956 15273 0
4956 5243 0
4956 18332 0
4956 5744 0
4956 5788 0
4956 5855 0
4956 5981 0
4956 10125 0
4956 20251 0
5052 5469 0
5052 6068 0
5052 5981 0
5052 6792 0
5052 20251 0
5052 5835 0
5052 5855 0
5052 8064 0
5052 5978 0
5052 5052 0
5052 18985 0
5235 8287 0
5243 6147 0
5243 6162 0
5243 6359 0
5243 6738 0
5243 6741 0
5243 6792 0
5243 8867 0
5243 5247 0
5243 5586 0
5243 5835 0
5243 5855 0
5243 8064 0
5243 18332 0
5243 6062 0
5243 6068 0
5243 8160 0
5247 6147 0
5247 8375 0
5247 14072 0
5247 6359 0
5247 8437 0
5247 8467 0
5247 5419 0
5247 5420 0
5247 5432 0
5247 5469 0
5247 7526 0
5247 5586 0
5277 5981 0
5277 6068 0
5277 6741 0
5277 8034 0
5277 6792 0
5277 5855 0
5277 18476 0
5277 10125 0
5277 18332 0
5277 5277 0
5277 8160 0
5277 6738 0
5277 7165 0
5413 13406 1
5413 12992 1
5413 7379 1
5413 5864 1
5413 5880 1
5413 5413 2
5419 6728 0
5419 20251 0
5419 5835 0
5419 5419 0
5419 5469 0
5420 11447 0
5420 5469 0
5420 7526 0
5432 8375 0
5432 8467 0
5432 7165 0
5432 5432 0
5432 5469 0
5432 5521 0
5432 5523 0
5432 5586 0
5432 5746 0
5432 5747 1
5432 5855 0
5432 5755 0
5432 5864 0
5432 14072 0
5432 5981 0
5469 6162 0
5469 18438 0
5469 8287 0
5469 5523 0
5469 21154 0
5469 6779 0
5469 7084 0
5469 5981 0
5469 5469 0
5469 5521 0
5469 8437 0
5469 5586 0
5469 15919 0
5469 5755 0
5469 5773 0
5469 5835 0
5469 5855 0
5469 20251 0
5469 5978 0
5469 5980 0
5469 6792 0
5521 6147 0
5521 5835 0
5521 5521 0
5521 5523 0
5521 6068 0
5521 5586 0
5523 7229 0
5523 8467 0
5523 6779 0
5523 16107 0
5523 5965 0
5523 5523 0
5523 5586 0
5570 6068 0
5570 5855 0
5586 7229 0
5586 5835 0
5586 6359 0
5586 5980 0
5586 7526 0
5586 8064 0
5586 20871 0
5586 6062 0
5586 6063 0
5586 5586 0
5744 5744 0
5744 5855 0
5744 18332 0
5746 5855 0
5746 5746 0
5747 6162 1
5747 17986 1
5747 14929 1
5747 7768 1
5747 5747 2
5747 5755 1
5747 5774 1
5747 20158 1
5747 9447 1
5747 15197 1
5747 19846 1
5747 18332 1
5747 15341 1
5755 20251 0
5755 6779 0
5755 7305 0
5755 5755 0
5755 5981 0
5773 20158 0
5773 5773 0
5773 5855 0
5774 5774 0
5774 6712 0
5788 5788 0
5788 8375 0
5788 6359 0
5788 5855 0
5788 14085 0
5788 8501 0
5788 18762 0
5798 8867 0
5798 6359 0
5798 8467 0
5835 5981 0
5835 14072 0
5835 7273 0
5835 6792 0
5835 5835 0
5835 7379 0
5835 20251 0
5835 5978 0
5835 5980 0
5835 12646 0
5855 6147 0
5855 6162 0
5855 8287 0
5855 7165 0
5855 6359 0
5855 15489 0
5855 16313 0
5855 6907 0
5855 6738 0
5855 6755 0
5855 14072 0
5855 13037 0
5855 7084 0
5855 8034 0
5855 14085 0
5855 5855 0
5855 5858 0
5855 5880 0
5855 5965 0
5855 5978 0
5855 5980 0
5855 5981 0
5855 15273 0
5855 6068 0
5855 16297 0
5855 8160 0
5858 6147 0
5858 6741 0
5858 16313 0
5858 5858 0
5858 14072 0
5858 7084 0
5858 8160 0
5864 6741 0
5864 8867 0
5864 5864 0
5864 5978 0
5880 14072 0
5880 6738 0
5880 6741 0
5880 6792 0
5880 11933 0
5880 8064 0
5880 18332 0
5880 6068 0
5880 10184 0
5880 5880 0
5965 6741 0
5978 6068 0
5978 6792 0
5978 18332 0
5978 20251 0
5978 18985 0
5978 8064 0
5978 5978 0
5980 8287 0
5980 7273 0
5980 6792 0
5980 20251 0
5980 18985 0
5980 8064 0
5980 18332 0
5980 6068 0
5980 15865 0
5981 8287 0
5981 8467 0
5981 16856 0
5981 13406 0
5981 5981 0
5981 6068 0
5981 6359 0
5981 6633 0
5981 6728 0
5981 6738 0
5981 6741 0
5981 6792 0
5981 20251 0
5981 6907 0
5981 6946 0
5981 18910 0
5981 7165 0
5981 7273 0
5981 18985 0
5981 8064 0
5981 15785 0
5981 15865 0
5981 16297 0
6062 18270 0
6062 6359 0
6062 6907 0
6062 20871 0
6063 6063 0
6063 6907 0
6068 6162 0
6068 8375 0
6068 16702 0
6068 12646 0
6068 16473 0
6068 13406 0
6068 6738 0
6068 6741 0
6068 6755 0
6068 6779 0
6068 8867 0
6068 15865 0
6068 7165 0
6068 12992 0
6068 8287 0
6068 7229 0
6068 14085 0
6068 7379 0
6068 18145 0
6068 18270 0
6068 8064 0
6068 18332 0
6068 16297 0
6068 6068 0
6068 10184 0
6147 6147 0
6147 6162 0
6147 8467 0
6147 15197 0
6147 14072 0
6147 14814 0
6147 7305 0
6147 11447 0
6147 6792 0
6147 8064 0
6147 7779 0
6147 14085 0
6147 8375 0
6147 15273 0
6147 16107 0
6147 18376 0
6147 21154 0
6162 6162 0
6162 6359 0
6162 6741 0
6162 8867 0
6162 7526 0
6162 7697 0
6162 6755 0
6162 16107 0
6162 18332 0
6162 7165 0
6359 8375 0
6359 6755 0
6359 6792 0
6359 8867 0
6359 17986 0
6359 8064 0
6359 18332 0
6359 8160 0
6633 6741 0
6633 6633 0
6712 14814 0
6712 20158 0
6712 7768 0
6728 6728 0
6738 20871 0
6738 6738 0
6738 6741 0
6738 7165 0
6738 15680 0
6738 14072 0
6738 8034 0
6741 14072 0
6741 6741 0
6741 6755 0
6741 6792 0
6741 7165 0
6741 8467 0
6741 8034 0
6741 10125 0
6741 18332 0
6741 8160 0
6755 6755 0
6755 6779 0
6755 8867 0
6779 7229 0
6779 7273 0
6779 6946 0
6779 18762 0
6779 12793 0
6792 12646 0
6792 14072 0
6792 6792 0
6792 12992 0
6792 7165 0
6792 7273 0
6792 15680 0
6792 10125 0
6792 8160 0
6907 6907 0
6907 8034 0
6946 7697 0
6946 20251 0
6946 15785 0
7084 15197 0
7084 7084 0
7165 8467 0
7165 7165 0
7165 16107 0
7165 14975 0
7165 8034 0
7273 11447 0
7273 8467 0
7273 15785 0
7273 15865 0
7320 7320 0
7320 8287 0
7379 18332 0
7379 7379 0
7588 7588 0
7588 16473 0
7697 16856 0
7779 18332 0
8034 8034 0
8034 16473 0
8034 15680 0
8034 18332 0
8034 15865 0
8064 8375 0
8064 8287 0
8064 8467 0
8064 8064 0
8064 10125 0
8070 8070 0
8160 8467 0
8160 10125 0
8160 18332 0
8160 8160 0
8287 8287 0
8287 8467 0
8375 17986 0
8375 18332 0
8467 18438 0
8467 21154 0
8467 15273 0
8467 8467 0
8467 19067 0
8467 14072 0
8467 14085 0
8467 20251 0
8467 16297 0
8867 8867 0
8867 18332 0
10125 10125 0
10184 10184 0
11447 18985 0
11447 11447 0
11447 15680 0
11933 11933 0
13037 13037 0
13406 15865 0
14072 18332 0
14931 14931 0
14975 18332 0
14975 18476 0
14975 16313 0
15785 15785 0
15865 15865 0
16107 16107 0
16313 18476 0
16473 16473 0
18270 18270 0
18476 18476 0
18910 18910 0
18985 18985 0
19067 19067 0
20158 20158 0
20251 20251 0
20871 20871 0
