8065 6147 0
8065 4536 0
8065 2500 0
8065 6882 1
8065 17520 0
8065 5254 0
8065 17811 1
8065 19879 0
8065 7836 0
8065 8065 0
8065 8185 0
16258 7813 0
16258 5365 0
16258 4880 1
16258 17811 1
16258 2500 0
16258 2501 0
6147 6147 0
6147 8467 0
6147 4442 0
6147 11018 0
6147 4855 0
6147 4859 0
6147 13061 0
6147 13355 0
6147 19879 0
6147 5521 1
6147 17811 1
6147 15819 0
6147 1620 0
6147 5836 0
6147 3986 0
6147 8112 0
13061 4534 0
13061 2501 0
13061 7147 0
13061 13061 0
13061 17520 0
13061 17560 0
13061 1197 0
13061 5469 0
13061 5521 1
13061 19879 0
13061 7736 1
13061 3761 1
13061 8112 0
13061 8185 0
5254 287 0
5254 4642 0
5254 6739 0
5254 6882 1
5254 5253 0
5254 5254 0
5254 7317 0
5254 5521 1
5254 5523 0
5254 3986 0
5254 8112 0
14983 7736 1
14983 14983 0
14983 5276 1
14983 3986 0
3564 287 1
11018 5276 1
11018 7736 1
3341 3341 2
3341 7147 1
1197 1620 0
1197 2171 0
1197 1687 0
1197 4551 0
1197 1197 0
1197 4859 0
1197 5603 1
1197 5521 1
1197 4537 0
1197 2500 0
1197 4550 0
1197 5523 0
4880 4881 2
4880 8467 1
4880 7836 1
4880 287 1
4880 3523 1
4880 2501 1
4880 6882 2
4880 4442 1
4880 3561 1
4880 17520 1
4880 17811 2
4881 17520 1
4881 6882 2
4881 3523 1
4881 5365 1
4881 7836 1
12818 7813 1
12818 1687 1
12818 2587 1
12818 7836 1
12818 2500 1
12818 2501 1
12818 2887 1
12818 4855 1
12818 4859 1
8467 2171 0
8467 6882 1
8467 5523 0
8467 4534 0
8467 2501 0
8467 6739 0
8467 4971 0
8467 7317 0
8467 13355 0
8467 5253 0
8467 4642 0
8467 19879 0
8467 1369 0
8467 8467 0
7317 2171 0
7317 287 0
7317 2888 1
7317 2889 0
7317 3561 0
7317 5521 1
7317 1620 0
7317 3986 0
5526 5526 0
5526 5525 0
5526 5469 0
5526 1687 0
5526 287 0
5526 4550 0
5526 2888 1
5526 2889 0
5526 1620 0
5526 5521 1
5526 3986 0
5526 5523 0
1687 4442 0
1687 4534 0
1687 4536 0
1687 2500 0
1687 4550 0
1687 4855 0
1687 4859 0
1687 2981 0
1687 5365 0
1687 5469 0
1687 5521 1
1687 5523 0
1687 5525 0
1687 19879 0
1687 1687 0
8216 2171 1
2587 5521 1
2587 2501 0
7836 17520 0
7836 7813 0
7836 7836 0
7836 6882 1
7836 287 0
7836 4442 0
7836 5521 1
7836 17811 1
7836 4550 0
7836 4551 0
287 287 0
287 17520 0
287 1620 0
287 2171 0
287 19879 0
287 4442 0
287 4536 0
287 4681 0
287 13355 0
287 5603 1
287 6739 0
800 7736 1
800 5276 1
800 4971 0
800 19879 0
4642 4642 0
4642 13355 0
4642 5521 1
4642 17811 1
4642 3986 0
4642 8112 0
4642 3561 0
4536 1620 0
4536 2171 0
4536 5835 0
4536 2888 1
4536 5469 0
4536 5521 1
4536 4551 0
4536 19879 0
4536 4536 0
4536 4550 0
4536 5523 0
5835 4681 0
5835 1620 0
5835 5836 0
5835 5835 0
5835 5469 0
5835 5521 1
5835 4550 0
5835 5603 1
2981 5523 0
2981 5525 0
2981 19879 0
2981 5521 1
2981 8185 0
2981 17811 1
2981 5365 0
2981 4859 0
19879 4534 0
19879 4537 0
19879 2500 0
19879 2501 0
19879 6739 0
19879 4859 0
19879 4971 0
19879 13355 0
19879 5276 1
19879 19879 0
19879 5365 0
19879 3561 0
19879 11821 0
19879 7736 1
19879 3986 0
19879 8112 0
19879 10233 0
19879 8185 0
4859 4442 0
4859 4534 0
4859 2500 0
4859 2501 0
4859 4550 0
4859 4681 0
4859 4855 0
4859 4859 0
4859 2888 1
4859 5521 1
4859 5523 0
4859 3986 0
5276 3986 1
5276 13355 1
5276 11821 1
5276 7736 2
5276 15819 1
5276 1620 1
5276 4971 1
5276 5237 1
5276 10233 1
13355 2501 0
13355 4971 0
13355 7147 0
13355 17560 0
13355 5365 0
13355 3561 0
13355 7736 1
13355 8112 0
11821 7736 1
11821 4971 0
4579 2888 1
4579 3761 1
8112 2501 0
8112 6739 0
8112 17520 0
8112 6882 1
8112 5521 1
8112 5523 0
8112 1620 0
8112 3986 0
8112 8112 0
8112 8185 0
3761 5253 1
4534 2171 0
4534 4442 0
4534 4537 0
4534 4534 0
4534 2888 1
4534 4971 0
4534 5469 0
4534 5603 1
4534 3561 0
4534 1620 0
4534 3986 0
4681 4152 1
4681 4681 0
4681 1620 0
4681 5469 0
4681 5521 1
4681 3986 0
4681 5523 0
7736 3986 1
7736 15819 1
7736 6739 1
7736 1620 1
7736 4971 1
7736 5237 1
7736 10233 1
4537 1620 0
4537 2171 0
4537 2888 1
4537 5603 1
4537 5469 0
4537 5521 1
4537 4537 0
4537 4550 0
4537 4551 0
4537 5523 0
5253 5253 0
5253 5365 0
5253 5521 1
5253 3561 0
3523 5365 0
2500 4442 0
2500 17811 1
2500 2501 0
2500 5365 0
2500 2500 0
2500 5521 1
2500 5523 0
2500 5525 0
2500 7813 0
2500 8185 0
2501 17811 1
2501 2501 0
2501 4971 0
2501 5365 0
2501 5523 0
2501 3561 0
2501 3986 0
4550 4442 0
4550 17811 1
4550 4550 0
4550 4551 0
4550 5523 0
4550 5525 0
4550 5603 1
4550 1620 0
4550 3986 0
2887 2887 0
2887 2888 1
2887 2889 0
2888 5521 2
2888 5523 1
2888 5525 1
2888 2888 2
2888 2889 1
2888 4855 1
2889 5521 1
2889 5523 0
2889 5525 0
5365 6739 0
5365 5365 0
5365 7813 0
5365 4442 0
5365 17811 1
5365 5521 1
5365 3986 0
5365 5523 0
5365 5525 0
5365 8185 0
5836 5836 0
5836 5521 1
5836 5603 1
6739 6739 0
6739 4971 0
6739 1369 0
6739 17811 1
6739 3561 0
6739 3986 0
6739 8185 0
1620 4442 0
1620 5523 0
1620 5469 0
1620 5521 1
1620 5525 0
1620 4551 0
1620 1620 0
1620 3986 0
8185 17520 0
8185 6882 1
8185 5521 1
8185 3986 0
8185 5523 0
8185 8185 0
7813 7813 0
7813 17520 0
7813 6882 1
1369 6882 1
1369 1369 0
1369 5521 1
1369 3986 0
1369 3561 0
4442 4442 0
4442 17811 1
4442 5525 0
5469 2171 0
5469 5523 0
5469 4971 0
5469 5469 0
5469 5521 1
5469 5525 0
5469 5603 1
5469 3986 0
6882 6882 2
6882 3561 1
6882 17811 2
6882 17560 1
5603 4551 1
4551 5523 0
4551 4551 0
4551 5521 1
4551 17811 1
4551 5525 0
4551 3986 0
5521 2171 1
5521 17560 1
5521 17811 2
5521 5521 2
5521 3986 1
5521 5523 1
5521 5525 1
5521 7147 1
3561 5523 0
3561 4971 0
3561 3986 0
4971 4971 0
4971 3986 0
4971 10233 0
5523 5523 0
5523 3986 0
5523 5525 0
3986 17560 0
3986 3986 0
7147 17560 0
7147 7147 0
17520 17560 0
5237 5237 0
4855 4855 0
2171 2171 0
5525 5525 0
