129 4491 1
129 3160 0
129 129 0
129 1158 0
129 2241 0
129 2243 0
129 2338 0
129 4801 0
129 915 1
129 4524 0
129 6068 0
129 4534 0
129 3150 0
174 2048 1
174 4624 1
174 6162 1
174 6163 1
174 4649 1
174 3150 1
174 3160 1
174 5779 1
174 1180 1
174 13424 1
174 5659 1
174 174 2
174 2338 1
174 3308 1
174 275 1
174 280 1
174 287 1
174 5412 1
174 1943 1
174 10184 1
174 5077 1
174 4592 2
275 915 1
275 5659 0
275 275 0
280 3300 1
280 1180 0
287 287 0
287 8881 0
287 1180 0
287 10184 0
287 2241 0
287 2338 0
287 2708 0
287 2712 0
287 2718 0
287 2956 1
287 3300 1
287 3308 0
287 4649 0
287 13424 0
287 5994 0
287 6002 0
287 6163 0
729 3160 0
729 3150 0
729 6162 0
729 2708 0
729 2712 0
729 729 0
729 6163 0
729 2338 0
729 915 1
729 3475 0
729 4534 0
729 6089 1
741 1136 1
915 4624 1
915 6068 1
915 1667 1
915 1158 1
915 2708 1
915 2712 1
915 2714 1
915 2718 1
915 2722 1
915 5659 1
915 10184 1
915 4801 1
915 4802 1
915 2243 1
915 5994 1
915 6002 1
915 915 2
915 4481 1
915 4482 1
915 5787 1
915 13221 1
915 4520 1
915 4524 1
915 4532 1
915 4534 1
915 4537 1
915 4546 1
915 5077 1
915 5779 1
1055 2241 1
1055 2243 1
1055 3475 1
1056 2241 1
1136 2956 1
1136 4520 0
1158 4537 0
1158 1158 0
1158 1687 0
1158 5855 0
1158 5994 0
1158 2956 1
1158 1943 0
1158 4524 0
1180 4624 0
1180 4649 0
1180 2708 0
1180 2714 0
1180 1180 0
1180 5855 0
1180 5412 0
1180 2956 1
1667 6162 0
1667 1667 0
1667 2722 0
1667 3300 1
1667 4524 0
1687 2048 0
1687 18440 1
1687 2338 0
1687 4520 0
1687 4534 0
1687 4677 1
1687 4801 0
1687 5659 0
1687 1687 0
1687 5855 0
1687 5994 0
1943 2048 0
1943 6163 0
1943 6162 0
1943 2338 0
1943 2517 1
1943 2712 0
1943 2714 0
1943 2718 0
1943 2722 0
1943 4801 0
1943 4802 0
1943 3150 0
1943 3160 0
1943 1943 0
1943 6068 0
2048 2048 0
2048 18440 1
2048 2338 0
2048 2712 0
2048 2718 0
2048 8881 0
2048 4801 0
2048 5994 0
2048 6068 0
2048 2722 0
2241 4534 0
2241 4537 0
2241 4546 0
2243 4537 0
2243 2712 0
2243 2718 0
2243 4801 0
2243 2243 0
2243 2722 0
2243 19427 0
2338 6162 0
2338 6163 0
2338 2338 0
2338 3475 0
2338 4481 0
2338 4491 1
2338 4592 1
2338 4699 0
2338 2712 0
2338 2714 0
2338 2718 0
2338 2722 0
2338 8881 0
2338 3150 0
2338 3160 0
2338 5787 0
2338 13424 0
2338 5994 0
2338 6068 0
2517 3475 1
2517 2517 2
2517 14978 1
2544 7268 1
2544 2546 1
2546 2956 1
2549 6162 1
2549 2712 1
2549 2718 1
2549 2722 1
2549 6068 1
2549 2549 2
2708 4520 0
2708 4649 0
2708 4677 1
2708 2712 0
2708 2714 0
2708 2718 0
2708 2722 0
2708 8881 0
2708 5412 0
2708 3475 0
2708 5855 0
2708 6002 0
2708 6068 0
2712 6162 0
2712 6163 0
2712 4624 0
2712 2712 0
2712 2714 0
2712 2718 0
2712 2722 0
2712 8881 0
2712 4801 0
2712 4649 0
2712 5412 0
2712 5855 0
2712 6002 0
2712 6068 0
2714 2714 0
2714 6162 0
2714 4524 0
2714 4534 0
2714 4537 0
2714 4546 0
2714 4624 0
2714 2718 0
2714 2722 0
2714 8881 0
2714 2956 1
2714 5855 0
2714 5994 0
2714 6068 0
2718 6162 0
2718 4482 0
2718 4520 0
2718 4524 0
2718 4534 0
2718 4537 0
2718 4546 0
2718 4624 0
2718 2718 0
2718 2722 0
2718 8881 0
2718 4801 0
2718 5412 0
2718 3475 0
2718 5787 0
2718 5855 0
2718 6068 0
2722 6162 0
2722 4520 0
2722 4524 0
2722 4537 0
2722 4546 0
2722 4624 0
2722 2722 0
2722 4801 0
2722 3475 0
2722 5855 0
2722 6002 0
2722 6068 0
2956 14978 1
2956 2956 2
2956 11294 1
2956 11787 1
2956 19427 1
2956 11788 1
2956 3308 1
3150 8881 0
3150 3160 0
3150 5787 0
3150 6002 0
3150 4482 0
3150 4537 0
3150 4592 1
3160 4482 0
3160 5787 0
3160 8881 0
3160 4546 0
3160 4592 1
3300 4699 1
3300 3300 2
3300 3308 1
3300 13424 1
3308 3308 0
3475 4537 0
3475 4546 0
3475 4534 0
3475 3475 0
3566 3566 2
4481 5855 0
4481 4491 1
4482 6162 0
4482 4801 0
4482 4592 1
4491 6162 1
4491 4532 1
4491 7268 1
4491 5855 1
4491 5412 1
4491 4491 2
4491 13221 1
4491 6068 1
4491 4546 1
4520 6162 0
4520 5855 0
4520 10528 1
4520 4520 0
4520 6068 0
4524 4524 0
4524 4532 0
4524 5077 0
4524 5855 0
4524 6089 1
4532 6068 0
4532 4532 0
4532 5077 0
4534 6163 0
4534 4537 0
4534 4546 0
4534 4534 0
4534 5779 0
4534 5855 0
4534 6089 1
4537 5779 0
4537 5787 0
4537 4537 0
4537 6089 1
4546 6163 0
4546 5779 0
4546 4546 0
4592 6163 1
4592 4699 1
4624 4624 0
4624 4649 0
4624 6068 0
4649 18440 1
4649 4649 0
4649 5659 0
4649 5855 0
4649 5412 0
4649 6002 0
4649 6068 0
4677 6068 1
4677 4677 2
4677 10184 1
4677 8881 1
4677 5855 1
4801 18440 1
4801 4801 0
4801 4802 0
4801 5994 0
4802 5659 0
4802 18440 1
5077 6068 0
5077 5077 0
5412 5412 0
5412 6002 0
5447 6002 1
5659 5659 0
5659 6163 0
5659 6068 0
5659 7253 1
5659 6162 0
5779 6163 0
5779 6162 0
5779 5779 0
5787 7253 1
5787 5787 0
5855 6162 0
5855 6163 0
5855 8881 0
5855 5855 0
5855 5994 0
5855 6002 0
5855 6068 0
5994 8881 0
5994 7253 1
5994 7268 0
5994 5994 0
6002 6162 0
6002 6002 0
6002 13221 0
6068 6162 0
6068 6163 0
6068 8881 0
6068 13221 0
6068 6068 0
6068 10184 0
6089 6089 2
6162 6162 0
6162 6163 0
6163 6163 0
6163 8881 0
6163 13424 0
7253 11787 1
7253 11788 1
7253 19427 1
7253 11294 1
7268 11787 0
7268 13424 0
8881 18440 1
8881 8881 0
8881 13424 0
10184 10184 0
11294 11294 0
11294 11787 0
11294 11788 0
11294 14978 0
11294 19427 0
11787 14978 0
11788 14978 0
13424 13424 0
14978 14978 0
14978 19427 0
