20992 15276 2
20992 7109 1
15361 8467 0
15361 4553 0
15361 15965 1
15361 6761 1
15361 21379 0
8875 4951 1
8875 7298 0
8875 8875 0
8875 5855 0
8875 6883 0
8875 861 0
8875 903 1
8875 3986 0
8875 5981 0
8875 4553 0
8875 19879 0
9132 2129 1
9132 15996 0
9132 287 0
9132 3469 0
9132 3986 0
9132 7573 0
9132 15276 1
5975 16271 1
5975 4143 0
5975 13431 0
5975 15950 0
5975 5857 0
5975 6761 1
5975 8945 0
5975 10745 0
13332 15431 0
13332 15950 0
13332 3153 0
13332 6761 1
13332 13431 0
13332 15996 0
13332 2714 0
13332 15964 0
13332 17017 0
13332 14051 0
13332 7920 0
13332 8945 0
13332 4143 0
13332 16271 1
13332 15807 0
13332 10745 0
15383 287 1
8219 16271 1
8219 4143 0
8219 14654 0
8219 15807 0
8219 15950 0
8219 6761 1
8219 7920 0
8219 8945 0
8219 10745 0
11294 2129 1
11294 3469 0
11294 11294 0
11294 5213 0
11294 3221 0
11294 1998 1
8737 16271 1
8737 13431 0
8737 287 0
8737 4143 0
8737 15950 0
8737 3153 0
8737 10745 0
8737 15964 0
8737 8679 0
8737 8945 0
8737 17017 0
8737 6761 1
15963 4143 0
15963 4147 0
15963 15950 0
15963 3153 0
15963 15964 0
15963 15458 0
15963 13431 0
15963 17017 0
15963 664 0
15963 7920 0
15963 8945 0
15963 7928 0
15963 14695 0
15963 14654 0
15963 902 0
15963 16271 1
15963 3986 0
15963 11676 0
15963 15807 0
15963 6761 1
15963 8679 0
15963 10745 0
8679 8587 0
8679 10647 0
8679 4147 0
8679 14654 0
8679 21184 0
8679 10379 1
8679 2129 1
8679 10745 0
8679 15964 0
8679 15458 0
8679 14051 0
8679 8679 0
8679 6761 1
8679 4349 0
8679 7926 0
8679 16233 0
4651 6761 1
4651 8945 0
4651 19738 0
4651 5981 0
4651 902 0
4651 16271 1
4651 3986 0
3116 12963 1
3116 3469 1
3116 7317 1
3116 16822 1
3116 7573 1
17323 5855 0
17323 5858 0
17323 8587 0
17323 903 1
17323 17377 1
4143 4147 0
4143 13300 0
4143 7741 0
4143 15431 0
4143 15950 0
4143 3153 0
4143 15807 0
4143 15964 0
4143 15458 0
4143 6761 1
4143 10349 0
4143 15295 0
4143 21184 0
4143 664 0
4143 12974 0
4143 6326 0
4143 20180 0
4143 17017 0
4143 5857 0
4143 2786 0
4143 7920 0
4143 8945 0
4143 7926 0
4143 7928 0
4143 4349 0
4143 8450 0
4143 19207 0
4143 2825 0
4143 19738 0
4143 19764 0
4143 5961 0
4143 14695 0
4143 10889 0
4143 14654 0
4143 902 0
4143 16271 1
4143 3986 0
4143 15171 0
4143 10647 0
4143 13431 0
4143 11676 0
4143 5060 0
4143 15014 0
4143 10745 0
4145 4145 0
4145 8318 1
4145 7083 0
4145 861 0
4145 5437 1
4145 5855 0
4145 5981 0
4145 3986 0
4147 8450 0
4147 16271 1
4147 15964 0
4147 15807 0
4147 15458 0
4147 6761 1
4147 8945 0
7741 2129 1
7741 2701 0
7741 2714 0
7741 6359 0
7741 4951 1
7741 15807 0
7741 10745 0
7231 15498 1
7231 21379 0
7231 9009 0
7231 6761 1
3136 19159 1
3136 3986 0
3136 2714 0
3136 287 0
3136 3136 0
3136 4553 0
3136 6761 1
12470 10889 1
12470 7307 1
12470 12974 1
12470 19738 1
12470 12963 1
12470 15014 1
12470 19764 1
12470 11062 1
12470 15295 1
12470 3281 1
12470 19159 2
12470 16233 1
12470 6507 1
12470 15996 1
15431 15950 0
15431 3153 0
15431 6761 1
15431 13431 0
15431 15964 0
15431 17017 0
15431 8945 0
15431 287 0
15431 16271 1
15431 15807 0
15431 10745 0
2124 2124 0
2124 6761 1
2124 2714 0
2124 16074 0
2124 14654 0
2124 861 0
2124 16271 1
2124 3986 0
15950 15458 0
15950 6761 1
15950 12974 0
15950 6326 0
15950 16074 0
15950 20180 0
15950 5855 0
15950 5857 0
15950 14051 0
15950 7920 0
15950 7926 0
15950 7928 0
15950 4349 0
15950 2825 0
15950 19738 0
15950 19764 0
15950 5961 0
15950 9054 0
15950 10889 0
15950 16271 1
15950 10647 0
15950 21184 0
15950 15171 0
15950 15807 0
15950 1472 0
15950 12273 0
15950 13300 0
15950 10745 0
15950 14844 0
16233 8450 0
16233 8467 0
16233 13300 0
16233 5213 0
16233 16233 0
16233 1998 1
3153 6761 1
3153 10349 0
3153 13431 0
3153 10889 0
3153 6326 0
3153 4846 0
3153 1263 0
3153 7920 0
3153 7928 0
3153 4349 0
3153 8450 0
3153 19207 0
3153 2825 0
3153 19764 0
3153 15171 0
3153 5961 0
3153 16271 1
3153 6507 0
3153 1901 0
3153 10647 0
3153 15807 0
3153 13300 0
3153 14844 0
9306 2714 1
9306 287 1
14939 6761 1
14939 10745 0
14939 16271 1
14939 11676 0
14939 287 0
15964 15458 0
15964 6761 1
15964 10349 0
15964 664 0
15964 6326 0
15964 21184 0
15964 16074 0
15964 5855 0
15964 5857 0
15964 14051 0
15964 7920 0
15964 8945 0
15964 7926 0
15964 19207 0
15964 2825 0
15964 15171 0
15964 5961 0
15964 16271 1
15964 18896 0
15964 10745 0
15964 19879 0
15964 13300 0
5213 5213 0
5213 6761 1
5213 8467 0
5213 2272 0
5213 8945 0
5213 16271 1
5213 3986 0
5213 1472 0
5213 10745 0
15458 8467 0
15458 18805 0
15458 21184 0
15458 16271 1
15458 5981 0
15458 14051 0
15458 1135 0
15458 8945 0
15458 7926 0
15458 6761 1
15458 10745 0
15462 4553 1
6761 18805 1
6761 14695 1
6761 10349 1
6761 6761 2
6761 17017 1
6761 15807 1
6761 10889 1
6761 7307 1
6761 2701 1
6761 4750 1
6761 2708 1
6761 5060 1
6761 4763 1
6761 4771 1
6761 4267 1
6761 12974 1
6761 6326 1
6761 21184 1
6761 16074 1
6761 20180 1
6761 8587 1
6761 6359 1
6761 5855 1
6761 2786 1
6761 14051 1
6761 4846 1
6761 1263 1
6761 7920 1
6761 8945 1
6761 9086 1
6761 7926 1
6761 7928 1
6761 4349 1
6761 4353 1
6761 8450 1
6761 19207 1
6761 2825 1
6761 19738 1
6761 5857 1
6761 16091 1
6761 16462 1
6761 9009 1
6761 5938 1
6761 19764 1
6761 14654 1
6761 7491 1
6761 5961 1
6761 861 1
6761 9054 1
6761 17769 1
6761 1901 1
6761 4475 1
6761 902 1
6761 16271 2
6761 3986 1
6761 15171 1
6761 10647 1
6761 13431 1
6761 11676 1
6761 13300 1
6761 15295 1
6761 1472 1
6761 18896 1
6761 1478 1
6761 8136 1
6761 16331 1
6761 8144 1
6761 8673 1
6761 12273 1
6761 3574 1
6761 10745 1
6761 14844 1
10349 2825 0
10349 16271 1
10349 14654 0
10349 15807 0
10349 15171 0
10349 13431 0
10349 7516 0
10349 3281 0
10349 7920 0
10349 8945 0
10349 7928 0
10349 10745 0
10349 15996 0
1135 902 0
1135 15148 1
1135 16271 1
13431 13431 0
13431 15996 0
13431 10889 0
13431 664 0
13431 6326 0
13431 21184 0
13431 16074 0
13431 20180 0
13431 5855 0
13431 5857 0
13431 14051 0
13431 4846 0
13431 7920 0
13431 8945 0
13431 7926 0
13431 8450 0
13431 6359 0
13431 19207 0
13431 5961 0
13431 9054 0
13431 14695 0
13431 14654 0
13431 16271 1
13431 10647 0
13431 12273 0
13431 13300 0
13431 15171 0
13431 15807 0
13431 18896 0
13431 10745 0
17017 19207 0
17017 10889 0
17017 15171 0
17017 10647 0
17017 19738 0
17017 16091 0
17017 12974 0
17017 21184 0
17017 16074 0
17017 4951 1
17017 5857 0
17017 14051 0
17017 21379 0
15295 19738 0
15295 12974 0
15996 2129 1
15996 2272 0
15996 14654 0
15996 15014 0
15996 10995 0
15996 15171 0
15996 15807 0
15996 15996 0
15996 5855 0
15996 5857 0
15996 5858 0
15996 16271 1
15996 3986 0
15996 20421 1
8318 2714 1
7298 861 0
7298 7928 0
7298 4349 0
7298 4951 1
7298 16271 1
7298 3986 0
10889 10745 0
10889 16271 1
10889 19764 0
10889 15807 0
10889 7928 0
15498 5383 1
15498 3221 1
15498 4763 1
15498 287 1
15498 4771 1
7307 3986 0
7307 7307 0
7307 5981 0
2701 5855 0
2701 4951 1
2701 5981 0
2701 2708 0
2701 3986 0
2701 19879 0
2701 8673 0
4750 4750 0
4750 16271 1
4750 5981 0
2708 4349 0
2708 8467 0
2708 287 0
2708 2714 0
2708 861 0
2708 7109 0
2708 19879 0
2708 5855 0
2708 5857 0
2708 5938 0
2708 5981 0
2708 1901 0
2708 3986 0
2708 20421 1
2708 8144 0
7317 8467 0
7317 287 0
7317 11062 0
7317 12963 0
7317 19159 1
7317 3221 0
7317 5383 0
7317 7920 0
7317 5981 0
7317 3986 0
664 903 1
664 8587 0
664 5437 1
2714 2714 0
2714 6326 0
2714 19879 0
2714 16822 0
2714 19207 0
2714 7083 0
2714 7109 0
2714 3221 0
2714 7516 0
2714 5855 0
2714 5981 0
2714 1901 0
2714 3986 0
4763 4771 0
4763 2272 0
4763 14654 0
4763 8945 0
4763 4553 0
7109 19879 0
7109 6359 0
7109 5855 0
7109 7920 0
7109 8945 0
7109 9009 0
7109 18749 1
7109 8467 0
7109 5981 0
7109 1901 0
7109 3986 0
7109 11676 0
7109 7109 0
4771 16271 1
4771 2272 0
1478 8945 0
1478 4349 0
1478 287 0
1478 4951 1
1478 3986 0
15014 12683 1
15014 7573 0
15014 12963 0
15014 15014 0
15014 9009 0
4267 5437 1
16557 3469 1
16557 18805 1
12974 19738 0
12974 287 0
18896 16271 1
18896 3986 0
18896 8945 0
18896 10745 0
6326 16271 1
6326 7920 0
6326 14654 0
6326 15807 0
6326 861 0
6326 8945 0
6326 7928 0
6326 10745 0
9911 15965 1
9911 1998 1
21184 16271 1
21184 8467 0
21184 14654 0
21184 10745 0
16074 8467 0
16074 16271 1
16074 5981 0
16074 8945 0
16074 10745 0
3281 2825 0
3281 3469 0
3281 12963 0
3281 10995 0
3281 11062 0
3281 2129 1
3281 3281 0
3281 2272 0
20180 2272 0
20180 7920 0
20180 8945 0
20180 7928 0
20180 19207 0
20180 3469 0
20180 16271 1
20180 7573 0
20180 10647 0
20180 15807 0
20180 13300 0
20180 10745 0
6359 4349 0
6359 19879 0
6359 4553 0
6359 4951 1
6359 5855 0
6359 5981 0
6359 3986 0
16091 8450 0
16091 3469 0
16091 3986 0
16091 4951 1
16091 9009 0
16091 7920 0
16091 7928 0
16091 10745 0
16091 15807 0
15965 3986 1
15965 5938 1
5855 4349 0
5855 14654 0
5855 11676 0
5855 4553 0
5855 19879 0
5855 10745 0
5855 2786 0
5855 6883 0
5855 861 0
5855 5060 0
5855 5855 0
5855 5857 0
5855 5858 0
5855 7083 0
5855 5938 0
5855 16694 1
5855 5981 0
5855 16271 1
2272 2129 1
2272 8450 0
2272 12683 1
2272 10647 0
2272 2825 0
2272 9009 0
2272 861 0
2272 3221 0
2272 19879 0
2272 3986 0
5857 5858 0
5857 6883 0
5857 4349 0
5857 8450 0
5857 2825 0
5857 8467 0
5857 287 0
5857 16271 1
5857 8945 0
5857 15807 0
5857 10745 0
5858 2129 1
5858 5858 0
5858 6883 0
5858 4349 0
5858 16694 1
5858 861 0
6883 861 0
6883 2129 1
6883 6883 0
6883 16694 1
6883 5981 0
6883 902 0
4846 8467 0
4846 16271 1
1263 16271 1
1263 3986 0
1263 861 0
1263 1263 0
7920 12963 0
7920 8945 0
7920 7926 0
7920 7928 0
7920 8450 0
7920 19207 0
7920 5938 0
7920 14654 0
7920 8587 0
7920 5961 0
7920 14695 0
7920 16271 1
7920 15171 0
7920 10647 0
7920 15807 0
7920 13300 0
7920 10745 0
8945 8450 0
8945 16462 0
8945 17769 0
8945 7491 0
8945 2786 0
8945 14051 0
8945 7926 0
8945 7928 0
8945 4349 0
8945 2825 0
8945 19207 0
8945 19764 0
8945 5961 0
8945 16271 1
8945 10647 0
8945 15171 0
8945 15807 0
8945 1472 0
8945 4553 0
8945 13300 0
8945 10745 0
8945 14844 0
10995 2129 1
10995 10995 0
10995 9009 0
10995 12683 1
10995 8136 0
7926 16271 1
7926 8467 0
7926 14654 0
7926 14695 0
7926 10745 0
7928 13300 0
7928 3221 0
7928 19207 0
7928 5961 0
7928 16271 1
7928 8587 0
7928 14695 0
7928 3986 0
7928 15171 0
7928 15807 0
7928 5060 0
7928 10745 0
7928 14844 0
4349 5060 0
4349 4349 0
4349 287 0
4349 3986 0
4349 19879 0
4349 15276 1
4349 15807 0
4349 4553 0
4349 10745 0
4349 8673 0
4353 4353 0
4353 16271 1
4353 3986 0
8450 16822 0
8450 8467 0
8450 10379 1
8450 287 0
8450 9009 0
8450 5961 0
8450 14695 0
8450 3441 0
8450 14654 0
8450 3986 0
8450 7573 0
8450 15807 0
8450 10745 0
861 9009 0
861 861 0
861 903 1
861 7083 0
861 5060 0
861 8673 0
861 19879 0
861 1472 0
861 1901 0
861 3986 0
5383 5383 0
5383 287 0
5383 903 1
2825 12963 0
2825 2825 0
2825 8467 0
2825 11062 0
2825 9054 0
2825 3469 0
2825 3986 0
2825 15807 0
2825 10745 0
2825 2129 1
8467 8673 0
8467 10745 0
8467 2786 0
8467 9009 0
8467 15276 1
8467 3221 0
8467 19879 0
8467 16271 1
8467 8467 0
8467 5981 0
16822 3469 0
16822 16822 0
16822 9009 0
16822 2129 1
19738 12963 0
19738 11062 0
19738 10745 0
287 287 0
287 16730 1
287 9009 0
287 17721 0
287 19207 0
287 19764 0
287 19879 0
287 4553 0
287 13149 1
287 15171 0
287 7516 0
15148 5981 1
19207 16271 1
19207 12963 0
19207 14654 0
19207 15171 0
19207 10745 0
19207 15807 0
9009 19879 0
9009 2129 1
9009 9009 0
9009 5938 0
9009 7491 0
9009 5961 0
9009 1901 0
9009 3441 0
9009 3986 0
9009 12963 0
5938 5938 0
5938 4951 1
5938 21379 0
5938 3986 0
19764 3986 0
19764 6507 0
19764 10745 0
11062 2129 1
11062 12963 0
11062 5961 0
17721 2129 1
17721 17721 0
17721 3441 0
17721 3469 0
17721 16271 1
17721 10745 0
5437 5981 1
14654 8587 0
14654 5961 0
14654 16271 1
14654 15171 0
14654 10647 0
14654 15807 0
14654 13300 0
14654 10745 0
15171 3986 0
15171 15807 0
15171 10745 0
15171 16271 1
8673 4951 1
8673 21379 0
8673 3986 0
5961 16271 1
5961 15807 0
5961 10745 0
2786 16271 1
2786 3986 0
2786 4553 0
14051 16271 1
14051 15807 0
14051 10745 0
4951 21379 1
4951 16271 2
4951 19879 1
4951 16331 1
4951 6507 1
4951 1901 1
16730 4553 1
7516 3469 0
7516 15276 1
7516 2129 1
7516 3574 0
9054 8587 0
9054 16271 1
9054 13300 0
9054 10745 0
14695 10647 0
14695 15276 1
17769 16271 1
1901 1901 0
1901 18805 0
1901 21379 0
1901 3986 0
3441 12683 1
3441 10379 1
3441 3221 0
3441 3441 0
3441 8136 0
18805 3986 0
18805 21379 0
18805 18805 0
4475 16271 1
4475 5981 0
9086 16271 1
9086 3986 0
3221 2129 1
21379 21379 0
21379 16271 1
21379 16331 0
21379 10745 0
902 902 0
902 903 1
902 5981 0
903 903 2
903 19879 1
903 7083 1
8587 16271 1
3469 12683 1
3469 7573 0
16271 7491 1
16271 10647 1
16271 15807 1
16271 1472 1
16271 8144 1
16271 16462 1
16271 12273 1
16271 13300 1
16271 10745 1
16271 14844 1
3986 16462 0
3986 1472 0
3986 19879 0
3986 3574 0
3986 3986 0
3986 5060 0
3986 5981 0
3986 15276 1
3986 7491 0
3986 8144 0
7491 7083 0
7491 15807 0
7491 1472 0
10379 7573 1
7573 12963 0
7573 7573 0
10647 15807 0
10647 10745 0
11676 20421 1
5981 19879 0
5981 3574 0
5981 5981 0
19879 19879 0
19879 8144 0
7083 15276 1
7083 7083 0
7083 1472 0
15276 5060 1
15807 12273 0
15807 13300 0
15807 10745 0
5060 5060 0
18886 3574 1
8136 2129 1
4553 4553 0
8144 3574 0
8144 10745 0
12963 2129 1
12963 12963 0
12963 13300 0
12273 10745 0
13300 10745 0
3574 3574 0
10745 14844 0
