6147 6147 0
6147 20 0
6147 6165 0
6147 6162 0
6147 6164 0
6147 138 0
6147 8376 0
6147 8377 0
6147 4292 0
6147 303 0
6147 338 0
6147 4481 0
6147 4524 0
6147 4561 0
6147 2604 0
6147 6719 0
6147 8768 0
6147 2705 0
6147 2718 0
6147 2722 0
6147 4795 0
6147 4807 0
6147 14072 0
6147 6867 0
6147 729 0
6147 4847 0
6147 13046 0
6147 4855 0
6147 4859 0
6147 6915 0
6147 14814 0
6147 835 0
6147 6986 0
6147 6990 0
6147 4963 0
6147 4966 0
6147 7109 0
6147 9051 1
6147 1107 1
6147 5204 0
6147 5243 0
6147 5247 0
6147 1170 0
6147 1216 0
6147 5318 0
6147 6792 0
6147 7373 0
6147 19879 0
6147 2598 0
6147 1259 0
6147 8064 0
6147 1383 0
6147 1384 0
6147 3446 0
6147 3462 0
6147 5521 0
6147 5539 0
6147 5725 1
6147 1620 1
6147 5723 0
6147 1653 0
6147 1714 0
6147 1718 1
6147 1741 0
6147 7890 0
6147 3884 0
6147 3885 0
6147 5949 0
6147 5953 0
6147 3986 0
6147 8112 0
6147 21154 0
6147 2019 0
4100 4100 0
4100 6666 0
4100 6165 0
4100 549 0
4100 562 1
4100 6728 0
4100 1620 1
4100 1658 0
4100 5755 0
4100 2718 0
4100 20251 0
4100 168 0
4100 1718 1
4100 698 0
4100 4795 0
4100 3270 0
4100 1741 0
4100 4339 0
4100 4349 0
4100 287 0
4100 2338 0
4100 827 0
4100 864 0
4100 5525 0
4100 5539 0
4100 4536 0
4100 4550 0
4100 4560 0
4100 3036 0
18438 2338 0
18438 1620 1
18438 1718 1
18438 20 0
18438 5469 0
6153 6153 0
6153 4624 0
6153 2069 0
6153 5723 0
6153 2598 0
6153 4145 0
6153 1620 1
6153 5725 1
6153 1658 0
6153 4547 0
6153 2708 0
6153 1741 0
6153 729 0
6153 1765 0
6153 805 0
6153 3885 0
6153 337 0
6153 338 0
6153 8064 0
6153 3986 0
6153 6062 0
6153 8112 0
6153 453 0
6153 3046 0
4110 8195 1
4110 4110 2
4110 6162 1
4110 20 1
4110 2069 1
4110 1714 1
4110 4145 1
4110 52 1
4110 53 1
4110 14396 1
4110 2115 1
4110 8287 1
4110 6164 1
4110 4259 1
4110 8377 1
4110 6359 1
4110 237 1
4110 242 1
4110 4339 1
4110 8439 1
4110 4349 1
4110 287 1
4110 4647 1
4110 2357 1
4110 337 1
4110 338 1
4110 405 1
4110 413 1
4110 2468 1
4110 421 1
4110 2472 1
4110 4550 1
4110 14072 1
4110 7858 1
4110 2530 1
4110 2531 1
4110 496 1
4110 4624 1
4110 4628 1
4110 2598 1
4110 2600 1
4110 2601 1
4110 2604 1
4110 8759 1
4110 8768 1
4110 1383 1
4110 6741 1
4110 16933 1
4110 2701 1
4110 2703 1
4110 2706 1
4110 2708 1
4110 2709 1
4110 2712 1
4110 8866 1
4110 676 1
4110 677 1
4110 679 1
4110 698 1
4110 705 1
4110 6867 1
4110 5243 1
4110 8932 1
4110 4847 1
4110 13046 1
4110 4855 1
4110 4872 1
4110 2849 1
4110 835 1
4110 864 1
4110 4963 1
4110 4966 1
4110 4981 1
4110 15283 1
4110 5045 1
4110 9145 1
4110 5052 1
4110 7109 1
4110 5118 1
4110 13324 1
4110 5204 1
4110 11379 1
4110 7303 1
4110 1216 1
4110 3270 1
4110 7373 1
4110 4646 1
4110 1259 1
4110 4649 1
4110 5389 1
4110 13587 1
4110 17712 1
4110 3397 1
4110 1384 1
4110 3443 1
4110 5495 1
4110 7573 1
4110 5539 1
4110 19879 1
4110 7634 1
4110 13843 1
4110 1591 1
4110 1593 1
4110 1620 2
4110 5744 1
4110 1653 1
4110 4033 1
4110 1687 1
4110 2718 1
4110 5865 1
4110 5867 1
4110 5868 1
4110 5880 1
4110 3833 1
4110 5882 1
4110 6792 1
4110 18234 1
4110 5949 1
4110 5953 1
4110 5965 1
4110 12943 1
4110 5980 1
4110 5981 1
4110 5988 1
4110 2705 1
4110 5992 1
4110 6005 1
4110 6008 1
4110 8100 1
4110 6068 1
4110 2722 1
4110 2724 1
4110 8160 1
4110 2019 1
4110 4081 1
4110 4095 1
6160 6162 0
6160 20 0
6160 6165 0
6160 52 0
6160 6160 0
6160 6164 0
6160 8377 0
6160 4291 0
6160 4301 0
6160 6359 0
6160 287 0
6160 2338 0
6160 303 0
6160 337 0
6160 338 0
6160 413 0
6160 4536 0
6160 4547 0
6160 4560 0
6160 4561 0
6160 6666 0
6160 562 1
6160 2703 0
6160 2704 0
6160 2709 0
6160 2718 0
6160 2722 0
6160 8867 0
6160 679 0
6160 4795 0
6160 729 0
6160 6915 0
6160 2831 0
6160 6946 0
6160 1863 0
6160 2989 0
6160 5052 0
6160 13284 0
6160 7165 0
6160 5243 0
6160 5389 0
6160 3397 0
6160 5469 0
6160 3462 0
6160 7697 0
6160 6755 0
6160 1620 1
6160 1653 0
6160 7846 0
6160 5980 0
6160 5981 0
6160 16241 0
6160 3986 0
6160 6068 0
6162 6162 0
6162 20 0
6162 6165 0
6162 52 0
6162 2115 0
6162 6164 0
6162 168 0
6162 8377 0
6162 6359 0
6162 2338 0
6162 303 0
6162 337 0
6162 338 0
6162 8932 0
6162 413 0
6162 418 0
6162 4520 0
6162 4560 0
6162 19879 0
6162 6666 0
6162 2598 0
6162 562 1
6162 8768 0
6162 6741 0
6162 2831 0
6162 2701 0
6162 2703 0
6162 2712 0
6162 669 0
6162 2718 0
6162 672 0
6162 2722 0
6162 8867 0
6162 676 0
6162 4795 0
6162 4808 0
6162 729 0
6162 4847 0
6162 6915 0
6162 2849 0
6162 9009 0
6162 4963 0
6162 4966 0
6162 2989 0
6162 13284 0
6162 3141 0
6162 5243 0
6162 1216 0
6162 5318 0
6162 5389 0
6162 5469 0
6162 7526 0
6162 3462 0
6162 7697 0
6162 1593 0
6162 1604 0
6162 6755 0
6162 1620 1
6162 7846 0
6162 5882 0
6162 16241 0
6162 3986 0
6162 8112 0
6162 6068 0
6162 7165 0
8195 2600 0
8195 1591 0
8195 8768 0
8195 1620 1
8195 1653 0
8195 1170 0
8195 2722 0
8195 4259 0
8195 2724 0
8195 237 0
8195 6867 0
8195 2338 0
8195 303 0
8195 5981 0
8195 393 0
8195 3986 0
8195 5045 0
8195 14072 0
6164 20 0
6164 6165 0
6164 4145 0
6164 6755 0
6164 6164 0
6164 4295 1
6164 2338 0
6164 303 0
6164 2361 0
6164 337 0
6164 338 0
6164 12646 0
6164 2604 0
6164 6741 0
6164 2712 0
6164 8867 0
6164 4795 0
6164 729 0
6164 6915 0
6164 4966 0
6164 2989 0
6164 5045 0
6164 13284 0
6164 5318 0
6164 1216 0
6164 4647 0
6164 562 1
6164 1371 0
6164 5469 0
6164 3462 0
6164 1591 0
6164 1593 0
6164 1653 0
6164 7846 0
6164 1741 0
6164 5953 0
6164 3986 0
6164 8112 0
6164 6068 0
2069 6666 0
2069 4624 0
2069 20 0
2069 2069 0
2069 2604 0
2069 1620 1
2069 1658 0
2069 6165 0
2069 4547 0
2069 2709 0
2069 1687 0
2069 1216 0
2069 1741 0
2069 2338 0
2069 805 0
2069 4145 0
2069 4818 0
2069 338 0
2069 3446 0
2069 8064 0
2069 3986 0
2069 5725 1
2069 6062 0
2069 7634 0
2069 3046 0
2069 5204 0
2069 1022 0
22 3844 0
22 7697 0
22 1170 0
22 5523 0
22 20 0
22 22 0
22 4185 0
22 2338 0
22 9009 0
22 1718 1
22 1719 0
22 1720 0
22 6728 0
22 4300 0
22 719 0
22 1489 0
22 1620 1
22 3035 0
22 5469 0
22 2668 0
22 3986 0
22 4339 0
22 3446 0
22 4628 0
22 6779 0
8866 3986 0
8866 20 0
8866 8866 0
8866 20251 0
8866 337 0
8866 4818 0
8866 1620 1
8866 1765 0
8866 6380 0
8866 1653 0
4127 393 0
4127 3986 0
4127 5013 0
4127 4127 0
4127 8112 0
4127 4259 0
4127 19879 0
4127 1718 1
4127 1620 1
4127 6380 0
4127 3443 0
4127 4479 0
7858 2598 0
7858 2600 0
7858 2601 0
7858 2604 0
7858 1591 0
7858 8768 0
7858 1620 1
7858 6741 0
7858 1653 0
7858 669 0
7858 2722 0
7858 4259 0
7858 676 0
7858 7858 0
7858 6867 0
7858 1765 0
7858 13046 0
7858 4859 0
7858 2338 0
7858 3884 0
7858 3885 0
7858 12943 0
7858 4963 0
7858 4966 0
7858 1383 0
7858 1384 0
7858 16241 0
7858 3462 0
7858 237 0
7858 3986 0
7858 5013 0
7858 5981 0
7858 19879 0
7858 413 0
7858 5539 0
7858 5045 0
7858 5204 0
4145 20 0
4145 4145 0
4145 2115 0
4145 4547 0
4145 2500 0
4145 2530 0
4145 4647 0
4145 8768 0
4145 6741 0
4145 676 0
4145 677 0
4145 4859 0
4145 4872 0
4145 827 0
4145 864 0
4145 4966 0
4145 5045 0
4145 7273 0
4145 5365 0
4145 1371 0
4145 3446 0
4145 242 0
4145 1591 0
4145 1593 0
4145 1620 1
4145 1687 0
4145 1765 0
4145 5880 0
4145 5885 0
4145 5980 0
4145 5981 0
4145 5988 0
4145 8064 0
4145 3986 0
4145 8112 0
4145 4081 0
52 1620 1
52 6741 0
52 1687 0
52 5865 0
52 303 0
52 4536 0
52 8867 0
53 6165 0
53 53 0
53 2115 0
53 168 0
53 4301 0
53 6359 0
53 242 0
53 287 0
53 2338 0
53 337 0
53 338 0
53 413 0
53 4536 0
53 2500 0
53 19879 0
53 4624 0
53 2598 0
53 2601 0
53 8768 0
53 6741 0
53 4710 0
53 2703 0
53 2708 0
53 2712 0
53 2718 0
53 2722 0
53 8867 0
53 2724 0
53 719 0
53 6867 0
53 729 0
53 9009 0
53 4981 0
53 5052 0
53 1022 0
53 3141 0
53 3146 0
53 5243 0
53 5247 0
53 1170 0
53 1216 0
53 5365 0
53 5389 0
53 3397 0
53 5469 0
53 1383 0
53 1384 0
53 3446 0
53 13843 0
53 1591 0
53 1593 0
53 13284 0
53 1653 0
53 1687 0
53 1714 0
53 1718 1
53 1741 0
53 5865 0
53 5867 0
53 16174 0
53 5949 0
53 5953 0
53 5980 0
53 5981 0
53 8064 0
53 6068 0
53 6080 0
53 8160 0
14396 10134 0
14396 7303 0
14396 1170 0
14396 13843 0
14396 14396 0
14396 5419 0
14396 6712 0
14396 5052 0
14396 1620 1
14396 729 0
14396 5980 0
14396 5981 0
14396 4855 0
2115 4624 0
2115 530 0
2115 6165 0
2115 2601 0
2115 1591 0
2115 2115 0
2115 3141 0
2115 4681 0
2115 3146 0
2115 14072 0
2115 1620 1
2115 6741 0
2115 5885 0
2115 5230 0
2115 5243 0
2115 5204 0
2115 2705 0
2115 1687 0
2115 2712 0
2115 2718 0
2115 2722 0
2115 8867 0
2115 2724 0
2115 168 0
2115 4808 0
2115 1741 0
2115 6359 0
2115 729 0
2115 5965 0
2115 1765 0
2115 5723 0
2115 242 0
2115 8860 0
2115 4855 0
2115 5389 0
2115 287 0
2115 2338 0
2115 338 0
2115 1383 0
2115 1384 0
2115 4981 0
2115 3446 0
2115 4481 0
2115 3462 0
2115 3986 0
2115 5469 0
2115 413 0
2115 8112 0
2115 4550 0
2115 4561 0
2115 8160 0
2115 5798 0
2115 19879 0
2115 7208 0
2115 4095 0
14405 3986 0
14405 287 0
14405 2338 0
14405 1718 1
14405 1719 0
14405 1620 1
14405 4855 0
14405 5882 0
4185 20 0
4185 6728 0
4185 4681 0
4185 1620 1
4185 4185 0
4185 4704 0
4185 4705 0
4185 4710 0
4185 4711 0
4185 4718 0
4185 4719 0
4185 3704 0
4185 6779 0
4185 5247 0
4185 1170 0
4185 2718 0
4185 4795 0
4185 4292 0
4185 4295 1
4185 4300 0
4185 4301 0
4185 719 0
4185 4818 0
4185 4339 0
4185 8437 0
4185 6907 0
4185 3844 0
4185 729 0
4185 20251 0
4185 2338 0
4185 2339 0
4185 303 0
4185 5469 0
4185 18270 0
4185 20871 0
4185 5521 0
4185 3986 0
4185 5523 0
4185 5525 0
4185 6062 0
4185 6063 0
4185 3035 0
4185 3036 0
4185 14814 0
8287 4624 0
8287 20 0
8287 4646 0
8287 7208 0
8287 4649 0
8287 5981 0
8287 6068 0
8287 4681 0
8287 1620 1
8287 9145 0
8287 5723 0
8287 5725 1
8287 8287 0
8287 7267 0
8287 5235 0
8287 2703 0
8287 2706 0
8287 2708 0
8287 2709 0
8287 2718 0
8287 2722 0
8287 2724 0
8287 168 0
8287 1718 1
8287 4795 0
8287 1741 0
8287 5865 0
8287 5882 0
8287 4479 0
8287 5885 0
8287 5389 0
8287 287 0
8287 9009 0
8287 3884 0
8287 303 0
8287 2361 0
8287 3397 0
8287 337 0
8287 338 0
8287 5980 0
8287 5469 0
8287 2704 0
8287 5988 0
8287 2705 0
8287 8064 0
8287 3462 0
8287 5230 0
8287 2712 0
8287 2981 1
8287 7109 0
8287 7634 0
8287 8674 0
8287 4859 0
16486 1620 1
16486 1718 1
20 20 0
20 1720 0
20 6165 0
20 138 0
20 4300 0
20 4301 0
20 2280 0
20 4339 0
20 261 0
20 287 0
20 2338 0
20 4536 0
20 4547 0
20 453 0
20 8674 0
20 4628 0
20 3844 0
20 4649 0
20 2708 0
20 2712 0
20 2718 0
20 8867 0
20 2724 0
20 719 0
20 4818 0
20 729 0
20 6907 0
20 827 0
20 864 0
20 3035 0
20 3036 0
20 1107 1
20 5247 0
20 1170 0
20 1171 0
20 1259 0
20 5419 0
20 5432 0
20 3397 0
20 1371 0
20 5469 0
20 7526 0
20 1384 0
20 17770 0
20 3446 0
20 1489 0
20 7697 0
20 13843 0
20 1604 0
20 4705 0
20 1620 1
20 5723 0
20 5725 1
20 3704 0
20 1687 0
20 1714 0
20 1718 1
20 1719 0
20 1741 0
20 1765 0
20 5885 0
20 20251 0
20 5981 0
20 3986 0
20 6062 0
20 8112 0
20 2019 0
20 4095 0
8316 1620 1
8316 1718 1
8316 287 0
6165 168 0
6165 169 0
6165 4292 0
6165 5495 0
6165 6359 0
6165 2280 0
6165 242 0
6165 6165 0
6165 4646 0
6165 287 0
6165 2338 0
6165 4647 0
6165 303 0
6165 337 0
6165 18784 0
6165 418 0
6165 4520 0
6165 4524 0
6165 413 0
6165 4534 0
6165 4536 0
6165 4537 0
6165 4547 0
6165 4560 0
6165 14814 0
6165 19879 0
6165 6666 0
6165 2598 0
6165 2600 0
6165 2604 0
6165 562 1
6165 6741 0
6165 6792 0
6165 2703 0
6165 2704 0
6165 2705 0
6165 2708 0
6165 2709 0
6165 2712 0
6165 669 0
6165 2718 0
6165 672 0
6165 673 0
6165 2722 0
6165 676 0
6165 4795 0
6165 2755 0
6165 4807 0
6165 14072 0
6165 6867 0
6165 729 0
6165 6915 0
6165 4872 0
6165 2831 0
6165 4966 0
6165 2989 0
6165 5052 0
6165 7109 0
6165 9172 0
6165 13284 0
6165 1022 0
6165 3141 0
6165 3146 0
6165 5204 0
6165 5230 0
6165 11379 0
6165 5243 0
6165 5247 0
6165 1216 0
6165 3270 0
6165 1259 0
6165 5365 0
6165 3397 0
6165 1371 0
6165 1383 0
6165 8768 0
6165 3462 0
6165 7697 0
6165 1591 0
6165 6755 0
6165 1620 1
6165 5725 1
6165 5744 0
6165 5798 0
6165 1765 0
6165 5880 0
6165 5949 0
6165 5953 0
6165 5965 0
6165 5980 0
6165 5981 0
6165 16241 0
6165 8053 0
6165 3986 0
6165 8112 0
6165 6068 0
6165 6080 0
6165 8867 0
6165 2724 0
6165 8160 0
6165 2019 0
6165 7846 0
6165 7165 0
6165 4081 0
6165 4095 0
4230 8064 0
4230 3462 0
4230 3986 0
4230 287 0
4230 8867 0
4230 5798 0
4230 4647 0
4230 4230 0
4230 4524 0
4230 3885 0
4230 5835 0
4230 1107 1
4230 1620 1
4230 5882 0
138 5469 0
138 1620 1
138 5744 0
138 5755 0
138 5247 0
138 1170 0
138 1714 0
138 1718 1
138 2338 0
138 337 0
138 338 0
138 13284 0
138 3986 0
138 1022 0
4259 5013 0
4259 16933 0
4259 2598 0
4259 2600 0
4259 1591 0
4259 6380 0
4259 4963 0
4259 1620 1
4259 13046 0
4259 1653 0
4259 12943 0
4259 2705 0
4259 8768 0
4259 2722 0
4259 2724 0
4259 5835 0
4259 14072 0
4259 237 0
4259 2338 0
4259 5432 0
4259 4966 0
4259 4479 0
4259 4480 1
4259 393 0
4259 3986 0
4259 6867 0
4259 421 0
4259 8112 0
4259 6068 0
4259 5045 0
4259 5880 0
4259 19879 0
4259 1022 0
168 8898 0
168 168 0
168 169 0
168 4295 1
168 4300 0
168 2280 0
168 4339 0
168 4479 0
168 287 0
168 337 0
168 338 0
168 4477 0
168 393 0
168 4534 0
168 4547 0
168 2530 0
168 562 1
168 6792 0
168 2708 0
168 2709 0
168 2712 0
168 669 0
168 2718 0
168 2721 0
168 2722 0
168 679 0
168 4795 0
168 9009 0
168 2927 0
168 2989 0
168 1022 0
168 5202 0
168 1107 1
168 5243 0
168 5318 0
168 1259 0
168 5389 0
168 3397 0
168 5469 0
168 1384 0
168 17770 0
168 3443 0
168 3446 0
168 5521 0
168 7573 0
168 7588 0
168 19879 0
168 1604 0
168 1620 1
168 5723 0
168 5725 1
168 5774 0
168 1687 0
168 1719 0
168 1741 0
168 5868 0
168 14072 0
168 5885 0
168 3844 0
168 18181 0
168 5981 0
168 6008 0
168 6068 0
168 2019 0
169 6666 0
169 562 1
169 5202 0
169 1107 1
169 1620 1
169 5725 1
169 4547 0
169 1687 0
169 2718 0
169 2722 0
169 169 0
169 4795 0
169 1741 0
169 1259 0
169 4855 0
169 18181 0
169 287 0
169 9009 0
169 338 0
169 3446 0
169 7573 0
169 2989 0
169 6080 0
169 2019 0
8376 7208 0
8376 1604 0
8376 1107 1
8376 1620 1
8376 6741 0
8376 6755 0
8376 6792 0
8376 2709 0
8376 5835 0
8376 4855 0
8376 4859 0
8376 5885 0
8376 3884 0
8376 3885 0
8376 5432 0
8376 5949 0
8376 6986 0
8376 338 0
8376 8064 0
8376 3462 0
8376 5882 0
8377 1620 1
8377 5723 0
8377 5243 0
8377 5247 0
8377 1170 0
8377 2718 0
8377 2724 0
8377 6867 0
8377 6359 0
8377 729 0
8377 13587 0
8377 2338 0
8377 17712 0
8377 5949 0
8377 5953 0
8377 835 0
8377 338 0
8377 8064 0
8377 3986 0
8377 8112 0
8377 6068 0
8377 5539 0
8377 6741 0
4291 3986 0
4291 1718 1
4291 827 0
4291 4292 0
4291 337 0
4291 338 0
4291 1620 1
4291 13284 0
4291 16241 0
4291 1022 0
4292 3986 0
4292 2338 0
4292 8867 0
4292 6068 0
4292 1718 1
4292 4300 0
4292 1620 1
4292 2280 0
4292 1170 0
4292 5247 0
4295 3968 1
4295 6915 1
4295 18181 1
4295 5774 1
4295 6032 1
4295 1170 1
4295 20251 1
4295 7109 1
4295 2338 1
4295 291 1
4295 805 1
4295 2989 1
4295 2357 1
4295 1719 1
4295 4536 1
4295 20158 1
4295 5045 1
4295 8898 1
4295 5835 1
4295 2500 1
4295 453 1
4295 3148 2
4295 1741 1
4295 6990 1
4295 8867 1
4295 729 1
4295 4700 1
4295 4301 1
4295 6755 1
4295 5521 1
4295 1384 1
4295 5865 1
4295 2668 1
4295 3986 1
4295 5230 1
4295 2927 1
4295 4300 1
4295 6779 1
4300 530 0
4300 2604 0
4300 5469 0
4300 4704 0
4300 5981 0
4300 4681 0
4300 1620 1
4300 2831 0
4300 20251 0
4300 5953 0
4300 6755 0
4300 2668 0
4300 5755 0
4300 6080 0
4300 1170 0
4300 1171 0
4300 1687 0
4300 5798 0
4300 1718 1
4300 1719 0
4300 5835 0
4300 4300 0
4300 1741 0
4300 4301 0
4300 4818 0
4300 18181 0
4300 4339 0
4300 4340 0
4300 8437 0
4300 5247 0
4300 729 0
4300 1816 0
4300 2338 0
4300 291 0
4300 805 0
4300 5419 0
4300 303 0
4300 6915 0
4300 1863 0
4300 7229 0
4300 1259 0
4300 3986 0
4300 19879 0
4300 2989 0
4300 6062 0
4300 7109 0
4300 1489 0
4300 5586 0
4300 12793 0
4300 3035 0
4300 3036 0
4300 6907 0
4300 5523 0
4301 1591 0
4301 3148 1
4301 1615 0
4301 6755 0
4301 5243 0
4301 5247 0
4301 2704 0
4301 2705 0
4301 1170 0
4301 1171 0
4301 2709 0
4301 2712 0
4301 8867 0
4301 1718 1
4301 1719 0
4301 1720 0
4301 1741 0
4301 729 0
4301 5755 0
4301 6907 0
4301 6915 0
4301 18181 0
4301 2831 0
4301 287 0
4301 2338 0
4301 5419 0
4301 3884 0
4301 6779 0
4301 337 0
4301 1383 0
4301 3986 0
4301 5523 0
4301 2989 0
4301 6068 0
4301 7109 0
4301 5586 0
4301 4704 0
4301 13587 0
4301 1620 1
6359 242 0
6359 4349 0
6359 338 0
6359 413 0
6359 418 0
6359 4520 0
6359 5949 0
6359 19879 0
6359 4646 0
6359 2601 0
6359 6755 0
6359 6792 0
6359 2712 0
6359 2718 0
6359 2721 0
6359 2722 0
6359 8867 0
6359 2724 0
6359 6867 0
6359 729 0
6359 4859 0
6359 4963 0
6359 4966 0
6359 4981 0
6359 835 0
6359 7109 0
6359 3141 0
6359 3146 0
6359 11379 0
6359 5243 0
6359 5247 0
6359 1170 0
6359 7373 0
6359 1259 0
6359 5389 0
6359 13587 0
6359 3397 0
6359 1383 0
6359 1384 0
6359 3462 0
6359 237 0
6359 5586 0
6359 1591 0
6359 1620 1
6359 5798 0
6359 1741 0
6359 3885 0
6359 5953 0
6359 5981 0
6359 5988 0
6359 6008 0
6359 8064 0
6359 3986 0
6359 6062 0
6359 8160 0
2280 562 1
2280 1591 0
2280 4963 0
2280 1620 1
2280 19067 0
2280 1170 0
2280 2709 0
2280 4795 0
2280 1741 0
2280 729 0
2280 2280 0
2280 303 0
2280 2849 0
2280 6946 0
2280 2339 0
2280 6915 0
2280 2361 0
2280 18234 0
2280 827 0
2280 9051 1
2280 5981 0
2280 1384 0
2280 3446 0
2280 3986 0
2280 2989 0
2280 5045 0
2280 8867 0
2280 14814 0
6380 14072 0
6380 4628 0
6380 2604 0
6380 15283 0
6380 1591 0
6380 6068 0
6380 1620 1
6380 5744 0
6380 4740 0
6380 2709 0
6380 719 0
6380 242 0
6380 5880 0
6380 5885 0
6380 4479 0
6380 4480 1
6380 405 0
6380 9172 0
6380 8160 0
6380 3046 0
6380 1653 0
237 4859 0
237 14072 0
237 2598 0
237 2600 0
237 1591 0
237 5045 0
237 8768 0
237 4963 0
237 1620 1
237 6741 0
237 11379 0
237 1653 0
237 6792 0
237 2718 0
237 2722 0
237 2724 0
237 5835 0
237 1741 0
237 8112 0
237 237 0
237 13046 0
237 5882 0
237 2338 0
237 3884 0
237 6986 0
237 12943 0
237 4966 0
237 3986 0
237 4981 0
237 3462 0
237 393 0
237 5013 0
237 6867 0
237 421 0
237 19879 0
237 4520 0
242 2601 0
242 6068 0
242 3141 0
242 3146 0
242 5723 0
242 5725 1
242 5243 0
242 5247 0
242 1687 0
242 2712 0
242 2718 0
242 2722 0
242 8867 0
242 2724 0
242 1741 0
242 1765 0
242 5885 0
242 5419 0
242 6712 0
242 287 0
242 2338 0
242 5432 0
242 337 0
242 338 0
242 1383 0
242 1384 0
242 4981 0
242 4479 0
242 3986 0
242 5469 0
242 413 0
242 19879 0
242 4534 0
242 4536 0
242 4537 0
242 9172 0
242 8160 0
242 13284 0
4339 6915 0
4339 6062 0
4339 5469 0
4339 1591 0
4339 7229 0
4339 4681 0
4339 1620 1
4339 4704 0
4339 4718 0
4339 5247 0
4339 679 0
4339 1718 1
4339 1719 0
4339 4795 0
4339 4371 0
4339 2338 0
4339 719 0
4339 4818 0
4339 729 0
4339 5586 0
4339 4340 0
4339 2357 0
4339 3986 0
4339 8070 0
4339 5981 0
4339 4524 0
4339 4534 0
4339 5419 0
4339 8437 0
4339 3022 0
4339 1489 0
4339 3035 0
4339 3036 0
4339 19879 0
4340 530 0
4340 1620 1
4340 4704 0
4340 5247 0
4340 2724 0
4340 1718 1
4340 4340 0
4340 20251 0
4340 2338 0
4340 5469 0
4340 3986 0
4340 19879 0
4340 2989 0
4340 6062 0
4340 4534 0
4340 3022 0
4340 5586 0
4340 3035 0
4340 3036 0
4340 14814 0
8437 2831 0
8437 2338 0
8437 1718 1
8437 1719 0
8437 1741 0
8437 1620 1
8437 5469 0
8437 5247 0
8439 1653 0
8439 1718 1
8439 1720 0
8439 8439 0
8439 1816 0
8439 287 0
8439 2338 0
8439 2357 0
8439 5469 0
8439 3446 0
8439 4534 0
4479 1591 0
4479 6712 0
4479 6068 0
4479 1620 1
4479 18009 0
4479 6755 0
4479 1653 0
4479 2703 0
4479 2712 0
4479 2718 0
4479 2724 0
4479 4795 0
4479 1741 0
4479 719 0
4479 16933 0
4479 5885 0
4479 4480 1
4479 4872 0
4479 3885 0
4479 827 0
4479 338 0
4479 12943 0
4479 5981 0
4479 6719 0
4479 4477 0
4479 4481 0
4479 3462 0
4479 4488 0
4479 393 0
4479 4490 0
4479 3986 0
4479 5013 0
4479 19879 0
4479 15276 0
4479 434 0
4479 9145 0
4479 2500 0
4479 5204 0
4479 1022 0
4479 4095 0
4349 4624 0
4349 4628 0
4349 1107 1
4349 1620 1
4349 5723 0
4349 5243 0
4349 6792 0
4349 2708 0
4349 4807 0
4349 1259 0
4349 4859 0
4349 4349 0
4349 3844 0
4349 5389 0
4349 287 0
4349 5949 0
4349 835 0
4349 3446 0
4349 5953 0
4349 3986 0
4349 5539 0
4349 19879 0
4349 15276 0
4349 2989 0
4349 6068 0
4349 7165 0
261 2601 0
261 2604 0
261 1718 1
261 5202 0
261 1620 1
261 261 0
261 287 0
261 291 0
261 4963 0
261 1383 0
261 2500 0
261 4550 0
261 5204 0
269 1620 1
269 6792 0
269 698 0
269 4795 0
269 705 0
269 5835 0
269 4855 0
269 5885 0
269 269 0
269 805 0
269 3884 0
269 6986 0
269 5981 0
269 5988 0
269 6005 0
269 2981 1
269 5882 0
4371 4624 0
4371 3148 1
4371 1620 1
4371 6741 0
4371 9145 0
4371 5725 1
4371 1687 0
4371 7109 0
4371 5755 0
4371 1259 0
4371 4859 0
4371 4872 0
4371 4371 0
4371 3884 0
4371 5432 0
4371 2361 0
4371 827 0
4371 6005 0
4371 3446 0
4371 8064 0
4371 5521 0
4371 3986 0
4371 5523 0
4371 5539 0
4371 5981 0
4371 5365 0
4371 2500 0
4371 4551 0
4371 4550 0
4371 3035 0
4371 2019 0
4371 19879 0
4371 5202 0
4371 496 0
287 16473 0
287 287 0
287 421 0
287 16856 0
287 549 0
287 8768 0
287 8860 0
287 676 0
287 705 0
287 719 0
287 8932 0
287 9009 0
287 827 0
287 835 0
287 864 0
287 1259 0
287 1620 1
287 18234 0
287 2338 0
287 18762 0
287 2468 0
287 2472 0
287 413 0
287 2530 0
287 2706 0
287 2708 0
287 2712 0
287 2718 0
287 2755 0
287 2831 0
287 2989 0
287 3148 1
287 3270 0
287 3397 0
287 3446 0
287 19879 0
287 4488 0
287 4490 0
287 4536 0
287 4562 0
287 4628 0
287 4649 0
287 4681 0
287 4683 0
287 4705 0
287 4818 0
287 13046 0
287 5045 0
287 5052 0
287 13284 0
287 5202 0
287 5204 0
287 5243 0
287 5247 0
287 5389 0
287 5539 0
287 5586 0
287 5755 0
287 14072 0
287 9172 0
287 5885 0
287 5953 0
287 5980 0
287 6008 0
287 6712 0
287 7273 0
287 7373 0
287 7588 0
287 4033 0
287 16241 0
287 2724 0
2338 17937 0
2338 2338 0
2338 2339 0
2338 12646 0
2338 4481 0
2338 413 0
2338 418 0
2338 2472 0
2338 4550 0
2338 14814 0
2338 12793 0
2338 6666 0
2338 2598 0
2338 2600 0
2338 2601 0
2338 2604 0
2338 8759 0
2338 8768 0
2338 4681 0
2338 4704 0
2338 4711 0
2338 2668 0
2338 4718 0
2338 6779 0
2338 2704 0
2338 2705 0
2338 2709 0
2338 2712 0
2338 2718 0
2338 673 0
2338 2722 0
2338 8867 0
2338 2724 0
2338 14072 0
2338 4818 0
2338 6867 0
2338 729 0
2338 4855 0
2338 6907 0
2338 6915 0
2338 4963 0
2338 2989 0
2338 5052 0
2338 3022 0
2338 3035 0
2338 3036 0
2338 13284 0
2338 1022 0
2338 5152 0
2338 5981 0
2338 18270 0
2338 3146 0
2338 7267 0
2338 5243 0
2338 5247 0
2338 1170 0
2338 1171 0
2338 5419 0
2338 5432 0
2338 5469 0
2338 1383 0
2338 1384 0
2338 4547 0
2338 5495 0
2338 19879 0
2338 1489 0
2338 5586 0
2338 13843 0
2338 1591 0
2338 5045 0
2338 1604 0
2338 4705 0
2338 1615 0
2338 6755 0
2338 1620 1
2338 20251 0
2338 1653 0
2338 3704 0
2338 1687 0
2338 1714 0
2338 1718 1
2338 1719 0
2338 1720 0
2338 5835 0
2338 1741 0
2338 291 0
2338 5865 0
2338 1816 0
2338 18234 0
2338 5949 0
2338 5980 0
2338 8070 0
2338 3986 0
2338 6062 0
2338 6063 0
2338 6068 0
2338 4095 0
2339 7573 0
2339 669 0
2339 19879 0
2339 2472 0
2339 1718 1
2339 1719 0
2339 4681 0
2339 418 0
2339 719 0
2339 1620 1
2339 4704 0
2339 7273 0
2339 7208 0
2339 5247 0
13717 4480 1
13717 729 0
13717 9051 1
13717 16241 0
303 562 1
303 3148 1
303 2668 0
303 7303 0
303 2701 0
303 2718 0
303 8867 0
303 677 0
303 4795 0
303 4847 0
303 5880 0
303 13587 0
303 303 0
303 9009 0
303 5949 0
303 5469 0
303 18784 0
303 1384 0
303 3968 0
303 418 0
303 4560 0
303 4561 0
303 7634 0
303 4081 0
2357 679 0
2357 2357 0
2357 4534 0
2357 4536 0
2357 4537 0
2357 5981 0
2357 5469 0
2357 4704 0
2357 4705 0
2357 4710 0
2357 4711 0
2357 4718 0
2361 5469 0
2361 1620 1
2361 1653 0
2361 2703 0
2361 4547 0
2361 1687 0
2361 8860 0
2361 669 0
2361 672 0
2361 2721 0
2361 676 0
2361 4795 0
2361 20158 0
2361 6005 0
2361 5965 0
2361 5365 0
2361 4859 0
2361 3884 0
2361 3885 0
2361 2361 0
2361 5980 0
2361 864 0
2361 5523 0
2361 3446 0
2361 8064 0
2361 5525 0
2361 4524 0
2361 2718 0
2361 2500 0
2361 4550 0
2361 4551 0
2361 2724 0
2361 2981 1
2361 8674 0
2361 5204 0
2361 1022 0
18762 7573 0
18762 2981 1
18762 4818 0
18762 1620 1
18762 6779 0
337 7208 0
337 2601 0
337 2604 0
337 5981 0
337 1593 0
337 5202 0
337 1620 1
337 5243 0
337 2703 0
337 2704 0
337 2709 0
337 2712 0
337 669 0
337 2718 0
337 672 0
337 673 0
337 676 0
337 4551 0
337 3270 0
337 5868 0
337 14072 0
337 5885 0
337 3844 0
337 5389 0
337 2831 0
337 8867 0
337 17712 0
337 337 0
337 338 0
337 5469 0
337 1889 0
337 4966 0
337 4981 0
337 3446 0
337 413 0
337 418 0
337 19879 0
337 5980 0
337 5052 0
337 453 0
337 4550 0
337 4562 0
337 3035 0
337 13284 0
337 5949 0
337 4081 0
337 5204 0
337 1022 0
338 5469 0
338 338 0
338 4550 0
338 4551 0
338 4560 0
338 8674 0
338 2600 0
338 2601 0
338 2604 0
338 2703 0
338 2704 0
338 2705 0
338 2712 0
338 669 0
338 672 0
338 673 0
338 2722 0
338 8867 0
338 4795 0
338 2831 0
338 4963 0
338 4966 0
338 4981 0
338 5052 0
338 13284 0
338 1022 0
338 7208 0
338 3141 0
338 5202 0
338 3270 0
338 2598 0
338 17712 0
338 1383 0
338 1384 0
338 3446 0
338 5521 0
338 19879 0
338 1591 0
338 1593 0
338 1620 1
338 5885 0
338 3844 0
338 18234 0
338 5949 0
338 5980 0
338 5981 0
338 2709 0
338 6068 0
338 4081 0
18784 7208 0
18784 562 1
18784 1620 1
18784 6741 0
18784 5247 0
18784 6792 0
18784 4795 0
18784 5835 0
18784 4859 0
18784 3884 0
18784 3885 0
18784 5953 0
18784 6986 0
18784 5981 0
18784 8064 0
18784 3462 0
18784 20871 0
12646 3462 0
12646 6792 0
12646 3885 0
12646 6068 0
12646 5835 0
12646 1741 0
12646 1107 1
12646 1620 1
12646 1383 0
12646 9172 0
12646 5885 0
4477 4646 0
4477 2601 0
4477 6719 0
4477 3141 0
4477 3146 0
4477 1620 1
4477 6741 0
4477 18009 0
4477 5230 0
4477 1687 0
4477 4795 0
4477 1216 0
4477 7373 0
4477 6792 0
4477 1741 0
4477 719 0
4477 4859 0
4477 3397 0
4477 5723 0
4477 4547 0
4477 4480 1
4477 4481 0
4477 3462 0
4477 4488 0
4477 4490 0
4477 3986 0
4477 5525 0
4477 5469 0
4477 19879 0
4477 4520 0
4477 6068 0
4477 4536 0
4477 4550 0
4477 4551 0
4477 3036 0
4477 496 0
4477 5204 0
5525 549 0
5525 1620 1
5525 4704 0
5525 5247 0
5525 1170 0
5525 1171 0
5525 1687 0
5525 7109 0
5525 1720 0
5525 1741 0
5525 729 0
5525 5365 0
5525 3884 0
5525 5469 0
5525 5521 0
5525 5523 0
5525 5525 0
5525 2981 1
5525 2500 0
5525 4550 0
5525 4551 0
5525 5586 0
5525 3035 0
5525 3036 0
4480 6719 1
4480 1620 2
4480 18009 1
4480 2724 1
4480 6792 1
4480 719 1
4480 4859 1
4480 4480 2
4480 3885 1
4480 827 1
4480 16241 1
4480 5523 1
4480 4481 1
4480 3462 1
4480 4488 1
4480 4490 1
4480 5013 1
4480 4520 1
4480 15276 1
4480 434 1
4480 9145 1
4480 2500 1
4480 3036 1
4480 5204 1
4480 1022 1
4480 4095 1
4481 1620 1
4481 1653 0
4481 5949 0
4481 4488 0
4481 3986 0
4481 453 0
4481 2019 0
20871 20871 0
20871 5586 0
20871 1620 1
20871 6062 0
20871 1718 1
20871 729 0
4488 4490 0
4488 1687 0
4488 4520 0
4488 4536 0
4488 4550 0
4488 1620 1
393 1591 0
393 8768 0
393 4534 0
393 1620 1
393 2722 0
393 2724 0
393 1718 1
393 5835 0
393 5867 0
393 5868 0
393 5981 0
393 5013 0
393 3986 0
393 405 0
393 421 0
393 2472 0
393 4524 0
393 8112 0
393 2999 0
393 4550 0
393 4551 0
393 1022 0
4490 4490 0
4490 16241 0
4490 1620 1
4490 1653 0
405 3986 0
405 669 0
405 4524 0
405 4534 0
405 1620 1
413 530 0
413 8112 0
413 7208 0
413 2601 0
413 5981 0
413 3141 0
413 3146 0
413 1620 1
413 6741 0
413 20251 0
413 1383 0
413 5243 0
413 2703 0
413 2709 0
413 2712 0
413 2718 0
413 2722 0
413 8867 0
413 2724 0
413 5835 0
413 4649 0
413 18234 0
413 2705 0
413 1384 0
413 4981 0
413 3462 0
413 3986 0
413 5013 0
413 418 0
413 421 0
413 8160 0
413 4859 0
413 19879 0
413 4081 0
418 4624 0
418 530 0
418 8112 0
418 16933 0
418 4649 0
418 1591 0
418 1620 1
418 5725 1
418 5243 0
418 6792 0
418 2718 0
418 2722 0
418 8867 0
418 676 0
418 16241 0
418 1741 0
418 4963 0
418 3986 0
418 421 0
418 4551 0
418 4081 0
2468 1591 0
2468 1620 1
2468 6741 0
2468 16933 0
2468 8860 0
2468 677 0
2468 6867 0
2468 14072 0
2468 2849 0
2468 3986 0
2468 2472 0
2468 8112 0
2468 6080 0
2468 4081 0
421 530 0
421 2598 0
421 2600 0
421 1591 0
421 8768 0
421 1620 1
421 8112 0
421 5981 0
421 4963 0
421 4966 0
421 5495 0
421 3986 0
421 5013 0
421 1022 0
4520 2989 0
4520 1620 1
4520 7273 0
4520 2708 0
4520 2709 0
4520 1687 0
4520 2718 0
4520 2722 0
4520 4795 0
4520 1653 0
4520 9009 0
4520 3986 0
4520 4520 0
4520 6068 0
4520 2019 0
4524 1741 0
4524 4524 0
4524 2500 0
4524 2534 0
4524 496 0
4524 562 1
4524 6719 0
4524 4705 0
4524 2718 0
4524 2722 0
4524 676 0
4524 677 0
4524 4795 0
4524 4807 0
4524 719 0
4524 4859 0
4524 807 0
4524 7165 0
4524 1022 0
4524 7267 0
4524 5230 0
4524 1170 0
4524 5318 0
4524 1216 0
4524 3270 0
4524 1259 0
4524 3397 0
4524 5469 0
4524 3462 0
4524 5539 0
4524 1620 1
4524 6080 0
4524 1718 1
4524 3884 0
4524 5953 0
4524 16241 0
4524 8100 0
4524 2724 0
434 1620 1
12726 3968 0
12726 7846 0
12726 12726 0
12726 3141 0
12726 3148 1
12726 9172 0
12726 9051 1
12726 4700 0
12726 2668 0
12726 3446 0
12726 4855 0
12726 5882 0
12726 7165 0
4536 2604 0
4536 1591 0
4536 4705 0
4536 1620 1
4536 4711 0
4536 5744 0
4536 1653 0
4536 3704 0
4536 5247 0
4536 4547 0
4536 2708 0
4536 1687 0
4536 2718 0
4536 8053 0
4536 4795 0
4536 5835 0
4536 1765 0
4536 807 0
4536 5389 0
4536 2831 0
4536 1816 0
4536 5432 0
4536 3397 0
4536 5469 0
4536 18270 0
4536 5521 0
4536 1384 0
4536 17770 0
4536 4551 0
4536 19879 0
4536 2989 0
4536 6068 0
4536 4536 0
4536 7109 0
4536 4550 0
4536 8674 0
4536 2019 0
4536 2534 0
4536 5523 0
4537 562 1
4537 1591 0
4537 4705 0
4537 1620 1
4537 4711 0
4537 5744 0
4537 1653 0
4537 2718 0
4537 2722 0
4537 4795 0
4537 7890 0
4537 1765 0
4537 807 0
4537 5389 0
4537 6792 0
4537 5469 0
4537 1384 0
4537 5521 0
4537 19879 0
4537 2989 0
4537 4534 0
4537 4537 0
4537 4550 0
4537 4551 0
4537 2531 0
4537 2534 0
4537 5523 0
2493 1620 1
2493 1653 0
2493 2703 0
2493 2708 0
2493 2709 0
2493 2712 0
2493 2718 0
2493 2721 0
2493 2722 0
2493 5432 0
2493 16241 0
2493 3986 0
2493 2981 1
2493 2493 0
2493 2500 0
2493 7165 0
4547 6666 0
4547 2598 0
4547 1620 1
4547 5723 0
4547 1653 0
4547 5247 0
4547 6792 0
4547 2709 0
4547 1687 0
4547 2712 0
4547 2718 0
4547 2722 0
4547 8867 0
4547 5835 0
4547 1741 0
4547 3885 0
4547 6867 0
4547 4859 0
4547 3884 0
4547 5432 0
4547 9051 1
4547 1384 0
4547 3986 0
4547 3462 0
4547 6068 0
4547 4547 0
4547 453 0
4547 4095 0
2500 6666 0
2500 18181 0
2500 2598 0
2500 2703 0
2500 2708 0
2500 2709 0
2500 2712 0
2500 2718 0
2500 453 0
2500 2722 0
2500 2724 0
2500 4859 0
2500 4872 0
2500 835 0
2500 9145 0
2500 13843 0
2500 8768 0
2500 1259 0
2500 5365 0
2500 2500 0
2500 1371 0
2500 1384 0
2500 3446 0
2500 5521 0
2500 5523 0
2500 19879 0
2500 5586 0
2500 1687 0
2500 1741 0
2500 3884 0
2500 5432 0
2500 5981 0
453 9051 1
453 1620 1
453 2708 0
453 1687 0
453 2718 0
453 1765 0
453 6907 0
453 6792 0
453 5432 0
453 3446 0
453 2989 0
453 8112 0
453 6068 0
453 453 0
453 19879 0
453 1022 0
4550 4550 0
4550 4551 0
4550 4560 0
4550 4561 0
4550 4562 0
4550 496 0
4550 6666 0
4550 562 1
4550 2718 0
4550 4795 0
4550 705 0
4550 719 0
4550 4859 0
4550 864 0
4550 15276 0
4550 2989 0
4550 7109 0
4550 3036 0
4550 3148 1
4550 5202 0
4550 5230 0
4550 5247 0
4550 5389 0
4550 5419 0
4550 5432 0
4550 3397 0
4550 5523 0
4550 1620 1
4550 1687 0
4550 5835 0
4550 1741 0
4550 1765 0
4550 16174 0
4550 8064 0
4550 3986 0
4550 6062 0
4550 6068 0
4551 5523 0
4551 4560 0
4551 4561 0
4551 4562 0
4551 496 0
4551 6666 0
4551 2604 0
4551 562 1
4551 4704 0
4551 4710 0
4551 4711 0
4551 4718 0
4551 4719 0
4551 4551 0
4551 4795 0
4551 705 0
4551 719 0
4551 2989 0
4551 7109 0
4551 3036 0
4551 7208 0
4551 5202 0
4551 8064 0
4551 5389 0
4551 5432 0
4551 5521 0
4551 5586 0
4551 1620 1
4551 1741 0
4551 1765 0
4551 3986 0
4551 6068 0
5880 14072 0
5880 4624 0
5880 530 0
5880 1620 1
5880 6741 0
5880 5723 0
5880 6792 0
5880 2709 0
5880 676 0
5880 677 0
5880 1718 1
5880 1741 0
5880 5865 0
5880 5365 0
5880 3446 0
5880 8064 0
5880 3986 0
5880 5013 0
5880 8112 0
5880 6068 0
5880 5880 0
5880 4081 0
5880 1022 0
4560 7208 0
4560 562 1
4560 5202 0
4560 1107 1
4560 1620 1
4560 4704 0
4560 2668 0
4560 1653 0
4560 2703 0
4560 2704 0
4560 1687 0
4560 2712 0
4560 17770 0
4560 4795 0
4560 5885 0
4560 827 0
4560 864 0
4560 6062 0
4560 6068 0
4560 4560 0
4560 4561 0
4560 4562 0
4560 7165 0
4561 2604 0
4561 562 1
4561 4795 0
4561 3141 0
4561 5965 0
4561 4561 0
4561 1107 1
4561 1620 1
4562 3462 0
4562 16473 0
4562 7588 0
4562 4562 0
4562 1107 1
4562 1620 1
2519 1615 0
2519 1620 1
2519 2724 0
2519 1718 1
2519 1719 0
2519 1720 0
2519 3270 0
2519 20253 1
2519 15276 0
16856 7697 0
16856 1620 1
16856 1718 1
16856 1720 0
16856 5981 0
14814 5539 0
14814 1718 1
14814 6712 0
14814 705 0
14814 1620 1
14814 1653 0
8674 1620 1
8674 5725 1
8674 6755 0
8674 2703 0
8674 8860 0
8674 2718 0
8674 2721 0
8674 2722 0
8674 676 0
8674 677 0
8674 1719 0
8674 1741 0
8674 1765 0
8674 5885 0
8674 4963 0
8674 6068 0
8674 5052 0
8674 8674 0
2531 3986 0
2531 2718 0
2531 1620 1
2531 1653 0
2534 4647 0
2534 5469 0
2534 1620 1
2534 15489 0
2534 676 0
2534 1718 1
2534 1719 0
2534 5980 0
2534 5981 0
2534 3986 0
2534 5523 0
2534 6068 0
2534 4534 0
2534 2534 0
496 530 0
496 3148 1
496 2668 0
496 6792 0
496 2703 0
496 2718 0
496 4795 0
496 705 0
496 7890 0
496 6915 0
496 827 0
496 3968 0
496 2989 0
496 4534 0
496 7109 0
496 496 0
2472 3141 0
2472 1620 1
2472 4624 0
2472 11379 0
2472 2722 0
2472 3885 0
2472 5953 0
2472 5981 0
2472 3986 0
2472 8112 0
2472 4033 0
2472 7109 0
2472 9172 0
12793 1170 0
12793 549 0
12793 1718 1
12793 1620 1
12793 9051 1
12793 6779 0
6666 6666 0
6666 1620 1
6666 7373 0
6666 1371 0
6666 5365 0
6666 8064 0
6666 1687 0
6666 2981 1
6666 4534 0
6666 5539 0
6666 19879 0
6666 5204 0
4624 4624 0
4624 4628 0
4624 2598 0
4624 4647 0
4624 2600 0
4624 4649 0
4624 1591 0
4624 3148 1
4624 20251 0
4624 2701 0
4624 2703 0
4624 2705 0
4624 2706 0
4624 2712 0
4624 2718 0
4624 8867 0
4624 676 0
4624 7165 0
4624 6867 0
4624 11379 0
4624 8932 0
4624 4646 0
4624 7373 0
4624 8112 0
4624 3885 0
4624 6792 0
4624 5949 0
4624 5981 0
4624 8860 0
4624 1384 0
4624 3446 0
4624 14072 0
4624 2709 0
4624 3986 0
4624 6068 0
4624 2722 0
4624 2724 0
4624 5885 0
4624 4081 0
4624 6741 0
530 5523 0
530 2718 0
530 17770 0
530 1718 1
530 1620 1
530 729 0
530 6779 0
530 7573 0
4628 4646 0
4628 4647 0
4628 4649 0
4628 1620 1
4628 6741 0
4628 5723 0
4628 11379 0
4628 4628 0
4628 2703 0
4628 2706 0
4628 2709 0
4628 2712 0
4628 8932 0
4628 5949 0
4628 5981 0
4628 3446 0
4628 3986 0
4628 8112 0
4628 6068 0
4628 9172 0
4628 4081 0
16473 1620 1
16473 16473 0
16473 2703 0
16473 1718 1
16473 16241 0
16473 7588 0
16473 6068 0
16933 2705 0
16933 2712 0
16933 1620 1
16933 1765 0
16933 1653 0
16933 1022 0
4646 4647 0
4646 4649 0
4646 1591 0
4646 6712 0
4646 1593 0
4646 1620 1
4646 11379 0
4646 2703 0
4646 2709 0
4646 2718 0
4646 2722 0
4646 1741 0
4646 8932 0
4646 5868 0
4646 5885 0
4646 805 0
4646 3885 0
4646 5981 0
4646 2706 0
4646 5949 0
4646 3446 0
4646 8064 0
4646 2712 0
4646 3986 0
4646 19879 0
4646 8112 0
4646 9172 0
4647 4647 0
4647 4649 0
4647 1591 0
4647 6712 0
4647 1593 0
4647 5045 0
4647 1620 1
4647 4966 0
4647 11379 0
4647 2703 0
4647 2706 0
4647 2712 0
4647 669 0
4647 5835 0
4647 6741 0
4647 8932 0
4647 5868 0
4647 5885 0
4647 3885 0
4647 5949 0
4647 1371 0
4647 6005 0
4647 3446 0
4647 2709 0
4647 3986 0
4647 8112 0
2600 2598 0
2600 2601 0
2600 2604 0
2600 8768 0
2600 6741 0
2600 2709 0
2600 2722 0
2600 8867 0
2600 2724 0
2600 6867 0
2600 4855 0
2600 835 0
2600 4963 0
2600 4966 0
2600 15276 0
2600 5045 0
2600 1384 0
2600 1591 0
2600 1620 1
2600 1653 0
2600 1741 0
2600 14072 0
2600 3884 0
2600 5981 0
2600 16241 0
2600 3986 0
2600 6063 0
4649 4649 0
4649 1620 1
4649 11379 0
4649 2703 0
4649 2706 0
4649 2708 0
4649 2709 0
4649 2712 0
4649 8932 0
4649 5885 0
4649 3844 0
4649 5981 0
4649 5949 0
4649 3446 0
4649 5980 0
4649 3986 0
4649 19879 0
4649 6068 0
4649 5052 0
4649 7109 0
4649 7165 0
4649 6741 0
2604 2598 0
2604 2601 0
2604 2604 0
2604 6728 0
2604 6741 0
2604 2708 0
2604 8867 0
2604 679 0
2604 827 0
2604 5949 0
2604 3022 0
2604 7165 0
2604 1259 0
2604 5469 0
2604 7526 0
2604 1384 0
2604 3446 0
2604 1620 1
2604 1591 0
2604 6068 0
2604 1653 0
2604 5798 0
2604 1741 0
2604 5868 0
2604 3844 0
2604 20251 0
2604 5981 0
2604 6005 0
2604 3986 0
2604 6062 0
2604 8112 0
562 3968 1
562 2703 1
562 2704 1
562 2709 1
562 2712 1
562 2718 1
562 2722 1
562 8867 1
562 4807 1
562 9009 1
562 562 2
562 4534 1
562 4795 1
562 3270 1
562 5723 1
562 4700 1
562 5981 1
562 5318 1
562 17770 1
562 2668 1
562 5230 1
562 8053 1
562 14072 1
8759 3986 0
8759 291 0
8759 1620 1
8759 6741 0
8759 16241 0
8759 7165 0
6712 5774 0
6712 5204 0
6712 5152 0
6712 2989 0
6712 1718 1
6712 1719 0
6712 20158 0
6712 2755 0
6712 6867 0
6712 1620 1
6712 5867 0
571 1620 1
571 1718 1
571 1720 0
6719 3844 0
6719 18009 0
6719 1718 1
6719 6719 0
6719 705 0
6719 6063 0
6719 8160 0
6719 1384 0
6719 1653 0
6719 5243 0
8768 5882 0
8768 2598 0
8768 8768 0
8768 6741 0
8768 2705 0
8768 2709 0
8768 2721 0
8768 2722 0
8768 8867 0
8768 2724 0
8768 6867 0
8768 4859 0
8768 4872 0
8768 4963 0
8768 4966 0
8768 5045 0
8768 13324 0
8768 7208 0
8768 3141 0
8768 5247 0
8768 1259 0
8768 3446 0
8768 3462 0
8768 1591 0
8768 6068 0
8768 5725 1
8768 1687 0
8768 1741 0
8768 14072 0
8768 5885 0
8768 18181 0
8768 3884 0
8768 3885 0
8768 5949 0
8768 5981 0
8768 3986 0
8768 8112 0
8768 2019 0
4534 1765 0
4534 4534 0
4534 4705 0
4534 4711 0
4534 2703 0
4534 2718 0
4534 4795 0
4534 729 0
4534 4859 0
4534 807 0
4534 2989 0
4534 5965 0
4534 5247 0
4534 1259 0
4534 5432 0
4534 5469 0
4534 1384 0
4534 7573 0
4534 19879 0
4534 5586 0
4534 5725 1
4534 1591 0
4534 4704 0
4534 1620 1
4534 5744 0
4534 1653 0
4534 1687 0
4534 1718 1
4534 978 0
4534 3035 0
4534 3884 0
4534 8064 0
4534 3986 0
4534 6080 0
4534 2019 0
6907 6915 0
6907 5953 0
6907 2831 0
6907 1170 0
6907 1171 0
6907 6063 0
6907 17712 0
6907 3035 0
6907 2989 0
6907 6062 0
6907 5981 0
6907 1718 1
6907 6907 0
6907 3022 0
6907 4818 0
6907 1620 1
6907 3036 0
6907 4704 0
6907 4859 0
6728 1604 0
6728 4681 0
6728 1620 1
6728 1718 1
6728 1719 0
6728 1720 0
6728 4855 0
6728 729 0
6728 291 0
6728 5419 0
6728 5981 0
6728 2989 0
6728 6728 0
6728 1489 0
4681 549 0
4681 15919 0
4681 7229 0
4681 4704 0
4681 1604 0
4681 4681 0
4681 1620 1
4681 4705 0
4681 6779 0
4681 5247 0
4681 6080 0
4681 1170 0
4681 1171 0
4681 2718 0
4681 2722 0
4681 1718 1
4681 1719 0
4681 1653 0
4681 5835 0
4681 729 0
4681 4859 0
4681 2831 0
4681 1816 0
4681 20251 0
4681 6986 0
4681 5469 0
4681 864 0
4681 1889 0
4681 3446 0
4681 5521 0
4681 3986 0
4681 2989 0
4681 21154 0
4681 5586 0
4681 3036 0
4681 5798 0
4681 5523 0
4681 5118 0
4681 1022 0
4683 2718 0
4683 1718 1
4683 1719 0
4683 4683 0
4683 1489 0
4683 1620 1
4683 1259 0
4683 4855 0
14931 14931 0
14931 1620 1
14931 1653 0
14931 1718 1
6741 14072 0
6741 2598 0
6741 2601 0
6741 6741 0
6741 6755 0
6741 6792 0
6741 2701 0
6741 2703 0
6741 2704 0
6741 2705 0
6741 2708 0
6741 2709 0
6741 2712 0
6741 669 0
6741 2718 0
6741 672 0
6741 2721 0
6741 2722 0
6741 2724 0
6741 11379 0
6741 6867 0
6741 4855 0
6741 4859 0
6741 9051 1
6741 4963 0
6741 4981 0
6741 5045 0
6741 7109 0
6741 7165 0
6741 1022 0
6741 4966 0
6741 5243 0
6741 7303 0
6741 1259 0
6741 1371 0
6741 1383 0
6741 1384 0
6741 3446 0
6741 5495 0
6741 19879 0
6741 1591 0
6741 1593 0
6741 1604 0
6741 1653 0
6741 1741 0
6741 1765 0
6741 5885 0
6741 3844 0
6741 3884 0
6741 3885 0
6741 18234 0
6741 5949 0
6741 5965 0
6741 5981 0
6741 16241 0
6741 3986 0
6741 6068 0
6741 8160 0
6741 4095 0
4700 8112 0
4700 4795 0
4700 4700 0
4704 6915 0
4704 1620 1
4704 6755 0
4704 1653 0
4704 5835 0
4704 1816 0
4704 1170 0
4704 1171 0
4704 1718 1
4704 1719 0
4704 1720 0
4704 719 0
4704 729 0
4704 1259 0
4704 5247 0
4704 2831 0
4704 5419 0
4704 5469 0
4704 5521 0
4704 3986 0
4704 2989 0
4704 4704 0
4704 3035 0
4704 3036 0
4704 5523 0
4705 3986 0
4705 1816 0
4705 21154 0
4705 1718 1
4705 6946 0
4705 1620 1
4705 3036 0
4705 1259 0
4705 5247 0
6755 5723 0
6755 2831 0
6755 7267 0
6755 6755 0
6755 6779 0
6755 1170 0
6755 1171 0
6755 2708 0
6755 2718 0
6755 2721 0
6755 8867 0
6755 677 0
6755 1718 1
6755 4795 0
6755 7373 0
6755 4847 0
6755 4859 0
6755 13587 0
6755 5953 0
6755 5539 0
6755 6068 0
6755 1620 1
4710 2703 0
4710 3986 0
4710 2712 0
4710 2722 0
4710 1718 1
4710 1620 1
4710 729 0
4710 4710 0
4710 1259 0
4711 6080 0
4711 3986 0
4711 807 0
4711 2989 0
4711 1718 1
4711 4711 0
4711 4818 0
4711 1620 1
4711 729 0
4711 3035 0
4711 3036 0
4711 1259 0
2668 7697 0
2668 2668 0
2668 7846 0
2668 4795 0
2668 8898 0
2668 4808 0
2668 719 0
2668 4818 0
2668 729 0
2668 20251 0
2668 5419 0
2668 9051 1
2668 5469 0
2668 6062 0
2668 7165 0
4718 3986 0
4718 1718 1
4718 1620 1
4718 729 0
4718 3036 0
4718 3046 0
4718 1259 0
4718 4718 0
4719 1620 1
4719 4719 0
4719 1718 1
4719 729 0
4719 1259 0
4719 18145 0
4719 3046 0
6779 7229 0
6779 1620 1
6779 7273 0
6779 5755 0
6779 1170 0
6779 1718 1
6779 1719 0
6779 1741 0
6779 729 0
6779 6946 0
6779 6915 0
6779 2831 0
6779 1863 0
6779 5469 0
6779 5523 0
6779 2989 0
6779 6068 0
4740 4740 0
4740 3148 1
4740 1620 1
4740 3986 0
4740 7165 0
6792 1383 0
6792 14072 0
6792 4859 0
6792 6792 0
6792 2703 0
6792 2705 0
6792 2708 0
6792 2712 0
6792 669 0
6792 2718 0
6792 672 0
6792 673 0
6792 2722 0
6792 2724 0
6792 705 0
6792 2755 0
6792 4855 0
6792 2849 0
6792 9009 0
6792 6986 0
6792 4963 0
6792 4966 0
6792 5013 0
6792 5045 0
6792 5052 0
6792 3022 0
6792 3036 0
6792 13284 0
6792 7165 0
6792 1022 0
6792 7208 0
6792 1107 1
6792 5204 0
6792 7273 0
6792 5230 0
6792 5243 0
6792 17712 0
6792 1371 0
6792 5469 0
6792 3462 0
6792 5539 0
6792 1591 0
6792 1593 0
6792 1620 1
6792 3704 0
6792 7109 0
6792 5835 0
6792 5865 0
6792 5882 0
6792 5885 0
6792 3884 0
6792 3885 0
6792 5953 0
6792 5980 0
6792 5981 0
6792 1889 0
6792 5988 0
6792 16241 0
6792 2709 0
6792 2721 0
6792 8160 0
6792 2019 0
2701 13843 0
2701 7208 0
2701 1620 1
2701 5247 0
2701 2703 0
2701 2709 0
2701 2718 0
2701 4795 0
2701 5835 0
2701 14072 0
2701 5882 0
2701 4859 0
2701 5885 0
2701 3884 0
2701 3885 0
2701 6986 0
2701 5965 0
2701 5981 0
2701 2708 0
2701 8064 0
2701 3462 0
2701 2712 0
2701 3986 0
2701 19879 0
2701 8112 0
2701 1011 0
2703 2703 0
2703 2705 0
2703 2706 0
2703 2709 0
2703 2712 0
2703 8860 0
2703 2718 0
2703 2721 0
2703 2722 0
2703 8867 0
2703 2724 0
2703 8932 0
2703 4855 0
2703 4859 0
2703 835 0
2703 6986 0
2703 2981 1
2703 1022 0
2703 7208 0
2703 1107 1
2703 7267 0
2703 11379 0
2703 5243 0
2703 5247 0
2703 7303 0
2703 7373 0
2703 5389 0
2703 3397 0
2703 3462 0
2703 5539 0
2703 7634 0
2703 1591 0
2703 1620 1
2703 5725 1
2703 5835 0
2703 5882 0
2703 5885 0
2703 3884 0
2703 3885 0
2703 5949 0
2703 5953 0
2703 3986 0
2703 6068 0
2704 1653 0
2704 7303 0
2704 1170 0
2704 8860 0
2704 2718 0
2704 2722 0
2704 8867 0
2704 1714 0
2704 729 0
2704 1259 0
2704 5247 0
2704 13843 0
2704 1620 1
2705 13843 0
2705 1107 1
2705 5247 0
2705 1170 0
2705 2709 0
2705 2718 0
2705 1714 0
2705 4808 0
2705 5835 0
2705 1741 0
2705 6867 0
2705 729 0
2705 7208 0
2705 4855 0
2705 5882 0
2705 4859 0
2705 5885 0
2705 5389 0
2705 3884 0
2705 3885 0
2705 5953 0
2705 835 0
2705 6986 0
2705 8064 0
2705 3462 0
2706 1591 0
2706 14072 0
2706 1620 1
2706 11379 0
2706 2709 0
2706 2712 0
2706 8860 0
2706 2718 0
2706 8932 0
2706 1765 0
2706 827 0
2706 5949 0
2706 8064 0
2706 3462 0
2706 5539 0
2708 729 0
2708 2709 0
2708 2712 0
2708 8860 0
2708 669 0
2708 2718 0
2708 2722 0
2708 2724 0
2708 4795 0
2708 6867 0
2708 4855 0
2708 4859 0
2708 805 0
2708 827 0
2708 9145 0
2708 7109 0
2708 3046 0
2708 1022 0
2708 5230 0
2708 5243 0
2708 1216 0
2708 3270 0
2708 5389 0
2708 5432 0
2708 3397 0
2708 3446 0
2708 3462 0
2708 19879 0
2708 7634 0
2708 1620 1
2708 5723 0
2708 5725 1
2708 1718 1
2708 1741 0
2708 14072 0
2708 5882 0
2708 5885 0
2708 3884 0
2708 5953 0
2708 5981 0
2708 8064 0
2708 3986 0
2708 8112 0
2708 6068 0
2708 6080 0
2708 2019 0
2709 5885 0
2709 2601 0
2709 2709 0
2709 2712 0
2709 8860 0
2709 669 0
2709 2718 0
2709 2722 0
2709 676 0
2709 4795 0
2709 705 0
2709 4808 0
2709 719 0
2709 729 0
2709 8932 0
2709 4855 0
2709 4859 0
2709 835 0
2709 6986 0
2709 5013 0
2709 7208 0
2709 3141 0
2709 1107 1
2709 5224 1
2709 11379 0
2709 5247 0
2709 1170 0
2709 7373 0
2709 5432 0
2709 1371 0
2709 1384 0
2709 5495 0
2709 3462 0
2709 5539 0
2709 19879 0
2709 7634 0
2709 1620 1
2709 1687 0
2709 1714 0
2709 5835 0
2709 5882 0
2709 3884 0
2709 3885 0
2709 5949 0
2709 5953 0
2709 5965 0
2709 5981 0
2709 8064 0
2709 3986 0
2709 8112 0
2709 6068 0
2709 2724 0
2709 13843 0
2709 4081 0
2712 2601 0
2712 2712 0
2712 8860 0
2712 2718 0
2712 2721 0
2712 2722 0
2712 8867 0
2712 2724 0
2712 4795 0
2712 6867 0
2712 729 0
2712 8932 0
2712 4855 0
2712 4859 0
2712 805 0
2712 835 0
2712 6986 0
2712 4981 0
2712 5052 0
2712 3036 0
2712 1022 0
2712 7208 0
2712 3141 0
2712 3146 0
2712 1107 1
2712 7267 0
2712 5243 0
2712 5247 0
2712 1170 0
2712 1259 0
2712 5389 0
2712 5432 0
2712 3397 0
2712 1371 0
2712 1383 0
2712 1384 0
2712 3446 0
2712 5495 0
2712 3462 0
2712 5539 0
2712 19879 0
2712 7634 0
2712 13843 0
2712 1591 0
2712 1620 1
2712 1714 0
2712 5835 0
2712 1741 0
2712 11379 0
2712 14072 0
2712 5882 0
2712 5885 0
2712 3884 0
2712 3885 0
2712 5949 0
2712 5953 0
2712 5980 0
2712 5981 0
2712 6008 0
2712 8064 0
2712 3986 0
2712 6068 0
2712 8160 0
8860 1107 1
8860 1620 1
8860 1653 0
8860 2718 0
8860 2721 0
8860 2722 0
8860 1765 0
8860 5885 0
8860 9009 0
8860 5953 0
8860 5965 0
8860 864 0
8860 3986 0
8860 6068 0
8860 6080 0
8860 7634 0
669 19879 0
669 669 0
669 2718 0
669 8867 0
669 676 0
669 679 0
669 4795 0
669 729 0
669 4855 0
669 4859 0
669 4981 0
669 7109 0
669 3036 0
669 13284 0
669 7208 0
669 3148 1
669 1107 1
669 5204 0
669 7373 0
669 5389 0
669 5432 0
669 3397 0
669 1383 0
669 1384 0
669 3462 0
669 5586 0
669 1620 1
669 1653 0
669 5835 0
669 1741 0
669 1765 0
669 5882 0
669 5885 0
669 3884 0
669 3885 0
669 1863 0
669 5981 0
669 8112 0
669 4095 0
2718 1720 0
2718 5495 0
2718 5521 0
2718 5523 0
2718 19879 0
2718 549 0
2718 2601 0
2718 2718 0
2718 2722 0
2718 2724 0
2718 679 0
2718 4795 0
2718 719 0
2718 4859 0
2718 2831 0
2718 9009 0
2718 827 0
2718 6986 0
2718 864 0
2718 4963 0
2718 4981 0
2718 2981 1
2718 5045 0
2718 3022 0
2718 3035 0
2718 3036 0
2718 7208 0
2718 3141 0
2718 3146 0
2718 1107 1
2718 4966 0
2718 5230 0
2718 5243 0
2718 5247 0
2718 7267 0
2718 1216 0
2718 3270 0
2718 7373 0
2718 5389 0
2718 5432 0
2718 5469 0
2718 1383 0
2718 1384 0
2718 3443 0
2718 3446 0
2718 3462 0
2718 5539 0
2718 7634 0
2718 13843 0
2718 1591 0
2718 1620 1
2718 5723 0
2718 5725 1
2718 5755 0
2718 1718 1
2718 1719 0
2718 5835 0
2718 1741 0
2718 7890 0
2718 5867 0
2718 14072 0
2718 5882 0
2718 1816 0
2718 3884 0
2718 3885 0
2718 5953 0
2718 1863 0
2718 1889 0
2718 16241 0
2718 6008 0
2718 8064 0
2718 3986 0
2718 8112 0
2718 6068 0
2718 8160 0
2718 7165 0
2718 4081 0
672 7208 0
672 1107 1
672 1620 1
672 672 0
672 679 0
672 5835 0
672 1741 0
672 4855 0
672 5882 0
672 4859 0
672 5885 0
672 5389 0
672 3884 0
672 3885 0
672 3397 0
672 3462 0
673 7208 0
673 1107 1
673 1620 1
673 1653 0
673 679 0
673 5835 0
673 1741 0
673 4855 0
673 5882 0
673 5885 0
673 3884 0
673 3885 0
673 3462 0
21154 2849 0
21154 1620 1
21154 1718 1
21154 1719 0
21154 5469 0
8867 2598 0
8867 2601 0
8867 8867 0
8867 679 0
8867 4795 0
8867 4807 0
8867 729 0
8867 6915 0
8867 1022 0
8867 5230 0
8867 5243 0
8867 1170 0
8867 5798 0
8867 1216 0
8867 5389 0
8867 17712 0
8867 3397 0
8867 1383 0
8867 3446 0
8867 5495 0
8867 3462 0
8867 19879 0
8867 1591 0
8867 1620 1
8867 5725 1
8867 7846 0
8867 1741 0
8867 5865 0
8867 3884 0
8867 1889 0
8867 3986 0
8867 6068 0
8867 13284 0
8867 2019 0
8867 4095 0
2724 6867 0
2724 2601 0
2724 2722 0
2724 2724 0
2724 4795 0
2724 4818 0
2724 835 0
2724 4981 0
2724 5045 0
2724 3141 0
2724 3146 0
2724 3148 1
2724 5243 0
2724 7373 0
2724 8160 0
2724 1383 0
2724 1384 0
2724 5539 0
2724 19879 0
2724 1591 0
2724 1620 1
2724 1741 0
2724 14072 0
2724 5953 0
2724 5981 0
2724 3986 0
2724 8112 0
2724 6068 0
2724 4081 0
677 1620 1
677 676 0
677 4795 0
677 6032 0
677 3986 0
677 5539 0
677 19879 0
677 6068 0
677 4081 0
679 3141 0
679 1620 1
679 679 0
679 1718 1
679 9009 0
679 807 0
679 5389 0
679 3397 0
679 864 0
679 7109 0
11379 1591 0
11379 1741 0
11379 8932 0
11379 5389 0
11379 5953 0
11379 9051 1
11379 4963 0
11379 4966 0
11379 4981 0
11379 5495 0
11379 5949 0
11379 19879 0
698 3844 0
698 698 0
698 705 0
698 3397 0
698 1620 1
698 5882 0
4795 6062 0
4795 1591 0
4795 3148 1
4795 1620 1
4795 5230 0
4795 2721 0
4795 2722 0
4795 4795 0
4795 4818 0
4795 3844 0
4795 20251 0
4795 9009 0
4795 5469 0
4795 8053 0
4795 3968 0
4795 8112 0
4795 6068 0
4795 3035 0
4795 3036 0
705 7208 0
705 5981 0
705 7273 0
705 8898 0
705 20158 0
705 705 0
705 5835 0
705 1259 0
705 5882 0
705 5885 0
705 291 0
705 5432 0
705 3397 0
705 6986 0
705 5980 0
705 5469 0
705 2927 0
705 6005 0
705 6032 0
705 2981 1
705 9145 0
705 5052 0
705 6080 0
705 7109 0
8898 3148 1
2755 7208 0
2755 5981 0
2755 1620 1
2755 5230 0
2755 5247 0
2755 5798 0
2755 1718 1
2755 3446 0
2755 5885 0
2755 5389 0
2755 3885 0
2755 3462 0
2755 3986 0
2755 5539 0
4807 1170 0
4807 16241 0
4807 827 0
4807 4807 0
4807 1620 1
4807 7165 0
4808 3968 0
4808 3986 0
4808 3148 1
4808 1620 1
4808 14072 0
719 549 0
719 5469 0
719 6068 0
719 1620 1
719 5744 0
719 7109 0
719 807 0
719 1718 1
719 5835 0
719 1741 0
719 719 0
719 4818 0
719 1259 0
719 5882 0
719 5885 0
719 8064 0
719 5389 0
719 805 0
719 5419 0
719 3986 0
719 2989 0
719 6063 0
719 13284 0
719 1022 0
4818 15919 0
4818 1620 1
4818 2831 0
4818 7267 0
4818 5247 0
4818 1718 1
4818 1719 0
4818 1720 0
4818 7373 0
4818 4818 0
4818 1816 0
4818 5469 0
4818 3986 0
4818 5539 0
4818 1489 0
4818 5586 0
6867 13324 0
6867 5725 1
6867 1591 0
6867 3141 0
6867 14072 0
6867 1107 1
6867 1653 0
6867 5243 0
6867 5247 0
6867 2722 0
6867 5835 0
6867 1741 0
6867 1765 0
6867 1259 0
6867 5882 0
6867 4859 0
6867 5885 0
6867 3844 0
6867 2831 0
6867 3884 0
6867 5981 0
6867 3462 0
6867 3986 0
6867 6867 0
6867 7208 0
6867 8112 0
6867 5045 0
6867 3885 0
6867 2019 0
6867 5949 0
729 5469 0
729 1591 0
729 1620 1
729 5243 0
729 5247 0
729 1170 0
729 5798 0
729 1718 1
729 1720 0
729 5835 0
729 18181 0
729 729 0
729 18145 0
729 5755 0
729 1259 0
729 2831 0
729 1816 0
729 805 0
729 5419 0
729 18270 0
729 1889 0
729 5988 0
729 7526 0
729 5992 0
729 3986 0
729 1171 0
729 10134 0
729 2981 1
729 5981 0
729 20251 0
729 2989 0
729 6062 0
729 6063 0
729 2999 0
729 3022 0
729 14072 0
729 5586 0
729 5523 0
729 5885 0
729 13843 0
8932 1620 1
8932 5949 0
8932 5981 0
8932 8112 0
8932 4095 0
5586 13843 0
5586 3844 0
5586 7229 0
5586 5389 0
5586 1620 1
5586 5723 0
5586 5243 0
5586 5247 0
5586 1171 0
5586 1718 1
5586 1719 0
5586 1720 0
5586 5835 0
5586 5885 0
5586 1816 0
5586 5432 0
5586 5949 0
5586 5953 0
5586 3397 0
5586 5980 0
5586 5469 0
5586 1889 0
5586 7526 0
5586 8064 0
5586 5521 0
5586 5523 0
5586 6062 0
5586 6063 0
5586 6080 0
5586 5586 0
5586 3035 0
4847 3141 0
4847 6986 0
4847 5835 0
4847 1620 1
4847 9172 0
4847 3446 0
4847 5885 0
13046 2598 0
13046 1591 0
13046 3148 1
13046 1620 1
13046 1653 0
13046 12943 0
13046 2722 0
13046 4963 0
13046 4966 0
13046 5013 0
13046 19879 0
4855 2601 0
4855 4855 0
4855 4859 0
4855 7165 0
4855 1022 0
4855 7208 0
4855 1107 1
4855 4966 0
4855 5243 0
4855 17712 0
4855 5432 0
4855 1383 0
4855 7573 0
4855 5539 0
4855 13843 0
4855 1687 0
4855 14072 0
4855 3884 0
4855 3885 0
4855 16241 0
4855 8160 0
4859 2722 0
4859 4859 0
4859 4966 0
4859 5052 0
4859 7165 0
4859 1022 0
4859 5152 0
4859 7208 0
4859 1107 1
4859 7267 0
4859 5243 0
4859 7303 0
4859 17712 0
4859 5432 0
4859 1383 0
4859 3446 0
4859 5521 0
4859 5523 0
4859 19879 0
4859 7634 0
4859 2981 1
4859 1593 0
4859 5725 1
4859 1658 0
4859 1687 0
4859 1741 0
4859 7890 0
4859 14072 0
4859 3884 0
4859 3885 0
4859 5980 0
4859 5981 0
4859 5988 0
4859 16241 0
4859 3986 0
4859 8160 0
6915 2831 0
6915 1170 0
6915 3986 0
6915 2989 0
6915 827 0
6915 1741 0
6915 1620 1
6915 3035 0
6915 3036 0
6915 16241 0
6915 1653 0
6915 5247 0
4872 1620 1
4872 1765 0
4872 3986 0
2831 2989 0
2831 15919 0
2831 1620 1
2831 5247 0
2831 5774 0
2831 1170 0
2831 1171 0
2831 1718 1
2831 1741 0
2831 3844 0
2831 2831 0
2831 5981 0
2831 2927 0
2831 3446 0
2831 3986 0
2831 5523 0
2831 5469 0
2831 3035 0
2831 3036 0
2849 1620 1
2849 5247 0
2849 2849 0
6946 7697 0
6946 1720 0
6946 1620 1
6946 1718 1
6946 7890 0
6946 20251 0
6946 5981 0
805 676 0
805 805 0
805 5965 0
805 1107 1
805 1383 0
805 5230 0
805 6005 0
805 5882 0
805 5885 0
807 1620 1
807 1653 0
807 5755 0
807 1687 0
807 1718 1
807 1720 0
807 5885 0
807 807 0
807 6080 0
807 5469 0
807 5523 0
807 6063 0
807 7109 0
807 13284 0
9009 19879 0
9009 7208 0
9009 5469 0
9009 1620 1
9009 5723 0
9009 5230 0
9009 7109 0
9009 2721 0
9009 2722 0
9009 7373 0
9009 1765 0
9009 5865 0
9009 5882 0
9009 5885 0
9009 9009 0
9009 827 0
9009 1863 0
9009 864 0
9009 4963 0
9009 4966 0
9009 8053 0
9009 3462 0
9009 3986 0
9009 5539 0
9009 6068 0
9009 2019 0
827 1741 0
827 827 0
827 835 0
827 7109 0
827 1011 0
827 7165 0
827 1107 1
827 7373 0
827 5432 0
827 3397 0
827 5469 0
827 1383 0
827 5495 0
827 19879 0
827 1620 1
827 5723 0
827 1653 0
827 5755 0
827 1718 1
827 5981 0
827 6008 0
827 1687 0
827 3986 0
827 8100 0
827 8112 0
827 6068 0
827 4095 0
835 5243 0
835 1687 0
835 7373 0
835 5949 0
835 5953 0
835 835 0
835 9051 1
835 5980 0
835 8064 0
835 5539 0
835 8112 0
835 14072 0
835 7165 0
6986 7208 0
6986 1107 1
6986 1620 1
6986 7273 0
6986 5243 0
6986 2722 0
6986 1216 0
6986 5835 0
6986 14072 0
6986 5882 0
6986 17712 0
6986 6986 0
6986 5981 0
6986 3462 0
6986 7109 0
2530 1620 1
2530 3986 0
6990 5835 0
6990 3148 1
6990 6990 0
9051 5953 1
9051 9051 2
9051 7165 1
9051 5539 1
9051 7846 1
9051 16174 1
9051 8112 1
9051 5949 1
9051 5835 1
9051 7373 1
9051 1371 1
9051 1765 1
9051 16241 1
9051 3446 1
9051 9172 1
9051 5243 1
864 1620 1
864 2722 0
864 5798 0
864 1719 0
864 1216 0
864 1741 0
864 1259 0
864 3844 0
864 3397 0
864 5469 0
864 864 0
864 17770 0
864 16241 0
864 6008 0
864 3986 0
864 6080 0
864 5204 0
4963 8112 0
4963 2598 0
4963 1591 0
4963 1593 0
4963 5045 0
4963 1604 0
4963 1620 1
4963 1653 0
4963 12943 0
4963 2722 0
4963 1741 0
4963 7208 0
4963 5419 0
4963 18234 0
4963 4966 0
4963 4981 0
4963 3986 0
4963 5013 0
4963 5052 0
4963 19879 0
4966 4981 0
4966 2598 0
4966 12943 0
4966 2722 0
4966 5013 0
4966 5045 0
4966 5052 0
4966 7208 0
4966 1107 1
4966 1371 0
4966 1383 0
4966 3446 0
4966 19879 0
4966 1591 0
4966 1593 0
4966 1653 0
4966 1658 0
4966 1741 0
4966 3884 0
4966 3885 0
4966 5953 0
4966 3986 0
4966 8112 0
4966 6068 0
2927 1718 1
4981 8112 0
4981 2601 0
4981 5981 0
4981 1591 0
4981 6068 0
4981 5045 0
4981 3141 0
4981 3146 0
4981 1620 1
4981 1384 0
4981 5243 0
4981 5247 0
4981 2722 0
4981 1741 0
4981 5953 0
4981 1383 0
4981 4981 0
4981 5052 0
4981 5539 0
4981 9172 0
4981 8160 0
4981 19879 0
4981 7208 0
5013 2598 0
5013 1591 0
5013 1620 1
5013 1653 0
5013 12943 0
5013 2722 0
5013 1719 0
5013 1741 0
5013 5953 0
5013 3986 0
5013 19879 0
5013 6068 0
5013 9172 0
5013 1022 0
2981 5523 1
2981 1687 1
2981 5152 1
2981 291 1
2981 19879 1
2981 3884 1
2981 5521 1
2981 6005 1
2981 7890 1
2981 5981 1
2981 5365 1
2981 3446 1
2981 5204 1
15276 3986 0
15276 16174 0
15276 1620 1
2989 1620 1
2989 5247 0
2989 1170 0
2989 1718 1
2989 1741 0
2989 3844 0
2989 1863 0
2989 5981 0
2989 8053 0
2989 3986 0
2989 19879 0
2989 2989 0
2989 3035 0
2989 3036 0
2989 2019 0
15283 1620 1
15283 5981 0
15283 3986 0
15283 19879 0
5045 2598 0
5045 1591 0
5045 1593 0
5045 5981 0
5045 1384 0
5045 2722 0
5045 3446 0
5045 1741 0
5045 18234 0
5045 1371 0
5045 3968 0
5045 5052 0
5045 14072 0
5045 7208 0
5045 19879 0
2999 5981 0
2999 1718 1
2999 1620 1
2999 1765 0
9145 19879 0
9145 5389 0
9145 9145 0
9145 6005 0
9145 3833 0
9145 5885 0
5052 5469 0
5052 6068 0
5052 5981 0
5052 1718 1
5052 1620 1
5052 20251 0
5052 13843 0
5052 5835 0
5052 6008 0
5052 1765 0
5052 5882 0
5052 5885 0
5052 8064 0
5052 3844 0
5052 3885 0
5052 3446 0
5052 3462 0
5052 5052 0
5052 7109 0
5052 5949 0
5052 19879 0
7109 19879 0
7109 7890 0
7109 5885 0
7109 5389 0
7109 3397 0
7109 5980 0
7109 5981 0
7109 8064 0
7109 3462 0
7109 3986 0
7109 7109 0
7109 9172 0
7109 2019 0
3022 291 0
3022 549 0
3022 1718 1
3022 1719 0
3022 7229 0
3022 3022 0
3022 1489 0
3022 1620 1
3022 5469 0
978 5981 0
978 1718 1
978 1620 1
9172 1620 1
9172 1653 0
9172 7890 0
9172 3844 0
9172 6080 0
9172 8160 0
9172 4081 0
3035 1718 1
3035 1658 0
3035 5755 0
3035 5835 0
3035 1816 0
3035 1863 0
3035 5521 0
3035 3446 0
3035 3986 0
3035 5523 0
3035 19879 0
3035 3035 0
3035 8160 0
3035 1620 1
3036 3141 0
3036 1620 1
3036 7267 0
3036 13843 0
3036 5247 0
3036 2722 0
3036 1718 1
3036 1719 0
3036 5835 0
3036 5885 0
3036 1816 0
3036 3036 0
3036 5469 0
3036 5521 0
3036 5523 0
3036 6062 0
3036 6068 0
13284 3148 1
13284 1620 1
13284 1714 0
13284 5953 0
13284 1863 0
13284 3462 0
13284 3986 0
13284 5981 0
13284 3046 0
13284 1022 0
3046 3704 0
3046 1718 1
3046 1741 0
3046 1259 0
3046 1863 0
3046 5469 0
3046 3986 0
3046 1620 1
3046 7165 0
1011 5318 0
1011 2601 0
1011 5725 1
1011 1620 1
7165 2598 0
7165 7165 0
7165 3148 1
7165 1216 0
7165 1259 0
7165 5432 0
7165 1371 0
7165 3446 0
7165 5539 0
7165 7634 0
7165 6068 0
7165 5723 0
7165 1653 0
7165 1658 0
7165 1687 0
7165 7890 0
7165 3844 0
7165 3884 0
7165 3885 0
7165 5981 0
7165 5988 0
7165 16241 0
7165 4095 0
1022 1714 0
1022 1022 0
1022 1107 1
1022 7267 0
1022 5247 0
1022 1216 0
1022 5389 0
1022 5469 0
1022 3462 0
1022 19879 0
1022 6068 0
1022 1687 0
1022 1718 1
1022 5835 0
1022 1741 0
1022 5882 0
1022 20251 0
1022 3884 0
1022 3885 0
1022 16241 0
1022 3986 0
1022 8112 0
13324 1620 1
5152 3148 1
5152 5152 0
7208 7208 0
7208 1591 0
7208 5202 0
7208 1107 1
7208 1620 1
7208 5243 0
7208 2722 0
7208 14072 0
7208 5882 0
7208 5885 0
7208 3885 0
7208 17712 0
7208 5981 0
7208 1383 0
7208 1384 0
7208 7634 0
7208 19879 0
7229 18181 0
7229 1170 0
7229 5523 0
7229 6068 0
7229 1718 1
7229 1620 1
3141 5723 0
3141 2601 0
3141 5981 0
3141 3141 0
3141 3146 0
3141 1620 1
3141 8160 0
3141 1653 0
3141 5243 0
3141 2722 0
3141 1718 1
3141 6005 0
3141 1216 0
3141 19879 0
3141 1383 0
3141 1384 0
3141 3986 0
3141 8112 0
3141 5885 0
3146 2601 0
3146 3146 0
3146 1620 1
3146 1384 0
3146 1653 0
3146 5243 0
3146 2722 0
3146 1718 1
3146 5949 0
3146 1383 0
3146 3986 0
3146 19879 0
3146 8160 0
3148 7846 1
3148 5774 1
3148 2598 1
3148 1591 1
3148 3148 2
3148 7267 1
3148 1653 1
3148 5885 1
5202 3462 0
5202 5202 0
5202 1107 1
5202 1620 1
5202 8053 0
1107 3884 1
1107 2722 1
1107 3885 1
1107 17712 1
1107 1593 1
1107 8053 1
1107 6080 1
1107 1107 2
1107 5243 1
1107 1383 1
1107 17770 1
1107 5885 1
1107 14072 1
1107 5882 1
5204 5204 0
5204 5723 0
5204 1687 0
5204 1653 0
5204 1741 0
5204 5885 0
5204 3446 0
5204 3986 0
5204 19879 0
5204 8112 0
7267 1620 1
7267 1170 0
7267 5835 0
7267 14072 0
7267 3884 0
7267 3885 0
7267 5981 0
7267 3462 0
7267 3986 0
7267 8112 0
7697 3968 0
7697 1718 1
7697 1719 0
7697 1620 1
7697 5882 0
7697 7573 0
5224 3844 1
5224 6068 1
5224 5224 2
7273 1620 1
7273 1718 1
7273 5835 0
7273 5882 0
7273 5885 0
7273 3885 0
7273 5980 0
7273 5981 0
7273 3446 0
7273 7573 0
7273 5539 0
5230 5230 0
5230 1653 0
5230 3844 0
5230 3397 0
5230 5981 0
5230 3462 0
5230 6068 0
5230 6080 0
5230 2019 0
5235 1620 1
5235 1718 1
5243 2601 0
5243 2722 0
5243 5247 0
5243 1170 0
5243 7373 0
5243 5389 0
5243 3397 0
5243 1383 0
5243 1384 0
5243 3446 0
5243 3462 0
5243 5539 0
5243 19879 0
5243 13843 0
5243 1591 0
5243 1620 1
5243 1653 0
5243 1714 0
5243 5835 0
5243 1741 0
5243 5882 0
5243 5885 0
5243 3884 0
5243 3885 0
5243 5949 0
5243 5953 0
5243 8064 0
5243 3986 0
5243 6062 0
5243 8112 0
5243 6068 0
5243 8160 0
5247 19879 0
5247 1718 1
5247 14072 0
5247 1620 1
5247 12943 0
5247 13587 0
5247 1170 0
5247 2722 0
5247 1719 0
5247 1720 0
5247 7303 0
5247 1741 0
5247 2601 0
5247 1816 0
5247 5419 0
5247 5432 0
5247 1371 0
5247 5469 0
5247 7526 0
5247 1384 0
5247 3986 0
5247 1171 0
5247 1489 0
5247 13843 0
5247 4095 0
15489 3884 0
15489 1718 1
15489 1719 0
15489 1620 1
7303 5981 0
7303 7303 0
7303 1741 0
7303 3885 0
7303 3462 0
7303 3986 0
7303 1620 1
1170 291 0
1170 549 0
1170 2722 0
1170 1489 0
1170 1171 0
1170 5419 0
1170 5432 0
1170 5469 0
1170 1383 0
1170 1384 0
1170 13843 0
1170 15919 0
1170 1591 0
1170 1620 1
1170 1714 0
1170 1718 1
1170 1719 0
1170 1720 0
1170 14072 0
1170 1816 0
1170 20251 0
1170 1863 0
1170 5981 0
1170 3986 0
1170 6062 0
1170 8112 0
1171 1620 1
1171 1653 0
1171 1171 0
1171 1714 0
1171 1718 1
1171 1719 0
1171 1720 0
1171 5419 0
1171 3986 0
1171 8112 0
1171 1489 0
3270 3270 0
3270 1653 0
6005 2598 0
6005 2019 0
6005 5835 0
6005 1765 0
6005 5882 0
6005 291 0
6005 3885 0
6005 5432 0
6005 5981 0
6005 6005 0
6005 3446 0
6005 19879 0
6005 6068 0
1216 2598 0
1216 1620 1
1216 1653 0
1216 5835 0
1216 1259 0
1216 5389 0
1216 20251 0
1216 5432 0
1216 3397 0
1216 3446 0
1216 3986 0
5318 3986 0
5318 5318 0
5318 1718 1
5318 5432 0
7373 13843 0
7373 14072 0
7373 1687 0
7373 2722 0
7373 7373 0
7373 1371 0
7373 5980 0
7373 5981 0
7373 1384 0
7373 5539 0
7373 8160 0
549 5521 0
549 5523 0
549 1718 1
549 1620 1
549 5469 0
2598 2598 0
2598 2601 0
2598 12943 0
2598 2722 0
2598 5365 0
2598 1384 0
2598 19879 0
2598 1591 0
2598 1653 0
2598 1741 0
2598 5885 0
2598 20251 0
2598 3885 0
2598 5981 0
2598 3986 0
1259 2722 0
1259 5365 0
1259 5419 0
1259 5432 0
1259 1371 0
1259 5469 0
1259 1384 0
1259 5539 0
1259 1620 1
1259 5725 1
1259 1653 0
1259 3704 0
1259 5755 0
1259 1687 0
1259 1718 1
1259 1741 0
1259 5882 0
1259 18181 0
1259 20251 0
1259 3884 0
1259 18234 0
1259 1863 0
1259 16241 0
1259 6008 0
1259 8064 0
1259 3986 0
1259 8112 0
1259 6080 0
5365 19879 0
5365 5725 1
5365 1687 0
5365 1741 0
5365 3885 0
5365 5365 0
5365 5432 0
5365 1384 0
5365 3446 0
5365 5521 0
5365 3986 0
5365 5523 0
2601 2601 0
2601 2722 0
2601 1383 0
2601 1384 0
2601 3462 0
2601 19879 0
2601 1620 1
2601 1653 0
2601 1765 0
2601 3885 0
2601 5981 0
2601 16241 0
2601 3986 0
2601 8112 0
2601 6068 0
2601 8160 0
3968 3968 0
3968 1591 0
3968 1653 0
5389 7588 0
5389 1816 0
5389 5389 0
5389 3397 0
5389 5469 0
5389 1591 0
5389 1620 1
5389 5885 0
5389 3844 0
5389 5953 0
5389 5980 0
5389 5981 0
5389 1889 0
5389 4095 0
13587 3462 0
13587 3884 0
13587 3885 0
13587 5949 0
13587 5835 0
13587 1620 1
13587 5885 0
5419 1620 1
5419 3704 0
5419 20251 0
5419 1718 1
5419 1719 0
5419 5835 0
5419 1741 0
5419 5419 0
5419 5469 0
5419 3986 0
17712 3462 0
17712 3884 0
17712 3885 0
17712 5835 0
17712 5981 0
17712 1653 0
17712 5882 0
17712 5885 0
5432 2722 0
5432 5432 0
5432 5469 0
5432 1383 0
5432 1384 0
5432 5521 0
5432 5523 0
5432 1620 1
5432 5725 1
5432 5746 0
5432 1687 0
5432 1741 0
5432 3704 0
5432 5755 0
5432 5865 0
5432 5867 0
5432 5868 0
5432 14072 0
5432 3884 0
5432 3885 0
5432 5981 0
3397 13843 0
3397 1620 1
3397 1687 0
3397 1765 0
3397 5885 0
3397 1816 0
3397 5949 0
3397 3397 0
3397 5980 0
3397 5469 0
3397 8064 0
3397 5981 0
1371 1371 0
1371 1384 0
1371 3446 0
1371 3462 0
1371 5521 0
1371 5539 0
1371 1591 0
1371 1593 0
1371 5723 0
1371 5725 1
1371 1687 0
1371 1765 0
1371 5885 0
1371 5981 0
1371 6008 0
1371 3986 0
1371 8112 0
1371 2019 0
5469 291 0
5469 5523 0
5469 2721 0
5469 2722 0
5469 5981 0
5469 5469 0
5469 3446 0
5469 5521 0
5469 1489 0
5469 15919 0
5469 1620 1
5469 5725 1
5469 3704 0
5469 5755 0
5469 1687 0
5469 1718 1
5469 1719 0
5469 5835 0
5469 1741 0
5469 1765 0
5469 5885 0
5469 3844 0
5469 1816 0
5469 20251 0
5469 5980 0
5469 1889 0
5469 3986 0
5469 6080 0
7526 291 0
7526 1718 1
7526 1620 1
1383 2722 0
1383 1384 0
1383 19879 0
1383 1653 0
1383 1658 0
1383 1741 0
1383 1765 0
1383 5885 0
1383 3844 0
1383 3884 0
1383 3885 0
1383 16241 0
1383 3986 0
1383 8160 0
1384 2722 0
1384 5118 0
1384 1384 0
1384 3446 0
1384 5539 0
1384 19879 0
1384 1687 0
1384 1741 0
1384 1765 0
1384 3986 0
1384 8160 0
17770 3462 0
17770 8053 0
17770 1620 1
3443 3986 0
3443 2722 0
3443 1620 1
3443 5723 0
3443 3443 0
3446 2722 0
3446 5988 0
3446 3446 0
3446 5539 0
3446 19879 0
3446 1591 0
3446 1604 0
3446 5725 1
3446 5744 0
3446 1687 0
3446 1714 0
3446 1719 0
3446 1720 0
3446 1741 0
3446 3844 0
3446 5980 0
3446 5981 0
3446 5992 0
3446 16241 0
3446 8053 0
3446 6008 0
3446 6068 0
3446 6080 0
5495 1591 0
5495 1620 1
5495 5495 0
5495 3833 0
3462 1593 0
3462 14072 0
3462 1620 1
3462 5980 0
3462 2722 0
3462 5885 0
3462 3844 0
3462 5981 0
3462 3462 0
3462 6068 0
3462 2721 0
3462 7634 0
3462 2019 0
5521 1620 1
5521 1687 0
5521 2722 0
5521 1718 1
5521 5835 0
5521 5521 0
5521 3986 0
5521 5523 0
5521 8112 0
5521 6068 0
5521 2019 0
5523 1718 1
5523 1620 1
5523 1653 0
5523 1687 0
5523 2721 0
5523 1741 0
5523 3885 0
5523 5885 0
5523 1816 0
5523 3884 0
5523 1863 0
5523 5965 0
5523 1889 0
5523 5523 0
5523 3986 0
5523 8112 0
5523 2722 0
5523 2019 0
7573 7573 0
7573 1718 1
7573 5868 0
7573 18234 0
7573 6062 0
5539 19879 0
5539 1591 0
5539 1593 0
5539 5953 0
5539 5774 0
5539 2722 0
5539 1714 0
5539 14072 0
5539 3884 0
5539 12943 0
5539 5980 0
5539 8064 0
5539 5539 0
5539 6080 0
5539 20158 0
5539 8160 0
7588 7588 0
7588 1718 1
7588 1620 1
19879 2722 0
19879 676 0
19879 19879 0
19879 7634 0
19879 1591 0
19879 1604 0
19879 1653 0
19879 1687 0
19879 1741 0
19879 7890 0
19879 1765 0
19879 5885 0
19879 18234 0
19879 5965 0
19879 12943 0
19879 5980 0
19879 5981 0
19879 3986 0
19879 8112 0
19879 6068 0
19879 8160 0
1489 6062 0
1489 1718 1
1489 1489 0
1489 1620 1
1489 1889 0
7634 1620 1
7634 5835 0
7634 5882 0
7634 5885 0
7634 3884 0
7634 3885 0
7634 5953 0
7634 5981 0
7634 6068 0
7634 7634 0
17937 3986 0
17937 1620 1
17937 1718 1
13843 13843 0
13843 1620 1
13843 1653 0
13843 2722 0
13843 5980 0
13843 5981 0
13843 5988 0
15919 1718 1
15919 1620 1
15919 1653 0
1591 2722 0
1591 5981 0
1591 1591 0
1591 1593 0
1591 1604 0
1591 1620 1
1591 1653 0
1591 1687 0
1591 14072 0
1591 5949 0
1591 5953 0
1591 12943 0
1591 3986 0
1593 5981 0
1593 1604 0
1593 5882 0
1593 5885 0
1593 3884 0
1593 3885 0
1593 5953 0
1593 6068 0
1604 1604 0
1604 1620 1
1604 1718 1
1604 3986 0
1615 1718 1
1615 1719 0
1615 1615 0
1615 1620 1
1620 18145 1
1620 18009 1
1620 2722 1
1620 676 1
1620 14072 1
1620 5949 1
1620 5118 1
1620 6063 1
1620 1620 2
1620 5744 1
1620 5746 1
1620 3704 1
1620 1658 1
1620 5798 1
1620 1714 1
1620 1718 2
1620 1719 1
1620 1720 1
1620 5835 1
1620 1741 1
1620 7890 1
1620 19067 1
1620 1765 1
1620 5865 1
1620 5867 1
1620 5868 1
1620 3833 1
1620 5882 1
1620 3844 1
1620 18181 1
1620 1816 1
1620 20251 1
1620 16174 1
1620 5953 1
1620 1863 1
1620 5965 1
1620 12943 1
1620 5980 1
1620 5981 1
1620 18270 1
1620 1889 1
1620 5992 1
1620 6008 1
1620 8064 1
1620 8070 1
1620 6032 1
1620 3986 1
1620 10134 1
1620 8100 1
1620 6062 1
1620 8112 1
1620 6080 1
1620 4033 1
1620 8160 1
1620 2019 1
1620 4081 1
1620 4095 1
18009 1714 0
5723 5723 0
5723 5725 1
5723 1687 0
5723 2722 0
5723 7890 0
5723 2019 0
5723 4095 0
5725 5725 2
5725 5755 1
5725 2721 1
5725 1741 1
5725 18234 1
5725 2019 1
5725 5988 1
5725 8053 1
5744 5744 0
5744 1718 1
5744 1741 0
5744 5885 0
5744 3986 0
5744 8112 0
5746 1718 1
5746 1720 0
5746 1741 0
5746 5746 0
5746 1653 0
1653 676 0
1653 1653 0
1653 1714 0
1653 1765 0
1653 18181 0
1653 18234 0
1653 5882 0
1653 2722 0
1653 20251 0
1653 3986 0
1653 4033 0
1653 12943 0
1653 5835 0
1653 5865 0
1653 5867 0
1653 5988 0
1653 6063 0
1653 6068 0
1653 6080 0
1653 16241 0
1653 8064 0
1653 8070 0
3704 1687 0
3704 1718 1
3704 1719 0
3704 1720 0
3704 5835 0
3704 1741 0
1658 3884 0
1658 1687 0
1658 5755 0
1658 676 0
1658 4081 0
1658 1714 0
1658 1718 1
1658 1765 0
1658 1658 0
5755 20251 0
5755 2721 0
5755 1718 1
5755 5755 0
5755 5885 0
5755 5981 0
5774 5774 0
5774 1718 1
1687 2721 0
1687 5981 0
1687 8064 0
1687 1687 0
1687 1741 0
1687 1765 0
1687 5882 0
1687 3884 0
1687 8053 0
5798 1718 1
5798 1765 0
5798 1816 0
5798 3986 0
1714 3844 0
1714 5988 0
1714 1714 0
1714 14072 0
1714 5882 0
1714 5980 0
1714 5981 0
1714 3986 0
1714 4095 0
1718 5981 1
1718 2721 1
1718 1718 2
1718 1719 1
1718 1720 1
1718 20158 1
1718 1741 1
1718 18145 1
1718 1816 1
1718 1863 1
1718 5980 1
1718 18270 1
1718 1889 1
1718 8064 1
1718 8070 1
1718 10134 1
1718 6062 1
1718 6063 1
1718 19067 1
1719 1719 0
1719 1720 0
1719 18145 0
1719 3844 0
1719 1816 0
1719 5949 0
1719 1863 0
1719 8064 0
1719 8070 0
1719 6062 0
1719 6063 0
1720 8064 0
1720 3844 0
1720 1720 0
1720 18145 0
1720 5981 0
20158 20158 0
20158 1741 0
5835 5981 0
5835 14072 0
5835 5835 0
5835 5882 0
5835 5885 0
5835 20251 0
5835 291 0
5835 5980 0
5835 6008 0
5835 6080 0
1741 2722 0
1741 1741 0
1741 1765 0
1741 5885 0
1741 3884 0
1741 18234 0
1741 5953 0
1741 8053 0
1741 6068 0
1741 2721 0
1741 4081 0
7890 2722 0
7890 7890 0
7890 5953 0
7890 5981 0
7890 16241 0
291 291 0
291 1889 0
291 6080 0
18145 6068 0
19067 19067 0
1765 676 0
1765 1765 0
1765 5882 0
1765 1816 0
1765 5965 0
1765 3986 0
1765 4081 0
5865 5865 0
5865 5867 0
5865 5868 0
5865 3986 0
5867 2722 0
5867 5867 0
5867 5868 0
5867 3986 0
5867 4095 0
5868 3986 0
14072 5953 0
14072 2721 0
14072 2722 0
14072 5882 0
14072 5885 0
14072 3884 0
14072 3885 0
14072 3986 0
3833 5981 0
3833 3986 0
3833 8112 0
5882 2722 0
5882 5882 0
5882 5885 0
5882 18181 0
5882 20251 0
5882 5965 0
5882 5980 0
5882 5981 0
5882 2019 0
5885 676 0
5885 5885 0
5885 18181 0
5885 5980 0
5885 5981 0
5885 5988 0
5885 6008 0
5885 3986 0
5885 6068 0
5885 6080 0
5885 8160 0
5885 2019 0
3844 20251 0
3844 3844 0
3844 5980 0
3844 5988 0
3844 8053 0
3844 3986 0
3844 5981 0
18181 18181 0
18181 3986 0
18181 6068 0
1816 1816 0
1816 20251 0
1816 6062 0
20251 5980 0
20251 5981 0
20251 20251 0
20251 1889 0
20251 5118 0
3884 2722 0
3884 3885 0
3884 3884 0
3884 5988 0
3884 16241 0
3884 6068 0
3884 5965 0
3884 8160 0
3885 2722 0
3885 3885 0
3885 5980 0
3885 5981 0
3885 16241 0
3885 6068 0
3885 8160 0
18234 18234 0
18234 3986 0
18234 6063 0
18234 8112 0
5949 5953 0
5949 8064 0
5949 6062 0
5953 2722 0
5953 5953 0
5953 5980 0
5953 3986 0
1863 1863 0
5965 3986 0
5965 4095 0
12943 2722 0
12943 5981 0
12943 3986 0
12943 6068 0
5980 6008 0
5980 8064 0
5980 3986 0
5980 8112 0
5980 6068 0
5981 2722 0
5981 3986 0
5981 5981 0
5981 5988 0
5981 5992 0
5981 6008 0
5981 6068 0
5981 8064 0
5981 8112 0
18270 3986 0
18270 6062 0
18270 6068 0
18270 18270 0
1889 1889 0
5988 5988 0
5988 16241 0
5988 8064 0
5988 8112 0
5992 16241 0
5992 5992 0
16241 16241 0
16241 8112 0
16241 6068 0
16241 8160 0
8053 2019 0
6008 3986 0
8064 7846 0
8064 2722 0
8064 8064 0
8064 3986 0
8064 6068 0
8070 8070 0
6032 6032 0
3986 676 0
3986 2722 0
3986 3986 0
3986 4033 0
3986 4081 0
3986 4095 0
3986 5118 0
3986 6063 0
3986 6068 0
3986 6080 0
3986 8100 0
3986 8112 0
3986 8160 0
8100 8100 0
6063 6063 0
8112 2722 0
8112 676 0
8112 8112 0
8112 6068 0
6068 2722 0
6068 6068 0
6068 676 0
6068 2019 0
6068 4081 0
6080 6080 0
6080 676 0
6080 4081 0
2721 2721 0
2721 2722 0
2722 2722 0
2722 676 0
2722 8160 0
2722 4081 0
676 676 0
676 4081 0
8160 8160 0
2019 2019 0
4081 4081 0
4095 4095 0
