6147 6147 0
6147 6163 0
6147 20 0
6147 6165 0
6147 16422 0
6147 7079 0
6147 13301 0
6147 4196 0
6147 6162 0
6147 6164 0
6147 4256 0
6147 10611 0
6147 8467 0
6147 2340 0
6147 303 0
6147 4409 0
6147 338 0
6147 20857 0
6147 8583 0
6147 4524 0
6147 4525 0
6147 4530 0
6147 4540 0
6147 4561 1
6147 17363 0
6147 4744 0
6147 2718 0
6147 2722 0
6147 4795 1
6147 729 0
6147 13046 0
6147 4855 0
6147 4859 0
6147 13061 0
6147 4899 0
6147 4916 0
6147 837 0
6147 838 0
6147 4963 0
6147 4966 0
6147 21378 0
6147 2938 0
6147 4990 0
6147 5033 0
6147 972 0
6147 509 0
6147 13355 0
6147 9278 1
6147 1107 0
6147 5247 0
6147 1170 0
6147 6792 0
6147 7380 0
6147 2598 0
6147 1259 0
6147 5366 0
6147 5372 0
6147 5422 0
6147 1350 0
6147 3446 0
6147 3461 0
6147 5521 0
6147 7077 0
6147 7741 0
6147 1620 0
6147 20080 0
6147 1653 0
6147 3729 0
6147 1718 0
6147 1741 0
6147 5853 0
6147 5855 0
6147 16107 0
6147 7961 1
6147 3869 0
6147 3884 0
6147 5994 0
6147 321 0
6147 3986 0
6147 16275 0
6147 8112 0
6147 2382 0
4100 4100 0
4100 4102 0
4100 6163 0
4100 6165 0
4100 8747 0
4100 562 1
4100 8202 0
4100 6728 0
4100 1620 0
4100 4196 0
4100 5753 0
4100 4744 0
4100 7317 0
4100 2718 0
4100 20251 0
4100 168 0
4100 1718 0
4100 4795 1
4100 3270 1
4100 1741 0
4100 3801 0
4100 1249 0
4100 4339 0
4100 3353 0
4100 3869 0
4100 287 0
4100 2338 0
4100 1830 1
4100 827 0
4100 861 0
4100 866 0
4100 869 0
4100 2938 0
4100 3461 0
4100 4548 0
4100 4550 0
4100 4560 1
4100 473 0
4100 3036 0
16389 16389 0
16389 6162 0
16389 6163 0
16389 6165 0
16389 10296 0
16389 16444 0
16389 8267 0
16389 18530 1
16389 4256 0
16389 8493 0
16389 2382 0
16389 338 0
16389 4547 0
16389 8881 0
16389 2598 0
16389 2606 0
16389 6739 0
16389 2712 0
16389 12954 0
16389 669 0
16389 2722 0
16389 2724 0
16389 13046 0
16389 13061 0
16389 4916 0
16389 6977 0
16389 4956 0
16389 4957 0
16389 4958 0
16389 4963 0
16389 4966 0
16389 4971 0
16389 4990 0
16389 7073 0
16389 7077 0
16389 5033 0
16389 17363 0
16389 13332 0
16389 13355 0
16389 7219 1
16389 3141 0
16389 861 0
16389 3359 0
16389 3446 0
16389 3561 0
16389 5679 0
16389 1591 0
16389 1653 0
16389 3729 0
16389 1687 0
16389 16031 0
16389 8477 0
16389 1741 0
16389 16241 0
16389 3986 0
4102 4102 0
4102 8202 0
4102 2059 0
4102 6162 0
4102 6163 0
4102 20 0
4102 6165 0
4102 562 1
4102 6728 0
4102 6160 0
4102 1653 0
4102 6164 0
4102 3729 0
4102 2709 0
4102 1687 0
4102 3225 0
4102 5277 0
4102 4795 1
4102 3270 1
4102 3801 0
4102 2280 0
4102 20251 0
4102 3869 0
4102 287 0
4102 2338 0
4102 3884 0
4102 5422 0
4102 4916 0
4102 5469 0
4102 3427 0
4102 8058 0
4102 5521 0
4102 3986 0
4102 2494 0
4102 4550 0
4102 4551 0
4102 4084 0
8202 20 0
8202 8202 0
8202 3148 1
8202 7317 0
8202 168 0
8202 169 0
8202 729 0
8202 19738 1
8202 8477 0
8202 861 0
8202 4550 0
8202 4551 0
8202 4874 0
8202 9166 0
8202 7131 0
2059 2059 0
2059 20 0
2059 5469 0
2059 4185 0
2059 16530 0
2059 4300 0
2059 4339 0
2059 4340 0
2059 287 0
2059 2340 0
2059 2342 0
2059 2355 0
2059 4524 0
2059 4539 0
2059 4546 0
2059 509 0
2059 4537 0
2059 4704 1
2059 2668 1
2059 4744 0
2059 2718 0
2059 17058 0
2059 4795 1
2059 719 0
2059 4818 0
2059 729 0
2059 13061 0
2059 827 0
2059 4971 0
2059 5056 0
2059 3036 0
2059 5247 0
2059 1170 0
2059 3225 0
2059 5280 0
2059 3270 1
2059 1197 0
2059 4301 0
2059 1259 0
2059 3323 1
2059 5419 1
2059 5420 1
2059 5432 0
2059 17770 0
2059 5521 0
2059 5523 0
2059 7662 0
2059 15996 0
2059 5835 0
2059 3801 0
2059 5885 0
2059 20251 0
2059 6792 0
2059 8058 0
2059 8081 0
2059 6062 0
6159 6159 0
6159 2069 0
6159 561 0
6159 16444 0
6159 66 0
6159 6752 0
6159 1653 0
6159 2703 0
6159 3729 0
6159 1171 0
6159 2708 0
6159 2709 0
6159 1687 0
6159 6809 0
6159 7836 0
6159 4795 1
6159 7380 0
6159 4822 0
6159 5855 0
6159 4859 0
6159 3353 0
6159 3354 0
6159 287 0
6159 4899 0
6159 3878 0
6159 3884 0
6159 5432 0
6159 4916 0
6159 6977 0
6159 337 0
6159 3934 1
6159 17770 0
6159 2418 1
6159 3446 0
6159 16275 0
6159 7077 0
6159 4547 0
6159 2500 0
6159 2501 0
6159 17363 0
6159 503 0
6160 6162 0
6160 6163 0
6160 20 0
6160 6165 0
6160 10296 0
6160 6160 0
6160 6164 0
6160 4256 0
6160 4301 0
6160 287 0
6160 2338 0
6160 303 0
6160 337 0
6160 338 0
6160 4546 0
6160 4547 0
6160 4555 0
6160 4560 1
6160 4561 1
6160 473 0
6160 509 0
6160 562 1
6160 6739 0
6160 2703 0
6160 2704 0
6160 2709 0
6160 6809 0
6160 12954 0
6160 2718 0
6160 2722 0
6160 8867 0
6160 4795 1
6160 729 0
6160 837 0
6160 838 0
6160 21378 0
6160 2967 0
6160 7079 0
6160 7165 0
6160 3174 0
6160 7317 0
6160 5321 0
6160 5418 0
6160 5469 0
6160 3464 0
6160 3526 0
6160 7741 0
6160 6755 0
6160 1620 0
6160 1653 0
6160 3729 0
6160 7836 0
6160 7846 0
6160 12026 0
6160 3866 1
6160 5981 0
6160 16241 0
6160 8081 0
6160 3986 0
6160 16275 0
6160 6068 0
6162 6162 0
6162 6163 0
6162 20 0
6162 6165 0
6162 6164 0
6162 4256 0
6162 168 0
6162 2338 0
6162 2340 0
6162 303 0
6162 337 0
6162 338 0
6162 4520 0
6162 4540 0
6162 4560 1
6162 473 0
6162 509 0
6162 2598 0
6162 562 1
6162 6739 0
6162 2703 0
6162 2712 0
6162 6809 0
6162 669 0
6162 2718 0
6162 2722 0
6162 8867 0
6162 4795 1
6162 4808 0
6162 729 0
6162 13061 0
6162 9009 0
6162 837 0
6162 838 0
6162 861 0
6162 4963 0
6162 4966 0
6162 21378 0
6162 7079 0
6162 3141 0
6162 7243 0
6162 3174 0
6162 1197 0
6162 5418 0
6162 5469 0
6162 3461 0
6162 3464 0
6162 3526 0
6162 7662 0
6162 6755 0
6162 1620 0
6162 3729 0
6162 7836 0
6162 7846 0
6162 5855 0
6162 16107 0
6162 16241 0
6162 8081 0
6162 3986 0
6162 12954 0
6162 8112 0
6162 6068 0
6162 7165 0
6163 6163 0
6163 20 0
6163 6165 0
6163 18476 0
6163 4145 0
6163 8267 0
6163 6164 0
6163 168 0
6163 4300 0
6163 2280 0
6163 287 0
6163 2338 0
6163 303 0
6163 3464 0
6163 337 0
6163 338 0
6163 7910 1
6163 4534 0
6163 4535 0
6163 4546 0
6163 4547 0
6163 473 0
6163 509 0
6163 2599 0
6163 562 1
6163 6739 0
6163 2703 0
6163 2704 0
6163 2712 0
6163 12954 0
6163 8867 0
6163 2724 0
6163 8881 0
6163 4795 1
6163 729 0
6163 13061 0
6163 838 0
6163 21378 0
6163 7165 0
6163 861 0
6163 7243 0
6163 4966 0
6163 3174 0
6163 1170 0
6163 5277 0
6163 5369 0
6163 5418 0
6163 5469 0
6163 3427 0
6163 3461 0
6163 3526 0
6163 5033 0
6163 1591 0
6163 6755 0
6163 1653 0
6163 7836 0
6163 7846 0
6163 5855 0
6163 1765 0
6163 16107 0
6163 3884 0
6163 5981 0
6163 16241 0
6163 8081 0
6163 3986 0
6163 16275 0
6163 8089 0
6163 8112 0
6163 6068 0
6164 20 0
6164 6165 0
6164 18476 0
6164 4145 0
6164 4196 0
6164 6755 0
6164 6164 0
6164 4295 0
6164 2338 0
6164 303 0
6164 337 0
6164 338 0
6164 4443 0
6164 4540 0
6164 4546 0
6164 473 0
6164 10745 0
6164 509 0
6164 2599 0
6164 6739 0
6164 2712 0
6164 8867 0
6164 4795 1
6164 729 0
6164 13061 0
6164 838 0
6164 861 0
6164 4966 0
6164 5026 0
6164 5033 0
6164 7243 0
6164 3174 0
6164 5418 0
6164 562 1
6164 3382 0
6164 5469 0
6164 3464 0
6164 3526 0
6164 7079 0
6164 7662 0
6164 1591 0
6164 1653 0
6164 7836 0
6164 7846 0
6164 1741 0
6164 3986 0
6164 16275 0
6164 12954 0
6164 8112 0
6164 6068 0
6165 20 0
6165 2069 0
6165 16422 0
6165 8881 0
6165 4256 0
6165 168 0
6165 169 0
6165 2280 0
6165 6165 0
6165 8467 0
6165 287 0
6165 2338 0
6165 303 0
6165 337 0
6165 18784 0
6165 4465 0
6165 4520 0
6165 4524 0
6165 4525 0
6165 4526 0
6165 4534 0
6165 4537 0
6165 4540 0
6165 4546 0
6165 4547 0
6165 4555 0
6165 8654 0
6165 4560 1
6165 473 0
6165 509 0
6165 2598 0
6165 2599 0
6165 2606 0
6165 561 0
6165 562 1
6165 6739 0
6165 6792 0
6165 2703 0
6165 2704 0
6165 2708 0
6165 2709 0
6165 2712 0
6165 6809 0
6165 669 0
6165 2718 0
6165 2722 0
6165 4795 1
6165 729 0
6165 4872 0
6165 837 0
6165 838 0
6165 861 0
6165 4966 0
6165 21378 0
6165 7131 0
6165 13301 0
6165 3141 0
6165 3174 0
6165 5230 0
6165 13428 0
6165 5247 0
6165 3246 0
6165 3270 1
6165 3283 0
6165 1259 0
6165 5365 0
6165 5418 0
6165 5420 1
6165 5422 0
6165 3427 0
6165 3463 0
6165 3464 0
6165 7064 0
6165 3475 0
6165 3526 0
6165 3561 0
6165 7662 0
6165 15857 0
6165 9133 1
6165 5679 0
6165 1591 0
6165 6755 0
6165 1620 0
6165 5753 0
6165 5855 0
6165 1765 0
6165 5893 0
6165 5981 0
6165 16241 0
6165 8053 0
6165 8081 0
6165 3986 0
6165 16275 0
6165 12954 0
6165 7836 0
6165 8112 0
6165 6068 0
6165 16031 0
6165 8867 0
6165 2724 0
6165 7846 0
6165 7165 0
2071 4744 0
2071 3986 0
2071 3475 0
2071 2967 0
2071 8747 0
2071 2338 0
2071 5419 1
2071 4540 0
2071 4550 0
2071 4551 0
2071 4300 0
2071 1620 0
2071 4942 0
2071 4185 0
2071 5469 0
2071 4704 1
2071 1171 0
2071 10044 0
2071 1170 0
2071 4339 0
2071 4340 0
2071 5247 0
6176 1259 1
6176 5477 1
6176 5855 1
16422 2598 0
16422 2599 0
16422 2606 0
16422 3141 0
16422 6739 0
16422 117 0
16422 4730 0
16422 2709 0
16422 2722 0
16422 13428 0
16422 8654 0
16422 4872 0
16422 8477 0
16422 800 0
16422 5422 0
16422 10296 0
16422 869 0
16422 4971 0
16422 2418 1
16422 3986 0
16422 951 0
16422 16031 0
16422 4561 1
16422 17363 0
18476 20 0
18476 18476 0
18476 3934 1
18476 2668 1
18476 7285 0
18476 5277 0
18476 2722 0
18476 1653 0
18476 1259 0
18476 4874 0
18476 3869 0
18476 861 0
18476 3446 0
18476 4479 0
18476 3526 0
18476 10745 0
4145 20 0
4145 2069 0
4145 4145 0
4145 117 0
4145 4409 0
4145 4465 0
4145 4547 0
4145 2500 0
4145 561 0
4145 6739 0
4145 4829 0
4145 4859 0
4145 4869 0
4145 4870 1
4145 4872 0
4145 827 0
4145 4956 0
4145 4957 0
4145 4958 0
4145 4966 0
4145 9133 1
4145 861 0
4145 7219 1
4145 7243 0
4145 5365 0
4145 3446 0
4145 8493 0
4145 5026 0
4145 5033 0
4145 1591 0
4145 1620 0
4145 20080 0
4145 1687 0
4145 5853 0
4145 5855 0
4145 1765 0
4145 5885 0
4145 5981 0
4145 8081 0
4145 3986 0
4145 8112 0
4145 6099 0
12342 7666 1
12342 2418 1
12342 7077 0
10296 2598 0
10296 13355 0
10296 2606 0
10296 3934 1
10296 8267 0
10296 13332 0
10296 3729 0
10296 4795 1
10296 1741 0
10296 1259 0
10296 13061 0
10296 8477 0
10296 303 0
10296 6977 0
10296 10296 0
10296 4956 0
10296 4957 0
10296 4958 0
10296 9062 0
10296 3446 0
10296 20857 0
10296 16534 0
10296 3986 0
10296 12954 0
10296 5033 0
10296 3561 0
16444 4859 0
16444 6752 0
16444 561 0
16444 7284 0
16444 1653 0
16444 2703 0
16444 5277 0
16444 4256 0
16444 1741 0
16444 4825 0
16444 4828 0
16444 17363 0
16444 6378 0
16444 18530 1
16444 5893 0
16444 4916 0
16444 6977 0
16444 8467 0
16444 6068 0
16444 1765 0
16444 18784 0
16444 16444 0
16444 5994 0
16444 16241 0
16444 2418 1
16444 8583 0
16444 935 0
16444 6062 0
16444 2500 0
16444 2501 0
16444 7165 0
66 2598 0
66 561 0
66 7219 1
66 6739 0
66 869 0
66 3729 0
66 15519 0
66 7380 0
66 4825 0
66 4828 0
66 5853 0
66 5855 0
66 1765 0
66 5365 0
66 5366 0
66 5367 0
66 5368 0
66 5369 0
66 5370 0
66 5372 0
66 5893 0
66 861 0
66 8467 0
66 5679 0
66 2338 0
66 5422 0
66 4409 0
66 5981 0
66 9062 0
66 8081 0
66 3986 0
66 935 0
66 16031 0
66 2500 0
66 2501 0
66 4561 1
66 17363 0
66 6613 0
66 4859 0
66 3561 0
66 1107 0
8267 2598 0
8267 13355 0
8267 2606 0
8267 1591 0
8267 6739 0
8267 8467 0
8267 1653 0
8267 13332 0
8267 2712 0
8267 16031 0
8267 1741 0
8267 3283 0
8267 5853 0
8267 1765 0
8267 2793 0
8267 5368 0
8267 20251 0
8267 8477 0
8267 5419 1
8267 861 0
8267 19808 0
8267 9062 0
8267 2418 1
8267 8058 0
8267 3986 0
8267 12954 0
8267 935 0
8267 4547 0
8267 3561 0
4174 4894 0
4174 8881 0
4174 4805 0
4174 3148 1
4174 4818 0
4174 2668 1
8273 4795 1
8273 4800 0
8273 4561 1
8273 6633 0
2134 5432 1
2134 869 1
2134 4550 1
2134 4551 1
2134 1687 1
2134 4443 1
2134 1765 1
4185 20 0
4185 1576 0
4185 4664 0
4185 6728 0
4185 1620 0
4185 4185 0
4185 4704 1
4185 5247 0
4185 1170 0
4185 2718 0
4185 4795 1
4185 4295 0
4185 4300 0
4185 4301 0
4185 719 0
4185 4818 0
4185 3801 0
4185 4339 0
4185 4874 0
4185 729 0
4185 20251 0
4185 2338 0
4185 2340 0
4185 303 0
4185 5469 0
4185 5521 0
4185 3986 0
4185 5523 0
4185 6062 0
4185 3035 0
4185 3036 0
18530 2598 1
18530 2606 1
18530 5679 1
18530 13364 1
18530 1591 1
18530 6739 1
18530 4196 1
18530 1653 1
18530 4256 1
18530 2722 1
18530 8881 1
18530 1741 1
18530 13046 1
18530 8477 1
18530 800 1
18530 8493 1
18530 4916 1
18530 4963 1
18530 4966 1
18530 4971 1
18530 4990 1
18530 3986 1
18530 5033 1
18530 17058 1
18530 3561 1
4196 2069 0
4196 4196 0
4196 5230 0
4196 117 0
4196 4744 0
4196 4546 0
4196 2718 0
4196 8867 0
4196 168 0
4196 169 0
4196 4800 0
4196 5366 0
4196 287 0
4196 5469 0
4196 8053 0
4196 2938 0
4196 3464 0
4196 4524 0
4196 4535 0
4196 4537 0
4196 4540 0
4196 4555 0
4196 5026 0
4196 4560 1
4196 4561 1
117 20 0
117 2069 0
117 13061 0
117 4957 0
117 561 0
117 12875 0
117 9062 0
117 1653 0
117 4971 0
117 2708 0
117 2709 0
117 1687 0
117 6809 0
117 16031 0
117 4256 0
117 3248 0
117 8881 0
117 117 0
117 6792 0
117 1741 0
117 3283 0
117 5853 0
117 5855 0
117 1765 0
117 1259 0
117 4859 0
117 4869 0
117 4870 1
117 3884 0
117 5432 0
117 4409 0
117 827 0
117 1350 0
117 8467 0
117 15843 1
117 4443 0
117 861 0
117 3934 1
117 4956 0
117 5994 0
117 3986 0
117 389 0
117 5469 0
117 6048 0
117 4958 0
117 7077 0
117 4520 0
117 8112 0
117 951 0
117 4547 0
117 2500 0
117 2501 0
117 4550 0
117 8898 0
117 4551 0
117 3561 0
117 5885 0
117 496 0
117 6570 1
20 20 0
20 2069 0
20 16530 0
20 4300 0
20 4301 0
20 220 0
20 2280 0
20 6378 0
20 4339 0
20 10523 0
20 287 0
20 2338 0
20 2340 0
20 2342 0
20 2359 0
20 4409 0
20 389 0
20 2494 0
20 4546 0
20 4547 0
20 509 0
20 561 0
20 4744 0
20 2708 0
20 2712 0
20 2718 0
20 8867 0
20 2724 0
20 706 0
20 719 0
20 4818 0
20 4822 0
20 729 0
20 827 0
20 861 0
20 866 0
20 869 0
20 3035 0
20 3036 0
20 1107 0
20 5247 0
20 1170 0
20 1171 0
20 3248 0
20 1259 0
20 3323 1
20 5419 1
20 5420 1
20 5432 0
20 5469 0
20 17770 0
20 3446 0
20 3475 0
20 7662 0
20 7666 1
20 1576 0
20 1620 0
20 1687 0
20 1718 0
20 1719 0
20 1741 0
20 3801 0
20 5855 0
20 1765 0
20 5885 0
20 20251 0
20 5981 0
20 8058 0
20 3986 0
20 16275 0
20 6062 0
20 8112 0
20 17058 0
2069 2069 0
2069 5893 0
2069 4956 0
2069 13355 0
2069 4957 0
2069 561 0
2069 13061 0
2069 4958 0
2069 1620 0
2069 8881 0
2069 4547 0
2069 2709 0
2069 1687 0
2069 12954 0
2069 1741 0
2069 3283 0
2069 4825 0
2069 220 0
2069 5855 0
2069 9044 0
2069 4869 0
2069 8467 0
2069 3354 0
2069 2338 0
2069 4818 0
2069 6977 0
2069 338 0
2069 861 0
2069 3934 1
2069 3729 0
2069 2418 1
2069 3446 0
2069 8081 0
2069 3986 0
2069 6048 0
2069 7073 0
2069 6062 0
2069 4530 0
2069 16031 0
2069 4555 0
2069 3561 0
8898 389 0
8898 168 0
8898 4664 0
8898 4295 0
8898 3148 1
8898 2668 1
16530 5469 0
16530 1620 0
16530 16530 0
16530 6846 0
16530 4300 0
16530 3283 0
16530 7380 0
16530 729 0
16530 3295 0
16530 7961 1
16530 20251 0
16530 2338 0
16530 5419 1
16530 5420 1
16530 337 0
16530 5981 0
16530 19808 0
16530 5994 0
16530 3968 0
16530 8112 0
16530 2494 0
16530 7662 0
16534 7219 1
16534 16534 0
16534 4870 1
16534 287 0
16534 861 0
16534 20857 0
16534 3986 0
154 4795 1
154 4550 0
154 4551 0
154 719 0
154 4560 1
154 337 0
154 338 0
154 1620 0
154 3036 0
154 5469 0
154 2668 1
154 4339 0
16542 4795 1
16542 16542 0
16542 3270 1
6303 2703 0
6303 16146 0
6303 6809 0
6303 10044 0
6303 1653 0
6303 2500 0
6303 2501 0
6303 1249 0
6303 7910 1
6303 2418 1
6303 10617 0
6303 15996 0
4256 8477 0
4256 8493 0
4256 2500 0
4256 13061 0
4256 2598 0
4256 2599 0
4256 2606 0
4256 6739 0
4256 2712 0
4256 2718 0
4256 2722 0
4256 2724 0
4256 4795 1
4256 4822 0
4256 13046 0
4256 4859 0
4256 4916 0
4256 6977 0
4256 4963 0
4256 4966 0
4256 4971 0
4256 4990 0
4256 2967 0
4256 5033 0
4256 17363 0
4256 5152 0
4256 3141 0
4256 3148 1
4256 3225 0
4256 15519 0
4256 3283 0
4256 5365 0
4256 861 0
4256 3561 0
4256 5679 0
4256 1591 0
4256 1653 0
4256 1741 0
4256 5855 0
4256 5981 0
4256 3986 0
4256 8112 0
4256 6068 0
168 168 0
168 169 0
168 4295 0
168 4300 0
168 2280 0
168 4339 0
168 4479 0
168 270 0
168 287 0
168 2340 0
168 2382 0
168 337 0
168 338 0
168 4465 0
168 4477 0
168 4534 0
168 4535 0
168 4546 0
168 4547 0
168 4555 0
168 4557 0
168 473 0
168 561 0
168 562 1
168 4664 0
168 6792 0
168 2708 0
168 2709 0
168 2712 0
168 669 0
168 2718 0
168 2722 0
168 4795 1
168 706 0
168 9009 0
168 861 0
168 4959 0
168 2938 0
168 21378 0
168 7064 0
168 7077 0
168 972 0
168 7243 0
168 1107 0
168 5237 0
168 1197 0
168 5321 0
168 1249 0
168 1259 0
168 5366 0
168 5367 0
168 5368 0
168 18303 0
168 3353 0
168 3354 0
168 5469 0
168 17770 0
168 3446 0
168 3464 0
168 5521 0
168 389 0
168 7073 0
168 1620 0
168 1687 0
168 1719 0
168 1741 0
168 5885 0
168 3869 0
168 3878 0
168 5981 0
168 3934 1
168 16275 0
168 6068 0
168 4084 0
169 561 0
169 562 1
169 4664 0
169 1107 0
169 1620 0
169 4547 0
169 1687 0
169 2718 0
169 2722 0
169 169 0
169 4795 1
169 706 0
169 1741 0
169 1259 0
169 4855 0
169 270 0
169 287 0
169 2340 0
169 9009 0
169 3382 0
169 2382 0
169 10125 0
169 338 0
169 4959 0
169 3446 0
169 21378 0
169 3464 0
169 4546 0
169 972 0
169 473 0
7883 389 0
7883 3986 0
7883 8467 0
7883 2709 0
7883 2718 0
7883 14884 1
7883 5855 0
7883 7883 0
7883 1741 0
7883 9166 0
7883 4822 0
7883 3934 1
7883 869 0
7883 1765 0
7883 5994 0
7883 4339 0
7883 5237 0
4295 3968 0
4295 1170 0
4295 3353 0
4295 3225 0
4295 3354 0
4295 20251 0
4295 2338 0
4295 1719 0
4295 5835 0
4295 2500 0
4295 3148 1
4295 1741 0
4295 4664 0
4295 8867 0
4295 729 0
4295 4700 0
4295 3934 1
4295 4301 0
4295 6755 0
4295 5521 0
4295 2668 1
4295 3986 0
4295 5230 0
4295 4300 0
4299 3968 0
4299 4874 0
4299 2338 0
4299 8867 0
4299 3884 0
4299 4535 0
4299 4664 0
4299 4299 0
4299 3148 1
4299 2901 0
4299 3934 1
4299 4704 1
4299 2668 1
4299 509 0
4300 1576 0
4300 5469 0
4300 561 0
4300 4664 0
4300 4704 1
4300 5981 0
4300 6739 0
4300 1620 0
4300 20251 0
4300 6755 0
4300 2668 1
4300 5753 0
4300 4744 0
4300 1170 0
4300 1171 0
4300 1687 0
4300 3225 0
4300 1718 0
4300 1719 0
4300 5237 0
4300 5835 0
4300 4300 0
4300 1741 0
4300 4301 0
4300 4818 0
4300 4822 0
4300 2340 0
4300 4339 0
4300 4340 0
4300 5247 0
4300 729 0
4300 2338 0
4300 2342 0
4300 5419 1
4300 5420 1
4300 303 0
4300 3464 0
4300 3382 0
4300 321 0
4300 2901 0
4300 3934 1
4300 8081 0
4300 8058 0
4300 7317 0
4300 1259 0
4300 3475 0
4300 2967 0
4300 3986 0
4300 7077 0
4300 6062 0
4300 2494 0
4300 5056 0
4300 10125 0
4300 4555 0
4300 3035 0
4300 3036 0
4300 3801 0
4300 5523 0
4300 7662 0
4300 4084 0
4300 509 0
4301 1591 0
4301 4664 0
4301 3148 1
4301 6739 0
4301 6755 0
4301 8467 0
4301 5753 0
4301 5247 0
4301 2704 0
4301 1170 0
4301 1171 0
4301 2709 0
4301 2712 0
4301 8867 0
4301 1718 0
4301 1719 0
4301 1741 0
4301 729 0
4301 287 0
4301 2338 0
4301 5419 1
4301 3884 0
4301 337 0
4301 8058 0
4301 3986 0
4301 5523 0
4301 7064 0
4301 15785 0
4301 4530 0
4301 6068 0
4301 2494 0
4301 4704 1
4301 3561 0
4301 1620 0
4301 509 0
14546 2967 0
14546 2841 1
14546 11687 1
20857 6739 0
20857 1620 0
20857 3729 0
20857 4265 0
20857 4916 0
20857 4795 1
20857 1741 0
20857 6378 0
20857 5369 0
20857 5422 0
20857 3934 1
20857 2938 0
20857 21378 0
20857 3986 0
220 3729 0
220 287 0
220 2338 0
220 5419 1
220 5420 1
220 4805 0
220 220 0
220 5981 0
220 6755 0
220 3561 0
220 8467 0
220 1653 0
2280 2599 0
2280 2606 0
2280 562 1
2280 1591 0
2280 4963 0
2280 1620 0
2280 3174 0
2280 1170 0
2280 2709 0
2280 12954 0
2280 7836 0
2280 4795 1
2280 1741 0
2280 729 0
2280 5855 0
2280 2280 0
2280 303 0
2280 5418 0
2280 827 0
2280 16275 0
2280 5981 0
2280 9062 0
2280 4971 0
2280 3446 0
2280 3464 0
2280 3986 0
2280 838 0
2280 4555 0
2280 8867 0
2280 473 0
2280 7662 0
2280 5033 0
2280 509 0
6378 13355 0
6378 4957 0
6378 561 0
6378 4664 0
6378 6739 0
6378 6792 0
6378 1171 0
6378 8881 0
6378 3283 0
6378 1765 0
6378 2793 0
6378 6378 0
6378 4859 0
6378 4822 0
6378 4874 0
6378 3354 0
6378 4899 0
6378 15240 1
6378 5422 0
6378 9009 0
6378 4916 0
6378 5855 0
6378 6977 0
6378 1350 0
6378 4956 0
6378 861 0
6378 3934 1
6378 2418 1
6378 3446 0
6378 4477 0
6378 3986 0
6378 7064 0
6378 5026 0
6378 4958 0
6378 5981 0
6378 8112 0
6378 5885 0
6378 503 0
4332 4332 0
4332 3729 0
4332 4534 0
4332 4560 1
4332 2668 1
4332 1653 0
4339 6062 0
4339 2606 0
4339 5469 0
4339 1591 0
4339 1620 0
4339 4704 1
4339 5247 0
4339 3225 0
4339 2730 0
4339 8881 0
4339 1718 0
4339 1719 0
4339 4795 1
4339 2338 0
4339 719 0
4339 4818 0
4339 729 0
4339 4340 0
4339 3801 0
4339 5420 1
4339 13364 0
4339 8467 0
4339 8081 0
4339 3986 0
4339 8058 0
4339 8477 0
4339 3475 0
4339 2967 0
4339 5981 0
4339 4524 0
4339 4525 0
4339 4526 0
4339 4534 0
4339 5419 1
4339 2494 0
4339 5056 0
4339 3035 0
4339 3036 0
4339 509 0
4340 8270 0
4340 1620 0
4340 4704 1
4340 5247 0
4340 3225 0
4340 2724 0
4340 1718 0
4340 4340 0
4340 4874 0
4340 20251 0
4340 2338 0
4340 5420 1
4340 5855 0
4340 5469 0
4340 3986 0
4340 6062 0
4340 4534 0
4340 2494 0
4340 3035 0
4340 3036 0
259 259 0
259 7505 1
259 6846 0
259 287 0
259 3934 1
270 2598 0
270 561 0
270 4664 0
270 1653 0
270 5753 0
270 2708 0
270 4795 1
270 706 0
270 3446 0
270 5885 0
270 270 0
270 7285 0
270 5418 0
270 2382 0
270 5981 0
270 3934 1
270 5994 0
270 8053 0
8467 2342 0
8467 4409 0
8467 5523 0
8467 2793 0
8467 4524 0
8467 4534 0
8467 2501 0
8467 6613 0
8467 10745 0
8467 2598 0
8467 2599 0
8467 6739 0
8467 4744 0
8467 2708 0
8467 2709 0
8467 669 0
8467 2718 0
8467 2722 0
8467 2724 0
8467 8881 0
8467 4795 1
8467 719 0
8467 9009 0
8467 6977 0
8467 837 0
8467 4942 0
8467 9062 0
8467 4971 0
8467 2938 0
8467 7317 0
8467 5026 0
8467 7165 0
8467 13355 0
8467 3141 0
8467 5247 0
8467 1171 0
8467 3283 0
8467 1259 0
8467 5367 0
8467 5368 0
8467 5372 0
8467 5432 0
8467 19808 0
8467 7064 0
8467 1591 0
8467 8467 0
8467 16023 0
8467 16031 0
8467 1718 0
8467 3866 1
8467 20251 0
8467 3869 0
8467 5981 0
8467 5994 0
8467 4084 0
8921 5237 0
8921 3270 1
8921 3271 0
8921 2841 1
8921 3359 0
8921 4744 0
8921 6977 0
8921 861 0
8921 8583 0
8921 6068 0
10523 5420 1
10523 10523 0
10523 2338 0
10523 5419 1
10523 9009 0
10523 4704 1
10523 6739 0
10523 509 0
10523 5247 0
8477 287 0
8477 2338 0
8477 8493 0
8477 18784 0
8477 13046 0
8477 473 0
8477 2598 0
8477 2599 0
8477 2606 0
8477 6739 0
8477 4704 1
8477 12954 0
8477 2722 0
8477 8881 0
8477 13428 0
8477 13061 0
8477 4916 0
8477 6977 0
8477 4956 0
8477 4957 0
8477 4958 0
8477 4963 0
8477 869 0
8477 4971 0
8477 4990 0
8477 7064 0
8477 5033 0
8477 13332 0
8477 13355 0
8477 861 0
8477 4966 0
8477 7284 0
8477 5679 0
8477 3463 0
8477 2967 0
8477 3561 0
8477 7666 1
8477 1591 0
8477 1653 0
8477 16031 0
8477 5835 0
8477 1741 0
8477 5981 0
8477 16241 0
8477 3986 0
287 287 0
287 8493 0
287 8654 0
287 8881 0
287 719 0
287 9009 0
287 827 0
287 837 0
287 866 0
287 1259 0
287 1620 0
287 1822 0
287 2338 0
287 2340 0
287 2382 0
287 2494 0
287 2708 0
287 2712 0
287 2716 0
287 2718 0
287 2730 0
287 2793 0
287 3148 1
287 3270 1
287 3248 0
287 3354 0
287 3446 0
287 3464 0
287 12875 0
287 3729 0
287 3866 1
287 3934 1
287 4465 0
287 4540 0
287 4555 0
287 4558 0
287 12954 0
287 4818 0
287 13046 0
287 4899 0
287 4916 0
287 4957 0
287 13355 0
287 5247 0
287 5366 0
287 5885 0
287 5994 0
287 6048 0
287 6099 0
287 6469 1
287 14884 1
287 6739 0
287 7285 0
287 7317 0
287 15519 0
287 15857 0
287 7836 0
287 7910 1
287 16140 0
287 16241 0
287 8089 0
287 2724 0
12577 1620 0
12577 5237 0
12577 15996 0
12577 729 0
12577 20251 0
12577 12577 0
12577 5419 1
12577 5420 1
12577 4942 0
12577 4465 0
2338 8270 0
2338 3801 0
2338 2338 0
2338 2342 0
2338 4828 0
2338 4409 0
2338 4465 0
2338 3475 0
2338 16107 0
2338 4530 0
2338 2495 0
2338 4550 0
2338 473 0
2338 509 0
2338 2598 0
2338 2599 0
2338 8747 0
2338 6739 0
2338 4704 1
2338 2668 1
2338 4744 0
2338 2704 0
2338 2709 0
2338 2712 0
2338 2718 0
2338 2722 0
2338 8867 0
2338 2724 0
2338 2730 0
2338 8881 0
2338 4557 0
2338 4818 0
2338 8654 0
2338 4822 0
2338 729 0
2338 4855 0
2338 4874 0
2338 2901 0
2338 15509 0
2338 4963 0
2338 4971 0
2338 2967 0
2338 13227 1
2338 5056 0
2338 3035 0
2338 3036 0
2338 5152 0
2338 5981 0
2338 9278 1
2338 3158 0
2338 3174 0
2338 5247 0
2338 1170 0
2338 1171 0
2338 7317 0
2338 1197 0
2338 10611 0
2338 3283 0
2338 5367 0
2338 5368 0
2338 5369 0
2338 5370 0
2338 2606 0
2338 3354 0
2338 5419 1
2338 5420 1
2338 5432 0
2338 5469 0
2338 4547 0
2338 3461 0
2338 7064 0
2338 15785 0
2338 3526 0
2338 7662 0
2338 5033 0
2338 1576 0
2338 5679 0
2338 1591 0
2338 6752 0
2338 6755 0
2338 1620 0
2338 20251 0
2338 1653 0
2338 7284 0
2338 1687 0
2338 1718 0
2338 1719 0
2338 5835 0
2338 1741 0
2338 2340 0
2338 4764 0
2338 5893 0
2338 3878 0
2338 5994 0
2338 8058 0
2338 10125 0
2338 3986 0
2338 12954 0
2338 2716 0
2338 6062 0
2338 6068 0
2340 3968 0
2340 2967 0
2340 7741 0
2340 2340 0
2340 4551 0
2340 4795 1
2340 8053 0
2340 4550 0
2340 719 0
2340 4560 1
2340 1620 0
2340 3036 0
2340 5469 0
2340 509 0
2340 7208 0
2340 1653 0
2340 8058 0
2342 8747 0
2342 3986 0
2342 1171 0
2342 729 0
2342 5420 1
2342 2494 0
2342 4805 0
2342 1620 0
2342 3801 0
2342 5469 0
2342 4704 1
2342 3561 0
2342 2668 1
2342 1170 0
2342 7662 0
2342 5247 0
18731 2542 1
8493 2598 0
8493 8881 0
8493 7208 0
8493 13355 0
8493 2606 0
8493 5679 0
8493 7219 1
8493 1591 0
8493 6739 0
8493 6752 0
8493 1653 0
8493 5994 0
8493 3729 0
8493 1687 0
8493 16031 0
8493 2722 0
8493 1741 0
8493 4828 0
8493 5855 0
8493 13046 0
8493 4859 0
8493 13061 0
8493 800 0
8493 4916 0
8493 6977 0
8493 4963 0
8493 4966 0
8493 4971 0
8493 4990 0
8493 3986 0
8493 5033 0
8493 951 0
8493 3561 0
303 5679 0
303 562 1
303 3148 1
303 2668 1
303 2718 0
303 8867 0
303 4777 0
303 4795 1
303 19738 1
303 303 0
303 9009 0
303 4916 0
303 5469 0
303 18784 0
303 3968 0
303 21378 0
303 5056 0
303 4560 1
303 4561 1
303 473 0
303 7147 0
2355 4546 0
2355 2703 0
2355 3866 1
2355 669 0
2355 2606 0
2355 2355 0
2355 4534 0
2355 2359 0
2355 4537 0
2355 4539 0
2355 4540 0
2355 5432 0
2355 4535 0
2355 4561 1
2355 1259 0
2355 2668 1
2355 4478 0
2355 4479 0
2359 2703 0
2359 1170 0
2359 3866 1
2359 2606 0
2359 6068 0
2359 4535 0
2359 4537 0
2359 4561 1
2359 1259 0
2359 2668 1
2359 4479 0
4409 2418 1
4409 4409 0
4409 4443 0
4409 389 0
4409 2494 0
4409 4547 0
4409 4551 0
4409 10745 0
4409 2606 0
4409 561 0
4409 4550 0
4409 8881 0
4409 2793 0
4409 4859 0
4409 13061 0
4409 827 0
4409 6977 0
4409 4956 0
4409 861 0
4409 866 0
4409 9062 0
4409 17363 0
4409 13355 0
4409 869 0
4409 5365 0
4409 5366 0
4409 5367 0
4409 5368 0
4409 7380 0
4409 5370 0
4409 5469 0
4409 19808 0
4409 3427 0
4409 3934 1
4409 5369 0
4409 3561 0
4409 1591 0
4409 1653 0
4409 1687 0
4409 16031 0
4409 1741 0
4409 1765 0
4409 3866 1
4409 3884 0
4409 5981 0
4409 3729 0
4409 3986 0
321 5469 0
321 19738 1
321 2722 0
321 5422 0
321 3382 0
321 321 0
321 4818 0
321 1620 0
321 4704 1
6469 3968 1
6469 4465 1
6469 2668 2
6469 16107 1
6469 3148 2
6469 1741 1
6469 8112 1
6469 3729 1
6469 4795 2
6469 4700 1
2382 2382 0
2382 337 0
2382 4524 0
2382 4525 0
2382 4526 0
2382 4530 0
2382 4534 0
2382 4535 0
2382 4537 0
2382 4539 0
2382 4546 0
2382 4547 0
2382 4550 0
2382 4551 0
2382 4560 1
2382 2599 0
2382 4664 0
2382 4704 1
2382 4744 0
2382 2708 0
2382 2718 0
2382 8881 0
2382 4859 0
2382 837 0
2382 2938 0
2382 7165 0
2382 5230 0
2382 1259 0
2382 3446 0
2382 3461 0
2382 3463 0
2382 3592 0
2382 1591 0
2382 1653 0
2382 3729 0
2382 7836 0
2382 3354 0
2382 1741 0
2382 5855 0
2382 1765 0
2382 3878 0
2382 3884 0
2382 6792 0
2382 3934 1
2382 16241 0
2382 8053 0
337 7208 0
337 2606 0
337 5981 0
337 1620 0
337 2703 0
337 2704 0
337 2709 0
337 2712 0
337 669 0
337 2718 0
337 4551 0
337 1197 0
337 4800 0
337 3270 1
337 5321 0
337 5885 0
337 8867 0
337 3878 0
337 5855 0
337 337 0
337 338 0
337 5469 0
337 3934 1
337 4966 0
337 3446 0
337 7317 0
337 21378 0
337 3461 0
337 3464 0
337 12954 0
337 2494 0
337 4942 0
337 4550 0
337 972 0
337 4557 0
337 4558 0
337 8089 0
337 3035 0
338 5469 0
338 4265 0
338 338 0
338 4479 0
338 4535 0
338 6596 0
338 2501 0
338 4550 0
338 4551 0
338 4557 0
338 4558 0
338 4560 1
338 2599 0
338 2606 0
338 2703 0
338 2704 0
338 2712 0
338 12954 0
338 669 0
338 2722 0
338 8867 0
338 4795 1
338 4800 0
338 4956 0
338 866 0
338 4963 0
338 4966 0
338 4990 0
338 2967 0
338 5033 0
338 972 0
338 7131 0
338 7208 0
338 3141 0
338 7317 0
338 3270 1
338 2598 0
338 5368 0
338 19808 0
338 3427 0
338 3446 0
338 3461 0
338 3464 0
338 5521 0
338 3526 0
338 1591 0
338 1620 0
338 5885 0
338 5981 0
338 2709 0
338 10125 0
338 6068 0
4443 2598 0
4443 561 0
4443 3729 0
4443 1687 0
4443 8867 0
4443 1653 0
4443 1741 0
4443 5855 0
4443 4443 0
4443 861 0
4443 3934 1
4443 19808 0
4443 866 0
4443 869 0
4443 9062 0
4443 3446 0
4443 389 0
4443 3986 0
4443 4550 0
4443 4551 0
4447 4795 1
4447 4550 0
4447 4560 1
4447 4447 0
18784 7208 0
18784 562 1
18784 6739 0
18784 1620 0
18784 15996 0
18784 5247 0
18784 6792 0
18784 4795 1
18784 5835 0
18784 5855 0
18784 4859 0
18784 13061 0
18784 3884 0
18784 4916 0
18784 5981 0
18784 2938 0
18784 3461 0
18784 5026 0
4465 4957 0
4465 1653 0
4465 6792 0
4465 2708 0
4465 2709 0
4465 2712 0
4465 5277 0
4465 7285 0
4465 8881 0
4465 4795 1
4465 1741 0
4465 3283 0
4465 5855 0
4465 5366 0
4465 5885 0
4465 13355 0
4465 561 0
4465 827 0
4465 4956 0
4465 861 0
4465 15509 0
4465 4971 0
4465 16241 0
4465 389 0
4465 8089 0
4465 7064 0
4465 6048 0
4465 4958 0
4465 4524 0
4465 4525 0
4465 4526 0
4465 16107 0
4465 2500 0
4465 4550 0
4465 17363 0
4465 6068 0
4465 3036 0
4465 496 0
2418 8081 1
2418 13355 1
2418 4957 1
2418 561 1
2418 1591 1
2418 7243 1
2418 1107 1
2418 7284 1
2418 15996 1
2418 6792 1
2418 3729 1
2418 16023 1
2418 2500 1
2418 12954 1
2418 669 1
2418 3246 1
2418 3248 1
2418 7380 1
2418 4825 1
2418 4828 1
2418 5855 1
2418 1765 1
2418 4855 1
2418 4859 1
2418 5885 1
2418 5893 1
2418 861 1
2418 21378 1
2418 1294 1
2418 16146 1
2418 3353 1
2418 5679 1
2418 3884 1
2418 4916 1
2418 19806 1
2418 4956 1
2418 5469 1
2418 4958 1
2418 5477 1
2418 4966 1
2418 5994 1
2418 3986 1
2418 16241 1
2418 2418 2
2418 3446 1
2418 4990 1
2418 6977 1
2418 5521 1
2418 5523 1
2418 6809 1
2418 4000 1
2418 5026 1
2418 7077 1
2418 935 1
2418 5033 1
2418 1963 1
2418 6048 1
2418 4547 1
2418 4548 1
2418 2501 1
2418 4550 1
2418 4551 1
2418 972 1
2418 6099 1
2418 3036 1
2418 6739 1
10611 5419 1
10611 5420 1
10611 729 0
10611 1765 0
10617 16146 0
10617 4899 0
10617 6570 1
10617 4916 0
10617 5855 0
10617 6977 0
10617 2500 0
10617 2501 0
10617 3035 0
10617 1249 0
10617 7910 1
10617 6809 0
10617 3446 0
10617 503 0
10617 10617 0
10617 4859 0
10617 15996 0
4477 561 0
4477 4958 0
4477 3141 0
4477 8270 0
4477 1620 0
4477 5230 0
4477 4744 0
4477 3729 0
4477 1687 0
4477 3225 0
4477 7836 0
4477 4795 1
4477 6792 0
4477 1741 0
4477 719 0
4477 4859 0
4477 5893 0
4477 5679 0
4477 5855 0
4477 861 0
4477 3934 1
4477 4956 0
4477 4547 0
4477 4478 0
4477 4479 0
4477 3986 0
4477 5469 0
4477 2967 0
4477 5026 0
4477 4957 0
4477 4520 0
4477 6068 0
4477 5056 0
4477 4550 0
4477 4551 0
4477 972 0
4477 8654 0
4477 3036 0
4477 496 0
4477 6739 0
4478 5679 0
4478 4795 1
4478 1741 0
4478 2793 0
4478 4859 0
4478 5885 0
4478 5893 0
4478 861 0
4478 3934 1
4478 4479 0
4478 6068 0
4478 4535 0
4478 8654 0
4479 13355 0
4479 1591 0
4479 6068 0
4479 6739 0
4479 1620 0
4479 6755 0
4479 1653 0
4479 2703 0
4479 15509 0
4479 2712 0
4479 7836 0
4479 2718 0
4479 2724 0
4479 4795 1
4479 4805 0
4479 1741 0
4479 719 0
4479 8058 0
4479 5855 0
4479 5885 0
4479 13061 0
4479 4870 1
4479 4872 0
4479 3353 0
4479 3354 0
4479 827 0
4479 5981 0
4479 3934 1
4479 3427 0
4479 3986 0
4479 5026 0
4479 2500 0
4479 8270 0
389 13355 0
389 561 0
389 869 0
389 1653 0
389 1687 0
389 2712 0
389 1197 0
389 4894 0
389 4829 0
389 5855 0
389 15509 0
389 5366 0
389 4859 0
389 5885 0
389 4869 0
389 4870 1
389 4872 0
389 6792 0
389 5432 0
389 1350 0
389 4956 0
389 4957 0
389 3934 1
389 1765 0
389 3427 0
389 3446 0
389 389 0
389 19850 0
389 935 0
389 8112 0
389 6068 0
389 4547 0
389 2500 0
8583 3986 0
8583 4916 0
8583 4535 0
8583 4537 0
8583 4560 1
8583 4561 1
8583 19808 0
8583 10745 0
8583 2938 0
8583 7165 0
4520 1620 0
4520 2708 0
4520 2709 0
4520 1687 0
4520 2718 0
4520 2722 0
4520 4795 1
4520 1653 0
4520 5855 0
4520 1249 0
4520 13061 0
4520 4874 0
4520 9009 0
4520 3934 1
4520 9062 0
4520 8058 0
4520 3986 0
4520 2967 0
4520 4520 0
4520 6068 0
4520 15785 0
6570 6792 1
6570 5521 1
6570 2716 1
6570 7836 1
6570 6570 2
6570 2495 1
6570 13634 1
6570 6728 1
6570 10125 1
6570 6739 1
6570 3427 1
6570 8081 1
6570 2793 1
6570 8940 1
4524 1741 0
4524 4524 0
4524 4525 0
4524 4526 0
4524 4530 0
4524 2500 0
4524 473 0
4524 496 0
4524 10745 0
4524 2599 0
4524 562 1
4524 6739 0
4524 6752 0
4524 2718 0
4524 2722 0
4524 4795 1
4524 706 0
4524 4805 0
4524 719 0
4524 4822 0
4524 4859 0
4524 4957 0
4524 4959 0
4524 7064 0
4524 7165 0
4524 5230 0
4524 1170 0
4524 3225 0
4524 3270 1
4524 1259 0
4524 5469 0
4524 5477 0
4524 3561 0
4524 1620 0
4524 1718 0
4524 5855 0
4524 3869 0
4524 3884 0
4524 1869 0
4524 16241 0
4524 16275 0
4524 8089 0
4524 2724 0
4525 2599 0
4525 562 1
4525 5230 0
4525 4805 0
4525 2722 0
4525 4777 0
4525 4795 1
4525 1741 0
4525 3869 0
4525 3884 0
4525 1869 0
4525 5469 0
4525 4959 0
4525 3986 0
4525 4526 0
4525 4530 0
4525 2718 0
4525 473 0
4526 2599 0
4526 562 1
4526 5230 0
4526 4805 0
4526 4795 1
4526 1741 0
4526 3869 0
4526 3884 0
4526 1869 0
4526 5469 0
4526 4530 0
4526 473 0
4530 861 0
4530 6739 0
4530 1620 0
4530 1653 0
4530 4795 1
4530 2793 0
4530 13061 0
4530 4870 1
4530 21378 0
4530 3353 0
4530 5422 0
4530 5981 0
4530 5994 0
4530 2938 0
4530 8112 0
4530 4530 0
4530 7165 0
12726 3968 0
12726 4805 0
12726 7846 0
12726 12726 0
12726 5056 0
12726 3141 0
12726 3148 1
12726 4700 0
12726 2668 1
12726 3446 0
12726 4855 0
12726 7165 0
4535 1591 0
4535 1620 0
4535 3174 0
4535 15996 0
4535 2708 0
4535 1687 0
4535 2718 0
4535 8881 0
4535 4795 1
4535 5835 0
4535 3283 0
4535 4822 0
4535 1765 0
4535 3878 0
4535 6792 0
4535 827 0
4535 2967 0
4535 5026 0
4535 7073 0
4535 3475 0
4535 4534 0
4535 4535 0
4535 972 0
4535 4557 0
4535 4704 1
4535 4084 0
4537 3592 0
4537 562 1
4537 1591 0
4537 1620 0
4537 3158 0
4537 3174 0
4537 1653 0
4537 2718 0
4537 2722 0
4537 1197 0
4537 4795 1
4537 3283 0
4537 1765 0
4537 3878 0
4537 6792 0
4537 5469 0
4537 3475 0
4537 5521 0
4537 2967 0
4537 7064 0
4537 4534 0
4537 4537 0
4537 4550 0
4537 4551 0
4537 5026 0
4537 473 0
4537 5523 0
4537 503 0
4539 5469 0
4539 1591 0
4539 1620 0
4539 4704 1
4539 3174 0
4539 2722 0
4539 4795 1
4539 3283 0
4539 1765 0
4539 3878 0
4539 861 0
4539 19808 0
4539 3475 0
4539 2967 0
4539 2718 0
4539 4539 0
4540 8747 0
4540 1591 0
4540 1620 0
4540 3174 0
4540 2668 1
4540 1653 0
4540 2718 0
4540 4795 1
4540 3283 0
4540 9009 0
4540 1765 0
4540 3878 0
4540 6792 0
4540 3382 0
4540 5469 0
4540 866 0
4540 3475 0
4540 2967 0
4540 5026 0
4540 4546 0
4540 972 0
4540 4560 1
4540 473 0
2494 5469 0
2494 1620 0
2494 3225 0
2494 2718 0
2494 20251 0
2494 3248 0
2494 1719 0
2494 4818 0
2494 729 0
2494 1830 1
2494 4874 0
2494 5419 1
2494 2901 0
2494 5981 0
2494 4971 0
2494 3446 0
2494 8058 0
2494 5523 0
2494 6062 0
2494 2494 0
2494 7662 0
2494 509 0
2495 6792 0
2495 3934 1
2495 10044 0
4546 1591 0
4546 4664 0
4546 1620 0
4546 6755 0
4546 3174 0
4546 2668 1
4546 2718 0
4546 2722 0
4546 8867 0
4546 4795 1
4546 706 0
4546 1741 0
4546 3283 0
4546 4822 0
4546 1765 0
4546 4859 0
4546 5885 0
4546 8747 0
4546 3878 0
4546 5432 0
4546 5469 0
4546 3475 0
4546 2967 0
4546 8053 0
4546 5026 0
4546 4534 0
4546 4546 0
4546 4550 0
4546 4551 0
4546 4560 1
4546 3035 0
4546 4084 0
4547 4870 1
4547 2598 0
4547 2606 0
4547 4957 0
4547 561 0
4547 4958 0
4547 7741 0
4547 6739 0
4547 1620 0
4547 5477 0
4547 6752 0
4547 13428 0
4547 1653 0
4547 5247 0
4547 6792 0
4547 3729 0
4547 2709 0
4547 1687 0
4547 2712 0
4547 2718 0
4547 2722 0
4547 8867 0
4547 5835 0
4547 1741 0
4547 3283 0
4547 17363 0
4547 5855 0
4547 4859 0
4547 13355 0
4547 13061 0
4547 3884 0
4547 4829 0
4547 5432 0
4547 4956 0
4547 861 0
4547 3934 1
4547 5994 0
4547 3986 0
4547 2938 0
4547 6977 0
4547 8081 0
4547 6048 0
4547 6068 0
4547 4547 0
4547 4555 0
4547 972 0
4547 4557 0
4547 8881 0
4547 7077 0
4547 13301 0
4548 4548 0
4548 4534 0
4548 4795 1
4548 2500 0
4548 5477 0
2501 4822 0
2501 4828 0
2501 2500 0
2501 6613 0
2501 503 0
2501 2598 0
2501 561 0
2501 6752 0
2501 2708 0
2501 2709 0
2501 2712 0
2501 6809 0
2501 12954 0
2501 2718 0
2501 2501 0
2501 2722 0
2501 4825 0
2501 4859 0
2501 13061 0
2501 4916 0
2501 6977 0
2501 15184 0
2501 9044 0
2501 866 0
2501 4971 0
2501 7077 0
2501 935 0
2501 17363 0
2501 13355 0
2501 7284 0
2501 7380 0
2501 1249 0
2501 5365 0
2501 5366 0
2501 5367 0
2501 5368 0
2501 5369 0
2501 5372 0
2501 3353 0
2501 5422 0
2501 5432 0
2501 1350 0
2501 5523 0
2501 15785 0
2501 5370 0
2501 3561 0
2501 1653 0
2501 15996 0
2501 3729 0
2501 1741 0
2501 5853 0
2501 5855 0
2501 1765 0
2501 7910 1
2501 16146 0
2501 3878 0
2501 3884 0
2501 10044 0
2501 3986 0
2501 8112 0
4550 13332 0
4550 4550 0
4550 4551 0
4550 4555 0
4550 4560 1
4550 4561 1
4550 496 0
4550 503 0
4550 8747 0
4550 561 0
4550 562 1
4550 4744 0
4550 2718 0
4550 4795 1
4550 706 0
4550 719 0
4550 4822 0
4550 6905 0
4550 4859 0
4550 861 0
4550 7064 0
4550 7079 0
4550 3036 0
4550 3148 1
4550 3158 0
4550 5230 0
4550 5247 0
4550 3225 0
4550 1197 0
4550 5321 0
4550 3353 0
4550 3354 0
4550 5419 1
4550 5432 0
4550 3461 0
4550 2967 0
4550 5523 0
4550 3592 0
4550 20012 0
4550 1620 0
4550 20080 0
4550 3729 0
4550 1687 0
4550 7836 0
4550 5835 0
4550 1741 0
4550 5855 0
4550 1765 0
4550 12026 0
4550 10044 0
4550 3934 1
4550 3986 0
4550 6062 0
4550 6068 0
4550 4084 0
4551 13332 0
4551 3801 0
4551 5523 0
4551 4555 0
4551 4560 1
4551 4561 1
4551 496 0
4551 503 0
4551 561 0
4551 562 1
4551 4704 1
4551 4744 0
4551 4551 0
4551 4795 1
4551 4800 0
4551 706 0
4551 719 0
4551 2793 0
4551 6905 0
4551 861 0
4551 2967 0
4551 7064 0
4551 3036 0
4551 7208 0
4551 7219 1
4551 3158 0
4551 3225 0
4551 1197 0
4551 3248 0
4551 5321 0
4551 3353 0
4551 5432 0
4551 3461 0
4551 5521 0
4551 3592 0
4551 20012 0
4551 1620 0
4551 3729 0
4551 7836 0
4551 1741 0
4551 5853 0
4551 5855 0
4551 1765 0
4551 3986 0
4551 6068 0
4555 5679 0
4555 7243 0
4555 1620 0
4555 3158 0
4555 4795 1
4555 2668 1
4555 5237 0
4555 4744 0
4555 3729 0
4555 1170 0
4555 1687 0
4555 2712 0
4555 3225 0
4555 1197 0
4555 5835 0
4555 1741 0
4555 4822 0
4555 729 0
4555 5855 0
4555 1249 0
4555 1259 0
4555 4855 0
4555 5247 0
4555 16123 0
4555 3354 0
4555 3878 0
4555 5432 0
4555 5893 0
4555 3353 0
4555 3461 0
4555 3463 0
4555 5523 0
4555 7662 0
4555 2500 0
4555 4555 0
4555 4557 0
4555 8654 0
4555 4560 1
4555 4561 1
4555 473 0
4555 496 0
4557 8881 0
4557 7219 1
4557 1620 0
4557 3158 0
4557 5237 0
4557 3729 0
4557 3225 0
4557 1197 0
4557 1741 0
4557 4822 0
4557 5855 0
4557 1249 0
4557 1259 0
4557 5247 0
4557 16123 0
4557 3353 0
4557 3354 0
4557 3878 0
4557 838 0
4557 3461 0
4557 5033 0
4557 2500 0
4557 4557 0
4557 4558 0
4557 4560 1
4557 4561 1
4557 496 0
4558 3158 0
4558 5247 0
4558 3729 0
4558 3225 0
4558 8881 0
4558 5321 0
4558 1741 0
4558 5855 0
4558 4560 1
4558 4859 0
4558 16123 0
4558 2500 0
4558 4558 0
4558 4561 1
4558 496 0
4560 3592 1
4560 19484 1
4560 2599 1
4560 7208 1
4560 20012 1
4560 562 2
4560 1107 1
4560 1620 1
4560 3158 1
4560 4704 2
4560 2668 2
4560 1653 1
4560 13332 1
4560 2703 1
4560 2704 1
4560 3729 1
4560 1687 1
4560 2712 1
4560 17770 1
4560 1197 1
4560 4795 2
4560 706 1
4560 21543 1
4560 6905 1
4560 12026 1
4560 5885 1
4560 3878 1
4560 827 1
4560 2901 1
4560 861 1
4560 4959 1
4560 866 1
4560 869 1
4560 5994 1
4560 18303 1
4560 21378 1
4560 3461 1
4560 3463 1
4560 3464 1
4560 7064 1
4560 7073 1
4560 7079 1
4560 6062 1
4560 6068 1
4560 4084 1
4560 4560 2
4560 4561 2
4560 7131 1
4560 16123 1
4560 6633 1
4560 15857 1
4560 7165 1
4561 13332 1
4561 7064 1
4561 3225 1
4561 19484 1
4561 3878 1
4561 7079 1
4561 1197 1
4561 8881 1
4561 562 2
4561 4795 2
4561 706 1
4561 3141 1
4561 5321 1
4561 6596 1
4561 4561 2
4561 1107 1
4561 1620 1
4561 3158 1
4561 4959 1
4561 6905 1
4561 12026 1
6613 13355 0
6613 561 0
6613 7219 1
6613 6739 0
6613 1653 0
6613 1687 0
6613 15519 0
6613 1741 0
6613 7380 0
6613 5853 0
6613 5855 0
6613 2598 0
6613 17363 0
6613 5365 0
6613 5366 0
6613 5367 0
6613 5368 0
6613 5369 0
6613 5370 0
6613 5372 0
6613 4825 0
6613 3353 0
6613 3354 0
6613 4828 0
6613 5422 0
6613 6977 0
6613 861 0
6613 1765 0
6613 9062 0
6613 8081 0
6613 935 0
6613 2500 0
6613 15843 1
6613 3561 0
6613 503 0
473 21378 0
473 4795 1
473 3592 0
473 8867 0
473 1197 0
473 562 1
473 6068 0
473 827 0
473 3270 1
473 1765 0
473 496 0
473 8053 0
6633 7079 0
6633 561 0
6633 562 1
6633 4795 1
6633 5981 0
6633 2668 1
6633 6633 0
2542 1719 0
2542 3866 1
496 561 0
496 3148 1
496 2668 1
496 1197 0
496 6792 0
496 2703 0
496 3729 0
496 2718 0
496 17058 0
496 4795 1
496 5855 0
496 2599 0
496 827 0
496 861 0
496 5994 0
496 3968 0
496 4534 0
496 5056 0
496 972 0
496 496 0
503 13332 0
503 6739 0
503 1687 0
503 2500 0
503 7836 0
503 5277 0
503 2718 0
503 4795 1
503 5855 0
503 1249 0
503 1259 0
503 5365 0
503 4855 0
503 7380 0
503 5432 0
503 16123 0
503 15240 1
503 935 0
503 503 0
10745 7741 0
10745 13046 0
10745 13332 0
10745 1170 0
10745 19808 0
10745 6846 0
10745 5855 0
10745 1259 0
10745 729 0
10745 7961 1
10745 19738 1
10745 11124 0
10745 509 0
509 1576 0
509 5469 0
509 6728 0
509 4704 1
509 5247 0
509 4744 0
509 3729 0
509 1170 0
509 1171 0
509 2708 0
509 2712 0
509 2718 0
509 8867 0
509 2724 0
509 4818 0
509 4822 0
509 729 0
509 5855 0
509 16107 0
509 3036 0
509 5419 1
509 5981 0
509 3986 0
509 6062 0
509 3526 0
509 509 0
4869 13355 0
4869 2606 0
4869 861 0
4869 3934 1
4869 8867 0
4869 4822 0
4869 5853 0
4869 5855 0
4869 5365 0
4869 4859 0
4869 4869 0
4869 4870 1
4869 4872 0
4869 800 0
4869 561 0
4869 827 0
4869 1350 0
4869 4956 0
4869 4957 0
4869 4958 0
4869 3986 0
4869 2500 0
4869 17363 0
14884 2709 1
14884 1822 1
14884 4664 1
14884 6120 1
2598 2500 0
2598 2598 0
2598 2599 0
2598 2606 0
2598 561 0
2598 6739 0
2598 12954 0
2598 2722 0
2598 8867 0
2598 8881 0
2598 4825 0
2598 13046 0
2598 4916 0
2598 861 0
2598 4963 0
2598 4966 0
2598 4971 0
2598 4990 0
2598 6977 0
2598 935 0
2598 5033 0
2598 7165 0
2598 13332 0
2598 3148 1
2598 7380 0
2598 5365 0
2598 5366 0
2598 5367 0
2598 5368 0
2598 5369 0
2598 5370 0
2598 5372 0
2598 3561 0
2598 5679 0
2598 1591 0
2598 1653 0
2598 3729 0
2598 16031 0
2598 1741 0
2598 5885 0
2598 20251 0
2598 5981 0
2598 5994 0
2598 3986 0
2599 2599 0
2599 2712 0
2599 2606 0
2599 4957 0
2599 561 0
2599 21378 0
2599 6739 0
2599 3225 0
2599 17363 0
2599 7165 0
2599 2708 0
2599 664 0
2599 2718 0
2599 2722 0
2599 2724 0
2599 5835 0
2599 1741 0
2599 7380 0
2599 1765 0
2599 3463 0
2599 6977 0
2599 4956 0
2599 861 0
2599 4958 0
2599 869 0
2599 5994 0
2599 16241 0
2599 3446 0
2599 3729 0
2599 3986 0
2599 3141 0
2599 16031 0
2599 2500 0
2599 8881 0
2599 3561 0
2599 7666 1
2599 5033 0
8747 729 0
8747 3986 0
8747 5469 0
8747 2967 0
8747 5419 1
8747 3382 0
8747 8270 0
8747 1620 0
8747 3801 0
8747 4704 1
8747 1170 0
8270 6728 0
8270 8270 0
8270 4704 1
8270 2668 1
8270 20080 0
8270 15996 0
8270 4795 1
8270 5237 0
8270 729 0
8270 20251 0
8270 1830 1
8270 5469 0
8270 7317 0
8270 1653 0
2606 4664 0
2606 6739 0
2606 6752 0
2606 6792 0
2606 2709 0
2606 2722 0
2606 8881 0
2606 2793 0
2606 13046 0
2606 4859 0
2606 4870 1
2606 4872 0
2606 800 0
2606 4916 0
2606 6977 0
2606 4956 0
2606 4957 0
2606 4958 0
2606 866 0
2606 4963 0
2606 869 0
2606 4966 0
2606 4971 0
2606 4990 0
2606 5026 0
2606 5033 0
2606 13301 0
2606 7165 0
2606 13332 0
2606 7208 0
2606 861 0
2606 7219 1
2606 13061 0
2606 9062 0
2606 3174 0
2606 13428 0
2606 3446 0
2606 3561 0
2606 5679 0
2606 1591 0
2606 4704 1
2606 1653 0
2606 3729 0
2606 1687 0
2606 16031 0
2606 5855 0
2606 1765 0
2606 5981 0
2606 5994 0
2606 16241 0
2606 3986 0
2606 951 0
2606 12954 0
2606 8112 0
561 2500 0
561 561 0
561 6752 0
561 2712 0
561 2718 0
561 2724 0
561 706 0
561 4822 0
561 4825 0
561 4828 0
561 4829 0
561 2793 0
561 4859 0
561 4870 1
561 4872 0
561 827 0
561 4956 0
561 4957 0
561 4958 0
561 866 0
561 869 0
561 9062 0
561 4990 0
561 6977 0
561 5033 0
561 3035 0
561 3036 0
561 7147 0
561 7208 0
561 861 0
561 3225 0
561 5277 0
561 3248 0
561 8053 0
561 7380 0
561 1249 0
561 1259 0
561 5365 0
561 5366 0
561 5367 0
561 5368 0
561 5370 0
561 5372 0
561 3353 0
561 3354 0
561 5432 0
561 1365 0
561 3461 0
561 5521 0
561 5523 0
561 7666 1
561 15996 0
561 3729 0
561 1687 0
561 1741 0
561 3801 0
561 5855 0
561 3878 0
561 3884 0
561 5981 0
561 5994 0
561 8089 0
561 8112 0
561 6068 0
562 3968 1
562 3461 1
562 3592 1
562 2703 1
562 2704 1
562 7064 1
562 2709 1
562 8089 1
562 2712 1
562 2718 1
562 2722 1
562 8867 1
562 7079 1
562 9009 1
562 562 2
562 4534 1
562 4795 2
562 4805 1
562 3270 2
562 5026 1
562 9166 1
562 4700 1
562 5981 1
562 17770 1
562 2668 2
562 5230 1
562 16275 1
562 8053 1
4664 3246 0
4664 4664 0
4664 6755 0
4664 1653 0
4664 5994 0
4664 4744 0
4664 2703 0
4664 1171 0
4664 2709 0
4664 2712 0
4664 3225 0
4664 669 0
4664 2718 0
4664 7285 0
4664 2722 0
4664 2724 0
4664 1741 0
4664 719 0
4664 729 0
4664 5855 0
4664 1259 0
4664 8940 0
4664 5277 0
4664 1831 0
4664 1862 1
4664 5981 0
4664 8053 0
4664 5033 0
4664 4942 0
4534 1765 0
4534 4534 0
4534 2703 0
4534 2718 0
4534 4795 1
4534 729 0
4534 4859 0
4534 4971 0
4534 2967 0
4534 7064 0
4534 7073 0
4534 5026 0
4534 972 0
4534 13061 0
4534 3174 0
4534 5247 0
4534 3225 0
4534 3283 0
4534 1259 0
4534 5432 0
4534 5469 0
4534 5477 0
4534 3475 0
4534 3561 0
4534 3592 0
4534 1576 0
4534 1591 0
4534 4704 1
4534 1620 0
4534 1653 0
4534 1687 0
4534 1718 0
4534 5855 0
4534 3035 0
4534 3878 0
4534 3884 0
4534 1869 0
4534 3986 0
4534 4084 0
6728 4874 0
6728 1620 0
6728 1718 0
6728 1719 0
6728 3801 0
6728 2938 0
6728 4855 0
6728 729 0
6728 5419 1
6728 5981 0
6728 8058 0
6728 6728 0
6728 3526 0
6728 7662 0
12875 4870 1
12875 9009 0
12875 7219 1
12875 4855 0
6739 7243 0
6739 16107 0
6739 8654 0
6739 13301 0
6739 6739 0
6739 4730 0
6739 2703 0
6739 2704 0
6739 2708 0
6739 2709 0
6739 2712 0
6739 669 0
6739 2718 0
6739 2722 0
6739 8867 0
6739 2724 0
6739 8881 0
6739 13428 0
6739 4870 1
6739 837 0
6739 4957 0
6739 4958 0
6739 4963 0
6739 4966 0
6739 4971 0
6739 2938 0
6739 5033 0
6739 9166 0
6739 3141 0
6739 9062 0
6739 5277 0
6739 7380 0
6739 1259 0
6739 5365 0
6739 5366 0
6739 5367 0
6739 5368 0
6739 5370 0
6739 5372 0
6739 5418 0
6739 1350 0
6739 3427 0
6739 3561 0
6739 5679 0
6739 1591 0
6739 6755 0
6739 1653 0
6739 19738 1
6739 1741 0
6739 1765 0
6739 5893 0
6739 3878 0
6739 3884 0
6739 5981 0
6739 3986 0
6739 12954 0
6739 8112 0
6739 6068 0
6739 16031 0
6739 10229 0
6739 6120 0
4700 4800 0
4700 3526 0
4700 8112 0
4700 4795 1
4700 4700 0
6752 13061 0
6752 861 0
6752 7219 1
6752 6752 0
6752 7284 0
6752 15996 0
6752 9961 0
6752 2703 0
6752 3729 0
6752 2709 0
6752 2712 0
6752 6809 0
6752 3283 0
6752 7380 0
6752 4825 0
6752 4828 0
6752 17363 0
6752 5855 0
6752 2793 0
6752 5366 0
6752 5367 0
6752 5368 0
6752 4899 0
6752 5422 0
6752 4916 0
6752 1350 0
6752 4956 0
6752 4957 0
6752 4958 0
6752 3427 0
6752 9062 0
6752 4971 0
6752 6977 0
6752 10125 0
6752 3986 0
6752 3934 1
6752 6048 0
6752 6068 0
6752 1259 0
6752 2500 0
6752 9044 0
6755 1576 0
6755 13355 0
6755 4704 1
6755 6755 0
6755 3729 0
6755 1170 0
6755 1171 0
6755 2708 0
6755 2718 0
6755 8867 0
6755 8881 0
6755 1718 0
6755 4795 1
6755 5855 0
6755 4859 0
6755 13061 0
6755 3382 0
6755 2938 0
6755 3461 0
6755 6068 0
6755 1620 0
2668 3174 1
2668 2668 2
2668 5237 1
2668 2716 1
2668 7846 1
2668 4777 1
2668 3246 1
2668 4795 2
2668 4800 1
2668 4808 1
2668 719 1
2668 4818 1
2668 729 1
2668 5855 1
2668 16107 1
2668 16140 1
2668 3866 2
2668 20251 1
2668 4894 1
2668 5419 2
2668 5420 2
2668 838 1
2668 5469 1
2668 3561 1
2668 2967 1
2668 1947 1
2668 1950 1
2668 837 1
2668 4764 1
2668 6062 1
2668 3526 1
2668 15857 1
2668 15785 1
2668 7165 1
4730 4870 1
4730 3986 0
4730 16031 0
4730 5432 0
4730 4795 1
4730 4822 0
4730 5981 0
6792 4859 0
6792 6792 0
6792 2703 0
6792 2708 0
6792 2712 0
6792 669 0
6792 2718 0
6792 2722 0
6792 2724 0
6792 4829 0
6792 8940 0
6792 4855 0
6792 9009 0
6792 861 0
6792 4963 0
6792 4966 0
6792 5033 0
6792 972 0
6792 3036 0
6792 7165 0
6792 7208 0
6792 1107 0
6792 3158 0
6792 3174 0
6792 5230 0
6792 3225 0
6792 5277 0
6792 5469 0
6792 5026 0
6792 1591 0
6792 1620 0
6792 3729 0
6792 5835 0
6792 5885 0
6792 3884 0
6792 5981 0
6792 16241 0
6792 2709 0
6792 10125 0
2703 2500 0
2703 2703 0
2703 2709 0
2703 2712 0
2703 6809 0
2703 12954 0
2703 2718 0
2703 2722 0
2703 8867 0
2703 2724 0
2703 8881 0
2703 4805 0
2703 4855 0
2703 4859 0
2703 4899 0
2703 4916 0
2703 869 0
2703 5026 0
2703 972 0
2703 7208 0
2703 1107 0
2703 3174 0
2703 5247 0
2703 1249 0
2703 3461 0
2703 3464 0
2703 1591 0
2703 1620 0
2703 20080 0
2703 15996 0
2703 3729 0
2703 16031 0
2703 5835 0
2703 5855 0
2703 5885 0
2703 16146 0
2703 3884 0
2703 3986 0
2703 6068 0
2704 1653 0
2704 1170 0
2704 2718 0
2704 16031 0
2704 2722 0
2704 8867 0
2704 8881 0
2704 729 0
2704 5855 0
2704 1259 0
2704 5247 0
2704 4916 0
2704 1620 0
2708 729 0
2708 2500 0
2708 12026 0
2708 2709 0
2708 2712 0
2708 669 0
2708 2718 0
2708 2722 0
2708 2724 0
2708 8881 0
2708 4795 1
2708 4805 0
2708 4825 0
2708 4828 0
2708 4855 0
2708 4859 0
2708 13061 0
2708 827 0
2708 861 0
2708 15240 1
2708 7077 0
2708 13355 0
2708 3174 0
2708 5230 0
2708 3270 1
2708 3353 0
2708 3354 0
2708 5679 0
2708 5432 0
2708 3446 0
2708 3464 0
2708 3475 0
2708 3561 0
2708 1620 0
2708 5753 0
2708 16031 0
2708 1718 0
2708 1741 0
2708 5853 0
2708 5855 0
2708 5885 0
2708 16146 0
2708 3869 0
2708 3884 0
2708 5981 0
2708 3986 0
2708 8112 0
2708 6068 0
2709 4825 0
2709 4828 0
2709 2500 0
2709 5885 0
2709 2709 0
2709 2712 0
2709 669 0
2709 2718 0
2709 2722 0
2709 8881 0
2709 4795 1
2709 4808 0
2709 719 0
2709 729 0
2709 4855 0
2709 4859 0
2709 13061 0
2709 4899 0
2709 4916 0
2709 6977 0
2709 4956 0
2709 861 0
2709 4958 0
2709 869 0
2709 7064 0
2709 5026 0
2709 7208 0
2709 4957 0
2709 3141 0
2709 1107 0
2709 3158 0
2709 9062 0
2709 3174 0
2709 5247 0
2709 1170 0
2709 3246 0
2709 5432 0
2709 3461 0
2709 3561 0
2709 7662 0
2709 7741 0
2709 1620 0
2709 20080 0
2709 1687 0
2709 16031 0
2709 5835 0
2709 3801 0
2709 5855 0
2709 3884 0
2709 5981 0
2709 3986 0
2709 12954 0
2709 8112 0
2709 6068 0
2709 2724 0
664 15240 1
664 9133 1
664 4795 1
664 16107 0
2500 2712 0
2500 6809 0
2500 2718 0
2500 2722 0
2500 2724 0
2500 4805 0
2500 4825 0
2500 4828 0
2500 4859 0
2500 4872 0
2500 4874 0
2500 4899 0
2500 4916 0
2500 6977 0
2500 15184 0
2500 9044 0
2500 15240 1
2500 7077 0
2500 935 0
2500 17363 0
2500 7284 0
2500 1197 0
2500 7380 0
2500 1249 0
2500 1259 0
2500 5365 0
2500 5366 0
2500 5367 0
2500 5368 0
2500 5369 0
2500 5370 0
2500 5372 0
2500 3353 0
2500 3354 0
2500 5422 0
2500 1350 0
2500 2500 0
2500 3446 0
2500 5521 0
2500 5523 0
2500 15785 0
2500 4822 0
2500 5679 0
2500 15996 0
2500 3729 0
2500 1687 0
2500 1741 0
2500 5853 0
2500 5855 0
2500 7910 1
2500 5893 0
2500 16146 0
2500 3878 0
2500 3884 0
2500 8654 0
2500 5432 0
2500 5981 0
2500 3934 1
2500 5994 0
2500 10229 0
12954 13332 0
12954 4825 0
12954 8881 0
12954 7219 1
12954 13364 0
12954 1591 0
12954 1653 0
12954 6977 0
12954 16031 0
12954 20251 0
12954 2724 0
12954 1741 0
12954 3283 0
12954 7380 0
12954 4966 0
12954 21378 0
12954 827 0
12954 10044 0
12954 861 0
12954 2938 0
12954 13355 0
12954 3986 0
12954 5033 0
12954 5367 0
12954 17363 0
12954 6068 0
12954 3561 0
2716 3526 0
2716 16140 0
2716 5419 1
2716 4800 0
2716 669 0
669 669 0
669 2718 0
669 8867 0
669 4795 1
669 729 0
669 4855 0
669 4859 0
669 4916 0
669 9062 0
669 2967 0
669 7064 0
669 972 0
669 3036 0
669 7147 0
669 7208 0
669 3148 1
669 1107 0
669 5321 0
669 5432 0
669 3461 0
669 3561 0
669 7741 0
669 1620 0
669 1653 0
669 3729 0
669 5835 0
669 1741 0
669 1765 0
669 5885 0
669 3884 0
669 5981 0
669 8112 0
2718 5521 0
2718 5523 0
2718 12026 0
2718 2718 0
2718 2722 0
2718 2724 0
2718 8881 0
2718 4795 1
2718 719 0
2718 4825 0
2718 4828 0
2718 8940 0
2718 4859 0
2718 9009 0
2718 827 0
2718 861 0
2718 866 0
2718 4963 0
2718 869 0
2718 2938 0
2718 972 0
2718 3035 0
2718 3036 0
2718 7208 0
2718 3141 0
2718 1107 0
2718 4966 0
2718 5230 0
2718 5247 0
2718 3225 0
2718 5277 0
2718 3270 1
2718 3271 0
2718 5432 0
2718 5469 0
2718 3427 0
2718 3446 0
2718 3461 0
2718 3464 0
2718 3475 0
2718 5026 0
2718 5033 0
2718 3592 0
2718 20012 0
2718 5679 0
2718 1591 0
2718 7741 0
2718 1620 0
2718 7079 0
2718 5753 0
2718 3729 0
2718 1718 0
2718 1719 0
2718 5835 0
2718 1741 0
2718 5855 0
2718 5418 0
2718 3884 0
2718 16241 0
2718 2712 0
2718 3986 0
2718 8112 0
2718 6068 0
2718 16031 0
2718 7165 0
2718 7073 0
2722 5521 0
2722 5523 0
2722 13061 0
2722 2712 0
2722 2722 0
2722 4795 1
2722 4825 0
2722 4828 0
2722 13046 0
2722 4859 0
2722 9009 0
2722 6977 0
2722 861 0
2722 866 0
2722 4963 0
2722 869 0
2722 4966 0
2722 4971 0
2722 4990 0
2722 21378 0
2722 7064 0
2722 5026 0
2722 5033 0
2722 972 0
2722 3036 0
2722 7208 0
2722 3141 0
2722 1107 0
2722 7285 0
2722 5247 0
2722 1170 0
2722 3225 0
2722 3248 0
2722 1259 0
2722 5432 0
2722 5469 0
2722 3446 0
2722 3461 0
2722 3475 0
2722 3561 0
2722 5679 0
2722 1591 0
2722 1620 0
2722 1653 0
2722 3729 0
2722 16031 0
2722 1741 0
2722 5855 0
2722 3884 0
2722 5981 0
2722 3986 0
2722 8112 0
2722 6068 0
2722 2724 0
8867 2712 0
8867 6809 0
8867 8867 0
8867 1822 0
8867 4795 1
8867 729 0
8867 8940 0
8867 837 0
8867 838 0
8867 861 0
8867 21378 0
8867 7064 0
8867 5026 0
8867 7077 0
8867 13061 0
8867 3158 0
8867 3174 0
8867 5230 0
8867 1170 0
8867 3225 0
8867 3283 0
8867 3359 0
8867 5418 0
8867 3427 0
8867 3446 0
8867 3461 0
8867 3464 0
8867 3526 0
8867 15857 0
8867 5679 0
8867 1591 0
8867 1620 0
8867 3729 0
8867 7836 0
8867 7846 0
8867 1741 0
8867 3884 0
8867 8081 0
8867 3986 0
8867 16275 0
8867 6068 0
2724 13061 0
2724 2712 0
2724 2724 0
2724 8881 0
2724 4795 1
2724 706 0
2724 4818 0
2724 6977 0
2724 861 0
2724 869 0
2724 21378 0
2724 15240 1
2724 5026 0
2724 5033 0
2724 13364 0
2724 3141 0
2724 3148 1
2724 3225 0
2724 1197 0
2724 3561 0
2724 1591 0
2724 1620 0
2724 20080 0
2724 3729 0
2724 3353 0
2724 16031 0
2724 1741 0
2724 5981 0
2724 3986 0
2724 8112 0
2724 6068 0
4777 3968 0
4777 4777 0
4777 4744 0
4777 9133 1
2730 1822 0
2730 1829 0
2730 1869 0
2730 1830 1
2730 19738 1
15020 7284 0
15020 1830 1
15020 2901 0
15020 3463 0
15020 7666 1
8881 8881 0
8881 2712 0
8881 4795 1
8881 8654 0
8881 4870 1
8881 861 0
8881 4963 0
8881 4966 0
8881 4971 0
8881 2938 0
8881 4990 0
8881 21378 0
8881 972 0
8881 13301 0
8881 3141 0
8881 13428 0
8881 5247 0
8881 5277 0
8881 1197 0
8881 1259 0
8881 5366 0
8881 3353 0
8881 5420 1
8881 5469 0
8881 3427 0
8881 3446 0
8881 5521 0
8881 5523 0
8881 5365 0
8881 3561 0
8881 5033 0
8881 5679 0
8881 1591 0
8881 1653 0
8881 3729 0
8881 16031 0
8881 1741 0
8881 5855 0
8881 1765 0
8881 3884 0
8881 5981 0
8881 5994 0
8881 16241 0
8881 3986 0
8881 8089 0
8881 4000 0
8881 6068 0
8881 10229 0
7284 1563 0
7284 7284 0
7284 1653 0
7284 15996 0
7284 1687 0
7284 3446 0
7284 1741 0
7284 7380 0
7284 4825 0
7284 4828 0
7284 5855 0
7284 7910 1
7284 6596 0
7284 16146 0
7284 5422 0
7284 4916 0
7284 6977 0
7284 15184 0
7284 15843 1
7284 9044 0
7284 861 0
7284 866 0
7284 5994 0
7284 3986 0
7284 935 0
7284 17363 0
4795 20080 1
4795 6062 1
4795 20012 1
4795 1591 1
4795 3148 2
4795 1620 1
4795 3158 1
4795 3174 1
4795 5230 1
4795 7285 1
4795 13332 1
4795 5056 1
4795 4829 1
4795 3729 1
4795 3225 1
4795 5321 1
4795 4795 2
4795 4800 1
4795 4805 1
4795 4818 1
4795 9166 1
4795 4822 1
4795 16123 1
4795 5893 1
4795 20251 1
4795 4894 1
4795 18303 1
4795 9009 1
4795 3295 1
4795 837 1
4795 838 1
4795 5469 1
4795 8053 1
4795 2938 1
4795 3968 1
4795 3461 1
4795 3464 1
4795 2712 1
4795 16275 1
4795 2967 1
4795 8089 1
4795 7079 1
4795 8112 1
4795 6068 1
4795 7073 1
4795 8654 1
4795 3035 1
4795 3036 1
4795 3561 1
4795 7147 1
4795 4084 1
4795 4265 1
6846 1653 0
6846 7317 0
6846 6846 0
6846 16107 0
6846 3866 1
6846 3382 0
6846 7505 1
6846 869 0
6846 3986 0
6846 6120 0
7285 7285 0
7285 3729 0
7285 3270 1
7285 719 0
7285 8940 0
7285 3869 0
7285 827 0
7285 861 0
7285 3446 0
4800 13227 1
4800 3869 0
4800 5056 0
4800 4805 0
4800 3526 0
4800 3148 1
706 4916 0
706 6068 0
706 827 0
706 706 0
706 4822 0
706 5477 0
706 8053 0
706 2938 0
4805 7064 0
4805 3986 0
4805 4894 0
4805 4805 0
4805 4808 0
4805 5365 0
4805 3526 0
4805 4818 0
4805 1653 0
4808 3968 0
4808 3986 0
4808 5056 0
4808 3148 1
4808 1620 0
4808 861 0
4808 3561 0
719 1576 0
719 5469 0
719 6068 0
719 1620 0
719 3158 0
719 4704 1
719 5753 0
719 1718 0
719 5835 0
719 1741 0
719 719 0
719 4818 0
719 1259 0
719 5885 0
719 3353 0
719 3866 1
719 5419 1
719 3382 0
719 4956 0
719 4957 0
719 4958 0
719 2938 0
719 3986 0
719 2967 0
719 3561 0
4818 1620 0
4818 5247 0
4818 4744 0
4818 3225 0
4818 1718 0
4818 1719 0
4818 4818 0
4818 3801 0
4818 8940 0
4818 5469 0
4818 8058 0
4818 3986 0
4818 2967 0
8654 13332 0
8654 13061 0
8654 5679 0
8654 6068 0
8654 729 0
8654 5855 0
8654 4859 0
8654 5893 0
8654 861 0
8654 5981 0
8654 3934 1
8654 869 0
8654 3729 0
8654 16241 0
8654 2938 0
8654 3461 0
8654 3986 0
8654 5026 0
8654 7077 0
8654 8112 0
4822 3934 1
4822 4874 0
4822 5855 0
4822 15996 0
4822 3729 0
4822 1687 0
4822 2712 0
4822 6809 0
4822 1197 0
4822 1741 0
4822 3283 0
4822 4822 0
4822 4825 0
4822 4828 0
4822 4829 0
4822 1249 0
4822 5365 0
4822 4899 0
4822 7077 0
4822 5432 0
4822 827 0
4822 861 0
4822 866 0
4822 869 0
4822 5994 0
4822 3446 0
4822 5366 0
4822 3986 0
4822 5523 0
4825 8081 0
4825 13355 0
4825 1653 0
4825 15996 0
4825 2712 0
4825 1741 0
4825 3283 0
4825 7380 0
4825 4828 0
4825 9961 0
4825 5365 0
4825 5366 0
4825 5367 0
4825 5368 0
4825 5369 0
4825 5372 0
4825 16146 0
4825 5422 0
4825 4916 0
4825 5432 0
4825 5855 0
4825 6977 0
4825 15184 0
4825 9044 0
4825 5981 0
4825 3934 1
4825 7910 1
4825 3986 0
4825 7077 0
4825 935 0
4825 7836 0
4825 8112 0
4825 6068 0
4825 6048 0
4825 17363 0
4825 5370 0
4828 13355 0
4828 17363 0
4828 15996 0
4828 2712 0
4828 1741 0
4828 7380 0
4828 5855 0
4828 5365 0
4828 5366 0
4828 5367 0
4828 5368 0
4828 5369 0
4828 5885 0
4828 13061 0
4828 16146 0
4828 5422 0
4828 5432 0
4828 6977 0
4828 15184 0
4828 869 0
4828 2938 0
4828 6048 0
4828 5026 0
4828 7077 0
4828 935 0
4828 8112 0
4828 7910 1
4828 9044 0
4829 2841 1
4829 15785 0
4829 4829 0
4829 1591 0
4829 3446 0
4829 1249 0
4829 861 0
3878 3729 0
3878 7077 0
3878 16241 0
3878 5981 0
3878 5365 0
3878 15996 0
3878 7165 0
2793 13046 0
2793 4870 1
2793 827 0
2793 9062 0
2793 4971 0
2793 7219 1
2793 15519 0
2793 5368 0
2793 5432 0
2793 3446 0
2793 5853 0
2793 5855 0
2793 1869 0
2793 3934 1
2793 16241 0
2793 8112 0
8940 17058 0
8940 1765 0
8940 8940 0
8940 5885 0
8940 3353 0
8940 3354 0
8940 5981 0
8940 3934 1
13046 5679 0
13046 1591 0
13046 3148 1
13046 1620 0
13046 1653 0
13046 16031 0
13046 800 0
13046 6977 0
13046 4963 0
13046 4966 0
13046 4971 0
13046 4990 0
13046 5033 0
13046 951 0
13046 3561 0
4855 2712 0
4855 4855 0
4855 4859 0
4855 861 0
4855 5033 0
4855 5277 0
4855 972 0
4855 7165 0
4855 7208 0
4855 3934 1
4855 1107 0
4855 4966 0
4855 5432 0
4855 5477 0
4855 1687 0
4855 3884 0
4855 16241 0
4855 10125 0
4855 8081 0
6905 13332 0
6905 3561 0
6905 1653 0
4859 2712 0
4859 4859 0
4859 4916 0
4859 869 0
4859 4966 0
4859 7077 0
4859 972 0
4859 7165 0
4859 5152 0
4859 7208 0
4859 1107 0
4859 5277 0
4859 1197 0
4859 3354 0
4859 5432 0
4859 5477 0
4859 3446 0
4859 5521 0
4859 5523 0
4859 5679 0
4859 5033 0
4859 3729 0
4859 1687 0
4859 1741 0
4859 5855 0
4859 3884 0
4859 5981 0
4859 3934 1
4859 16241 0
4859 10125 0
4859 3986 0
13061 4870 1
13061 827 0
13061 9044 0
13061 4956 0
13061 4966 0
13061 4990 0
13061 7064 0
13061 935 0
13061 7147 0
13061 13301 0
13061 7219 1
13061 13061 0
13061 3141 0
13061 3174 0
13061 1197 0
13061 3283 0
13061 1259 0
13061 5368 0
13061 5469 0
13061 3427 0
13061 5521 0
13061 3526 0
13061 5679 0
13061 1591 0
13061 20080 0
13061 1653 0
13061 19732 0
13061 16031 0
13061 5855 0
13061 1765 0
13061 5893 0
13061 3866 1
13061 5981 0
13061 16275 0
13061 8112 0
13061 6068 0
4870 4957 1
4870 3174 1
4870 13428 1
4870 3729 1
4870 7317 1
4870 16031 1
4870 861 1
4870 4872 1
4870 800 1
4870 827 1
4870 1350 1
4870 4956 1
4870 5981 1
4870 4958 1
4870 4971 1
4870 9961 1
4870 951 1
4870 17363 1
4870 13301 1
4872 861 0
4872 3934 1
4872 1620 0
4872 13428 0
4872 3729 0
4872 5855 0
4872 1765 0
4872 800 0
4872 4916 0
4872 4956 0
4872 4957 0
4872 4958 0
4872 3427 0
4872 869 0
4872 4971 0
4872 3986 0
4872 951 0
4872 13301 0
4874 5855 0
4874 4874 0
4874 4916 0
4874 2938 0
4874 7317 0
4874 15240 1
4874 935 0
4874 972 0
4874 5420 1
4874 7243 0
4874 5369 0
4874 5418 0
4874 1350 0
4874 3446 0
4874 7836 0
4874 5981 0
4874 5994 0
2841 5152 1
2841 17058 1
800 9062 0
800 20080 0
800 13428 0
800 9009 0
800 6977 0
800 4963 0
800 869 0
800 4971 0
800 5033 0
800 13301 0
4899 9062 0
4899 2712 0
4899 6809 0
4899 5277 0
4899 5855 0
4899 4899 0
4899 4916 0
4899 6977 0
4899 13634 0
4899 3934 1
4899 15240 1
4899 3561 0
9009 7208 0
9009 5469 0
9009 1620 0
9009 5230 0
9009 5277 0
9009 15785 0
9009 1765 0
9009 5885 0
9009 9009 0
9009 827 0
9009 861 0
9009 866 0
9009 4963 0
9009 869 0
9009 4966 0
9009 5994 0
9009 8053 0
9009 3461 0
9009 3986 0
9009 7073 0
9009 5033 0
9009 6068 0
9009 972 0
9009 5026 0
9009 12026 0
9009 3561 0
4916 3446 0
4916 6809 0
4916 4916 0
4916 827 0
4916 6977 0
4916 4956 0
4916 4963 0
4916 4966 0
4916 4971 0
4916 4990 0
4916 15240 1
4916 7064 0
4916 935 0
4916 5033 0
4916 7219 1
4916 9062 0
4916 5277 0
4916 7380 0
4916 5365 0
4916 5367 0
4916 5368 0
4916 5370 0
4916 5372 0
4916 13634 0
4916 3561 0
4916 1653 0
4916 15996 0
4916 5855 0
4916 1765 0
4916 5893 0
4916 5981 0
4916 3934 1
4916 2712 0
4916 6068 0
827 17363 0
827 1741 0
827 827 0
827 837 0
827 4956 0
827 4957 0
827 4958 0
827 866 0
827 838 0
827 7165 0
827 861 0
827 1107 0
827 3158 0
827 3174 0
827 3283 0
827 5422 0
827 5432 0
827 5469 0
827 5679 0
827 1620 0
827 1653 0
827 3729 0
827 1718 0
827 5853 0
827 5855 0
827 5981 0
827 5994 0
827 1687 0
827 3986 0
827 8112 0
827 6068 0
6977 2712 0
6977 6809 0
6977 6977 0
6977 9062 0
6977 15240 1
6977 7077 0
6977 935 0
6977 7219 1
6977 3141 0
6977 3158 0
6977 3174 0
6977 15509 0
6977 5277 0
6977 3283 0
6977 5365 0
6977 5367 0
6977 5368 0
6977 951 0
6977 1653 0
6977 15996 0
6977 15519 0
6977 6062 0
837 3464 0
837 3729 0
837 3354 0
837 5981 0
837 16241 0
837 1197 0
837 6068 0
837 1591 0
837 6596 0
837 1620 0
837 4942 0
837 5277 0
837 861 0
837 7165 0
838 1197 0
838 1741 0
838 861 0
838 16241 0
838 7165 0
4942 3986 0
4942 3353 0
4942 3270 1
4942 3271 0
4942 4942 0
4942 3934 1
15184 16146 0
15184 935 0
15184 5422 0
15184 3148 1
15184 7380 0
15184 861 0
15184 15843 1
15184 17363 0
15184 1653 0
9044 3353 0
9044 3359 0
9044 7219 1
9044 7380 0
9044 1653 0
9044 19738 1
2901 5523 0
2901 1576 0
2901 6062 0
2901 5981 0
2901 1718 0
2901 1719 0
2901 2901 0
2901 3035 0
2901 3036 0
2901 4704 1
2901 869 0
2901 5247 0
4956 2712 0
4956 17058 0
4956 4956 0
4956 4957 0
4956 4958 0
4956 866 0
4956 7064 0
4956 935 0
4956 7147 0
4956 4966 0
4956 13428 0
4956 3283 0
4956 5365 0
4956 5368 0
4956 861 0
4956 3354 0
4956 19808 0
4956 3427 0
4956 3561 0
4956 1591 0
4956 1620 0
4956 1653 0
4956 15996 0
4956 5853 0
4956 5855 0
4956 1765 0
4956 7961 1
4956 5981 0
4956 10125 0
4956 8081 0
4956 3986 0
4956 20251 0
861 2712 0
861 861 0
861 4959 0
861 866 0
861 935 0
861 8081 0
861 4957 0
861 13364 0
861 4958 0
861 3141 0
861 4966 0
861 15519 0
861 5277 0
861 3283 0
861 1259 0
861 4990 0
861 7380 0
861 3353 0
861 3354 0
861 5432 0
861 5469 0
861 3427 0
861 3446 0
861 7064 0
861 15843 1
861 5033 0
861 5679 0
861 1591 0
861 1653 0
861 1687 0
861 1741 0
861 5855 0
861 5893 0
861 9062 0
861 5994 0
861 3986 0
861 6068 0
861 16031 0
861 4084 0
4958 2712 0
4958 17058 0
4958 4957 0
4958 4958 0
4958 866 0
4958 4966 0
4958 7064 0
4958 935 0
4958 7147 0
4958 13428 0
4958 5368 0
4958 19808 0
4958 3561 0
4958 1591 0
4958 1620 0
4958 1653 0
4958 15996 0
4958 5853 0
4958 1765 0
4958 7961 1
4958 5981 0
4958 10125 0
4959 4959 0
4959 8053 0
866 4957 0
866 1687 0
866 1741 0
866 3283 0
866 5855 0
866 10044 0
866 3934 1
866 866 0
866 869 0
866 9062 0
866 5469 0
866 17363 0
4963 8112 0
4963 13355 0
4963 5679 0
4963 1591 0
4963 1620 0
4963 1653 0
4963 16031 0
4963 1741 0
4963 5855 0
4963 7208 0
4963 3354 0
4963 5419 1
4963 4966 0
4963 4971 0
4963 4990 0
4963 3461 0
4963 3986 0
4963 5033 0
4963 951 0
4963 972 0
4963 3561 0
869 1653 0
869 3729 0
869 1687 0
869 5277 0
869 1741 0
869 3283 0
869 5893 0
869 3353 0
869 3354 0
869 3884 0
869 5855 0
869 5469 0
869 3934 1
869 869 0
869 9062 0
869 3446 0
869 5523 0
869 17363 0
9062 7219 1
9062 3934 1
9062 1591 0
9062 1653 0
9062 1687 0
9062 2712 0
9062 16031 0
9062 1741 0
9062 5853 0
9062 1765 0
9062 5366 0
9062 5367 0
9062 5368 0
9062 5369 0
9062 5372 0
9062 5422 0
9062 1350 0
9062 4957 0
9062 19808 0
9062 9062 0
9062 4971 0
9062 16241 0
9062 8081 0
9062 3986 0
9062 6068 0
9062 951 0
9062 5365 0
9062 17363 0
9062 3561 0
4971 4966 0
4971 4971 0
4971 4990 0
4971 5033 0
4971 13301 0
4971 7208 0
4971 13355 0
4971 7219 1
4971 13428 0
4971 5432 0
4971 5469 0
4971 3461 0
4971 3561 0
4971 5679 0
4971 1591 0
4971 951 0
4971 20080 0
4971 1653 0
4971 16031 0
4971 1741 0
4971 5853 0
4971 3986 0
11124 7961 1
11124 19738 1
2938 5679 0
2938 3141 0
2938 5247 0
2938 4744 0
2938 3283 0
2938 1765 0
2938 1259 0
2938 5893 0
2938 5422 0
2938 3934 1
2938 2938 0
2938 8089 0
2938 3561 0
4990 5679 0
4990 1591 0
4990 5981 0
4990 1653 0
4990 16031 0
4990 1741 0
4990 5855 0
4990 4966 0
4990 5033 0
4990 951 0
4990 3561 0
15509 3729 0
15509 3283 0
15509 5369 0
15509 13355 0
15509 4957 0
15509 3934 1
15509 13227 1
15509 6068 0
21378 5230 0
21378 7317 0
21378 2712 0
21378 5321 0
21378 3801 0
21378 5994 0
21378 16275 0
21378 8053 0
21378 21378 0
21378 8081 0
21378 8089 0
21378 935 0
21378 20251 0
21378 19808 0
21378 6068 0
15240 2712 1
15240 7836 1
15240 7077 1
15240 5277 1
15240 15240 2
15240 5432 1
15240 13634 1
15240 6596 1
15240 1741 1
15240 7131 1
15240 1249 1
15240 21543 1
15240 16241 1
2967 1576 0
2967 4704 1
2967 5247 0
2967 1170 0
2967 1171 0
2967 7317 0
2967 729 0
2967 3353 0
2967 3382 0
2967 5432 0
2967 5469 0
2967 3986 0
2967 2967 0
2967 6062 0
2967 3035 0
2967 3036 0
7064 13355 0
7064 4957 0
7064 20080 0
7064 5247 0
7064 1197 0
7064 5855 0
7064 1259 0
7064 1294 0
7064 729 0
7064 4744 0
7064 5994 0
7064 5469 0
7064 3986 0
7064 5026 0
7064 6068 0
7073 3354 0
7073 7073 0
7073 3884 0
7073 1350 0
7073 5981 0
7073 5855 0
7073 7208 0
5026 5679 0
5026 1591 0
5026 3174 0
5026 1687 0
5026 2712 0
5026 3283 0
5026 1765 0
5026 5893 0
5026 5469 0
5026 3427 0
5026 16275 0
5026 3561 0
5026 13301 0
11316 3382 1
7077 5469 0
7077 5679 0
7077 5981 0
7077 7243 0
7077 15996 0
7077 3729 0
7077 1687 0
7077 2712 0
7077 7836 0
7077 1197 0
7077 1741 0
7077 5853 0
7077 1249 0
7077 1765 0
7077 5365 0
7077 5366 0
7077 5367 0
7077 5369 0
7077 5893 0
7077 16146 0
7077 5422 0
7077 3884 0
7077 5855 0
7077 1350 0
7077 5432 0
7077 5477 0
7077 5521 0
7077 5523 0
7077 7077 0
7077 5368 0
7077 7666 1
935 13355 0
935 5981 0
935 1653 0
935 15996 0
935 5994 0
935 3729 0
935 1687 0
935 1741 0
935 7380 0
935 5365 0
935 5367 0
935 5368 0
935 5370 0
935 5372 0
935 16146 0
935 5422 0
935 4957 0
935 5366 0
935 3934 1
935 3986 0
935 935 0
935 15785 0
935 951 0
935 17363 0
5033 2712 0
5033 4966 0
5033 7208 0
5033 3141 0
5033 7243 0
5033 1107 0
5033 3225 0
5033 3461 0
5033 3561 0
5033 5679 0
5033 1591 0
5033 951 0
5033 1653 0
5033 16031 0
5033 972 0
5033 1741 0
5033 5855 0
5033 3884 0
5033 3986 0
5033 8089 0
5033 8112 0
5033 6068 0
13227 3526 1
13227 16140 1
13227 3353 1
13227 3354 1
13227 3869 1
9133 3729 1
729 1576 0
729 5469 0
729 1591 0
729 1620 0
729 3174 0
729 5247 0
729 4744 0
729 1170 0
729 2712 0
729 3225 0
729 1197 0
729 1718 0
729 5237 0
729 5835 0
729 729 0
729 3295 0
729 1259 0
729 3801 0
729 3354 0
729 5419 1
729 3934 1
729 3986 0
729 1171 0
729 8058 0
729 16107 0
729 5981 0
729 20251 0
729 3475 0
729 6062 0
729 4704 1
729 5523 0
729 7662 0
729 5885 0
951 13355 0
951 7219 1
951 15519 0
951 4966 0
5056 1170 0
5056 3526 0
5056 5419 1
5056 1591 0
5056 3270 1
5056 3801 0
5056 5469 0
5056 15857 0
972 7208 0
972 1107 0
972 4704 1
972 1653 0
972 5753 0
972 16107 0
972 7165 0
972 3729 0
972 1687 0
972 5835 0
972 1741 0
972 5855 0
972 1259 0
972 5885 0
972 3353 0
972 3354 0
972 3884 0
972 5469 0
972 4966 0
972 5994 0
972 16241 0
972 8053 0
972 3461 0
972 3463 0
972 10125 0
972 3986 0
972 5277 0
972 7584 0
972 972 0
972 4084 0
9166 15996 0
9166 7317 0
9166 5372 0
9166 19738 1
9166 19808 0
9166 9166 0
9166 7165 0
17363 7219 1
17363 1591 0
17363 3141 0
17363 3427 0
17363 16031 0
17363 15519 0
17363 5855 0
17363 5366 0
17363 5367 0
17363 5368 0
17363 7380 0
17363 3884 0
17363 1831 0
17363 5418 0
17363 5432 0
17363 3446 0
17363 1687 0
17363 6809 0
17363 5365 0
7131 3986 0
7131 19738 1
7131 21543 0
7131 7131 0
3036 1576 0
3036 3141 0
3036 1620 0
3036 4704 1
3036 5247 0
3036 2712 0
3036 1718 0
3036 1719 0
3036 5835 0
3036 3801 0
3036 5885 0
3036 3036 0
3036 5469 0
3036 3464 0
3036 5521 0
3036 5523 0
3036 6062 0
3036 6068 0
7147 13355 0
7147 4265 0
7147 5855 0
7147 1259 0
7147 3283 0
7147 19738 1
7147 5521 0
7147 5981 0
7147 7147 0
13301 1170 0
13301 19738 1
13301 16031 0
13301 3986 0
13301 13355 0
13301 1591 0
13301 1741 0
13301 3174 0
13301 16241 0
13301 13428 0
4265 7961 1
4265 3359 0
4265 5855 0
7165 7165 0
7165 3148 1
7165 5277 0
7165 1197 0
7165 1259 0
7165 19738 1
7165 5432 0
7165 3446 0
7165 3561 0
7165 6068 0
7165 1653 0
7165 3729 0
7165 1687 0
7165 3354 0
7165 16031 0
7165 5855 0
7165 16107 0
7165 5893 0
7165 3884 0
7165 5981 0
7165 16241 0
13332 5679 0
13332 15996 0
13332 1170 0
13332 5893 0
5152 3148 1
5152 5152 0
21543 19738 1
7208 7208 0
7208 1591 0
7208 9278 1
7208 1107 0
7208 1620 0
7208 2712 0
7208 5321 0
7208 5885 0
7208 5981 0
7208 4966 0
7208 4084 0
13355 4966 0
13355 7219 1
13355 3141 0
13355 15519 0
13355 3283 0
13355 7380 0
13355 5365 0
13355 5367 0
13355 5368 0
13355 3526 0
13355 15843 1
13355 3561 0
13355 1653 0
13355 15996 0
13355 5855 0
13355 1765 0
13355 5893 0
13355 3866 1
13355 8112 0
13355 6068 0
13355 6099 0
13355 10229 0
4957 2712 0
4957 17058 0
4957 4966 0
4957 13428 0
4957 5368 0
4957 19808 0
4957 3427 0
4957 5523 0
4957 3561 0
4957 1591 0
4957 1620 0
4957 1653 0
4957 15996 0
4957 5853 0
4957 5855 0
4957 1765 0
4957 7961 1
4957 5981 0
4957 10125 0
4957 8112 0
7219 9961 1
7219 10125 1
7219 1197 1
7219 8081 1
7219 4000 1
7219 1350 1
7219 1741 1
7219 3283 1
7219 5853 1
7219 5365 1
7219 5366 1
7219 5367 1
7219 5368 1
7219 5369 1
7219 5370 1
7219 5372 1
13364 3270 1
13364 1741 0
13364 1765 0
13364 5994 0
3141 5981 0
3141 3141 0
3141 1620 0
3141 3225 0
3141 1653 0
3141 2712 0
3141 3248 0
3141 1718 0
3141 5855 0
3141 3353 0
3141 3354 0
3141 16031 0
3141 3934 1
3141 5994 0
3141 3986 0
3141 3729 0
3141 8112 0
3141 5885 0
7243 1591 0
7243 7243 0
7243 3729 0
7243 1741 0
7243 1249 0
7243 3354 0
7243 5855 0
7243 4966 0
7243 8112 0
7243 5994 0
7243 7666 1
3148 7846 1
3148 1947 1
3148 1950 1
3148 4764 1
3148 1591 1
3148 3148 2
3148 19808 1
3148 1653 1
3148 5885 1
1107 3884 0
1107 2712 0
1107 20012 0
1107 8053 0
1107 1107 0
1107 4966 0
1107 17770 0
1107 5885 0
3158 7741 0
3158 1620 0
3158 3174 0
3158 5753 0
3158 1170 0
3158 1197 0
3158 1741 0
3158 3446 0
4966 3446 0
4966 3561 0
4966 5679 0
4966 1591 0
4966 1653 0
4966 16031 0
4966 1741 0
4966 5855 0
4966 3884 0
4966 1869 0
4966 3986 0
4966 8112 0
4966 6068 0
3174 7741 0
3174 1620 0
3174 3174 0
3174 13428 0
3174 5247 0
3174 1687 0
3174 1197 0
3174 1741 0
3174 5369 0
3174 5432 0
3174 7317 0
5230 5230 0
5230 1653 0
5230 5981 0
5230 16275 0
5230 6068 0
13428 19738 1
13428 16031 0
13428 8112 0
13428 3934 1
13428 3986 0
13428 13428 0
13428 6099 0
5237 1591 0
5237 20080 0
5237 5237 0
5237 5368 0
5237 20251 0
5237 5419 1
5237 5420 1
5237 6105 1
5247 1576 0
5247 1718 0
5247 1620 0
5247 1170 0
5247 2712 0
5247 3225 0
5247 1197 0
5247 3248 0
5247 1719 0
5247 1741 0
5247 5419 1
5247 5420 1
5247 5432 0
5247 5469 0
5247 3986 0
5247 1171 0
5247 3475 0
5247 8089 0
5247 4704 1
5247 3561 0
1170 4704 1
1170 4744 0
1170 2712 0
1170 1171 0
1170 3283 0
1170 3354 0
1170 5419 1
1170 5420 1
1170 5432 0
1170 5469 0
1170 3475 0
1170 7662 0
1170 1591 0
1170 1620 0
1170 1718 0
1170 1719 0
1170 3801 0
1170 5855 0
1170 20251 0
1170 5981 0
1170 8058 0
1170 3986 0
1170 6062 0
1170 8112 0
1171 1620 0
1171 4704 1
1171 1653 0
1171 4744 0
1171 1171 0
1171 1718 0
1171 1719 0
1171 3283 0
1171 5419 1
1171 5420 1
1171 8058 0
1171 3986 0
1171 8112 0
1171 3561 0
1171 7662 0
7317 2712 0
7317 1830 1
7317 3561 0
7317 5994 0
7317 3353 0
7317 3354 0
7317 3382 0
7317 19808 0
7317 3461 0
7317 5521 0
7317 3475 0
7317 1620 0
7317 20251 0
7317 3869 0
7317 5981 0
7317 3986 0
7317 16275 0
3225 1576 0
3225 20251 0
3225 4704 1
3225 4744 0
3225 2712 0
3225 3225 0
3225 1197 0
3225 1741 0
3225 3353 0
3225 3354 0
3225 5419 1
3225 5981 0
3225 3934 1
3225 8058 0
3225 5521 0
3225 5523 0
3225 6062 0
3225 5280 0
3225 7662 0
5277 5981 0
5277 6068 0
5277 7741 0
5277 1653 0
5277 3729 0
5277 2712 0
5277 3354 0
5277 16031 0
5277 16241 0
5277 1741 0
5277 1259 0
5277 3884 0
5277 5855 0
5277 13634 0
5277 10125 0
5277 19738 1
5277 5277 0
15519 1197 0
15519 3934 1
15519 15843 1
15519 5365 0
15519 5366 0
15519 5367 0
15519 5368 0
15519 5369 0
15519 5370 0
15519 5372 0
5280 3866 1
5280 5280 0
5280 3246 0
5280 4704 1
1197 1591 0
1197 1620 0
1197 4704 1
1197 1653 0
1197 5753 0
1197 4744 0
1197 1687 0
1197 1197 0
1197 3270 1
1197 5321 0
1197 1741 0
1197 5855 0
1197 1765 0
1197 7662 0
1197 3354 0
1197 5432 0
1197 10044 0
1197 6048 0
1197 5521 0
1197 5523 0
3246 1620 0
3246 3729 0
3246 3248 0
3248 1620 0
3248 4704 1
3248 1665 1
3248 3248 0
3248 5893 0
3248 4084 0
3270 4744 1
3270 7584 1
3270 3270 2
3270 3271 1
3270 16107 1
3270 1653 1
3271 7584 0
3271 3283 0
3271 3934 1
5321 3592 0
5321 1350 0
5321 3382 0
5321 5835 0
5321 5994 0
3283 7584 0
3283 3729 0
3283 3283 0
3283 5855 0
3283 1259 0
3283 7961 1
3283 3354 0
3283 5994 0
3283 3986 0
3283 6068 0
3283 3561 0
7380 1653 0
7380 15996 0
7380 1741 0
7380 7380 0
7380 5853 0
7380 5855 0
7380 5365 0
7380 5366 0
7380 5367 0
7380 5368 0
7380 5370 0
7380 5372 0
7380 16146 0
7380 5422 0
7380 15843 1
7380 7910 1
7380 3986 0
7380 7584 0
3295 1665 1
3295 20251 0
3295 5422 0
3295 7741 0
3295 3295 0
1249 1620 0
1249 1653 0
1249 15996 0
1249 1687 0
1249 6809 0
1249 7836 0
1249 5855 0
1249 1249 0
1249 1259 0
1249 16146 0
1249 5422 0
1249 5432 0
1249 7910 1
1249 5994 0
1249 3446 0
1249 3986 0
1249 15785 0
1259 2712 0
1259 3934 1
1259 5365 0
1259 3353 0
1259 3354 0
1259 5419 1
1259 5422 0
1259 5432 0
1259 1350 0
1259 5469 0
1259 3475 0
1259 3561 0
1259 1576 0
1259 4704 1
1259 1620 0
1259 1653 0
1259 5753 0
1259 1687 0
1259 7836 0
1259 1718 0
1259 1741 0
1259 16107 0
1259 20251 0
1259 3869 0
1259 3884 0
1259 16241 0
1259 3986 0
1259 8112 0
5365 8081 0
5365 3729 0
5365 1687 0
5365 3354 0
5365 1741 0
5365 5365 0
5365 5366 0
5365 5367 0
5365 5368 0
5365 5369 0
5365 5370 0
5365 16146 0
5365 3353 0
5365 3866 1
5365 5853 0
5365 5432 0
5365 5855 0
5365 3934 1
5365 5477 0
5365 3446 0
5365 5521 0
5365 3986 0
5365 5523 0
5365 4000 0
5365 16031 0
5365 6048 0
5365 15843 1
5365 5372 0
5366 15996 0
5366 3729 0
5366 1687 0
5366 1741 0
5366 5853 0
5366 5855 0
5366 5366 0
5366 5367 0
5366 5368 0
5366 5369 0
5366 5370 0
5366 5372 0
5366 5422 0
5366 15843 1
5366 5469 0
5366 8081 0
5366 16031 0
5367 8081 0
5367 4704 1
5367 1653 0
5367 15996 0
5367 3729 0
5367 1687 0
5367 5853 0
5367 5855 0
5367 1765 0
5367 5367 0
5367 5368 0
5367 5369 0
5367 5370 0
5367 3353 0
5367 3354 0
5367 5422 0
5367 5432 0
5367 10044 0
5367 15843 1
5367 3934 1
5367 3561 0
5367 3986 0
5367 6068 0
5367 16031 0
5367 5372 0
5368 16146 0
5368 15996 0
5368 1687 0
5368 1653 0
5368 1741 0
5368 5853 0
5368 1765 0
5368 5369 0
5368 5370 0
5368 5372 0
5368 3353 0
5368 3354 0
5368 5422 0
5368 5432 0
5368 15843 1
5368 8081 0
5368 3986 0
5368 3934 1
5368 3561 0
5369 20080 0
5369 15996 0
5369 15843 1
5369 1741 0
5369 5853 0
5369 5855 0
5369 5370 0
5369 5372 0
5369 5422 0
5369 8081 0
5369 8058 0
5369 3986 0
5369 15785 0
5369 19808 0
5370 5372 0
5370 3986 0
5370 15843 1
5370 5853 0
5370 5855 0
5372 16146 0
5372 15843 1
5372 1741 0
5372 5853 0
5372 5469 0
5372 1765 0
5372 19808 0
5372 3446 0
5372 8081 0
5372 16031 0
5372 3561 0
1294 4704 1
1294 3526 0
19732 1665 1
19732 1830 1
19732 1831 0
3353 3353 0
3353 3354 0
3353 3359 0
3353 5432 0
3353 3526 0
3353 7666 1
3353 1591 0
3353 1653 0
3353 5753 0
3353 3729 0
3353 1687 0
3353 1741 0
3353 5855 0
3353 7910 1
3353 16107 0
3353 1831 0
3353 16275 0
3353 8089 0
3353 8112 0
3354 16107 0
3354 2712 0
3354 3354 0
3354 3359 0
3354 7666 1
3354 1576 0
3354 5679 0
3354 5753 0
3354 3729 0
3354 1687 0
3354 7836 0
3354 1741 0
3354 5855 0
3354 7910 1
3354 1822 0
3354 5432 0
3354 5981 0
3354 3934 1
3354 16275 0
3354 8089 0
3359 15996 0
3359 7910 1
3359 8089 0
3359 3359 0
3359 3934 1
3359 8112 0
5418 16023 0
5418 16241 0
5418 5418 0
5418 5981 0
5418 3934 1
5418 5855 0
5418 4704 1
5419 1576 1
5419 1620 1
5419 4704 2
5419 20080 1
5419 20251 1
5419 1718 1
5419 1719 1
5419 5835 1
5419 1741 1
5419 3801 1
5419 3869 1
5419 5419 2
5419 10044 1
5419 5469 1
5419 8058 1
5419 3986 1
5419 3475 1
5419 8089 1
5419 7662 1
5419 10229 1
5420 10044 1
5420 10229 1
5420 1741 1
5420 1620 1
5420 3801 1
5420 5469 1
5420 3986 1
5420 20080 1
5420 8058 1
5422 5422 0
5422 15843 1
5422 7910 1
5422 1862 1
5422 6809 0
5422 8089 0
3382 16107 0
3382 3934 1
5432 2712 0
5432 5432 0
5432 5469 0
5432 5477 0
5432 5521 0
5432 5523 0
5432 1620 0
5432 5753 0
5432 3729 0
5432 1687 0
5432 7836 0
5432 1741 0
5432 3801 0
5432 5853 0
5432 5855 0
5432 3884 0
5432 5981 0
13634 2712 0
13634 13634 0
1350 5994 0
1350 5835 0
1350 5853 0
1350 5855 0
1350 1350 0
1350 5981 0
1350 3446 0
1350 3464 0
1350 5523 0
7505 3526 1
1365 1665 1
1365 3475 0
1365 1620 0
1365 1830 1
5469 5523 0
5469 16123 0
5469 4704 1
5469 4744 0
5469 5981 0
5469 5469 0
5469 5477 0
5469 3446 0
5469 5521 0
5469 3475 0
5469 3526 0
5469 7662 0
5469 1576 0
5469 1620 0
5469 1687 0
5469 1718 0
5469 1719 0
5469 5835 0
5469 1741 0
5469 5855 0
5469 1765 0
5469 5885 0
5469 20251 0
5469 8058 0
5469 3986 0
5469 17058 0
19806 7666 1
19808 6809 0
19808 19738 1
19808 1653 0
19808 1765 0
19808 16107 0
19808 8089 0
19808 8112 0
3427 1687 0
3427 3934 1
3427 5521 0
3427 3986 0
3427 5885 0
5477 3592 0
5477 7836 0
5477 3884 0
5477 5477 0
5477 5994 0
17770 8053 0
17770 1620 0
3446 2712 0
3446 3446 0
3446 1591 0
3446 1687 0
3446 1719 0
3446 1741 0
3446 5855 0
3446 3035 0
3446 5981 0
3446 3934 1
3446 5994 0
3446 16241 0
3446 8053 0
3446 6068 0
3461 5679 0
3461 2712 0
3461 1741 0
3461 5855 0
3461 16123 0
3461 5893 0
3461 5981 0
3461 5994 0
3461 3461 0
3461 3986 0
3463 3463 0
3463 20251 0
3463 6048 0
3463 1576 0
3463 4704 1
3463 5981 0
3464 4704 1
3464 5885 0
3464 16123 0
3464 8053 0
3464 3464 0
3464 1687 0
3464 16275 0
19850 3866 1
19850 4704 1
5521 1620 0
5521 4704 1
5521 1687 0
5521 7836 0
5521 16031 0
5521 1718 0
5521 5835 0
5521 16123 0
5521 5994 0
5521 5521 0
5521 3986 0
5521 5523 0
5521 8112 0
5521 6068 0
5521 6596 0
5521 6099 0
5521 3035 0
5523 1718 0
5523 1620 0
5523 4704 1
5523 1653 0
5523 15996 0
5523 1687 0
5523 1741 0
5523 16107 0
5523 5885 0
5523 5893 0
5523 3035 0
5523 3884 0
5523 5523 0
5523 3986 0
5523 3475 0
5523 8112 0
5523 3561 0
7579 1653 1
7584 3986 0
7584 7961 1
7584 2712 0
7584 1653 0
11687 6120 1
11687 1869 1
11687 1563 1
15785 7836 0
15785 5981 0
15785 3934 1
15785 5994 0
15785 15785 0
6048 1687 0
6048 1653 0
6048 1741 0
6048 5853 0
6048 1765 0
6048 6048 0
6048 7666 1
3526 3968 0
3526 3986 0
6596 4744 0
6596 3986 0
6596 6596 0
6596 1620 0
7648 10044 1
3561 4744 0
3561 16241 0
3561 5679 0
3561 1591 0
3561 1653 0
3561 16023 0
3561 16031 0
3561 5855 0
3561 20251 0
3561 3869 0
3561 5981 0
3561 3986 0
3561 16275 0
3561 4084 0
7079 7079 0
7662 1620 0
7662 4704 1
7662 4744 0
7662 16023 0
7662 1741 0
7662 3801 0
7662 20251 0
15857 15857 0
7666 1963 1
7666 5981 1
7666 16241 1
3592 3592 0
3592 1741 0
3592 5855 0
1563 1862 1
1576 1576 0
1576 1620 0
1576 4704 1
1576 5835 0
1576 1741 0
1576 5885 0
1576 3986 0
1576 6062 0
1576 3035 0
2712 2712 0
2712 5679 0
2712 1591 0
2712 7741 0
2712 1620 0
2712 20080 0
2712 16031 0
2712 5835 0
2712 1741 0
2712 5855 0
2712 5885 0
2712 5893 0
2712 3884 0
2712 5981 0
2712 8058 0
2712 3986 0
2712 6068 0
5679 1591 0
5679 1653 0
5679 3729 0
5679 5855 0
5679 5893 0
5679 3986 0
5679 8112 0
5679 6068 0
1591 5981 0
1591 1591 0
1591 7741 0
1591 1620 0
1591 1653 0
1591 1687 0
1591 16031 0
1591 5855 0
1591 3968 0
1591 3986 0
1591 8089 0
1591 6099 0
7741 6068 0
7741 4704 1
7741 1653 0
7741 1862 1
7741 4084 0
4704 1620 1
4704 1653 1
4704 5835 1
4704 4744 1
4704 1718 1
4704 1719 1
4704 3475 1
4704 3986 1
4704 4704 2
4704 3035 1
1620 4744 0
1620 3035 0
1620 3475 0
1620 1620 0
1620 1718 0
1620 1719 0
1620 5835 0
1620 1741 0
1620 3801 0
1620 5855 0
1620 1765 0
1620 20251 0
1620 5981 0
1620 3986 0
1620 6062 0
1620 8112 0
1620 10229 0
20080 20080 0
20080 4084 0
1653 1653 0
1653 1765 0
1653 3729 0
1653 20251 0
1653 3968 0
1653 3986 0
1653 4000 0
1653 5753 0
1653 5835 0
1653 5855 0
1653 6068 0
1653 7836 0
1653 16031 0
1653 7910 1
1653 16241 0
1653 16275 0
5753 5753 0
5753 1687 0
5753 5885 0
5753 20251 0
5753 1830 1
5753 3934 1
5753 8089 0
5753 1947 0
15996 6809 0
15996 3869 0
15996 15996 0
15996 3729 0
15996 16023 0
15996 7846 0
15996 1741 0
15996 5855 0
15996 7910 1
15996 16146 0
15996 3934 1
15996 5994 0
15996 1687 0
15996 3986 0
1665 1822 1
1665 1829 1
1665 1830 2
1665 1831 1
3729 3729 0
3729 1687 0
3729 1741 0
3729 5855 0
3729 16107 0
3729 5893 0
3729 5981 0
3729 8112 0
16023 3986 0
16023 3934 1
7836 7836 0
7836 1741 0
7836 7910 1
7836 3884 0
7836 5994 0
19738 6099 1
16031 16031 0
16031 1765 0
16031 5981 0
16031 3934 1
16031 10125 0
16031 3986 0
1718 5981 0
1718 1718 0
1718 1719 0
1718 1741 0
1718 3869 0
1718 16107 0
1718 10125 0
1718 6062 0
1718 3035 0
1719 1719 0
1719 3801 0
1719 3475 0
1719 6062 0
5835 5981 0
5835 5835 0
5835 5885 0
5835 20251 0
5835 1829 0
5835 5994 0
5835 3035 0
1741 1687 0
1741 1741 0
1741 5853 0
1741 5855 0
1741 1765 0
1741 5885 0
1741 3884 0
1741 5994 0
1741 8053 0
1741 10125 0
1741 8089 0
1741 6068 0
3801 4744 0
3801 8081 0
3801 8058 0
3801 10125 0
5853 5853 0
5853 5855 0
5853 5994 0
5853 3934 1
5853 8081 0
5853 3986 0
5855 1687 0
5855 5855 0
5855 1765 0
5855 5893 0
5855 5981 0
5855 5994 0
5855 16241 0
5855 8089 0
5855 8112 0
5855 6068 0
1765 4744 0
1765 1687 0
1765 1765 0
1765 8081 0
1765 3986 0
7910 16146 1
7910 6809 1
7910 5994 1
16107 16107 0
16123 3986 0
16123 16123 0
5885 4744 0
5885 17058 0
5885 5885 0
5885 5981 0
5885 5994 0
5885 3986 0
5885 8089 0
5885 6068 0
5885 4084 0
5893 3934 1
5893 3986 0
5893 5981 0
5893 8112 0
5893 6068 0
5893 6099 0
16146 16146 0
16146 6809 0
7961 3986 1
3866 6068 1
20251 5981 0
20251 5994 0
20251 20251 0
20251 10044 0
20251 3475 0
3869 4744 0
3869 3869 0
3869 5981 0
1822 1822 0
3035 10044 0
3035 3986 0
3035 3035 0
1829 1829 0
1829 1830 1
1830 1830 2
1830 1831 1
3884 3934 1
3884 1687 0
3884 3884 0
3884 10125 0
3884 16241 0
3884 6068 0
4744 4744 0
1862 1869 1
1869 1869 0
5981 1687 0
5981 10229 0
5981 3475 0
5981 3934 1
5981 3986 0
5981 5981 0
5981 6068 0
5981 16275 0
5981 8089 0
5981 8112 0
3934 1687 1
3934 3934 2
3934 16275 1
3934 8089 1
3934 6062 1
5994 6809 0
5994 1687 0
5994 5994 0
5994 8089 0
16241 16241 0
16241 10125 0
16241 8112 0
16241 6068 0
16241 6099 0
8053 1687 0
8053 16275 0
8058 8058 0
8058 6062 0
3968 3968 0
3968 4764 0
1687 1687 0
10125 10125 0
10125 3986 0
8081 8081 0
3986 10229 0
3986 3986 0
3986 17058 0
3986 6068 0
3986 6099 0
3986 16275 0
3986 8089 0
3986 8112 0
16275 16275 0
6809 6809 0
8089 3475 0
8089 8089 0
1947 1950 0
3475 6062 0
3475 3475 0
8112 8112 0
8112 6068 0
8112 17058 0
6068 6068 0
17058 17058 0
6099 6099 0
4084 4084 0
10229 10229 0
