516 154 1
516 4534 0
516 1367 1
516 5469 0
5487 53 0
5487 204 1
5487 866 0
5487 3283 1
5487 5469 0
5487 5487 0
5487 8024 0
3729 2069 0
3729 53 0
3729 4477 0
3729 4550 0
3729 4551 0
3729 4822 0
3729 891 0
3729 5204 0
3729 1221 0
3729 3283 1
3729 3354 0
3729 3729 0
3729 5855 0
3729 6072 1
2069 2069 0
2069 3634 1
2069 1221 0
2069 3283 1
2069 5855 0
2069 3354 0
2069 2338 0
2069 4442 0
2069 891 0
2069 5204 0
152 152 2
152 154 2
152 4507 1
152 155 1
152 5855 1
152 2338 1
152 3533 1
152 1367 2
152 1765 1
152 4861 2
152 8189 1
3354 53 0
3354 6267 0
3354 2338 0
3354 4442 0
3354 4550 0
3354 891 0
3354 3283 1
3354 3354 0
3354 5855 0
3354 1957 0
3354 6072 1
4507 18332 0
4507 6072 1
18332 204 1
18332 4465 0
18332 3283 1
154 4550 1
154 4551 1
154 5469 1
154 4339 1
154 6267 1
2338 53 0
2338 4339 0
2338 2338 0
2338 4465 0
2338 4550 0
2338 4822 0
2338 3283 1
2338 5469 0
2338 8024 0
2338 5994 0
155 1367 1
155 6267 0
1957 6072 1
1957 1221 0
1957 3283 1
1957 12542 0
1957 4822 0
1957 5994 0
1957 891 0
1957 1957 0
1957 4550 0
1957 4551 0
1957 5204 0
4465 53 0
4465 3283 1
4465 5855 0
4465 6072 1
4465 4550 0
3634 3634 2
3634 4550 1
3634 4426 1
3634 4442 1
3634 891 1
3634 12542 1
7219 4551 0
7219 6072 1
7219 3283 1
53 53 0
53 3283 1
53 1367 1
53 5469 0
53 3533 0
53 5855 0
4534 4339 0
4534 4442 0
4534 1765 0
4534 4534 0
4534 3283 1
4534 5469 0
4534 5855 0
4534 6072 1
4477 6072 1
4477 5855 0
4477 5469 0
4477 18164 1
4477 4550 0
4477 4551 0
4477 5204 0
6072 6267 1
6072 1221 1
6072 4822 1
6072 5855 1
6072 4426 1
6072 8024 1
6072 4442 1
6072 5469 1
6072 866 1
6072 891 1
6072 4339 1
6072 6072 2
6072 4550 1
6072 4551 1
1221 4550 0
1221 866 0
1221 5204 0
1221 1221 0
1221 1367 1
1221 5469 0
1221 3533 0
1221 5855 0
1221 8024 0
4550 4442 0
4550 4550 0
4550 4551 0
4550 4822 0
4550 891 0
4550 5855 0
4550 1765 0
4551 4551 0
4551 891 0
4551 5855 0
4551 1765 0
4426 4442 0
3533 8283 1
3533 3283 1
3533 3533 0
3283 1367 2
3283 866 1
3283 5204 1
3283 3283 2
3283 4822 1
3283 5855 1
3283 12542 1
3283 8024 1
3283 5994 1
3283 7147 1
5204 5204 0
5204 5855 0
5204 18164 1
4822 5855 0
4822 6267 0
4822 4822 0
4822 4442 0
4822 866 0
4822 5994 0
4822 891 0
1367 1765 1
8024 5855 0
8024 5469 0
4442 4442 0
4442 5994 0
4442 891 0
5469 4339 0
5469 866 0
5469 5469 0
5469 5855 0
5469 1765 0
5855 6267 0
5855 866 0
5855 7147 0
5855 5855 0
5855 1765 0
5855 5994 0
866 866 0
6267 6267 0
6267 5994 0
6267 891 0
6267 8189 0
1765 12542 0
1765 891 0
1765 1765 0
5994 18164 1
5994 5994 0
7147 4209 1
7147 7147 0
4861 8189 1
18164 18164 2
891 891 0
8189 8189 0
12542 12542 0
