5994 4440 0
5994 2500 0
5994 4579 1
5994 18973 0
5994 557 1
5994 9009 0
5994 7064 0
5994 3043 0
5994 5117 0
5994 1160 0
5994 15804 0
5994 7698 0
5994 287 0
5994 5994 0
1160 2500 0
1160 2501 0
1160 4572 1
1160 3043 0
1160 7698 0
1160 1160 0
1160 1221 0
1160 1259 0
1160 3354 0
1160 4426 1
3467 7064 1
3467 3467 2
3467 3354 1
3467 18085 1
3467 13622 1
3467 2500 1
3467 2501 1
3467 1259 1
7566 287 0
7566 9009 0
7566 4579 1
7566 5487 0
7566 7566 0
7566 4065 1
2221 2500 1
2221 16241 1
2221 13468 1
7698 7698 0
7698 18085 0
7698 1221 0
7698 3354 0
7698 4426 1
7698 4440 0
7698 7058 1
7698 2500 0
7698 2501 0
7698 3043 0
7698 5117 0
12307 4065 1
12307 4579 1
12307 5117 0
2709 2500 0
2709 2501 0
2709 2512 1
2709 2709 0
2709 7064 0
2709 14884 1
2709 18085 0
7064 1259 0
7064 4065 1
7064 4579 1
3354 4311 0
3354 287 0
3354 2500 0
3354 557 1
3354 3043 0
3354 1259 0
3354 3354 0
3354 18085 0
13468 13468 0
13468 4579 1
18973 4065 1
18973 4579 1
287 287 0
287 9009 0
287 862 0
287 1221 0
287 1259 0
287 3043 0
287 4065 1
287 5487 0
287 14884 1
287 16241 0
5793 5793 0
5793 18085 0
5793 1221 0
5793 1259 0
5793 7058 1
5793 2500 0
5793 4579 1
18085 1221 0
18085 7058 1
18085 2500 0
18085 2501 0
557 15804 1
557 18446 1
557 5487 1
557 6890 1
5423 5117 1
9009 7231 1
9009 1221 0
9009 9009 0
9009 4579 1
9009 862 0
13622 13622 0
13622 2501 0
13622 4579 1
15804 15804 0
15804 4579 1
7231 1221 1
7231 4440 1
1221 2500 0
1221 2501 0
1221 4579 1
1221 15309 0
1221 3043 0
1221 1221 0
1221 1259 0
2500 2501 0
2500 7058 1
2500 3043 0
2500 1259 0
2500 2500 0
2501 2501 0
2501 7058 1
4426 339 1
4426 4311 1
4426 4440 1
4426 3043 1
4426 11760 1
2635 3043 0
2635 4579 1
2635 4440 0
2635 7058 1
2635 15309 0
2635 11760 0
15309 7058 1
15309 4579 1
2512 2512 2
339 339 0
339 4579 1
18446 4579 1
4311 4579 1
4440 4440 0
4440 862 0
4572 4572 2
4572 16241 1
862 4579 1
862 4065 1
862 3043 0
4065 4065 2
4065 6890 1
4065 12405 1
4065 5117 1
4579 5117 1
4579 12405 1
4579 7058 2
4579 11760 1
4579 1259 1
4579 5487 1
6890 6890 0
1259 16241 0
7058 3043 1
5487 5487 0
16241 16241 0
5117 5117 0
3043 3043 0
