4864 1653 0
4864 4864 0
4864 3345 0
4864 5395 1
4864 1384 0
4864 3986 0
4864 19879 0
4864 1460 1
4864 453 0
4864 3561 0
6403 8819 0
6403 1653 0
6403 8933 0
6403 6403 0
6403 1807 1
6403 5395 1
6403 18225 0
6403 2880 0
6403 1384 0
6403 6543 0
6403 3986 0
6403 16308 0
6403 481 0
6403 3561 0
2519 8466 1
2519 5395 1
2519 6543 0
6151 6151 2
6151 188 1
6151 8144 1
6151 3794 1
6151 8933 1
6151 8295 1
6151 1384 1
6151 6378 1
6151 3574 1
1160 4145 0
1160 2222 1
1160 561 0
1160 2649 1
1160 2681 0
1160 4957 0
1160 1160 0
1160 1259 0
1160 3352 0
1160 3353 0
1160 3354 0
1160 1384 0
1160 3601 0
1160 7740 0
1160 1653 0
2728 561 0
2728 1807 1
2728 1808 1
2728 3986 0
5395 7740 1
5395 8295 1
5395 8819 1
5395 8933 1
5395 2800 1
5395 5395 2
5395 18225 1
5395 4956 1
5395 4957 1
5395 4958 1
5395 1384 1
5395 2880 1
5395 6543 1
5395 16308 1
5395 481 1
5395 3561 1
1807 3601 1
1807 531 1
1807 10779 1
1807 4145 1
1807 17474 1
1807 13385 1
1807 3150 1
1807 15453 1
1807 17009 1
1807 8819 1
1807 2681 1
1807 2718 1
1807 2721 1
1807 17069 1
1807 687 1
1807 10936 1
1807 2761 1
1807 5854 1
1807 1259 1
1807 2800 1
1807 5880 1
1807 1807 2
1807 1808 2
1807 3345 1
1807 1810 2
1807 1818 1
1807 1819 1
1807 1820 1
1807 561 1
1807 16680 1
1807 19249 1
1807 827 1
1807 2104 1
1807 5463 1
1807 5464 1
1807 4956 1
1807 4958 1
1807 4957 1
1807 19879 1
1807 3517 1
1807 453 1
1807 18225 1
1808 17474 1
1808 1809 2
1808 1810 2
1808 531 1
1808 15453 1
1808 1818 1
1808 1819 1
1808 1820 1
1808 2718 1
1808 2721 1
1808 10779 1
1808 19879 1
1808 687 1
1808 19249 1
1808 5854 1
1808 13385 1
1808 2104 1
1808 827 1
1808 3517 1
1808 2880 1
1808 2761 1
1808 3150 1
1808 10936 1
1808 5463 1
1808 5464 1
1808 4956 1
1808 4957 1
1808 4958 1
1808 3345 1
1808 1259 1
1808 17009 1
1808 8819 1
1808 5880 1
1808 2681 1
1809 3601 1
1809 1810 2
1809 531 1
1809 15453 1
1809 1820 1
1809 16680 1
1809 937 1
1809 17069 1
1809 561 1
1809 563 1
1809 188 1
1809 3517 1
1809 453 1
1809 2761 1
1809 8144 1
1809 3794 1
1809 4145 1
1809 481 1
1809 7740 1
1809 3986 1
1809 1653 1
1809 3574 1
1810 531 1
1810 1818 1
1810 10779 1
1810 1820 1
1810 1819 1
1810 19249 1
1810 937 1
1810 15453 1
1810 4145 1
1810 563 1
1810 4958 1
1810 10936 1
1810 3517 1
1810 17474 1
1810 2761 1
1810 2104 1
1810 4956 1
1810 4957 1
1810 5854 1
1810 1653 1
1810 2681 1
531 3601 0
531 531 0
531 10779 0
531 561 0
531 2104 0
531 17474 0
531 15453 0
531 188 0
531 2718 0
531 10936 0
531 3794 0
531 5854 0
531 1818 0
531 1819 0
531 1820 0
531 19249 0
531 827 0
531 4956 0
531 4957 0
531 4958 0
531 937 0
531 3517 0
531 453 0
531 8144 0
531 3574 0
1259 561 0
1259 3353 0
1259 3354 0
1259 1384 0
1259 3561 0
1259 1653 0
1259 1820 0
1259 3986 0
1259 16308 0
3352 2649 1
3352 2222 1
3352 8466 1
3352 3352 0
3352 3353 0
3352 3354 0
3352 1384 0
3353 2222 1
3353 8466 1
3353 561 0
3353 563 0
3353 2649 1
3353 3353 0
3353 3354 0
3353 1653 0
1818 17474 0
1818 10779 0
1818 4956 0
1818 2761 0
1818 10936 0
1818 2104 0
1818 1819 0
1818 1820 0
1818 15453 0
1818 5854 0
10779 1820 0
10779 1819 0
10779 15453 0
10779 19249 0
10779 4958 0
10779 10936 0
10779 3517 0
10779 17474 0
10779 2104 0
10779 4956 0
10779 4957 0
10779 5854 0
1820 15453 0
1820 1819 0
1820 1820 0
1820 16680 0
1820 687 0
1820 19249 0
1820 563 0
1820 5854 0
1820 2104 0
1820 827 0
1820 3517 0
1820 17474 0
1820 2761 0
1820 10936 0
1820 5464 0
1820 4956 0
1820 4957 0
1820 4958 0
1820 2681 0
3354 2222 1
3354 6378 0
3354 8466 1
3354 561 0
3354 563 0
3354 4956 0
3354 3354 0
3354 1384 0
3986 8466 1
3986 8819 0
3986 8933 0
3986 827 0
3986 1384 0
3986 1653 0
3986 18225 0
3986 2718 0
3986 2880 0
3986 19879 0
3986 3517 0
3986 3561 0
3986 3574 0
3986 3601 0
3986 3345 0
3986 3986 0
3986 687 0
3986 4145 0
3986 4956 0
3986 5464 0
3986 5854 0
3986 5880 0
3986 6378 0
3986 8144 0
2721 2721 0
1819 15453 0
1819 19249 0
1819 4958 0
1819 10936 0
1819 3517 0
1819 17474 0
1819 2761 0
1819 2104 0
1819 5464 0
1819 4956 0
1819 4957 0
1819 5854 0
1819 2681 0
4333 2649 1
4333 1653 0
4333 1460 1
4145 4145 0
4145 16680 0
4145 481 0
4145 561 0
4145 563 0
4145 827 0
4145 4956 0
4145 4957 0
4145 4958 0
4145 937 0
4145 15453 0
4145 3345 0
4145 3517 0
4145 3601 0
4145 5880 0
4145 16308 0
16680 453 0
937 3601 0
937 561 0
937 2718 0
937 6378 0
937 827 0
937 453 0
2222 6378 1
4957 2104 0
4957 6378 0
4957 453 0
4957 561 0
4957 563 0
4957 8819 0
4957 8933 0
4957 19249 0
4957 827 0
4957 4956 0
4957 4958 0
4957 17474 0
4957 15453 0
4957 3345 0
4957 5464 0
4957 1384 0
4957 19879 0
4957 1460 1
4957 3517 0
4957 3561 0
4957 3574 0
4957 3601 0
4957 7740 0
4957 18003 1
4957 1653 0
4957 3794 0
4957 5854 0
4957 8144 0
19249 10936 0
19249 17474 0
19249 2104 0
19249 4956 0
19249 15453 0
563 563 0
563 561 0
563 4956 0
563 453 0
563 481 0
1460 3561 1
1460 4956 1
1460 4958 1
2718 188 0
2718 19879 0
2718 561 0
2718 2681 0
2718 2718 0
2718 827 0
2718 3345 0
2718 453 0
2718 5464 0
2718 1384 0
2761 15453 0
2761 2104 0
2761 17474 0
2761 10936 0
2761 1653 0
2104 10936 0
2104 17474 0
2104 4956 0
2104 15453 0
2104 5854 0
16308 6543 0
16308 8933 0
16308 827 0
16308 2880 0
16308 1384 0
16308 19879 0
16308 3574 0
16308 16308 0
16308 7740 0
16308 18003 1
16308 3345 0
16308 1653 0
16308 5880 0
16308 18225 0
16308 8144 0
827 481 0
827 561 0
827 827 0
827 4956 0
827 4958 0
827 19879 0
827 1653 0
7740 188 0
7740 561 0
7740 7740 0
7740 1653 0
7740 3794 0
7740 4956 0
7740 4958 0
7740 453 0
7740 8144 0
7740 481 0
7740 3574 0
3517 3601 0
3517 561 0
3517 188 0
3517 15453 0
3517 3794 0
3517 5854 0
3517 5464 0
3517 4956 0
3517 4958 0
3517 8144 0
3517 481 0
3517 3574 0
2880 3601 0
2880 8819 0
2880 18225 0
2880 2880 0
2880 8933 0
2880 1384 0
2880 6543 0
2880 3561 0
17474 15453 0
17474 17474 0
17474 10936 0
17474 4956 0
17474 5854 0
17474 3561 0
453 3601 0
453 561 0
453 188 0
453 3794 0
453 4956 0
453 4958 0
453 453 0
453 19879 0
453 3574 0
5854 4956 0
5854 15453 0
5854 10936 0
5854 4958 0
687 5464 0
13385 1653 0
3150 6378 0
8144 3601 0
8144 561 0
8144 188 0
8144 3794 0
8144 4956 0
8144 4958 0
8144 19879 0
8144 481 0
8144 3574 0
10936 15453 0
3794 3601 0
3794 561 0
3794 4956 0
3794 4958 0
3794 481 0
3794 3574 0
18003 6543 1
18003 561 1
18003 4956 1
18003 4958 1
561 188 0
561 6378 0
561 481 0
561 561 0
561 4956 0
561 4958 0
561 19879 0
561 3574 0
561 3601 0
5464 2681 0
5464 4956 0
5464 4958 0
6543 8295 0
6543 8819 0
6543 1653 0
6543 8933 0
6543 18225 0
6543 1384 0
6543 6543 0
6543 3561 0
4956 6378 0
4956 8819 0
4956 8933 0
4956 4956 0
4956 4958 0
4956 15453 0
4956 3345 0
4956 1384 0
4956 19879 0
4956 3561 0
4956 3574 0
4956 3601 0
4956 1653 0
15453 15453 0
15453 4958 0
15453 2681 0
4958 6378 0
4958 8819 0
4958 8933 0
4958 4958 0
4958 3574 0
4958 3345 0
4958 1384 0
4958 19879 0
4958 3561 0
4958 3601 0
4958 1653 0
481 3601 0
481 19879 0
481 8819 0
481 1653 0
481 481 0
481 3561 0
481 3574 0
8933 19879 0
8933 8819 0
8933 8933 0
8933 3345 0
8933 18225 0
8933 1384 0
8933 3561 0
8933 3574 0
8295 1384 0
1384 8819 0
1384 1384 0
1384 19879 0
1384 3561 0
1384 3345 0
1384 18225 0
188 3601 0
188 3574 0
6378 6378 0
19879 8819 0
19879 3345 0
19879 19879 0
19879 3561 0
19879 1653 0
3345 1653 0
3345 3561 0
2800 3561 0
2800 2800 0
8819 8819 0
8819 18225 0
8819 3561 0
3601 3601 0
3601 3574 0
1653 1653 0
1653 2681 0
1653 3561 0
3574 3574 0
3561 18225 0
5880 5880 0
18225 18225 0
