15872 19478 2
15872 3948 2
15872 21379 1
15872 18756 2
15872 2333 1
15872 1572 1
15872 5254 1
15872 5981 1
15872 7591 1
15872 15047 1
15872 4143 1
15872 13043 1
15872 3901 1
15872 7491 1
15872 5572 1
15872 1361 1
15872 10745 1
15872 5213 1
15872 2786 1
15872 1267 1
15872 1653 1
15872 13046 1
15872 6761 1
5632 7741 1
5632 18244 1
1545 1545 0
1545 13431 0
1545 1929 0
1545 12986 1
1545 15175 1
1545 10745 0
15884 12800 1
15884 15884 2
15884 5981 1
15884 8163 1
15884 16102 1
15884 4479 1
13332 15431 0
13332 3153 0
13332 6761 0
13332 13431 0
13332 3948 1
13332 13043 0
13332 4143 0
13332 16271 1
13332 10898 0
13332 15807 0
13332 10745 0
19478 672 1
19478 3948 2
19478 21379 1
8736 13250 1
8736 6761 1
8736 15458 1
8736 5885 1
1572 16271 1
1572 13043 0
1572 287 0
1572 7741 1
1572 10745 0
1572 10898 0
1572 13431 0
4651 6761 0
4651 2712 0
4651 5981 0
4651 3948 1
4651 16271 1
4651 5885 0
4143 7741 1
4143 15431 0
4143 3153 0
4143 16227 0
4143 15807 0
4143 18009 0
4143 15963 0
4143 15458 0
4143 6761 0
4143 10898 0
4143 2786 0
4143 13043 0
4143 7928 0
4143 19207 0
4143 18244 1
4143 15175 1
4143 5961 0
4143 15420 0
4143 16271 1
4143 13431 0
4143 18256 1
4143 1523 0
4143 10745 0
14899 287 0
14899 13099 1
14899 13283 1
14899 1653 0
53 53 0
53 287 0
53 8623 0
53 2712 0
53 2718 0
53 8909 0
53 5243 0
53 1591 0
53 7741 1
53 1653 0
53 1667 0
53 3745 0
53 18244 1
53 5981 0
53 1927 0
1591 4245 0
1591 4319 0
1591 4479 0
1591 3901 0
1591 2712 0
1591 2718 0
1591 6883 0
1591 13046 0
1591 5243 0
1591 5981 0
1591 1591 0
1591 7741 1
1591 1653 0
1591 1667 0
1591 14072 0
1591 18244 1
1591 8163 0
15420 15420 0
15420 18244 1
15420 18256 1
15420 3153 0
15420 10745 0
15420 6761 0
7741 4245 1
7741 3159 1
7741 3160 1
7741 5243 1
7741 1667 1
7741 5764 1
7741 2710 1
7741 2712 1
7741 2718 1
7741 672 1
7741 1653 1
7741 8909 1
7741 13043 1
7741 1929 1
7741 4319 1
7741 5952 1
7741 15175 2
7741 4951 1
7741 1891 1
7741 10898 1
7741 1927 1
7741 15807 1
7741 13250 1
7741 7110 1
7741 3745 1
7741 5582 1
7741 976 1
7741 14072 1
7741 1523 1
7741 10745 1
15431 3153 0
15431 6761 0
15431 13431 0
15431 3948 1
15431 10898 0
15431 13043 0
15431 287 0
15431 16271 1
15431 15807 0
15431 10745 0
2124 2124 0
2124 6761 0
2124 16074 0
2124 5885 0
2124 3948 1
2124 16271 1
16462 6761 0
16462 3948 1
16462 16271 1
3153 15963 0
3153 7716 0
3153 6761 0
3153 13431 0
3153 4245 0
3153 7928 0
3153 19207 0
3153 18244 1
3153 5961 0
3153 18256 1
3153 16271 1
3153 15807 0
1891 4245 0
1891 4319 0
1891 16271 1
3159 18244 1
3160 18244 1
3160 1653 0
18009 3948 1
18009 18230 0
18009 4479 0
18009 16271 1
18009 10745 0
15963 15458 0
15963 13431 0
15963 10898 0
15963 13043 0
15963 7928 0
15963 15175 1
15963 16227 0
15963 16271 1
15963 15807 0
15963 6761 0
15963 10745 0
5213 5213 0
5213 6761 0
5213 2712 0
5213 3901 0
5213 16271 1
5213 3948 1
5213 1472 0
5213 10745 0
15458 13043 0
15458 16271 1
15458 5981 0
15458 6761 0
15458 10745 0
6761 10898 0
6761 6761 0
6761 15807 0
6761 4771 0
6761 16074 0
6761 2786 0
6761 13043 0
6761 9086 0
6761 7928 0
6761 19207 0
6761 16091 0
6761 7491 0
6761 5961 0
6761 17769 0
6761 4475 0
6761 16271 1
6761 13431 0
6761 15175 1
6761 1523 0
6761 1472 0
6761 1478 0
6761 10745 0
5744 5744 0
5744 5885 0
5744 13099 1
5744 16271 1
1653 1653 0
1653 18210 0
1653 18230 0
1653 4479 0
1653 4771 0
1653 13043 0
1653 13046 0
1653 13099 1
1653 13431 0
1653 5243 0
1653 5764 0
1653 15175 1
1653 7110 0
13431 13431 0
13431 10898 0
13431 16074 0
13431 13043 0
13431 19207 0
13431 5952 0
13431 5961 0
13431 16271 1
13431 15175 1
13431 15807 0
13431 10745 0
5243 4319 0
5243 287 0
5243 485 0
5243 2712 0
5243 2718 0
5243 4951 0
5243 21379 0
5243 7298 0
5243 1667 0
5243 5885 0
5243 5952 0
5243 18244 1
5243 3948 1
7298 7928 0
7298 18244 1
7298 4951 0
7298 16271 1
1667 5981 0
1667 14072 0
1667 1667 0
1667 3745 0
1667 13099 1
1667 5952 0
5764 151 1
5254 287 0
5254 5254 0
5254 14072 0
5254 16271 1
10898 18210 0
10898 15807 0
10898 672 0
10898 13046 0
10898 7928 0
10898 1277 1
10898 19207 0
10898 5961 0
10898 10745 0
4245 15807 0
4245 2718 0
4245 4319 0
4245 18244 1
2710 21379 0
2710 2712 0
2710 18244 1
2710 2718 0
151 6883 1
2712 287 0
2712 4479 0
2712 2712 0
2712 2718 0
2712 21379 0
2712 1472 0
2712 5582 0
2712 14072 0
2712 5885 0
2712 18244 1
2712 5981 0
2718 4319 0
2718 287 0
2718 4479 0
2718 2718 0
2718 21379 0
2718 18244 1
2718 1472 0
2718 3745 0
2718 16091 0
2718 14072 0
2718 1927 0
672 672 0
672 5885 0
672 5582 0
3745 287 0
3745 12986 1
3745 15807 0
3745 3745 0
3745 16091 0
3745 18244 1
3745 1927 0
4771 16271 1
4771 3948 1
7110 13099 1
12986 5981 1
12986 18230 1
12986 12986 2
12986 6883 1
15047 15047 0
15047 3901 0
15047 16271 1
16074 7716 0
16074 16271 1
16074 5981 0
16074 3948 1
16074 13043 0
16074 10745 0
8909 287 0
8909 2786 0
8909 3948 1
14548 10745 0
14548 15175 1
14548 13099 1
14548 7928 0
7716 16271 1
7716 13099 1
7716 5885 0
16091 13043 0
16091 15175 1
16091 4951 0
16091 3948 1
16091 7928 0
16091 10745 0
16091 15807 0
15580 13099 1
15580 3948 1
4319 4319 0
4319 287 0
4319 18244 1
4319 8163 0
2786 16271 1
2786 1361 0
2786 3948 1
6883 6883 0
6883 5981 0
6883 1929 0
16102 13099 1
16102 4479 0
13043 13043 0
13043 7928 0
13043 19207 0
13043 3901 0
13043 5961 0
13043 1361 0
13043 1472 0
13043 10745 0
13046 287 0
13046 16271 1
13046 10745 0
7928 19207 0
7928 5961 0
7928 16271 1
7928 16227 0
7928 3948 1
7928 7591 0
7928 15807 0
7928 10745 0
19207 16271 1
19207 287 0
19207 15175 1
19207 10745 0
19207 15807 0
2333 16271 1
2333 10745 0
287 287 0
287 1267 0
287 1478 0
287 18210 0
287 18244 1
287 13099 1
287 13283 1
287 14072 0
287 5885 0
287 8163 0
18210 16271 1
18210 3948 1
13099 12800 1
13099 9060 1
13099 4475 1
13099 9086 1
13099 7591 1
13099 5582 1
18230 18244 1
18230 4479 0
3901 5885 0
3901 3901 0
3901 16271 1
5952 18244 1
5952 3948 1
7491 16271 1
7491 15807 0
7491 1472 0
18244 16227 1
18244 976 1
18244 8163 1
18244 14072 1
18244 5885 1
15175 8623 1
15175 9148 1
15175 1478 1
15175 5961 1
15175 485 1
15175 1523 1
15175 4479 1
5961 16271 1
5961 15807 0
5961 10745 0
1361 16271 1
1361 3948 1
1361 10745 0
4951 21379 0
4951 16271 1
4951 1478 0
5981 4475 0
5981 4479 0
5981 5885 0
5981 5981 0
5981 8163 0
16227 18756 1
9060 3948 1
17769 3948 1
17769 16271 1
3948 1927 1
3948 1929 1
3948 16271 2
3948 405 1
3948 6050 1
3948 8623 1
3948 9148 1
3948 1472 1
3948 18756 2
3948 1478 1
3948 10745 1
3948 3948 2
3948 9086 1
3948 21379 1
4475 16271 1
9086 16271 1
4479 5885 0
21379 21379 0
21379 16271 1
21379 10745 0
1927 15807 0
1927 1472 0
1929 1929 0
1929 1472 0
16271 1267 1
16271 405 1
16271 6050 1
16271 15807 1
16271 1472 1
16271 5572 1
16271 485 1
16271 10745 1
18756 18756 2
6050 8163 0
7591 5582 0
8623 8623 0
1267 1267 0
9148 10745 0
15807 10745 0
1472 5885 0
5582 8163 0
14072 5885 0
485 485 0
5885 5885 0
1523 1523 0
1523 10745 0
