3072 3076 2
3072 7496 1
3072 5230 1
3072 2931 1
3072 4534 1
3072 4536 1
3072 7482 1
3072 915 1
3072 5469 1
3074 129 1
3074 3076 1
3074 3077 0
3074 3079 0
3074 4524 0
3074 2253 0
6147 6147 0
6147 6164 0
6147 138 0
6147 2253 0
6147 2254 0
6147 338 0
6147 6560 0
6147 4524 0
6147 4525 0
6147 4553 0
6147 2718 0
6147 2722 0
6147 4795 0
6147 4801 0
6147 14072 0
6147 4855 0
6147 4859 0
6147 915 0
6147 11236 0
6147 8064 0
6147 3352 0
6147 3355 1
6147 1350 0
6147 3408 0
6147 3446 0
6147 1620 0
6147 5748 0
6147 1653 0
6147 5855 0
6147 16107 0
6147 5926 0
6147 3884 0
6147 5994 0
6147 20182 0
6147 3986 0
6147 16275 0
6147 4017 1
3076 129 2
3076 3076 2
3076 3077 1
3076 3079 1
3077 129 1
3077 3077 0
3077 3079 0
3077 2253 0
3077 1439 0
3079 129 1
3079 3079 0
3080 8228 1
3080 2931 1
3080 2712 1
3080 474 1
3080 287 1
3080 5405 1
3080 1439 1
21518 3470 1
21518 13719 1
21518 287 1
21518 17995 1
7698 7698 0
7698 1158 0
7698 1160 0
7698 1687 0
7698 5855 0
7698 1765 0
7698 5365 0
7698 5367 0
7698 5368 0
7698 301 0
7698 3354 0
7698 3355 1
7698 2338 0
7698 3884 0
7698 2361 1
7698 1350 0
7698 5432 0
7698 5994 0
7698 892 0
7698 6560 0
7698 2500 0
7698 474 0
7698 3043 0
5139 3844 1
5139 16275 1
5139 5140 1
5139 5141 2
5139 8094 1
5139 5552 1
5139 4795 1
5139 1090 1
5139 18894 1
5139 20182 1
5139 5981 1
5139 12838 1
5139 7275 2
5139 8941 1
5139 5230 1
5139 13939 1
5139 7273 1
5139 7317 1
6164 6164 0
6164 2338 0
6164 301 0
6164 2361 1
6164 338 0
6164 6560 0
6164 6740 0
6164 7275 1
6164 2712 0
6164 8867 0
6164 4795 0
6164 7243 0
6164 1160 0
6164 5469 0
6164 1591 0
6164 1653 0
6164 3986 0
6164 16275 0
5141 1090 1
5141 3844 1
5141 4550 1
5141 7273 1
5141 7275 2
5141 8941 1
5141 18894 1
5141 5552 1
5141 1268 1
5141 20182 1
5141 13939 1
5141 5140 1
5141 16275 1
5141 5981 1
5141 8094 1
8214 129 1
8214 8214 0
8214 287 0
8214 5926 0
8214 7275 1
8214 1653 0
5657 5657 0
5657 1687 0
5657 2712 0
5657 669 0
5657 672 0
5657 5368 0
5657 4859 0
5657 301 0
5657 5855 0
5657 1350 0
5657 5994 0
5657 2956 1
5657 3986 0
5657 13719 0
5657 4547 0
5657 5709 0
5657 1002 1
11294 2635 0
11294 19906 1
11294 2724 0
11294 19288 1
11294 2931 0
11294 2956 1
11294 1002 1
11294 11294 0
11294 3178 0
11294 5367 0
11294 19427 0
11294 18299 0
546 3844 1
546 16275 1
546 3352 1
546 3357 1
546 2718 1
546 546 2
546 1957 1
546 15818 1
546 9523 1
546 3358 1
546 2635 1
546 8016 1
546 7517 1
546 11236 1
546 5755 1
8228 4534 0
8228 2039 1
12838 12838 0
12838 1090 0
12838 3141 0
12838 1620 0
12838 1653 0
12838 129 1
12838 7317 0
12838 5855 0
12838 1765 0
12838 2280 0
12838 5367 0
12838 5368 0
12838 3354 0
12838 3357 0
12838 3358 0
12838 2338 0
12838 338 0
12838 5980 0
12838 5981 0
12838 5997 0
12838 3446 0
12838 4524 0
12838 3043 0
1066 5440 1
1066 3363 1
1066 5764 1
1066 138 1
1066 5432 1
1066 4182 1
1066 1066 2
1066 4181 1
18989 18989 0
18989 1308 1
18989 1197 0
18989 5331 1
2606 129 1
2606 2280 0
2606 2338 0
2606 338 0
2606 4547 0
2606 14072 0
2606 6740 0
2606 2722 0
2606 4859 0
2606 11236 0
2606 3408 0
2606 3446 0
2606 1591 0
2606 1653 0
2606 1687 0
2606 5855 0
2606 1765 0
2606 3844 0
2606 2361 1
2606 5981 0
2606 5994 0
2606 3986 0
2606 16374 0
7517 5755 0
7517 3355 1
1591 129 1
1591 3446 0
1591 8391 0
1591 2280 0
1591 2338 0
1591 338 0
1591 4534 0
1591 4536 0
1591 4559 0
1591 6740 0
1591 2703 0
1591 2712 0
1591 2718 0
1591 2722 0
1591 8867 0
1591 2724 0
1591 4795 0
1591 11236 0
1591 7243 0
1591 1197 0
1591 3355 1
1591 5981 0
1591 1591 0
1591 1620 0
1591 1653 0
1591 1687 0
1591 5855 0
1591 14072 0
1591 3986 0
7231 8860 1
7231 4510 1
7231 2722 1
7231 2987 1
7231 2718 1
7231 2721 1
7231 3530 1
7231 3408 1
7231 338 1
7231 1620 1
7231 8674 1
7231 14072 1
1090 3844 0
1090 7317 0
1090 8094 0
1090 5552 0
1090 18894 0
1090 20182 0
1090 5981 0
1090 5926 0
1090 7273 0
1090 5994 0
1090 7275 1
1090 8941 0
1090 16275 0
3141 5981 0
3141 3141 0
3141 3142 0
3141 1620 0
3141 1653 0
3141 129 1
3141 2712 0
3141 2718 0
3141 2722 0
3141 2724 0
3141 6005 0
3141 4801 0
3141 8391 0
3141 5855 0
3141 772 0
3141 3354 0
3141 3355 1
3141 338 0
3141 5994 0
3141 3986 0
3141 915 0
3141 11236 0
3141 6740 0
3142 3142 0
3142 5230 0
3142 1160 0
3142 138 0
3142 1687 0
3142 2722 0
3142 5290 1
3142 4801 0
3142 5855 0
3142 1765 0
3142 5365 0
3142 4855 0
3142 5368 0
3142 4859 0
3142 3357 0
3142 287 0
3142 2338 0
3142 3884 0
3142 2361 1
3142 3986 0
3142 3043 0
3142 16374 0
8777 7496 1
8777 7482 1
17995 8287 0
17995 138 0
17995 4859 0
17995 2361 1
5709 1160 0
5709 1687 0
5709 3355 1
5709 301 0
5709 5709 0
5709 2361 1
5709 5855 0
5709 3043 0
5709 5994 0
5709 5523 0
5709 6005 0
1620 138 0
1620 168 0
1620 2254 0
1620 2280 0
1620 287 0
1620 2338 0
1620 2361 1
1620 338 0
1620 5523 0
1620 4524 0
1620 4534 0
1620 4536 0
1620 4550 0
1620 2703 0
1620 4547 0
1620 2712 0
1620 8860 0
1620 669 0
1620 2718 0
1620 672 0
1620 2722 0
1620 8867 0
1620 4795 0
1620 14072 0
1620 2831 0
1620 8674 0
1620 892 0
1620 8287 0
1620 7273 0
1620 7275 1
1620 7317 0
1620 1197 0
1620 9523 0
1620 5432 0
1620 5469 0
1620 8094 0
1620 20182 0
1620 4551 0
1620 1620 0
1620 5855 0
1620 1765 0
1620 3844 0
1620 301 0
1620 8002 0
1620 5980 0
1620 5981 0
1620 8064 0
1620 3986 0
1620 1957 0
1620 2724 0
4181 6283 1
4181 5432 0
4181 5440 0
4181 4181 0
4182 5764 0
4182 6283 1
4182 5432 0
4182 5440 0
4182 4182 0
8287 5981 0
8287 8287 0
8287 2703 0
8287 2718 0
8287 2722 0
8287 2724 0
8287 168 0
8287 4795 0
8287 5855 0
8287 5331 1
8287 772 0
8287 3352 0
8287 3354 0
8287 3355 1
8287 287 0
8287 3884 0
8287 301 0
8287 9523 0
8287 2361 1
8287 1350 0
8287 338 0
8287 5980 0
8287 5469 0
8287 5997 0
8287 8064 0
8287 5230 0
8287 2712 0
8287 915 0
8287 3530 0
8287 474 0
8287 8674 0
8287 4859 0
8287 11236 0
2635 2338 0
2635 3043 0
2635 19427 0
2635 3352 0
2635 3355 1
2635 3357 0
2635 6459 0
2635 5469 0
2635 18299 0
5735 1687 0
5735 3355 1
5735 2361 1
5735 2500 0
5735 5735 0
7273 3178 0
7273 287 0
7273 6459 0
7273 5980 0
7273 5981 0
7273 3446 0
3178 2724 0
3178 2931 0
3178 2967 0
3178 1002 1
3178 7275 1
3178 7317 0
3178 5926 0
3178 8016 0
7275 3986 1
7275 2338 1
7275 8867 1
7275 168 1
7275 5981 1
7275 15818 1
7275 8016 1
7275 5469 1
7275 2280 1
7275 7275 2
7275 16374 1
7275 5994 1
5230 4524 0
5230 5230 0
5230 1653 0
5230 1158 0
5230 2718 0
5230 13939 0
5230 4795 0
5230 3844 0
5230 7482 0
5230 5981 0
5230 16275 0
5230 4525 0
5230 4526 0
5230 4550 0
5230 8867 0
13939 915 0
13939 1687 0
13939 168 0
13939 5980 0
13939 3884 0
13939 6740 0
13939 13939 0
13939 5981 0
13939 4855 0
13939 5140 0
13939 4859 0
5748 1687 0
5748 3355 1
5748 3354 0
5748 3358 0
5748 301 0
5748 2361 1
5748 16275 0
5748 5755 0
1653 8391 0
1653 8860 0
1653 669 0
1653 891 0
1653 892 0
1653 1160 0
1653 1197 0
1653 1653 0
1653 1765 0
1653 2253 0
1653 2338 0
1653 2361 1
1653 2722 0
1653 3357 0
1653 3986 0
1653 4017 1
1653 4534 0
1653 4536 0
1653 4547 0
1653 4553 0
1653 4801 0
1653 5367 0
1653 5368 0
1653 5523 0
1653 5764 0
1653 5855 0
1653 5997 0
1653 6560 0
1653 6740 0
1653 8002 0
1653 8064 0
1653 16275 0
1653 16374 0
5755 5469 0
5755 138 0
5755 2718 0
5755 2721 0
5755 5755 0
5755 3354 0
5755 3355 1
5755 3358 0
5755 287 0
5755 5432 0
5755 8002 0
5755 1350 0
5755 5981 0
5755 11236 0
129 3844 1
129 5469 1
129 4491 1
129 6740 1
129 2831 1
129 6861 1
129 129 2
129 1158 1
129 2703 1
129 669 1
129 672 1
129 2724 1
129 168 1
129 1197 1
129 8391 1
129 2253 1
129 2254 1
129 772 1
129 20230 1
129 2338 1
129 5926 1
129 4801 1
129 338 1
129 5980 1
129 915 1
129 3446 1
129 7317 1
129 8064 1
129 2967 1
129 5981 1
129 4524 1
129 4525 1
129 4526 1
129 7496 1
129 4534 1
129 4536 1
129 7482 1
129 4547 1
129 4855 1
129 14072 1
129 5523 1
129 16374 1
129 1022 1
2691 2500 1
5764 5440 0
5764 6283 1
645 5552 1
1158 1197 0
1158 7243 0
1158 1158 0
1158 1159 0
1158 1160 0
1158 1687 0
1158 168 0
1158 5855 0
1158 5365 0
1158 2361 1
1158 1350 0
1158 5994 0
1158 892 0
1158 2956 1
1158 915 0
1158 2973 0
1158 4524 0
1158 4525 0
1158 4526 0
1158 2500 0
1158 3043 0
1159 1197 0
1159 7243 0
1159 1159 0
1159 1160 0
1159 1687 0
1159 2718 0
1159 2254 0
1159 2280 0
1159 3354 0
1159 3355 1
1159 287 0
1159 1320 1
1159 301 0
1159 5994 0
1159 6005 0
1159 891 0
1159 892 0
1159 2956 1
1159 1957 0
1159 8860 0
1159 4524 0
1159 4525 0
1159 4526 0
1159 4534 0
1159 4536 0
1159 4550 0
1159 4551 0
1159 4559 0
1159 2724 0
1159 3043 0
1160 5469 0
1160 168 0
1160 301 0
1160 6560 0
1160 4534 0
1160 4536 0
1160 2500 0
1160 4550 0
1160 4551 0
1160 3522 0
1160 3530 0
1160 4855 0
1160 4859 0
1160 891 0
1160 892 0
1160 2987 0
1160 3043 0
1160 1160 0
1160 5365 0
1160 5367 0
1160 5368 0
1160 2361 1
1160 3352 0
1160 3354 0
1160 3355 1
1160 3446 0
1160 5523 0
1160 1957 0
1160 1687 0
1160 5855 0
1160 1765 0
1160 5432 0
1160 5994 0
1160 1350 0
138 5469 0
138 20182 0
138 3355 1
138 2338 0
138 338 0
138 3986 0
138 8094 0
138 11236 0
138 1022 0
6283 3363 1
6283 5440 1
6283 12238 1
3522 4801 0
3522 5855 0
3522 1765 0
3522 5367 0
3522 5368 0
3522 301 0
3522 2361 1
3522 2956 1
3522 3522 0
3522 2500 0
2703 301 0
2703 2361 1
2703 338 0
2703 4534 0
2703 2500 0
2703 474 0
2703 8674 0
2703 6740 0
2703 2703 0
2703 2712 0
2703 8860 0
2703 2718 0
2703 2721 0
2703 2722 0
2703 8867 0
2703 2724 0
2703 4855 0
2703 4859 0
2703 915 0
2703 11236 0
2703 1022 0
2703 5331 1
2703 3408 0
2703 5855 0
2703 3884 0
2703 3986 0
2703 1957 0
7317 287 0
7317 2338 0
7317 338 0
7317 3844 0
7317 2712 0
7317 772 0
7317 2967 0
7317 1022 0
7317 5994 0
7317 3352 0
7317 3354 0
7317 3355 1
7317 5926 0
7317 5980 0
7317 5981 0
7317 6005 0
7317 3986 0
7317 16275 0
1687 891 0
1687 168 0
1687 2338 0
1687 301 0
1687 2361 1
1687 6560 0
1687 4534 0
1687 4536 0
1687 4547 0
1687 2500 0
1687 4550 0
1687 2721 0
1687 3530 0
1687 4801 0
1687 4855 0
1687 4859 0
1687 892 0
1687 2987 0
1687 3043 0
1687 1022 0
1687 5981 0
1687 1197 0
1687 5365 0
1687 5367 0
1687 5368 0
1687 8064 0
1687 3352 0
1687 3354 0
1687 3355 1
1687 3358 0
1687 5432 0
1687 5469 0
1687 3446 0
1687 5523 0
1687 1687 0
1687 5855 0
1687 1765 0
1687 5926 0
1687 3884 0
1687 5994 0
1687 1957 0
1687 3408 0
2712 168 0
2712 8391 0
2712 287 0
2712 2338 0
2712 338 0
2712 2500 0
2712 18894 0
2712 474 0
2712 6740 0
2712 2712 0
2712 8860 0
2712 2718 0
2712 2721 0
2712 2722 0
2712 8867 0
2712 2724 0
2712 4795 0
2712 4801 0
2712 4855 0
2712 4859 0
2712 772 0
2712 2931 0
2712 915 0
2712 3043 0
2712 11236 0
2712 1022 0
2712 5331 1
2712 3354 0
2712 5432 0
2712 4547 0
2712 3446 0
2712 5855 0
2712 14072 0
2712 3884 0
2712 5980 0
2712 5981 0
2712 8064 0
2712 3986 0
2712 16374 0
8860 2718 0
8860 2721 0
8860 2722 0
8860 5331 1
8860 1765 0
8860 287 0
8860 2361 1
8860 16275 0
8860 3986 0
8860 915 0
8860 4559 0
8860 8674 0
669 168 0
669 301 0
669 2361 1
669 338 0
669 669 0
669 2718 0
669 8867 0
669 4795 0
669 4855 0
669 4859 0
669 2967 0
669 5405 0
669 5432 0
669 1765 0
669 3884 0
669 5981 0
669 2039 1
2718 168 0
2718 8391 0
2718 287 0
2718 2338 0
2718 301 0
2718 2361 1
2718 5523 0
2718 4524 0
2718 4525 0
2718 4534 0
2718 4536 0
2718 4547 0
2718 2500 0
2718 4550 0
2718 8674 0
2718 6740 0
2718 2718 0
2718 2722 0
2718 2724 0
2718 4795 0
2718 4801 0
2718 4859 0
2718 772 0
2718 2831 0
2718 915 0
2718 3043 0
2718 5331 1
2718 9523 0
2718 5432 0
2718 3408 0
2718 5469 0
2718 3446 0
2718 3530 0
2718 5855 0
2718 14072 0
2718 3884 0
2718 8064 0
2718 3986 0
2718 16374 0
672 672 0
672 4855 0
672 4859 0
672 301 0
672 3884 0
672 2361 1
672 338 0
672 2967 0
672 1439 0
2721 5523 0
2721 2721 0
2721 2722 0
2721 168 0
2721 301 0
2721 2361 1
2721 4795 0
2721 14072 0
2721 5469 0
2721 5855 0
2721 8674 0
2721 6740 0
2722 168 0
2722 8391 0
2722 2338 0
2722 301 0
2722 338 0
2722 5523 0
2722 4524 0
2722 4525 0
2722 4547 0
2722 2500 0
2722 4553 0
2722 8674 0
2722 6740 0
2722 2722 0
2722 4795 0
2722 4801 0
2722 4859 0
2722 772 0
2722 915 0
2722 3043 0
2722 1322 1
2722 9523 0
2722 5432 0
2722 5469 0
2722 3446 0
2722 5855 0
2722 14072 0
2722 3884 0
2722 5981 0
2722 8064 0
2722 3986 0
2722 2724 0
8867 2280 0
8867 2338 0
8867 301 0
8867 338 0
8867 4491 0
8867 6560 0
8867 4547 0
8867 6740 0
8867 8867 0
8867 4795 0
8867 19288 1
8867 3043 0
8867 11236 0
8867 1022 0
8867 7496 0
8867 3446 0
8867 3884 0
8867 3986 0
8867 16275 0
2724 8391 0
2724 2338 0
2724 2361 1
2724 4510 0
2724 4524 0
2724 2500 0
2724 4553 0
2724 6740 0
2724 2724 0
2724 4795 0
2724 4801 0
2724 6861 0
2724 772 0
2724 915 0
2724 19427 0
2724 11236 0
2724 1197 0
2724 287 0
2724 14072 0
2724 5981 0
2724 18299 0
2724 3986 0
168 168 0
168 2253 0
168 2280 0
168 287 0
168 301 0
168 338 0
168 4491 0
168 4534 0
168 4547 0
168 4795 0
168 1022 0
168 7243 0
168 1197 0
168 5367 0
168 5368 0
168 3354 0
168 3355 1
168 3358 0
168 5469 0
168 3446 0
168 14072 0
168 3844 0
168 5981 0
168 16275 0
5290 4524 1
5290 4525 1
5290 4526 1
5290 2973 1
5290 287 1
1197 1180 0
1197 4551 0
1197 1197 0
1197 5855 0
1197 1765 0
1197 4859 0
1197 772 0
1197 3354 0
1197 5405 0
1197 3358 0
1197 2338 0
1197 301 0
1197 5432 0
1197 2361 1
1197 3408 0
1197 892 0
1197 2973 0
1197 1957 0
1197 2500 0
1197 4550 0
1197 4553 0
1197 3043 0
1197 6560 0
1197 5523 0
3357 3844 0
3357 16275 0
3357 3352 0
3357 3355 1
3357 3358 0
3357 4553 0
3357 8016 0
3357 6740 0
3357 11236 0
3357 8941 0
4795 4525 0
4795 4795 0
4795 8391 0
4795 2254 0
4795 2280 0
4795 3844 0
4795 301 0
4795 2361 1
4795 338 0
4795 5469 0
4795 16275 0
4795 2967 0
4795 4524 0
4795 4526 0
4795 4534 0
4795 4536 0
4795 4550 0
4795 4551 0
4795 474 0
15818 8391 0
15818 5855 0
15818 1765 0
15818 3354 0
15818 3355 1
15818 8016 0
15818 5980 0
15818 5981 0
15818 3986 0
6334 287 1
4801 4801 0
4801 8391 0
4801 5367 0
4801 5368 0
4801 772 0
4801 3352 0
4801 301 0
4801 2361 1
4801 5994 0
4801 3986 0
4801 915 0
4801 2500 0
4801 4559 0
8391 5469 0
8391 8391 0
8391 2253 0
8391 2280 0
8391 772 0
8391 2831 0
8391 301 0
8391 2361 1
8391 7496 0
8391 2967 0
8391 3986 0
8391 915 0
8391 4534 0
8391 4536 0
8391 4553 0
8391 14072 0
8391 3043 0
8391 5523 0
8391 16374 0
8391 6740 0
2253 2254 0
2253 2361 1
2253 3986 0
2254 5855 0
2254 9523 0
2254 2361 1
2254 5981 0
2254 5523 0
6861 2956 1
6861 5981 0
5331 8002 1
5331 3844 1
5331 9523 1
18894 287 0
18894 5552 0
20182 3986 0
20182 8094 0
20182 5981 0
20182 1022 0
2782 2956 1
2782 3986 0
2782 5523 0
2782 287 0
2782 301 0
2782 2361 1
2782 5981 0
2782 2782 0
5855 152 1
5855 2280 0
5855 301 0
5855 2361 1
5855 4491 0
5855 6560 0
5855 4524 0
5855 7243 0
5855 4534 0
5855 4536 0
5855 4547 0
5855 2500 0
5855 4551 0
5855 4553 0
5855 4559 0
5855 474 0
5855 4550 0
5855 14072 0
5855 4859 0
5855 2831 0
5855 892 0
5855 2987 0
5855 11236 0
5855 1022 0
5855 1180 0
5855 5365 0
5855 3352 0
5855 3354 0
5855 3358 0
5855 5432 0
5855 1350 0
5855 5469 0
5855 3446 0
5855 5367 0
5855 5855 0
5855 1765 0
5855 5926 0
5855 5980 0
5855 5981 0
5855 5994 0
5855 6005 0
18299 2931 0
18299 19427 0
18299 1002 1
18299 19906 1
18299 18299 0
1765 152 1
1765 6560 0
1765 4534 0
1765 4536 0
1765 4550 0
1765 4551 0
1765 8674 0
1765 6740 0
1765 19906 1
1765 8941 0
1765 2931 0
1765 891 0
1765 3043 0
1765 5367 0
1765 5368 0
1765 3352 0
1765 3355 1
1765 5469 0
1765 1765 0
1765 5926 0
1765 6005 0
1765 3986 0
1765 16374 0
2280 2280 0
2280 2361 1
2280 16275 0
2280 5981 0
2280 3446 0
2280 3986 0
2280 16374 0
16107 3352 0
16107 3354 0
16107 3355 1
16107 3358 0
16107 2338 0
16107 5523 0
16107 16107 0
16107 915 0
16107 2039 1
16107 1022 0
8941 3354 0
8941 3358 0
8941 9523 0
8941 7482 0
8941 5980 0
8941 5981 0
8941 5997 0
8941 8941 0
8941 3986 0
1268 772 0
1268 2956 1
1268 287 0
1268 4550 0
1268 6740 0
5365 3354 0
5365 891 0
5365 5365 0
5365 5367 0
5365 5368 0
5365 3355 1
5365 5432 0
5365 2361 1
5365 301 0
5365 3446 0
5365 892 0
5365 3986 0
5365 5523 0
5365 2500 0
5365 6560 0
3844 5469 0
3844 5367 0
3844 3844 0
3844 2831 0
3844 3352 0
3844 3354 0
3844 3358 0
3844 5926 0
3844 338 0
3844 5980 0
3844 5997 0
3844 3446 0
3844 3986 0
3844 915 0
3844 5981 0
3844 3043 0
5367 5367 0
5367 5368 0
5367 2361 1
5367 3354 0
5367 3355 1
5367 2338 0
5367 301 0
5367 5432 0
5367 892 0
5367 8064 0
5367 3986 0
5367 6560 0
5367 1957 0
5367 2500 0
5367 3043 0
5368 3354 0
5368 3355 1
5368 2338 0
5368 5926 0
5368 5432 0
5368 2361 1
5368 338 0
5368 3986 0
5368 6560 0
5368 1957 0
5368 2500 0
5368 3043 0
4859 301 0
4859 2361 1
4859 6560 0
4859 4534 0
4859 4547 0
4859 2500 0
4859 4550 0
4859 4524 0
4859 6740 0
4859 4855 0
4859 4859 0
4859 3043 0
4859 1022 0
4859 892 0
4859 3354 0
4859 3355 1
4859 5432 0
4859 3446 0
4859 5523 0
4859 14072 0
4859 3884 0
4859 5980 0
4859 5981 0
4859 5997 0
4859 3986 0
4859 1957 0
772 772 0
772 2361 1
772 5981 0
772 2931 0
772 4534 0
20230 3355 1
2831 2831 0
2831 287 0
2831 1322 1
2831 338 0
2831 5981 0
2831 3446 0
2831 2956 1
2831 3986 0
2831 5523 0
2831 5469 0
2831 2967 0
2831 4536 0
3352 3352 0
3352 3354 0
3352 3355 1
3352 287 0
3352 301 0
3352 8016 0
3352 5981 0
3352 5523 0
3352 2500 0
3352 4550 0
3352 11236 0
3354 287 0
3354 2338 0
3354 301 0
3354 2361 1
3354 6459 0
3354 6560 0
3354 2500 0
3354 4550 0
3354 891 0
3354 892 0
3354 3043 0
3354 11236 0
3354 7243 0
3354 3354 0
3354 3355 1
3354 3358 0
3354 7482 0
3354 3408 0
3354 2987 0
3354 8016 0
3354 5432 0
3354 5981 0
3354 16275 0
3354 1957 0
3354 12238 0
3355 12238 1
3355 1180 1
3355 4551 1
3355 3358 1
3355 3884 1
3355 11236 1
3355 3355 2
3355 301 1
3355 1350 1
3355 3408 1
3355 5432 1
3355 5980 1
3355 5994 1
3355 5997 1
3355 6005 1
3355 891 1
3355 892 1
3355 13719 1
3355 6560 1
3355 1957 1
3355 2987 1
3355 7243 1
3355 2500 1
3355 4550 1
3355 4559 1
3355 8016 1
3355 3043 1
1308 8002 1
5405 4550 0
5405 2338 0
5405 4551 0
5405 4553 0
5405 4559 0
5405 2039 1
3358 3358 0
3358 8016 0
3358 5997 0
3358 8064 0
3358 16275 0
3358 2500 0
3358 11236 0
287 287 0
287 1180 0
287 2338 0
287 2956 1
287 3043 0
287 11236 0
287 3363 0
287 3446 0
287 1957 0
287 4536 0
287 4553 0
287 4559 0
287 14072 0
287 5980 0
287 5994 0
287 8002 0
287 8094 0
287 16374 0
2338 152 1
2338 2338 0
2338 4491 0
2338 4550 0
2338 14072 0
2338 5926 0
2338 4855 0
2338 2967 0
2338 1022 0
2338 5981 0
2338 5432 0
2338 5469 0
2338 4547 0
2338 5980 0
2338 5994 0
2338 3986 0
2338 4017 1
5926 301 0
5926 5926 0
5926 2361 1
5926 1350 0
5926 5980 0
5926 5981 0
5926 5994 0
5926 3446 0
5926 3986 0
5926 3043 0
1322 4524 1
1322 5432 1
3884 3884 0
3884 301 0
3884 5432 0
3884 2361 1
3884 4547 0
3884 892 0
3884 5523 0
3884 1957 0
3884 4524 0
3884 4525 0
3884 4526 0
3884 4534 0
3884 2500 0
3884 4855 0
3884 14072 0
3884 6560 0
3884 1022 0
301 5469 0
301 7243 0
301 4855 0
301 301 0
301 2361 1
301 1350 0
301 5432 0
301 5994 0
301 5523 0
301 6005 0
301 3446 0
301 891 0
301 892 0
301 6560 0
301 5981 0
301 4534 0
301 4547 0
301 2500 0
301 4550 0
301 474 0
301 8674 0
301 3043 0
301 4551 0
301 6740 0
5432 4534 0
5432 4536 0
5432 4547 0
5432 2500 0
5432 4550 0
5432 4551 0
5432 4855 0
5432 892 0
5432 2967 0
5432 5432 0
5432 5469 0
5432 5523 0
5432 14072 0
5432 3043 0
5432 5981 0
5432 6005 0
2361 5469 1
2361 4547 1
2361 6005 1
2361 2361 2
2361 16275 1
2361 1350 1
2361 5980 1
2361 5994 1
2361 5523 1
2361 3446 1
2361 6740 1
2361 891 1
2361 892 1
2361 8064 1
2361 5997 1
2361 4491 1
2361 6560 1
2361 1957 1
2361 4524 1
2361 7243 1
2361 2500 1
2361 4550 1
2361 4551 1
2361 4553 1
2361 3530 1
2361 4559 1
2361 474 1
2361 8674 1
2361 3043 1
2361 1022 1
7482 4524 0
7482 4534 0
7482 915 0
6459 13719 0
6459 4017 1
6459 1002 1
16275 5981 0
16275 5997 0
16275 16275 0
16275 3986 0
16275 4524 0
5440 5440 0
8002 3986 0
8002 8002 0
8002 11236 0
1350 5994 0
1350 1350 0
1350 5980 0
1350 5981 0
1350 6005 0
1350 3446 0
1350 892 0
1350 2500 0
1350 5523 0
7496 7496 0
7496 3408 0
7496 3986 0
7496 915 0
7496 4534 0
7496 2039 1
8016 8016 0
8016 5981 0
8016 3986 0
8016 11236 0
338 5469 0
338 338 0
338 4550 0
338 4551 0
338 8674 0
338 2967 0
338 1022 0
338 3446 0
338 5980 0
338 5981 0
3043 4491 0
3043 6560 0
3043 4547 0
3043 2500 0
3043 4550 0
3043 4551 0
3043 474 0
3043 891 0
3043 892 0
3043 3043 0
3043 7243 0
3043 3446 0
3043 5523 0
3043 5980 0
3043 5981 0
3043 5994 0
3043 6005 0
3043 1957 0
19288 4855 1
5980 11236 0
5980 5469 0
5980 3446 0
5980 8064 0
5980 3986 0
5980 915 0
5981 915 0
5981 1439 0
5981 11236 0
5981 2500 0
5981 3446 0
5981 3986 0
5981 5469 0
5981 5981 0
5981 5997 0
5981 6005 0
5981 6560 0
5981 6740 0
5981 8064 0
5981 16374 0
5994 4547 0
5994 2500 0
5994 915 0
5994 1022 0
5994 7243 0
5994 3446 0
5994 3530 0
5994 5994 0
5994 6005 0
5994 1957 0
5997 4553 0
5997 5997 0
5997 3446 0
5997 1957 0
5997 11236 0
2931 2931 0
2931 4550 0
2931 4551 0
6005 7243 0
6005 6005 0
6005 3446 0
6005 4525 0
6005 6560 0
6005 3530 0
6005 1957 0
3446 2500 0
3446 11236 0
3446 5469 0
3446 3446 0
3446 5552 0
891 3408 0
891 891 0
891 892 0
891 1957 0
891 2500 0
891 4550 0
891 4551 0
892 892 0
892 5523 0
892 4524 0
892 4525 0
892 4526 0
892 2500 0
892 4550 0
892 4551 0
892 4553 0
892 4559 0
8064 16374 0
8064 8064 0
8064 3986 0
8064 915 0
8064 4534 0
8064 4550 0
8064 4551 0
4491 4491 0
2956 2956 2
2956 2967 1
2956 1180 1
2956 2973 1
2956 4553 1
2956 19427 1
3470 152 1
3470 3470 0
152 152 2
152 4510 1
3986 1022 0
3986 16374 0
3986 1439 0
3986 14072 0
3986 2967 0
3986 3986 0
3986 4017 1
3986 4510 0
3986 4525 0
3986 4534 0
3986 4547 0
3986 4550 0
3986 4551 0
3986 5469 0
3986 5523 0
3986 6740 0
915 4547 0
915 8674 0
915 915 0
915 4524 0
915 4525 0
915 4526 0
915 5552 0
915 4534 0
915 4536 0
915 14072 0
915 474 0
5469 5523 0
5469 4524 0
5469 4525 0
5469 4526 0
5469 4534 0
5469 4536 0
5469 2967 0
5469 1022 0
5469 5469 0
2967 2967 0
2967 2987 0
2967 4534 0
2967 4536 0
2967 4550 0
2967 4551 0
2973 4547 0
2973 2973 0
2973 4550 0
1439 1439 0
1439 2039 1
6560 6560 0
6560 1957 0
6560 4524 0
6560 4550 0
1957 6740 0
1957 1957 0
1957 4524 0
1957 4525 0
1957 4526 0
1957 4550 0
1957 4551 0
1957 4553 0
1957 4559 0
1180 1180 0
1180 5523 0
1180 2500 0
2987 2987 0
4524 4524 0
4524 4525 0
4524 4526 0
4524 2500 0
4524 1022 0
4525 4526 0
5552 5552 0
4017 1022 1
7243 7243 0
7243 6740 0
4534 4534 0
4536 4547 0
4536 4551 0
4536 4536 0
4536 4550 0
4536 8674 0
4536 5523 0
19906 19427 1
4547 4547 0
2500 2500 0
2500 5523 0
4550 4550 0
4550 4551 0
4550 4553 0
4550 5523 0
4551 5523 0
4551 4553 0
4551 4551 0
4553 4553 0
4553 4559 0
3530 8674 0
4855 4855 0
4855 1022 0
4855 14072 0
12238 11236 0
4559 1022 0
14072 11236 0
14072 6740 0
3408 3408 0
3408 1022 0
8674 8674 0
11236 11236 0
11236 1022 0
1002 1002 2
5523 5523 0
16374 6740 0
16374 16374 0
6740 1022 0
1022 1022 0
