2048 2048 2
2048 16388 1
2048 6167 1
2048 4130 1
2048 53 1
2048 16444 1
2048 8254 1
2048 2115 1
2048 4256 1
2048 4259 1
2048 6359 1
2048 4319 1
2048 237 1
2048 6401 1
2048 16308 1
2048 8477 1
2048 2338 1
2048 8500 1
2048 4409 1
2048 2382 1
2048 6484 1
2048 6543 1
2048 418 1
2048 4535 1
2048 14790 1
2048 6599 1
2048 8654 1
2048 4559 1
2048 2535 1
2048 8277 1
2048 537 1
2048 2594 1
2048 2600 1
2048 2601 1
2048 2605 1
2048 2606 1
2048 6737 1
2048 6738 1
2048 6739 1
2048 6740 1
2048 6741 1
2048 14963 1
2048 12941 1
2048 8867 1
2048 8875 1
2048 8881 1
2048 4825 1
2048 760 1
2048 8977 1
2048 832 1
2048 4963 1
2048 4972 1
2048 4973 1
2048 2936 1
2048 2937 1
2048 5005 1
2048 5020 1
2048 5028 1
2048 5029 1
2048 5072 1
2048 13355 1
2048 7227 1
2048 5188 1
2048 3141 1
2048 5207 1
2048 3236 1
2048 3283 1
2048 3345 1
2048 5399 1
2048 3426 1
2048 1384 1
2048 1388 1
2048 1392 1
2048 3462 1
2048 19879 1
2048 7622 1
2048 5630 1
2048 1824 1
2048 5679 1
2048 1591 1
2048 1604 1
2048 16031 1
2048 7858 1
2048 7893 1
2048 3802 1
2048 1765 1
2048 1779 1
2048 3848 1
2048 8503 1
2048 3927 1
2048 5981 1
2048 5982 1
2048 3978 1
2048 3986 1
2048 2722 1
2048 18410 1
6147 6147 0
6147 2174 1
6147 4256 0
6147 1736 0
6147 263 0
6147 4409 0
6147 2594 0
6147 14094 0
6147 6765 0
6147 2722 0
6147 4916 0
6147 4963 0
6147 4966 0
6147 5015 0
6147 5020 0
6147 5028 0
6147 5029 0
6147 13355 0
6147 5188 0
6147 1098 0
6147 19879 0
6147 5373 1
6147 3345 0
6147 3426 0
6147 1384 0
6147 1388 0
6147 3462 0
6147 15847 0
6147 16349 0
6147 1547 0
6147 1653 0
6147 1779 0
6147 3846 0
6147 8500 0
6147 3927 0
6147 3978 0
6147 3986 0
6147 16308 0
6147 2382 0
16388 6167 0
16388 4130 0
16388 8881 0
16388 16444 0
16388 8254 0
16388 15551 0
16388 8277 0
16388 1388 0
16388 2937 0
16388 4256 0
16388 4259 0
16388 8409 0
16388 237 0
16388 12584 0
16388 8493 0
16388 8500 0
16388 6484 0
16388 6543 0
16388 2594 0
16388 2600 0
16388 2601 0
16388 2605 0
16388 2606 0
16388 6737 0
16388 6738 0
16388 6739 0
16388 6740 0
16388 6741 0
16388 6765 0
16388 2722 0
16388 8883 0
16388 4916 0
16388 17241 0
16388 4963 0
16388 4966 0
16388 4967 0
16388 4971 0
16388 4972 0
16388 4973 0
16388 4974 0
16388 9077 0
16388 2936 0
16388 832 0
16388 5005 0
16388 5015 0
16388 5020 0
16388 5028 0
16388 5630 0
16388 7227 0
16388 3141 0
16388 1098 0
16388 5207 0
16388 3283 0
16388 5399 0
16388 1384 0
16388 1392 0
16388 19879 0
16388 7616 0
16388 5029 0
16388 5679 0
16388 1591 0
16388 3345 0
16388 1653 0
16388 16031 0
16388 8477 0
16388 7858 0
16388 1736 0
16388 7893 0
16388 3802 0
16388 1779 0
16388 3846 0
16388 3848 0
16388 14094 0
16388 3978 0
16388 3986 0
16388 16292 1
16388 16308 0
16388 16349 0
1547 1547 0
1547 11926 0
1547 8347 1
1547 5841 1
1547 4972 0
1547 3986 0
1547 4521 0
1547 7622 0
6675 6167 0
6675 13355 0
6675 6739 0
6675 6740 0
6675 6741 0
6675 2174 1
6675 8867 0
6675 8881 0
6675 7893 0
6675 4825 0
6675 5373 1
6675 8409 0
6675 2338 0
6675 8503 0
6675 6484 0
6675 3426 0
6675 3462 0
6675 19879 0
6675 16308 0
6675 16031 0
6167 6167 0
6167 2600 0
6167 2601 0
6167 2605 0
6167 16444 0
6167 6739 0
6167 8277 0
6167 2174 1
6167 3283 0
6167 7893 0
6167 2937 0
6167 1765 0
6167 8500 0
6167 1384 0
6167 1388 0
6167 1392 0
6167 832 0
6167 6543 0
6167 3986 0
6167 8977 0
6167 5535 1
6167 16308 0
537 12584 0
537 8493 0
537 8503 0
537 418 0
537 537 0
537 6738 0
537 6739 0
537 6765 0
537 14963 0
537 8883 0
537 4916 0
537 2936 0
537 2937 0
537 5005 0
537 15551 0
537 5373 1
537 7616 0
537 5724 0
537 1653 0
537 11926 0
537 1736 0
537 3802 0
537 1765 0
537 5981 0
537 3978 0
537 16292 1
17952 3986 0
17952 16292 1
17952 16183 1
17952 2793 0
4130 4130 0
4130 2605 0
4130 2606 0
4130 5679 0
4130 1591 0
4130 7227 0
4130 1098 0
4130 2594 0
4130 6740 0
4130 6741 0
4130 6765 0
4130 1653 0
4130 1388 0
4130 17241 0
4130 4256 0
4130 2722 0
4130 4259 0
4130 8881 0
4130 7858 0
4130 8883 0
4130 15551 0
4130 7893 0
4130 3802 0
4130 237 0
4130 3345 0
4130 8477 0
4130 12584 0
4130 8493 0
4130 16292 1
4130 3426 0
4130 4963 0
4130 4966 0
4130 4967 0
4130 4971 0
4130 4972 0
4130 4973 0
4130 4974 0
4130 2936 0
4130 2937 0
4130 1929 0
4130 3978 0
4130 3986 0
4130 5015 0
4130 5020 0
4130 5028 0
4130 5029 0
4130 5981 0
4130 19879 0
4130 16308 0
4130 7616 0
4130 6599 0
4130 16349 0
4130 6739 0
8881 8881 0
8881 53 0
8881 8254 0
8881 2115 0
8881 8277 0
8881 8347 1
8881 4259 0
8881 4319 0
8881 237 0
8881 263 0
8881 2338 0
8881 8493 0
8881 8500 0
8881 4409 0
8881 2382 0
8881 6484 0
8881 4535 0
8881 14790 0
8881 2594 0
8881 2600 0
8881 2601 0
8881 2605 0
8881 2606 0
8881 6737 0
8881 6738 0
8881 6739 0
8881 6740 0
8881 6741 0
8881 8875 0
8881 8654 0
8881 8977 0
8881 4963 0
8881 4966 0
8881 4971 0
8881 4972 0
8881 4973 0
8881 4974 0
8881 2936 0
8881 5005 0
8881 5015 0
8881 5028 0
8881 5029 0
8881 7227 0
8881 3141 0
8881 5207 0
8881 4967 0
8881 3236 0
8881 9077 0
8881 2937 0
8881 3345 0
8881 5399 0
8881 1384 0
8881 1388 0
8881 1392 0
8881 3462 0
8881 19879 0
8881 5679 0
8881 1591 0
8881 1604 0
8881 1653 0
8881 16031 0
8881 8477 0
8881 7858 0
8881 1736 0
8881 3802 0
8881 1765 0
8881 3846 0
8881 3848 0
8881 3927 0
8881 5981 0
8881 5982 0
8881 3978 0
8881 3986 0
2600 8254 0
2600 8277 0
2600 1388 0
2600 8347 1
2600 4256 0
2600 4259 0
2600 8409 0
2600 237 0
2600 263 0
2600 8477 0
2600 2338 0
2600 12584 0
2600 4409 0
2600 6484 0
2600 6526 0
2600 6543 0
2600 14790 0
2600 6599 0
2600 2594 0
2600 2601 0
2600 2606 0
2600 6737 0
2600 6738 0
2600 6739 0
2600 6740 0
2600 6741 0
2600 2722 0
2600 8867 0
2600 8875 0
2600 8883 0
2600 8977 0
2600 832 0
2600 4963 0
2600 4966 0
2600 4967 0
2600 4971 0
2600 4972 0
2600 4974 0
2600 2936 0
2600 5015 0
2600 5020 0
2600 5029 0
2600 13355 0
2600 7227 0
2600 3221 0
2600 5399 0
2600 3426 0
2600 1384 0
2600 1392 0
2600 1591 0
2600 1653 0
2600 16031 0
2600 7858 0
2600 7893 0
2600 3848 0
2600 5981 0
2600 3978 0
2600 3986 0
2600 16308 0
2600 16349 0
2601 8875 0
2601 53 0
2601 8254 0
2601 2115 0
2601 8277 0
2601 1388 0
2601 4256 0
2601 6359 0
2601 8477 0
2601 2338 0
2601 8500 0
2601 6484 0
2601 6526 0
2601 6543 0
2601 14790 0
2601 6599 0
2601 2594 0
2601 2601 0
2601 2605 0
2601 2606 0
2601 6737 0
2601 6738 0
2601 6739 0
2601 6740 0
2601 6741 0
2601 2722 0
2601 8867 0
2601 8977 0
2601 832 0
2601 4967 0
2601 4972 0
2601 2936 0
2601 2937 0
2601 5005 0
2601 5028 0
2601 5029 0
2601 3141 0
2601 5373 1
2601 3345 0
2601 5399 0
2601 3426 0
2601 1384 0
2601 1392 0
2601 3462 0
2601 19879 0
2601 7605 0
2601 16308 0
2601 1653 0
2601 16031 0
2601 7858 0
2601 14963 0
2601 7893 0
2601 3802 0
2601 1765 0
2601 3848 0
2601 14094 0
2601 5981 0
2601 3978 0
2601 3986 0
13355 2174 1
13355 1736 0
13355 8409 0
13355 12584 0
13355 8493 0
13355 4409 0
13355 6737 0
13355 8977 0
13355 8883 0
13355 4825 0
13355 4963 0
13355 4966 0
13355 4967 0
13355 4971 0
13355 9077 0
13355 2936 0
13355 5005 0
13355 5015 0
13355 5020 0
13355 17241 0
13355 7227 0
13355 5188 0
13355 3141 0
13355 1098 0
13355 5207 0
13355 15551 0
13355 3283 0
13355 1392 0
13355 7616 0
13355 19879 0
13355 7605 0
13355 1653 0
13355 8477 0
13355 7893 0
13355 3802 0
13355 1765 0
13355 3846 0
13355 1824 0
13355 16183 1
13355 1929 0
13355 16349 0
2605 2605 0
2605 2606 0
2605 5679 0
2605 1591 0
2605 7227 0
2605 8254 0
2605 1098 0
2605 6739 0
2605 6741 0
2605 5207 0
2605 6765 0
2605 8477 0
2605 1653 0
2605 7616 0
2605 1388 0
2605 17241 0
2605 4256 0
2605 1392 0
2605 2722 0
2605 4259 0
2605 7858 0
2605 8883 0
2605 15551 0
2605 2594 0
2605 7893 0
2605 3802 0
2605 14094 0
2605 3345 0
2605 12584 0
2605 8493 0
2605 4916 0
2605 8500 0
2605 16292 1
2605 3426 0
2605 4963 0
2605 4966 0
2605 4967 0
2605 4971 0
2605 4972 0
2605 4973 0
2605 4974 0
2605 2936 0
2605 2937 0
2605 5015 0
2605 237 0
2605 3986 0
2605 5020 0
2605 5028 0
2605 5029 0
2605 5981 0
2605 19879 0
2605 16308 0
2605 16031 0
2605 6599 0
2605 16349 0
2606 53 0
2606 8254 0
2606 4256 0
2606 4259 0
2606 6359 0
2606 8409 0
2606 237 0
2606 2338 0
2606 12584 0
2606 8493 0
2606 8500 0
2606 4409 0
2606 6484 0
2606 6526 0
2606 6543 0
2606 14790 0
2606 6599 0
2606 2594 0
2606 6739 0
2606 6740 0
2606 6741 0
2606 6765 0
2606 2722 0
2606 8883 0
2606 2793 0
2606 8977 0
2606 4916 0
2606 832 0
2606 17241 0
2606 4963 0
2606 4966 0
2606 4967 0
2606 4971 0
2606 4972 0
2606 4973 0
2606 4974 0
2606 2936 0
2606 5005 0
2606 5015 0
2606 5020 0
2606 5029 0
2606 3927 0
2606 7227 0
2606 1098 0
2606 15551 0
2606 9077 0
2606 2937 0
2606 5373 1
2606 5399 0
2606 3426 0
2606 1384 0
2606 1388 0
2606 1392 0
2606 19879 0
2606 7616 0
2606 5028 0
2606 5679 0
2606 1591 0
2606 3345 0
2606 1653 0
2606 16031 0
2606 8477 0
2606 7858 0
2606 14963 0
2606 1736 0
2606 7893 0
2606 3802 0
2606 1765 0
2606 3846 0
2606 3848 0
2606 14094 0
2606 5981 0
2606 3978 0
2606 3986 0
2606 16292 1
2606 16308 0
2606 16349 0
5679 53 0
5679 1591 0
5679 16308 0
5679 7227 0
5679 1098 0
5679 6739 0
5679 8493 0
5679 4967 0
5679 6765 0
5679 1653 0
5679 4972 0
5679 17241 0
5679 4256 0
5679 2722 0
5679 4259 0
5679 7858 0
5679 8883 0
5679 15551 0
5679 3802 0
5679 237 0
5679 760 0
5679 7893 0
5679 14094 0
5679 3345 0
5679 8867 0
5679 16292 1
5679 8477 0
5679 2338 0
5679 12584 0
5679 832 0
5679 3426 0
5679 4963 0
5679 4966 0
5679 4971 0
5679 1388 0
5679 4973 0
5679 4974 0
5679 2936 0
5679 2937 0
5679 3462 0
5679 5015 0
5679 3986 0
5679 5020 0
5679 5028 0
5679 5029 0
5679 19879 0
5679 7616 0
5679 8654 0
5679 16349 0
5679 6526 0
53 53 0
53 59 0
53 2115 0
53 4256 0
53 6359 0
53 2338 0
53 8503 0
53 4409 0
53 6484 0
53 6599 0
53 8654 0
53 19879 0
53 2594 0
53 6740 0
53 6741 0
53 2722 0
53 8867 0
53 8875 0
53 760 0
53 4967 0
53 4972 0
53 5005 0
53 5028 0
53 5029 0
53 3141 0
53 15430 0
53 3221 0
53 3283 0
53 5373 1
53 3345 0
53 1384 0
53 1388 0
53 6739 0
53 1528 0
53 4825 0
53 1591 0
53 1653 0
53 16031 0
53 1736 0
53 3802 0
53 3846 0
53 3848 0
53 14094 0
53 3927 0
53 5981 0
53 3978 0
1591 8883 0
1591 2115 0
1591 4256 0
1591 4259 0
1591 1736 0
1591 6359 0
1591 8409 0
1591 4319 0
1591 237 0
1591 2338 0
1591 12584 0
1591 8493 0
1591 8500 0
1591 4409 0
1591 2382 0
1591 6484 0
1591 15551 0
1591 418 0
1591 4535 0
1591 14790 0
1591 6599 0
1591 4559 0
1591 2594 0
1591 6738 0
1591 6739 0
1591 6740 0
1591 6741 0
1591 6765 0
1591 2722 0
1591 8867 0
1591 8977 0
1591 17241 0
1591 4963 0
1591 4967 0
1591 4971 0
1591 4972 0
1591 4973 0
1591 4974 0
1591 2936 0
1591 5005 0
1591 5015 0
1591 5020 0
1591 5028 0
1591 5029 0
1591 7227 0
1591 1098 0
1591 4966 0
1591 9077 0
1591 2937 0
1591 5373 1
1591 3426 0
1591 1388 0
1591 1392 0
1591 5981 0
1591 19879 0
1591 7616 0
1591 6737 0
1591 5630 0
1591 1591 0
1591 1604 0
1591 3345 0
1591 1653 0
1591 16031 0
1591 8477 0
1591 7858 0
1591 7893 0
1591 3802 0
1591 3846 0
1591 3848 0
1591 14094 0
1591 3978 0
1591 3986 0
1591 16292 1
1591 16308 0
1591 16349 0
1591 18410 0
16308 8254 0
16308 1388 0
16308 4256 0
16308 1392 0
16308 4319 0
16308 237 0
16308 8493 0
16308 8500 0
16308 4409 0
16308 6543 0
16308 2115 0
16308 418 0
16308 8654 0
16308 2594 0
16308 2722 0
16308 8867 0
16308 8883 0
16308 4825 0
16308 760 0
16308 8977 0
16308 832 0
16308 4966 0
16308 4967 0
16308 4972 0
16308 4973 0
16308 4974 0
16308 2936 0
16308 2937 0
16308 5015 0
16308 5029 0
16308 17241 0
16308 7227 0
16308 3141 0
16308 1098 0
16308 5207 0
16308 15551 0
16308 3283 0
16308 3426 0
16308 1384 0
16308 19879 0
16308 5028 0
16308 16308 0
16308 1604 0
16308 3345 0
16308 1653 0
16308 8477 0
16308 7858 0
16308 1736 0
16308 7893 0
16308 3802 0
16308 1765 0
16308 3846 0
16308 1824 0
16308 16183 1
16308 3927 0
16308 5981 0
16308 5982 0
16308 1929 0
16308 3978 0
16308 16292 1
16308 16298 0
59 13632 0
59 2115 0
59 3221 0
59 2338 0
59 16292 1
59 16183 1
59 6599 0
59 3426 0
16444 1098 0
16444 1653 0
16444 15551 0
16444 4256 0
16444 8883 0
16444 1736 0
16444 4825 0
16444 3802 0
16444 4319 0
16444 1779 0
16444 8277 0
16444 5399 0
16444 4916 0
16444 16292 1
16444 1765 0
16444 1384 0
16444 16444 0
16444 1388 0
16444 7616 0
16444 2936 0
16444 2937 0
16444 3978 0
16444 418 0
16444 3236 0
8254 2594 0
8254 5981 0
8254 6737 0
8254 6739 0
8254 6741 0
8254 5207 0
8254 14963 0
8254 5399 0
8254 16031 0
8254 7858 0
8254 8883 0
8254 1736 0
8254 2936 0
8254 3283 0
8254 7893 0
8254 3802 0
8254 5373 1
8254 3848 0
8254 2338 0
8254 8500 0
8254 8493 0
8254 4916 0
8254 4409 0
8254 832 0
8254 6484 0
8254 3426 0
8254 4967 0
8254 1384 0
8254 1388 0
8254 1392 0
8254 2937 0
8254 8477 0
8254 5015 0
8254 6543 0
8254 3986 0
8254 19879 0
8254 6599 0
8254 6740 0
10677 6765 0
10677 5373 1
10677 12584 0
10677 4409 0
10677 16183 1
10677 9077 0
10677 16349 0
2115 8875 0
2115 18410 0
2115 2594 0
2115 2115 0
2115 3141 0
2115 6737 0
2115 6739 0
2115 6741 0
2115 4967 0
2115 4972 0
2115 4256 0
2115 2722 0
2115 8867 0
2115 6740 0
2115 6359 0
2115 4559 0
2115 4319 0
2115 1765 0
2115 5373 1
2115 7893 0
2115 3848 0
2115 3345 0
2115 3802 0
2115 2338 0
2115 8503 0
2115 2382 0
2115 3426 0
2115 1384 0
2115 3462 0
2115 3978 0
2115 5005 0
2115 3986 0
2115 5029 0
2115 16031 0
2115 5028 0
2115 19879 0
1604 2594 0
1604 1604 0
1604 6739 0
1604 6741 0
1604 16031 0
1604 7893 0
1604 5841 1
1604 3848 0
1604 5399 0
1604 2338 0
1604 13632 0
1604 2382 0
1604 3426 0
1604 4963 0
1604 3986 0
1604 2936 0
1604 1929 0
1604 19879 0
1604 6740 0
3141 2594 0
3141 5981 0
3141 3141 0
3141 14094 0
3141 5724 0
3141 4967 0
3141 1653 0
3141 4256 0
3141 2722 0
3141 679 0
3141 6359 0
3141 3802 0
3141 19879 0
3141 5373 1
3141 3345 0
3141 16031 0
3141 3426 0
3141 1384 0
3141 4972 0
3141 3986 0
3141 3978 0
3141 5005 0
3141 5028 0
3141 5015 0
3141 6599 0
3141 5029 0
3141 6737 0
3141 7893 0
3141 6739 0
3141 6740 0
15430 16233 0
15430 5373 1
15430 4223 0
15430 679 0
15430 689 1
15430 8409 0
1098 17241 0
1098 7227 0
1098 1098 0
1098 6765 0
1098 1653 0
1098 4972 0
1098 4256 0
1098 1392 0
1098 2722 0
1098 4259 0
1098 7858 0
1098 8883 0
1098 15551 0
1098 1736 0
1098 7893 0
1098 2937 0
1098 1388 0
1098 3802 0
1098 19879 0
1098 237 0
1098 5373 1
1098 14094 0
1098 3345 0
1098 8409 0
1098 8477 0
1098 12584 0
1098 8493 0
1098 4916 0
1098 3382 0
1098 16292 1
1098 4963 0
1098 4966 0
1098 4967 0
1098 4971 0
1098 4973 0
1098 4974 0
1098 9077 0
1098 2936 0
1098 3978 0
1098 3986 0
1098 5015 0
1098 5020 0
1098 5028 0
1098 7616 0
1098 16349 0
1098 5029 0
6737 1388 0
6737 8347 1
6737 237 0
6737 8477 0
6737 6484 0
6737 14790 0
6737 2594 0
6737 6738 0
6737 6739 0
6737 6740 0
6737 6741 0
6737 2722 0
6737 8875 0
6737 8977 0
6737 4963 0
6737 4966 0
6737 4967 0
6737 4972 0
6737 4973 0
6737 4974 0
6737 2936 0
6737 5005 0
6737 5015 0
6737 5028 0
6737 7227 0
6737 3236 0
6737 5399 0
6737 3426 0
6737 1384 0
6737 1392 0
6737 5630 0
6737 3345 0
6737 1653 0
6737 16031 0
6737 3802 0
6737 1765 0
6737 3846 0
6737 3848 0
6737 5981 0
6737 3978 0
6737 3986 0
6738 8347 1
6738 8409 0
6738 237 0
6738 4409 0
6738 6484 0
6738 14790 0
6738 6738 0
6738 6739 0
6738 6740 0
6738 6741 0
6738 2722 0
6738 8875 0
6738 4825 0
6738 2793 0
6738 8977 0
6738 4916 0
6738 4963 0
6738 4966 0
6738 4967 0
6738 4972 0
6738 4973 0
6738 4974 0
6738 5015 0
6738 5028 0
6738 7227 0
6738 5005 0
6738 3426 0
6738 1384 0
6738 1388 0
6738 1392 0
6738 19879 0
6738 5630 0
6738 3345 0
6738 16031 0
6738 1736 0
6738 3802 0
6738 1765 0
6738 3846 0
6738 3848 0
6738 14094 0
6738 5981 0
6738 16349 0
6739 8875 0
6739 8277 0
6739 4256 0
6739 4259 0
6739 6359 0
6739 8409 0
6739 4319 0
6739 237 0
6739 2338 0
6739 8493 0
6739 8500 0
6739 8503 0
6739 6484 0
6739 6526 0
6739 6543 0
6739 5188 0
6739 418 0
6739 14790 0
6739 8654 0
6739 19879 0
6739 2594 0
6739 6739 0
6739 6740 0
6739 6741 0
6739 14963 0
6739 2722 0
6739 8867 0
6739 760 0
6739 8977 0
6739 8347 1
6739 7616 0
6739 4963 0
6739 4966 0
6739 4967 0
6739 4971 0
6739 4972 0
6739 4973 0
6739 4974 0
6739 2936 0
6739 2937 0
6739 832 0
6739 5005 0
6739 5015 0
6739 5020 0
6739 5028 0
6739 5029 0
6739 7227 0
6739 3236 0
6739 15551 0
6739 5373 1
6739 3345 0
6739 3400 0
6739 1384 0
6739 1388 0
6739 1392 0
6739 7605 0
6739 15847 0
6739 5630 0
6739 1653 0
6739 5399 0
6739 17241 0
6739 8477 0
6739 7858 0
6739 1736 0
6739 3802 0
6739 11995 0
6739 1765 0
6739 3846 0
6739 3848 0
6739 1824 0
6739 12941 0
6739 3927 0
6739 5981 0
6739 5982 0
6739 1929 0
6739 3978 0
6739 3986 0
6739 16031 0
6739 16349 0
6740 4223 0
6740 8347 1
6740 4259 0
6740 4319 0
6740 237 0
6740 8477 0
6740 8500 0
6740 6484 0
6740 14790 0
6740 2594 0
6740 6741 0
6740 2722 0
6740 8867 0
6740 8875 0
6740 8977 0
6740 4963 0
6740 4966 0
6740 4967 0
6740 4972 0
6740 4973 0
6740 4974 0
6740 2936 0
6740 5005 0
6740 5015 0
6740 5028 0
6740 5029 0
6740 3927 0
6740 7227 0
6740 2937 0
6740 5399 0
6740 1384 0
6740 1388 0
6740 1392 0
6740 19879 0
6740 5630 0
6740 3345 0
6740 1653 0
6740 3802 0
6740 1765 0
6740 3846 0
6740 3848 0
6740 14094 0
6740 4409 0
6740 5981 0
6740 3978 0
6740 3986 0
6740 16031 0
6741 8277 0
6741 8347 1
6741 4319 0
6741 237 0
6741 8493 0
6741 8500 0
6741 6484 0
6741 14790 0
6741 8654 0
6741 2594 0
6741 6741 0
6741 8477 0
6741 2722 0
6741 8875 0
6741 8977 0
6741 832 0
6741 4963 0
6741 4972 0
6741 4973 0
6741 4974 0
6741 2936 0
6741 5005 0
6741 5015 0
6741 5020 0
6741 5028 0
6741 5029 0
6741 7227 0
6741 4966 0
6741 4967 0
6741 15551 0
6741 2937 0
6741 5399 0
6741 3400 0
6741 1384 0
6741 1388 0
6741 1392 0
6741 19879 0
6741 5630 0
6741 3345 0
6741 1653 0
6741 16031 0
6741 7858 0
6741 3802 0
6741 1765 0
6741 1779 0
6741 3846 0
6741 3848 0
6741 5981 0
6741 5982 0
6741 3978 0
6741 3986 0
5207 2594 0
5207 8883 0
5207 8277 0
5207 5207 0
5207 1653 0
5207 5399 0
5207 4259 0
5207 7893 0
5207 5373 1
5207 14094 0
5207 8500 0
5207 7858 0
5207 832 0
5207 3927 0
5207 3426 0
5207 1384 0
5207 2936 0
5207 2937 0
5207 3986 0
5207 5981 0
5207 4559 0
5207 18410 0
5207 5630 0
5724 8277 0
5724 5724 0
5724 7622 0
5724 1736 0
5724 1653 0
5724 3802 0
5724 8409 0
5724 16183 1
5724 4974 0
5724 5028 0
5724 7616 0
5724 16292 1
8977 2594 0
8977 16031 0
8977 2722 0
8977 4259 0
8977 8875 0
8977 7858 0
8977 14963 0
8977 1653 0
8977 7893 0
8977 2937 0
8977 8409 0
8977 1765 0
8977 237 0
8977 5373 1
8977 3848 0
8977 8977 0
8977 8477 0
8977 4916 0
8977 8500 0
8977 3400 0
8977 6484 0
8977 3426 0
8977 1384 0
8977 1392 0
8977 2936 0
8977 6543 0
8977 3986 0
8977 5029 0
8977 14790 0
8977 16349 0
8977 8277 0
5226 6496 0
5226 7136 0
5226 2338 0
5226 5227 1
5226 5228 1
5226 5229 0
5226 1528 0
5227 7136 1
5227 1528 1
5227 6496 1
5227 5228 2
5227 5229 1
5228 6496 1
5228 7136 1
5228 1929 1
5228 5229 1
5228 1528 1
5229 6496 0
5229 7136 0
5229 1929 0
5229 1528 0
14963 3469 0
14963 8347 1
14963 14963 0
14963 8500 0
14963 15551 0
14963 3802 0
14963 1765 0
14963 1384 0
14963 1388 0
14963 1392 0
14963 2936 0
14963 2937 0
1653 237 0
1653 8477 0
1653 8493 0
1653 8500 0
1653 8883 0
1653 17241 0
1653 1388 0
1653 1653 0
1653 1765 0
1653 1779 0
1653 2338 0
1653 2382 0
1653 2594 0
1653 2722 0
1653 2936 0
1653 2937 0
1653 3345 0
1653 19879 0
1653 3802 0
1653 3927 0
1653 3986 0
1653 4256 0
1653 4259 0
1653 12584 0
1653 4409 0
1653 4825 0
1653 2174 1
1653 4916 0
1653 4963 0
1653 4966 0
1653 4967 0
1653 4971 0
1653 4972 0
1653 4973 0
1653 4974 0
1653 5015 0
1653 5020 0
1653 5028 0
1653 5029 0
1653 6484 0
1653 6543 0
1653 6765 0
1653 7227 0
1653 15551 0
1653 7616 0
1653 7622 0
1653 16031 0
1653 7858 0
1653 7893 0
1653 16292 1
1653 16349 0
2174 14094 1
2174 1824 1
2174 418 1
2174 3236 1
2174 679 1
2174 4521 1
2174 4535 1
2174 3400 1
2174 3426 1
2174 8654 1
2174 5982 1
2174 2535 1
2174 3986 1
2174 760 1
2174 5630 1
2174 4223 1
4223 7604 1
4223 8347 1
4223 8654 0
4223 2338 0
4223 3462 0
4972 15551 0
4972 2937 0
4972 4256 0
4972 4259 0
4972 1736 0
4972 6359 0
4972 8409 0
4972 237 0
4972 8477 0
4972 12584 0
4972 8493 0
4972 6484 0
4972 6599 0
4972 2594 0
4972 6765 0
4972 2722 0
4972 8875 0
4972 8883 0
4972 17241 0
4972 4963 0
4972 4966 0
4972 4967 0
4972 4971 0
4972 4972 0
4972 4973 0
4972 4974 0
4972 9077 0
4972 2936 0
4972 5005 0
4972 5015 0
4972 5020 0
4972 5028 0
4972 5029 0
4972 7227 0
4972 3345 0
4972 3426 0
4972 1384 0
4972 1388 0
4972 1392 0
4972 19879 0
4972 7616 0
4972 5630 0
4972 16031 0
4972 7858 0
4972 7893 0
4972 3802 0
4972 3846 0
4972 3848 0
4972 3978 0
4972 16292 1
4972 16349 0
5399 2594 0
5399 6765 0
5399 16031 0
5399 7893 0
5399 8409 0
5399 1779 0
5399 5373 1
5399 5399 0
5399 8477 0
5399 2338 0
5399 12584 0
5399 4916 0
5399 8503 0
5399 832 0
5399 6484 0
5399 3426 0
5399 1384 0
5399 1392 0
5399 9077 0
5399 2936 0
5399 3978 0
5399 6543 0
5399 14790 0
5399 6599 0
5399 19879 0
5399 8277 0
12941 5373 1
6765 8883 0
6765 7227 0
6765 6765 0
6765 17241 0
6765 4256 0
6765 2722 0
6765 4259 0
6765 7858 0
6765 15551 0
6765 1736 0
6765 2937 0
6765 8409 0
6765 3802 0
6765 237 0
6765 5373 1
6765 3345 0
6765 8477 0
6765 12584 0
6765 8493 0
6765 4409 0
6765 16292 1
6765 4963 0
6765 4966 0
6765 4967 0
6765 4971 0
6765 1388 0
6765 4973 0
6765 4974 0
6765 9077 0
6765 2936 0
6765 5015 0
6765 5020 0
6765 5028 0
6765 5029 0
6765 19879 0
6765 7616 0
6765 16349 0
3221 11926 0
3221 8347 1
3221 679 0
3221 5373 1
3221 7616 0
11926 8347 1
11926 16031 0
11926 679 0
11926 7605 0
11926 8409 0
11926 5373 1
8347 7604 2
8347 5188 1
8347 15551 1
8347 16031 1
8347 8875 1
8347 7893 1
8347 11995 1
8347 1765 1
8347 2793 1
8347 3846 1
8347 3848 1
8347 14094 1
8347 2338 1
8347 3382 1
8347 6484 1
8347 3426 1
8347 4963 1
8347 16233 1
8347 3462 1
8347 6543 1
8347 3986 1
8347 8347 2
8347 7605 1
8347 14790 1
8347 4559 1
8347 15847 1
8347 18410 1
8347 8277 1
16031 8277 0
16031 1388 0
16031 4259 0
16031 237 0
16031 8493 0
16031 8500 0
16031 4409 0
16031 6484 0
16031 418 0
16031 14790 0
16031 2594 0
16031 8477 0
16031 2722 0
16031 832 0
16031 4963 0
16031 4966 0
16031 4967 0
16031 4971 0
16031 4973 0
16031 4974 0
16031 2936 0
16031 5005 0
16031 5015 0
16031 5020 0
16031 5028 0
16031 5029 0
16031 7227 0
16031 15551 0
16031 2937 0
16031 3426 0
16031 1384 0
16031 1392 0
16031 19879 0
16031 7616 0
16031 3345 0
16031 16031 0
16031 7858 0
16031 3802 0
16031 1765 0
16031 3846 0
16031 14094 0
16031 3927 0
16031 5981 0
16031 3978 0
16031 3986 0
4256 2937 0
4256 4259 0
4256 1736 0
4256 6359 0
4256 8409 0
4256 237 0
4256 8477 0
4256 8493 0
4256 7227 0
4256 418 0
4256 6599 0
4256 2594 0
4256 2722 0
4256 8883 0
4256 4916 0
4256 17241 0
4256 4963 0
4256 4966 0
4256 4967 0
4256 4971 0
4256 4973 0
4256 4974 0
4256 9077 0
4256 2936 0
4256 5005 0
4256 5020 0
4256 5028 0
4256 5029 0
4256 15551 0
4256 3283 0
4256 3345 0
4256 1384 0
4256 1388 0
4256 1392 0
4256 5015 0
4256 19879 0
4256 7616 0
4256 7858 0
4256 7893 0
4256 3802 0
4256 12584 0
4256 5981 0
4256 3978 0
4256 3986 0
4256 16292 1
4256 16349 0
2722 15551 0
2722 4259 0
2722 6359 0
2722 8409 0
2722 4319 0
2722 237 0
2722 8477 0
2722 2338 0
2722 12584 0
2722 6484 0
2722 6526 0
2722 418 0
2722 14790 0
2722 6599 0
2722 19879 0
2722 2594 0
2722 2722 0
2722 8883 0
2722 4825 0
2722 17241 0
2722 4963 0
2722 4966 0
2722 4967 0
2722 4971 0
2722 4973 0
2722 4974 0
2722 2936 0
2722 5005 0
2722 5015 0
2722 5020 0
2722 5028 0
2722 5029 0
2722 7227 0
2722 2937 0
2722 3345 0
2722 3426 0
2722 1384 0
2722 1388 0
2722 3462 0
2722 7616 0
2722 7858 0
2722 1736 0
2722 5841 1
2722 7893 0
2722 3802 0
2722 3846 0
2722 14094 0
2722 8493 0
2722 1824 0
2722 5981 0
2722 5982 0
2722 3978 0
2722 3986 0
2722 16292 1
2722 16349 0
8867 6359 0
8867 8409 0
8867 4319 0
8867 263 0
8867 2338 0
8867 418 0
8867 2594 0
8867 8867 0
8867 679 0
8867 689 1
8867 832 0
8867 4967 0
8867 3236 0
8867 3283 0
8867 3426 0
8867 1388 0
8867 3462 0
8867 19879 0
8867 7893 0
8867 3802 0
8867 3846 0
8867 3848 0
8867 1824 0
8867 3986 0
3236 3426 0
3236 3236 0
3236 4319 0
3236 760 0
3236 4916 0
3236 1765 0
3236 3986 0
3236 6599 0
3236 4559 0
3236 18410 0
7622 4971 0
7622 5841 1
679 679 0
679 5373 1
679 6401 0
8875 4966 0
8875 14790 0
8875 8875 0
8875 3802 0
8875 1765 0
8875 237 0
8875 5373 1
8875 3848 0
8875 3345 0
8875 8477 0
8875 4409 0
8875 4963 0
8875 1384 0
8875 5005 0
8875 3986 0
8875 5015 0
8875 5981 0
8875 19879 0
8875 6484 0
689 1929 1
689 689 2
7858 17241 0
7858 7227 0
7858 4967 0
7858 7616 0
7858 4259 0
7858 8477 0
7858 7858 0
7858 8883 0
7858 15551 0
7858 1736 0
7858 2594 0
7858 7893 0
7858 8409 0
7858 3802 0
7858 1765 0
7858 3846 0
7858 3848 0
7858 8493 0
7858 3345 0
7858 2338 0
7858 12584 0
7858 8500 0
7858 16292 1
7858 3927 0
7858 14094 0
7858 4963 0
7858 4966 0
7858 1384 0
7858 4971 0
7858 1388 0
7858 4973 0
7858 4974 0
7858 2936 0
7858 2937 0
7858 3462 0
7858 3978 0
7858 5015 0
7858 5005 0
7858 237 0
7858 3986 0
7858 5020 0
7858 5028 0
7858 5981 0
7858 19879 0
7858 16349 0
7858 5029 0
8883 17241 0
8883 7227 0
8883 12584 0
8883 1388 0
8883 4259 0
8883 8883 0
8883 5841 1
8883 7893 0
8883 2937 0
8883 3802 0
8883 237 0
8883 1779 0
8883 5373 1
8883 6401 0
8883 263 0
8883 3345 0
8883 8409 0
8883 8477 0
8883 8493 0
8883 16292 1
8883 1392 0
8883 4963 0
8883 4966 0
8883 4967 0
8883 4971 0
8883 4973 0
8883 4974 0
8883 2936 0
8883 3978 0
8883 15551 0
8883 3986 0
8883 5015 0
8883 5020 0
8883 5028 0
8883 19879 0
8883 7616 0
8883 16349 0
8883 5029 0
15551 17241 0
15551 7227 0
15551 1388 0
15551 4259 0
15551 8477 0
15551 7893 0
15551 2937 0
15551 2793 0
15551 237 0
15551 3345 0
15551 16292 1
15551 3802 0
15551 12584 0
15551 8493 0
15551 4916 0
15551 4963 0
15551 4966 0
15551 4967 0
15551 4971 0
15551 4973 0
15551 4974 0
15551 2936 0
15551 5015 0
15551 3986 0
15551 5020 0
15551 5028 0
15551 5029 0
15551 19879 0
15551 7616 0
15551 16349 0
1736 2937 0
1736 4259 0
1736 6359 0
1736 8409 0
1736 237 0
1736 12584 0
1736 8493 0
1736 8500 0
1736 2594 0
1736 4916 0
1736 4963 0
1736 4967 0
1736 4971 0
1736 4974 0
1736 9077 0
1736 2936 0
1736 5015 0
1736 5020 0
1736 5028 0
1736 5029 0
1736 7227 0
1736 4966 0
1736 4973 0
1736 5373 1
1736 3345 0
1736 5005 0
1736 3426 0
1736 1384 0
1736 1388 0
1736 1392 0
1736 19879 0
1736 7893 0
1736 3802 0
1736 1779 0
1736 3846 0
1736 5981 0
1736 3978 0
1736 3986 0
1736 16292 1
1736 16349 0
2594 6359 0
2594 4319 0
2594 237 0
2594 263 0
2594 2338 0
2594 8493 0
2594 8500 0
2594 6484 0
2594 6526 0
2594 6543 0
2594 418 0
2594 14790 0
2594 4559 0
2594 2594 0
2594 8477 0
2594 4916 0
2594 832 0
2594 4963 0
2594 4966 0
2594 4967 0
2594 4971 0
2594 4973 0
2594 4974 0
2594 2936 0
2594 5005 0
2594 5015 0
2594 5020 0
2594 5028 0
2594 5029 0
2594 7227 0
2594 3283 0
2594 2937 0
2594 5373 1
2594 3345 0
2594 3426 0
2594 1384 0
2594 1388 0
2594 1392 0
2594 19879 0
2594 15847 0
2594 7893 0
2594 3802 0
2594 1765 0
2594 3846 0
2594 3848 0
2594 3927 0
2594 3978 0
2594 3986 0
2594 18410 0
5841 15847 1
5841 13632 1
5841 8503 1
5841 7616 1
5841 3400 1
5841 5841 2
5841 1384 1
5841 16233 1
3283 19879 0
3283 16292 1
3283 3283 0
3283 4825 0
3283 3802 0
3283 237 0
3283 1824 0
3283 2338 0
3283 8503 0
3283 3927 0
3283 17241 0
3283 3426 0
3283 3986 0
3283 4535 0
3283 7893 0
7893 8409 0
7893 4319 0
7893 237 0
7893 7893 0
7893 6401 0
7893 3802 0
7893 4409 0
7893 6543 0
7893 418 0
7893 8654 0
7893 4825 0
7893 760 0
7893 832 0
7893 4966 0
7893 4967 0
7893 4971 0
7893 4973 0
7893 4974 0
7893 2936 0
7893 2937 0
7893 5015 0
7893 5020 0
7893 5029 0
7893 17241 0
7893 19879 0
7893 7227 0
7893 8500 0
7893 3400 0
7893 1384 0
7893 1388 0
7893 1392 0
7893 5028 0
7893 5630 0
7893 3345 0
7893 8477 0
7893 1765 0
7893 3846 0
7893 8493 0
7893 1824 0
7893 16183 1
7893 3927 0
7893 5981 0
7893 5982 0
7893 3978 0
6359 2937 0
6359 8409 0
6359 263 0
6359 8493 0
6359 2382 0
6359 6526 0
6359 418 0
6359 6599 0
6359 19879 0
6359 4963 0
6359 4966 0
6359 4967 0
6359 4971 0
6359 4973 0
6359 4974 0
6359 2936 0
6359 5005 0
6359 5015 0
6359 5028 0
6359 5029 0
6359 7227 0
6359 5373 1
6359 3345 0
6359 3426 0
6359 1384 0
6359 1388 0
6359 3462 0
6359 237 0
6359 7605 0
6359 3802 0
6359 3846 0
6359 5981 0
6359 3978 0
6359 3986 0
4825 19879 0
4825 8409 0
4825 5373 1
4825 4916 0
4825 5981 0
4825 3986 0
4825 1779 0
4825 2535 0
3802 8277 0
3802 4259 0
3802 8409 0
3802 237 0
3802 8477 0
3802 2338 0
3802 12584 0
3802 8493 0
3802 8500 0
3802 4409 0
3802 6484 0
3802 6526 0
3802 14790 0
3802 6599 0
3802 4559 0
3802 4916 0
3802 17241 0
3802 4963 0
3802 4966 0
3802 4967 0
3802 4971 0
3802 4973 0
3802 4974 0
3802 2936 0
3802 5005 0
3802 5015 0
3802 5020 0
3802 5028 0
3802 5029 0
3802 3927 0
3802 7227 0
3802 2937 0
3802 3345 0
3802 3426 0
3802 1384 0
3802 1388 0
3802 19879 0
3802 7616 0
3802 3802 0
3802 1779 0
3802 3846 0
3802 3848 0
3802 14094 0
3802 5981 0
3802 3978 0
3802 3986 0
3802 16292 1
3802 16349 0
3802 18410 0
11995 17241 0
11995 5015 0
11995 7604 1
4319 4319 0
4319 1765 0
4319 1779 0
4319 5373 1
4319 2338 0
4319 13632 0
4319 6484 0
4319 3426 0
4319 3986 0
4319 19879 0
4319 4559 0
4319 18410 0
1765 8277 0
1765 6401 0
1765 8500 0
1765 8503 0
1765 4409 0
1765 2382 0
1765 6484 0
1765 4535 0
1765 14790 0
1765 4916 0
1765 4973 0
1765 2936 0
1765 2937 0
1765 5188 0
1765 3426 0
1765 1384 0
1765 1388 0
1765 1392 0
1765 19879 0
1765 7616 0
1765 5373 1
1765 1765 0
1765 1779 0
1765 3848 0
1765 1824 0
1765 3927 0
1765 3978 0
1765 3986 0
2793 4409 0
2793 17241 0
2793 4971 0
2793 5188 0
2793 7616 0
2793 16292 1
2793 16298 0
237 16292 1
237 7227 0
237 4963 0
237 4967 0
237 17241 0
237 4973 0
237 4259 0
237 6599 0
237 8477 0
237 8409 0
237 237 0
237 6526 0
237 3846 0
237 14790 0
237 3345 0
237 2338 0
237 12584 0
237 5005 0
237 6484 0
237 3426 0
237 4966 0
237 4971 0
237 1388 0
237 3986 0
237 4974 0
237 1392 0
237 2936 0
237 2937 0
237 3462 0
237 3978 0
237 5020 0
237 5028 0
237 5015 0
237 8493 0
237 7616 0
237 16349 0
237 5029 0
237 19879 0
1779 8409 0
1779 1779 0
1779 5373 1
1779 1384 0
1779 1388 0
1779 2936 0
1779 2937 0
1779 3978 0
1779 418 0
1779 16292 1
760 4259 0
760 6526 0
760 1824 0
760 5981 0
760 3426 0
760 3462 0
760 3986 0
760 8654 0
760 4559 0
760 18410 0
5373 3927 1
5373 17241 1
5373 7605 1
5373 8409 1
5373 19879 1
5373 5373 2
5373 6401 1
5373 8477 1
5373 8500 1
5373 12584 1
5373 8493 1
5373 4916 1
5373 4409 1
5373 2382 1
5373 4966 1
5373 4967 1
5373 1384 1
5373 4971 1
5373 1388 1
5373 4974 1
5373 9077 1
5373 2937 1
5373 3469 1
5373 5015 1
5373 418 1
5373 6599 1
5373 5072 1
5373 16349 1
6401 7605 0
6401 6599 0
6401 6401 0
6401 8493 0
6401 2382 0
6401 3986 0
6401 3978 0
3846 7227 0
3846 1388 0
3846 2937 0
3846 8409 0
3846 3848 0
3846 3345 0
3846 16292 1
3846 12584 0
3846 8493 0
3846 4916 0
3846 6484 0
3846 3426 0
3846 4963 0
3846 4966 0
3846 4967 0
3846 4971 0
3846 4973 0
3846 4974 0
3846 2936 0
3846 3978 0
3846 5015 0
3846 5005 0
3846 3986 0
3846 5020 0
3846 5028 0
3846 5029 0
3846 6599 0
3846 16349 0
3846 19879 0
3846 5630 0
263 263 0
263 2338 0
263 15847 0
263 16183 1
263 2382 0
263 418 0
263 16292 1
263 5981 0
3848 5981 0
3848 4966 0
3848 4967 0
3848 8477 0
3848 7605 0
3848 3848 0
3848 3345 0
3848 7227 0
3848 8500 0
3848 6484 0
3848 4963 0
3848 1384 0
3848 1388 0
3848 4973 0
3848 4974 0
3848 2936 0
3848 2937 0
3848 3978 0
3848 5005 0
3848 5015 0
3848 5028 0
3848 14790 0
3848 5630 0
14094 4259 0
14094 8654 0
14094 4409 0
14094 1384 0
14094 1392 0
14094 3978 0
14094 5982 0
3345 16349 0
3345 7227 0
3345 4967 0
3345 8477 0
3345 17241 0
3345 4966 0
3345 4259 0
3345 8409 0
3345 16292 1
3345 2338 0
3345 12584 0
3345 6484 0
3345 3426 0
3345 4963 0
3345 1384 0
3345 4971 0
3345 1388 0
3345 4973 0
3345 4974 0
3345 2936 0
3345 2937 0
3345 3978 0
3345 5015 0
3345 5005 0
3345 3986 0
3345 5020 0
3345 418 0
3345 5028 0
3345 5029 0
3345 8493 0
3345 7616 0
3345 6599 0
3345 19879 0
3345 14790 0
3345 5630 0
8409 4259 0
8409 8409 0
8409 8477 0
8409 2338 0
8409 8493 0
8409 6526 0
8409 6599 0
8409 4963 0
8409 4966 0
8409 4967 0
8409 4971 0
8409 4973 0
8409 4974 0
8409 9077 0
8409 5005 0
8409 5020 0
8409 5028 0
8409 5029 0
8409 7227 0
8409 2936 0
8409 1388 0
8409 1392 0
8409 5015 0
8409 19879 0
8409 12584 0
8409 3978 0
8409 3986 0
8409 16292 1
8409 16349 0
8477 2937 0
8477 4259 0
8477 2338 0
8477 12584 0
8477 8493 0
8477 8500 0
8477 6484 0
8477 6543 0
8477 14790 0
8477 6599 0
8477 2535 0
8477 4916 0
8477 832 0
8477 17241 0
8477 4963 0
8477 4967 0
8477 4971 0
8477 4973 0
8477 4974 0
8477 2936 0
8477 5015 0
8477 5020 0
8477 5028 0
8477 5029 0
8477 7227 0
8477 4966 0
8477 3426 0
8477 1384 0
8477 1388 0
8477 1392 0
8477 19879 0
8477 7616 0
8477 5981 0
8477 3978 0
8477 3986 0
8477 16292 1
8477 16349 0
2535 5188 0
2535 1388 0
2535 3400 0
2535 5029 0
2535 2535 0
2535 19879 0
2535 5630 0
1824 18410 0
1824 1824 0
1824 3426 0
1824 3462 0
1824 3986 0
1824 14790 0
1824 4559 0
1824 19879 0
2338 8277 0
2338 4259 0
2338 2338 0
2338 8500 0
2338 4409 0
2338 6543 0
2338 418 0
2338 8654 0
2338 14790 0
2338 4963 0
2338 4971 0
2338 4973 0
2338 4974 0
2338 2937 0
2338 5020 0
2338 5028 0
2338 5029 0
2338 5072 0
2338 5981 0
2338 3426 0
2338 1384 0
2338 1388 0
2338 19879 0
2338 4967 0
2338 3927 0
2338 5982 0
2338 1929 0
2338 3986 0
2338 7227 0
12584 17241 0
12584 7227 0
12584 1388 0
12584 1392 0
12584 4259 0
12584 8493 0
12584 12584 0
12584 16349 0
12584 4409 0
12584 2382 0
12584 5005 0
12584 4963 0
12584 16292 1
12584 4966 0
12584 4967 0
12584 4971 0
12584 4973 0
12584 4974 0
12584 9077 0
12584 2936 0
12584 2937 0
12584 3978 0
12584 3986 0
12584 5015 0
12584 5020 0
12584 5028 0
12584 19879 0
12584 7616 0
12584 6599 0
12584 5029 0
8493 7227 0
8493 1388 0
8493 17241 0
8493 4259 0
8493 2937 0
8493 16292 1
8493 4916 0
8493 4963 0
8493 4966 0
8493 4967 0
8493 4971 0
8493 4973 0
8493 4974 0
8493 2936 0
8493 3978 0
8493 5005 0
8493 3986 0
8493 5015 0
8493 5020 0
8493 5028 0
8493 5029 0
8493 7616 0
8493 16349 0
8493 19879 0
4916 8277 0
4916 1388 0
4916 6484 0
4916 418 0
4916 4916 0
4916 4963 0
4916 4966 0
4916 4967 0
4916 4971 0
4916 5005 0
4916 5015 0
4916 5028 0
4916 7227 0
4916 5188 0
4916 2937 0
4916 3400 0
4916 1384 0
4916 7616 0
4916 5630 0
4916 5981 0
4916 3978 0
4916 16292 1
3382 5535 1
3382 15847 0
8503 16233 0
8503 8503 0
8503 3469 0
8500 8277 0
8500 8500 0
8500 3426 0
8500 1384 0
8500 1388 0
8500 1392 0
8500 2936 0
8500 2937 0
8500 832 0
8500 6543 0
8500 3986 0
8500 5981 0
4409 4409 0
4409 6484 0
4409 14790 0
4409 9077 0
4409 2937 0
4409 5072 0
4409 3426 0
4409 1384 0
4409 1388 0
4409 3927 0
4409 5981 0
4409 5982 0
4409 3986 0
4409 16349 0
13632 13632 0
13632 1929 0
13632 418 0
13632 7604 1
3400 3462 0
3400 3986 0
3400 3426 0
3400 4974 0
16183 3469 1
16183 16298 1
16183 5981 1
16183 6526 1
2382 2382 0
2382 4535 0
2382 9077 0
2382 5005 0
2382 5015 0
2382 5072 0
2382 3978 0
2382 1384 0
5005 19879 0
5005 7227 0
5005 4967 0
5005 1384 0
5005 1388 0
5005 16292 1
5005 6484 0
5005 4963 0
5005 4966 0
5005 4971 0
5005 4973 0
5005 4974 0
5005 2936 0
5005 2937 0
5005 3978 0
5005 5005 0
5005 5015 0
5005 5020 0
5005 5028 0
5005 6599 0
5005 16349 0
5005 5029 0
6484 2937 0
6484 14790 0
6484 4963 0
6484 4966 0
6484 4967 0
6484 4973 0
6484 4974 0
6484 2936 0
6484 5015 0
6484 5020 0
6484 5028 0
6484 5029 0
6484 7227 0
6484 1384 0
6484 1388 0
6484 1392 0
6484 19879 0
6484 5630 0
6484 5981 0
6484 3986 0
3927 4259 0
3927 3927 0
3927 1384 0
3927 3986 0
3927 19879 0
3927 4521 0
3927 7616 0
3927 4559 0
3927 18410 0
17241 7227 0
17241 1388 0
17241 4259 0
17241 2937 0
17241 16292 1
17241 4963 0
17241 4966 0
17241 4967 0
17241 4971 0
17241 4973 0
17241 4974 0
17241 2936 0
17241 832 0
17241 5015 0
17241 5020 0
17241 5028 0
17241 5029 0
17241 19879 0
17241 7616 0
17241 16349 0
5981 8654 0
5981 1388 0
5981 1392 0
5981 3426 0
5981 3462 0
5981 19879 0
5981 3978 0
5981 3986 0
5981 4973 0
5981 5015 0
5981 5028 0
5981 5981 0
5981 5982 0
5981 14790 0
5981 6599 0
5982 5982 0
5982 18410 0
5982 6526 0
5982 3986 0
5982 4559 0
6496 1528 0
3426 4259 0
3426 5188 0
3426 418 0
3426 8654 0
3426 4967 0
3426 4971 0
3426 4973 0
3426 4974 0
3426 2936 0
3426 2937 0
3426 5020 0
3426 5028 0
3426 5029 0
3426 3426 0
3426 1384 0
3426 1388 0
3426 1392 0
3426 19879 0
3426 5630 0
3426 1929 0
3426 3986 0
3426 16292 1
4963 14790 0
4963 7227 0
4963 9077 0
4963 4259 0
4963 6526 0
4963 16292 1
4963 4966 0
4963 4967 0
4963 4971 0
4963 1388 0
4963 4973 0
4963 4974 0
4963 1392 0
4963 2936 0
4963 2937 0
4963 3978 0
4963 5015 0
4963 3986 0
4963 5020 0
4963 418 0
4963 5028 0
4963 7616 0
4963 6599 0
4963 16349 0
4963 5029 0
4963 19879 0
4963 5630 0
4966 2937 0
4966 4259 0
4966 14790 0
4966 6599 0
4966 4967 0
4966 4971 0
4966 4973 0
4966 4974 0
4966 9077 0
4966 2936 0
4966 5015 0
4966 5020 0
4966 5028 0
4966 5029 0
4966 7227 0
4966 1388 0
4966 1392 0
4966 19879 0
4966 7616 0
4966 5630 0
4966 3978 0
4966 3986 0
4966 16292 1
4966 16349 0
4967 2937 0
4967 4259 0
4967 6599 0
4967 4967 0
4967 4971 0
4967 4973 0
4967 4974 0
4967 2936 0
4967 5015 0
4967 5020 0
4967 5028 0
4967 5029 0
4967 7227 0
4967 1384 0
4967 1388 0
4967 1392 0
4967 19879 0
4967 7616 0
4967 5630 0
4967 3978 0
4967 3986 0
4967 16292 1
4967 16349 0
1384 8277 0
1384 1388 0
1384 6543 0
1384 4535 0
1384 14790 0
1384 4971 0
1384 2936 0
1384 2937 0
1384 832 0
1384 5028 0
1384 1384 0
1384 1392 0
1384 19879 0
1384 5029 0
1384 3978 0
1384 3986 0
16233 4521 0
16233 832 0
16233 16233 0
4971 2937 0
4971 4259 0
4971 6599 0
4971 4971 0
4971 4973 0
4971 4974 0
4971 2936 0
4971 5020 0
4971 5029 0
4971 7227 0
4971 1388 0
4971 1392 0
4971 5015 0
4971 19879 0
4971 7616 0
4971 5028 0
4971 3978 0
4971 3986 0
4971 16292 1
4971 16349 0
1388 8277 0
1388 1388 0
1388 2937 0
1388 4259 0
1388 6543 0
1388 832 0
1388 14790 0
1388 4559 0
1388 4973 0
1388 4974 0
1388 2936 0
1388 5015 0
1388 5020 0
1388 5028 0
1388 5029 0
1388 9077 0
1388 1392 0
1388 19879 0
1388 7616 0
1388 3978 0
1388 3986 0
1388 16292 1
1388 7227 0
1388 16349 0
1388 18410 0
4973 7227 0
4973 1392 0
4973 4259 0
4973 16292 1
4973 832 0
4973 4974 0
4973 2936 0
4973 2937 0
4973 3978 0
4973 5015 0
4973 5020 0
4973 5028 0
4973 5029 0
4973 7616 0
4973 6599 0
4973 16349 0
4973 19879 0
4973 5630 0
4974 2937 0
4974 4259 0
4974 6526 0
4974 6599 0
4974 832 0
4974 2936 0
4974 5015 0
4974 5020 0
4974 5028 0
4974 5029 0
4974 7227 0
4974 1392 0
4974 19879 0
4974 7616 0
4974 5630 0
4974 3978 0
4974 3986 0
4974 16292 1
4974 16349 0
1392 8277 0
1392 2937 0
1392 4259 0
1392 6543 0
1392 9077 0
1392 2936 0
1392 832 0
1392 5015 0
1392 5020 0
1392 5028 0
1392 5029 0
1392 7227 0
1392 19879 0
1392 15847 0
1392 3978 0
1392 3986 0
1392 16292 1
9077 4259 0
9077 9077 0
9077 2936 0
9077 3978 0
9077 3986 0
9077 5015 0
9077 5020 0
9077 5028 0
9077 6599 0
9077 16292 1
9077 16349 0
9077 5029 0
2936 8277 0
2936 4259 0
2936 6543 0
2936 14790 0
2936 6599 0
2936 2937 0
2936 832 0
2936 5015 0
2936 5020 0
2936 5028 0
2936 5029 0
2936 7227 0
2936 3469 0
2936 19879 0
2936 7616 0
2936 3978 0
2936 3986 0
2936 16292 1
2936 16349 0
2937 8277 0
2937 4259 0
2937 6543 0
2937 14790 0
2937 6599 0
2937 4559 0
2937 5015 0
2937 5020 0
2937 5028 0
2937 5029 0
2937 7227 0
2937 19879 0
2937 7616 0
2937 18410 0
2937 3978 0
2937 3986 0
2937 16292 1
2937 16349 0
6526 16292 1
6526 5020 0
6526 6526 0
6526 5015 0
6526 5028 0
6526 5029 0
6526 19879 0
6526 8654 0
832 8277 0
832 832 0
832 6543 0
832 3986 0
832 16292 1
3462 6599 0
3462 3462 0
3462 8654 0
1929 1929 0
1929 19879 0
1929 7604 1
3978 8277 0
3978 4259 0
3978 6543 0
3978 4559 0
3978 5015 0
3978 5020 0
3978 7227 0
3978 19879 0
3978 5028 0
3978 5029 0
3978 3978 0
3978 3986 0
3978 16292 1
3978 18410 0
3469 6599 0
3469 7605 0
6543 6543 0
6543 8277 0
3986 418 0
3986 8654 0
3986 19879 0
3986 3986 0
3986 4259 0
3986 5015 0
3986 5020 0
3986 5028 0
3986 5029 0
3986 5630 0
3986 7227 0
3986 7605 0
3986 7616 0
3986 16292 1
3986 15847 0
3986 16349 0
5015 8277 0
5015 4259 0
5015 418 0
5015 14790 0
5015 6599 0
5015 5015 0
5015 5020 0
5015 5028 0
5015 5029 0
5015 5630 0
5015 7227 0
5015 19879 0
5015 7616 0
5015 16292 1
5015 16349 0
5188 5188 0
5188 15847 0
5020 7227 0
5020 4259 0
5020 7616 0
5020 16292 1
5020 5028 0
5020 6599 0
5020 16349 0
5020 5029 0
5020 19879 0
5535 5535 2
5535 4521 1
418 6599 0
5028 4259 0
5028 14790 0
5028 6599 0
5028 5029 0
5028 7227 0
5028 19879 0
5028 7616 0
5028 5630 0
5028 16292 1
5028 16349 0
5029 4259 0
5029 6599 0
5029 7227 0
5029 19879 0
5029 7616 0
5029 16292 1
5029 16349 0
19879 4259 0
19879 4535 0
19879 14790 0
19879 6599 0
19879 7227 0
19879 19879 0
19879 7616 0
19879 16349 0
19879 16292 1
4521 4521 0
16298 16292 1
7604 7604 2
7605 7605 0
4535 4535 0
7616 7227 0
7616 4259 0
7616 16292 1
7616 7616 0
7616 16349 0
6599 7227 0
6599 4259 0
8654 18410 0
8654 4559 0
4559 5072 0
5072 5072 0
7227 4259 0
7227 5630 0
7227 16292 1
7227 16349 0
4259 16292 1
4259 16349 0
16292 16292 2
16292 16349 1
16349 16349 0
