20992 15276 2
20992 7109 1
9132 2129 1
9132 15996 0
9132 287 0
9132 3469 0
9132 3986 0
9132 7573 0
9132 15276 1
15383 287 1
11294 2129 1
11294 3469 0
11294 11294 0
11294 3221 0
11294 1998 1
3116 12963 1
3116 3469 1
3116 7317 1
3116 16822 1
3116 7573 1
13149 287 1
4145 4145 0
4145 8318 1
4145 5437 1
4145 5981 0
4145 3986 0
7741 2129 1
7741 2701 0
7741 2714 0
7741 6359 0
7741 4951 1
7231 15498 1
7231 9009 0
7231 6761 1
3136 19159 1
3136 3986 0
3136 2714 0
3136 287 0
3136 3136 0
3136 4553 0
3136 6761 1
16822 8450 0
16822 3469 0
16822 2714 0
16822 16822 0
16822 9009 0
16822 2129 1
2129 15996 1
2129 3221 1
2129 12963 1
2129 3281 1
2129 2272 1
2129 10995 1
2129 2825 1
2129 9009 1
2129 11062 1
2129 7516 1
2129 8136 1
2129 8679 1
9306 2714 1
9306 287 1
15462 4553 1
6761 18805 1
6761 14695 1
6761 6761 2
6761 17017 1
6761 10889 1
6761 7307 1
6761 2701 1
6761 2708 1
6761 5060 1
6761 4763 1
6761 4771 1
6761 4267 1
6761 12974 1
6761 6359 1
6761 4349 1
6761 8450 1
6761 2825 1
6761 19738 1
6761 16091 1
6761 9009 1
6761 5938 1
6761 19764 1
6761 1901 1
6761 16271 1
6761 3986 1
6761 11676 1
6761 15295 1
6761 1478 1
6761 8136 1
6761 16331 1
6761 8673 1
6761 8679 1
6761 3574 1
17017 10889 0
17017 19738 0
17017 16091 0
17017 12974 0
17017 4951 1
15996 12470 1
15996 2272 0
15996 15014 0
15996 10995 0
15996 15996 0
15996 16271 0
15996 3986 0
15996 20421 1
8318 2714 1
10889 16271 0
10889 19764 0
10889 12470 1
15498 3221 1
15498 4763 1
15498 287 1
15498 4771 1
7307 3986 0
7307 7307 0
7307 12470 1
7307 5981 0
2701 4951 1
2701 5981 0
2701 2708 0
2701 3986 0
2701 8673 0
2708 4349 0
2708 287 0
2708 2714 0
2708 7109 0
2708 5938 0
2708 5981 0
2708 1901 0
2708 3986 0
2708 20421 1
7317 287 0
7317 11062 0
7317 12963 0
7317 19159 1
7317 3221 0
7317 5981 0
7317 3986 0
2714 2714 0
2714 7109 0
2714 3221 0
2714 7516 0
2714 5981 0
2714 1901 0
2714 3986 0
4763 4771 0
4763 2272 0
4763 4553 0
7109 6359 0
7109 9009 0
7109 18749 1
7109 5981 0
7109 1901 0
7109 3986 0
7109 11676 0
7109 7109 0
4771 16271 0
4771 2272 0
1478 4349 0
1478 287 0
1478 4951 1
1478 3986 0
15014 12683 1
15014 7573 0
15014 12963 0
15014 12470 1
15014 15014 0
15014 9009 0
4267 5437 1
16557 3469 1
16557 18805 1
12974 19738 0
12974 287 0
12974 12470 1
12974 15295 0
12470 19738 1
12470 12963 1
12470 19764 1
12470 11062 1
12470 15295 1
12470 3281 1
12470 19159 2
12470 16233 1
12470 6507 1
3281 2825 0
3281 3469 0
3281 12963 0
3281 10995 0
3281 11062 0
3281 3281 0
3281 2272 0
16091 8450 0
16091 3469 0
16091 3986 0
16091 4951 1
16091 9009 0
2272 8450 0
2272 12683 1
2272 2825 0
2272 9009 0
2272 3221 0
2272 3986 0
10995 10995 0
10995 9009 0
10995 12683 1
10995 8136 0
4349 5060 0
4349 6359 0
4349 4349 0
4349 287 0
4349 8679 0
4349 3986 0
4349 15276 1
4349 4553 0
4349 8673 0
8450 10379 1
8450 287 0
8450 9009 0
8450 14695 0
8450 16233 0
8450 3441 0
8450 3986 0
8450 7573 0
2825 12963 0
2825 2825 0
2825 11062 0
2825 3469 0
2825 3986 0
6359 4553 0
6359 4951 1
6359 5981 0
6359 3986 0
19738 15295 0
19738 12963 0
19738 11062 0
287 287 0
287 16730 1
287 9009 0
287 19764 0
287 4553 0
287 7516 0
15148 5981 1
9009 9009 0
9009 5938 0
9009 1901 0
9009 3441 0
9009 3986 0
9009 12963 0
5938 5938 0
5938 4951 1
5938 3986 0
19764 3986 0
19764 6507 0
11062 12963 0
10379 8679 1
10379 3441 1
10379 7573 1
4951 16271 1
4951 16331 1
4951 8673 1
4951 6507 1
4951 1901 1
16730 4553 1
7516 3469 0
7516 15276 1
7516 3574 0
5981 3574 0
5981 3986 0
5981 5437 1
5981 5981 0
14695 15276 1
16233 8679 0
16233 16233 0
16233 1998 1
1901 1901 0
1901 18805 0
1901 3986 0
3441 12683 1
3441 3221 0
3441 3441 0
3441 8136 0
18805 3986 0
18805 18805 0
12683 3469 1
3469 7573 0
3986 8673 0
3986 3574 0
3986 3986 0
3986 5060 0
3986 15276 1
7573 12963 0
7573 7573 0
11676 20421 1
15276 5060 1
5060 5060 0
18886 3574 1
4553 4553 0
12963 12963 0
8679 8679 0
3574 3574 0
