6147 6147 0
6147 20 0
6147 95 0
6147 8467 0
6147 303 0
6147 4409 0
6147 8548 0
6147 4463 0
6147 15197 0
6147 8707 0
6147 2582 0
6147 11018 0
6147 6730 0
6147 14094 0
6147 4739 1
6147 4745 1
6147 2714 0
6147 2718 0
6147 4789 0
6147 4795 0
6147 729 0
6147 4859 0
6147 4916 0
6147 837 0
6147 21378 0
6147 972 0
6147 988 0
6147 9051 0
6147 5366 0
6147 8064 0
6147 3426 0
6147 3446 0
6147 7414 0
6147 15920 0
6147 7730 0
6147 1620 0
6147 1653 0
6147 3712 1
6147 1722 1
6147 5855 0
6147 5858 0
6147 16107 0
6147 5895 0
6147 5937 0
6147 5994 0
6147 3986 0
6147 8112 0
6147 16308 0
6147 20126 0
6147 6141 0
3051 3052 0
3051 18168 1
3051 6782 1
3051 1439 0
9221 866 0
9221 2414 0
9221 2415 0
9221 2417 0
9221 756 0
9221 14094 0
9221 1722 1
9221 1725 0
9221 1727 1
9222 51 1
9222 65 0
9222 694 0
9222 5253 0
9222 10894 0
9222 5865 0
9222 5866 1
9222 5867 1
9222 5868 0
9222 7379 0
9222 6388 0
9222 988 0
9222 8548 0
9222 4463 0
9222 13284 0
6814 4740 0
6814 4745 1
6814 3986 0
6814 17308 0
6814 176 0
6814 3248 0
6814 6730 0
6814 4110 0
6814 3426 0
6814 3446 0
6814 4215 1
5641 5641 0
5641 561 0
5641 1653 0
5641 5994 0
5641 1687 0
5641 1721 1
5641 1722 1
5641 1725 0
5641 3446 0
5641 5855 0
5641 5366 0
5641 4859 0
5641 5432 0
5641 4409 0
5641 3426 0
5641 2410 0
5641 2414 0
5641 2415 0
5641 2417 0
5641 5616 0
5641 2500 0
5641 3043 0
5130 389 1
5130 4033 1
5130 1478 0
2059 2059 0
2059 20 0
2059 5469 0
2059 16663 0
2059 287 0
2059 12600 0
2059 14925 0
2059 2668 1
2059 6782 1
2059 2718 0
2059 4795 0
2059 729 0
2059 3052 0
2059 1051 0
2059 5253 0
2059 1197 0
2059 13543 0
2059 5432 0
2059 5885 0
2059 8064 0
2059 6062 0
2059 3745 0
4110 4110 0
4110 20 0
4110 4145 0
4110 53 0
4110 19029 0
4110 287 0
4110 8549 0
4110 2472 0
4110 496 0
4110 2601 0
4110 2703 0
4110 2709 0
4110 2712 0
4110 4780 0
4110 1147 1
4110 15663 0
4110 1439 0
4110 3526 0
4110 12885 0
4110 7690 0
4110 1591 0
4110 1620 0
4110 1653 0
4110 4033 1
4110 1687 0
4110 2718 0
4110 5865 0
4110 5867 1
4110 5868 0
4110 5880 0
4110 7989 1
4110 6068 0
4110 8160 0
21165 3712 1
21165 4745 1
21165 669 0
21165 287 0
21165 1197 0
21165 1653 0
7697 3968 1
7697 20 0
7697 3353 0
7697 4800 0
7697 3526 0
7697 1620 0
7697 2668 1
8707 1653 0
8707 3220 0
8707 2709 0
8707 13479 0
8707 5865 0
8707 5866 1
8707 5867 1
8707 5895 0
8707 8467 0
8707 15920 0
8707 5937 0
8707 8707 0
8707 5986 0
8707 3561 0
20 20 0
20 4145 0
20 51 1
20 117 0
20 287 0
20 2338 0
20 4409 0
20 389 1
20 561 0
20 6782 1
20 2712 0
20 2718 0
20 1478 0
20 4789 0
20 4794 0
20 729 0
20 8954 0
20 861 0
20 866 0
20 2937 0
20 3043 0
20 3248 0
20 5432 0
20 1371 0
20 5469 0
20 3446 0
20 1620 0
20 1687 0
20 1728 1
20 7893 0
20 5855 0
20 5858 0
20 1765 0
20 5885 0
20 988 0
20 18476 0
20 3986 0
20 6062 0
20 8112 0
15894 4739 1
15894 15894 0
15894 4808 0
15894 2138 1
15894 5469 0
15894 3986 0
89 3248 1
89 3253 1
89 4795 1
89 4174 1
537 67 0
537 117 0
537 8467 0
537 8503 0
537 4451 0
537 389 1
537 6654 0
537 537 0
537 6739 0
537 1472 0
537 2703 0
537 2709 0
537 2712 0
537 669 0
537 4916 0
537 982 0
537 2937 0
537 5059 0
537 13284 0
537 7165 0
537 1197 0
537 1371 0
537 3561 0
537 1653 0
537 3712 1
537 1687 0
537 3794 0
537 5855 0
537 1765 0
537 8160 0
537 5994 0
1051 3043 0
1051 5867 1
1051 5865 0
1051 51 1
1051 669 0
15877 4739 2
15877 6780 2
15877 4209 2
15877 4210 2
15877 1653 1
33 21378 0
33 2695 0
33 3986 0
33 18332 0
33 33 0
33 2472 0
33 4786 0
33 1591 0
33 1721 1
33 1722 1
33 6739 0
33 1371 0
33 3422 0
33 14094 0
33 1765 0
33 8301 0
33 4211 0
33 8954 0
33 7893 0
7690 3986 0
7690 277 1
7690 2338 0
7690 16308 0
7690 4808 0
7690 7893 0
7690 861 0
7690 3681 1
7690 1765 0
7690 1653 0
7690 5880 0
7690 2937 0
7690 5885 0
7690 2709 0
9051 389 1
9051 9051 0
9051 7165 0
9051 7846 0
9051 8112 0
9051 12726 0
9051 18476 0
9051 1371 0
9051 1765 0
9051 2668 1
9051 3446 0
9051 6141 0
1572 2695 0
1572 4745 1
1572 3986 0
1572 7064 0
1572 2472 0
1572 8112 0
1572 287 0
1572 4033 1
1572 3422 0
1572 5883 0
19494 4739 1
19494 16157 0
19494 16031 0
19494 51 1
19494 7379 0
2601 53 0
2601 117 0
2601 2338 0
2601 8548 0
2601 2601 0
2601 6739 0
2601 4745 1
2601 2709 0
2601 2712 0
2601 2714 0
2601 2718 0
2601 12980 1
2601 4956 0
2601 4957 0
2601 2937 0
2601 861 0
2601 3426 0
2601 15920 0
2601 16308 0
2601 1620 0
2601 1653 0
2601 16031 0
2601 7893 0
2601 5855 0
2601 1765 0
2601 14094 0
2601 3986 0
2601 18332 0
2601 8112 0
2601 6068 0
2601 8160 0
17323 16431 0
17323 7730 0
17323 2695 0
17323 4786 0
17323 1653 0
17323 1728 1
17323 5855 0
17323 5858 0
17323 982 0
17323 4916 0
17323 4451 0
17323 7039 1
18476 18476 0
18476 2668 1
18476 3712 1
18476 1653 0
18476 7893 0
18476 861 0
18476 9064 0
18476 3446 0
18476 3526 0
7213 7213 0
7213 561 0
7213 7740 0
7213 1478 0
7213 1721 1
7213 1726 0
7213 3794 0
7213 8144 0
7213 4145 0
7213 5986 0
7213 9064 0
7213 3446 0
7213 389 1
7213 6068 0
7213 7147 0
7213 3574 0
7213 6654 0
16431 3950 0
16431 3745 0
16431 8112 0
16431 51 1
16431 16308 0
16431 694 0
16431 3426 0
16431 3043 0
16431 7893 0
16431 861 0
16431 15932 0
16431 6739 0
16431 18168 1
15920 51 1
15920 53 0
15920 16308 0
15920 6739 0
15920 4211 0
15920 4215 1
15920 8547 0
15920 18332 0
15920 7893 0
15920 5855 0
15920 8549 0
15920 861 0
15920 14094 0
15920 2338 0
15920 4916 0
15920 3426 0
15920 8548 0
15920 8064 0
15920 3986 0
15920 8112 0
15920 6068 0
15920 2500 0
15920 7165 0
4145 4145 0
4145 8301 0
4145 117 0
4145 8503 0
4145 4409 0
4145 4451 0
4145 4465 0
4145 2500 0
4145 561 0
4145 6739 0
4145 4786 0
4145 4789 0
4145 4859 0
4145 4956 0
4145 4957 0
4145 861 0
4145 13479 0
4145 15672 0
4145 1371 0
4145 3422 0
4145 3446 0
4145 3601 0
4145 1591 0
4145 1620 0
4145 873 0
4145 1687 0
4145 1689 0
4145 1726 0
4145 1727 1
4145 1728 1
4145 7893 0
4145 5855 0
4145 1765 0
4145 5880 0
4145 5885 0
4145 8064 0
4145 3986 0
4145 18332 0
4145 8112 0
4145 16308 0
7730 12443 1
7730 18168 1
7730 11018 0
7730 8467 0
7730 4409 0
7730 3986 0
51 7721 1
51 5469 1
51 51 2
51 1620 1
51 8548 1
51 5253 1
51 1687 1
51 1689 1
51 3745 1
51 168 1
51 4780 1
51 1197 1
51 3248 1
51 694 1
51 12479 1
51 16066 1
51 7893 1
51 729 1
51 5855 1
51 5865 1
51 5866 2
51 5867 2
51 5366 1
51 4859 1
51 9477 1
51 5895 1
51 8921 1
51 2338 1
51 15150 1
51 8503 1
51 12600 1
51 12619 1
51 861 1
51 3426 1
51 356 1
51 8549 1
51 873 1
51 4463 1
51 4464 1
51 19836 1
51 13632 1
51 3986 1
51 7064 1
51 1439 1
51 21148 1
51 6062 1
51 16308 1
51 2500 1
51 5085 1
51 5883 1
51 13284 1
51 19029 1
53 53 0
53 65 0
53 68 0
53 8549 0
53 117 0
53 168 0
53 287 0
53 2338 0
53 8503 0
53 4409 0
53 12619 0
53 8547 0
53 8548 0
53 4463 0
53 4464 0
53 4465 0
53 2500 0
53 2695 0
53 2703 0
53 2712 0
53 2718 0
53 4780 0
53 4789 0
53 4794 0
53 729 0
53 5253 0
53 4956 0
53 4957 0
53 873 0
53 7064 0
53 988 0
53 861 0
53 5366 0
53 3354 0
53 15663 0
53 5469 0
53 3446 0
53 19836 0
53 6739 0
53 7721 0
53 1591 0
53 15932 0
53 13284 0
53 1653 0
53 8921 0
53 1687 0
53 16031 0
53 3745 0
53 3767 0
53 5855 0
53 5865 0
53 5866 1
53 5867 1
53 14094 0
53 8064 0
53 6068 0
53 8144 0
53 8160 0
837 4739 1
837 3354 0
837 287 0
837 1197 0
837 6068 0
837 1591 0
837 6739 0
837 1620 0
837 861 0
837 4795 0
837 2668 1
837 9064 0
837 8467 0
837 7165 0
4663 4663 0
4663 1620 0
4663 2709 0
4663 21148 0
4663 5432 0
4663 3000 1
4663 12742 1
6068 65 0
6068 67 0
6068 168 0
6068 277 1
6068 8921 0
6068 16308 0
6068 2338 0
6068 8547 0
6068 8548 0
6068 8549 0
6068 4465 0
6068 389 1
6068 3220 0
6068 561 0
6068 95 0
6068 6739 0
6068 4739 1
6068 2703 0
6068 2709 0
6068 2712 0
6068 2714 0
6068 2718 0
6068 4795 0
6068 4916 0
6068 861 0
6068 7064 0
6068 21378 0
6068 7165 0
6068 9064 0
6068 13479 0
6068 7379 0
6068 3422 0
6068 3426 0
6068 3446 0
6068 19836 0
6068 8112 0
6068 7721 0
6068 1653 0
6068 7893 0
6068 5855 0
6068 5880 0
6068 5885 0
6068 16157 0
6068 8064 0
6068 3986 0
6068 18332 0
6068 6068 0
15932 4210 1
15932 1722 1
15932 1725 0
15932 1765 0
15932 5994 0
15932 5432 0
15932 4409 0
15932 2410 0
15932 2414 0
15932 1478 0
8253 3968 1
8253 3148 1
8253 287 0
4789 3601 0
4789 7740 0
4789 4794 0
4789 2718 0
4789 4789 0
4789 1722 1
4789 8898 0
4789 5855 0
4789 8467 0
4789 561 0
4789 5432 0
4789 4956 0
4789 4957 0
4789 5994 0
4789 389 1
11840 5253 0
11840 5865 0
11840 5866 1
11840 5867 1
11840 4464 0
65 1197 0
65 7721 0
65 16308 0
65 67 0
65 68 0
65 14925 0
65 1620 0
65 1653 0
65 10894 0
65 2703 0
65 2712 0
65 2714 0
65 3745 0
65 694 0
65 5865 0
65 5866 1
65 5867 1
65 5868 0
65 6388 0
65 7414 0
65 7893 0
65 9477 0
65 1290 0
65 21378 0
65 16663 0
65 5253 0
65 2338 0
65 15150 0
65 12600 0
65 3426 0
65 356 0
65 873 0
65 3950 0
65 4464 0
65 3986 0
65 7064 0
65 8112 0
65 12619 0
65 3043 0
65 13284 0
67 7721 0
67 861 0
67 68 0
67 12619 0
67 10894 0
67 2414 0
67 2714 0
67 2718 0
67 3745 0
67 694 0
67 7893 0
67 729 0
67 5865 0
67 5866 1
67 5867 1
67 5868 0
67 1290 0
67 16308 0
67 16157 0
67 2338 0
67 12600 0
67 5469 0
67 3426 0
67 356 0
67 3950 0
67 4464 0
67 21378 0
67 16107 0
67 3986 0
67 67 0
67 7064 0
67 7414 0
67 14925 0
68 68 0
68 2714 0
68 4795 0
68 12479 0
68 5865 0
68 5866 1
68 5867 1
68 5868 0
68 16107 0
68 1439 0
3950 5253 0
3950 10894 0
3950 669 0
3950 5865 0
3950 5866 1
3950 5867 1
3950 5868 0
3950 6388 0
3950 5880 0
3950 316 0
3950 4463 0
3950 4464 0
3950 7064 0
3950 1472 0
3950 988 0
3950 13284 0
6730 4745 1
6730 3986 0
6730 4215 1
6730 2714 0
6730 13479 0
3148 7846 1
3148 4740 1
3148 1947 1
3148 669 1
3148 1950 1
3148 287 1
3148 4764 1
3148 4295 1
3148 303 1
3148 12726 1
3148 1591 1
3148 15034 1
3148 4795 1
3148 4800 1
3148 8898 1
3148 4299 1
3148 6469 1
3148 4808 1
3148 3148 2
3148 4174 1
3148 16663 1
3148 8547 1
3148 15197 1
3148 14094 1
3148 13284 1
3148 20204 1
3148 7165 1
3148 496 1
3148 1653 1
3148 5885 1
3426 12504 1
3426 16308 0
3426 287 0
3426 2338 0
3426 4409 0
3426 4451 0
3426 8548 0
3426 8549 0
3426 2414 0
3426 389 1
3426 2472 0
3426 6654 0
3426 427 0
3426 2703 0
3426 2709 0
3426 2712 0
3426 2714 0
3426 669 0
3426 2718 0
3426 8547 0
3426 4786 0
3426 694 0
3426 4794 0
3426 8921 0
3426 4956 0
3426 861 0
3426 866 0
3426 873 0
3426 2937 0
3426 13183 0
3426 4957 0
3426 7379 0
3426 3426 0
3426 3427 0
3426 7064 0
3426 1472 0
3426 1591 0
3426 1687 0
3426 3745 0
3426 1765 0
3426 5867 1
3426 5868 0
3426 3830 0
3426 5880 0
3426 3862 0
3426 16157 0
3426 1824 0
3426 5986 0
3426 8064 0
3426 3986 0
3426 8112 0
3426 16031 0
3426 4033 1
3426 8160 0
4174 4894 0
4174 316 0
4174 2668 1
4764 3968 1
4764 2338 0
4764 4780 0
4764 2668 1
4764 8503 0
4451 2709 0
4451 7893 0
4451 1765 0
4451 5885 0
4451 4739 1
4451 277 1
4451 861 0
4451 3422 0
4451 3446 0
4451 3986 0
4451 18332 0
4451 16308 0
4451 5059 0
4451 1478 0
4451 3561 0
1108 1290 0
1108 5865 0
1108 6042 0
1108 287 0
1108 16157 0
1108 5866 1
1108 5867 1
1108 5868 0
1108 7379 0
19029 8921 0
19029 287 0
19029 168 0
19029 1197 0
19029 1591 0
19029 4033 1
19029 19029 0
1721 3601 1
1721 287 1
1721 13479 1
1721 4409 1
1721 4794 1
1721 1726 1
1721 17308 1
1721 6251 1
1721 2414 1
1721 5616 1
1721 8954 1
1721 6141 1
8548 6739 0
8548 4211 0
8548 4215 1
8548 10894 0
8548 8547 0
8548 7893 0
8548 5855 0
8548 8549 0
8548 756 0
8548 7721 0
8548 4859 0
8548 861 0
8548 14094 0
8548 2338 0
8548 3986 0
8548 18332 0
8548 8112 0
8548 2500 0
8548 7165 0
2138 1478 1
2138 7379 1
2138 1653 1
4794 4957 0
4794 2712 0
4794 2718 0
4794 1591 0
4794 1722 1
4794 1725 0
4794 1726 0
4794 3427 0
4794 4409 0
4794 4956 0
4794 4794 0
4794 3043 0
4794 5994 0
9310 1478 0
9310 4212 1
9310 1147 1
95 21003 0
95 3986 0
95 16663 0
95 7064 0
95 669 0
95 4957 0
95 694 0
95 2500 0
95 12619 0
95 12600 0
95 4956 0
95 861 0
95 356 0
95 5866 1
95 5867 1
95 5868 0
3681 277 2
3681 5880 1
8805 4745 1
8805 4215 1
8805 5855 0
3601 3601 0
3601 861 0
3601 3422 0
3601 13479 0
3601 4786 0
3601 1726 0
3601 3794 0
3601 5855 0
3601 561 0
3601 4956 0
3601 4957 0
3601 9064 0
3601 13183 0
3601 8064 0
3601 389 1
3601 3986 0
3601 6586 0
3601 8144 0
3601 3043 0
3601 5616 0
3601 3574 0
3601 6141 0
6251 6251 0
6251 4212 1
6251 4745 1
6251 5986 0
6251 5994 0
6251 3446 0
2668 562 1
2668 2668 2
2668 7846 1
2668 4777 1
2668 4795 1
2668 4800 1
2668 8898 1
2668 4295 1
2668 4808 1
2668 4299 1
2668 729 1
2668 5855 1
2668 5858 1
2668 13543 1
2668 16107 1
2668 13042 1
2668 4894 1
2668 2338 1
2668 303 1
2668 5937 1
2668 6469 1
2668 5469 1
2668 3561 1
2668 19836 1
2668 1947 1
2668 1950 1
2668 6062 1
2668 12726 1
2668 3526 1
2668 496 1
2668 7165 1
8301 16997 0
8301 1653 0
8301 4739 1
8301 669 0
8301 1765 0
8301 5867 1
8301 8921 0
8301 4894 0
8301 5986 0
8301 873 0
8301 5994 0
8301 982 0
12989 6739 0
12989 4215 1
12989 18332 0
12989 12989 0
12989 1728 1
12989 5855 0
12989 8467 0
12989 4409 0
12989 1371 0
12989 3986 0
12989 17308 0
12989 3561 0
12989 7165 0
4209 5766 1
4209 7147 1
4209 4210 2
4209 6586 1
4209 4859 1
4210 5766 1
4210 3354 1
4211 4745 1
4211 8547 0
4211 8549 0
4211 4214 1
4211 4215 1
4212 5986 1
4212 3267 1
4212 2500 1
4212 4745 2
4212 5994 1
4212 4739 2
4212 4212 2
4212 4213 2
4212 4215 2
4212 12443 2
4213 4745 2
4213 4739 2
4213 4215 2
4214 2338 1
4214 4739 2
4214 4745 2
4214 4214 2
4214 4215 2
4215 4739 2
4215 4740 1
4215 2695 1
4215 4745 2
4215 8893 1
4215 3862 1
4215 7064 1
4215 12443 2
4215 8547 1
4215 5937 1
4215 1472 1
4215 2500 1
4215 1478 1
4215 7379 1
4215 988 1
4215 8160 1
4215 8163 1
4215 8549 1
4215 7531 2
4215 4215 2
4215 6780 2
1147 8064 1
1147 2582 1
1147 3986 1
1147 8467 1
1147 18332 1
1147 1824 1
1147 8112 1
1147 4916 1
1147 316 1
1147 8893 1
1147 3561 1
1147 7147 1
1147 496 1
1147 3830 1
1147 2709 1
6780 4739 2
6780 4740 1
6780 176 1
6780 7531 2
5994 117 0
5994 8467 0
5994 2338 0
5994 8503 0
5994 2500 0
5994 496 0
5994 561 0
5994 2714 0
5994 21148 0
5994 861 0
5994 21378 0
5994 7064 0
5994 972 0
5994 3043 0
5994 13479 0
5994 7414 0
5994 13632 0
5994 3446 0
5994 5616 0
5994 3651 1
5994 873 0
5994 1687 0
5994 3745 0
5994 287 0
5994 5855 0
5994 5858 0
5994 5883 0
5994 5885 0
5994 5994 0
6270 389 1
6270 277 1
6270 1687 0
6270 2500 0
6270 5855 0
6270 1653 0
3712 6732 1
3712 1653 1
3712 3712 2
3712 2718 1
3712 4299 1
3712 1765 1
3712 5883 1
3712 5885 1
3712 8503 1
3712 5986 1
3712 6654 1
1728 16031 1
1728 561 1
1728 4409 1
1728 1722 2
1728 1725 1
1728 1726 1
1728 1727 2
1728 2500 1
1728 7893 1
1728 1371 1
1728 4956 1
1728 5855 1
1728 9064 1
1728 2410 1
1728 117 1
1728 3446 1
1728 6141 1
1728 6654 1
4739 176 1
4739 1620 1
4739 15034 1
4739 3353 1
4739 2714 1
4739 1653 1
4739 8921 1
4739 6388 1
4739 1290 1
4739 4740 1
4739 16157 1
4739 873 1
4739 7531 2
4739 7039 2
4739 2472 1
4739 9166 1
4740 4740 0
4740 8467 0
4740 7379 0
4740 17308 0
4740 176 0
4740 4916 0
4740 16308 0
4740 7740 0
4740 6739 0
4740 1620 0
4740 14094 0
4740 16157 0
4740 3561 0
4740 3986 0
4740 7165 0
5253 14925 0
5253 5253 0
5253 16663 0
5253 669 0
5253 3745 0
5253 694 0
5253 5865 0
5253 5866 1
5253 5867 1
5253 5868 0
5253 6388 0
5253 9477 0
5253 8467 0
5253 8921 0
5253 3353 0
5253 2338 0
5253 988 0
5253 303 0
5253 12600 0
5253 12619 0
5253 10894 0
5253 861 0
5253 356 0
5253 4463 0
5253 4464 0
5253 7064 0
5253 3043 0
5253 13284 0
5253 3561 0
5766 5766 0
5766 4786 0
5766 8547 0
2695 4745 1
2695 12885 0
2695 3986 0
2695 2472 0
2695 2338 0
2695 866 0
2695 7893 0
4745 561 1
4745 12885 1
4745 4745 2
4745 2703 1
4745 12443 2
4745 3745 1
4745 13479 1
4745 8893 1
4745 8467 1
4745 3862 1
4745 389 2
4745 972 1
4745 988 1
4745 3561 1
8921 7721 0
8921 3745 0
8921 5866 1
8921 14094 0
8921 16663 0
8921 5937 0
8921 15150 0
8921 12600 0
8921 861 0
8921 4464 0
7165 8467 0
7165 8547 0
7165 8549 0
7165 12726 0
7165 2714 0
7165 21148 0
7165 4859 0
7165 972 0
7165 9166 0
7165 7165 0
7165 5986 0
7165 1197 0
7165 5432 0
7165 1371 0
7165 3446 0
7165 1439 0
7165 3561 0
7165 1653 0
7165 1687 0
7165 3354 0
7165 16031 0
7165 5855 0
7165 16107 0
7165 2718 0
16066 17308 0
16066 2718 0
16066 1371 0
16066 6586 0
16066 7740 0
16066 5855 0
16066 5867 1
16066 5868 0
16066 4465 0
10894 3745 0
10894 1197 0
10894 694 0
10894 5865 0
10894 5866 1
10894 5867 1
10894 5868 0
10894 6388 0
10894 15150 0
10894 16663 0
10894 12619 0
10894 356 0
10894 4463 0
10894 4464 0
10894 4465 0
10894 16107 0
10894 7064 0
10894 14925 0
10894 988 0
10894 13284 0
2703 277 1
2703 316 0
2703 2500 0
2703 496 0
2703 562 0
2703 6732 0
2703 6739 0
2703 2703 0
2703 2709 0
2703 2712 0
2703 2718 0
2703 4859 0
2703 4916 0
2703 972 0
2703 1472 0
2703 7721 0
2703 1591 0
2703 1620 0
2703 16031 0
2703 3745 0
2703 5855 0
2703 5885 0
2703 5937 0
2703 3986 0
2703 18332 0
2582 2582 0
2582 1591 0
2582 1687 0
2582 168 0
2582 1197 0
2582 5855 0
2582 4859 0
2582 3354 0
2582 9064 0
2582 8064 0
2582 389 1
2582 5880 0
2582 496 0
3220 2709 0
3220 2712 0
3220 2714 0
3220 1197 0
3220 5866 1
3220 5867 1
3220 861 0
3220 866 0
3220 9064 0
3220 8112 0
2709 117 0
2709 168 0
2709 8467 0
2709 277 1
2709 2338 0
2709 4465 0
2709 2500 0
2709 5885 0
2709 562 0
2709 6732 0
2709 6739 0
2709 2709 0
2709 2712 0
2709 2714 0
2709 669 0
2709 2718 0
2709 4795 0
2709 4808 0
2709 729 0
2709 8954 0
2709 4859 0
2709 4916 0
2709 4956 0
2709 861 0
2709 2937 0
2709 7064 0
2709 4957 0
2709 5432 0
2709 1371 0
2709 3561 0
2709 16308 0
2709 1620 0
2709 1687 0
2709 16031 0
2709 3745 0
2709 7893 0
2709 5855 0
2709 5880 0
2709 16157 0
2709 1824 0
2709 8064 0
2709 3986 0
2709 18332 0
2709 8112 0
2709 8163 0
1687 117 0
1687 168 0
1687 2338 0
1687 8503 0
1687 389 1
1687 6586 0
1687 2500 0
1687 6654 0
1687 561 0
1687 4859 0
1687 861 0
1687 866 0
1687 2937 0
1687 17308 0
1687 972 0
1687 3043 0
1687 1197 0
1687 5366 0
1687 8064 0
1687 3353 0
1687 3354 0
1687 5432 0
1687 1371 0
1687 5469 0
1687 3427 0
1687 3446 0
1687 3574 0
1687 1591 0
1687 7740 0
1687 1687 0
1687 3794 0
1687 5855 0
1687 5858 0
1687 1765 0
1687 4409 0
1687 5986 0
1687 8144 0
1687 6141 0
2712 168 0
2712 277 1
2712 287 0
2712 2338 0
2712 4463 0
2712 4465 0
2712 389 1
2712 2500 0
2712 561 0
2712 562 0
2712 6732 0
2712 6739 0
2712 2712 0
2712 2714 0
2712 2718 0
2712 4795 0
2712 729 0
2712 8954 0
2712 4859 0
2712 4916 0
2712 4956 0
2712 861 0
2712 21378 0
2712 3043 0
2712 988 0
2712 4957 0
2712 873 0
2712 3354 0
2712 15663 0
2712 5432 0
2712 1371 0
2712 3446 0
2712 1472 0
2712 7721 0
2712 1591 0
2712 1620 0
2712 16031 0
2712 5855 0
2712 5885 0
2712 5937 0
2712 8064 0
2712 3986 0
2712 18332 0
2712 8160 0
1689 1620 0
1689 3745 0
1689 5865 0
1689 5866 1
1689 3354 0
1689 287 0
1689 861 0
1689 873 0
1689 3986 0
1689 1439 0
1689 1472 0
1689 8160 0
2714 2714 0
2714 168 0
2714 2338 0
2714 303 0
2714 6739 0
2714 2718 0
2714 4956 0
2714 4957 0
2714 972 0
2714 5085 0
2714 13479 0
2714 5432 0
2714 7721 0
2714 1591 0
2714 16308 0
2714 1620 0
2714 1727 1
2714 5855 0
2714 5867 1
2714 8064 0
2714 3986 0
2714 21148 0
2714 8112 0
12443 11018 1
12443 287 1
21148 1620 0
21148 21148 0
21148 3353 0
21148 3354 0
21148 4916 0
21148 316 0
21148 5986 0
21148 3968 1
669 168 0
669 8467 0
669 12600 0
669 12619 0
669 356 0
669 4464 0
669 14925 0
669 6739 0
669 669 0
669 2718 0
669 4795 0
669 729 0
669 4859 0
669 4916 0
669 7064 0
669 972 0
669 13284 0
669 7147 0
669 7414 0
669 9477 0
669 15663 0
669 5432 0
669 3561 0
669 1620 0
669 1653 0
669 16663 0
669 3745 0
669 1765 0
669 5885 0
669 982 0
669 14094 0
669 8112 0
669 2039 1
20126 20126 0
20126 287 0
20126 5866 1
20126 5867 1
20126 5865 0
16031 117 0
16031 7531 1
16031 8467 0
16031 4409 0
16031 6739 0
16031 2718 0
16031 861 0
16031 13479 0
16031 2937 0
16031 5366 0
16031 1371 0
16031 3561 0
16031 7721 0
16031 1591 0
16031 1653 0
16031 16031 0
16031 1765 0
16031 5880 0
16031 14094 0
16031 16157 0
16031 5986 0
16031 3986 0
16031 4033 1
3745 6388 0
3745 277 1
3745 287 0
3745 2338 0
3745 12619 0
3745 4463 0
3745 4464 0
3745 4465 0
3745 14925 0
3745 2718 0
3745 4780 0
3745 694 0
3745 4956 0
3745 4957 0
3745 21378 0
3745 7064 0
3745 972 0
3745 988 0
3745 5085 0
3745 13284 0
3745 861 0
3745 7414 0
3745 9477 0
3745 5432 0
3745 729 0
3745 7721 0
3745 3745 0
3745 5855 0
3745 5865 0
3745 5866 1
3745 5867 1
3745 5868 0
3745 3986 0
3745 8112 0
7846 8064 0
7846 12726 0
13479 17308 0
13479 117 0
13479 1726 0
13479 3794 0
13479 8954 0
13479 287 0
13479 1371 0
13479 4956 0
13479 3574 0
168 8898 0
168 168 0
168 4295 0
168 287 0
168 8549 0
168 4463 0
168 4464 0
168 4465 0
168 20204 0
168 561 0
168 562 0
168 2718 0
168 4780 0
168 4795 0
168 8954 0
168 861 0
168 2937 0
168 21378 0
168 7064 0
168 972 0
168 1197 0
168 5366 0
168 3353 0
168 3354 0
168 15663 0
168 5469 0
168 3446 0
168 389 1
168 1620 0
168 5866 1
168 5868 0
168 5885 0
168 1824 0
4777 3968 1
4777 4777 0
4777 303 0
8547 6739 0
8547 4786 0
8547 7893 0
8547 5855 0
8547 861 0
8547 8467 0
8547 287 0
8547 2338 0
8547 8503 0
8547 8549 0
8547 8064 0
8547 3986 0
8547 6042 0
8547 18332 0
8547 8112 0
8547 2500 0
8547 1478 0
8547 3561 0
4780 1591 0
4780 15663 0
4780 6782 1
4780 16663 0
4780 4780 0
4780 4808 0
4780 5885 0
4780 316 0
4780 861 0
4780 19836 0
4780 7064 0
4780 6062 0
4780 13284 0
1197 1591 0
1197 3651 1
1197 1620 0
1197 1653 0
1197 1197 0
1197 7893 0
1197 5855 0
1197 1765 0
1197 4859 0
1197 729 0
1197 3354 0
1197 2338 0
1197 5432 0
1197 389 1
1197 7064 0
1197 16308 0
1197 2500 0
1197 3043 0
1197 496 0
176 3986 0
176 176 0
176 8893 0
176 7379 0
176 1653 0
4786 561 0
4786 2718 0
4786 1765 0
4786 8549 0
4786 5867 1
4786 14094 0
4786 277 1
4786 1824 0
4786 4916 0
4786 1371 0
4786 4956 0
4786 4957 0
4786 3427 0
4786 3986 0
4786 6586 0
4786 2500 0
4786 8160 0
4786 8163 0
3253 1620 0
3253 3000 1
694 14925 0
694 15150 0
694 1653 0
694 16663 0
694 7893 0
694 5865 0
694 5866 1
694 5867 1
694 5868 0
694 6388 0
694 7414 0
694 9477 0
694 15663 0
694 12600 0
694 12619 0
694 356 0
694 4463 0
694 4464 0
694 7064 0
694 16308 0
694 3526 0
694 988 0
694 8160 0
694 13284 0
3767 3248 0
3767 1591 0
3767 3000 1
3767 3767 0
3767 3749 1
3767 5865 0
20084 287 0
20084 12504 1
20084 5865 0
20084 5867 1
1722 11018 1
1722 3986 1
1722 2415 1
1722 7721 1
1722 561 1
1722 15672 1
1722 4409 1
1722 1722 2
1722 1725 1
1722 1727 2
1722 5855 1
1722 866 1
1722 2410 1
1722 2414 1
1722 2417 1
1722 756 1
1722 8954 1
4795 6062 0
4795 562 0
4795 1591 0
4795 1620 0
4795 2718 0
4795 4795 0
4795 4800 0
4795 9166 0
4795 8467 0
4795 4894 0
4795 303 0
4795 5469 0
4795 4465 0
4795 3968 1
4795 6469 0
4795 8112 0
4795 3561 0
4795 7147 0
4795 496 0
1725 561 0
1725 2414 0
1725 1727 1
1725 5855 0
1725 756 0
1725 5366 0
1725 8467 0
1725 3353 0
1725 4409 0
1725 2415 0
1725 866 0
1725 2410 0
1725 2417 0
1725 3574 0
1726 1591 0
1726 6739 0
1726 2414 0
1726 1726 0
1726 4409 0
1726 1371 0
1726 3986 0
1726 17308 0
1726 6141 0
12479 13632 0
12479 5865 0
12479 5866 1
4800 3526 0
8898 389 1
8898 4295 0
8898 9064 0
8898 117 0
3267 1591 0
3267 3794 0
3267 389 1
3267 3827 0
3267 8144 0
3267 3574 0
18332 303 0
18332 8549 0
18332 4465 0
18332 7379 0
18332 2472 0
18332 6586 0
18332 6782 1
18332 2718 0
18332 4956 0
18332 2937 0
18332 5059 0
18332 1290 0
18332 3427 0
18332 1478 0
18332 1591 0
18332 1620 0
18332 8144 0
18332 3830 0
18332 5880 0
18332 16157 0
18332 1824 0
18332 6042 0
18332 8112 0
18332 8160 0
18332 8163 0
15197 389 1
15197 2500 0
4295 3968 1
4295 3353 0
4295 3354 0
4295 2338 0
4295 2500 0
4295 729 0
4295 5865 0
4295 3986 0
4808 3968 1
4808 3986 0
4808 316 0
4808 1620 0
4808 861 0
4808 3561 0
4299 3968 1
4299 2338 0
4299 4299 0
3794 561 0
3794 7740 0
3794 12504 1
3794 8954 0
3794 8503 0
3794 4956 0
3794 4957 0
3794 5986 0
3794 9064 0
3794 3446 0
3794 13183 0
3794 389 1
3794 8144 0
3794 3574 0
7379 1620 0
7379 7379 0
7379 3830 0
7379 287 0
7379 5937 0
7379 3986 0
7379 6042 0
7893 117 0
7893 7893 0
7893 287 0
7893 4409 0
7893 8549 0
7893 4463 0
7893 2472 0
7893 427 0
7893 6586 0
7893 4956 0
7893 2937 0
7893 13284 0
7893 1371 0
7893 7064 0
7893 1472 0
7893 3526 0
7893 3574 0
7893 1591 0
7893 16308 0
7893 7740 0
7893 1653 0
7893 5855 0
7893 1765 0
7893 5867 1
7893 5880 0
7893 1824 0
7893 8144 0
7893 8160 0
7893 8163 0
7039 12885 1
7039 16157 1
7039 7039 2
12504 5059 1
12504 389 2
12504 8144 1
12504 3574 1
12504 12504 2
12504 13183 1
12504 3446 1
12504 5855 1
729 5469 0
729 1591 0
729 1620 0
729 729 0
729 3354 0
729 2338 0
729 5986 0
729 3986 0
729 16107 0
729 7064 0
729 6062 0
729 5885 0
873 561 0
873 2718 0
873 5855 0
873 4859 0
873 4916 0
873 8503 0
873 5432 0
873 8467 0
873 3422 0
873 873 0
873 4464 0
873 4465 0
873 3446 0
873 7064 0
873 8112 0
873 2500 0
873 3561 0
14925 5865 0
14925 5866 1
14925 5867 1
14925 5868 0
14925 6388 0
14925 277 1
14925 4463 0
14925 4464 0
14925 13284 0
14925 988 0
14925 5616 0
5855 117 0
5855 2417 0
5855 8503 0
5855 2414 0
5855 4463 0
5855 4465 0
5855 389 1
5855 2500 0
5855 496 0
5855 2472 0
5855 561 0
5855 6732 0
5855 2718 0
5855 8549 0
5855 756 0
5855 4859 0
5855 4916 0
5855 4956 0
5855 861 0
5855 866 0
5855 17308 0
5855 972 0
5855 5083 0
5855 5085 0
5855 7147 0
5855 4957 0
5855 9064 0
5855 5366 0
5855 3353 0
5855 3354 0
5855 5432 0
5855 1371 0
5855 5469 0
5855 3446 0
5855 7064 0
5855 7414 0
5855 3561 0
5855 5616 0
5855 1591 0
5855 7740 0
5855 1620 0
5855 1653 0
5855 5855 0
5855 5858 0
5855 1765 0
5855 5865 0
5855 5867 1
5855 5868 0
5855 5880 0
5855 16308 0
5855 13284 0
5855 8112 0
5855 8160 0
5858 561 0
5858 5858 0
5858 5867 1
5858 3353 0
5858 3354 0
5858 8503 0
5858 1371 0
5858 861 0
5858 3446 0
5858 2500 0
5858 972 0
5858 8160 0
1765 117 0
1765 8503 0
1765 4409 0
1765 389 1
1765 6739 0
1765 4916 0
1765 4956 0
1765 4957 0
1765 2937 0
1765 3043 0
1765 1371 0
1765 5469 0
1765 1620 0
1765 1653 0
1765 1727 1
1765 1765 0
1765 5883 0
1765 1824 0
1765 3986 0
1765 16308 0
13543 3968 1
13543 5469 0
5865 21003 0
5865 561 0
5865 7740 0
5865 1653 0
5865 5865 0
5865 5866 1
5865 5867 1
5865 5868 0
5865 3827 0
5865 7414 0
5865 5880 0
5865 9477 0
5865 16663 0
5865 2338 0
5865 15663 0
5865 5432 0
5865 12619 0
5865 12600 0
5865 861 0
5865 356 0
5865 4464 0
5865 3986 0
5865 7064 0
5865 427 0
5865 5083 0
5865 3043 0
5865 1620 0
5866 21003 1
5866 861 1
5866 16997 1
5866 5866 2
5866 5867 2
5866 5868 1
5866 6388 1
5866 7414 1
5866 9477 1
5866 16663 1
5866 2338 1
5866 15150 1
5866 15663 1
5866 5432 1
5866 10562 1
5866 12619 1
5866 12600 1
5866 1371 1
5866 4956 1
5866 4957 1
5866 356 1
5866 4464 1
5866 3422 1
5866 7064 1
5866 6042 1
5866 427 1
5866 3827 1
5866 1472 1
5866 982 1
5866 5083 1
5866 5085 1
5866 3043 1
16107 6739 0
16107 3353 0
16107 3354 0
16107 2338 0
16107 6469 0
16107 3422 0
16107 4463 0
16107 4465 0
16107 16107 0
16107 972 0
16107 2039 1
5868 5895 0
5868 5867 1
5868 3827 0
5868 7414 0
5868 9477 0
5868 1824 0
5868 15150 0
5868 5432 0
5868 12619 0
5868 12600 0
5868 861 0
5868 4464 0
5868 4465 0
5868 2937 0
5868 3986 0
5868 7064 0
5868 427 0
5868 1620 0
13042 3968 1
13042 2718 0
13042 3248 0
3827 5867 1
3827 1290 0
3827 6042 0
3827 3830 0
6388 9477 0
6388 1653 0
6388 5867 1
6388 7414 0
6388 21378 0
6388 16663 0
6388 15150 0
6388 12600 0
6388 12619 0
6388 356 0
6388 4463 0
6388 4464 0
6388 7064 0
6388 13284 0
6782 2338 1
6782 3052 1
6782 316 1
6782 5469 1
7414 16308 0
7414 117 0
7414 5867 1
7414 5883 0
7414 5885 0
7414 5895 0
7414 8467 0
7414 2338 0
7414 12600 0
7414 3446 0
7414 7064 0
7414 988 0
7721 1591 0
7721 1653 0
7721 2718 0
7721 1824 0
7721 8549 0
7721 8064 0
7721 7064 0
18168 3052 1
8954 13183 0
8954 389 1
8954 561 0
8954 8144 0
8954 1371 0
8954 4956 0
8954 861 0
8954 7740 0
8954 4465 0
8954 3574 0
8954 8954 0
4859 117 0
4859 8503 0
4859 389 1
4859 2500 0
4859 561 0
4859 2718 0
4859 4859 0
4859 4916 0
4859 972 0
4859 3043 0
4859 3354 0
4859 5432 0
4859 4409 0
4859 3422 0
4859 3446 0
4859 5986 0
4859 3986 0
4859 8160 0
5885 117 0
5885 287 0
5885 4465 0
5885 389 1
5885 427 0
5885 972 0
5885 1371 0
5885 5469 0
5885 3427 0
5885 1472 0
5885 5885 0
5885 5986 0
5885 3986 0
5885 8160 0
3830 6739 0
3830 1620 0
3830 1290 0
3830 4916 0
3830 3986 0
3830 6042 0
3830 427 0
3830 4033 1
3043 117 0
3043 287 0
3043 2410 0
3043 2500 0
3043 561 0
3043 2718 0
3043 861 0
3043 866 0
3043 3043 0
3043 5366 0
3043 3353 0
3043 3354 0
3043 3446 0
3043 5867 1
3043 5432 0
3043 6062 0
8064 5986 0
8064 1620 0
8064 8467 0
8064 1653 0
8064 2718 0
8064 5880 0
8064 7989 1
8064 8503 0
8064 4463 0
8064 4465 0
8064 8064 0
8064 389 1
8064 3986 0
8064 1947 0
8064 1950 0
8064 1472 0
9477 5867 1
9477 988 0
9477 4464 0
9477 13284 0
5895 14094 0
5895 5867 1
5895 5895 0
5895 5937 0
5895 316 0
5895 5469 0
5895 3561 0
5895 2937 0
5895 9166 0
1290 1290 0
1290 5867 1
1290 3986 0
1290 6042 0
1290 3561 0
3248 561 0
3248 1620 0
3248 117 0
3248 3248 0
3248 287 0
12619 2718 0
12619 988 0
12619 4463 0
12619 4464 0
12619 4465 0
12619 13284 0
14094 1591 0
14094 2718 0
14094 5085 0
14094 4409 0
14094 5986 0
14094 8112 0
14094 4464 0
14094 1472 0
14094 4033 1
8467 117 0
8467 4409 0
8467 8549 0
8467 2410 0
8467 6739 0
8467 2718 0
8467 7989 1
8467 2937 0
8467 5085 0
8467 5432 0
8467 1371 0
8467 7064 0
8467 8163 0
8467 1591 0
8467 8467 0
8467 5867 1
8467 8160 0
8467 13284 0
8467 16308 0
277 277 2
277 3354 1
277 2718 1
277 16157 1
277 5432 1
277 5880 1
16663 988 0
16663 316 0
16663 4465 0
16663 13284 0
3353 316 0
3353 2500 0
3353 561 0
3353 861 0
3353 972 0
3353 5085 0
3353 3353 0
3353 3354 0
3353 5432 0
3353 1472 0
3353 3526 0
3353 1591 0
3353 1653 0
3353 4033 1
3353 8112 0
3354 287 0
3354 2338 0
3354 2500 0
3354 561 0
3354 4956 0
3354 861 0
3354 972 0
3354 5085 0
3354 3354 0
3354 4033 1
3354 5867 1
3354 5432 0
15663 1591 0
15663 2718 0
15663 5867 1
15663 15663 0
15663 316 0
15663 7064 0
15663 1472 0
15663 13284 0
15663 7147 0
16157 1620 0
16157 6739 0
16157 1653 0
16157 5880 0
16157 16157 0
16157 4916 0
16157 1371 0
16157 5986 0
16157 6042 0
16157 8112 0
4894 389 1
287 287 0
287 866 0
287 9064 0
287 1478 0
287 1620 0
287 8503 0
287 2338 0
287 10562 0
287 2410 0
287 2472 0
287 2718 0
287 3422 0
287 3446 0
287 4465 0
287 4916 0
287 4957 0
287 13284 0
287 5366 0
287 13632 0
287 6469 0
287 6654 0
287 6732 0
287 6739 0
287 4033 1
287 8163 0
1824 6739 0
1824 2718 0
1824 8893 0
1824 5867 1
1824 1824 0
1824 861 0
1824 3986 0
1824 8112 0
1824 16308 0
1824 988 0
2338 2338 0
2338 4409 0
2338 8549 0
2338 4463 0
2338 4464 0
2338 4465 0
2338 2472 0
2338 6739 0
2338 2718 0
2338 1478 0
2338 2937 0
2338 13284 0
2338 5432 0
2338 5469 0
2338 3422 0
2338 19836 0
2338 7064 0
2338 3651 1
2338 1472 0
2338 3526 0
2338 1591 0
2338 1620 0
2338 1653 0
2338 988 0
2338 3986 0
2338 6062 0
561 117 0
561 2415 0
561 2417 0
561 8503 0
561 4409 0
561 2410 0
561 2414 0
561 4463 0
561 4465 0
561 389 1
561 6586 0
561 2500 0
561 496 0
561 561 0
561 2718 0
561 756 0
561 4956 0
561 4957 0
561 866 0
561 9064 0
561 13183 0
561 4464 0
561 7147 0
561 6654 0
561 861 0
561 5366 0
561 5432 0
561 1371 0
561 1472 0
561 5616 0
561 3574 0
561 7740 0
561 5867 1
561 5986 0
561 8112 0
561 8144 0
562 3968 1
562 7064 0
562 2718 0
562 303 0
562 562 0
562 9166 0
15150 5867 1
15150 988 0
15150 7064 0
15150 13284 0
303 2718 0
303 5880 0
303 303 0
303 4916 0
303 5469 0
303 3968 1
303 21378 0
303 7147 0
5937 2718 0
4916 3446 0
4916 6586 0
4916 2500 0
4916 6654 0
4916 427 0
4916 4916 0
4916 4956 0
4916 7064 0
4916 5059 0
4916 13284 0
4916 2937 0
4916 1371 0
4916 1472 0
4916 3561 0
4916 1653 0
4916 5867 1
4916 5986 0
4916 8144 0
4916 8160 0
7989 8112 1
7989 7989 2
7989 17308 1
7989 3986 1
8503 6739 0
8503 5059 0
8503 2718 0
8503 8503 0
8503 3422 0
8503 3446 0
8503 389 1
8503 2500 0
8503 3574 0
8503 8144 0
8503 6654 0
15672 1727 1
15672 15672 0
15672 1371 0
4409 117 0
4409 4409 0
4409 2410 0
4409 2414 0
4409 4463 0
4409 2417 0
4409 389 1
4409 6586 0
4409 15034 0
4409 756 0
4409 2415 0
4409 4956 0
4409 861 0
4409 866 0
4409 2937 0
4409 5366 0
4409 1371 0
4409 5469 0
4409 3427 0
4409 3561 0
4409 5616 0
4409 1591 0
4409 7740 0
4409 1653 0
4409 1727 1
4409 3986 0
4409 16308 0
4409 6141 0
316 6062 0
316 6739 0
316 316 0
316 13284 0
316 3446 0
316 3052 0
13632 13632 0
13632 5986 0
13632 3749 1
10562 5867 1
6469 3968 1
6469 4465 0
6469 4463 0
6469 8112 0
12600 5867 1
12600 4463 0
12600 4464 0
12600 4465 0
12600 988 0
12600 13284 0
1591 3446 0
1591 4464 0
1591 6739 0
1591 2718 0
1591 4956 0
1591 861 0
1591 988 0
1591 4957 0
1591 2937 0
1591 1371 0
1591 3561 0
1591 1591 0
1591 1620 0
1591 1653 0
1591 3968 1
1591 3986 0
1591 16308 0
1591 8163 0
5432 117 0
5432 389 1
5432 2500 0
5432 2718 0
5432 861 0
5432 5432 0
5432 5469 0
5432 1620 0
5432 5867 1
8163 16308 0
8163 6739 0
8163 5867 1
8163 3986 0
8163 7064 0
13284 4957 0
13284 1620 0
13284 4956 0
13284 861 0
13284 4463 0
13284 4464 0
13284 4465 0
13284 3986 0
13284 7064 0
13284 16308 0
13284 988 0
13284 3561 0
1371 2500 0
1371 6732 0
1371 6739 0
1371 4956 0
1371 4957 0
1371 17308 0
1371 2937 0
1371 1371 0
1371 3446 0
1371 3986 0
1371 8112 0
1371 16308 0
1371 6141 0
4956 117 0
4956 2414 0
4956 4465 0
4956 389 1
4956 6586 0
4956 6732 0
4956 756 0
4956 4956 0
4956 4957 0
4956 866 0
4956 2937 0
4956 13183 0
4956 7064 0
4956 7147 0
4956 861 0
4956 3427 0
4956 3561 0
4956 3574 0
4956 7740 0
4956 1620 0
4956 1653 0
4956 3986 0
4956 8144 0
4956 6141 0
861 117 0
861 8549 0
861 4463 0
861 4464 0
861 4465 0
861 2472 0
861 427 0
861 6586 0
861 496 0
861 8160 0
861 2718 0
861 756 0
861 861 0
861 866 0
861 2937 0
861 5059 0
861 5085 0
861 4957 0
861 13183 0
861 5469 0
861 3427 0
861 3446 0
861 7064 0
861 1439 0
861 1472 0
861 7740 0
861 1653 0
861 5867 1
861 5880 0
861 3986 0
3422 3427 0
3422 5867 1
3422 2410 0
3422 5059 0
3422 1478 0
3422 972 0
3422 8160 0
1727 8160 1
1727 866 1
1727 2414 1
1727 2415 1
1727 5616 1
1727 2417 1
1727 756 1
866 4957 0
866 5986 0
866 8549 0
866 2415 0
866 2718 0
866 756 0
866 866 0
866 2410 0
866 2414 0
866 4463 0
866 2417 0
866 5469 0
3427 6739 0
3427 2718 0
3427 5867 1
3427 5880 0
3427 4957 0
3427 389 1
3427 3986 0
3427 16308 0
356 5880 0
356 988 0
356 4463 0
356 7064 0
8549 16308 0
8549 6739 0
8549 2718 0
8549 4465 0
8549 7064 0
8549 3986 0
8549 8112 0
8549 2500 0
8549 5880 0
9064 7740 0
9064 1653 0
9064 9064 0
9064 3446 0
9064 389 1
9064 8144 0
7740 7740 0
7740 6586 0
7740 1653 0
7740 4463 0
7740 5867 1
7740 4957 0
7740 3446 0
7740 7147 0
7740 389 1
7740 16308 0
7740 8144 0
7740 3574 0
2410 1478 0
2410 2410 0
2410 2414 0
2410 2415 0
2410 2417 0
2410 756 0
2410 3446 0
2410 3561 0
2410 6141 0
2414 4957 0
2414 2414 0
2414 756 0
2414 5366 0
2414 2415 0
2414 2417 0
2414 6141 0
2415 2417 0
2415 756 0
4464 6739 0
4464 1653 0
4464 2937 0
4464 5366 0
4464 4463 0
4464 4465 0
4464 5867 1
4464 3986 0
4464 7064 0
4464 496 0
2417 756 0
2417 3574 0
3446 4463 0
3446 12726 0
3446 2500 0
3446 6732 0
3446 2718 0
3446 2937 0
3446 5083 0
3446 5085 0
3446 5469 0
3446 3446 0
3446 389 1
3446 3574 0
3446 5880 0
3446 5986 0
3446 8144 0
2937 4465 0
2937 6739 0
2937 2718 0
2937 4957 0
2937 3561 0
2937 1653 0
2937 3986 0
2937 12188 1
2937 8112 0
2937 16308 0
2937 4033 1
2937 8144 0
2937 8160 0
19836 21378 0
19836 3986 0
19836 19836 0
3526 3968 1
3526 3986 0
3526 16308 0
3526 5469 0
13183 389 1
13183 4957 0
13183 7147 0
3968 3968 2
3968 12726 1
3968 496 1
3968 1653 1
21378 3651 1
21378 21378 0
21378 4033 1
5867 21003 1
5867 6739 1
5867 1620 1
5867 1653 1
5867 2718 1
5867 5867 2
5867 4465 1
5867 3986 1
5867 7064 1
5867 6042 1
5867 427 1
5867 16308 1
5867 972 1
5867 9166 1
5867 982 1
5867 5083 1
5867 5085 1
5867 3561 1
5867 16997 1
389 6732 1
389 1653 1
389 5059 1
389 117 1
389 20204 1
389 5366 1
389 4957 1
389 4463 1
389 4465 1
389 389 2
389 8112 1
389 6586 1
389 2500 1
389 8144 1
389 3574 1
389 6141 1
4957 117 0
4957 4465 0
4957 6586 0
4957 6739 0
4957 756 0
4957 7064 0
4957 17308 0
4957 1472 0
4957 3561 0
4957 3574 0
4957 1620 0
4957 1653 0
4957 8112 0
4957 8144 0
4957 6141 0
3986 117 0
3986 972 0
3986 982 0
3986 1439 0
3986 1472 0
3986 1478 0
3986 1620 0
3986 1653 0
3986 2472 0
3986 2718 0
3986 3561 0
3986 3574 0
3986 3986 0
3986 4033 1
3986 4463 0
3986 5059 0
3986 5469 0
3986 5880 0
3986 6042 0
3986 6586 0
3986 6739 0
3986 7064 0
3986 8112 0
3986 8144 0
3986 8160 0
3651 427 1
5469 117 0
5469 2718 0
5469 1478 0
5469 15034 0
5469 7064 0
5469 972 0
5469 5366 0
5469 5469 0
5469 1620 0
5469 5883 0
7064 16308 0
7064 4463 0
7064 4465 0
7064 988 0
6042 8112 0
6042 2718 0
6042 2472 0
6042 5880 0
6042 1620 0
1947 1950 0
17308 1472 0
17308 2500 0
1439 1439 0
1439 8112 0
1439 3052 0
1439 2039 1
5616 5616 0
5616 1653 0
15034 15034 0
2472 1620 0
2472 8112 0
2472 4033 1
427 1620 0
1653 117 0
1653 972 0
1653 1653 0
1653 3561 0
1653 4033 1
1653 4465 0
1653 6739 0
1653 16308 0
6062 1620 0
6062 1478 0
8112 117 0
8112 4463 0
8112 6739 0
8112 2718 0
8112 3574 0
8112 1620 0
8112 5880 0
8112 5986 0
8112 8112 0
16308 117 0
16308 4463 0
16308 6586 0
16308 7147 0
16308 1472 0
16308 3574 0
16308 16308 0
16308 5880 0
16308 8144 0
2718 2500 0
2718 496 0
2718 6732 0
2718 6739 0
2718 2718 0
2718 972 0
2718 1472 0
2718 1620 0
2718 8160 0
12726 12726 0
3000 3000 2
6586 6739 0
6586 1620 0
6586 6586 0
6586 2500 0
117 117 0
117 8144 0
117 2500 0
117 3561 0
117 496 0
117 3574 0
1472 6739 0
1472 1620 0
1472 4463 0
4033 6739 1
4033 1620 1
5059 5059 0
5059 4465 0
2500 4463 0
2500 4465 0
2500 5366 0
2500 2500 0
5366 6739 0
5366 5366 0
5366 4463 0
5366 4465 0
1478 1620 0
6732 5986 0
972 4463 0
972 972 0
972 8160 0
972 496 0
9166 6739 0
9166 9166 0
4465 5883 0
4465 4463 0
4465 496 0
8144 3574 0
5880 1620 0
5880 5880 0
5880 6739 0
982 6739 0
982 982 0
5083 5083 0
988 988 0
988 6739 0
988 1620 0
5085 5085 0
5085 1620 0
5085 3561 0
5883 5883 0
4463 4463 0
4463 496 0
4463 6739 0
8160 1620 0
8160 8160 0
8160 3561 0
3561 6739 0
7147 7147 0
7147 6141 0
3052 3052 0
16997 6739 0
16997 16997 0
496 496 0
6739 6739 0
6739 5986 0
3574 3574 0
1620 1620 0
5986 5986 0
12885 12885 0
