2048 2048 0
2048 16388 0
2048 6167 0
2048 16444 0
2048 8267 0
2048 8303 0
2048 4319 0
2048 2338 0
2048 8500 0
2048 6543 0
2048 4559 0
2048 8277 1
2048 18967 0
2048 2599 0
2048 2600 0
2048 2601 0
2048 2604 1
2048 2606 0
2048 6739 0
2048 6740 0
2048 6741 0
2048 8844 0
2048 2724 0
2048 8881 0
2048 8933 0
2048 8934 0
2048 4859 0
2048 6936 0
2048 832 0
2048 861 0
2048 9057 0
2048 2936 0
2048 2937 0
2048 5020 0
2048 3022 0
2048 1259 0
2048 5399 0
2048 1383 0
2048 1384 0
2048 1388 0
2048 1392 0
2048 15873 0
2048 15888 0
2048 1591 0
2048 16031 0
2048 1741 0
2048 7893 0
2048 3802 0
2048 1765 0
2048 1779 1
2048 5981 0
2048 5994 0
2048 3978 0
2048 3986 0
2048 1943 0
2048 6065 0
2048 6068 0
15873 2604 1
15873 1653 0
15873 7851 0
15873 1779 1
15873 8467 0
15873 4319 0
15873 5980 0
15873 5981 0
15873 3986 0
15873 6068 0
15873 3561 0
15873 7165 0
17922 16388 0
17922 16389 0
17922 18982 0
17922 15888 0
17922 8212 0
17922 6167 0
17922 16900 0
17922 15902 0
17922 2598 0
17922 2600 0
17922 2601 0
17922 2604 1
17922 2606 0
17922 10296 0
17922 16449 0
17922 17478 0
17922 7438 0
17922 5212 0
17922 5218 0
17922 7266 0
17922 8303 0
17922 8819 0
17922 7796 0
17922 13332 0
17922 5762 0
17922 7532 0
17922 18967 0
17922 8844 0
17922 17552 0
17922 6936 0
17922 18090 0
17922 7851 0
17922 6836 0
17922 7861 0
17922 8886 0
17922 15988 0
17922 17098 0
17922 17271 0
17922 5329 0
17922 13433 0
17922 8933 0
17922 8934 0
17922 16424 0
17922 8436 0
17922 6403 0
17922 4358 0
17922 5392 0
17922 5393 0
17922 5394 0
17922 5395 0
17922 5396 0
17922 5398 0
17922 5399 0
17922 5400 0
17922 5401 0
17922 5402 0
17922 18728 0
17922 18225 0
17922 3378 0
17922 7475 0
17922 8500 0
17922 3901 0
17922 7999 0
17922 5974 0
17922 14682 0
17922 8542 0
17922 10286 0
17922 1383 0
17922 1384 0
17922 1387 0
17922 1388 0
17922 1392 0
17922 7538 0
17922 13171 0
17922 8567 0
17922 832 0
17922 13186 0
17922 6543 0
17922 3986 0
17922 12954 0
17922 6573 0
17922 19381 0
17922 13245 0
17922 8267 0
17922 9165 0
17922 977 0
17922 16343 0
17922 7128 0
17922 13392 0
17922 15867 0
17922 3561 0
17922 13311 0
17922 7678 0
17922 8277 1
6147 6147 0
6147 19381 0
6147 1736 0
6147 4358 0
6147 8467 0
6147 8542 0
6147 16449 0
6147 7532 0
6147 6573 0
6147 2588 0
6147 2604 1
6147 4833 0
6147 8934 0
6147 4859 0
6147 11038 0
6147 18225 0
6147 8212 0
6147 18852 0
6147 5015 0
6147 5020 0
6147 11236 0
6147 13392 0
6147 5212 0
6147 5218 0
6147 7271 0
6147 2598 0
6147 1259 0
6147 5373 0
6147 5392 0
6147 5394 0
6147 5396 0
6147 3355 1
6147 1383 0
6147 1384 0
6147 1388 0
6147 5529 0
6147 6065 0
6147 5393 0
6147 1653 0
6147 1712 0
6147 1741 0
6147 5855 0
6147 18728 0
6147 1779 1
6147 3845 0
6147 7128 0
6147 8500 0
6147 5994 0
6147 3978 0
6147 3986 0
6147 1943 0
6147 8112 0
16388 16389 0
16388 6167 0
16388 8881 0
16388 16424 0
16388 10286 0
16388 10296 0
16388 16444 0
16388 16449 0
16388 8267 0
16388 8277 1
16388 8303 0
16388 8212 0
16388 1388 0
16388 2937 0
16388 17098 0
16388 8409 0
16388 8436 0
16388 261 0
16388 4358 0
16388 8500 0
16388 14682 0
16388 8542 0
16388 8567 0
16388 6543 0
16388 19381 0
16388 421 0
16388 6573 0
16388 6584 0
16388 16872 0
16388 16900 0
16388 18967 0
16388 2598 0
16388 2600 0
16388 2601 0
16388 2604 1
16388 2606 0
16388 7266 0
16388 6739 0
16388 6740 0
16388 6741 0
16388 8819 0
16388 8844 0
16388 2724 0
16388 8879 0
16388 6836 0
16388 8886 0
16388 18982 0
16388 4833 0
16388 8933 0
16388 8934 0
16388 17552 0
16388 6936 0
16388 6977 0
16388 9057 0
16388 3561 0
16388 2936 0
16388 832 0
16388 13186 0
16388 5015 0
16388 5020 0
16388 13245 0
16388 9158 0
16388 9165 0
16388 977 0
16388 7128 0
16388 13332 0
16388 861 0
16388 17478 0
16388 13392 0
16388 5212 0
16388 5218 0
16388 13433 0
16388 7317 0
16388 13171 0
16388 17271 0
16388 5329 0
16388 7438 0
16388 5392 0
16388 5393 0
16388 5394 0
16388 5395 0
16388 5396 0
16388 5398 0
16388 5399 0
16388 5400 0
16388 5401 0
16388 5402 0
16388 3378 0
16388 7475 0
16388 5431 0
16388 1383 0
16388 1384 0
16388 1387 0
16388 7532 0
16388 1392 0
16388 7538 0
16388 1421 1
16388 13747 0
16388 15867 0
16388 7678 0
16388 15882 0
16388 15888 0
16388 6403 0
16388 15902 0
16388 1591 0
16388 7796 0
16388 1653 0
16388 5762 0
16388 16031 0
16388 18090 0
16388 7851 0
16388 1712 0
16388 7861 0
16388 15988 0
16388 1736 0
16388 7893 0
16388 3802 0
16388 18728 0
16388 1779 1
16388 18225 0
16388 3901 0
16388 7999 0
16388 5974 0
16388 3978 0
16388 3986 0
16388 12954 0
16388 16292 0
16388 10152 0
16388 8112 0
16388 16343 0
16388 8163 0
16388 13311 0
16389 16389 0
16389 8212 0
16389 6167 0
16389 16424 0
16389 10286 0
16389 10296 0
16389 16444 0
16389 16449 0
16389 8267 0
16389 8277 1
16389 8303 0
16389 1388 0
16389 2937 0
16389 8409 0
16389 8436 0
16389 261 0
16389 4358 0
16389 8500 0
16389 14682 0
16389 8542 0
16389 8567 0
16389 5400 0
16389 6543 0
16389 421 0
16389 6573 0
16389 6584 0
16389 8881 0
16389 16900 0
16389 18967 0
16389 2598 0
16389 2600 0
16389 2601 0
16389 2604 1
16389 2606 0
16389 5218 0
16389 6739 0
16389 6741 0
16389 17478 0
16389 8819 0
16389 8844 0
16389 12954 0
16389 2724 0
16389 8879 0
16389 6836 0
16389 8886 0
16389 8933 0
16389 8934 0
16389 17552 0
16389 6936 0
16389 832 0
16389 6977 0
16389 9057 0
16389 2936 0
16389 13186 0
16389 5015 0
16389 5020 0
16389 19381 0
16389 13245 0
16389 9158 0
16389 9165 0
16389 977 0
16389 7128 0
16389 11236 0
16389 13311 0
16389 13332 0
16389 13392 0
16389 5212 0
16389 7266 0
16389 13433 0
16389 13171 0
16389 17271 0
16389 5329 0
16389 18982 0
16389 861 0
16389 7438 0
16389 5392 0
16389 5393 0
16389 5394 0
16389 5395 0
16389 5396 0
16389 5398 0
16389 5399 0
16389 5401 0
16389 5402 0
16389 3378 0
16389 7475 0
16389 5431 0
16389 1383 0
16389 1384 0
16389 1387 0
16389 7532 0
16389 1392 0
16389 7538 0
16389 1421 1
16389 5529 0
16389 13747 0
16389 17098 0
16389 3561 0
16389 15867 0
16389 7678 0
16389 15882 0
16389 15888 0
16389 6403 0
16389 15902 0
16389 1591 0
16389 7796 0
16389 1653 0
16389 5762 0
16389 16031 0
16389 18090 0
16389 7851 0
16389 1712 0
16389 7861 0
16389 15988 0
16389 1736 0
16389 1741 0
16389 7893 0
16389 3802 0
16389 18728 0
16389 1779 1
16389 18225 0
16389 3901 0
16389 7999 0
16389 5974 0
16389 3978 0
16389 3986 0
16389 1943 0
16389 16292 0
16389 10152 0
16389 16343 0
16389 8163 0
4097 4097 0
4097 3354 0
4097 3355 1
4097 1650 1
15882 2598 0
15882 2599 0
15882 2600 0
15882 2606 0
15882 13747 0
15882 1591 0
15882 6741 0
15882 15988 0
15882 8409 0
15882 1388 0
15882 16031 0
15882 1392 0
15882 10661 0
15882 7851 0
15882 1712 0
15882 8881 0
15882 8886 0
15882 1653 0
15882 1736 0
15882 1741 0
15882 2937 0
15882 3802 0
15882 4833 0
15882 18728 0
15882 1779 1
15882 16292 0
15882 16444 0
15882 8467 0
15882 5529 0
15882 5431 0
15882 5980 0
15882 5981 0
15882 6005 0
15882 2936 0
15882 3978 0
15882 5015 0
15882 1421 1
15882 3986 0
15882 1943 0
15882 5020 0
15882 421 0
15882 6584 0
15882 2500 0
15882 9158 0
15882 3561 0
15882 10152 0
15882 6739 0
2059 2059 0
2059 8277 1
2059 8623 0
2059 2604 1
2059 827 0
2059 13245 0
2059 3022 0
2059 1259 0
2059 1943 0
2059 6062 0
6159 6159 0
6159 561 0
6159 16444 0
6159 1653 0
6159 3802 0
6159 5855 0
6159 1779 1
6159 4859 0
6159 3354 0
6159 3355 1
6159 3901 0
6159 6977 0
6159 16872 0
6159 1383 0
6159 1384 0
6159 2937 0
6159 6543 0
6159 2500 0
15888 18982 0
15888 15888 0
15888 8212 0
15888 18967 0
15888 15902 0
15888 2598 0
15888 2599 0
15888 2600 0
15888 2601 0
15888 2604 1
15888 2606 0
15888 861 0
15888 8542 0
15888 10296 0
15888 16449 0
15888 17478 0
15888 7266 0
15888 8303 0
15888 8467 0
15888 7796 0
15888 13332 0
15888 5762 0
15888 1388 0
15888 8844 0
15888 16900 0
15888 17552 0
15888 12954 0
15888 16031 0
15888 1392 0
15888 18090 0
15888 7851 0
15888 7861 0
15888 8886 0
15888 15988 0
15888 17271 0
15888 5329 0
15888 7893 0
15888 13433 0
15888 1765 0
15888 1779 1
15888 8436 0
15888 4358 0
15888 16444 0
15888 5394 0
15888 5395 0
15888 5396 0
15888 10286 0
15888 5398 0
15888 5399 0
15888 5400 0
15888 5401 0
15888 5402 0
15888 18728 0
15888 3378 0
15888 7475 0
15888 8500 0
15888 7999 0
15888 832 0
15888 6977 0
15888 5974 0
15888 14682 0
15888 1383 0
15888 1384 0
15888 1387 0
15888 7532 0
15888 5212 0
15888 7538 0
15888 13171 0
15888 8567 0
15888 2936 0
15888 2937 0
15888 13186 0
15888 6543 0
15888 3986 0
15888 1943 0
15888 6573 0
15888 8623 0
15888 6065 0
15888 13245 0
15888 8267 0
15888 16343 0
15888 7128 0
15888 3561 0
15888 7678 0
15888 13311 0
8212 18982 0
8212 8212 0
8212 6167 0
8212 16900 0
8212 15902 0
8212 2598 0
8212 8881 0
8212 2600 0
8212 2601 0
8212 2604 1
8212 2606 0
8212 861 0
8212 10296 0
8212 16444 0
8212 16449 0
8212 17478 0
8212 8267 0
8212 7266 0
8212 6739 0
8212 6740 0
8212 6741 0
8212 5212 0
8212 5218 0
8212 8303 0
8212 8467 0
8212 7796 0
8212 1653 0
8212 13332 0
8212 5762 0
8212 1387 0
8212 7532 0
8212 5399 0
8212 8844 0
8212 17552 0
8212 6936 0
8212 168 0
8212 7851 0
8212 8819 0
8212 6836 0
8212 7861 0
8212 8886 0
8212 15988 0
8212 17271 0
8212 1741 0
8212 5329 0
8212 7893 0
8212 13433 0
8212 5855 0
8212 1765 0
8212 8934 0
8212 16424 0
8212 8436 0
8212 6403 0
8212 4358 0
8212 18967 0
8212 7438 0
8212 5392 0
8212 5393 0
8212 5394 0
8212 5395 0
8212 5396 0
8212 5398 0
8212 5400 0
8212 5401 0
8212 5402 0
8212 3355 1
8212 16031 0
8212 18728 0
8212 18225 0
8212 3378 0
8212 7475 0
8212 8500 0
8212 3901 0
8212 7999 0
8212 6977 0
8212 5974 0
8212 14682 0
8212 5981 0
8212 8542 0
8212 8933 0
8212 10286 0
8212 1383 0
8212 1384 0
8212 5994 0
8212 1388 0
8212 1392 0
8212 7538 0
8212 8567 0
8212 832 0
8212 13186 0
8212 13311 0
8212 3978 0
8212 6543 0
8212 3986 0
8212 13171 0
8212 1943 0
8212 5529 0
8212 12954 0
8212 6573 0
8212 6065 0
8212 13245 0
8212 17098 0
8212 9165 0
8212 977 0
8212 16343 0
8212 7128 0
8212 13392 0
8212 15867 0
8212 3561 0
8212 19381 0
8212 18090 0
8212 7678 0
8212 8277 1
18967 8202 0
18967 18967 0
18967 15902 0
18967 2598 0
18967 2599 0
18967 2600 0
18967 2601 0
18967 2604 1
18967 2606 0
18967 18982 0
18967 1591 0
18967 10296 0
18967 7861 0
18967 16449 0
18967 8267 0
18967 6739 0
18967 8277 1
18967 5212 0
18967 5214 0
18967 7266 0
18967 8303 0
18967 8467 0
18967 13332 0
18967 5762 0
18967 8844 0
18967 16900 0
18967 12954 0
18967 16031 0
18967 1392 0
18967 18090 0
18967 7851 0
18967 8879 0
18967 8886 0
18967 7796 0
18967 17271 0
18967 1741 0
18967 5329 0
18967 7893 0
18967 13433 0
18967 1259 0
18967 8436 0
18967 4358 0
18967 5393 0
18967 5394 0
18967 5395 0
18967 5396 0
18967 10286 0
18967 5398 0
18967 5399 0
18967 5400 0
18967 5401 0
18967 5402 0
18967 12577 0
18967 18728 0
18967 18225 0
18967 3378 0
18967 7475 0
18967 5431 0
18967 7999 0
18967 832 0
18967 6977 0
18967 5974 0
18967 14682 0
18967 8542 0
18967 17552 0
18967 1384 0
18967 1387 0
18967 7532 0
18967 7538 0
18967 13171 0
18967 8567 0
18967 2936 0
18967 13186 0
18967 6543 0
18967 15988 0
18967 3986 0
18967 1943 0
18967 5529 0
18967 17478 0
18967 6573 0
18967 6936 0
18967 8623 0
18967 6065 0
18967 13245 0
18967 977 0
18967 16343 0
18967 7128 0
18967 12763 0
18967 13311 0
16900 18982 0
16900 6167 0
16900 15902 0
16900 2598 0
16900 2600 0
16900 2601 0
16900 2604 1
16900 2606 0
16900 10296 0
16900 16444 0
16900 16449 0
16900 17478 0
16900 8267 0
16900 6739 0
16900 8277 1
16900 5212 0
16900 5218 0
16900 7266 0
16900 8303 0
16900 8819 0
16900 7796 0
16900 13332 0
16900 5762 0
16900 1388 0
16900 8844 0
16900 17552 0
16900 5400 0
16900 18090 0
16900 7851 0
16900 6836 0
16900 7861 0
16900 8886 0
16900 15988 0
16900 17098 0
16900 17271 0
16900 5329 0
16900 13433 0
16900 8933 0
16900 8934 0
16900 16424 0
16900 8436 0
16900 6403 0
16900 4358 0
16900 7438 0
16900 5392 0
16900 5393 0
16900 5394 0
16900 5395 0
16900 5396 0
16900 5398 0
16900 5399 0
16900 6936 0
16900 5401 0
16900 5402 0
16900 8500 0
16900 18728 0
16900 18225 0
16900 3378 0
16900 7475 0
16900 3901 0
16900 7999 0
16900 832 0
16900 5974 0
16900 14682 0
16900 8542 0
16900 10286 0
16900 1383 0
16900 1384 0
16900 1387 0
16900 7532 0
16900 1392 0
16900 7538 0
16900 13171 0
16900 8567 0
16900 2937 0
16900 13186 0
16900 6543 0
16900 3986 0
16900 19381 0
16900 12954 0
16900 6573 0
16900 13245 0
16900 9165 0
16900 977 0
16900 16343 0
16900 7128 0
16900 13392 0
16900 3561 0
16900 15867 0
16900 7678 0
16900 13311 0
2588 2588 0
2588 3354 0
2588 3355 1
2588 8881 0
2588 1741 0
2588 5855 0
2588 1767 1
2588 1259 0
2588 301 0
2588 5994 0
2588 4551 0
2588 16354 0
15902 18982 0
15902 6167 0
15902 2598 0
15902 2600 0
15902 2601 0
15902 2604 1
15902 2606 0
15902 10296 0
15902 16444 0
15902 16449 0
15902 17478 0
15902 8267 0
15902 5218 0
15902 6739 0
15902 8277 1
15902 5212 0
15902 7266 0
15902 8303 0
15902 8819 0
15902 7796 0
15902 13332 0
15902 5762 0
15902 1388 0
15902 8844 0
15902 17552 0
15902 6936 0
15902 18090 0
15902 7851 0
15902 6836 0
15902 7861 0
15902 8886 0
15902 15988 0
15902 17098 0
15902 17271 0
15902 5329 0
15902 13433 0
15902 4833 0
15902 8933 0
15902 8934 0
15902 16424 0
15902 8436 0
15902 6403 0
15902 4358 0
15902 13392 0
15902 7438 0
15902 5392 0
15902 5393 0
15902 5394 0
15902 5395 0
15902 5396 0
15902 5398 0
15902 5399 0
15902 5400 0
15902 5401 0
15902 5402 0
15902 18728 0
15902 18225 0
15902 3378 0
15902 7475 0
15902 8500 0
15902 3901 0
15902 7999 0
15902 5974 0
15902 14682 0
15902 8542 0
15902 10286 0
15902 1383 0
15902 1384 0
15902 1387 0
15902 7532 0
15902 1392 0
15902 7538 0
15902 13171 0
15902 8567 0
15902 832 0
15902 13186 0
15902 6543 0
15902 19381 0
15902 12954 0
15902 6573 0
15902 13245 0
15902 9165 0
15902 977 0
15902 16343 0
15902 7128 0
15902 3561 0
15902 15867 0
15902 7678 0
15902 13311 0
261 6167 0
261 2601 0
261 2604 1
261 8277 1
261 8303 0
261 8844 0
261 8886 0
261 8934 0
261 261 0
261 18728 0
261 8500 0
261 1383 0
261 1388 0
261 1392 0
261 3978 0
261 6543 0
261 8623 0
261 2500 0
261 9165 0
4272 1943 0
4272 3355 1
4272 421 0
4272 4272 0
4272 6068 0
4272 1650 1
17956 3986 1
17956 6068 1
17956 7379 1
17956 16872 1
2598 10286 0
2598 10296 0
2598 16449 0
2598 8267 0
2598 8303 0
2598 1388 0
2598 2937 0
2598 8409 0
2598 8436 0
2598 4358 0
2598 8467 0
2598 2338 0
2598 1421 1
2598 14682 0
2598 8542 0
2598 8567 0
2598 6543 0
2598 421 0
2598 6573 0
2598 8623 0
2598 6584 0
2598 2500 0
2598 2598 0
2598 2599 0
2598 2600 0
2598 2601 0
2598 2604 1
2598 2606 0
2598 561 0
2598 6739 0
2598 6740 0
2598 6741 0
2598 17478 0
2598 8844 0
2598 12954 0
2598 8881 0
2598 8886 0
2598 18982 0
2598 4833 0
2598 17552 0
2598 832 0
2598 861 0
2598 17271 0
2598 2936 0
2598 13186 0
2598 6977 0
2598 5015 0
2598 5020 0
2598 13245 0
2598 9158 0
2598 9165 0
2598 7128 0
2598 7165 0
2598 13311 0
2598 13332 0
2598 5212 0
2598 7266 0
2598 13433 0
2598 13171 0
2598 5329 0
2598 5394 0
2598 5395 0
2598 5396 0
2598 5398 0
2598 5399 0
2598 5400 0
2598 5401 0
2598 5402 0
2598 3378 0
2598 7475 0
2598 5431 0
2598 1384 0
2598 1387 0
2598 7532 0
2598 1392 0
2598 7538 0
2598 5529 0
2598 3561 0
2598 1591 0
2598 7796 0
2598 1653 0
2598 5762 0
2598 16031 0
2598 18090 0
2598 7851 0
2598 1712 0
2598 7861 0
2598 15988 0
2598 1736 0
2598 1741 0
2598 7893 0
2598 3802 0
2598 18728 0
2598 3901 0
2598 7999 0
2598 5974 0
2598 14991 0
2598 5981 0
2598 5994 0
2598 6005 0
2598 3978 0
2598 3986 0
2598 1943 0
2598 16292 0
2598 6065 0
2598 16343 0
2599 2599 0
2599 2600 0
2599 2601 0
2599 2604 1
2599 2606 0
2599 561 0
2599 6739 0
2599 6740 0
2599 6741 0
2599 7165 0
2599 2724 0
2599 1741 0
2599 3802 0
2599 4319 0
2599 4833 0
2599 1765 0
2599 8277 1
2599 7893 0
2599 18728 0
2599 8467 0
2599 2338 0
2599 5529 0
2599 7999 0
2599 6977 0
2599 11236 0
2599 861 0
2599 1383 0
2599 1384 0
2599 5994 0
2599 3978 0
2599 3986 0
2599 1943 0
2599 6065 0
2599 16031 0
2599 2500 0
2599 8881 0
2599 9165 0
2599 16872 0
2599 3561 0
2600 8202 0
2600 6167 0
2600 14682 0
2600 10286 0
2600 8542 0
2600 10296 0
2600 16449 0
2600 8267 0
2600 8277 1
2600 8303 0
2600 1388 0
2600 141 0
2600 8409 0
2600 8436 0
2600 4358 0
2600 2338 0
2600 8567 0
2600 6543 0
2600 19381 0
2600 18852 0
2600 421 0
2600 6573 0
2600 6584 0
2600 2601 0
2600 2604 1
2600 2606 0
2600 7266 0
2600 6739 0
2600 6740 0
2600 6741 0
2600 8844 0
2600 2724 0
2600 8879 0
2600 8881 0
2600 8886 0
2600 18982 0
2600 4833 0
2600 832 0
2600 6977 0
2600 13171 0
2600 17271 0
2600 2936 0
2600 13186 0
2600 5015 0
2600 5020 0
2600 13245 0
2600 9158 0
2600 9165 0
2600 7128 0
2600 11236 0
2600 13311 0
2600 13332 0
2600 861 0
2600 17478 0
2600 5212 0
2600 5218 0
2600 13433 0
2600 17552 0
2600 5329 0
2600 5394 0
2600 5395 0
2600 5396 0
2600 5398 0
2600 5399 0
2600 5400 0
2600 5401 0
2600 5402 0
2600 3378 0
2600 7475 0
2600 5431 0
2600 1384 0
2600 1387 0
2600 7532 0
2600 1392 0
2600 7538 0
2600 1421 1
2600 5529 0
2600 13747 0
2600 15867 0
2600 1591 0
2600 7796 0
2600 1653 0
2600 5762 0
2600 1667 0
2600 16031 0
2600 18090 0
2600 7851 0
2600 7861 0
2600 15988 0
2600 1741 0
2600 7893 0
2600 5855 0
2600 18728 0
2600 7999 0
2600 5974 0
2600 5981 0
2600 3978 0
2600 3986 0
2600 1943 0
2600 12954 0
2600 10152 0
2600 6065 0
2600 16343 0
2600 8171 0
7721 2606 0
7721 1591 0
7721 8277 1
7721 15988 0
7721 1653 0
7721 6269 0
7721 2724 0
7721 1712 0
7721 4319 0
7721 7633 0
7721 1259 0
7721 3845 0
7721 2604 1
7721 3355 1
7721 8500 0
7721 6543 0
7721 6068 0
7721 16031 0
10795 3986 0
10795 2604 1
10795 8881 0
10795 6741 0
10795 8940 0
10795 1779 1
2604 8202 1
2604 6167 1
2604 16424 1
2604 10286 1
2604 10296 1
2604 16449 1
2604 8267 1
2604 8303 1
2604 1388 1
2604 141 1
2604 8393 1
2604 4319 1
2604 8436 1
2604 4358 1
2604 8467 1
2604 12577 1
2604 2338 1
2604 18728 1
2604 8500 1
2604 4437 1
2604 14682 1
2604 8542 1
2604 8567 1
2604 6543 1
2604 6573 1
2604 8623 1
2604 6584 1
2604 4559 1
2604 6614 1
2604 12763 1
2604 16872 1
2604 2601 1
2604 2604 2
2604 2606 1
2604 6728 1
2604 6739 1
2604 6740 1
2604 6741 1
2604 8819 1
2604 8844 1
2604 12954 1
2604 4551 1
2604 8881 1
2604 8886 1
2604 4833 1
2604 11038 1
2604 827 1
2604 832 1
2604 6977 1
2604 9057 1
2604 870 1
2604 13171 1
2604 17271 1
2604 2937 1
2604 892 1
2604 13186 1
2604 5020 1
2604 13245 1
2604 9165 1
2604 3022 1
2604 977 1
2604 7128 1
2604 11236 1
2604 7165 1
2604 13311 1
2604 13332 1
2604 861 1
2604 17478 1
2604 13392 1
2604 5212 1
2604 5214 1
2604 7266 1
2604 7271 1
2604 17552 1
2604 7317 1
2604 5329 1
2604 18982 1
2604 1259 1
2604 7438 1
2604 5392 1
2604 5393 1
2604 5394 1
2604 5395 1
2604 5396 1
2604 5398 1
2604 5399 1
2604 5400 1
2604 5401 1
2604 5402 1
2604 3378 1
2604 7475 1
2604 1384 1
2604 1387 1
2604 7532 1
2604 1392 1
2604 7538 1
2604 5529 1
2604 7633 1
2604 15867 1
2604 3802 1
2604 1591 1
2604 6068 1
2604 7796 1
2604 1653 1
2604 5762 1
2604 1667 1
2604 3354 1
2604 16031 1
2604 18090 1
2604 7851 1
2604 7861 1
2604 15988 1
2604 1741 1
2604 7893 1
2604 5855 1
2604 3845 1
2604 16343 1
2604 18225 1
2604 10044 1
2604 3901 1
2604 7999 1
2604 5974 1
2604 5981 1
2604 5994 1
2604 6005 1
2604 3978 1
2604 3986 1
2604 1943 1
2604 6062 1
2604 8112 1
2604 6065 1
2604 13433 1
2604 16354 1
2604 8171 1
2606 10286 0
2606 10296 0
2606 16449 0
2606 8267 0
2606 8303 0
2606 7532 0
2606 8567 0
2606 8409 0
2606 8436 0
2606 4358 0
2606 2338 0
2606 8500 0
2606 14682 0
2606 8542 0
2606 6543 0
2606 421 0
2606 6573 0
2606 6584 0
2606 16872 0
2606 2601 0
2606 7266 0
2606 6739 0
2606 6740 0
2606 6741 0
2606 8819 0
2606 8844 0
2606 8881 0
2606 8886 0
2606 18982 0
2606 4833 0
2606 4859 0
2606 17552 0
2606 832 0
2606 6977 0
2606 17271 0
2606 2936 0
2606 13186 0
2606 5015 0
2606 5020 0
2606 13245 0
2606 9158 0
2606 9165 0
2606 7128 0
2606 17478 0
2606 11236 0
2606 7165 0
2606 13311 0
2606 13332 0
2606 861 0
2606 9057 0
2606 5212 0
2606 5214 0
2606 5218 0
2606 13433 0
2606 13171 0
2606 5329 0
2606 2937 0
2606 5373 0
2606 7438 0
2606 5392 0
2606 5393 0
2606 5394 0
2606 5395 0
2606 5396 0
2606 5398 0
2606 5399 0
2606 5400 0
2606 5401 0
2606 5402 0
2606 3378 0
2606 7475 0
2606 5431 0
2606 1383 0
2606 1384 0
2606 1387 0
2606 1388 0
2606 1392 0
2606 7538 0
2606 1421 1
2606 5529 0
2606 13747 0
2606 7633 0
2606 3561 0
2606 15867 0
2606 7678 0
2606 1591 0
2606 7796 0
2606 1653 0
2606 5762 0
2606 1667 0
2606 16031 0
2606 18090 0
2606 7851 0
2606 1712 0
2606 7861 0
2606 15988 0
2606 1736 0
2606 7893 0
2606 3802 0
2606 5855 0
2606 1765 0
2606 18728 0
2606 3845 0
2606 3901 0
2606 7999 0
2606 5974 0
2606 5981 0
2606 5994 0
2606 3978 0
2606 3986 0
2606 1943 0
2606 16292 0
2606 12954 0
2606 10152 0
2606 8112 0
2606 6065 0
2606 16343 0
861 8202 0
861 1712 0
861 60 0
861 168 0
861 4319 0
861 6403 0
861 18728 0
861 8504 0
861 5401 0
861 4551 0
861 8267 0
861 2601 0
861 561 0
861 6741 0
861 12954 0
861 8879 0
861 8881 0
861 4833 0
861 6936 0
861 827 0
861 832 0
861 861 0
861 870 0
861 2936 0
861 2937 0
861 5015 0
861 5020 0
861 5218 0
861 5329 0
861 1259 0
861 7438 0
861 5392 0
861 5399 0
861 3354 0
861 8500 0
861 1383 0
861 1384 0
861 1388 0
861 1392 0
861 10152 0
861 1591 0
861 5393 0
861 1653 0
861 5788 0
861 5402 0
861 9158 0
861 7851 0
861 7861 0
861 3768 0
861 1736 0
861 1741 0
861 3802 0
861 5855 0
861 1779 1
861 18225 0
861 3901 0
861 5994 0
861 3986 0
861 6068 0
861 16031 0
861 2724 0
561 60 0
561 168 0
561 7538 0
561 16444 0
561 18728 0
561 301 0
561 2500 0
561 4551 0
561 561 0
561 2724 0
561 4859 0
561 11038 0
561 827 0
561 892 0
561 6977 0
561 9158 0
561 5212 0
561 1259 0
561 3354 0
561 3355 1
561 1388 0
561 15950 0
561 15988 0
561 1741 0
561 5855 0
561 1779 1
561 5980 0
561 5981 0
561 5994 0
561 6005 0
561 3978 0
561 8112 0
561 6068 0
1591 60 0
1591 8886 0
1591 8267 0
1591 6269 0
1591 1736 0
1591 8409 0
1591 4319 0
1591 8467 0
1591 2338 0
1591 8500 0
1591 4437 0
1591 3901 0
1591 4559 0
1591 421 0
1591 13747 0
1591 6584 0
1591 6739 0
1591 6740 0
1591 6741 0
1591 2724 0
1591 8879 0
1591 8881 0
1591 4833 0
1591 11038 0
1591 870 0
1591 2936 0
1591 18852 0
1591 5015 0
1591 5020 0
1591 9158 0
1591 9165 0
1591 11236 0
1591 7266 0
1591 5329 0
1591 2937 0
1591 5373 0
1591 7438 0
1591 5393 0
1591 5398 0
1591 3355 1
1591 3378 0
1591 7475 0
1591 5431 0
1591 1388 0
1591 1392 0
1591 1421 1
1591 5529 0
1591 5981 0
1591 3561 0
1591 10152 0
1591 1591 0
1591 15988 0
1591 1653 0
1591 1667 0
1591 5788 0
1591 16031 0
1591 7851 0
1591 1712 0
1591 7893 0
1591 3802 0
1591 5855 0
1591 18728 0
1591 3845 0
1591 5974 0
1591 3978 0
1591 3986 0
1591 1943 0
1591 16292 0
1591 12954 0
1591 6065 0
1591 16354 0
1591 8163 0
10296 18982 0
10296 6167 0
10296 2601 0
10296 16449 0
10296 17478 0
10296 8267 0
10296 7266 0
10296 8277 1
10296 5212 0
10296 5218 0
10296 8542 0
10296 8303 0
10296 8819 0
10296 7796 0
10296 13332 0
10296 5762 0
10296 1387 0
10296 7532 0
10296 8844 0
10296 18090 0
10296 7851 0
10296 6836 0
10296 7861 0
10296 8886 0
10296 15988 0
10296 17098 0
10296 17271 0
10296 1741 0
10296 5329 0
10296 7893 0
10296 13433 0
10296 8934 0
10296 1259 0
10296 16424 0
10296 8436 0
10296 6403 0
10296 4358 0
10296 7438 0
10296 5392 0
10296 5393 0
10296 5394 0
10296 5395 0
10296 5396 0
10296 5398 0
10296 5399 0
10296 6936 0
10296 5401 0
10296 5402 0
10296 18728 0
10296 301 0
10296 18225 0
10296 3378 0
10296 7475 0
10296 8500 0
10296 3901 0
10296 7999 0
10296 6977 0
10296 10296 0
10296 5974 0
10296 14682 0
10296 8933 0
10296 17552 0
10296 10286 0
10296 1383 0
10296 1384 0
10296 1388 0
10296 1392 0
10296 7538 0
10296 13171 0
10296 8567 0
10296 5400 0
10296 832 0
10296 13186 0
10296 6543 0
10296 3986 0
10296 19381 0
10296 12954 0
10296 6573 0
10296 13245 0
10296 9165 0
10296 977 0
10296 16343 0
10296 7128 0
10296 13392 0
10296 3561 0
10296 15867 0
10296 7678 0
10296 13311 0
18227 8467 0
18227 1667 0
18227 8504 0
18227 1421 1
18227 8642 1
18227 3561 0
16444 5974 0
16444 4859 0
16444 18982 0
16444 17271 0
16444 6167 0
16444 8623 0
16444 5980 0
16444 60 0
16444 19381 0
16444 9158 0
16444 5212 0
16444 5214 0
16444 5218 0
16444 7266 0
16444 8303 0
16444 1653 0
16444 6269 0
16444 1667 0
16444 7532 0
16444 8844 0
16444 8879 0
16444 6936 0
16444 7851 0
16444 1712 0
16444 8886 0
16444 7796 0
16444 1736 0
16444 17098 0
16444 8567 0
16444 1741 0
16444 9165 0
16444 5329 0
16444 3802 0
16444 4319 0
16444 8934 0
16444 15988 0
16444 1779 1
16444 4833 0
16444 8277 1
16444 6403 0
16444 4358 0
16444 5392 0
16444 5393 0
16444 5394 0
16444 5398 0
16444 5399 0
16444 5400 0
16444 301 0
16444 3378 0
16444 7475 0
16444 16292 0
16444 3901 0
16444 7999 0
16444 6977 0
16444 8467 0
16444 6068 0
16444 1765 0
16444 1383 0
16444 1384 0
16444 16444 0
16444 5994 0
16444 1388 0
16444 13171 0
16444 2936 0
16444 2937 0
16444 13186 0
16444 7538 0
16444 3978 0
16444 421 0
16444 10152 0
16444 6062 0
16444 13747 0
16444 2500 0
16444 6614 0
16444 16354 0
16444 7165 0
16444 7678 0
8202 8202 0
8202 7317 0
8202 168 0
8202 19738 1
8202 8500 0
8202 4551 0
8202 9166 0
8202 7633 0
16449 13332 0
16449 18982 0
16449 6167 0
16449 8881 0
16449 2601 0
16449 8542 0
16449 17478 0
16449 8267 0
16449 7266 0
16449 6739 0
16449 6741 0
16449 5218 0
16449 8303 0
16449 8819 0
16449 7796 0
16449 5762 0
16449 7532 0
16449 8844 0
16449 17552 0
16449 6936 0
16449 16031 0
16449 7851 0
16449 6836 0
16449 7861 0
16449 8886 0
16449 15988 0
16449 17098 0
16449 17271 0
16449 5329 0
16449 13433 0
16449 13186 0
16449 8933 0
16449 8934 0
16449 16424 0
16449 8436 0
16449 6403 0
16449 4358 0
16449 7438 0
16449 5392 0
16449 5393 0
16449 5394 0
16449 5395 0
16449 5396 0
16449 5398 0
16449 5399 0
16449 5400 0
16449 5401 0
16449 5402 0
16449 18728 0
16449 18225 0
16449 3378 0
16449 7475 0
16449 8500 0
16449 5212 0
16449 3901 0
16449 7999 0
16449 6977 0
16449 5974 0
16449 14682 0
16449 10286 0
16449 1383 0
16449 1384 0
16449 1387 0
16449 1388 0
16449 1392 0
16449 7538 0
16449 13171 0
16449 8567 0
16449 3978 0
16449 6543 0
16449 3986 0
16449 19381 0
16449 12954 0
16449 832 0
16449 6573 0
16449 13245 0
16449 9165 0
16449 977 0
16449 16343 0
16449 7128 0
16449 13392 0
16449 15867 0
16449 3561 0
16449 13311 0
16449 18090 0
16449 7678 0
16449 8277 1
17478 18982 0
17478 6167 0
17478 2601 0
17478 8267 0
17478 7266 0
17478 8277 1
17478 5212 0
17478 5218 0
17478 1383 0
17478 8303 0
17478 8819 0
17478 7796 0
17478 13332 0
17478 5762 0
17478 1388 0
17478 8844 0
17478 17552 0
17478 6936 0
17478 18090 0
17478 7851 0
17478 6836 0
17478 7861 0
17478 8886 0
17478 15988 0
17478 17098 0
17478 17271 0
17478 5329 0
17478 13433 0
17478 8933 0
17478 8934 0
17478 16424 0
17478 8436 0
17478 6403 0
17478 4358 0
17478 7438 0
17478 5392 0
17478 5393 0
17478 5394 0
17478 5395 0
17478 5396 0
17478 5398 0
17478 5399 0
17478 5400 0
17478 5401 0
17478 5402 0
17478 18728 0
17478 18225 0
17478 3378 0
17478 7475 0
17478 8500 0
17478 3901 0
17478 7999 0
17478 6977 0
17478 5974 0
17478 14682 0
17478 8542 0
17478 10286 0
17478 1384 0
17478 1387 0
17478 7532 0
17478 1392 0
17478 7538 0
17478 13171 0
17478 8567 0
17478 832 0
17478 13186 0
17478 6543 0
17478 3986 0
17478 12954 0
17478 6573 0
17478 19381 0
17478 13245 0
17478 9165 0
17478 977 0
17478 16343 0
17478 7128 0
17478 13392 0
17478 3561 0
17478 15867 0
17478 7678 0
17478 13311 0
6728 8623 0
6728 8277 1
6728 8934 0
6728 5981 0
6728 6543 0
6728 6728 0
8267 18982 0
8267 6167 0
8267 8879 0
8267 18090 0
8267 2601 0
8267 7266 0
8267 6739 0
8267 8277 1
8267 5212 0
8267 5214 0
8267 5218 0
8267 8303 0
8267 8467 0
8267 7796 0
8267 1653 0
8267 13332 0
8267 5762 0
8267 1387 0
8267 7532 0
8267 5399 0
8267 8844 0
8267 17552 0
8267 6936 0
8267 16031 0
8267 7851 0
8267 7538 0
8267 8819 0
8267 6836 0
8267 7861 0
8267 8886 0
8267 17098 0
8267 17271 0
8267 1741 0
8267 13433 0
8267 1765 0
8267 8934 0
8267 5329 0
8267 10286 0
8267 16424 0
8267 8436 0
8267 6403 0
8267 4358 0
8267 13392 0
8267 7438 0
8267 5392 0
8267 5393 0
8267 5394 0
8267 5395 0
8267 5396 0
8267 5398 0
8267 5400 0
8267 5401 0
8267 5402 0
8267 18728 0
8267 18225 0
8267 3378 0
8267 7475 0
8267 8500 0
8267 3901 0
8267 7999 0
8267 832 0
8267 5974 0
8267 14682 0
8267 8542 0
8267 1383 0
8267 1384 0
8267 1388 0
8267 1392 0
8267 13171 0
8267 8567 0
8267 2936 0
8267 13186 0
8267 6543 0
8267 15988 0
8267 3986 0
8267 5020 0
8267 12954 0
8267 6573 0
8267 8623 0
8267 19381 0
8267 13245 0
8267 9165 0
8267 977 0
8267 16343 0
8267 7128 0
8267 3561 0
8267 8933 0
8267 15867 0
8267 7678 0
8267 13311 0
5218 19381 0
5218 6167 0
5218 18982 0
5218 8881 0
5218 7128 0
5218 6740 0
5218 6741 0
5218 5212 0
5218 5214 0
5218 7266 0
5218 8303 0
5218 8467 0
5218 7796 0
5218 5762 0
5218 7532 0
5218 8844 0
5218 6936 0
5218 16031 0
5218 18090 0
5218 8819 0
5218 6836 0
5218 7861 0
5218 8886 0
5218 17098 0
5218 17271 0
5218 1741 0
5218 5329 0
5218 7893 0
5218 13433 0
5218 1765 0
5218 8934 0
5218 16424 0
5218 1779 1
5218 8436 0
5218 4859 0
5218 6403 0
5218 3845 0
5218 4358 0
5218 17552 0
5218 7438 0
5218 5392 0
5218 5393 0
5218 5394 0
5218 5395 0
5218 5396 0
5218 5398 0
5218 5399 0
5218 5400 0
5218 5401 0
5218 5402 0
5218 7851 0
5218 18728 0
5218 18225 0
5218 3378 0
5218 7475 0
5218 8500 0
5218 13392 0
5218 3901 0
5218 7999 0
5218 5974 0
5218 14682 0
5218 8542 0
5218 8933 0
5218 10286 0
5218 1383 0
5218 1384 0
5218 1387 0
5218 1388 0
5218 1392 0
5218 7538 0
5218 13171 0
5218 8567 0
5218 2936 0
5218 832 0
5218 13186 0
5218 6977 0
5218 3978 0
5218 6543 0
5218 15988 0
5218 3986 0
5218 5529 0
5218 12954 0
5218 6573 0
5218 13311 0
5218 13245 0
5218 9165 0
5218 977 0
5218 16343 0
5218 15867 0
5218 3561 0
5218 7678 0
5218 8277 1
15950 13332 0
15950 5855 0
15950 1779 1
15950 1765 0
15950 19738 1
15950 12577 0
13392 6167 0
13392 18982 0
13392 16424 0
13392 10286 0
13392 8542 0
13392 7266 0
13392 6739 0
13392 7438 0
13392 5212 0
13392 8303 0
13392 8819 0
13392 7796 0
13392 13433 0
13392 7532 0
13392 8844 0
13392 17552 0
13392 18090 0
13392 7851 0
13392 6836 0
13392 7861 0
13392 8886 0
13392 1736 0
13392 17098 0
13392 17271 0
13392 5329 0
13392 7893 0
13392 1765 0
13392 18728 0
13392 8436 0
13392 6403 0
13392 4358 0
13392 5392 0
13392 5393 0
13392 5394 0
13392 5395 0
13392 5396 0
13392 6936 0
13392 5402 0
13392 8500 0
13392 18225 0
13392 7475 0
13392 3901 0
13392 7999 0
13392 6977 0
13392 5974 0
13392 14682 0
13392 8933 0
13392 8934 0
13392 1383 0
13392 1384 0
13392 1387 0
13392 1388 0
13392 1392 0
13392 7538 0
13392 13171 0
13392 8567 0
13392 12954 0
13392 832 0
13392 13186 0
13392 13311 0
13392 6543 0
13392 15988 0
13392 3986 0
13392 19381 0
13392 6573 0
13392 13245 0
13392 9165 0
13392 977 0
13392 16343 0
13392 7128 0
13392 15867 0
13392 3561 0
13392 7678 0
13392 8277 1
6739 6167 0
6739 8277 1
6739 1383 0
6739 8303 0
6739 8567 0
6739 8409 0
6739 4319 0
6739 4358 0
6739 8467 0
6739 2338 0
6739 8500 0
6739 6543 0
6739 421 0
6739 8623 0
6739 6584 0
6739 18852 0
6739 12763 0
6739 2601 0
6739 6739 0
6739 6740 0
6739 6741 0
6739 2724 0
6739 8879 0
6739 8881 0
6739 8886 0
6739 18982 0
6739 4833 0
6739 8933 0
6739 8934 0
6739 6936 0
6739 2936 0
6739 2937 0
6739 832 0
6739 15988 0
6739 5015 0
6739 5020 0
6739 9165 0
6739 9166 0
6739 977 0
6739 7678 0
6739 5974 0
6739 5212 0
6739 5214 0
6739 7266 0
6739 5329 0
6739 1259 0
6739 5373 0
6739 7438 0
6739 5392 0
6739 5394 0
6739 5395 0
6739 5396 0
6739 5398 0
6739 5400 0
6739 5401 0
6739 5402 0
6739 7475 0
6739 5431 0
6739 1384 0
6739 1387 0
6739 1388 0
6739 1392 0
6739 5529 0
6739 3561 0
6739 15867 0
6739 19381 0
6739 5393 0
6739 13245 0
6739 1653 0
6739 5762 0
6739 1667 0
6739 5399 0
6739 19738 1
6739 7851 0
6739 1712 0
6739 7861 0
6739 1736 0
6739 1741 0
6739 3802 0
6739 1765 0
6739 18728 0
6739 18225 0
6739 5981 0
6739 3978 0
6739 3986 0
6739 12954 0
6739 10152 0
6739 8112 0
6739 6068 0
6739 16031 0
6739 8163 0
6740 4319 0
6740 8467 0
6740 18728 0
6740 301 0
6740 8500 0
6740 18852 0
6740 12763 0
6740 2601 0
6740 6741 0
6740 2724 0
6740 8879 0
6740 8881 0
6740 4833 0
6740 4859 0
6740 2936 0
6740 5015 0
6740 977 0
6740 5212 0
6740 5214 0
6740 5329 0
6740 2937 0
6740 5392 0
6740 5393 0
6740 5395 0
6740 5398 0
6740 5399 0
6740 5400 0
6740 5401 0
6740 5402 0
6740 1383 0
6740 1384 0
6740 1388 0
6740 1392 0
6740 3561 0
6740 15988 0
6740 1653 0
6740 1667 0
6740 19738 1
6740 3802 0
6740 1765 0
6740 5981 0
6740 3978 0
6740 3986 0
6740 1943 0
6740 10152 0
6740 6068 0
6740 16031 0
6741 8277 1
6741 4319 0
6741 18728 0
6741 8500 0
6741 2601 0
6741 6741 0
6741 6977 0
6741 2724 0
6741 8879 0
6741 8881 0
6741 4833 0
6741 4859 0
6741 11038 0
6741 832 0
6741 870 0
6741 2936 0
6741 18852 0
6741 5015 0
6741 5020 0
6741 9165 0
6741 9166 0
6741 977 0
6741 7678 0
6741 7165 0
6741 5974 0
6741 5212 0
6741 5214 0
6741 2937 0
6741 18982 0
6741 1259 0
6741 5392 0
6741 5393 0
6741 5395 0
6741 5396 0
6741 5398 0
6741 5399 0
6741 5400 0
6741 5401 0
6741 3354 0
6741 1383 0
6741 1384 0
6741 1388 0
6741 1392 0
6741 5529 0
6741 15867 0
6741 19381 0
6741 8467 0
6741 1653 0
6741 5762 0
6741 19738 1
6741 16031 0
6741 7851 0
6741 1712 0
6741 1741 0
6741 3802 0
6741 1765 0
6741 1779 1
6741 5981 0
6741 3978 0
6741 3986 0
6741 6068 0
5212 13332 0
5212 18982 0
5212 6167 0
5212 8879 0
5212 2601 0
5212 13747 0
5212 7128 0
5212 7266 0
5212 5212 0
5212 5214 0
5212 8303 0
5212 8467 0
5212 7796 0
5212 1653 0
5212 7532 0
5212 5399 0
5212 8844 0
5212 17552 0
5212 6936 0
5212 16031 0
5212 2724 0
5212 8819 0
5212 6836 0
5212 7861 0
5212 8886 0
5212 17098 0
5212 17271 0
5212 1741 0
5212 5329 0
5212 7893 0
5212 13433 0
5212 5855 0
5212 1765 0
5212 8934 0
5212 15867 0
5212 16424 0
5212 1779 1
5212 8436 0
5212 6403 0
5212 7851 0
5212 4358 0
5212 5762 0
5212 7438 0
5212 5392 0
5212 5393 0
5212 5394 0
5212 5395 0
5212 5396 0
5212 5398 0
5212 5400 0
5212 5401 0
5212 5402 0
5212 13171 0
5212 18728 0
5212 18225 0
5212 3378 0
5212 7475 0
5212 8500 0
5212 3901 0
5212 7999 0
5212 832 0
5212 6977 0
5212 5974 0
5212 14682 0
5212 5981 0
5212 8542 0
5212 10286 0
5212 1383 0
5212 1384 0
5212 5994 0
5212 1387 0
5212 1388 0
5212 1392 0
5212 7538 0
5212 8567 0
5212 2936 0
5212 13186 0
5212 13311 0
5212 6543 0
5212 15988 0
5212 3986 0
5212 1943 0
5212 5529 0
5212 12954 0
5212 19381 0
5212 6573 0
5212 8112 0
5212 13245 0
5212 9165 0
5212 977 0
5212 16343 0
5212 8881 0
5212 8163 0
5212 11236 0
5212 16872 0
5212 3561 0
5212 8933 0
5212 18090 0
5212 7678 0
5212 8277 1
5214 1653 0
5214 16031 0
5214 7851 0
5214 8879 0
5214 8881 0
5214 1741 0
5214 7893 0
5214 1765 0
5214 1779 1
5214 5373 0
5214 3845 0
5214 7438 0
5214 5392 0
5214 8467 0
5214 6936 0
5214 8500 0
5214 18225 0
5214 3378 0
5214 6977 0
5214 4437 0
5214 5974 0
5214 1388 0
5214 1392 0
5214 2936 0
5214 2937 0
5214 6543 0
5214 1943 0
5214 8623 0
5214 8112 0
5214 6068 0
5214 9165 0
5214 977 0
7266 13332 0
7266 18982 0
7266 6403 0
7266 6167 0
7266 2601 0
7266 8542 0
7266 7266 0
7266 8277 1
7266 8303 0
7266 17271 0
7266 8819 0
7266 7796 0
7266 5762 0
7266 7532 0
7266 8844 0
7266 17552 0
7266 6936 0
7266 18090 0
7266 7851 0
7266 6836 0
7266 7861 0
7266 8886 0
7266 15988 0
7266 17098 0
7266 5329 0
7266 7893 0
7266 13433 0
7266 5855 0
7266 8933 0
7266 8934 0
7266 16424 0
7266 8436 0
7266 3845 0
7266 4358 0
7266 7438 0
7266 5392 0
7266 5393 0
7266 5394 0
7266 5395 0
7266 5396 0
7266 5398 0
7266 5399 0
7266 5400 0
7266 5401 0
7266 5402 0
7266 18728 0
7266 18225 0
7266 3378 0
7266 7475 0
7266 8500 0
7266 3901 0
7266 7999 0
7266 16354 0
7266 5974 0
7266 14682 0
7266 9057 0
7266 10286 0
7266 1383 0
7266 1384 0
7266 5994 0
7266 1387 0
7266 1388 0
7266 1392 0
7266 7538 0
7266 13171 0
7266 6005 0
7266 8567 0
7266 2937 0
7266 832 0
7266 13186 0
7266 6543 0
7266 3986 0
7266 5529 0
7266 12954 0
7266 6573 0
7266 13245 0
7266 9165 0
7266 977 0
7266 16343 0
7266 7128 0
7266 3561 0
7266 19381 0
7266 15867 0
7266 7678 0
7266 13311 0
7271 3986 0
7271 19738 1
7271 827 0
7271 8881 0
7271 5981 0
7271 8467 0
8303 18982 0
8303 2601 0
8303 7128 0
8303 8542 0
8303 9057 0
8303 7438 0
8303 1383 0
8303 8467 0
8303 7796 0
8303 13332 0
8303 5762 0
8303 7532 0
8303 6167 0
8303 8844 0
8303 6936 0
8303 8819 0
8303 15867 0
8303 16031 0
8303 5402 0
8303 2724 0
8303 7851 0
8303 6836 0
8303 7861 0
8303 8886 0
8303 16424 0
8303 15988 0
8303 8567 0
8303 17271 0
8303 5329 0
8303 7893 0
8303 13433 0
8303 8934 0
8303 10286 0
8303 8436 0
8303 6403 0
8303 4358 0
8303 17552 0
8303 16343 0
8303 5392 0
8303 5393 0
8303 5394 0
8303 5395 0
8303 5396 0
8303 5398 0
8303 5399 0
8303 5400 0
8303 5401 0
8303 3354 0
8303 8500 0
8303 18728 0
8303 18225 0
8303 3378 0
8303 7475 0
8303 3901 0
8303 7999 0
8303 832 0
8303 6977 0
8303 5974 0
8303 14682 0
8303 1384 0
8303 1387 0
8303 1388 0
8303 1392 0
8303 7538 0
8303 13171 0
8303 13186 0
8303 6543 0
8303 3986 0
8303 19381 0
8303 12954 0
8303 10152 0
8303 6573 0
8303 8112 0
8303 13747 0
8303 6584 0
8303 13245 0
8303 2500 0
8303 17098 0
8303 9165 0
8303 977 0
8303 8163 0
8303 11236 0
8303 3561 0
8303 8933 0
8303 13311 0
8303 18090 0
8303 7678 0
8303 8277 1
1650 6065 1
1650 1650 2
8819 6167 0
8819 18982 0
8819 16424 0
8819 2601 0
8819 8542 0
8819 8277 1
8819 8819 0
8819 7796 0
8819 13433 0
8819 7532 0
8819 8844 0
8819 18090 0
8819 7851 0
8819 7538 0
8819 6836 0
8819 7861 0
8819 8886 0
8819 15988 0
8819 17098 0
8819 17271 0
8819 1741 0
8819 5329 0
8819 8933 0
8819 8934 0
8819 8436 0
8819 5373 0
8819 6403 0
8819 4358 0
8819 17552 0
8819 7438 0
8819 5392 0
8819 5393 0
8819 5394 0
8819 5395 0
8819 5396 0
8819 6936 0
8819 2338 0
8819 18728 0
8819 18225 0
8819 7475 0
8819 8500 0
8819 10044 0
8819 3901 0
8819 7999 0
8819 6977 0
8819 5974 0
8819 14682 0
8819 9057 0
8819 10286 0
8819 1383 0
8819 1384 0
8819 5994 0
8819 1387 0
8819 1388 0
8819 1392 0
8819 13171 0
8819 8567 0
8819 832 0
8819 13186 0
8819 6543 0
8819 3986 0
8819 1943 0
8819 19381 0
8819 12954 0
8819 6573 0
8819 13245 0
8819 9165 0
8819 977 0
8819 16343 0
8819 7128 0
8819 3561 0
8819 7678 0
8819 15867 0
8819 13311 0
7796 18982 0
7796 6167 0
7796 2601 0
7796 8277 1
7796 8467 0
7796 15988 0
7796 13332 0
7796 5762 0
7796 1387 0
7796 1388 0
7796 8844 0
7796 17552 0
7796 5400 0
7796 18090 0
7796 7851 0
7796 6836 0
7796 7861 0
7796 8886 0
7796 17098 0
7796 17271 0
7796 5329 0
7796 13433 0
7796 4833 0
7796 8933 0
7796 8934 0
7796 16424 0
7796 8436 0
7796 6403 0
7796 4358 0
7796 7438 0
7796 5392 0
7796 5393 0
7796 5394 0
7796 5395 0
7796 5396 0
7796 5398 0
7796 5399 0
7796 6936 0
7796 5401 0
7796 5402 0
7796 18728 0
7796 18225 0
7796 3378 0
7796 7475 0
7796 8500 0
7796 3901 0
7796 7999 0
7796 5974 0
7796 14682 0
7796 8542 0
7796 10286 0
7796 1383 0
7796 1384 0
7796 7532 0
7796 1392 0
7796 7538 0
7796 13171 0
7796 8567 0
7796 832 0
7796 13186 0
7796 6543 0
7796 3986 0
7796 12954 0
7796 10152 0
7796 6573 0
7796 19381 0
7796 13245 0
7796 9165 0
7796 977 0
7796 16343 0
7796 7128 0
7796 3561 0
7796 15867 0
7796 7678 0
7796 13311 0
1653 141 0
1653 8393 0
1653 8500 0
1653 8642 1
1653 8881 0
1653 827 0
1653 892 0
1653 9158 0
1653 977 0
1653 1259 0
1653 1383 0
1653 1388 0
1653 1653 0
1653 1712 0
1653 1765 0
1653 1779 1
1653 1943 0
1653 2338 0
1653 18852 0
1653 10661 0
1653 2601 0
1653 2936 0
1653 2937 0
1653 3561 0
1653 3802 0
1653 3986 0
1653 12954 0
1653 5015 0
1653 5020 0
1653 18728 0
1653 5400 0
1653 5402 0
1653 5431 0
1653 5529 0
1653 5855 0
1653 6065 0
1653 6068 0
1653 6403 0
1653 14682 0
1653 6543 0
1653 6936 0
1653 6977 0
1653 7165 0
1653 7532 0
1653 15988 0
1653 16031 0
1653 7851 0
1653 7893 0
1653 16292 0
1653 16354 0
1653 8171 0
13332 18982 0
13332 17271 0
13332 6167 0
13332 2601 0
13332 8277 1
13332 13433 0
13332 5762 0
13332 8844 0
13332 17552 0
13332 18090 0
13332 7851 0
13332 7861 0
13332 8886 0
13332 8567 0
13332 5329 0
13332 8436 0
13332 4358 0
13332 5394 0
13332 5395 0
13332 5396 0
13332 5398 0
13332 5399 0
13332 5400 0
13332 5401 0
13332 5402 0
13332 18728 0
13332 3378 0
13332 7475 0
13332 7999 0
13332 832 0
13332 5974 0
13332 14682 0
13332 5980 0
13332 8542 0
13332 10286 0
13332 1384 0
13332 1387 0
13332 7532 0
13332 7538 0
13332 13171 0
13332 13186 0
13332 6543 0
13332 15988 0
13332 12954 0
13332 6573 0
13332 13245 0
13332 4551 0
13332 16343 0
13332 7128 0
13332 13311 0
4220 1767 1
4220 1779 1
4220 6573 0
4220 7165 0
6269 6269 0
6269 1741 0
6269 1779 1
6269 7893 0
6269 19738 1
6269 6068 0
1765 6167 0
1765 16424 0
1765 8277 1
1765 4319 0
1765 8500 0
1765 8504 0
1765 6573 0
1765 8623 0
1765 4551 0
1765 2601 0
1765 8881 0
1765 8934 0
1765 8940 0
1765 6936 0
1765 9057 0
1765 2936 0
1765 2937 0
1765 9158 0
1765 9165 0
1765 13311 0
1765 13433 0
1765 7438 0
1765 5393 0
1765 5401 0
1765 3355 1
1765 1383 0
1765 1384 0
1765 1388 0
1765 1392 0
1765 7633 0
1765 5373 0
1765 15867 0
1765 16354 0
1765 1667 0
1765 16031 0
1765 1741 0
1765 7893 0
1765 5855 0
1765 1765 0
1765 1779 1
1765 7999 0
1765 5974 0
1765 6005 0
1765 3978 0
1765 3986 0
1765 1943 0
1765 6065 0
1765 4437 0
5762 18982 0
5762 2601 0
5762 13747 0
5762 1387 0
5762 8844 0
5762 17552 0
5762 12954 0
5762 16031 0
5762 2724 0
5762 7851 0
5762 8881 0
5762 13171 0
5762 7861 0
5762 8886 0
5762 15988 0
5762 17271 0
5762 5329 0
5762 13433 0
5762 18728 0
5762 8436 0
5762 5373 0
5762 8277 1
5762 4358 0
5762 16343 0
5762 5393 0
5762 5394 0
5762 5395 0
5762 5396 0
5762 10286 0
5762 5398 0
5762 5399 0
5762 5400 0
5762 5401 0
5762 5402 0
5762 3378 0
5762 7475 0
5762 7999 0
5762 832 0
5762 5974 0
5762 14682 0
5762 8542 0
5762 1384 0
5762 7532 0
5762 1392 0
5762 7538 0
5762 8567 0
5762 13186 0
5762 3978 0
5762 6543 0
5762 6573 0
5762 13245 0
5762 9165 0
5762 7128 0
5762 8163 0
5762 13311 0
5762 18090 0
1667 8879 0
1667 5981 0
1667 15988 0
1667 1667 0
1667 17552 0
1667 2724 0
1667 1741 0
1667 7893 0
1667 1259 0
1667 6403 0
1667 8467 0
1667 1421 1
1667 1388 0
1667 3986 0
1667 16292 0
1667 10152 0
1667 6062 0
1667 6065 0
1667 6584 0
1667 2500 0
1667 18852 0
1667 10661 0
1667 3561 0
3022 3355 1
3022 2338 0
3022 8623 0
3022 3022 0
7532 18982 0
7532 6167 0
7532 2601 0
7532 8542 0
7532 8277 1
7532 5395 0
7532 8844 0
7532 17552 0
7532 6936 0
7532 18090 0
7532 7851 0
7532 6836 0
7532 7861 0
7532 8886 0
7532 15988 0
7532 17098 0
7532 17271 0
7532 5329 0
7532 7893 0
7532 13433 0
7532 8933 0
7532 8934 0
7532 16424 0
7532 8436 0
7532 6403 0
7532 4358 0
7532 7438 0
7532 5392 0
7532 5393 0
7532 5394 0
7532 5396 0
7532 5398 0
7532 5399 0
7532 5400 0
7532 5401 0
7532 5402 0
7532 18225 0
7532 3378 0
7532 7475 0
7532 8500 0
7532 3901 0
7532 7999 0
7532 18728 0
7532 8467 0
7532 5974 0
7532 14682 0
7532 10286 0
7532 1383 0
7532 1384 0
7532 1387 0
7532 1388 0
7532 1392 0
7532 7538 0
7532 13171 0
7532 8567 0
7532 832 0
7532 13186 0
7532 6543 0
7532 12954 0
7532 6573 0
7532 19381 0
7532 13245 0
7532 9165 0
7532 977 0
7532 16343 0
7532 7128 0
7532 15867 0
7532 3561 0
7532 7678 0
7532 13311 0
6167 18982 0
6167 6167 0
6167 2601 0
6167 10286 0
6167 8277 1
6167 5395 0
6167 8844 0
6167 17552 0
6167 18090 0
6167 7851 0
6167 6836 0
6167 7861 0
6167 8886 0
6167 15988 0
6167 17098 0
6167 17271 0
6167 5329 0
6167 7893 0
6167 2937 0
6167 4833 0
6167 8934 0
6167 8940 0
6167 16424 0
6167 8436 0
6167 6403 0
6167 4358 0
6167 16343 0
6167 7438 0
6167 5392 0
6167 5393 0
6167 5394 0
6167 5396 0
6167 6936 0
6167 18728 0
6167 18225 0
6167 7475 0
6167 8500 0
6167 3901 0
6167 7999 0
6167 6977 0
6167 5974 0
6167 14682 0
6167 8542 0
6167 8933 0
6167 9057 0
6167 1383 0
6167 1384 0
6167 1387 0
6167 1388 0
6167 1392 0
6167 7538 0
6167 13171 0
6167 8567 0
6167 832 0
6167 13186 0
6167 6543 0
6167 3986 0
6167 1943 0
6167 12954 0
6167 10152 0
6167 6573 0
6167 6065 0
6167 6584 0
6167 13245 0
6167 9165 0
6167 977 0
6167 13433 0
6167 7128 0
6167 3561 0
6167 19381 0
6167 15867 0
6167 7678 0
6167 13311 0
8844 18982 0
8844 8881 0
8844 2601 0
8844 8277 1
8844 1387 0
8844 17552 0
8844 6936 0
8844 7317 0
8844 16031 0
8844 2724 0
8844 7851 0
8844 6836 0
8844 7861 0
8844 8886 0
8844 15988 0
8844 17098 0
8844 17271 0
8844 5329 0
8844 7893 0
8844 13433 0
8844 8409 0
8844 8933 0
8844 8934 0
8844 16424 0
8844 8436 0
8844 6403 0
8844 4358 0
8844 7438 0
8844 5392 0
8844 5393 0
8844 5394 0
8844 5395 0
8844 5396 0
8844 5398 0
8844 5399 0
8844 5400 0
8844 5401 0
8844 5402 0
8844 8500 0
8844 18728 0
8844 18225 0
8844 3378 0
8844 7475 0
8844 3901 0
8844 7999 0
8844 6977 0
8844 5974 0
8844 14682 0
8844 8542 0
8844 9057 0
8844 10286 0
8844 1383 0
8844 1384 0
8844 1388 0
8844 1392 0
8844 7538 0
8844 13171 0
8844 8567 0
8844 832 0
8844 13186 0
8844 6543 0
8844 3986 0
8844 1943 0
8844 19381 0
8844 12954 0
8844 6573 0
8844 8112 0
8844 13747 0
8844 13245 0
8844 9165 0
8844 977 0
8844 16343 0
8844 7128 0
8844 8163 0
8844 3561 0
8844 15867 0
8844 18090 0
8844 7678 0
8844 13311 0
141 8277 1
141 141 0
141 7317 0
141 9165 0
141 4859 0
141 5393 0
141 3354 0
141 3355 1
141 2338 0
141 301 0
141 17552 0
141 6584 0
141 3561 0
141 18225 0
14991 3986 0
14991 19738 1
14991 5431 0
14991 1779 1
17552 18982 0
17552 2601 0
17552 8277 1
17552 6936 0
17552 18090 0
17552 7851 0
17552 6836 0
17552 7861 0
17552 8886 0
17552 15988 0
17552 17098 0
17552 17271 0
17552 5329 0
17552 13433 0
17552 8933 0
17552 8934 0
17552 16424 0
17552 8436 0
17552 5373 0
17552 6403 0
17552 4358 0
17552 7438 0
17552 5392 0
17552 5393 0
17552 5394 0
17552 5395 0
17552 5396 0
17552 5398 0
17552 5399 0
17552 5400 0
17552 5401 0
17552 5402 0
17552 18225 0
17552 3378 0
17552 7475 0
17552 8500 0
17552 3901 0
17552 7999 0
17552 18728 0
17552 5974 0
17552 14682 0
17552 8542 0
17552 10286 0
17552 1383 0
17552 1384 0
17552 1387 0
17552 1388 0
17552 1392 0
17552 7538 0
17552 13171 0
17552 8567 0
17552 2937 0
17552 832 0
17552 13186 0
17552 6543 0
17552 12954 0
17552 6573 0
17552 19381 0
17552 13245 0
17552 9165 0
17552 977 0
17552 16343 0
17552 7128 0
17552 3561 0
17552 15867 0
17552 7678 0
17552 13311 0
5400 7851 0
5400 18982 0
5400 2601 0
5400 13747 0
5400 7128 0
5400 12954 0
5400 16031 0
5400 2724 0
5400 8879 0
5400 8881 0
5400 13171 0
5400 7861 0
5400 8886 0
5400 15988 0
5400 1387 0
5400 17271 0
5400 5329 0
5400 7893 0
5400 13433 0
5400 8409 0
5400 5855 0
5400 1779 1
5400 8436 0
5400 4859 0
5400 5373 0
5400 18728 0
5400 4358 0
5400 16343 0
5400 5392 0
5400 5393 0
5400 5394 0
5400 5395 0
5400 5396 0
5400 10286 0
5400 5398 0
5400 5399 0
5400 5401 0
5400 5402 0
5400 3378 0
5400 7475 0
5400 7999 0
5400 832 0
5400 6977 0
5400 5974 0
5400 14682 0
5400 8542 0
5400 1384 0
5400 1392 0
5400 7538 0
5400 8567 0
5400 2936 0
5400 13186 0
5400 3978 0
5400 6543 0
5400 1943 0
5400 10152 0
5400 6573 0
5400 8112 0
5400 13245 0
5400 9165 0
5400 8163 0
5400 11236 0
5400 16872 0
5400 13311 0
5400 18090 0
5400 8277 1
7317 8467 0
7317 2338 0
7317 10945 0
7317 3561 0
7317 9166 0
7317 5994 0
7317 3354 0
7317 3355 1
7317 5980 0
7317 5981 0
7317 6005 0
7317 3986 0
7317 10152 0
7317 8163 0
12954 14682 0
12954 8881 0
12954 8542 0
12954 8277 1
12954 6977 0
12954 5399 0
12954 6936 0
12954 16343 0
12954 16031 0
12954 2724 0
12954 18090 0
12954 7851 0
12954 7538 0
12954 6836 0
12954 7861 0
12954 8886 0
12954 1387 0
12954 1736 0
12954 17098 0
12954 17271 0
12954 1741 0
12954 7893 0
12954 8934 0
12954 5329 0
12954 16424 0
12954 8436 0
12954 18982 0
12954 6403 0
12954 3845 0
12954 4358 0
12954 7438 0
12954 5392 0
12954 5393 0
12954 5394 0
12954 5395 0
12954 5396 0
12954 5398 0
12954 5401 0
12954 5402 0
12954 2338 0
12954 2601 0
12954 18728 0
12954 18225 0
12954 3378 0
12954 7475 0
12954 8500 0
12954 827 0
12954 10044 0
12954 3901 0
12954 7999 0
12954 5974 0
12954 10286 0
12954 1383 0
12954 1384 0
12954 1388 0
12954 1392 0
12954 13171 0
12954 8567 0
12954 2936 0
12954 2937 0
12954 832 0
12954 13186 0
12954 3978 0
12954 6543 0
12954 15988 0
12954 5015 0
12954 5020 0
12954 3986 0
12954 19381 0
12954 6573 0
12954 13245 0
12954 9165 0
12954 977 0
12954 13433 0
12954 7128 0
12954 6068 0
12954 3561 0
12954 8933 0
12954 15867 0
12954 7678 0
12954 13311 0
5788 5788 0
5788 5855 0
5788 1767 1
5788 1779 1
5788 827 0
5788 870 0
5788 4319 0
5788 1943 0
5788 5015 0
5788 3561 0
3354 168 0
3354 8393 0
3354 2338 0
3354 18728 0
3354 301 0
3354 2500 0
3354 8886 0
3354 8940 0
3354 4859 0
3354 870 0
3354 892 0
3354 9165 0
3354 11236 0
3354 7165 0
3354 5329 0
3354 1259 0
3354 5392 0
3354 3354 0
3354 3355 1
3354 1383 0
3354 1384 0
3354 1387 0
3354 7633 0
3354 3768 0
3354 1741 0
3354 5855 0
3354 5981 0
3354 3978 0
3354 8171 0
16031 8277 1
16031 1388 0
16031 8467 0
16031 18728 0
16031 8500 0
16031 8623 0
16031 12763 0
16031 2601 0
16031 2724 0
16031 8881 0
16031 8886 0
16031 4833 0
16031 8933 0
16031 8934 0
16031 6936 0
16031 11038 0
16031 832 0
16031 2936 0
16031 18852 0
16031 15988 0
16031 5015 0
16031 5020 0
16031 9165 0
16031 977 0
16031 7165 0
16031 2937 0
16031 18982 0
16031 7438 0
16031 5392 0
16031 5393 0
16031 5395 0
16031 5398 0
16031 5399 0
16031 5401 0
16031 5402 0
16031 5431 0
16031 1383 0
16031 1384 0
16031 1387 0
16031 1392 0
16031 5529 0
16031 3561 0
16031 7678 0
16031 19381 0
16031 16031 0
16031 7851 0
16031 3802 0
16031 3901 0
16031 5974 0
16031 5981 0
16031 3978 0
16031 3986 0
16031 1943 0
977 18982 0
977 8881 0
977 16424 0
977 10286 0
977 8467 0
977 13433 0
977 1387 0
977 18090 0
977 7851 0
977 6836 0
977 7861 0
977 8886 0
977 15988 0
977 17098 0
977 17271 0
977 1741 0
977 5329 0
977 1388 0
977 8933 0
977 8934 0
977 8436 0
977 6403 0
977 4358 0
977 7438 0
977 5392 0
977 5393 0
977 5394 0
977 5395 0
977 5396 0
977 6936 0
977 18728 0
977 18225 0
977 7475 0
977 8500 0
977 3901 0
977 7999 0
977 5974 0
977 14682 0
977 8542 0
977 1383 0
977 1384 0
977 1392 0
977 7538 0
977 13171 0
977 8567 0
977 832 0
977 13186 0
977 6543 0
977 1943 0
977 6573 0
977 8623 0
977 19381 0
977 13245 0
977 9165 0
977 16343 0
977 7128 0
977 15867 0
977 11236 0
977 3561 0
977 13311 0
977 7678 0
977 8277 1
2724 8277 1
2724 8409 0
2724 6403 0
2724 8467 0
2724 2338 0
2724 8500 0
2724 6543 0
2724 18852 0
2724 6584 0
2724 2500 0
2724 2601 0
2724 2724 0
2724 8879 0
2724 8881 0
2724 8886 0
2724 11038 0
2724 6977 0
2724 9165 0
2724 11236 0
2724 5394 0
2724 5395 0
2724 5396 0
2724 5398 0
2724 5399 0
2724 5401 0
2724 5402 0
2724 1383 0
2724 1384 0
2724 1392 0
2724 1421 1
2724 5529 0
2724 13747 0
2724 3561 0
2724 1741 0
2724 7893 0
2724 3802 0
2724 5974 0
2724 5981 0
2724 3978 0
2724 3986 0
2724 1943 0
2724 10152 0
2724 8112 0
2724 6065 0
2724 6068 0
2724 16354 0
2724 8163 0
168 168 0
168 301 0
168 870 0
168 2937 0
168 9158 0
168 1259 0
168 3355 1
168 1384 0
168 1741 0
168 1779 1
168 5981 0
168 3978 0
168 6068 0
168 16354 0
18090 18982 0
18090 2601 0
18090 8277 1
18090 6936 0
18090 7851 0
18090 6836 0
18090 7861 0
18090 8886 0
18090 15988 0
18090 17098 0
18090 17271 0
18090 5329 0
18090 13433 0
18090 8933 0
18090 8934 0
18090 16424 0
18090 8436 0
18090 6403 0
18090 4358 0
18090 7438 0
18090 5392 0
18090 5393 0
18090 5394 0
18090 5395 0
18090 5396 0
18090 5398 0
18090 5399 0
18090 5401 0
18090 5402 0
18090 18728 0
18090 18225 0
18090 3378 0
18090 7475 0
18090 8500 0
18090 3901 0
18090 7999 0
18090 5974 0
18090 14682 0
18090 8542 0
18090 10286 0
18090 1383 0
18090 1384 0
18090 1387 0
18090 1388 0
18090 1392 0
18090 7538 0
18090 13171 0
18090 8567 0
18090 832 0
18090 13186 0
18090 6543 0
18090 6573 0
18090 6068 0
18090 19381 0
18090 13245 0
18090 9165 0
18090 16343 0
18090 7128 0
18090 3561 0
18090 15867 0
18090 7678 0
18090 13311 0
7851 16424 0
7851 10286 0
7851 8277 1
7851 1388 0
7851 2937 0
7851 8409 0
7851 4319 0
7851 8436 0
7851 4358 0
7851 8467 0
7851 2338 0
7851 8500 0
7851 14682 0
7851 8542 0
7851 8567 0
7851 6543 0
7851 421 0
7851 6573 0
7851 6584 0
7851 6614 0
7851 2601 0
7851 6836 0
7851 8886 0
7851 17098 0
7851 8933 0
7851 8934 0
7851 6936 0
7851 6977 0
7851 17271 0
7851 2936 0
7851 832 0
7851 13186 0
7851 5015 0
7851 5020 0
7851 13245 0
7851 9158 0
7851 9165 0
7851 7128 0
7851 13311 0
7851 13433 0
7851 13171 0
7851 5329 0
7851 18982 0
7851 7438 0
7851 5392 0
7851 5393 0
7851 5394 0
7851 5395 0
7851 5396 0
7851 5398 0
7851 5399 0
7851 5401 0
7851 5402 0
7851 3355 1
7851 3378 0
7851 7475 0
7851 5431 0
7851 1383 0
7851 1384 0
7851 1387 0
7851 1392 0
7851 7538 0
7851 5529 0
7851 13747 0
7851 3561 0
7851 15867 0
7851 7678 0
7851 6065 0
7851 19381 0
7851 7851 0
7851 1712 0
7851 7861 0
7851 15988 0
7851 1736 0
7851 1741 0
7851 7893 0
7851 3802 0
7851 18728 0
7851 6403 0
7851 18225 0
7851 3901 0
7851 7999 0
7851 5974 0
7851 3978 0
7851 3986 0
7851 1943 0
7851 16292 0
7851 10152 0
7851 8112 0
7851 16343 0
8879 19381 0
8879 4358 0
8879 18982 0
8879 5393 0
8879 8886 0
8879 1741 0
8879 5329 0
8879 7893 0
8879 4859 0
8879 5392 0
8879 5394 0
8879 5398 0
8879 5399 0
8879 11038 0
8879 832 0
8879 2936 0
8879 1421 1
8879 3986 0
8879 1943 0
8879 5529 0
8879 10152 0
8879 5015 0
8879 6065 0
8879 6584 0
8879 18852 0
8879 13311 0
8879 8277 1
1712 8112 0
1712 15988 0
1712 1712 0
1712 8881 0
1712 8886 0
1712 1736 0
1712 1741 0
1712 7893 0
1712 8409 0
1712 3802 0
1712 1779 1
1712 4859 0
1712 18728 0
1712 8467 0
1712 11038 0
1712 5529 0
1712 16292 0
1712 5431 0
1712 1384 0
1712 1388 0
1712 1392 0
1712 2936 0
1712 2937 0
1712 3978 0
1712 5015 0
1712 1421 1
1712 3986 0
1712 1943 0
1712 5020 0
1712 421 0
1712 6065 0
1712 6584 0
1712 9158 0
1712 4559 0
1712 3561 0
8881 8881 0
8881 8277 1
8881 1383 0
8881 4319 0
8881 8467 0
8881 2338 0
8881 18728 0
8881 8500 0
8881 12763 0
8881 2601 0
8881 18982 0
8881 4833 0
8881 18225 0
8881 2936 0
8881 18852 0
8881 5015 0
8881 9165 0
8881 2937 0
8881 1259 0
8881 5392 0
8881 5395 0
8881 5398 0
8881 5399 0
8881 5402 0
8881 3355 1
8881 7475 0
8881 5431 0
8881 1384 0
8881 1388 0
8881 1392 0
8881 3561 0
8881 15867 0
8881 7678 0
8881 19381 0
8881 5393 0
8881 15988 0
8881 5401 0
8881 1736 0
8881 1741 0
8881 3802 0
8881 5855 0
8881 5980 0
8881 5981 0
8881 5994 0
8881 3978 0
8881 3986 0
8881 6068 0
6836 18982 0
6836 16424 0
6836 10286 0
6836 8277 1
6836 8467 0
6836 13433 0
6836 1388 0
6836 1392 0
6836 7861 0
6836 8886 0
6836 15988 0
6836 17098 0
6836 17271 0
6836 5329 0
6836 8933 0
6836 8934 0
6836 8436 0
6836 6403 0
6836 4358 0
6836 7438 0
6836 5392 0
6836 5393 0
6836 5394 0
6836 5395 0
6836 5396 0
6836 6936 0
6836 3355 1
6836 18728 0
6836 18225 0
6836 7475 0
6836 8500 0
6836 3901 0
6836 7999 0
6836 5974 0
6836 14682 0
6836 8542 0
6836 1383 0
6836 1384 0
6836 1387 0
6836 7538 0
6836 13171 0
6836 8567 0
6836 832 0
6836 13186 0
6836 6543 0
6836 6573 0
6836 19381 0
6836 13245 0
6836 9165 0
6836 16343 0
6836 7128 0
6836 16354 0
6836 15867 0
6836 3561 0
6836 7678 0
6836 13311 0
7861 18982 0
7861 2601 0
7861 19381 0
7861 7438 0
7861 6936 0
7861 8886 0
7861 15988 0
7861 1736 0
7861 17098 0
7861 17271 0
7861 5329 0
7861 13433 0
7861 8933 0
7861 16424 0
7861 8436 0
7861 10286 0
7861 6403 0
7861 4358 0
7861 5392 0
7861 5393 0
7861 5394 0
7861 5395 0
7861 5396 0
7861 5398 0
7861 5399 0
7861 5401 0
7861 5402 0
7861 18728 0
7861 18225 0
7861 3378 0
7861 7475 0
7861 8500 0
7861 3901 0
7861 7999 0
7861 8467 0
7861 5974 0
7861 14682 0
7861 8542 0
7861 15867 0
7861 8934 0
7861 1383 0
7861 1384 0
7861 1387 0
7861 1388 0
7861 1392 0
7861 7538 0
7861 13171 0
7861 8567 0
7861 832 0
7861 13186 0
7861 6543 0
7861 3986 0
7861 6573 0
7861 6584 0
7861 13245 0
7861 9165 0
7861 16343 0
7861 7128 0
7861 3561 0
7861 7678 0
7861 13311 0
7861 8277 1
8886 16424 0
8886 10286 0
8886 8277 1
8886 1388 0
8886 8409 0
8886 8436 0
8886 4358 0
8886 8500 0
8886 14682 0
8886 8542 0
8886 8567 0
8886 6543 0
8886 421 0
8886 6573 0
8886 6584 0
8886 16872 0
8886 2601 0
8886 17098 0
8886 8933 0
8886 8934 0
8886 6936 0
8886 832 0
8886 13171 0
8886 17271 0
8886 2936 0
8886 13186 0
8886 5015 0
8886 5020 0
8886 19381 0
8886 13245 0
8886 9158 0
8886 9165 0
8886 7128 0
8886 11236 0
8886 13311 0
8886 13433 0
8886 5329 0
8886 18982 0
8886 7438 0
8886 5392 0
8886 5393 0
8886 5394 0
8886 5395 0
8886 5396 0
8886 5398 0
8886 5399 0
8886 5401 0
8886 5402 0
8886 3378 0
8886 7475 0
8886 1383 0
8886 1384 0
8886 1387 0
8886 1392 0
8886 7538 0
8886 1421 1
8886 5529 0
8886 13747 0
8886 7633 0
8886 3561 0
8886 15867 0
8886 7678 0
8886 6403 0
8886 15988 0
8886 1736 0
8886 7893 0
8886 5855 0
8886 18728 0
8886 1779 1
8886 18225 0
8886 10044 0
8886 3901 0
8886 7999 0
8886 5431 0
8886 5974 0
8886 3978 0
8886 3986 0
8886 16292 0
8886 10152 0
8886 16343 0
8886 8163 0
3768 3768 0
3768 1741 0
3768 5329 0
3768 8409 0
3768 1779 1
3768 3355 1
3768 827 0
3768 1384 0
3768 8112 0
3768 2500 0
3768 9158 0
3768 16354 0
15988 16424 0
15988 10286 0
15988 8277 1
15988 1388 0
15988 2937 0
15988 8436 0
15988 4358 0
15988 2338 0
15988 8500 0
15988 14682 0
15988 8542 0
15988 8567 0
15988 6543 0
15988 6573 0
15988 2601 0
15988 17098 0
15988 8933 0
15988 8934 0
15988 6936 0
15988 11038 0
15988 832 0
15988 6977 0
15988 2936 0
15988 13186 0
15988 5015 0
15988 5020 0
15988 13245 0
15988 9158 0
15988 9165 0
15988 7128 0
15988 13311 0
15988 870 0
15988 13433 0
15988 13171 0
15988 17271 0
15988 5329 0
15988 18982 0
15988 7438 0
15988 5392 0
15988 5393 0
15988 5394 0
15988 5395 0
15988 5396 0
15988 5398 0
15988 5399 0
15988 5401 0
15988 5402 0
15988 3378 0
15988 7475 0
15988 5431 0
15988 1383 0
15988 1384 0
15988 1387 0
15988 1392 0
15988 7538 0
15988 5529 0
15988 3561 0
15988 15867 0
15988 7678 0
15988 6403 0
15988 19381 0
15988 15988 0
15988 7893 0
15988 3802 0
15988 18728 0
15988 1779 1
15988 18225 0
15988 3901 0
15988 7999 0
15988 5974 0
15988 5994 0
15988 3978 0
15988 3986 0
15988 1943 0
15988 16292 0
15988 8112 0
15988 6065 0
15988 16343 0
10945 5392 0
10945 19738 1
10945 16292 0
10945 1779 1
1736 2937 0
1736 8409 0
1736 8467 0
1736 8500 0
1736 421 0
1736 6584 0
1736 4833 0
1736 4859 0
1736 2936 0
1736 6977 0
1736 5015 0
1736 5020 0
1736 9158 0
1736 9165 0
1736 5373 0
1736 3378 0
1736 5431 0
1736 1384 0
1736 1388 0
1736 1392 0
1736 1421 1
1736 3561 0
1736 7893 0
1736 3802 0
1736 5855 0
1736 18728 0
1736 1779 1
1736 18225 0
1736 3901 0
1736 5974 0
1736 5981 0
1736 3978 0
1736 3986 0
1736 1943 0
1736 16292 0
1736 6065 0
8393 3355 1
8393 2338 0
8393 301 0
8393 6005 0
8393 2500 0
8393 1741 0
8393 5981 0
8393 5994 0
8393 15867 0
8393 4859 0
17098 18225 0
17098 18982 0
17098 16424 0
17098 10286 0
17098 8542 0
17098 8277 1
17098 13433 0
17098 17271 0
17098 5329 0
17098 7893 0
17098 8933 0
17098 8934 0
17098 8436 0
17098 6403 0
17098 4358 0
17098 16343 0
17098 7438 0
17098 5392 0
17098 5393 0
17098 5394 0
17098 5395 0
17098 5396 0
17098 6936 0
17098 3355 1
17098 18728 0
17098 7475 0
17098 8500 0
17098 3901 0
17098 7999 0
17098 6977 0
17098 5974 0
17098 14682 0
17098 1383 0
17098 1384 0
17098 1387 0
17098 1388 0
17098 1392 0
17098 7538 0
17098 13171 0
17098 8567 0
17098 832 0
17098 13186 0
17098 6543 0
17098 3986 0
17098 5529 0
17098 6573 0
17098 6065 0
17098 19381 0
17098 13245 0
17098 9165 0
17098 7128 0
17098 12763 0
17098 15867 0
17098 3561 0
17098 7678 0
17098 13311 0
8567 5974 0
8567 6065 0
8567 2601 0
8567 5981 0
8567 18982 0
8567 8277 1
8567 870 0
8567 8542 0
8567 8467 0
8567 1387 0
8567 17271 0
8567 1741 0
8567 13433 0
8567 8933 0
8567 8934 0
8567 5329 0
8567 16424 0
8567 8436 0
8567 7893 0
8567 6403 0
8567 3845 0
8567 4358 0
8567 7438 0
8567 5392 0
8567 5393 0
8567 5394 0
8567 5395 0
8567 5396 0
8567 5398 0
8567 5399 0
8567 5401 0
8567 5402 0
8567 18728 0
8567 18225 0
8567 3378 0
8567 7475 0
8567 8500 0
8567 3901 0
8567 7999 0
8567 10286 0
8567 1383 0
8567 1384 0
8567 5994 0
8567 1388 0
8567 1392 0
8567 7538 0
8567 13171 0
8567 8567 0
8567 832 0
8567 13186 0
8567 6977 0
8567 3978 0
8567 6543 0
8567 3986 0
8567 1943 0
8567 5529 0
8567 8112 0
8567 6573 0
8567 6936 0
8567 13245 0
8567 9165 0
8567 16343 0
8567 7128 0
8567 14682 0
8567 15867 0
8567 3561 0
8567 19381 0
8567 7678 0
8567 13311 0
1741 2338 0
1741 18728 0
1741 301 0
1741 8500 0
1741 8623 0
1741 2500 0
1741 4551 0
1741 4559 0
1741 18982 0
1741 8933 0
1741 4859 0
1741 827 0
1741 870 0
1741 2936 0
1741 892 0
1741 5015 0
1741 9158 0
1741 9165 0
1741 7128 0
1741 2937 0
1741 1259 0
1741 5398 0
1741 3355 1
1741 7475 0
1741 1383 0
1741 1384 0
1741 1388 0
1741 1392 0
1741 5529 0
1741 7678 0
1741 11236 0
1741 1741 0
1741 3802 0
1741 5855 0
1741 1779 1
1741 3845 0
1741 5994 0
1741 3978 0
1741 6068 0
1741 16354 0
3278 1421 1
3278 19738 1
5329 18982 0
5329 2601 0
5329 8277 1
5329 1383 0
5329 8542 0
5329 17271 0
5329 7893 0
5329 13433 0
5329 8933 0
5329 8934 0
5329 8436 0
5329 6403 0
5329 3845 0
5329 4358 0
5329 16424 0
5329 7438 0
5329 5392 0
5329 5393 0
5329 5394 0
5329 5395 0
5329 5396 0
5329 5398 0
5329 5399 0
5329 3355 1
5329 18225 0
5329 18728 0
5329 3378 0
5329 7475 0
5329 8500 0
5329 5855 0
5329 10044 0
5329 3901 0
5329 7999 0
5329 8467 0
5329 5974 0
5329 14682 0
5329 10286 0
5329 1384 0
5329 1387 0
5329 1388 0
5329 1392 0
5329 7538 0
5329 13171 0
5329 832 0
5329 13186 0
5329 6543 0
5329 3986 0
5329 5401 0
5329 6573 0
5329 6936 0
5329 5402 0
5329 13245 0
5329 9165 0
5329 16343 0
5329 7128 0
5329 16354 0
5329 15867 0
5329 3561 0
5329 19381 0
5329 7678 0
5329 13311 0
7379 6065 0
7379 6068 0
7379 7379 0
7379 3986 0
7379 1943 0
7379 10661 0
7379 9158 0
7379 8277 1
7893 1383 0
7893 8409 0
7893 4319 0
7893 7893 0
7893 6403 0
7893 3802 0
7893 18728 0
7893 8504 0
7893 4833 0
7893 6543 0
7893 6584 0
7893 2601 0
7893 8933 0
7893 8934 0
7893 6936 0
7893 827 0
7893 832 0
7893 2936 0
7893 2937 0
7893 8623 0
7893 5015 0
7893 5020 0
7893 9165 0
7893 7678 0
7893 18982 0
7893 5392 0
7893 5393 0
7893 5394 0
7893 5395 0
7893 5401 0
7893 8500 0
7893 7475 0
7893 1384 0
7893 1388 0
7893 1392 0
7893 7538 0
7893 1421 1
7893 5529 0
7893 15867 0
7893 5399 0
7893 5855 0
7893 5974 0
7893 5981 0
7893 6005 0
7893 3978 0
7893 6068 0
7893 8163 0
13433 18982 0
13433 2601 0
13433 8277 1
13433 1388 0
13433 6936 0
13433 17271 0
13433 8934 0
13433 16424 0
13433 8436 0
13433 6403 0
13433 4358 0
13433 7438 0
13433 5392 0
13433 5393 0
13433 5394 0
13433 5395 0
13433 5396 0
13433 5398 0
13433 5399 0
13433 5401 0
13433 5402 0
13433 13171 0
13433 18728 0
13433 18225 0
13433 3378 0
13433 7475 0
13433 8500 0
13433 3901 0
13433 7999 0
13433 5974 0
13433 14682 0
13433 8542 0
13433 8933 0
13433 10286 0
13433 1383 0
13433 1384 0
13433 1387 0
13433 1392 0
13433 7538 0
13433 832 0
13433 13186 0
13433 6543 0
13433 1943 0
13433 19381 0
13433 10152 0
13433 6573 0
13433 6065 0
13433 13245 0
13433 9165 0
13433 16343 0
13433 7128 0
13433 3561 0
13433 15867 0
13433 7678 0
13433 13311 0
8409 16424 0
8409 8409 0
8409 2338 0
8409 18728 0
8409 8542 0
8409 421 0
8409 6584 0
8409 2500 0
8409 6614 0
8409 4833 0
8409 4859 0
8409 5020 0
8409 9158 0
8409 11236 0
8409 2936 0
8409 5373 0
8409 5392 0
8409 5395 0
8409 5398 0
8409 5399 0
8409 3378 0
8409 1388 0
8409 1392 0
8409 5015 0
8409 1421 1
8409 13747 0
8409 19381 0
8409 3802 0
8409 5855 0
8409 1779 1
8409 5431 0
8409 3978 0
8409 3986 0
8409 1943 0
8409 16292 0
8409 10152 0
8409 6065 0
8409 6068 0
8409 16354 0
3802 8277 1
3802 2338 0
3802 8500 0
3802 4437 0
3802 4559 0
3802 6614 0
3802 2601 0
3802 4859 0
3802 11038 0
3802 827 0
3802 6977 0
3802 3561 0
3802 2936 0
3802 5015 0
3802 5020 0
3802 9158 0
3802 9165 0
3802 870 0
3802 2937 0
3802 5431 0
3802 1383 0
3802 1384 0
3802 1388 0
3802 5529 0
3802 13747 0
3802 7633 0
3802 19381 0
3802 3802 0
3802 5855 0
3802 18728 0
3802 1779 1
3802 3901 0
3802 5974 0
3802 11236 0
3802 5981 0
3802 3978 0
3802 3986 0
3802 1943 0
3802 16292 0
3802 8112 0
3802 6065 0
4319 4319 0
4319 1259 0
4319 1779 1
4319 4859 0
4319 5373 0
4319 2338 0
4319 870 0
4319 6005 0
4319 3986 0
4319 1943 0
4319 5529 0
4319 8112 0
4319 6068 0
4319 4559 0
4319 8163 0
4833 2601 0
4833 1388 0
4833 18728 0
4833 18225 0
4833 8500 0
4833 6977 0
4833 1384 0
4833 2936 0
4833 5015 0
4833 3986 0
4833 1943 0
4833 16292 0
4833 6573 0
4833 6065 0
4833 6584 0
4833 9158 0
4833 4551 0
4833 18852 0
4833 9165 0
4833 8277 1
18982 18982 0
18982 2601 0
18982 5981 0
18982 6584 0
18982 8542 0
18982 8467 0
18982 1387 0
18982 6936 0
18982 17271 0
18982 8934 0
18982 8436 0
18982 8277 1
18982 6403 0
18982 4358 0
18982 16424 0
18982 7438 0
18982 5392 0
18982 5393 0
18982 5394 0
18982 5395 0
18982 5396 0
18982 5398 0
18982 5399 0
18982 5401 0
18982 5402 0
18982 8500 0
18982 18728 0
18982 18225 0
18982 3378 0
18982 7475 0
18982 16343 0
18982 3901 0
18982 7999 0
18982 832 0
18982 6977 0
18982 5974 0
18982 14682 0
18982 8933 0
18982 10286 0
18982 1383 0
18982 1384 0
18982 1388 0
18982 1392 0
18982 7538 0
18982 13171 0
18982 2936 0
18982 13186 0
18982 6543 0
18982 3986 0
18982 1943 0
18982 6573 0
18982 8112 0
18982 6068 0
18982 13245 0
18982 9165 0
18982 7128 0
18982 15867 0
18982 16872 0
18982 3561 0
18982 19381 0
18982 13311 0
18982 7678 0
8934 16424 0
8934 8277 1
8934 17271 0
8934 9165 0
8934 8940 0
8934 1779 1
8934 8436 0
8934 6403 0
8934 4358 0
8934 7438 0
8934 5392 0
8934 5393 0
8934 5394 0
8934 5395 0
8934 5396 0
8934 6936 0
8934 12577 0
8934 18728 0
8934 18225 0
8934 7475 0
8934 8500 0
8934 3901 0
8934 7999 0
8934 832 0
8934 5974 0
8934 14682 0
8934 8542 0
8934 8933 0
8934 9057 0
8934 10286 0
8934 1383 0
8934 1384 0
8934 1387 0
8934 1388 0
8934 1392 0
8934 7538 0
8934 13171 0
8934 13186 0
8934 6977 0
8934 6543 0
8934 3986 0
8934 1943 0
8934 6573 0
8934 19381 0
8934 13245 0
8934 16343 0
8934 7128 0
8934 11236 0
8934 3561 0
8934 15867 0
8934 7678 0
8934 13311 0
1767 8504 1
1767 8163 1
1767 870 1
1767 1767 2
1767 5373 1
1259 8467 0
1259 301 0
1259 4437 0
1259 2500 0
1259 9158 0
1259 11236 0
1259 7165 0
1259 5398 0
1259 3355 1
1259 1384 0
1259 1388 0
1259 3561 0
1259 7678 0
1259 1779 1
1259 3986 0
1259 8112 0
1259 16354 0
1259 8171 0
8940 8940 0
8940 1779 1
8940 3355 1
8940 5980 0
8940 5981 0
16424 16424 0
16424 10286 0
16424 1383 0
16424 7438 0
16424 1388 0
16424 17271 0
16424 18728 0
16424 8436 0
16424 6403 0
16424 4358 0
16424 5392 0
16424 5393 0
16424 5394 0
16424 5395 0
16424 5396 0
16424 6936 0
16424 18225 0
16424 7475 0
16424 8500 0
16424 3901 0
16424 7999 0
16424 5974 0
16424 14682 0
16424 8542 0
16424 8933 0
16424 1384 0
16424 1387 0
16424 1392 0
16424 7538 0
16424 13171 0
16424 832 0
16424 13186 0
16424 6543 0
16424 19381 0
16424 10152 0
16424 6573 0
16424 6068 0
16424 13245 0
16424 9165 0
16424 16343 0
16424 7128 0
16424 15867 0
16424 3561 0
16424 13311 0
16424 7678 0
16424 8277 1
1779 5974 1
1779 8623 1
1779 5980 1
1779 60 1
1779 9158 1
1779 1383 1
1779 6936 1
1779 1779 2
1779 4859 1
1779 5373 1
1779 3845 1
1779 5392 1
1779 5393 1
1779 5396 1
1779 5398 1
1779 5399 1
1779 5402 1
1779 11038 1
1779 9165 1
1779 301 1
1779 12577 1
1779 3378 1
1779 7475 1
1779 5431 1
1779 5855 1
1779 827 1
1779 10044 1
1779 6977 1
1779 8504 1
1779 4437 1
1779 1384 1
1779 1388 1
1779 2936 1
1779 2937 1
1779 3978 1
1779 18852 1
1779 16292 1
1779 421 1
1779 6062 1
1779 8112 1
1779 13747 1
1779 6068 1
1779 2500 1
1779 8933 1
1779 9166 1
1779 6614 1
1779 16354 1
1779 7165 1
1779 7678 1
8436 2601 0
8436 8277 1
8436 17271 0
8436 8933 0
8436 6403 0
8436 4358 0
8436 7438 0
8436 5392 0
8436 5393 0
8436 5394 0
8436 5395 0
8436 5396 0
8436 5398 0
8436 5399 0
8436 6936 0
8436 5401 0
8436 5402 0
8436 18728 0
8436 18225 0
8436 3378 0
8436 7475 0
8436 8500 0
8436 3901 0
8436 7999 0
8436 832 0
8436 5974 0
8436 14682 0
8436 8542 0
8436 10286 0
8436 1383 0
8436 1384 0
8436 1387 0
8436 1388 0
8436 1392 0
8436 7538 0
8436 13171 0
8436 13186 0
8436 6543 0
8436 6573 0
8436 19381 0
8436 13245 0
8436 9165 0
8436 16343 0
8436 7128 0
8436 3561 0
8436 15867 0
8436 7678 0
8436 13311 0
2601 10286 0
2601 8277 1
2601 1388 0
2601 4358 0
2601 2338 0
2601 18728 0
2601 8500 0
2601 14682 0
2601 8542 0
2601 6543 0
2601 6573 0
2601 12763 0
2601 16872 0
2601 2601 0
2601 832 0
2601 6977 0
2601 13171 0
2601 17271 0
2601 2936 0
2601 2937 0
2601 7999 0
2601 13186 0
2601 13245 0
2601 9165 0
2601 7128 0
2601 11236 0
2601 13311 0
2601 5373 0
2601 5392 0
2601 5394 0
2601 5396 0
2601 5398 0
2601 5399 0
2601 5401 0
2601 5402 0
2601 3378 0
2601 7475 0
2601 1383 0
2601 1384 0
2601 1387 0
2601 1392 0
2601 7538 0
2601 5529 0
2601 19381 0
2601 5395 0
2601 5855 0
2601 5974 0
2601 5981 0
2601 3978 0
2601 3986 0
2601 1943 0
2601 8112 0
2601 6065 0
2601 6068 0
2601 16343 0
2601 8171 0
4859 60 0
4859 301 0
4859 2500 0
4859 4859 0
4859 2936 0
4859 9158 0
4859 7165 0
4859 892 0
4859 5392 0
4859 3355 1
4859 7475 0
4859 1383 0
4859 1388 0
4859 5855 0
4859 5980 0
4859 5981 0
4859 3986 0
4859 6065 0
4859 16354 0
5373 5855 0
5373 5373 0
5373 5392 0
5373 5393 0
5373 5394 0
5373 5395 0
5373 5398 0
5373 5399 0
5373 5401 0
5373 5402 0
5373 8500 0
5373 1384 0
5373 1388 0
5373 2937 0
5373 5015 0
5373 6614 0
6403 19381 0
6403 10286 0
6403 7128 0
6403 8277 1
6403 17271 0
6403 8933 0
6403 6403 0
6403 4358 0
6403 7438 0
6403 5392 0
6403 5393 0
6403 5394 0
6403 5395 0
6403 5396 0
6403 6936 0
6403 3355 1
6403 2338 0
6403 18728 0
6403 18225 0
6403 3378 0
6403 7475 0
6403 8500 0
6403 3901 0
6403 7999 0
6403 6977 0
6403 5974 0
6403 14682 0
6403 8542 0
6403 1383 0
6403 1384 0
6403 1387 0
6403 1388 0
6403 1392 0
6403 13171 0
6403 832 0
6403 13186 0
6403 7538 0
6403 6543 0
6403 3986 0
6403 1943 0
6403 5529 0
6403 6573 0
6403 6065 0
6403 13245 0
6403 9165 0
6403 16343 0
6403 15867 0
6403 3561 0
6403 7678 0
6403 13311 0
3845 3845 0
3845 5974 0
3845 1943 0
3845 3986 0
3845 9165 0
3845 7678 0
4358 8277 1
4358 5393 0
4358 17271 0
4358 7438 0
4358 5392 0
4358 5394 0
4358 5395 0
4358 5396 0
4358 5398 0
4358 5399 0
4358 6936 0
4358 5401 0
4358 5402 0
4358 18728 0
4358 18225 0
4358 3378 0
4358 7475 0
4358 8500 0
4358 3901 0
4358 7999 0
4358 832 0
4358 5974 0
4358 14682 0
4358 8542 0
4358 8933 0
4358 10286 0
4358 1383 0
4358 1384 0
4358 1387 0
4358 1388 0
4358 1392 0
4358 7538 0
4358 13171 0
4358 2936 0
4358 13186 0
4358 6543 0
4358 3986 0
4358 6573 0
4358 19381 0
4358 13245 0
4358 9165 0
4358 16343 0
4358 7128 0
4358 15867 0
4358 3561 0
4358 7678 0
4358 13311 0
7438 8277 1
7438 1388 0
7438 17271 0
7438 9165 0
7438 7438 0
7438 5392 0
7438 5393 0
7438 5394 0
7438 5395 0
7438 5396 0
7438 6936 0
7438 18728 0
7438 18225 0
7438 7475 0
7438 8500 0
7438 3901 0
7438 7999 0
7438 5974 0
7438 14682 0
7438 8542 0
7438 10286 0
7438 1383 0
7438 1384 0
7438 1387 0
7438 1392 0
7438 7538 0
7438 13171 0
7438 832 0
7438 13186 0
7438 6543 0
7438 3986 0
7438 6573 0
7438 6068 0
7438 19381 0
7438 13245 0
7438 16343 0
7438 7128 0
7438 3561 0
7438 8933 0
7438 15867 0
7438 7678 0
7438 13311 0
5392 5401 0
5392 8933 0
5392 17271 0
5392 5393 0
5392 5394 0
5392 5395 0
5392 5396 0
5392 5398 0
5392 5399 0
5392 3355 1
5392 18728 0
5392 18225 0
5392 3378 0
5392 7475 0
5392 8500 0
5392 3901 0
5392 7999 0
5392 6977 0
5392 5974 0
5392 14682 0
5392 8542 0
5392 9057 0
5392 10286 0
5392 1383 0
5392 1384 0
5392 1387 0
5392 1388 0
5392 1392 0
5392 7538 0
5392 13171 0
5392 2937 0
5392 832 0
5392 13186 0
5392 6543 0
5392 3986 0
5392 1943 0
5392 19381 0
5392 6573 0
5392 6936 0
5392 6065 0
5392 13245 0
5392 9165 0
5392 16343 0
5392 7128 0
5392 15867 0
5392 3561 0
5392 13311 0
5392 7165 0
5392 7678 0
5392 8277 1
5393 1387 0
5393 6936 0
5393 13171 0
5393 17271 0
5393 5393 0
5393 5394 0
5393 5395 0
5393 5396 0
5393 5398 0
5393 5399 0
5393 5401 0
5393 5402 0
5393 18225 0
5393 7475 0
5393 8500 0
5393 3901 0
5393 7999 0
5393 832 0
5393 6977 0
5393 18728 0
5393 5974 0
5393 14682 0
5393 5981 0
5393 8542 0
5393 8933 0
5393 9057 0
5393 10286 0
5393 1383 0
5393 1384 0
5393 1388 0
5393 1392 0
5393 7538 0
5393 2936 0
5393 13186 0
5393 6543 0
5393 3986 0
5393 1943 0
5393 6573 0
5393 19381 0
5393 13245 0
5393 9165 0
5393 16343 0
5393 7128 0
5393 15867 0
5393 11236 0
5393 3561 0
5393 13311 0
5393 7678 0
5393 8277 1
5394 8112 0
5394 6065 0
5394 7128 0
5394 8277 1
5394 1383 0
5394 1387 0
5394 6936 0
5394 17271 0
5394 10286 0
5394 16343 0
5394 5395 0
5394 5396 0
5394 5398 0
5394 5399 0
5394 5401 0
5394 5402 0
5394 18225 0
5394 3378 0
5394 7475 0
5394 8500 0
5394 3901 0
5394 7999 0
5394 832 0
5394 18728 0
5394 5974 0
5394 14682 0
5394 8542 0
5394 8933 0
5394 1384 0
5394 1388 0
5394 1392 0
5394 7538 0
5394 13171 0
5394 2936 0
5394 13186 0
5394 6977 0
5394 3978 0
5394 6543 0
5394 19381 0
5394 5020 0
5394 6573 0
5394 13747 0
5394 13245 0
5394 9165 0
5394 8163 0
5394 11236 0
5394 3561 0
5394 7678 0
5394 15867 0
5394 13311 0
5395 8542 0
5395 1383 0
5395 17271 0
5395 6936 0
5395 13171 0
5395 8933 0
5395 16343 0
5395 5395 0
5395 5396 0
5395 5398 0
5395 5399 0
5395 5401 0
5395 5402 0
5395 18225 0
5395 3378 0
5395 7475 0
5395 8500 0
5395 3901 0
5395 7999 0
5395 832 0
5395 5974 0
5395 14682 0
5395 15867 0
5395 9057 0
5395 10286 0
5395 1384 0
5395 1387 0
5395 1388 0
5395 1392 0
5395 7538 0
5395 13186 0
5395 3978 0
5395 6543 0
5395 1943 0
5395 19381 0
5395 10152 0
5395 6573 0
5395 8112 0
5395 13747 0
5395 13245 0
5395 18728 0
5395 9165 0
5395 7128 0
5395 8163 0
5395 11236 0
5395 3561 0
5395 13311 0
5395 7678 0
5395 8277 1
5396 8542 0
5396 1387 0
5396 6936 0
5396 16343 0
5396 17271 0
5396 8933 0
5396 5398 0
5396 5399 0
5396 5401 0
5396 5402 0
5396 8500 0
5396 18225 0
5396 3378 0
5396 7475 0
5396 3901 0
5396 7999 0
5396 5974 0
5396 14682 0
5396 15867 0
5396 10286 0
5396 1383 0
5396 1384 0
5396 1388 0
5396 1392 0
5396 7538 0
5396 13171 0
5396 832 0
5396 13186 0
5396 6543 0
5396 6573 0
5396 13747 0
5396 19381 0
5396 13245 0
5396 9165 0
5396 7128 0
5396 8163 0
5396 3561 0
5396 18728 0
5396 13311 0
5396 7678 0
5396 8277 1
10286 8277 1
10286 1388 0
10286 8467 0
10286 18728 0
10286 8500 0
10286 14682 0
10286 6543 0
10286 8542 0
10286 8933 0
10286 6573 0
10286 6936 0
10286 832 0
10286 17271 0
10286 13186 0
10286 19381 0
10286 13245 0
10286 9166 0
10286 870 0
10286 13171 0
10286 5398 0
10286 5399 0
10286 5401 0
10286 5402 0
10286 3378 0
10286 7475 0
10286 1383 0
10286 1384 0
10286 1387 0
10286 1392 0
10286 7538 0
10286 3561 0
10286 15867 0
10286 7678 0
10286 9165 0
10286 5855 0
10286 7128 0
10286 18225 0
10286 3901 0
10286 7999 0
10286 5974 0
10286 3986 0
10286 16343 0
10286 13311 0
5398 13747 0
5398 16343 0
5398 17271 0
5398 18728 0
5398 5399 0
5398 5401 0
5398 5402 0
5398 18225 0
5398 3378 0
5398 7475 0
5398 7999 0
5398 832 0
5398 6977 0
5398 5974 0
5398 14682 0
5398 8542 0
5398 1384 0
5398 1387 0
5398 1388 0
5398 1392 0
5398 7538 0
5398 13171 0
5398 2936 0
5398 13186 0
5398 3978 0
5398 6543 0
5398 1943 0
5398 10152 0
5398 6573 0
5398 6065 0
5398 13245 0
5398 9165 0
5398 7128 0
5398 8163 0
5398 11236 0
5398 13311 0
5398 7678 0
5398 8277 1
5399 13747 0
5399 1387 0
5399 13171 0
5399 16343 0
5399 17271 0
5399 18728 0
5399 5399 0
5399 5401 0
5399 5402 0
5399 2338 0
5399 18225 0
5399 3378 0
5399 7475 0
5399 7999 0
5399 832 0
5399 6977 0
5399 5974 0
5399 14682 0
5399 8542 0
5399 1384 0
5399 1392 0
5399 7538 0
5399 2936 0
5399 13186 0
5399 13311 0
5399 3978 0
5399 6543 0
5399 1943 0
5399 10152 0
5399 6573 0
5399 6065 0
5399 13245 0
5399 9165 0
5399 7128 0
5399 8163 0
5399 11236 0
5399 8277 1
6936 8277 1
6936 1387 0
6936 1388 0
6936 7538 0
6936 17271 0
6936 18728 0
6936 18225 0
6936 3378 0
6936 7475 0
6936 8500 0
6936 3901 0
6936 7999 0
6936 832 0
6936 6977 0
6936 5974 0
6936 14682 0
6936 8542 0
6936 8933 0
6936 1383 0
6936 1384 0
6936 1392 0
6936 13171 0
6936 13186 0
6936 3978 0
6936 6543 0
6936 3986 0
6936 1943 0
6936 19381 0
6936 6573 0
6936 6065 0
6936 13245 0
6936 9165 0
6936 16343 0
6936 7128 0
6936 3561 0
6936 15867 0
6936 7678 0
6936 13311 0
5401 13747 0
5401 17271 0
5401 18728 0
5401 16343 0
5401 5401 0
5401 5402 0
5401 3378 0
5401 7475 0
5401 7999 0
5401 832 0
5401 5974 0
5401 14682 0
5401 8542 0
5401 1384 0
5401 1387 0
5401 1392 0
5401 7538 0
5401 13171 0
5401 13186 0
5401 3978 0
5401 6543 0
5401 1943 0
5401 10152 0
5401 6573 0
5401 13245 0
5401 9165 0
5401 7128 0
5401 8163 0
5401 13311 0
5401 8277 1
5402 13747 0
5402 8277 1
5402 17271 0
5402 18728 0
5402 3378 0
5402 7475 0
5402 7999 0
5402 832 0
5402 6977 0
5402 5974 0
5402 14682 0
5402 8542 0
5402 1384 0
5402 1387 0
5402 1392 0
5402 7538 0
5402 13171 0
5402 13186 0
5402 3978 0
5402 6543 0
5402 1943 0
5402 10152 0
5402 6573 0
5402 13245 0
5402 9165 0
5402 16343 0
5402 7128 0
5402 8163 0
5402 13311 0
3355 870 1
3355 15867 1
3355 4551 1
3355 11236 1
3355 3355 2
3355 301 1
3355 8163 1
3355 5980 1
3355 5994 1
3355 6005 1
3355 892 1
3355 1943 1
3355 19381 1
3355 2500 1
3355 4559 1
3355 8171 1
3355 7165 1
11038 8467 0
11038 11038 0
11038 7475 0
11038 8500 0
11038 1383 0
11038 1392 0
11038 5015 0
11038 8112 0
11038 8623 0
11038 6068 0
11038 7165 0
12577 12577 0
12577 8623 0
2338 60 0
2338 8277 1
2338 2338 0
2338 8500 0
2338 6543 0
2338 8623 0
2338 2937 0
2338 5020 0
2338 5981 0
2338 18728 0
2338 1383 0
2338 1384 0
2338 1388 0
2338 5980 0
2338 5994 0
2338 7633 0
2338 6065 0
2338 3986 0
2338 1943 0
2338 10152 0
2338 6062 0
2338 6068 0
18728 8277 1
18728 1388 0
18728 2937 0
18728 8500 0
18728 14682 0
18728 6543 0
18728 8542 0
18728 19381 0
18728 421 0
18728 6573 0
18728 6584 0
18728 4559 0
18728 18852 0
18728 8933 0
18728 9057 0
18728 17271 0
18728 2936 0
18728 832 0
18728 13186 0
18728 5015 0
18728 5020 0
18728 9158 0
18728 9165 0
18728 7128 0
18728 13311 0
18728 13171 0
18728 3378 0
18728 7475 0
18728 5431 0
18728 1383 0
18728 1384 0
18728 1387 0
18728 1392 0
18728 7538 0
18728 1421 1
18728 5529 0
18728 13747 0
18728 7633 0
18728 3561 0
18728 15867 0
18728 7678 0
18728 13245 0
18728 5855 0
18728 18728 0
18728 18225 0
18728 3901 0
18728 7999 0
18728 5974 0
18728 6005 0
18728 3978 0
18728 3986 0
18728 1943 0
18728 16292 0
18728 10152 0
18728 6065 0
18728 16343 0
18728 8171 0
301 6977 0
301 16354 0
301 4437 0
301 5855 0
301 301 0
301 827 0
301 5994 0
301 6005 0
301 892 0
301 5981 0
301 10152 0
301 6068 0
301 2500 0
301 4551 0
18225 8277 1
18225 1387 0
18225 8933 0
18225 17271 0
18225 7475 0
18225 8500 0
18225 3901 0
18225 7999 0
18225 5974 0
18225 14682 0
18225 8542 0
18225 1383 0
18225 1384 0
18225 1388 0
18225 1392 0
18225 7538 0
18225 13171 0
18225 832 0
18225 13186 0
18225 6543 0
18225 3986 0
18225 6573 0
18225 13747 0
18225 6068 0
18225 19381 0
18225 13245 0
18225 9165 0
18225 16343 0
18225 7128 0
18225 11236 0
18225 3561 0
18225 15867 0
18225 18225 0
18225 7678 0
18225 13311 0
3378 14682 0
3378 6584 0
3378 1383 0
3378 1387 0
3378 13171 0
3378 17271 0
3378 2937 0
3378 16343 0
3378 3378 0
3378 7475 0
3378 8500 0
3378 7999 0
3378 832 0
3378 8467 0
3378 1392 0
3378 5974 0
3378 5980 0
3378 8542 0
3378 1384 0
3378 7538 0
3378 2936 0
3378 13186 0
3378 3978 0
3378 6543 0
3378 5015 0
3378 10152 0
3378 6573 0
3378 13245 0
3378 6614 0
3378 7128 0
3378 13311 0
3378 7678 0
7475 14682 0
7475 8542 0
7475 8277 1
7475 1387 0
7475 17271 0
7475 8933 0
7475 7475 0
7475 8500 0
7475 3901 0
7475 7999 0
7475 6977 0
7475 5974 0
7475 9057 0
7475 870 0
7475 1383 0
7475 1384 0
7475 1388 0
7475 1392 0
7475 7538 0
7475 13171 0
7475 832 0
7475 13186 0
7475 6543 0
7475 3986 0
7475 1943 0
7475 19381 0
7475 6573 0
7475 8112 0
7475 6065 0
7475 13245 0
7475 2500 0
7475 9165 0
7475 16343 0
7475 7128 0
7475 3561 0
7475 15867 0
7475 7678 0
7475 13311 0
8500 8542 0
8500 17271 0
8500 8277 1
8500 13186 0
8500 19381 0
8500 8500 0
8500 3901 0
8500 7999 0
8500 6977 0
8500 5974 0
8500 14682 0
8500 8933 0
8500 1383 0
8500 1384 0
8500 1387 0
8500 1388 0
8500 1392 0
8500 7538 0
8500 13171 0
8500 3561 0
8500 2936 0
8500 2937 0
8500 832 0
8500 6543 0
8500 3986 0
8500 1943 0
8500 5529 0
8500 5981 0
8500 6573 0
8500 8623 0
8500 6065 0
8500 6584 0
8500 13245 0
8500 2500 0
8500 9165 0
8500 16343 0
8500 7128 0
8500 15867 0
8500 16872 0
8500 7678 0
8500 13311 0
5431 13747 0
5431 1384 0
5431 1388 0
5431 2937 0
5431 1392 0
5431 16292 0
5431 2936 0
5431 3978 0
5431 18852 0
5431 1421 1
5431 3986 0
5431 5015 0
5431 5020 0
5431 421 0
5431 6584 0
5431 9158 0
5431 3561 0
5431 10152 0
8504 3986 0
8504 8467 0
8504 10661 0
8504 3561 0
5855 7165 0
5855 6573 0
5855 2500 0
5855 4551 0
5855 4559 0
5855 827 0
5855 870 0
5855 892 0
5855 18852 0
5855 5015 0
5855 11236 0
5855 1383 0
5855 1384 0
5855 3561 0
5855 10152 0
5855 7678 0
5855 5855 0
5855 5980 0
5855 5981 0
5855 5994 0
5855 6005 0
5855 3978 0
5855 8112 0
5855 6068 0
5855 16354 0
3901 8277 1
3901 1388 0
3901 14682 0
3901 8542 0
3901 6543 0
3901 832 0
3901 6573 0
3901 6584 0
3901 8933 0
3901 6977 0
3901 13171 0
3901 17271 0
3901 2936 0
3901 2937 0
3901 13186 0
3901 5015 0
3901 5020 0
3901 19381 0
3901 13245 0
3901 9165 0
3901 7128 0
3901 13311 0
3901 1383 0
3901 1384 0
3901 1387 0
3901 1392 0
3901 7538 0
3901 3561 0
3901 15867 0
3901 7678 0
3901 3901 0
3901 7999 0
3901 5974 0
3901 3978 0
3901 1943 0
3901 6065 0
3901 16343 0
7999 14682 0
7999 8277 1
7999 1383 0
7999 8467 0
7999 1388 0
7999 17271 0
7999 7999 0
7999 5974 0
7999 8542 0
7999 1384 0
7999 1387 0
7999 1392 0
7999 7538 0
7999 13171 0
7999 832 0
7999 13186 0
7999 6543 0
7999 6573 0
7999 19381 0
7999 13245 0
7999 9165 0
7999 16343 0
7999 7128 0
7999 15867 0
7999 3561 0
7999 8933 0
7999 7678 0
7999 13311 0
832 5974 0
832 14682 0
832 8542 0
832 17271 0
832 8277 1
832 16343 0
832 832 0
832 8933 0
832 870 0
832 1383 0
832 1384 0
832 1387 0
832 1388 0
832 1392 0
832 7538 0
832 13171 0
832 2936 0
832 13186 0
832 6977 0
832 6543 0
832 3986 0
832 5529 0
832 6573 0
832 19381 0
832 13245 0
832 9165 0
832 7128 0
832 16292 0
832 15867 0
832 3561 0
832 7678 0
832 13311 0
6977 60 0
6977 8467 0
6977 2500 0
6977 6614 0
6977 8933 0
6977 6977 0
6977 13171 0
6977 2936 0
6977 9158 0
6977 9165 0
6977 2937 0
6977 1383 0
6977 1384 0
6977 1388 0
6977 1392 0
6977 15867 0
6977 7678 0
6977 19381 0
6977 6062 0
6977 16343 0
6977 16354 0
8467 8542 0
8467 6584 0
8467 8642 1
8467 17271 0
8467 2937 0
8467 5020 0
8467 13245 0
8467 7165 0
8467 13186 0
8467 1384 0
8467 1387 0
8467 1388 0
8467 1392 0
8467 8163 0
8467 7633 0
8467 7678 0
8467 19381 0
8467 8467 0
8467 5974 0
8467 5981 0
8467 5994 0
8467 8171 0
4437 3978 0
4437 60 0
4437 4437 0
5974 8277 1
5974 13171 0
5974 14682 0
5974 8542 0
5974 6543 0
5974 6573 0
5974 6584 0
5974 1388 0
5974 8933 0
5974 17271 0
5974 2936 0
5974 13186 0
5974 5015 0
5974 19381 0
5974 13245 0
5974 9165 0
5974 7128 0
5974 11236 0
5974 13311 0
5974 2937 0
5974 1383 0
5974 1384 0
5974 1387 0
5974 1392 0
5974 7538 0
5974 13747 0
5974 3561 0
5974 15867 0
5974 7678 0
5974 3978 0
5974 3986 0
5974 1943 0
5974 16343 0
5974 8163 0
14682 8542 0
14682 17271 0
14682 8933 0
14682 7633 0
14682 1383 0
14682 1384 0
14682 1387 0
14682 1388 0
14682 1392 0
14682 7538 0
14682 13171 0
14682 6005 0
14682 13186 0
14682 6543 0
14682 6573 0
14682 19381 0
14682 13245 0
14682 9165 0
14682 16343 0
14682 7128 0
14682 15867 0
14682 3561 0
14682 13311 0
14682 7678 0
14682 8277 1
5980 11236 0
5980 870 0
5980 3978 0
5980 3986 0
5980 1943 0
5980 8112 0
5980 6065 0
5980 6068 0
5981 421 0
5981 827 0
5981 870 0
5981 1388 0
5981 1392 0
5981 1421 1
5981 11236 0
5981 1943 0
5981 10152 0
5981 18852 0
5981 2500 0
5981 3561 0
5981 3978 0
5981 3986 0
5981 5015 0
5981 5981 0
5981 6005 0
5981 6065 0
5981 6068 0
5981 7165 0
5981 7678 0
5981 8112 0
5981 8163 0
8542 1383 0
8542 8277 1
8542 17271 0
8542 8933 0
8542 13186 0
8542 1384 0
8542 1387 0
8542 1388 0
8542 1392 0
8542 7538 0
8542 13171 0
8542 6543 0
8542 6573 0
8542 19381 0
8542 13245 0
8542 9165 0
8542 16343 0
8542 7128 0
8542 3561 0
8542 15867 0
8542 7678 0
8542 13311 0
8933 19381 0
8933 8277 1
8933 17271 0
8933 8933 0
8933 16343 0
8933 1383 0
8933 1384 0
8933 1387 0
8933 1388 0
8933 1392 0
8933 7538 0
8933 13171 0
8933 13186 0
8933 6543 0
8933 3986 0
8933 1943 0
8933 5529 0
8933 6573 0
8933 8112 0
8933 6065 0
8933 13245 0
8933 2500 0
8933 4551 0
8933 9165 0
8933 7128 0
8933 16354 0
8933 11236 0
8933 3561 0
8933 15867 0
8933 7678 0
8933 13311 0
9057 6543 0
9057 8623 0
9057 1383 0
9057 1392 0
9057 7538 0
9057 15867 0
9057 8277 1
827 8623 0
827 7633 0
827 827 0
827 870 0
827 9165 0
827 7165 0
827 1383 0
827 5529 0
827 5994 0
827 3986 0
827 1943 0
827 8112 0
827 6065 0
827 6068 0
827 16354 0
870 870 0
870 1388 0
870 5015 0
870 6068 0
870 2500 0
870 4551 0
870 4559 0
1383 8277 1
1383 1388 0
1383 6543 0
1383 6573 0
1383 4559 0
1383 16872 0
1383 13171 0
1383 17271 0
1383 2936 0
1383 2937 0
1383 13186 0
1383 13245 0
1383 9165 0
1383 7128 0
1383 13311 0
1383 1384 0
1383 1387 0
1383 1392 0
1383 7538 0
1383 5015 0
1383 5529 0
1383 3561 0
1383 15867 0
1383 7678 0
1383 19381 0
1383 3978 0
1383 3986 0
1383 1943 0
1383 6065 0
1383 16343 0
1383 8171 0
1384 8277 1
1384 1388 0
1384 6543 0
1384 19381 0
1384 6573 0
1384 8623 0
1384 6584 0
1384 2500 0
1384 16872 0
1384 17271 0
1384 2936 0
1384 2937 0
1384 13186 0
1384 13245 0
1384 9165 0
1384 7128 0
1384 11236 0
1384 13311 0
1384 13171 0
1384 1384 0
1384 1387 0
1384 1392 0
1384 7538 0
1384 5529 0
1384 3561 0
1384 15867 0
1384 7678 0
1384 5994 0
1384 3978 0
1384 3986 0
1384 1943 0
1384 6065 0
1384 16343 0
1384 8171 0
60 60 0
60 19738 1
60 2937 0
60 1943 0
5994 8277 1
5994 2500 0
5994 17271 0
5994 1388 0
5994 7633 0
5994 15867 0
5994 5994 0
5994 6005 0
5994 16354 0
1387 8277 1
1387 1388 0
1387 17271 0
1387 1387 0
1387 1392 0
1387 7538 0
1387 13171 0
1387 13186 0
1387 6543 0
1387 3986 0
1387 6573 0
1387 13747 0
1387 19381 0
1387 13245 0
1387 9165 0
1387 7633 0
1387 16343 0
1387 7128 0
1387 15867 0
1387 3561 0
1387 7678 0
1387 13311 0
1388 8277 1
1388 1388 0
1388 2937 0
1388 6543 0
1388 421 0
1388 6573 0
1388 8623 0
1388 6584 0
1388 4559 0
1388 18852 0
1388 16872 0
1388 17271 0
1388 2936 0
1388 13186 0
1388 5015 0
1388 5020 0
1388 13245 0
1388 9158 0
1388 9165 0
1388 7128 0
1388 11236 0
1388 13311 0
1388 13171 0
1388 1392 0
1388 7538 0
1388 1421 1
1388 5529 0
1388 13747 0
1388 3561 0
1388 15867 0
1388 7678 0
1388 19381 0
1388 3978 0
1388 3986 0
1388 1943 0
1388 16292 0
1388 10152 0
1388 6065 0
1388 16343 0
1392 8277 1
1392 2937 0
1392 6543 0
1392 19381 0
1392 421 0
1392 6573 0
1392 8623 0
1392 6584 0
1392 13171 0
1392 17271 0
1392 2936 0
1392 13186 0
1392 5015 0
1392 5020 0
1392 13245 0
1392 9158 0
1392 9165 0
1392 7128 0
1392 13311 0
1392 7538 0
1392 1421 1
1392 5529 0
1392 13747 0
1392 3561 0
1392 15867 0
1392 7678 0
1392 3978 0
1392 3986 0
1392 1943 0
1392 16292 0
1392 10152 0
1392 6065 0
1392 16343 0
1392 8163 0
7538 8277 1
7538 17271 0
7538 13171 0
7538 13186 0
7538 6543 0
7538 3986 0
7538 5529 0
7538 6573 0
7538 13747 0
7538 19381 0
7538 13245 0
7538 9165 0
7538 16343 0
7538 7128 0
7538 3561 0
7538 15867 0
7538 7678 0
7538 13311 0
13171 8277 1
13171 17271 0
13171 13186 0
13171 6543 0
13171 3986 0
13171 6573 0
13171 19381 0
13171 13245 0
13171 9165 0
13171 16343 0
13171 7128 0
13171 3561 0
13171 15867 0
13171 7678 0
13171 13311 0
6005 6005 0
6005 6068 0
17271 8277 1
17271 17271 0
17271 13186 0
17271 6543 0
17271 6573 0
17271 19381 0
17271 13245 0
17271 9165 0
17271 16343 0
17271 7128 0
17271 3561 0
17271 15867 0
17271 7678 0
17271 13311 0
2936 8277 1
2936 1421 1
2936 6543 0
2936 421 0
2936 6584 0
2936 2937 0
2936 13186 0
2936 5015 0
2936 5020 0
2936 9158 0
2936 9165 0
2936 13311 0
2936 5529 0
2936 13747 0
2936 3561 0
2936 3978 0
2936 3986 0
2936 1943 0
2936 16292 0
2936 10152 0
2936 8112 0
2936 6065 0
2937 8277 1
2937 6543 0
2937 4559 0
2937 16872 0
2937 5015 0
2937 5020 0
2937 9158 0
2937 9165 0
2937 5529 0
2937 3561 0
2937 7678 0
2937 3978 0
2937 3986 0
2937 1943 0
2937 16292 0
2937 8112 0
2937 6065 0
19738 9166 1
19738 7165 1
892 892 0
892 2500 0
892 4551 0
892 4559 0
13186 8277 1
13186 6543 0
13186 6573 0
13186 19381 0
13186 13245 0
13186 9165 0
13186 16343 0
13186 7128 0
13186 11236 0
13186 3561 0
13186 15867 0
13186 7678 0
13186 13311 0
13311 8277 1
13311 6543 0
13311 6573 0
13311 19381 0
13311 13245 0
13311 9165 0
13311 16343 0
13311 7128 0
13311 16354 0
13311 3561 0
13311 15867 0
13311 7678 0
3978 8277 1
3978 6543 0
3978 421 0
3978 6584 0
3978 4559 0
3978 5015 0
3978 5020 0
3978 9158 0
3978 9165 0
3978 11236 0
3978 1421 1
3978 5529 0
3978 13747 0
3978 15867 0
3978 3978 0
3978 3986 0
3978 1943 0
3978 16292 0
3978 10152 0
3978 16354 0
1943 19381 0
1943 421 0
1943 2500 0
1943 5015 0
1943 5020 0
1943 15867 0
1943 9158 0
1943 1943 0
1943 6068 0
1943 8163 0
1421 18852 1
1421 5529 1
1421 5015 1
1421 5020 1
1421 421 1
1421 10152 1
1421 6584 1
1421 9158 1
1421 16292 1
1421 10661 1
1421 5116 1
6543 16343 0
6543 15867 0
6543 6543 0
6543 6573 0
6543 13747 0
6543 19381 0
6543 6584 0
6543 13245 0
6543 9165 0
6543 7128 0
6543 8163 0
6543 3561 0
6543 7678 0
6543 8277 1
3986 421 0
3986 8623 0
3986 16872 0
3986 9158 0
3986 9165 0
3986 10152 0
3986 19381 0
3986 3561 0
3986 3986 0
3986 4551 0
3986 5015 0
3986 5020 0
3986 13245 0
3986 5529 0
3986 6068 0
3986 18852 0
3986 7128 0
3986 16292 0
3986 15867 0
3986 7678 0
3986 8112 0
3986 16343 0
3986 8163 0
5015 8277 1
5015 421 0
5015 6584 0
5015 5015 0
5015 5020 0
5015 9158 0
5015 9165 0
5015 5529 0
5015 13747 0
5015 7633 0
5015 3561 0
5015 7678 0
5015 16292 0
5015 10152 0
5015 6065 0
5015 16354 0
5529 19381 0
5529 9158 0
5529 5529 0
5529 421 0
5529 15867 0
5529 3561 0
5529 8277 1
5020 6584 0
5020 10152 0
5020 13747 0
5020 16292 0
5020 421 0
5020 6065 0
5020 9158 0
5020 11236 0
5020 3561 0
18852 10152 0
18852 6584 0
18852 7165 0
421 6065 0
421 13747 0
421 8112 0
421 10152 0
421 6584 0
421 9158 0
421 16292 0
10152 8277 1
10152 11236 0
10152 13747 0
10152 10152 0
10152 6584 0
10152 9158 0
10152 16354 0
6573 8277 1
6573 6068 0
6573 19381 0
6573 13245 0
6573 9165 0
6573 16343 0
6573 7128 0
6573 15867 0
6573 3561 0
6573 7678 0
6062 8623 0
8623 8623 0
8623 9165 0
8623 16872 0
8623 8171 0
8112 6584 0
8112 19381 0
8112 9158 0
8112 9165 0
8112 8112 0
8112 6068 0
6065 9158 0
6065 6065 0
6065 6068 0
13747 8277 1
13747 9158 0
13747 9165 0
13747 8163 0
6068 4559 0
6068 4551 0
6068 11236 0
6068 7165 0
6068 6068 0
19381 15867 0
19381 13245 0
19381 9165 0
19381 16343 0
19381 7128 0
19381 3561 0
19381 7678 0
19381 8277 1
6584 8277 1
6584 11236 0
6584 6584 0
6584 3561 0
6584 9158 0
6584 9165 0
6584 16292 0
13245 8277 1
13245 9165 0
13245 16343 0
13245 7128 0
13245 3561 0
13245 15867 0
13245 7678 0
8642 10661 1
8642 3561 1
8642 5116 1
2500 6614 0
2500 16872 0
2500 9158 0
2500 2500 0
9158 16292 0
9158 3561 0
4551 4551 0
4551 8171 0
9165 8277 1
9165 16872 0
9165 7128 0
9165 3561 0
9165 15867 0
9165 7678 0
9165 16343 0
9165 8163 0
9166 9166 0
9166 7165 0
7633 8277 1
7633 7633 0
6614 6614 0
16343 8277 1
16343 7128 0
16343 3561 0
16343 15867 0
16343 7678 0
7128 8277 1
7128 3561 0
7128 15867 0
7128 7678 0
16292 16292 0
16292 3561 0
12763 8277 1
16354 16354 0
8163 8277 1
11236 11236 0
11236 7165 0
3561 8277 1
3561 7165 0
3561 15867 0
3561 7678 0
15867 15867 0
15867 7678 0
15867 8277 1
7165 7165 0
7678 8277 1
