15362 1472 1
15362 4479 1
6147 6147 0
6147 13871 0
6147 303 0
6147 338 0
6147 4492 0
6147 4553 0
6147 14094 0
6147 2718 0
6147 4795 0
6147 729 0
6147 13061 0
6147 8968 0
6147 915 0
6147 2997 0
6147 11236 0
6147 13355 0
6147 1224 0
6147 3355 0
6147 5422 0
6147 3408 0
6147 3426 0
6147 5521 0
6147 5661 0
6147 5668 1
6147 6065 0
6147 1620 0
6147 1653 0
6147 3729 0
6147 1729 1
6147 1741 0
6147 5855 0
6147 20220 0
6147 3885 0
6147 8025 1
6147 16249 0
6147 3986 0
6147 1943 0
6147 16308 0
6153 6153 0
6153 537 0
6153 13061 0
6153 13355 0
6153 561 0
6153 6739 0
6153 1620 0
6153 3729 0
6153 2708 0
6153 1729 1
6153 1741 0
6153 7893 0
6153 729 0
6153 15144 0
6153 3885 0
6153 5422 0
6153 338 0
6153 3426 0
6153 3986 0
6153 1943 0
6153 6065 0
6153 16308 0
6153 2997 0
6153 1472 1
6153 11236 0
2059 2059 0
2059 5469 0
2059 4300 0
2059 4339 0
2059 287 0
2059 2355 0
2059 2668 1
2059 2718 0
2059 4795 0
2059 719 0
2059 729 0
2059 13061 0
2059 13543 0
2059 5521 0
2059 5523 0
2059 1697 0
2059 5885 0
2059 1816 0
2059 1885 1
2059 1927 0
2059 1943 0
7697 3968 1
7697 3353 0
7697 4800 0
7697 3526 0
7697 1620 0
7697 2668 1
18967 18967 0
18967 5657 0
18967 13355 0
18967 1591 0
18967 6739 0
18967 2712 0
18967 1741 0
18967 7893 0
18967 13061 0
18967 3426 0
18967 4479 1
18967 3986 0
18967 5525 0
18967 1943 0
18967 6065 0
18967 16308 0
18967 2997 0
18967 1472 1
537 537 0
537 6739 0
537 1472 1
537 2703 0
537 2712 0
537 669 0
537 6910 0
537 8968 0
537 13284 0
537 7165 0
537 1160 0
537 1224 0
537 5422 0
537 3561 0
537 1653 0
537 1687 0
537 5855 0
537 8025 1
537 5981 0
5661 5657 0
5661 5661 0
5661 5668 1
5661 12353 0
5661 15456 1
5661 1653 0
5661 1160 0
5661 669 0
5661 2220 0
5661 723 0
5661 5422 0
5661 1687 0
5661 7151 0
5661 4550 0
5661 4553 0
6174 4870 1
6174 3355 1
6174 2220 1
6174 2222 1
6174 7605 1
6174 8918 1
6174 15326 1
6174 7151 1
18979 1620 0
18979 2712 0
18979 2718 0
18979 2724 0
18979 5885 0
18979 1943 0
18979 2997 0
18979 1472 1
18979 7147 1
5668 5657 1
5668 5668 2
5668 12353 1
5668 1653 1
5668 1160 1
5668 3729 1
5668 1687 1
5668 723 1
5668 20204 1
5668 20220 1
5668 3353 1
5668 3354 1
5668 5422 1
5668 3934 1
5668 5472 1
5668 3561 1
5668 3986 1
5668 5525 1
5668 2457 1
5668 7151 1
13355 287 0
13355 4479 1
13355 2708 0
13355 7147 1
13355 17560 0
13355 7605 0
13355 1472 1
13355 3526 0
13355 3561 0
13355 1653 0
13355 7893 0
13355 5855 0
13355 8025 1
13355 1927 0
13355 1943 0
18476 18476 0
18476 3934 0
18476 2668 1
18476 1653 0
18476 7893 0
18476 4479 1
18476 13043 0
18476 3526 0
2605 2605 0
2605 1591 0
2605 6739 0
2605 1653 0
2605 7893 0
2605 5855 0
2605 5885 0
2605 13061 0
2605 14094 0
2605 1883 1
2605 3426 0
2605 3986 0
2605 1943 0
2605 5981 0
2605 6065 0
2605 16308 0
2605 2997 0
2605 1472 1
2605 9158 0
2605 3561 0
13871 669 0
13871 5885 0
13871 4479 1
13871 18871 0
13871 1472 1
13871 4550 0
561 168 0
561 4300 0
561 4477 0
561 4550 0
561 6633 0
561 496 0
561 561 0
561 2712 0
561 2718 0
561 2724 0
561 4870 0
561 868 0
561 9158 0
561 7147 1
561 1160 0
561 1224 0
561 3353 0
561 3354 0
561 3355 0
561 5521 0
561 5523 0
561 5525 0
561 5550 0
561 1472 1
561 3729 0
561 1687 0
561 1741 0
561 5855 0
561 5981 0
561 1927 0
562 3968 1
562 2703 0
562 2712 0
562 2718 0
562 8867 0
562 4550 0
562 168 0
562 303 0
562 562 0
562 4795 0
562 5981 0
562 6633 0
562 2668 1
21047 21047 0
21047 3919 0
21047 3426 0
21047 4477 0
21047 4479 1
21047 1472 1
8253 3968 1
8253 3148 1
8253 287 0
7605 6739 0
7605 1687 0
7605 8918 0
7605 3986 0
7605 7605 0
7605 1472 1
7605 7151 0
7605 7165 0
12353 15456 1
12353 5657 0
3148 7846 1
3148 4371 1
3148 1947 1
3148 669 1
3148 1950 1
3148 287 1
3148 2724 1
3148 4764 1
3148 4295 1
3148 303 1
3148 12726 1
3148 1591 1
3148 4795 1
3148 4800 1
3148 8898 1
3148 4299 1
3148 6469 1
3148 4550 1
3148 4808 1
3148 3148 2
3148 4174 1
3148 8918 1
3148 16335 1
3148 19808 1
3148 14094 1
3148 13284 1
3148 20204 1
3148 7165 1
3148 496 1
3148 1653 1
3148 5885 1
4174 842 0
4174 2668 1
6739 4300 0
6739 4376 0
6739 2338 0
6739 4477 0
6739 4479 1
6739 4492 0
6739 6739 0
6739 2703 0
6739 2708 0
6739 2712 0
6739 669 0
6739 2718 0
6739 8867 0
6739 2724 0
6739 4870 0
6739 8968 0
6739 1472 1
6739 3561 0
6739 1591 0
6739 1612 1
6739 1653 0
6739 287 0
6739 1741 0
6739 5981 0
6739 1927 0
6739 3986 0
1620 168 0
1620 4300 0
1620 4371 0
1620 287 0
1620 2338 0
1620 338 0
1620 5523 0
1620 4477 0
1620 4479 1
1620 4550 0
1620 18910 0
1620 2703 0
1620 2708 0
1620 2712 0
1620 669 0
1620 2718 0
1620 8867 0
1620 4795 0
1620 4808 0
1620 719 0
1620 729 0
1620 5469 0
1620 5521 0
1620 5525 0
1620 4339 0
1620 1472 1
1620 1591 0
1620 1612 1
1620 1620 0
1620 21148 0
1620 1741 0
1620 5855 0
1620 1816 0
1620 13284 0
1620 5981 0
1620 3986 0
1620 1943 0
1620 2724 0
15456 8968 1
15456 2220 1
15456 5523 1
15456 2222 1
15456 1687 1
15456 5657 1
15456 168 1
15456 5422 1
15456 3408 1
15456 5855 1
15456 15456 2
15456 6633 1
15456 4477 1
2668 2668 2
2668 5779 1
2668 7846 1
2668 4777 1
2668 4795 1
2668 4800 1
2668 8898 1
2668 4295 1
2668 4808 1
2668 4299 1
2668 4300 1
2668 719 1
2668 729 1
2668 5855 1
2668 13543 1
2668 13042 1
2668 2338 1
2668 303 1
2668 2355 1
2668 2359 1
2668 6469 1
2668 5469 1
2668 3561 1
2668 1947 1
2668 1950 1
2668 4764 1
2668 12726 1
2668 3526 1
2668 8270 1
2668 18910 1
2668 6633 1
2668 496 1
2668 7165 1
4209 7147 1
4209 4479 1
1653 8270 0
1653 669 0
1653 723 0
1653 842 0
1653 9158 0
1653 1160 0
1653 1591 0
1653 1653 0
1653 18236 1
1653 1943 0
1653 2338 0
1653 18910 0
1653 3353 0
1653 3561 0
1653 3729 0
1653 20220 0
1653 3968 1
1653 3986 0
1653 19808 0
1653 4479 1
1653 4492 0
1653 4553 0
1653 13043 0
1653 13061 0
1653 5523 0
1653 5550 0
1653 5855 0
1653 6065 0
1653 6444 1
1653 7165 0
1653 7893 0
1653 16308 0
1653 16335 0
12412 1883 1
12412 1885 1
1668 1668 0
1668 17560 0
1668 8867 0
1668 168 0
1668 13061 0
1668 4479 1
1668 3986 0
1668 7147 1
1160 5469 0
1160 168 0
1160 2222 0
1160 4371 0
1160 6444 1
1160 4550 0
1160 723 0
1160 8968 0
1160 868 0
1160 1160 0
1160 3353 0
1160 3354 0
1160 3355 0
1160 5521 0
1160 5523 0
1160 5525 0
1160 3729 0
1160 1687 0
1160 1741 0
1160 5855 0
2703 2355 0
2703 2359 0
2703 338 0
2703 4479 1
2703 496 0
2703 2703 0
2703 2712 0
2703 2718 0
2703 8867 0
2703 2724 0
2703 915 0
2703 2997 0
2703 11236 0
2703 3408 0
2703 3426 0
2703 1943 0
2703 1472 1
2703 1591 0
2703 3729 0
2703 5855 0
2703 5885 0
2703 3885 0
2703 3986 0
2703 6065 0
4376 4870 0
4376 3986 0
4376 4376 0
4376 5981 0
4376 3561 0
4376 7147 1
4376 4479 1
5779 3729 0
5779 5469 0
5779 5981 0
5779 1612 1
5779 915 0
5779 5779 0
5779 7165 0
2708 168 0
2708 729 0
2708 287 0
2708 2712 0
2708 669 0
2708 2718 0
2708 2724 0
2708 4795 0
2708 13061 0
2708 8968 0
2708 915 0
2708 3353 0
2708 3354 0
2708 15663 0
2708 3561 0
2708 1741 0
2708 5855 0
2708 5885 0
2708 6444 1
2708 14094 0
2708 1883 1
2708 5981 0
2708 3986 0
5657 5657 0
5657 1687 0
5657 2712 0
5657 669 0
5657 20204 0
5657 5855 0
5657 1927 0
5657 3986 0
5657 1472 1
17560 13061 0
17560 5521 0
17560 16592 0
17560 7147 1
17560 3986 0
17560 6910 0
17560 4479 1
4764 3968 1
4764 2338 0
669 20154 0
669 168 0
669 2355 0
669 338 0
669 669 0
669 2718 0
669 8867 0
669 4795 0
669 729 0
669 13284 0
669 7147 1
669 1224 0
669 15663 0
669 3426 0
669 5550 0
669 3561 0
669 3729 0
669 1741 0
669 20220 0
669 5885 0
669 14094 0
669 3885 0
669 5981 0
669 3950 0
669 1927 0
2718 168 0
2718 16644 0
2718 287 0
2718 2338 0
2718 303 0
2718 5521 0
2718 5523 0
2718 4479 1
2718 4550 0
2718 496 0
2718 2718 0
2718 2724 0
2718 4795 0
2718 719 0
2718 13042 0
2718 8968 0
2718 915 0
2718 15663 0
2718 3408 0
2718 5469 0
2718 3426 0
2718 1943 0
2718 1472 1
2718 1591 0
2718 3729 0
2718 1741 0
2718 5855 0
2718 14094 0
2718 1816 0
2718 3885 0
2718 18236 1
2718 1883 1
2718 1927 0
2718 2712 0
2718 3986 0
2718 6065 0
2718 1697 0
2718 7165 0
1697 1697 0
1697 1885 1
1697 1883 1
1697 5469 0
1697 2542 0
8867 4295 0
8867 4299 0
8867 2338 0
8867 303 0
8867 338 0
8867 2457 0
8867 18871 0
8867 2712 0
8867 8867 0
8867 4795 0
8867 729 0
8867 11236 0
8867 13061 0
8867 15663 0
8867 3426 0
8867 1472 1
8867 3526 0
8867 1591 0
8867 16308 0
8867 1612 1
8867 3729 0
8867 7846 0
8867 1741 0
8867 7893 0
8867 3986 0
8867 1943 0
8867 13284 0
2724 2338 0
2724 4479 1
2724 4553 0
2724 13061 0
2724 2712 0
2724 2724 0
2724 4795 0
2724 915 0
2724 11236 0
2724 15663 0
2724 3426 0
2724 3561 0
2724 1591 0
2724 16308 0
2724 2997 0
2724 3729 0
2724 3353 0
2724 20154 0
2724 287 0
2724 1741 0
2724 7893 0
2724 14094 0
2724 5981 0
2724 3986 0
2724 1943 0
2724 6065 0
9158 1591 0
9158 14094 0
9158 168 0
9158 1741 0
9158 5885 0
9158 3426 0
9158 3950 0
9158 4479 1
9158 6065 0
9158 3986 0
9158 1943 0
9158 2997 0
9158 1472 1
9158 3561 0
7846 12726 0
168 8898 0
168 168 0
168 4295 0
168 4300 0
168 4339 0
168 4479 1
168 287 0
168 6444 1
168 338 0
168 4477 0
168 18910 0
168 20204 0
168 2712 0
168 4795 0
168 842 0
168 3353 0
168 3354 0
168 3355 0
168 15663 0
168 5469 0
168 5521 0
168 1687 0
168 1741 0
168 5885 0
168 5981 0
168 3934 0
4777 3968 1
4777 4777 0
4777 303 0
2220 3353 0
2220 3355 0
2220 496 0
2220 2220 0
2220 2222 0
2220 5855 0
2220 7165 0
2222 3353 0
2222 3354 0
2222 3355 0
2222 5422 0
2222 8025 1
2222 496 0
2222 7165 0
4808 3968 1
4808 3986 0
4808 842 0
4808 3561 0
20154 3986 0
20154 15144 0
20154 5550 0
20154 1591 0
20154 1472 1
20154 719 0
20154 16592 0
20154 3561 0
20154 6910 0
20154 20220 0
20154 4477 0
20154 4479 1
4795 1591 0
4795 8270 0
4795 3729 0
4795 4795 0
4795 4800 0
4795 4339 0
4795 303 0
4795 338 0
4795 5469 0
4795 6633 0
4795 4477 0
4795 4479 1
4795 3968 1
4795 2712 0
4795 6469 0
4795 4550 0
4795 3561 0
4795 7147 1
4795 496 0
4800 3526 0
4800 338 0
1729 4550 1
1729 1702 1
1729 15144 1
8898 3355 0
8898 4295 0
4295 3968 1
4295 8968 0
4295 3353 0
4295 3354 0
4295 2338 0
4295 1741 0
4295 729 0
4295 3934 0
4295 5521 0
4295 3986 0
4295 4300 0
1224 16308 0
1224 1224 0
1224 1741 0
1224 5855 0
1224 7893 0
1224 14094 0
1224 4371 0
1224 303 0
1224 1869 0
1224 4477 0
1224 4479 1
1224 3986 0
1224 5525 0
1224 1943 0
1224 6065 0
1224 2997 0
1224 1472 1
1224 1868 0
1224 15326 0
1224 7165 0
4299 3968 1
4299 2338 0
4299 4299 0
4299 3934 0
4300 5469 0
4300 5981 0
4300 1687 0
4300 4300 0
4300 1741 0
4300 4339 0
4300 729 0
4300 1816 0
4300 2338 0
4300 303 0
4300 842 0
4300 1885 1
4300 3934 0
4300 1927 0
4300 3986 0
4300 16335 0
4300 5523 0
4300 7151 0
1741 2338 0
1741 6444 1
1741 4477 0
1741 4479 1
1741 4550 0
1741 4553 0
1741 2712 0
1741 719 0
1741 8968 0
1741 868 0
1741 3353 0
1741 3354 0
1741 3355 0
1741 5469 0
1741 5523 0
1741 5525 0
1741 5550 0
1741 11236 0
1741 3729 0
1741 1687 0
1741 1741 0
1741 5855 0
1741 5885 0
1741 3919 0
1741 8025 1
1741 1927 0
1741 6469 0
719 5469 0
719 719 0
719 4339 0
719 5885 0
719 6910 0
719 3353 0
719 287 0
719 4477 0
719 4479 1
719 1927 0
719 3986 0
719 5550 0
719 4550 0
719 13284 0
719 3561 0
16592 5550 0
16592 1472 1
16592 20220 0
16592 4477 0
16592 6910 0
16592 4479 1
723 3729 0
723 1687 0
723 723 0
723 5885 0
723 4371 0
723 3353 0
723 3354 0
723 6444 1
723 5422 0
723 3934 0
723 496 0
7893 7893 0
7893 287 0
7893 4479 1
7893 4550 0
7893 13061 0
7893 13284 0
7893 5422 0
7893 1472 1
7893 3526 0
7893 1591 0
7893 16308 0
7893 5855 0
7893 5981 0
7893 1927 0
8918 8918 0
729 5469 0
729 1591 0
729 2712 0
729 729 0
729 4339 0
729 1816 0
729 3354 0
729 2338 0
729 842 0
729 915 0
729 1885 1
729 3934 0
729 3986 0
729 5525 0
729 5981 0
729 2997 0
729 8270 0
729 5523 0
729 5885 0
5855 7165 0
5855 4371 0
5855 6444 1
5855 4477 0
5855 4479 1
5855 4492 0
5855 4553 0
5855 496 0
5855 13061 0
5855 2712 0
5855 4550 0
5855 13043 0
5855 842 0
5855 868 0
5855 11236 0
5855 7147 1
5855 8968 0
5855 3353 0
5855 3354 0
5855 5469 0
5855 3561 0
5855 1591 0
5855 3729 0
5855 1687 0
5855 5855 0
5855 16308 0
5855 13284 0
5855 5981 0
5855 1927 0
13543 3968 1
13543 5469 0
13042 3968 1
13042 4339 0
4339 5469 0
4339 1591 0
4339 1702 0
4339 4371 0
4339 2338 0
4339 1883 1
4339 1885 1
4339 3986 0
4339 1927 0
4339 5981 0
20220 3986 0
20220 15144 0
20220 6910 0
20220 5550 0
20220 4477 0
20220 4479 1
5885 287 0
5885 338 0
5885 4479 1
5885 4492 0
5885 2712 0
5885 15144 0
5885 842 0
5885 8968 0
5885 5469 0
5885 5523 0
5885 1472 1
5885 5885 0
5885 11236 0
5885 5981 0
5885 3986 0
6910 1591 0
6910 2712 0
6910 6910 0
6910 2338 0
6910 3426 0
6910 4479 1
6910 3986 0
6910 5550 0
6910 1472 1
6910 496 0
16644 7147 1
16644 4477 0
16644 4479 1
13061 4479 1
13061 4870 0
13061 13284 0
13061 7147 1
13061 13061 0
13061 5469 0
13061 3426 0
13061 5521 0
13061 1472 1
13061 3526 0
13061 1591 0
13061 16308 0
13061 1612 1
13061 5981 0
13061 1927 0
4870 3729 0
4870 5981 0
4870 4479 1
8968 1687 0
8968 2712 0
8968 4371 0
8968 287 0
8968 6444 1
8968 3408 0
8968 5981 0
8968 3986 0
11236 287 0
11236 4477 0
11236 4479 1
11236 2712 0
11236 21148 0
11236 11236 0
11236 7165 0
11236 3353 0
11236 3354 0
11236 3355 0
11236 5521 0
11236 1591 0
11236 1612 1
11236 5981 0
11236 1927 0
14094 1591 0
14094 842 0
14094 4477 0
14094 1472 1
4371 3729 0
4371 1687 0
4371 4371 0
4371 3353 0
4371 3354 0
4371 7500 0
4371 5521 0
4371 3986 0
4371 5523 0
4371 5981 0
4371 4550 0
4371 6444 1
4371 496 0
1816 1816 0
1816 2338 0
1816 1885 1
1816 1883 1
1816 5469 0
1816 5523 0
3353 4479 1
3353 4550 0
3353 21148 0
3353 868 0
3353 7151 0
3353 3353 0
3353 3354 0
3353 3355 0
3353 7500 0
3353 5472 0
3353 1472 1
3353 3526 0
3353 1591 0
3353 3729 0
3353 1687 0
3354 287 0
3354 2338 0
3354 4479 1
3354 4550 0
3354 2712 0
3354 21148 0
3354 868 0
3354 7151 0
3354 7165 0
3354 3354 0
3354 3355 0
3354 7500 0
3354 3408 0
3354 3729 0
3354 1687 0
3354 5981 0
3354 3934 0
3354 1927 0
3355 1591 0
3355 1687 0
3355 21148 0
3355 3968 1
3355 3355 0
3355 3408 0
3355 1943 0
3355 12726 0
3355 4550 0
3355 7151 0
3355 7165 0
287 287 0
287 1885 1
287 2338 0
287 18910 0
287 2712 0
287 3426 0
287 3729 0
287 3934 0
287 4553 0
287 13284 0
287 6469 0
1612 3729 1
1612 21148 1
1612 1702 1
1612 1612 2
1612 5469 1
1612 2542 1
2338 8270 0
2338 2338 0
2338 4550 0
2338 2712 0
2338 842 0
2338 2997 0
2338 13284 0
2338 5981 0
2338 5469 0
2338 3426 0
2338 1472 1
2338 3526 0
2338 1591 0
2338 1687 0
2338 1702 0
2338 1883 1
2338 1885 1
2338 6065 0
2338 1927 0
2338 3986 0
2338 1943 0
2338 7151 0
15144 5981 0
15144 3561 0
15144 16249 0
15144 5550 0
15144 7147 1
18731 2542 1
6444 1687 1
3885 2712 0
3885 3885 0
3885 5981 0
3885 4479 1
3885 5523 0
3885 1472 1
3885 3561 0
3885 7165 0
5422 15326 0
5422 5422 0
303 303 0
303 5469 0
303 3968 1
303 7147 1
2355 1702 0
2355 2355 0
2355 2359 0
2355 4479 1
15326 4477 0
15326 4479 1
2359 4479 1
18236 1927 1
18236 3950 1
18236 13284 1
6469 3968 1
6469 3729 0
842 5981 0
842 1591 0
842 15663 0
842 842 0
842 338 0
842 5469 0
842 3934 0
842 3426 0
842 3950 0
842 1927 0
842 1472 1
842 13284 0
842 7147 1
1591 338 0
1591 4479 1
1591 4492 0
1591 2712 0
1591 15663 0
1591 3426 0
1591 5981 0
1591 3561 0
1591 1591 0
1591 2997 0
1591 1687 0
1591 3968 1
1591 3986 0
1591 1943 0
1591 6065 0
1591 16308 0
1591 16335 0
1868 1868 0
1868 1883 1
1868 1885 1
1869 1869 0
1869 1883 1
1869 1885 1
1870 1883 1
1870 1885 1
3919 1472 1
3919 3919 0
3919 3426 0
3919 4477 0
3919 4479 1
3408 3729 0
3408 1687 0
3408 3408 0
3408 1472 1
1873 1883 1
1873 1885 1
338 5469 0
338 338 0
338 4479 1
338 4550 0
338 2712 0
338 13284 0
338 19808 0
338 5521 0
338 1472 1
338 3526 0
338 5981 0
338 1927 0
1875 1883 1
1875 1885 1
6489 1883 1
6489 1885 1
1883 7055 1
1883 5523 1
1883 2712 1
1883 1872 1
1883 1874 1
1883 1883 2
1883 1885 2
1883 5521 1
1883 14716 1
1883 7060 1
1885 7055 1
1885 5523 1
1885 7060 1
1885 5525 1
1885 1872 1
1885 1874 1
1885 1885 2
1885 14716 1
3934 1687 0
3934 5981 0
3934 3934 0
3934 868 0
3934 4477 0
3934 4479 1
3934 4550 0
19808 13043 0
19808 868 0
19808 8025 1
3426 16308 0
3426 4479 1
3426 4550 0
3426 2712 0
3426 2997 0
3426 3426 0
3426 5981 0
3426 1472 1
3426 1687 0
3426 1927 0
3426 3986 0
3426 1943 0
3426 6065 0
868 3729 0
868 1687 0
868 8025 1
868 868 0
868 7147 1
3729 4477 0
3729 4550 0
3729 18910 0
3729 496 0
3729 7165 0
3729 1472 1
3729 3729 0
3729 1687 0
3729 8025 1
3729 5981 0
3729 1927 0
3729 1943 0
3950 1927 0
3950 1472 1
3950 13284 0
15663 2712 0
15663 15663 0
15663 4479 1
15663 1472 1
15663 13284 0
15663 7147 1
915 2712 0
915 8025 1
915 5981 0
915 915 0
915 4477 0
915 4479 1
915 13284 0
6633 5981 0
6633 6633 0
16249 1472 1
16249 16249 0
16249 7147 1
14716 14716 0
4477 8270 0
4477 1687 0
4477 4479 1
4477 1943 0
4477 4492 0
4477 3986 0
4477 5525 0
4477 5469 0
4477 2457 0
4477 5550 0
4477 6065 0
4477 2997 0
4477 4550 0
4477 496 0
4479 2712 1
4479 7500 1
4479 5981 1
4479 4492 1
4479 3986 1
4479 1943 1
4479 2457 1
4479 5550 1
4479 6065 1
4479 2997 1
4479 16308 1
4479 4553 1
4479 8270 1
4479 16325 1
3968 3968 2
3968 12726 1
3968 3526 1
3968 5472 1
3968 21148 1
3968 496 1
1927 4553 0
1927 2997 0
1927 13284 0
1927 5469 0
1927 5521 0
1927 1472 1
1927 3986 0
1927 1943 0
1927 6065 0
1927 16308 0
1687 4550 0
1687 7165 0
1687 5981 0
1687 5469 0
1687 5521 0
1687 5523 0
1687 5525 0
1687 1687 0
4492 1472 1
2712 2712 0
2712 2997 0
2712 1472 1
2712 5981 0
2712 3986 0
2712 1943 0
2712 6065 0
3986 1472 1
3986 3526 0
3986 3561 0
3986 3986 0
3986 4550 0
3986 13284 0
3986 5469 0
3986 5521 0
3986 5523 0
3986 5550 0
3986 5981 0
3986 8025 1
3986 16325 0
5523 5472 0
5523 5523 0
5523 5521 0
5523 5525 0
5523 5469 0
5523 4550 0
5523 3561 0
5525 5469 0
5525 5521 0
5525 5525 0
5525 1943 0
5525 4550 0
5469 8270 0
5469 5981 0
5469 5469 0
5469 5521 0
5469 3526 0
5469 1702 0
5469 1943 0
1943 2997 0
1943 5472 0
1943 1472 1
1943 3526 0
1943 5981 0
1943 1943 0
1947 1950 0
5981 2997 0
5981 3561 0
5981 7500 0
5981 21148 0
5981 13284 0
5981 5981 0
5981 6065 0
5981 18910 0
5981 7147 1
5981 7165 0
5981 16308 0
21148 21148 0
21148 7165 0
5550 1472 1
5521 5521 0
5521 7147 1
6065 2997 0
6065 5472 0
6065 1472 1
6065 3526 0
6065 6065 0
13043 13043 0
13043 1472 1
13043 7147 1
16308 13284 0
16308 7147 1
16308 1472 1
16308 3526 0
16308 16308 0
2997 5472 0
2997 1472 1
2997 3526 0
2997 2997 0
12726 12726 0
12726 7165 0
18871 18871 0
18871 16325 0
18871 1472 1
18871 7147 1
16325 7147 1
3526 1702 0
4550 4550 0
4550 4553 0
4550 496 0
4550 1872 0
4553 8025 1
4553 4553 0
4553 7147 1
4553 496 0
16335 8270 0
16335 16335 0
16335 7147 1
8270 8270 0
7500 7147 1
18910 18910 0
18910 7147 1
13284 3561 0
1702 1702 0
1702 496 0
8025 8025 2
3561 7165 0
7147 7147 2
496 496 0
5472 5472 0
7165 7165 0
