1674 4100 0
1674 6160 0
1674 4957 0
1674 4681 0
1674 6739 0
1674 1620 0
1674 4694 0
1674 1674 0
1674 16530 0
1674 1687 0
1674 4551 0
1674 3759 0
1674 3283 1
1674 861 0
1674 16663 0
1674 5407 0
1674 5408 0
1674 2338 0
1674 827 0
1674 1359 0
1674 338 0
1674 4956 0
1674 5469 0
1674 4958 0
1674 10596 0
1674 1927 1
1674 8586 0
1674 5521 0
1674 3986 0
1674 19879 0
1674 1456 0
1674 16308 0
1674 4550 0
1674 16354 0
4609 4609 0
4609 5981 0
4609 568 0
4609 864 0
4609 5753 0
4609 5657 0
4609 4300 1
4609 1259 0
4609 287 0
4609 5432 0
4609 827 0
4609 861 0
4609 1339 0
4609 869 0
4609 1927 1
4609 1928 0
4609 4524 0
4609 4525 0
4609 4534 0
4609 4546 0
4609 4557 0
4779 8232 0
4779 861 0
4779 6069 0
4779 8283 1
4779 719 1
4779 7893 0
4779 13061 0
4779 8467 0
4779 287 0
4779 338 0
4779 4956 0
4779 4957 0
4779 4958 0
4779 3561 0
4779 1930 0
4779 3986 0
4779 1943 0
4779 6065 0
4779 2997 0
4779 4256 0
4779 13284 0
4100 4100 0
4100 6163 0
4100 6165 0
4100 4129 0
4100 568 0
4100 1620 0
4100 5753 0
4100 7317 0
4100 2718 0
4100 20251 0
4100 4780 0
4100 1718 0
4100 4795 0
4100 1221 0
4100 1223 0
4100 1741 0
4100 3801 0
4100 4339 0
4100 3353 0
4100 287 0
4100 2338 0
4100 1830 1
4100 827 0
4100 842 0
4100 861 0
4100 864 0
4100 869 0
4100 2938 0
4100 1927 1
4100 5525 0
4100 2458 0
4100 4536 0
4100 4550 0
4100 3036 0
4694 20 0
4694 8232 0
4694 5469 0
4694 4681 0
4694 1620 0
4694 4694 0
4694 4185 1
4694 8283 1
4694 4540 0
4694 3010 0
4694 1170 0
4694 4256 0
4694 1221 0
4694 1223 0
4694 1741 0
4694 719 1
4694 4305 0
4694 1259 0
4694 2831 0
4694 2338 0
4694 3886 0
4694 3382 0
4694 827 0
4694 5967 0
4694 861 0
4694 864 0
4694 869 0
4694 6005 0
4694 1930 0
4694 3986 0
4694 5525 0
4694 5526 0
4694 2967 1
4694 2989 0
4694 4534 0
4694 4535 0
4694 4536 0
4694 4537 0
4694 4538 0
4694 4539 0
4694 4544 0
4694 4546 0
4694 4550 0
4694 18764 0
4694 3036 0
4694 5523 0
3592 1927 1
3592 1160 0
3592 2718 0
3592 1957 1
3592 3592 0
3592 5022 0
3592 4534 0
3592 4537 0
3592 4550 0
3592 4551 0
3592 1741 0
3592 5855 0
3592 3043 0
6153 6153 0
6153 6669 0
6153 2069 0
6153 13061 0
6153 2594 0
6153 1575 0
6153 7721 0
6153 13355 0
6153 13356 0
6153 4957 0
6153 561 0
6153 7740 0
6153 6739 0
6153 1620 0
6153 117 0
6153 3729 0
6153 4547 0
6153 16022 0
6153 5816 0
6153 1221 0
6153 1741 0
6153 7893 0
6153 729 0
6153 3802 0
6153 5380 0
6153 301 0
6153 805 0
6153 5967 0
6153 338 0
6153 4442 1
6153 4956 0
6153 861 0
6153 4958 0
6153 3426 0
6153 5994 0
6153 4925 0
6153 891 0
6153 8081 0
6153 3986 0
6153 6560 0
6153 1943 0
6153 2458 0
6153 6062 0
6153 6065 0
6153 16308 0
6153 2997 0
6153 3533 0
6153 6128 1
3594 2059 0
3594 1620 0
3594 1160 0
3594 2718 0
3594 1197 0
3594 1741 0
3594 5882 0
3594 3844 0
3594 3886 0
3594 5469 0
3594 1927 1
3594 3986 0
3594 5523 0
3594 2458 0
3594 5022 0
3594 1957 1
3594 4550 0
3594 4551 0
2059 2059 0
2059 6156 0
2059 20 0
2059 22 0
2059 8232 0
2059 5469 0
2059 4185 1
2059 16530 0
2059 3101 0
2059 4300 1
2059 4339 0
2059 16663 0
2059 287 0
2059 2340 0
2059 2361 0
2059 18764 0
2059 8575 0
2059 4524 0
2059 8623 0
2059 4536 0
2059 4539 0
2059 4544 0
2059 4546 0
2059 579 0
2059 4681 0
2059 14925 0
2059 4537 0
2059 4704 0
2059 4711 0
2059 4715 0
2059 2668 0
2059 6779 0
2059 2718 0
2059 4795 0
2059 719 1
2059 4818 0
2059 729 0
2059 6907 0
2059 13061 0
2059 807 0
2059 827 0
2059 4925 0
2059 864 0
2059 2989 0
2059 3036 0
2059 1022 0
2059 5247 0
2059 1170 0
2059 1197 0
2059 1210 0
2059 4301 0
2059 1259 0
2059 5419 0
2059 1335 0
2059 5432 0
2059 1339 0
2059 5521 0
2059 5523 0
2059 1489 0
2059 18065 0
2059 7860 0
2059 5816 0
2059 3772 0
2059 5835 0
2059 3801 0
2059 3844 0
2059 20251 0
2059 6792 0
2059 21129 0
2059 5967 0
2059 1927 1
2059 1930 0
2059 8081 0
2059 1943 0
2059 6062 0
2059 6063 0
6156 6156 0
6156 8623 0
6156 3101 0
6156 8232 0
6156 4664 0
6156 4681 0
6156 14925 0
6156 1620 0
6156 4185 1
6156 16530 0
6156 2718 0
6156 1210 0
6156 719 1
6156 4818 0
6156 7893 0
6156 729 0
6156 5882 0
6156 3844 0
6156 16663 0
6156 3886 0
6156 3382 0
6156 1359 0
6156 5469 0
6156 5523 0
6156 1943 0
6156 1489 0
6156 3036 0
6156 13284 0
6669 2069 0
6669 15954 0
6669 1620 0
6669 117 0
6669 12954 0
6669 1197 0
6669 5816 0
6669 3283 1
6669 4825 0
6669 19879 0
6669 7406 0
6669 5368 0
6669 5372 0
6669 2338 0
6669 1359 0
6669 13284 0
6669 3426 0
6669 3429 0
6669 4460 0
6669 7045 0
6669 1927 1
6669 8081 0
6669 8623 0
6669 2997 0
6669 4547 0
6669 2500 0
6669 4550 0
6669 4551 0
6669 4553 0
6669 4555 0
6669 4557 0
3035 4183 0
3035 5967 0
3035 20 0
3035 22 0
3035 1576 0
3035 561 0
3035 579 0
3035 1718 0
3035 4695 0
3035 4185 1
3035 4704 0
3035 4711 0
3035 2718 0
3035 18105 0
3035 4795 0
3035 5835 0
3035 4300 1
3035 4339 0
3035 6907 0
3035 6915 0
3035 2831 0
3035 4371 0
3035 2338 0
3035 5521 0
3035 8575 0
3035 3986 0
3035 5523 0
3035 5525 0
3035 5526 0
3035 2967 1
3035 19879 0
3035 2989 0
3035 4534 0
3035 4546 0
3035 3035 0
3035 16354 0
3035 1620 0
2989 5967 0
2989 6160 0
2989 6163 0
2989 6165 0
2989 4681 0
2989 1620 0
2989 4704 0
2989 4711 0
2989 4715 0
2989 6779 0
2989 5247 0
2989 1170 0
2989 4295 0
2989 1197 0
2989 1718 0
2989 18105 0
2989 1221 0
2989 1223 0
2989 4300 1
2989 4301 0
2989 1741 0
2989 729 0
2989 719 1
2989 6907 0
2989 6915 0
2989 3844 0
2989 2831 0
2989 3354 0
2989 287 0
2989 2338 0
2989 2340 0
2989 2341 0
2989 2881 0
2989 5981 0
2989 3986 0
2989 2967 1
2989 19879 0
2989 4520 0
2989 4521 0
2989 2989 0
2989 8623 0
2989 4534 0
2989 4535 0
2989 4536 0
2989 4537 0
2989 4538 0
2989 4539 0
2989 4540 0
2989 4544 0
2989 4546 0
2989 4550 0
2989 4551 0
2989 4553 0
2989 4555 0
2989 4557 0
2989 3036 0
2989 16354 0
6160 6163 0
6160 20 0
6160 6165 0
6160 6160 0
6160 4256 0
6160 4301 0
6160 287 0
6160 2338 0
6160 303 0
6160 338 0
6160 4442 1
6160 2458 0
6160 4536 0
6160 4538 0
6160 4546 0
6160 4547 0
6160 4555 0
6160 6739 0
6160 2703 0
6160 12954 0
6160 2718 0
6160 2722 0
6160 4795 0
6160 729 0
6160 6915 0
6160 2831 0
6160 2881 0
6160 2967 1
6160 5022 0
6160 13284 0
6160 7317 0
6160 1221 0
6160 5469 0
6160 3426 0
6160 1575 0
6160 2997 0
6160 15954 0
6160 1620 0
6160 1667 0
6160 3729 0
6160 7893 0
6160 5981 0
6160 18065 0
6160 8081 0
6160 3986 0
6160 1943 0
6160 1957 1
6160 6065 0
6160 6068 0
2577 7699 0
2577 2069 0
2577 4129 0
2577 2594 0
2577 2599 0
2577 117 0
2577 1160 0
2577 2703 0
2577 2718 0
2577 1221 0
2577 1223 0
2577 7893 0
2577 3802 0
2577 5855 0
2577 12542 0
2577 287 0
2577 3884 0
2577 5432 0
2577 827 0
2577 4442 1
2577 861 0
2577 5994 0
2577 1943 0
2577 7053 1
2577 2967 1
2577 19879 0
2577 16308 0
2577 4534 0
2577 5072 0
2577 3043 0
12307 4636 1
12307 11294 0
12307 1957 1
20 6163 0
20 20 0
20 2069 0
20 22 0
20 4185 1
20 117 0
20 6165 0
20 138 0
20 16530 0
20 4300 1
20 4301 0
20 6378 0
20 4339 0
20 287 0
20 2338 0
20 2340 0
20 4460 0
20 6560 0
20 4536 0
20 2494 0
20 4546 0
20 4547 0
20 3844 0
20 561 0
20 579 0
20 5816 0
20 21129 0
20 2718 0
20 719 1
20 4818 0
20 4822 0
20 729 0
20 6907 0
20 827 0
20 861 0
20 864 0
20 869 0
20 2962 0
20 3036 0
20 3043 0
20 3178 0
20 5247 0
20 1170 0
20 1171 0
20 1259 0
20 5419 0
20 5432 0
20 15677 0
20 5469 0
20 1456 0
20 1489 0
20 1576 0
20 4705 0
20 1620 0
20 3704 0
20 1667 0
20 18065 0
20 1687 0
20 7860 0
20 1718 0
20 3782 0
20 1741 0
20 7893 0
20 3801 0
20 5855 0
20 20251 0
20 3886 0
20 5981 0
20 1927 1
20 3986 0
20 1957 1
20 6062 0
6165 6163 0
6165 2069 0
6165 4129 0
6165 8881 0
6165 53 0
6165 65 0
6165 4256 0
6165 4292 0
6165 6165 0
6165 4646 0
6165 8467 0
6165 287 0
6165 2338 0
6165 303 0
6165 4465 0
6165 2458 0
6165 4520 0
6165 4524 0
6165 4525 0
6165 4534 0
6165 4536 0
6165 4537 0
6165 4540 0
6165 4546 0
6165 4547 0
6165 4553 0
6165 4555 0
6165 19879 0
6165 2594 0
6165 2599 0
6165 561 0
6165 6739 0
6165 4723 0
6165 6792 0
6165 2703 0
6165 669 0
6165 2718 0
6165 2722 0
6165 4795 0
6165 729 0
6165 6915 0
6165 2831 0
6165 861 0
6165 13200 0
6165 2997 0
6165 7109 0
6165 13284 0
6165 1022 0
6165 5204 0
6165 5220 0
6165 5247 0
6165 13512 0
6165 3283 1
6165 1259 0
6165 7406 0
6165 3426 0
6165 3561 0
6165 1575 0
6165 16308 0
6165 7740 0
6165 1620 0
6165 5753 0
6165 7893 0
6165 3802 0
6165 5855 0
6165 5981 0
6165 1927 1
6165 8081 0
6165 3986 0
6165 1943 0
6165 3997 0
6165 12954 0
6165 6065 0
6165 6068 0
22 3844 0
22 1170 0
22 5523 0
22 22 0
22 4185 1
22 2338 0
22 1718 0
22 2494 0
22 4300 1
22 719 1
22 1489 0
22 1620 0
22 3801 0
22 5469 0
22 2668 0
22 3986 0
22 4339 0
22 6779 0
2071 3986 0
2071 2967 1
2071 2338 0
2071 5419 0
2071 4723 0
2071 4540 0
2071 4550 0
2071 4551 0
2071 4300 1
2071 1620 0
2071 4185 1
2071 5469 0
2071 4704 0
2071 4705 0
2071 1171 0
2071 4710 0
2071 4711 0
2071 4716 0
2071 1170 0
2071 4718 0
2071 4339 0
2071 5247 0
5657 5657 0
5657 1687 0
5657 669 0
5657 1221 0
5657 1223 0
5657 4305 0
5657 1259 0
5657 5368 0
5657 4859 0
5657 5372 0
5657 301 0
5657 5855 0
5657 4442 1
5657 5994 0
5657 4463 0
5657 7045 0
5657 1927 1
5657 8081 0
5657 3986 0
5657 4521 0
5657 4547 0
5657 7635 0
6063 3986 0
6063 4185 1
6063 3354 0
6063 2338 0
6063 807 0
6063 4780 0
6063 6063 0
6063 1718 0
6063 316 0
6063 719 1
6063 1620 0
6063 729 0
6063 7011 1
6063 4460 0
6063 6907 0
4636 6792 1
4636 4636 2
4636 4254 1
4636 4644 1
4636 4646 1
4636 65 1
4636 3782 1
4636 13512 1
4636 4855 1
4636 17363 1
4636 13200 1
4636 6378 1
4636 4223 1
3101 5521 0
3101 1170 0
3101 6163 0
3101 3801 0
3101 3101 0
3101 2718 0
3101 2338 0
3101 2340 0
3101 19879 0
3101 1576 0
3101 3010 0
3101 719 1
3101 4818 0
3101 729 0
3101 5469 0
3101 4704 0
3101 1259 0
3101 4339 0
3101 4185 1
3101 5247 0
11294 2494 0
11294 18513 1
11294 4521 0
11294 13667 0
11294 11294 0
11294 3178 0
11294 5372 0
11294 14978 0
11294 1927 1
11294 5747 0
11294 20251 0
11294 5967 0
11294 18299 0
4129 2599 0
4129 16308 0
4129 1603 0
4129 129 0
4129 2718 0
4129 2722 0
4129 8881 0
4129 4295 0
4129 4300 1
4129 721 0
4129 3283 1
4129 7893 0
4129 5855 0
4129 287 0
4129 827 0
4129 7224 0
4129 861 0
4129 3426 0
4129 3729 0
4129 3986 0
4129 1943 0
4129 19879 0
4129 6065 0
4129 2997 0
4129 4553 0
546 3844 0
546 2718 0
546 546 0
546 1957 1
546 719 1
6180 6180 0
6180 6915 0
6180 1160 0
6180 1687 0
6180 4524 0
6180 301 0
6180 2718 0
6180 5432 0
6180 827 0
6180 4550 0
6180 4551 0
6180 1741 0
6180 3283 1
6180 5476 0
6180 4442 1
6180 16354 0
6180 5994 0
6180 6005 0
4646 13061 0
4646 4644 0
4646 6739 0
4646 1620 0
4646 2703 0
4646 2718 0
4646 2722 0
4646 4803 0
4646 1741 0
4646 13355 0
4646 8467 0
4646 805 0
4646 4925 0
4646 4442 1
4646 5981 0
4646 4477 0
4646 13200 0
4646 3986 0
4646 19879 0
4646 3561 0
2599 19879 0
2599 6163 0
2599 2594 0
2599 2599 0
2599 4957 0
2599 561 0
2599 53 0
2599 16308 0
2599 6069 0
2599 6739 0
2599 17363 0
2599 2718 0
2599 2722 0
2599 5835 0
2599 1741 0
2599 3802 0
2599 7893 0
2599 7053 1
2599 8467 0
2599 2338 0
2599 18543 0
2599 338 0
2599 4956 0
2599 861 0
2599 4958 0
2599 3426 0
2599 869 0
2599 5994 0
2599 3729 0
2599 1927 1
2599 3986 0
2599 1943 0
2599 2458 0
2599 4524 0
2599 4525 0
2599 6065 0
2599 2997 0
2599 4256 0
2599 2500 0
2599 4553 0
2599 3533 0
2599 8881 0
2599 3561 0
8232 13061 0
8232 4183 0
8232 719 1
8232 7893 0
8232 729 0
8232 16663 0
8232 287 0
8232 1359 0
8232 13284 0
8232 5981 0
8232 10596 0
8232 4925 0
8232 1927 1
8232 1930 0
8232 1943 0
8232 16308 0
8232 6604 0
8232 5091 0
7721 2069 0
7721 53 0
7721 65 0
7721 2703 0
7721 2718 0
7721 2722 0
7721 1221 0
7721 3283 1
7721 4825 0
7721 1259 0
7721 3844 0
7721 4460 0
7721 1927 1
7721 1928 0
7721 5521 0
7721 6068 0
7721 7109 0
7721 1022 0
1066 138 1
1066 5432 1
1066 4182 1
1066 3767 1
1066 1066 2
13355 2069 0
13355 65 0
13355 138 0
13355 6378 0
13355 8467 0
13355 287 0
13355 4463 0
13355 4465 0
13355 2458 0
13355 4644 0
13355 8977 0
13355 12954 0
13355 4803 0
13355 4825 0
13355 4925 0
13355 3030 0
13355 1022 0
13355 17460 0
13355 1221 0
13355 1223 0
13355 3283 1
13355 5368 0
13355 3429 0
13355 4547 0
13355 13732 0
13355 19879 0
13355 3561 0
13355 7740 0
13355 15954 0
13355 20155 0
13355 7893 0
13355 3802 0
13355 5855 0
13355 5872 0
13355 1927 1
13355 1928 0
13355 1943 0
13355 3997 0
13355 6068 0
13355 6069 0
13356 2069 0
13356 4825 0
13356 6378 0
13356 3283 1
13356 4859 0
13356 1927 1
13356 1928 0
13356 4547 0
13356 2500 0
13356 4551 0
13356 17363 0
13356 19879 0
1581 719 1
1581 5432 0
1581 4185 1
1581 287 0
5469 6163 0
5469 53 0
5469 4183 0
5469 4185 1
5469 117 0
5469 129 0
5469 131 0
5469 138 0
5469 16530 0
5469 4300 1
5469 4339 0
5469 2340 0
5469 301 0
5469 303 0
5469 338 0
5469 5523 0
5469 4477 0
5469 4524 0
5469 4525 0
5469 8623 0
5469 4534 0
5469 4536 0
5469 4537 0
5469 4539 0
5469 4540 0
5469 2494 0
5469 4546 0
5469 524 0
5469 1927 1
5469 4681 0
5469 2338 0
5469 4695 0
5469 4704 0
5469 2668 0
5469 6779 0
5469 2718 0
5469 2722 0
5469 8881 0
5469 4795 0
5469 719 1
5469 4818 0
5469 729 0
5469 13061 0
5469 2831 0
5469 807 0
5469 827 0
5469 4925 0
5469 2881 0
5469 842 0
5469 861 0
5469 864 0
5469 869 0
5469 9076 0
5469 2962 0
5469 2967 1
5469 7077 0
5469 3010 0
5469 5072 0
5469 3036 0
5469 3053 0
5469 1022 0
5469 5981 0
5469 5247 0
5469 1160 0
5469 1170 0
5469 1210 0
5469 1221 0
5469 13512 0
5469 1259 0
5469 5372 0
5469 5419 0
5469 1335 0
5469 5432 0
5469 1339 0
5469 5469 0
5469 5521 0
5469 5525 0
5469 5526 0
5469 1456 0
5469 8437 0
5469 1489 0
5469 1576 0
5469 1620 0
5469 3704 0
5469 1667 0
5469 16022 0
5469 1687 0
5469 7860 0
5469 1718 0
5469 5835 0
5469 1741 0
5469 5855 0
5469 3844 0
5469 20251 0
5469 3886 0
5469 21129 0
5469 2361 0
5469 1928 0
5469 3986 0
5469 1943 0
5469 6072 0
5469 6792 0
561 2069 0
561 117 0
561 4300 1
561 6378 0
561 12542 0
561 301 0
561 8503 0
561 5522 0
561 4463 0
561 4465 0
561 4477 0
561 2458 0
561 6560 0
561 4521 0
561 4547 0
561 2500 0
561 4550 0
561 4551 0
561 2594 0
561 561 0
561 2718 0
561 4822 0
561 4825 0
561 6904 0
561 4859 0
561 827 0
561 8484 0
561 4956 0
561 4957 0
561 4958 0
561 864 0
561 869 0
561 7045 0
561 3036 0
561 3043 0
561 3045 0
561 861 0
561 1160 0
561 1221 0
561 1259 0
561 5368 0
561 5372 0
561 5380 0
561 3353 0
561 3354 0
561 5432 0
561 1365 0
561 5521 0
561 5523 0
561 5525 0
561 19879 0
561 7740 0
561 3729 0
561 1687 0
561 18105 0
561 1741 0
561 3801 0
561 5855 0
561 7949 0
561 3884 0
561 5981 0
561 18065 0
561 5994 0
561 6005 0
561 1927 1
561 3997 0
561 6068 0
561 6072 0
5747 5747 0
5747 5753 0
5747 14978 0
5747 287 0
5747 1830 1
5747 5432 0
5747 1365 0
5747 13667 0
5747 1927 1
5747 1943 0
17460 8467 0
17460 3354 0
17460 301 0
17460 3895 0
17460 3283 1
17460 4442 1
17460 17363 0
17460 5855 0
17460 1259 0
17460 6005 0
53 53 0
53 65 0
53 117 0
53 4256 0
53 4301 0
53 287 0
53 2338 0
53 301 0
53 8503 0
53 338 0
53 4463 0
53 4465 0
53 2458 0
53 8623 0
53 4536 0
53 2494 0
53 2500 0
53 6604 0
53 19879 0
53 2594 0
53 4710 0
53 2703 0
53 2718 0
53 2722 0
53 4780 0
53 8881 0
53 719 1
53 729 0
53 4956 0
53 4957 0
53 4958 0
53 2997 0
53 1022 0
53 861 0
53 5247 0
53 13200 0
53 1170 0
53 3283 1
53 5368 0
53 5372 0
53 3354 0
53 1335 0
53 1456 0
53 3533 0
53 6739 0
53 4825 0
53 13284 0
53 1667 0
53 3729 0
53 16022 0
53 1687 0
53 3759 0
53 1718 0
53 3767 0
53 1741 0
53 3802 0
53 5855 0
53 17363 0
53 5981 0
53 1927 1
53 1943 0
53 6065 0
53 6068 0
53 6069 0
4825 19879 0
4825 8081 0
4825 2069 0
4825 16308 0
4825 7699 0
4825 1160 0
4825 12954 0
4825 2718 0
4825 2722 0
4825 1221 0
4825 1741 0
4825 3283 1
4825 7893 0
4825 4822 0
4825 5368 0
4825 5372 0
4825 5380 0
4825 5432 0
4825 5855 0
4825 2375 0
4825 5981 0
4825 7053 1
4825 3986 0
4825 1943 0
4825 7077 0
4825 6068 0
4825 2500 0
4825 17363 0
7224 6163 0
7224 7224 0
7224 6739 0
7224 719 1
7224 3283 1
7224 7893 0
7224 729 0
7224 5855 0
7224 3844 0
7224 287 0
7224 861 0
7224 3429 0
7224 1943 0
7224 2458 0
7224 6065 0
7224 6068 0
7224 2997 0
16308 2069 0
16308 65 0
16308 117 0
16308 4256 0
16308 8467 0
16308 2375 0
16308 4463 0
16308 4547 0
16308 2594 0
16308 5220 0
16308 2722 0
16308 4803 0
16308 13061 0
16308 8977 0
16308 827 0
16308 8623 0
16308 3030 0
16308 13284 0
16308 1022 0
16308 1197 0
16308 1221 0
16308 3283 1
16308 1259 0
16308 5368 0
16308 1930 0
16308 3426 0
16308 3429 0
16308 13732 0
16308 19879 0
16308 16308 0
16308 7740 0
16308 15954 0
16308 1667 0
16308 5816 0
16308 20155 0
16308 7893 0
16308 3802 0
16308 5855 0
16308 5872 0
16308 7949 0
16308 5981 0
16308 15677 0
16308 6005 0
16308 1927 1
16308 1928 0
16308 3997 0
16308 12954 0
16308 6068 0
13220 1603 0
13220 13220 0
13220 3283 1
13220 3884 0
13220 2375 0
13220 4956 0
13220 4477 0
13220 1927 1
13220 3986 0
13220 1022 0
7740 8881 0
7740 861 0
7740 7740 0
7740 15945 0
7740 1667 0
7740 1160 0
7740 1687 0
7740 4463 0
7740 1221 0
7740 3283 1
7740 3802 0
7740 5855 0
7740 5368 0
7740 7893 0
7740 5380 0
7740 4956 0
7740 4957 0
7740 4958 0
7740 4477 0
7740 1927 1
7740 1928 0
7740 7053 1
7740 2458 0
7740 3997 0
7740 5981 0
7740 6069 0
7740 4547 0
7740 1004 0
7740 6128 1
6069 5981 0
6069 8283 1
6069 129 0
6069 2718 0
6069 4256 0
6069 2722 0
6069 4795 0
6069 2594 0
6069 719 1
6069 3802 0
6069 8467 0
6069 1930 0
6069 18543 0
6069 861 0
6069 6065 0
6069 3986 0
6069 19879 0
6069 6069 0
6069 4537 0
6069 4550 0
6069 4551 0
6069 3533 0
6069 3561 0
6069 1022 0
65 1197 0
65 13061 0
65 1576 0
65 14925 0
65 1620 0
65 10596 0
65 4704 0
65 4710 0
65 5247 0
65 2703 0
65 7317 0
65 2722 0
65 1741 0
65 7893 0
65 16663 0
65 2338 0
65 1359 0
65 3426 0
65 356 0
65 1259 0
65 1927 1
65 13200 0
65 5521 0
65 3986 0
65 1943 0
65 6065 0
65 6068 0
65 2997 0
65 6072 0
65 6604 0
65 3043 0
65 13284 0
65 13055 0
1741 2069 0
1741 8881 0
1741 117 0
1741 4256 0
1741 4295 0
1741 4300 1
1741 8437 0
1741 2338 0
1741 8484 0
1741 301 0
1741 8503 0
1741 2375 0
1741 4463 0
1741 4465 0
1741 4477 0
1741 8586 0
1741 2458 0
1741 4524 0
1741 4525 0
1741 8623 0
1741 4546 0
1741 4547 0
1741 2500 0
1741 4550 0
1741 4551 0
1741 4553 0
1741 4555 0
1741 4557 0
1741 2594 0
1741 4664 0
1741 6739 0
1741 6779 0
1741 669 0
1741 2718 0
1741 2722 0
1741 6604 0
1741 719 1
1741 4822 0
1741 6904 0
1741 4859 0
1741 6915 0
1741 827 0
1741 861 0
1741 864 0
1741 869 0
1741 891 0
1741 7045 0
1741 5022 0
1741 5072 0
1741 3043 0
1741 3045 0
1741 1022 0
1741 2831 0
1741 18065 0
1741 5204 0
1741 5247 0
1741 1160 0
1741 1197 0
1741 1221 0
1741 1223 0
1741 4301 0
1741 4644 0
1741 1259 0
1741 7406 0
1741 5368 0
1741 5372 0
1741 3353 0
1741 3354 0
1741 5419 0
1741 5432 0
1741 1359 0
1741 5523 0
1741 5525 0
1741 19879 0
1741 7699 0
1741 1576 0
1741 7077 0
1741 1620 0
1741 3704 0
1741 1667 0
1741 3729 0
1741 16022 0
1741 1687 0
1741 1718 0
1741 20155 0
1741 3782 0
1741 1741 0
1741 3802 0
1741 5855 0
1741 3884 0
1741 5994 0
1741 1927 1
1741 1928 0
1741 3997 0
1741 1957 1
1741 12954 0
1741 6068 0
1741 16354 0
1741 6560 0
1603 1603 0
1603 14925 0
1603 5204 0
1603 129 0
1603 1197 0
1603 1221 0
1603 4300 1
1603 3283 1
1603 7893 0
1603 5872 0
1603 4859 0
1603 16663 0
1603 287 0
1603 2338 0
1603 827 0
1603 842 0
1603 13284 0
1603 861 0
1603 3426 0
1603 3986 0
1603 1943 0
1603 12954 0
1603 5022 0
1603 1957 1
1603 6065 0
1603 2997 0
1603 4534 0
1603 7109 0
1603 4553 0
1603 17363 0
1603 3043 0
1603 19879 0
15945 2069 0
15945 5816 0
15945 5220 0
15945 1667 0
15945 1687 0
15945 3772 0
15945 1221 0
15945 5855 0
15945 7949 0
15945 4371 0
15945 3353 0
15945 287 0
15945 13284 0
15945 4442 1
15945 4956 0
15945 7011 1
15945 869 0
15945 4465 0
15945 4477 0
15945 16022 0
15945 2458 0
15945 12954 0
15945 1004 0
15945 1022 0
805 2069 0
805 16022 0
805 805 0
805 2881 0
805 4295 0
805 4300 1
805 719 1
805 729 0
805 6005 0
805 5882 0
4535 6163 0
4535 579 0
4535 4705 0
4535 1620 0
4535 4711 0
4535 131 0
4535 1160 0
4535 1687 0
4535 2718 0
4535 8881 0
4535 4795 0
4535 5835 0
4535 3283 1
4535 4822 0
4535 807 0
4535 301 0
4535 6792 0
4535 1335 0
4535 2881 0
4535 2884 0
4535 338 0
4535 827 0
4535 4463 0
4535 2967 1
4535 1943 0
4535 19879 0
4535 4254 0
4535 4534 0
4535 4535 0
4535 4536 0
4535 4553 0
4535 4557 0
4535 4704 0
14925 138 0
14925 1170 0
14925 669 0
14925 3759 0
14925 3772 0
14925 3283 1
14925 1335 0
14925 2361 0
14925 18236 0
14925 1359 0
14925 4463 0
14925 9076 0
14925 1927 1
14925 1928 0
14925 20251 0
14925 6604 0
14925 3030 0
14925 13284 0
14925 1022 0
4043 5521 0
4043 5523 0
4043 669 0
4043 1957 1
4043 8881 0
4043 18764 0
4043 5981 0
4043 1927 1
4043 4859 0
5407 5521 0
5407 3986 0
5407 8467 0
5407 7317 0
5407 2967 1
5407 287 0
5407 5408 0
5407 5407 0
5407 2881 0
5407 1620 0
5407 4183 0
5407 4185 1
5407 13920 0
5407 3426 0
5407 3561 0
18513 7949 1
18513 3895 1
18513 8134 1
18513 18764 1
18513 16335 1
18513 13667 1
18513 17273 1
18513 13411 1
18513 10489 1
18513 18299 1
18514 1927 1
18514 303 0
18514 8881 0
18514 18514 0
18514 6739 0
18514 4185 1
18514 5981 0
18514 5994 0
2594 2069 0
2594 4256 0
2594 8467 0
2594 287 0
2594 2338 0
2594 2361 0
2594 338 0
2594 2458 0
2594 4524 0
2594 4525 0
2594 8623 0
2594 4547 0
2594 4553 0
2594 13061 0
2594 2594 0
2594 6739 0
2594 2703 0
2594 2718 0
2594 2722 0
2594 8881 0
2594 8977 0
2594 842 0
2594 4956 0
2594 861 0
2594 4958 0
2594 869 0
2594 2997 0
2594 1022 0
2594 4957 0
2594 3168 0
2594 5220 0
2594 1221 0
2594 1223 0
2594 3283 1
2594 1259 0
2594 3426 0
2594 3429 0
2594 19879 0
2594 3533 0
2594 3561 0
2594 15954 0
2594 3782 0
2594 7893 0
2594 3802 0
2594 5855 0
2594 3886 0
2594 5994 0
2594 1927 1
2594 3986 0
2594 1943 0
2594 12954 0
2594 6065 0
2594 6068 0
5204 2069 0
5204 5204 0
5204 117 0
5204 3729 0
5204 1687 0
5204 669 0
5204 4256 0
5204 4780 0
5204 1221 0
5204 3283 1
5204 5855 0
5204 287 0
5204 6792 0
5204 2361 0
5204 861 0
5204 864 0
5204 3426 0
5204 7053 1
5204 4477 0
5204 13200 0
5204 8081 0
5204 3986 0
5204 1943 0
5204 1957 1
5204 19879 0
4182 5432 0
4182 9160 0
4182 4182 0
4182 4183 0
4182 4185 1
4182 2668 0
4183 5521 0
4183 1170 0
4183 1171 0
4183 5525 0
4183 5526 0
4183 729 0
4183 5408 0
4183 2338 0
4183 2341 0
4183 5523 0
4183 4664 0
4183 18105 0
4183 13920 0
4183 3010 0
4183 4300 1
4183 719 1
4183 721 0
4183 4818 0
4183 1620 0
4183 4183 0
4183 4185 1
4183 4704 0
4183 1004 0
4183 3986 0
4183 4339 0
4183 5247 0
4185 1576 1
4185 4664 1
4185 13920 1
4185 4681 1
4185 1620 1
4185 4185 2
4185 4704 1
4185 4705 1
4185 4710 1
4185 4711 1
4185 3178 1
4185 4716 1
4185 4718 1
4185 4719 1
4185 4723 1
4185 3704 1
4185 6779 1
4185 5247 1
4185 14978 1
4185 131 1
4185 1170 1
4185 2718 1
4185 3759 1
4185 18105 1
4185 4795 1
4185 4292 1
4185 4295 1
4185 4695 1
4185 4300 2
4185 4301 1
4185 719 2
4185 721 1
4185 4818 1
4185 3801 1
4185 3311 1
4185 4339 1
4185 8437 1
4185 6907 1
4185 3844 1
4185 729 1
4185 20251 1
4185 5408 1
4185 2338 1
4185 2339 1
4185 2340 1
4185 2341 1
4185 303 1
4185 2884 1
4185 5967 1
4185 8575 1
4185 8586 1
4185 5521 1
4185 3986 1
4185 5523 1
4185 5525 1
4185 5526 1
4185 6062 1
4185 3010 1
4185 9160 1
4185 3036 1
8283 8977 1
8283 3533 1
8283 5091 1
8283 17273 1
8283 1022 1
869 4442 1
869 2703 0
869 3729 0
869 1687 0
869 2718 0
869 2722 0
869 1221 0
869 4305 0
869 3283 1
869 4822 0
869 3802 0
869 5882 0
869 4859 0
869 3353 0
869 3354 0
869 3884 0
869 5855 0
869 8586 0
869 301 0
869 869 0
869 4463 0
869 5523 0
869 1456 0
869 17363 0
869 3043 0
869 7109 0
3168 5247 0
3168 1170 0
3168 7317 0
3168 8881 0
3168 3782 0
3168 4301 0
3168 729 0
3168 5372 0
3168 13061 0
3168 2338 0
3168 5432 0
3168 7053 1
3168 2962 0
3168 1943 0
3168 1957 1
3168 4521 0
3168 2997 0
3168 3043 0
3168 6739 0
4705 3986 0
4705 2967 1
4705 287 0
4705 2338 0
4705 4524 0
4705 4525 0
4705 1718 0
4705 4537 0
4705 1210 0
4705 4539 0
4705 4540 0
4705 4544 0
4705 4546 0
4705 4534 0
4705 4681 0
4705 4536 0
4705 1620 0
4705 3036 0
4705 4538 0
4705 1259 0
4705 5247 0
13411 15820 1
13411 13411 0
5220 6163 0
5220 13061 0
5220 8881 0
5220 15954 0
5220 6739 0
5220 5220 0
5220 8467 0
5220 891 0
5220 1927 1
5220 7053 1
5220 3986 0
5220 12954 0
5220 4547 0
5220 3561 0
4710 2703 0
4710 3986 0
4710 2967 1
4710 2722 0
4710 1718 0
4710 1210 0
4710 4551 0
4710 6604 0
4710 1620 0
4710 729 0
4710 4710 0
4710 1259 0
4711 3986 0
4711 2967 1
4711 2338 0
4711 807 0
4711 1576 0
4711 1718 0
4711 4536 0
4711 4537 0
4711 1210 0
4711 4539 0
4711 4544 0
4711 4546 0
4711 1221 0
4711 1223 0
4711 4711 0
4711 5967 0
4711 4818 0
4711 1620 0
4711 729 0
4711 3036 0
4711 4538 0
4711 4551 0
4711 4534 0
4711 4540 0
4711 1259 0
5476 4442 1
5476 1160 0
5476 1687 0
5476 8881 0
5476 4300 1
5476 3354 0
5476 3895 0
5476 5432 0
5476 5476 0
5476 5994 0
5476 6005 0
5476 1927 1
5476 1943 0
5476 7077 0
5476 19879 0
5476 4550 0
5476 4551 0
5476 16335 0
3178 6163 0
3178 4305 0
3178 4521 0
3178 2494 0
3178 4644 0
3178 6739 0
3178 2967 1
3178 7317 0
3178 5372 0
3178 13667 0
3178 5967 0
3178 1943 0
4715 131 0
4715 3986 0
4715 2967 1
4715 4715 0
4715 6915 0
4715 4925 0
4715 4550 0
4715 719 1
4715 1620 0
4715 7893 0
4715 1259 0
4716 729 0
4716 3986 0
4716 2967 1
4716 1210 0
4716 1718 0
4716 4551 0
4716 1259 0
4716 4716 0
4348 4524 1
4348 4348 2
18543 2703 0
18543 5523 0
18543 3986 0
18543 4256 0
18543 1957 1
18543 2375 0
18543 3886 0
18543 5521 0
18543 6068 0
18543 2361 0
18543 3283 1
18543 3043 0
6072 7699 0
6072 4644 0
6072 1160 0
6072 3729 0
6072 16022 0
6072 1687 0
6072 1221 0
6072 1223 0
6072 4822 0
6072 8484 0
6072 5855 0
6072 6904 0
6072 5372 0
6072 3354 0
6072 4442 1
6072 8081 0
6072 4463 0
6072 4465 0
6072 891 0
6072 4477 0
6072 7045 0
6072 5521 0
6072 6560 0
6072 1957 1
6072 4524 0
6072 4525 0
6072 4339 0
6072 4534 0
6072 6072 0
6072 5368 0
6072 4550 0
6072 4551 0
6072 5072 0
6072 16354 0
6072 3043 0
6163 6163 0
6163 4300 1
6163 287 0
6163 2338 0
6163 303 0
6163 8503 0
6163 338 0
6163 4442 1
6163 2458 0
6163 4534 0
6163 4536 0
6163 4538 0
6163 4544 0
6163 4546 0
6163 4547 0
6163 6604 0
6163 6739 0
6163 2703 0
6163 12954 0
6163 8881 0
6163 4795 0
6163 729 0
6163 6915 0
6163 13061 0
6163 2831 0
6163 13284 0
6163 1022 0
6163 861 0
6163 1170 0
6163 3426 0
6163 3429 0
6163 2997 0
6163 15954 0
6163 3772 0
6163 3782 0
6163 7893 0
6163 5855 0
6163 3884 0
6163 5981 0
6163 1927 1
6163 8081 0
6163 3986 0
6163 1943 0
6163 6068 0
117 19879 0
117 2069 0
117 13061 0
117 4957 0
117 4681 0
117 1160 0
117 16022 0
117 1687 0
117 4256 0
117 8881 0
117 117 0
117 6792 0
117 3283 1
117 3802 0
117 5855 0
117 1259 0
117 5882 0
117 4859 0
117 7893 0
117 16641 0
117 3884 0
117 5432 0
117 827 0
117 2881 0
117 8467 0
117 861 0
117 4956 0
117 5994 0
117 3986 0
117 891 0
117 7053 1
117 1943 0
117 2458 0
117 6128 1
117 4958 0
117 7077 0
117 4520 0
117 6065 0
117 2997 0
117 4547 0
117 2500 0
117 4550 0
117 5072 0
117 16354 0
117 3043 0
117 4551 0
117 3561 0
3704 1687 0
3704 2338 0
3704 5419 0
3704 6792 0
3704 1718 0
3704 5432 0
3704 2881 0
3704 5835 0
3704 4536 0
3704 1620 0
3704 4442 1
3704 5855 0
3704 3043 0
3704 1259 0
5753 5753 0
5753 138 0
5753 1687 0
5753 1197 0
5753 3767 0
5753 1223 0
5753 4300 1
5753 4301 0
5753 719 1
5753 1259 0
5753 20251 0
5753 4371 0
5753 7444 0
5753 3353 0
5753 3354 0
5753 1830 1
5753 807 0
5753 5432 0
5753 316 0
5753 2881 0
5753 842 0
5753 1335 0
5753 7500 0
5753 2718 0
5753 7109 0
5753 1004 0
5753 5620 0
3533 5247 0
3533 2703 0
3533 2718 0
3533 4256 0
3533 2722 0
3533 1221 0
3533 4300 1
3533 3283 1
3533 3802 0
3533 1930 0
3533 19879 0
3533 3533 0
6779 4664 0
6779 579 0
6779 4681 0
6779 1620 0
6779 1170 0
6779 1718 0
6779 4295 0
6779 4301 0
6779 4822 0
6779 729 0
6779 6915 0
6779 2831 0
6779 7444 0
6779 3801 0
6779 2338 0
6779 5523 0
6779 2967 1
6779 8623 0
6779 6068 0
6779 2494 0
6779 8134 0
2069 2069 0
2069 1575 0
2069 4956 0
2069 4957 0
2069 13061 0
2069 4958 0
2069 1620 0
2069 8881 0
2069 1667 0
2069 1160 0
2069 4547 0
2069 16022 0
2069 1687 0
2069 12954 0
2069 1221 0
2069 4305 0
2069 3283 1
2069 7893 0
2069 3802 0
2069 5855 0
2069 16354 0
2069 5380 0
2069 8467 0
2069 3354 0
2069 2338 0
2069 301 0
2069 4818 0
2069 2375 0
2069 338 0
2069 4442 1
2069 861 0
2069 3426 0
2069 3729 0
2069 891 0
2069 8081 0
2069 3986 0
2069 1943 0
2069 2458 0
2069 6062 0
2069 6065 0
2069 2997 0
2069 4555 0
2069 3561 0
2069 1004 0
2069 6128 1
2069 1022 0
6972 669 0
6972 1957 1
6972 4534 0
6972 5432 0
6972 4553 0
6972 5072 0
6972 3043 0
6972 4442 1
6972 3561 0
6972 5994 0
6972 891 0
129 524 0
129 3844 0
129 2831 0
129 129 0
129 131 0
129 2703 0
129 4803 0
129 669 0
129 1197 0
129 1210 0
129 721 0
129 2338 0
129 338 0
129 7317 0
129 1927 1
129 2967 1
129 5981 0
129 4524 0
129 4525 0
129 6068 0
129 4534 0
129 4536 0
129 4256 0
129 4547 0
129 4855 0
129 5523 0
129 1022 0
14978 14978 0
14978 4305 0
14978 18299 0
14978 13667 0
14978 1927 1
14978 7635 0
131 1620 0
131 4538 0
131 2718 0
131 2722 0
131 1197 0
131 719 1
131 861 0
131 3884 0
131 3886 0
131 5981 0
131 4524 0
131 4525 0
131 4534 0
131 4536 0
131 4550 0
131 4551 0
131 4553 0
131 4555 0
131 4557 0
131 3561 0
4795 4525 0
4795 6062 0
4795 1620 0
4795 2668 0
4795 1667 0
4795 3729 0
4795 669 0
4795 2718 0
4795 4256 0
4795 2722 0
4795 8881 0
4795 4795 0
4795 3772 0
4795 4555 0
4795 4305 0
4795 4818 0
4795 4822 0
4795 4339 0
4795 3844 0
4795 8467 0
4795 20251 0
4795 2340 0
4795 301 0
4795 303 0
4795 2361 0
4795 338 0
4795 4465 0
4795 2938 0
4795 4477 0
4795 2967 1
4795 4520 0
4795 4521 0
4795 4524 0
4795 6068 0
4795 4534 0
4795 4536 0
4795 4537 0
4795 4538 0
4795 4539 0
4795 4540 0
4795 4544 0
4795 4546 0
4795 4550 0
4795 4551 0
4795 3036 0
4795 3561 0
2340 3844 0
2340 2831 0
2340 2967 1
2340 287 0
2340 2338 0
2340 2340 0
2340 4551 0
2340 6915 0
2340 4550 0
2340 4300 1
2340 719 1
2340 1489 0
2340 1620 0
2340 16335 0
2340 3036 0
1160 4371 0
1160 8484 0
1160 301 0
1160 8503 0
1160 4442 1
1160 6560 0
1160 8623 0
1160 4534 0
1160 4536 0
1160 4537 0
1160 4538 0
1160 4539 0
1160 4540 0
1160 2494 0
1160 4544 0
1160 4546 0
1160 2500 0
1160 4550 0
1160 4551 0
1160 4557 0
1160 4644 0
1160 6792 0
1160 4855 0
1160 6904 0
1160 4859 0
1160 2881 0
1160 4957 0
1160 891 0
1160 5022 0
1160 7077 0
1160 5072 0
1160 17363 0
1160 3043 0
1160 861 0
1160 1160 0
1160 1210 0
1160 1221 0
1160 1223 0
1160 1259 0
1160 7406 0
1160 5368 0
1160 2361 0
1160 3353 0
1160 3354 0
1160 5521 0
1160 5523 0
1160 5525 0
1160 5526 0
1160 1957 1
1160 7699 0
1160 3729 0
1160 16022 0
1160 1687 0
1160 5855 0
1160 5432 0
1160 5994 0
1160 6128 1
2668 2668 0
2668 7860 0
2668 4295 0
2668 4300 1
2668 719 1
2668 4818 0
2668 729 0
2668 5855 0
2668 5872 0
2668 20251 0
2668 2338 0
2668 5419 0
2668 303 0
2668 3561 0
2668 2967 1
2668 2976 0
2668 6062 0
2668 4540 0
2668 4546 0
2668 4555 0
138 4956 0
138 1620 0
138 5247 0
138 1170 0
138 1718 0
138 7949 0
138 2338 0
138 1335 0
138 1359 0
138 338 0
138 13284 0
138 4957 0
138 4958 0
138 3426 0
138 1927 1
138 3986 0
138 1943 0
138 6065 0
138 2997 0
138 6739 0
138 1022 0
3010 1927 1
3010 1928 0
3010 1943 0
3010 4681 0
3010 1335 0
3010 3010 0
3010 1489 0
3010 1620 0
3010 2938 0
3010 5247 0
2703 301 0
2703 2361 0
2703 316 0
2703 338 0
2703 2458 0
2703 4534 0
2703 2500 0
2703 6604 0
2703 4644 0
2703 4664 0
2703 6739 0
2703 6792 0
2703 2703 0
2703 12954 0
2703 2718 0
2703 2722 0
2703 8881 0
2703 4855 0
2703 4859 0
2703 2881 0
2703 7045 0
2703 7053 1
2703 13200 0
2703 2997 0
2703 1022 0
2703 5247 0
2703 13512 0
2703 5380 0
2703 3426 0
2703 3429 0
2703 1943 0
2703 5620 0
2703 1620 0
2703 1667 0
2703 3729 0
2703 5835 0
2703 5836 0
2703 5855 0
2703 5882 0
2703 3884 0
2703 3886 0
2703 3986 0
2703 1957 1
2703 6065 0
2703 6068 0
3729 4223 0
3729 4305 0
3729 4371 0
3729 287 0
3729 8503 0
3729 4463 0
3729 4477 0
3729 4547 0
3729 2500 0
3729 4550 0
3729 4551 0
3729 4555 0
3729 4557 0
3729 4644 0
3729 6792 0
3729 669 0
3729 2718 0
3729 2722 0
3729 8881 0
3729 4803 0
3729 4822 0
3729 4859 0
3729 827 0
3729 864 0
3729 891 0
3729 2976 0
3729 7077 0
3729 7109 0
3729 3043 0
3729 1221 0
3729 1223 0
3729 3283 1
3729 3353 0
3729 3354 0
3729 5432 0
3729 15677 0
3729 15954 0
3729 3729 0
3729 1687 0
3729 5816 0
3729 3802 0
3729 5855 0
3729 3895 0
3729 5981 0
3729 1927 1
3729 1943 0
16530 1620 0
16530 16530 0
16530 4300 1
16530 3283 1
16530 729 0
16530 20251 0
16530 2338 0
16530 5419 0
16530 2361 0
16530 5981 0
16530 5994 0
16530 8623 0
16530 6065 0
16530 2997 0
16530 2494 0
1171 4664 0
1171 4681 0
1171 1620 0
1171 4704 0
1171 5247 0
1171 1170 0
1171 1171 0
1171 1718 0
1171 4300 1
1171 4301 0
1171 3283 1
1171 7893 0
1171 729 0
1171 6378 0
1171 6907 0
1171 2831 0
1171 8467 0
1171 2338 0
1171 5419 0
1171 5967 0
1171 3426 0
1171 3986 0
1171 5525 0
1171 5526 0
1171 2967 1
1171 8623 0
1171 1489 0
1171 3561 0
18068 2338 0
18068 3043 0
18068 4300 1
18068 719 1
18068 3801 0
7317 4300 1
7317 8467 0
7317 287 0
7317 2338 0
7317 338 0
7317 3844 0
7317 568 0
7317 1830 1
7317 3561 0
7317 2967 1
7317 1022 0
7317 5994 0
7317 3353 0
7317 3354 0
7317 5408 0
7317 3382 0
7317 5521 0
7317 5620 0
7317 1620 0
7317 3782 0
7317 20251 0
7317 3895 0
7317 5981 0
7317 6005 0
7317 3986 0
16022 7699 0
16022 16022 0
16022 1687 0
16022 4822 0
16022 5855 0
16022 6904 0
16022 4859 0
16022 3353 0
16022 3354 0
16022 8484 0
16022 3884 0
16022 301 0
16022 2361 0
16022 4442 1
16022 5981 0
16022 891 0
16022 3997 0
16022 1957 1
16022 4547 0
16022 4550 0
16022 5072 0
16022 3043 0
16022 19879 0
1687 3426 0
1687 891 0
1687 4300 1
1687 4305 0
1687 4822 0
1687 4371 0
1687 2338 0
1687 8484 0
1687 301 0
1687 8503 0
1687 2361 0
1687 4442 1
1687 4477 0
1687 6560 0
1687 4520 0
1687 4521 0
1687 4534 0
1687 4536 0
1687 4547 0
1687 2500 0
1687 4550 0
1687 4555 0
1687 4855 0
1687 6904 0
1687 4859 0
1687 8977 0
1687 807 0
1687 827 0
1687 861 0
1687 5072 0
1687 17363 0
1687 3043 0
1687 3045 0
1687 1022 0
1687 5981 0
1687 1197 0
1687 1259 0
1687 7406 0
1687 5368 0
1687 5380 0
1687 3353 0
1687 3354 0
1687 5432 0
1687 3429 0
1687 5521 0
1687 5523 0
1687 5525 0
1687 5526 0
1687 19879 0
1687 7077 0
1687 7699 0
1687 1687 0
1687 5855 0
1687 5882 0
1687 3884 0
1687 3886 0
1687 5994 0
1687 1957 1
1687 16354 0
13920 2967 1
13920 5408 0
13920 1620 0
12954 8881 0
12954 6739 0
12954 7109 0
12954 20251 0
12954 1221 0
12954 3782 0
12954 4305 0
12954 3283 1
12954 7893 0
12954 4644 0
12954 287 0
12954 2338 0
12954 827 0
12954 338 0
12954 861 0
12954 4925 0
12954 2938 0
12954 1927 1
12954 3986 0
12954 17363 0
12954 6068 0
12954 4575 0
12954 3561 0
12954 15954 0
4719 1620 0
4719 4719 0
4719 1718 0
4719 1210 0
4719 729 0
4719 1259 0
4719 2967 1
4719 2997 0
4719 4551 0
669 8467 0
669 2339 0
669 301 0
669 2361 0
669 338 0
669 356 0
669 2458 0
669 6604 0
669 19879 0
669 4664 0
669 6739 0
669 6792 0
669 669 0
669 2718 0
669 4803 0
669 729 0
669 4855 0
669 4859 0
669 13055 0
669 2881 0
669 13200 0
669 2967 1
669 7109 0
669 3036 0
669 13284 0
669 1221 0
669 1223 0
669 5432 0
669 1359 0
669 3426 0
669 3561 0
669 1620 0
669 16663 0
669 5835 0
669 5836 0
669 5882 0
669 3884 0
669 3886 0
669 5981 0
669 1927 1
4254 3986 0
4254 3844 0
4254 4524 0
4254 4525 0
4254 4534 0
4254 4536 0
4254 4537 0
4254 4538 0
4254 4539 0
4254 4540 0
4254 4544 0
4254 4546 0
4254 719 1
4254 7893 0
7109 19879 0
7109 6739 0
7109 6792 0
7109 3353 0
7109 1197 0
7109 1221 0
7109 1223 0
7109 4300 1
7109 4301 0
7109 719 1
7109 7893 0
7109 5855 0
7109 17363 0
7109 4371 0
7109 3354 0
7109 2341 0
7109 807 0
7109 3382 0
7109 827 0
7109 8467 0
7109 5981 0
7109 1928 0
7109 8081 0
7109 3986 0
7109 5525 0
7109 2967 1
7109 2976 0
7109 4536 0
7109 4540 0
7109 4546 0
7109 7109 0
7109 4550 0
7109 4551 0
7109 4295 0
7109 3561 0
4256 356 0
4256 2500 0
4256 13061 0
4256 4536 0
4256 6739 0
4256 2718 0
4256 2722 0
4256 4822 0
4256 4859 0
4256 2967 1
4256 2997 0
4256 17363 0
4256 1022 0
4256 3283 1
4256 861 0
4256 15677 0
4256 1359 0
4256 19879 0
4256 7635 0
4256 3561 0
4256 5816 0
4256 7893 0
4256 3802 0
4256 5855 0
4256 301 0
4256 5981 0
4256 3986 0
4256 1943 0
4256 6065 0
4256 6068 0
2722 8467 0
2722 2338 0
2722 301 0
2722 338 0
2722 4442 1
2722 5521 0
2722 5523 0
2722 4520 0
2722 4524 0
2722 4525 0
2722 4537 0
2722 4539 0
2722 4546 0
2722 4547 0
2722 2500 0
2722 4553 0
2722 6604 0
2722 19879 0
2722 2881 0
2722 13061 0
2722 4664 0
2722 4681 0
2722 6739 0
2722 6792 0
2722 2718 0
2722 2722 0
2722 4859 0
2722 8977 0
2722 861 0
2722 864 0
2722 2962 0
2722 5022 0
2722 3036 0
2722 3043 0
2722 5247 0
2722 1170 0
2722 1221 0
2722 1223 0
2722 1259 0
2722 5380 0
2722 5432 0
2722 1359 0
2722 3426 0
2722 3429 0
2722 7635 0
2722 3561 0
2722 5620 0
2722 2997 0
2722 1620 0
2722 1667 0
2722 7893 0
2722 3802 0
2722 5855 0
2722 5882 0
2722 3884 0
2722 5981 0
2722 1927 1
2722 3986 0
2722 1943 0
2722 3997 0
2722 6065 0
2722 6068 0
2722 16354 0
5836 5835 0
5836 5836 0
5836 719 1
5836 5882 0
5836 5981 0
5836 1927 1
5836 5521 0
5836 4547 0
5836 1022 0
8134 2338 0
8134 1957 1
568 6068 0
568 6739 0
568 16663 0
568 719 1
568 5432 0
568 568 0
568 5981 0
568 1927 1
568 3986 0
21129 1170 0
21129 2338 0
21129 4300 1
21129 6739 0
21129 3801 0
21129 4442 1
21129 4339 0
1223 4664 0
1223 1197 0
1223 16354 0
1223 2718 0
1223 4575 0
1223 1221 0
1223 719 1
1223 4305 0
1223 3802 0
1223 5855 0
1223 1259 0
1223 4859 0
1223 2837 0
1223 13512 0
1223 3886 0
1223 5432 0
1223 827 0
1223 338 0
1223 5981 0
1223 4956 0
1223 4957 0
1223 4958 0
1223 3986 0
1223 8586 0
1223 1957 1
1223 4547 0
1223 2500 0
1223 4555 0
1223 4557 0
1223 3043 0
4780 5981 0
4780 16663 0
4780 4780 0
4780 5835 0
4780 4300 1
4780 719 1
4780 3801 0
4780 4339 0
4780 3844 0
4780 4681 0
4780 316 0
4780 2375 0
4780 842 0
4780 861 0
4780 18299 0
4780 4477 0
4780 6065 0
4780 1927 1
4780 1928 0
4780 5521 0
4780 5523 0
4780 1943 0
4780 6062 0
4780 2997 0
4780 4540 0
4780 8437 0
4780 13284 0
4780 4534 0
4780 1022 0
1197 13061 0
1197 1620 0
1197 4704 0
1197 4551 0
1197 1197 0
1197 8881 0
1197 1221 0
1197 7406 0
1197 7893 0
1197 4822 0
1197 5855 0
1197 5072 0
1197 4859 0
1197 7949 0
1197 4371 0
1197 729 0
1197 3354 0
1197 2338 0
1197 301 0
1197 3886 0
1197 5432 0
1197 2361 0
1197 2881 0
1197 5620 0
1197 1927 1
1197 5247 0
1197 5521 0
1197 5522 0
1197 5022 0
1197 1957 1
1197 8623 0
1197 4537 0
1197 2976 0
1197 2500 0
1197 4550 0
1197 4553 0
1197 4555 0
1197 4557 0
1197 7500 0
1197 7077 0
1197 3043 0
1197 6560 0
1197 5523 0
3759 1667 0
3759 1927 1
3759 8467 0
3759 13284 0
3759 5432 0
3759 1359 0
3759 729 0
3759 4956 0
3759 4957 0
3759 4958 0
3759 356 0
3759 3561 0
8881 8881 0
8881 6378 0
8881 4339 0
8881 8467 0
8881 2338 0
8881 4442 1
8881 4465 0
8881 4536 0
8881 4547 0
8881 4553 0
8881 4557 0
8881 5882 0
8881 6739 0
8881 2718 0
8881 6904 0
8881 8977 0
8881 2881 0
8881 861 0
8881 2938 0
8881 2976 0
8881 3043 0
8881 3045 0
8881 1022 0
8881 5247 0
8881 1221 0
8881 1259 0
8881 3353 0
8881 5521 0
8881 5523 0
8881 19879 0
8881 3561 0
8881 5620 0
8881 287 0
8881 3782 0
8881 3802 0
8881 5855 0
8881 3884 0
8881 5967 0
8881 5981 0
8881 5994 0
8881 3986 0
8881 1957 1
8881 6068 0
4723 729 0
4723 3986 0
4723 2967 1
4723 287 0
4723 6068 0
4723 1718 0
4723 1210 0
4723 4551 0
4723 1259 0
4723 4723 0
7860 3986 0
7860 8467 0
7860 2967 1
7860 287 0
7860 2338 0
7860 4300 1
7860 3801 0
7860 3561 0
7860 1170 0
7860 4339 0
1718 5981 0
1718 4681 0
1718 1620 0
1718 4704 0
1718 4718 0
1718 5247 0
1718 4301 0
1718 2718 0
1718 1718 0
1718 4292 0
1718 4300 1
1718 719 1
1718 4305 0
1718 4818 0
1718 729 0
1718 1259 0
1718 4339 0
1718 8437 0
1718 6907 0
1718 2831 0
1718 8467 0
1718 2338 0
1718 2339 0
1718 807 0
1718 5419 0
1718 827 0
1718 1170 0
1718 8575 0
1718 5521 0
1718 5523 0
1718 4524 0
1718 6062 0
1718 4534 0
1718 1489 0
1718 3036 0
1718 1022 0
3767 5835 0
3767 1943 0
3767 1830 1
3767 3767 0
5816 13061 0
5816 1221 0
5816 3283 1
5816 7893 0
5816 3801 0
5816 6378 0
5816 1259 0
5816 5380 0
5816 4822 0
5816 2338 0
5816 827 0
5816 4925 0
5816 338 0
5816 4956 0
5816 4957 0
5816 4958 0
5816 7053 1
5816 3986 0
5816 7077 0
5816 17363 0
5816 13732 0
18105 2831 0
18105 3986 0
18105 2967 1
18105 2338 0
18105 18105 0
18105 4550 0
18105 4551 0
18105 1620 0
18105 3036 0
18105 8575 0
1210 4681 0
1210 3426 0
1210 1620 0
1210 4704 0
1210 4718 0
1210 5247 0
1210 1210 0
1210 719 1
1210 4818 0
1210 4822 0
1210 729 0
1210 2831 0
1210 2338 0
1210 807 0
1210 1335 0
1210 1339 0
1210 338 0
1210 2967 1
1210 4524 0
1210 8623 0
1210 6068 0
1210 2494 0
1210 1489 0
1210 3043 0
20155 3986 0
20155 287 0
20155 1957 1
20155 19879 0
20155 3283 1
20155 7893 0
20155 3043 0
3772 861 0
3772 356 0
3772 4718 0
3772 4223 0
3772 1170 0
3772 5855 0
3772 13055 0
3772 16663 0
3772 2338 0
3772 827 0
3772 316 0
3772 1359 0
3772 338 0
3772 4956 0
3772 4957 0
3772 4958 0
3772 2938 0
3772 1927 1
3772 3986 0
3772 1957 1
3772 4544 0
6091 7053 1
6091 3382 0
6091 842 0
6091 4555 0
6091 3283 1
6091 5855 0
6091 5620 0
6091 2938 0
4292 3986 0
4292 3801 0
4292 2338 0
4292 6068 0
4292 4300 1
4292 1620 0
4292 1170 0
4292 5247 0
1221 3426 0
1221 4300 1
1221 4305 0
1221 4371 0
1221 338 0
1221 8586 0
1221 2458 0
1221 4525 0
1221 4547 0
1221 2500 0
1221 4550 0
1221 4557 0
1221 4575 0
1221 4664 0
1221 2718 0
1221 719 1
1221 4855 0
1221 4859 0
1221 13055 0
1221 2837 0
1221 827 0
1221 861 0
1221 864 0
1221 7077 0
1221 9160 0
1221 3043 0
1221 13512 0
1221 1221 0
1221 1259 0
1221 7406 0
1221 5368 0
1221 5432 0
1221 15677 0
1221 5521 0
1221 19879 0
1221 1957 1
1221 7699 0
1221 15954 0
1221 1620 0
1221 8467 0
1221 16354 0
1221 287 0
1221 7893 0
1221 3802 0
1221 5855 0
1221 3886 0
1221 5981 0
1221 3986 0
1221 1943 0
3782 2938 0
3782 8467 0
3782 338 0
3782 6739 0
3782 4803 0
3782 4859 0
3782 8977 0
3782 4957 0
3782 4958 0
3782 2997 0
3782 17363 0
3782 3043 0
3782 4956 0
3782 861 0
3782 3283 1
3782 1259 0
3782 15677 0
3782 3426 0
3782 5523 0
3782 19879 0
3782 3561 0
3782 3802 0
3782 5855 0
3782 3884 0
3782 5981 0
3782 5994 0
3782 1928 0
3782 3986 0
3782 1943 0
3782 6065 0
4295 6915 0
4295 1170 0
4295 3353 0
4295 3354 0
4295 20251 0
4295 2338 0
4295 4536 0
4295 5835 0
4295 2500 0
4295 4664 0
4295 729 0
4295 4301 0
4295 5521 0
4295 3986 0
4295 4300 1
13512 15954 0
13512 3283 1
13512 5855 0
13512 5372 0
13512 8977 0
13512 13512 0
13512 13667 0
13512 2962 0
13512 4463 0
13512 4555 0
1575 4463 0
1575 4300 1
1575 3801 0
1575 5855 0
1575 4371 0
1575 2338 0
1575 827 0
1575 864 0
1575 4477 0
1575 1927 1
1575 3997 0
1575 4546 0
1575 4550 0
1575 16354 0
4695 861 0
4695 13200 0
4695 5521 0
4695 5523 0
4695 5525 0
4695 5526 0
4695 2967 1
4695 1576 0
4695 3382 0
4695 827 0
4695 842 0
4695 1620 0
4695 864 0
4695 5882 0
4695 5247 0
5835 1576 0
5835 5981 0
5835 4681 0
5835 1620 0
5835 4704 0
5835 6792 0
5835 2718 0
5835 6005 0
5835 5835 0
5835 4300 1
5835 2338 0
5835 719 1
5835 729 0
5835 5882 0
5835 20251 0
5835 5419 0
5835 316 0
5835 15677 0
5835 5521 0
5835 5994 0
5835 4463 0
5835 2881 0
5835 4536 0
5835 4547 0
5835 4550 0
5835 4555 0
5835 3036 0
5835 8623 0
5835 5620 0
5835 1022 0
4300 8623 1
4300 1576 1
4300 4664 1
4300 4704 1
4300 5981 1
4300 4681 1
4300 6739 1
4300 1620 1
4300 2831 1
4300 20251 1
4300 18065 1
4300 1170 1
4300 4300 2
4300 4301 1
4300 4818 1
4300 4822 1
4300 18764 1
4300 4339 1
4300 8437 1
4300 5247 1
4300 7444 1
4300 729 1
4300 5072 1
4300 3802 1
4300 2338 1
4300 5419 1
4300 3886 1
4300 303 1
4300 3382 1
4300 1335 1
4300 6915 1
4300 1339 1
4300 842 1
4300 13667 1
4300 5967 1
4300 8081 1
4300 9076 1
4300 11242 1
4300 1259 1
4300 1927 2
4300 1928 1
4300 2962 1
4300 2967 2
4300 2884 1
4300 3986 1
4300 7077 1
4300 19879 1
4300 6062 1
4300 1456 1
4300 2494 1
4300 4555 1
4300 5522 1
4300 16335 1
4300 1489 1
4300 3036 1
4300 16354 1
4300 6907 1
4300 3801 1
4300 5523 1
4301 4664 0
4301 6739 0
4301 8467 0
4301 5247 0
4301 1170 0
4301 729 0
4301 6907 0
4301 6915 0
4301 2831 0
4301 287 0
4301 2338 0
4301 5419 0
4301 3884 0
4301 7444 0
4301 2962 0
4301 3986 0
4301 5523 0
4301 6065 0
4301 6068 0
4301 2997 0
4301 2494 0
4301 4704 0
4301 5091 0
4301 3561 0
4301 1620 0
8081 5368 0
8081 5372 0
8081 5380 0
8081 3801 0
8081 4956 0
8081 861 0
8081 6005 0
8081 8081 0
8081 19879 0
8081 4339 0
8081 4547 0
8081 4855 0
8081 6128 1
4644 19879 0
4644 4644 0
4644 6739 0
4644 729 0
4644 5855 0
4644 7893 0
4644 5432 0
4644 861 0
4644 13200 0
4644 3986 0
4644 6560 0
4644 1957 1
4644 5981 0
4644 4524 0
4644 5072 0
5022 2718 0
5022 7406 0
5022 2338 0
5022 3886 0
5022 3895 0
5022 1927 1
5022 3986 0
5022 5022 0
5022 1957 1
5022 6068 0
5022 4550 0
5022 4551 0
5022 4553 0
5022 4555 0
5022 4557 0
4305 7077 0
4305 5855 0
4305 1259 0
4305 5882 0
4305 4859 0
4305 7893 0
4305 4371 0
4305 3353 0
4305 3354 0
4305 287 0
4305 3886 0
4305 1335 0
4305 5432 0
4305 827 0
4305 13667 0
4305 4442 1
4305 861 0
4305 18299 0
4305 4477 0
4305 6560 0
4305 1957 1
4305 4524 0
4305 4525 0
4305 2997 0
4305 2500 0
4305 3043 0
4818 1620 0
4818 2831 0
4818 5247 0
4818 719 1
4818 4818 0
4818 3801 0
4818 4339 0
4818 6907 0
4818 287 0
4818 2338 0
4818 3986 0
4818 2967 1
4818 8623 0
4818 2494 0
4818 1489 0
3283 19879 1
3283 4538 1
3283 8467 1
3283 1667 1
3283 1170 1
3283 4803 1
3283 3283 2
3283 4822 1
3283 3802 1
3283 5855 1
3283 6378 1
3283 1259 1
3283 5872 1
3283 12542 1
3283 13061 1
3283 7949 1
3283 4371 1
3283 3354 1
3283 2338 1
3283 8503 1
3283 827 1
3283 4925 1
3283 7053 2
3283 4956 1
3283 861 1
3283 864 1
3283 3426 1
3283 3429 1
3283 5994 1
3283 4465 1
3283 15677 1
3283 2938 1
3283 18299 1
3283 1927 2
3283 13200 1
3283 3986 1
3283 1943 1
3283 2458 1
3283 3997 1
3283 2976 1
3283 1957 2
3283 6065 1
3283 6068 1
3283 2997 1
3283 4534 1
3283 4536 1
3283 4537 1
3283 4539 1
3283 4540 1
3283 4544 1
3283 4546 1
3283 4547 1
3283 9160 1
3283 6604 1
3283 5522 1
3283 13732 1
3283 3561 1
3283 7893 1
3043 12542 0
3043 4371 0
3043 287 0
3043 8484 0
3043 2361 0
3043 4442 1
3043 6560 0
3043 4547 0
3043 2500 0
3043 4550 0
3043 4551 0
3043 4555 0
3043 4557 0
3043 2718 0
3043 4822 0
3043 6904 0
3043 4859 0
3043 827 0
3043 2881 0
3043 301 0
3043 861 0
3043 864 0
3043 891 0
3043 7077 0
3043 3043 0
3043 3045 0
3043 5368 0
3043 5372 0
3043 5380 0
3043 3353 0
3043 3354 0
3043 5521 0
3043 5523 0
3043 7699 0
3043 5882 0
3043 3844 0
3043 5432 0
3043 5981 0
3043 18065 0
3043 5994 0
3043 6005 0
3043 1927 1
3043 1943 0
3043 1957 1
3043 6062 0
3043 16354 0
7893 4803 0
7893 7893 0
7893 3802 0
7893 287 0
7893 4463 0
7893 4547 0
7893 4550 0
7893 13732 0
7893 13061 0
7893 8977 0
7893 827 0
7893 4956 0
7893 8623 0
7893 13284 0
7893 1022 0
7893 19879 0
7893 1930 0
7893 15954 0
7893 1667 0
7893 5855 0
7893 5872 0
7893 5981 0
7893 15677 0
7893 6005 0
7893 1927 1
7893 1928 0
7893 3997 0
7893 2375 0
7893 6068 0
4822 6378 0
4822 5855 0
4822 4550 0
4822 2338 0
4822 4822 0
4822 3802 0
4822 4371 0
4822 7077 0
4822 301 0
4822 8503 0
4822 5432 0
4822 827 0
4822 4442 1
4822 861 0
4822 864 0
4822 5994 0
4822 4463 0
4822 891 0
4822 3986 0
4822 5523 0
4822 1957 1
4822 4524 0
4822 4546 0
4822 2500 0
4822 4555 0
4822 4557 0
4822 16354 0
4822 19879 0
2962 5247 0
2962 1170 0
2962 20251 0
2962 729 0
2962 4339 0
2962 8467 0
2962 2338 0
2962 5432 0
2962 5981 0
2962 8575 0
2962 3986 0
2962 2967 1
2962 6065 0
2962 2997 0
2962 1620 0
3801 8623 0
3801 4681 0
3801 1620 0
3801 1170 0
3801 18065 0
3801 729 0
3801 4339 0
3801 6907 0
3801 2338 0
3801 5419 0
3801 1335 0
3801 5432 0
3801 1339 0
3801 9076 0
3801 1928 0
3801 5522 0
3801 1456 0
3801 4551 0
3801 1489 0
3801 3036 0
3802 6378 0
3802 2338 0
3802 338 0
3802 2458 0
3802 4546 0
3802 13061 0
3802 1456 0
3802 6739 0
3802 2718 0
3802 4859 0
3802 827 0
3802 4956 0
3802 4957 0
3802 4958 0
3802 3561 0
3802 2997 0
3802 17363 0
3802 861 0
3802 5432 0
3802 3426 0
3802 3429 0
3802 19879 0
3802 7635 0
3802 3802 0
3802 5855 0
3802 2361 0
3802 5981 0
3802 3986 0
3802 1943 0
3802 1957 1
3802 6065 0
719 4524 1
719 1576 1
719 6068 1
719 579 1
719 15954 1
719 1620 1
719 4704 1
719 16663 1
719 2718 1
719 807 1
719 719 2
719 1259 1
719 3311 1
719 4339 1
719 5882 1
719 10596 1
719 8467 1
719 2837 1
719 3353 1
719 287 1
719 2339 1
719 5419 1
719 301 1
719 3382 1
719 1339 1
719 316 1
719 8586 1
719 2375 1
719 1359 1
719 4664 1
719 4956 1
719 4957 1
719 4958 1
719 356 1
719 4463 1
719 2938 1
719 4477 1
719 1927 2
719 1930 1
719 4442 2
719 3986 1
719 2967 2
719 2976 1
719 1456 1
719 4550 1
719 4551 1
719 3030 1
719 4575 1
719 13284 1
719 3561 1
719 3053 1
719 1022 1
2718 8467 0
2718 287 0
2718 2338 0
2718 301 0
2718 303 0
2718 8503 0
2718 2361 0
2718 7444 0
2718 5521 0
2718 5523 0
2718 2458 0
2718 4520 0
2718 4521 0
2718 4524 0
2718 4525 0
2718 4534 0
2718 4536 0
2718 4537 0
2718 4538 0
2718 4539 0
2718 4540 0
2718 4544 0
2718 4546 0
2718 4547 0
2718 2500 0
2718 4550 0
2718 6604 0
2718 19879 0
2718 4664 0
2718 579 0
2718 4681 0
2718 6739 0
2718 2494 0
2718 6792 0
2718 2718 0
2718 4859 0
2718 2831 0
2718 827 0
2718 2881 0
2718 861 0
2718 864 0
2718 2938 0
2718 2976 0
2718 3036 0
2718 5247 0
2718 7406 0
2718 5432 0
2718 3426 0
2718 3429 0
2718 1943 0
2718 5620 0
2718 1620 0
2718 5855 0
2718 5882 0
2718 3884 0
2718 18236 0
2718 5967 0
2718 1927 1
2718 3986 0
2718 3997 0
2718 6065 0
2718 6068 0
2718 16354 0
5855 6378 0
5855 4371 0
5855 8484 0
5855 301 0
5855 8503 0
5855 2361 0
5855 4463 0
5855 4465 0
5855 4477 0
5855 8586 0
5855 2458 0
5855 6560 0
5855 4520 0
5855 4524 0
5855 4534 0
5855 4536 0
5855 4547 0
5855 2500 0
5855 4551 0
5855 4553 0
5855 4555 0
5855 4557 0
5855 6904 0
5855 6907 0
5855 19879 0
5855 13061 0
5855 4664 0
5855 4681 0
5855 8977 0
5855 4550 0
5855 4803 0
5855 4859 0
5855 2831 0
5855 2837 0
5855 827 0
5855 4925 0
5855 2881 0
5855 842 0
5855 4956 0
5855 861 0
5855 864 0
5855 7045 0
5855 1022 0
5855 4957 0
5855 1170 0
5855 17363 0
5855 5380 0
5855 3353 0
5855 3354 0
5855 5432 0
5855 1359 0
5855 3561 0
5855 7077 0
5855 1620 0
5855 5855 0
5855 3886 0
5855 13284 0
5855 5981 0
5855 5994 0
5855 6005 0
5855 1927 1
5855 6068 0
5855 16354 0
5855 6128 1
891 4803 0
891 1259 0
891 3354 0
891 301 0
891 8503 0
891 2361 0
891 4442 1
891 861 0
891 3429 0
891 891 0
891 1957 1
891 2500 0
891 4550 0
891 4551 0
891 4555 0
721 1620 0
721 2967 1
721 1339 0
6378 4957 0
6378 4664 0
6378 17273 0
6378 6739 0
6378 6792 0
6378 6378 0
6378 5882 0
6378 4859 0
6378 4371 0
6378 3354 0
6378 301 0
6378 8503 0
6378 4925 0
6378 1359 0
6378 4442 1
6378 4956 0
6378 861 0
6378 3429 0
6378 4477 0
6378 3986 0
6378 4958 0
6378 5981 0
6378 6604 0
1259 8467 0
1259 287 0
1259 8484 0
1259 301 0
1259 4442 1
1259 4524 0
1259 4534 0
1259 4538 0
1259 2500 0
1259 4555 0
1259 4557 0
1259 4664 0
1259 4718 0
1259 4803 0
1259 729 0
1259 13061 0
1259 2881 0
1259 861 0
1259 864 0
1259 2938 0
1259 5072 0
1259 3311 0
1259 3353 0
1259 3354 0
1259 5419 0
1259 5432 0
1259 7500 0
1259 3426 0
1259 3561 0
1259 6739 0
1259 1576 0
1259 4704 0
1259 1620 0
1259 4371 0
1259 1667 0
1259 5882 0
1259 20251 0
1259 3884 0
1259 1930 0
1259 3986 0
1259 16354 0
7406 7406 0
7406 4859 0
7406 287 0
7406 3884 0
7406 2361 0
7406 4956 0
7406 1927 1
7406 5521 0
7406 5523 0
7406 1943 0
7406 1957 1
7406 4550 0
7406 4551 0
3311 3382 0
3311 5981 0
3311 3311 0
5872 13061 0
5872 861 0
5872 5247 0
5872 4547 0
5872 5380 0
5872 3884 0
5872 8467 0
5872 3353 0
5872 3426 0
5872 3986 0
5872 1943 0
5872 6560 0
5872 1957 1
5872 19879 0
5872 2997 0
5872 4550 0
1576 524 0
1576 6915 0
1576 1576 0
1576 4681 0
1576 1620 0
1576 4704 0
1576 5247 0
1576 2338 0
1576 729 0
1576 3354 0
1576 5419 0
1576 5967 0
1576 3986 0
1576 5526 0
1576 2967 1
1576 6062 0
1576 8623 0
1576 4534 0
1576 4536 0
1576 1489 0
1576 3036 0
4339 6915 0
4339 6062 0
4339 579 0
4339 4681 0
4339 1620 0
4339 4704 0
4339 4718 0
4339 5247 0
4339 4803 0
4339 4371 0
4339 2338 0
4339 729 0
4339 18065 0
4339 316 0
4339 8467 0
4339 3986 0
4339 9076 0
4339 1927 1
4339 1928 0
4339 13200 0
4339 8623 0
4339 2967 1
4339 5981 0
4339 4524 0
4339 4525 0
4339 1456 0
4339 4534 0
4339 5419 0
4339 2494 0
4339 8437 0
4339 18764 0
4339 1489 0
4339 3036 0
4339 19879 0
8437 2831 0
8437 2967 1
8437 2338 0
8437 316 0
8437 1620 0
8437 12542 0
8437 5247 0
3844 4442 1
3844 4664 0
3844 1620 0
3844 20251 0
3844 3844 0
3844 2831 0
3844 8977 0
3844 3353 0
3844 3354 0
3844 338 0
3844 864 0
3844 3986 0
3844 5981 0
3844 7635 0
4855 301 0
4855 4521 0
4855 4555 0
4855 2881 0
4855 6792 0
4855 4855 0
4855 4859 0
4855 3886 0
4855 861 0
4855 1022 0
4855 5432 0
4855 1667 0
4855 2338 0
4855 3884 0
4855 1927 1
5368 6739 0
5368 1667 0
5368 17363 0
5368 5372 0
5368 13061 0
5368 8467 0
5368 3353 0
5368 3354 0
5368 2338 0
5368 5432 0
5368 2361 0
5368 338 0
5368 4956 0
5368 4957 0
5368 4958 0
5368 7053 1
5368 3986 0
5368 6560 0
5368 1957 1
5368 2500 0
5368 7077 0
5368 3561 0
10489 287 0
10489 1927 1
10489 3561 0
5882 4546 0
5882 4555 0
5882 4557 0
5882 6792 0
5882 2881 0
5882 842 0
5882 1022 0
5882 13667 0
5882 5620 0
5882 1620 0
5882 5882 0
5882 7949 0
5882 20251 0
5882 5981 0
5882 6005 0
5882 1927 1
6907 6915 0
6907 2831 0
6907 1170 0
6907 2967 1
6907 2338 0
6907 6062 0
6907 5981 0
6907 6907 0
6907 5967 0
6907 1620 0
6907 3036 0
6907 4704 0
6907 4859 0
5372 579 0
5372 6739 0
5372 6904 0
5372 8467 0
5372 8484 0
5372 301 0
5372 2361 0
5372 7053 1
5372 6560 0
5372 1957 1
5372 2500 0
5372 3561 0
12542 12542 0
12542 287 0
12542 301 0
12542 3986 0
12542 1957 1
12542 17363 0
13055 15954 0
13055 1667 0
13055 13055 0
13055 8467 0
13055 4956 0
13055 9076 0
13055 18299 0
13055 7053 1
13055 1957 1
13055 6604 0
13055 13284 0
16641 1957 1
16641 16641 0
16641 2361 0
16641 4442 1
6915 16354 0
6915 5967 0
6915 2831 0
6915 1170 0
6915 2967 1
6915 3986 0
6915 2338 0
6915 827 0
6915 2881 0
6915 1620 0
6915 3036 0
6915 4704 0
6915 7444 0
6915 5247 0
5380 4803 0
5380 5380 0
5380 4371 0
5380 5981 0
5380 5994 0
5380 3997 0
5380 6128 1
5380 1957 1
5380 6068 0
5380 4547 0
5380 2500 0
5380 19879 0
5380 6739 0
13061 4803 0
13061 8503 0
13061 2375 0
13061 4520 0
13061 8623 0
13061 4534 0
13061 4547 0
13061 6604 0
13061 827 0
13061 4956 0
13061 9076 0
13061 2976 0
13061 3030 0
13061 13284 0
13061 1022 0
13061 13061 0
13061 5408 0
13061 1930 0
13061 3426 0
13061 3429 0
13061 5521 0
13061 13732 0
13061 19879 0
13061 1667 0
13061 5981 0
13061 15677 0
13061 1927 1
13061 1928 0
13061 3997 0
13061 6068 0
861 4371 0
861 2375 0
861 4460 0
861 4463 0
861 4465 0
861 4477 0
861 4539 0
861 4547 0
861 4550 0
861 4551 0
861 6604 0
861 6792 0
861 8977 0
861 827 0
861 4956 0
861 861 0
861 13284 0
861 1022 0
861 4957 0
861 4958 0
861 3353 0
861 3354 0
861 5432 0
861 1359 0
861 3426 0
861 5522 0
861 13732 0
861 19879 0
861 1456 0
861 3895 0
861 5994 0
861 1927 1
861 1928 0
861 3986 0
861 3997 0
861 6068 0
1800 2338 0
1800 4442 1
1800 1927 1
10596 1927 1
10596 6604 0
10596 1359 0
10596 13284 0
10596 9076 0
7949 7949 0
7949 5523 0
7949 20251 0
7949 3886 0
2831 4681 0
2831 1620 0
2831 4704 0
2831 5247 0
2831 1170 0
2831 2837 0
2831 729 0
2831 2831 0
2831 287 0
2831 2341 0
2831 338 0
2831 5981 0
2831 3986 0
2831 5523 0
2831 2967 1
2831 4536 0
2831 3036 0
8977 6739 0
8977 8467 0
8977 8977 0
8977 1359 0
8977 4442 1
8977 4956 0
8977 4957 0
8977 4958 0
8977 3426 0
8977 3986 0
8977 16354 0
4371 1620 0
4371 7699 0
4371 16354 0
4371 4803 0
4371 4859 0
4371 4371 0
4371 3353 0
4371 3354 0
4371 8484 0
4371 3884 0
4371 8503 0
4371 5432 0
4371 2361 0
4371 827 0
4371 7500 0
4371 4442 1
4371 5994 0
4371 6005 0
4371 7045 0
4371 5521 0
4371 3986 0
4371 5523 0
4371 2458 0
4371 6128 1
4371 1957 1
4371 5981 0
4371 2500 0
4371 4551 0
4371 4550 0
4371 5072 0
4371 7077 0
4371 19879 0
7444 2967 1
7444 1170 0
7444 5994 0
7444 1620 0
7444 4859 0
2837 1943 0
2837 807 0
2837 4442 1
2837 5072 0
16663 807 0
16663 316 0
16663 1359 0
16663 4465 0
16663 9076 0
16663 1927 1
16663 1928 0
16663 1930 0
16663 6604 0
16663 13284 0
16663 1022 0
3353 316 0
3353 4442 1
3353 6560 0
3353 8623 0
3353 2500 0
3353 4550 0
3353 4551 0
3353 4555 0
3353 4557 0
3353 13200 0
3353 5072 0
3353 2967 1
3353 3353 0
3353 3354 0
3353 1335 0
3353 5432 0
3353 7500 0
3353 1957 1
3353 3895 0
3354 287 0
3354 2338 0
3354 301 0
3354 2361 0
3354 4442 1
3354 6560 0
3354 2500 0
3354 4550 0
3354 4557 0
3354 4555 0
3354 729 0
3354 6904 0
3354 4859 0
3354 4956 0
3354 13200 0
3354 3045 0
3354 1170 0
3354 3354 0
3354 1335 0
3354 7500 0
3354 5620 0
3354 3895 0
3354 5432 0
3354 5981 0
3354 1927 1
3354 1957 1
20251 5981 0
20251 4681 0
20251 1620 0
20251 5994 0
20251 1170 0
20251 20251 0
20251 729 0
20251 8467 0
20251 2338 0
20251 5419 0
20251 1335 0
20251 1339 0
20251 4956 0
20251 3429 0
20251 8623 0
20251 1456 0
20251 2494 0
20251 3561 0
20251 1022 0
287 287 0
287 579 0
287 827 0
287 864 0
287 9160 0
287 1004 0
287 1335 0
287 1456 0
287 1620 0
287 8503 0
287 1930 0
287 2338 0
287 2375 0
287 2494 0
287 3426 0
287 3429 0
287 19879 0
287 1957 1
287 4442 1
287 4465 0
287 4536 0
287 4538 0
287 4540 0
287 4553 0
287 4555 0
287 4575 0
287 4681 0
287 4957 0
287 13200 0
287 13284 0
287 5247 0
287 5526 0
287 5994 0
287 6739 0
287 7011 1
287 15677 0
5408 3986 0
5408 2967 1
5408 5408 0
5408 3382 0
5408 3895 0
5408 1620 0
5408 5521 0
2338 4223 0
2338 2338 0
2338 2339 0
2338 18764 0
2338 4463 0
2338 4465 0
2338 8575 0
2338 8623 0
2338 4550 0
2338 6604 0
2338 4575 0
2338 579 0
2338 4681 0
2338 6739 0
2338 4704 0
2338 4718 0
2338 4557 0
2338 729 0
2338 842 0
2338 2967 1
2338 2997 0
2338 9160 0
2338 5072 0
2338 3030 0
2338 3036 0
2338 13284 0
2338 1004 0
2338 1022 0
2338 5981 0
2338 5247 0
2338 1170 0
2338 9076 0
2338 5419 0
2338 1335 0
2338 5432 0
2338 1339 0
2338 1359 0
2338 3426 0
2338 4547 0
2338 5522 0
2338 19879 0
2338 1456 0
2338 1489 0
2338 1620 0
2338 18065 0
2338 5994 0
2338 6065 0
2338 1927 1
2338 1928 0
2338 3986 0
2338 1943 0
2338 6062 0
2338 6068 0
2339 2967 1
2339 19879 0
2339 4681 0
2339 1620 0
2339 4704 0
2339 5247 0
8484 6904 0
8484 8484 0
8484 301 0
8484 6792 0
8484 2361 0
8484 2881 0
8484 4442 1
8484 6005 0
8484 6560 0
8484 1957 1
8484 4550 0
8484 4551 0
8484 5072 0
8484 17363 0
2341 2967 1
2341 3884 0
2341 4546 0
2341 1620 0
2341 2494 0
1830 1830 2
1830 2494 1
1830 1365 1
807 1620 0
807 4546 0
807 807 0
807 4925 0
807 1359 0
807 1927 1
807 1930 0
807 1943 0
807 5523 0
807 4524 0
807 2997 0
807 4534 0
807 4536 0
807 4537 0
807 4538 0
807 4539 0
807 4540 0
807 4544 0
807 13284 0
3036 4681 0
3036 1620 0
3036 4704 0
3036 4718 0
3036 5247 0
3036 1667 0
3036 6792 0
3036 3036 0
3036 3886 0
3036 4465 0
3036 4477 0
3036 5521 0
3036 5523 0
3036 5525 0
3036 5526 0
3036 2967 1
3036 6062 0
3036 6068 0
3036 4550 0
3036 4551 0
3036 5967 0
3036 8575 0
5419 1620 0
5419 4704 0
5419 5247 0
5419 1170 0
5419 729 0
5419 5419 0
5419 18764 0
5419 3986 0
5419 2494 0
5419 4550 0
3884 7699 0
3884 6792 0
3884 6739 0
3884 17363 0
3884 5072 0
3884 6904 0
3884 4859 0
3884 7077 0
3884 3884 0
3884 301 0
3884 3886 0
3884 8503 0
3884 5432 0
3884 2361 0
3884 2881 0
3884 4442 1
3884 4547 0
3884 1928 0
3884 5523 0
3884 5525 0
3884 1957 1
3884 4524 0
3884 4525 0
3884 6068 0
3884 4534 0
3884 2500 0
3884 7500 0
3884 6560 0
3884 1004 0
3884 5620 0
3884 1022 0
301 7699 0
301 4664 0
301 7077 0
301 1620 0
301 16354 0
301 6904 0
301 4859 0
301 301 0
301 8503 0
301 2361 0
301 827 0
301 5432 0
301 5994 0
301 5523 0
301 6005 0
301 7045 0
301 1927 1
301 4463 0
301 6560 0
301 5981 0
301 6068 0
301 4534 0
301 4547 0
301 2500 0
301 4550 0
301 4555 0
301 6604 0
301 4551 0
3886 7699 0
3886 5981 0
3886 6792 0
3886 4859 0
3886 3886 0
3886 316 0
3886 2881 0
3886 338 0
3886 3429 0
3886 5994 0
3886 6005 0
3886 5521 0
3886 2967 1
3886 7077 0
3886 6068 0
3886 4534 0
3886 4540 0
3886 2500 0
3886 1004 0
3886 5620 0
3886 1022 0
303 1667 0
303 303 0
303 15677 0
7699 4859 0
7699 5432 0
7699 2361 0
7699 4442 1
7699 5994 0
7699 6005 0
7699 5525 0
7699 5526 0
7699 1957 1
7699 2494 0
7699 6560 0
7699 2500 0
7699 5072 0
7699 7077 0
6792 4223 0
6792 316 0
6792 4460 0
6792 4465 0
6792 4477 0
6792 6560 0
6792 4537 0
6792 4540 0
6792 4547 0
6792 4859 0
6792 4544 0
6792 6792 0
6792 2881 0
6792 2976 0
6792 13284 0
6792 1022 0
6792 1359 0
6792 5522 0
6792 5620 0
6792 1620 0
6792 5981 0
6792 1927 1
3382 4540 0
3382 4925 0
3382 2967 1
3382 1667 0
3382 1930 0
1335 827 0
1335 1359 0
1335 356 0
1335 1927 1
1335 1943 0
1335 4534 0
1335 4536 0
1335 4537 0
1335 4538 0
1335 4539 0
1335 4540 0
1335 4544 0
1335 4546 0
1335 13284 0
1335 1022 0
5432 4223 0
5432 8467 0
5432 4442 1
5432 4534 0
5432 4536 0
5432 4546 0
5432 4547 0
5432 2500 0
5432 4550 0
5432 4555 0
5432 4551 0
5432 4859 0
5432 827 0
5432 2967 1
5432 7077 0
5432 5072 0
5432 17363 0
5432 5091 0
5432 5247 0
5432 1170 0
5432 5432 0
5432 1359 0
5432 5521 0
5432 5523 0
5432 1620 0
5432 3895 0
5432 5981 0
5432 6005 0
5432 1943 0
2361 1620 0
2361 4547 0
2361 6005 0
2361 6604 0
2361 4859 0
2361 8503 0
2361 2361 0
2361 4442 1
2361 864 0
2361 18236 0
2361 5994 0
2361 5523 0
2361 7045 0
2361 5525 0
2361 5526 0
2361 6560 0
2361 1957 1
2361 4524 0
2361 2500 0
2361 4550 0
2361 4551 0
2361 4553 0
2361 4555 0
2361 4557 0
2361 1004 0
2361 6904 0
2361 1022 0
1339 1339 0
1339 4681 0
1339 5247 0
316 6062 0
316 6739 0
316 316 0
316 13284 0
316 5981 0
316 1927 1
316 4524 0
316 4525 0
316 4534 0
316 4546 0
316 4555 0
15677 1620 0
15677 3426 0
15677 1943 0
15677 3986 0
15677 2997 0
15677 1957 1
5091 2976 0
5091 19879 0
5091 1927 1
5091 4925 0
5091 5981 0
5091 5091 0
5091 356 0
2881 6739 0
2881 4547 0
2881 4859 0
2881 2881 0
2881 5620 0
2881 338 0
2881 4442 1
2881 4460 0
2881 4463 0
2881 4477 0
2881 1927 1
2881 5522 0
2881 2976 0
2881 4534 0
2881 4536 0
2881 4537 0
2881 4540 0
2881 4544 0
2881 4546 0
2881 1489 0
2881 1957 1
2881 6560 0
2881 1022 0
2884 4546 0
2884 2976 0
2884 4534 0
2884 4536 0
2884 4537 0
2884 4538 0
2884 4539 0
2884 4540 0
2884 4544 0
1170 4463 0
1170 4524 0
1170 8623 0
1170 4555 0
1170 4681 0
1170 4704 0
1170 729 0
1170 1489 0
1170 9076 0
1170 2967 1
1170 5247 0
1170 5522 0
1170 5525 0
1170 5526 0
1170 1620 0
1170 5981 0
1170 1927 1
1170 1928 0
1170 3986 0
1170 3997 0
1170 6062 0
2375 1620 0
2375 827 0
2375 4925 0
2375 2375 0
2375 3426 0
2375 1927 1
2375 3986 0
2375 5523 0
2375 1004 0
8467 5523 0
8467 8586 0
8467 4524 0
8467 4534 0
8467 6739 0
8467 4803 0
8467 13667 0
8467 2938 0
8467 2976 0
8467 5247 0
8467 19879 0
8467 8467 0
8467 1667 0
8467 5967 0
8467 13284 0
8467 5981 0
8467 5994 0
8467 3997 0
8467 1022 0
842 5981 0
842 4803 0
842 4557 0
842 729 0
842 8503 0
842 842 0
842 1359 0
842 338 0
842 3426 0
842 356 0
842 1927 1
842 6062 0
842 4534 0
842 4538 0
842 4540 0
842 4546 0
842 4555 0
842 13284 0
8503 6739 0
8503 18299 0
8503 4859 0
8503 8503 0
8503 827 0
8503 4442 1
8503 5994 0
8503 6005 0
8503 5523 0
8503 2458 0
8503 7077 0
8503 4537 0
8503 4547 0
8503 2500 0
8503 17363 0
8503 16354 0
18764 6062 0
18764 1620 0
18764 729 0
18764 5981 0
18764 4718 0
1359 4664 0
1359 579 0
1359 338 0
1359 356 0
1359 3429 0
1359 3986 0
1359 4463 0
1359 4465 0
1359 9076 0
1359 1927 1
1359 1928 0
1359 1930 0
1359 1943 0
1359 4553 0
1359 6604 0
1359 13284 0
1359 3561 0
1359 1022 0
4664 4664 0
4664 4681 0
4664 5994 0
4664 729 0
4664 5981 0
4664 4463 0
4664 1928 0
4664 6560 0
4664 4546 0
4664 13284 0
338 338 0
338 4460 0
338 2458 0
338 4550 0
338 4551 0
338 4557 0
338 4956 0
338 2967 1
338 13284 0
338 1022 0
338 5521 0
338 19879 0
338 7635 0
338 5620 0
338 1620 0
338 5981 0
338 1927 1
338 6068 0
338 16354 0
4803 4803 0
4803 827 0
4803 3426 0
4803 5994 0
4803 6005 0
4803 1927 1
4803 1928 0
4803 6068 0
4803 4547 0
4803 17363 0
4803 1022 0
1365 1927 1
1365 1943 0
1365 1620 0
4442 4534 1
4442 1620 1
4442 5072 1
4442 6904 1
4442 4859 1
4442 7500 1
4442 4442 2
4442 5981 1
4442 864 1
4442 18236 1
4442 5994 1
4442 4460 1
4442 7045 1
4442 5525 1
4442 7077 1
4442 4520 1
4442 4521 1
4442 6560 1
4442 2500 1
4442 4550 1
4442 4555 1
4442 6604 1
4442 4557 1
4442 4575 1
4442 3045 1
4442 1004 1
4956 4223 0
4956 4465 0
4956 4477 0
4956 8623 0
4956 4547 0
4956 827 0
4956 4956 0
4956 4957 0
4956 4958 0
4956 864 0
4956 13284 0
4956 1022 0
4956 3426 0
4956 5522 0
4956 19879 0
4956 3997 0
4956 3561 0
4956 1620 0
4956 5981 0
4956 1927 1
4956 3986 0
4956 1943 0
4956 6128 1
5981 729 0
5981 827 0
5981 1004 0
5981 1620 0
5981 1667 0
5981 1930 0
5981 1943 0
5981 2458 0
5981 2494 0
5981 2500 0
5981 2976 0
5981 2997 0
5981 3426 0
5981 3429 0
5981 19879 0
5981 3561 0
5981 3986 0
5981 7500 0
5981 4859 0
5981 4957 0
5981 4958 0
5981 13200 0
5981 13284 0
5981 5620 0
5981 5981 0
5981 6005 0
5981 6065 0
5981 6068 0
5981 6128 1
5981 6560 0
5981 6739 0
5981 7077 0
5981 7635 0
4958 4465 0
4958 4477 0
4958 8623 0
4958 4547 0
4958 6739 0
4958 827 0
4958 4957 0
4958 4958 0
4958 13284 0
4958 1022 0
4958 3426 0
4958 5522 0
4958 19879 0
4958 3997 0
4958 3561 0
4958 1620 0
4958 1927 1
4958 6128 1
864 4681 0
864 1620 0
864 864 0
864 4463 0
864 3986 0
864 1456 0
864 4550 0
3426 2458 0
3426 4520 0
3426 4547 0
3426 4550 0
3426 4551 0
3426 4925 0
3426 2997 0
3426 1004 0
3426 1022 0
3426 4957 0
3426 3426 0
3426 3429 0
3426 19879 0
3426 5620 0
3426 1667 0
3426 1927 1
3426 1928 0
3426 3986 0
3426 1943 0
3426 6065 0
3426 6068 0
13667 13667 0
13667 18299 0
13667 4575 0
356 18236 0
356 4463 0
356 9076 0
356 1927 1
356 1928 0
356 6604 0
356 16354 0
356 1022 0
3429 6739 0
3429 4957 0
3429 3986 0
3429 1927 1
3429 1928 0
3429 5521 0
3429 1943 0
3429 2458 0
3429 6065 0
3429 2997 0
17363 19879 0
17363 1667 0
17363 4547 0
17363 2500 0
17363 827 0
17363 4463 0
17363 4465 0
17363 2458 0
17363 3997 0
17363 16354 0
17363 15954 0
17363 6128 1
18065 1957 1
18065 4553 0
18065 18065 0
18065 3986 0
18236 1927 1
18236 13284 0
5994 4521 0
5994 4547 0
5994 2500 0
5994 827 0
5994 5072 0
5994 1022 0
5994 5521 0
5994 1456 0
5994 5994 0
5994 6005 0
5994 1957 1
5994 16354 0
4223 1927 1
4223 1957 1
4223 2500 0
4460 6068 0
4460 827 0
4460 4540 0
4460 4555 0
4460 1957 1
4460 5620 0
4460 4477 0
5522 4957 0
5522 827 0
5522 5522 0
6904 6904 0
6904 6005 0
6904 7045 0
6904 5523 0
6904 5525 0
6904 6560 0
6904 1957 1
6904 6068 0
6904 4550 0
6904 4551 0
6904 4553 0
6904 5072 0
4463 4463 0
4463 4465 0
4463 4477 0
4463 2458 0
4463 4524 0
4463 4525 0
4463 4536 0
4463 4547 0
4463 2500 0
4463 4550 0
4463 4551 0
4463 4681 0
4463 6739 0
4463 827 0
4463 7077 0
4463 2997 0
4463 13284 0
4463 1022 0
4463 7500 0
4463 1927 1
4463 3986 0
4463 1943 0
4463 6065 0
4465 19879 0
4465 4957 0
4465 827 0
4465 4925 0
4465 1927 1
4465 4524 0
4465 4525 0
4465 2500 0
4465 4550 0
4465 7500 0
4465 6604 0
4465 6068 0
4465 13284 0
4465 1022 0
9076 1927 1
9076 13284 0
6005 6005 0
6005 7045 0
6005 2976 0
6005 6128 1
6005 19879 0
6005 4525 0
6005 1456 0
6005 6068 0
6005 6560 0
6005 1957 1
4718 3986 0
4718 2967 1
4718 4551 0
4718 1620 0
4718 729 0
4718 4718 0
2938 6739 0
2938 5247 0
2938 1667 0
2938 4925 0
2938 2938 0
2938 1943 0
2938 4547 0
2938 3561 0
18299 4521 0
18299 2494 0
18299 18299 0
4477 5526 0
4477 1620 0
4477 4859 0
4477 4547 0
4477 1943 0
4477 3986 0
4477 5525 0
4477 2967 1
4477 2976 0
4477 4957 0
4477 19879 0
4477 4520 0
4477 6065 0
4477 6068 0
4477 2997 0
4477 4536 0
4477 4550 0
4477 4551 0
4477 6739 0
524 1927 1
524 524 0
524 2967 1
524 1620 0
524 4704 0
524 5247 0
8575 729 0
8575 3986 0
8575 2967 1
8575 579 0
8575 8575 0
8575 5247 0
7045 7045 0
7045 1927 1
7045 3986 0
7045 2500 0
7045 5072 0
4957 4524 0
4957 8623 0
4957 4547 0
4957 6739 0
4957 827 0
4957 13284 0
4957 1022 0
4957 5523 0
4957 19879 0
4957 3997 0
4957 3561 0
4957 1620 0
4957 1927 1
4957 1943 0
4957 6128 1
1927 4524 1
1927 4525 1
1927 4534 1
1927 4553 1
1927 6604 1
1927 579 1
1927 4681 1
1927 6739 1
1927 4859 1
1927 827 1
1927 4925 1
1927 7053 2
1927 2997 1
1927 3030 1
1927 13284 1
1927 11242 1
1927 1022 1
1927 5521 1
1927 19879 1
1927 7635 1
1927 5620 1
1927 3895 1
1927 1928 1
1927 1930 1
1927 3986 1
1927 1943 1
1927 6065 1
1928 4925 0
1928 1928 0
1928 1943 0
1928 19879 0
1928 6065 0
1928 6068 0
1928 2997 0
1928 4555 0
1928 13284 0
1928 5620 0
8586 8586 0
8586 2500 0
8586 1620 0
8586 3561 0
8586 4859 0
5247 19879 0
5247 4681 0
5247 1620 0
5247 4557 0
5247 4550 0
5247 729 0
5247 3986 0
5247 4547 0
5247 5525 0
5247 5526 0
5247 2967 1
5247 4534 0
5247 4536 0
5247 4553 0
5247 4555 0
5247 1489 0
5247 4704 0
5247 3561 0
5247 1022 0
7053 1667 1
7053 3997 1
7053 13732 1
7053 2500 1
7053 7053 2
7053 15954 1
3053 15820 1
13200 13200 0
13200 3986 0
5521 7077 0
5521 4681 0
5521 1620 0
5521 4704 0
5521 4859 0
5521 5967 0
5521 5521 0
5521 3986 0
5521 5523 0
5521 5525 0
5521 5526 0
5521 2976 0
5521 6068 0
5521 4536 0
5521 4537 0
5521 2500 0
5521 4551 0
5521 5072 0
5521 1957 1
3986 8623 0
3986 729 0
3986 827 0
3986 1022 0
3986 1456 0
3986 1620 0
3986 1667 0
3986 2967 1
3986 19879 0
3986 3561 0
3986 3986 0
3986 3997 0
3986 4520 0
3986 4525 0
3986 4534 0
3986 4547 0
3986 4550 0
3986 4551 0
3986 4681 0
3986 4704 0
3986 4859 0
3986 4925 0
3986 13284 0
3986 5523 0
3986 5526 0
3986 13732 0
3986 6068 0
3986 6128 1
3986 6739 0
3986 7635 0
3986 15954 0
5523 7077 0
5523 4681 0
5523 1620 0
5523 4555 0
5523 4704 0
5523 729 0
5523 4859 0
5523 5523 0
5523 4551 0
5523 5526 0
5523 5525 0
5523 2976 0
5523 4536 0
5523 4537 0
5523 2494 0
5523 2500 0
5523 4550 0
5523 16354 0
5523 3561 0
5523 8623 0
5523 5620 0
1667 6739 0
1667 1620 0
1667 1667 0
1667 2976 0
1667 7077 0
1667 4524 0
1667 6062 0
1667 6065 0
1667 4547 0
1667 2500 0
1667 4553 0
1667 3561 0
5525 579 0
5525 1620 0
5525 4704 0
5525 729 0
5525 2967 1
5525 5525 0
5525 5526 0
5525 1943 0
5525 2500 0
5525 4550 0
5525 4551 0
5526 5526 0
5526 2967 1
5526 6065 0
5526 2494 0
5526 4704 0
5526 4550 0
5526 1620 0
5526 729 0
1943 4539 0
1943 4547 0
1943 2500 0
1943 19879 0
1943 7635 0
1943 827 0
1943 2997 0
1943 9160 0
1943 1022 0
1943 1930 0
1943 1620 0
1943 3895 0
1943 1943 0
1943 6068 0
1957 1620 1
1957 4555 1
1957 4859 1
1957 5620 1
1957 1957 2
1957 4521 1
1957 4524 1
1957 4525 1
1957 6560 1
1957 4550 1
1957 4551 1
1957 4553 1
1957 4557 1
1957 7500 1
1957 16354 1
1957 3045 1
1957 1004 1
2458 19879 0
2458 6739 0
2458 1620 0
2458 4547 0
2458 2458 0
2458 4555 0
2458 1004 0
2458 6128 1
3997 827 0
3997 4925 0
3997 19879 0
3997 6068 0
3997 3561 0
3895 19879 0
3895 2500 0
3895 16335 0
6560 6739 0
6560 4859 0
6560 6560 0
6560 4524 0
6560 4546 0
6560 4550 0
6560 4555 0
6560 5072 0
13732 13732 0
13732 6068 0
13732 4925 0
13732 4550 0
13732 4551 0
13732 6604 0
13732 4536 0
7077 4859 0
7077 7077 0
7077 4547 0
7077 2500 0
7077 5072 0
19879 4534 0
19879 4536 0
19879 4537 0
19879 4538 0
19879 4539 0
19879 4540 0
19879 4544 0
19879 4546 0
19879 2500 0
19879 6739 0
19879 4859 0
19879 827 0
19879 1022 0
19879 19879 0
19879 7635 0
19879 3561 0
19879 2997 0
19879 6065 0
19879 6068 0
19879 16354 0
4520 1620 0
4520 2967 1
4520 4520 0
4520 4521 0
4520 6068 0
4520 5620 0
4521 2967 1
4521 4521 0
4521 5620 0
4524 4524 0
4524 4525 0
4524 2500 0
4524 6739 0
4524 4859 0
4524 4925 0
4524 2997 0
4524 5072 0
4524 1022 0
4524 3561 0
4524 1620 0
4525 2997 0
6062 579 0
6062 1620 0
6062 4550 0
6062 729 0
6062 5967 0
6062 2967 1
6062 8623 0
6062 2494 0
6062 4544 0
6062 1489 0
8623 579 0
8623 6739 0
8623 729 0
8623 827 0
8623 2967 1
8623 8623 0
8623 2494 0
8623 4550 0
1456 827 0
1456 1456 0
1456 4534 0
1456 4575 0
1456 1022 0
6065 4547 0
6065 4704 0
6065 4859 0
6065 827 0
6065 2997 0
6065 1022 0
6065 6065 0
6065 6068 0
729 4681 0
729 1620 0
729 729 0
729 5967 0
729 2967 1
729 2997 0
729 4534 0
729 2494 0
729 4544 0
729 4555 0
729 4704 0
729 579 0
6068 4536 0
6068 4550 0
6068 6739 0
6068 4547 0
6068 4551 0
6068 827 0
6068 2997 0
6068 1022 0
6068 6068 0
6068 6128 1
2997 4547 0
2997 4681 0
2997 827 0
2997 4925 0
2997 1022 0
2997 2997 0
4534 4537 0
4534 4546 0
4534 579 0
4534 4534 0
4534 4859 0
4534 2967 1
4534 3561 0
4534 4704 0
4534 15954 0
4534 1620 0
4534 5967 0
4681 4704 0
4681 4681 0
4681 1620 0
4681 2494 0
4681 4859 0
4681 2967 1
4681 1022 0
4536 1620 0
4536 4547 0
4536 4544 0
4536 4551 0
4536 2967 1
4536 2976 0
4536 4536 0
4536 4546 0
4536 4550 0
4537 1620 0
4537 2967 1
4537 4537 0
4537 4550 0
4537 4551 0
4537 579 0
4538 1620 0
4538 2967 1
4538 4538 0
4539 1620 0
4539 4704 0
4539 2967 1
4539 4539 0
4540 1620 0
4540 2967 1
4540 2976 0
4540 4546 0
2494 579 0
2494 1620 0
2494 2494 0
2494 1489 0
4544 1620 0
4544 2967 1
4544 4544 0
4544 4546 0
4544 3045 0
4544 579 0
4544 5620 0
2976 579 0
2976 6739 0
2976 2976 0
2976 4546 0
2976 4555 0
2976 5620 0
4546 1620 0
4546 4859 0
4546 2967 1
4546 4546 0
4546 4550 0
4546 4551 0
4546 579 0
4547 6739 0
4547 1620 0
4547 4859 0
4547 4547 0
4547 4555 0
4547 4557 0
4547 6128 1
2500 4555 0
2500 4557 0
2500 4859 0
2500 2500 0
4925 6739 0
4925 4925 0
4925 1930 0
4925 4550 0
4550 4550 0
4550 4551 0
4550 4553 0
4550 4555 0
4550 579 0
4550 4859 0
4550 5072 0
4550 3045 0
4550 2967 1
4550 1620 0
4551 4553 0
4551 4555 0
4551 4704 0
4551 4551 0
4551 2967 1
4551 5072 0
4551 3045 0
4551 1620 0
4553 827 0
4553 5620 0
4553 4553 0
4553 4555 0
4553 4557 0
4553 5072 0
4555 1620 0
4555 5072 0
4555 4555 0
4555 4557 0
4555 16354 0
4555 3045 0
4555 5620 0
6604 1930 0
6604 13284 0
6604 1022 0
4557 1620 0
4557 5072 0
4557 4557 0
4557 3045 0
4557 1004 0
16335 16335 0
5072 1620 0
5072 5072 0
5072 4859 0
1489 2967 1
1489 1489 0
1489 1620 0
7635 3561 0
7635 1004 0
7635 6128 1
7635 6739 0
7011 6739 1
3030 13284 0
7500 1022 0
4704 1620 0
4704 2967 1
4704 4704 0
5967 5967 0
5967 3561 0
4575 4575 0
4575 1004 0
2967 2967 2
16354 4859 0
16354 827 0
16354 6128 1
16354 16354 0
16354 3045 0
4859 579 0
4859 4859 0
4859 1022 0
4859 5620 0
13284 1620 0
13284 1930 0
13284 3561 0
13284 1022 0
827 827 0
827 1620 0
3561 6739 0
3561 15954 0
1004 1620 0
1004 1004 0
15954 6739 0
1930 1620 0
6128 6128 2
579 579 0
6739 6739 0
6739 1022 0
5620 5620 0
5620 1022 0
1620 1620 0
1022 1022 0
