6145 133 1
6145 3986 0
6145 8467 0
6145 6064 0
6145 16955 0
6145 1349 1
6145 3400 0
6145 2124 0
6145 5981 0
6145 5982 0
6145 360 0
6145 3561 0
6145 3050 0
6145 18871 0
6145 6099 0
16388 6165 0
16388 1388 0
16388 4256 0
16388 237 0
16388 338 0
16388 8612 0
16388 2594 0
16388 2598 0
16388 2601 0
16388 2606 0
16388 6739 0
16388 6741 0
16388 2718 0
16388 2722 0
16388 2724 0
16388 8883 0
16388 13061 0
16388 4956 0
16388 4957 0
16388 4958 0
16388 4963 0
16388 4968 0
16388 4969 0
16388 4971 0
16388 4974 0
16388 4975 0
16388 4979 0
16388 4980 0
16388 4982 0
16388 3561 0
16388 2936 0
16388 4986 0
16388 4989 0
16388 5004 0
16388 5015 0
16388 5016 0
16388 5017 0
16388 5018 0
16388 5020 0
16388 5028 0
16388 5033 0
16388 3050 0
16388 861 0
16388 5243 0
16388 5464 1
16388 19879 0
16388 5021 0
16388 7635 1
16388 5029 0
16388 5679 0
16388 1591 0
16388 18040 0
16388 7851 0
16388 1712 0
16388 7858 0
16388 7893 0
16388 3802 0
16388 18728 0
16388 8065 0
16388 3986 0
16388 1940 0
16388 16292 0
16388 4086 0
18950 12935 0
18950 8592 0
18950 8594 0
18950 8467 0
18950 6278 0
18950 550 0
18950 8999 1
18950 15922 0
18950 13502 0
18950 4416 0
18950 16807 0
18950 7635 1
18950 15909 1
18950 3561 0
18950 4414 0
15361 8467 0
15361 2718 0
15361 15909 1
15361 550 0
15361 8999 1
15361 10665 0
15361 15922 0
15361 4409 0
15361 4413 0
15361 4414 0
15361 13502 0
15361 9150 0
15361 13031 0
15361 4463 0
15361 4465 0
15361 18040 0
8202 8202 0
8202 4760 1
8202 861 0
8202 4874 0
8202 7635 1
11 1680 1
11 3986 1
11 8467 1
11 6165 1
11 1943 1
11 4760 2
11 2718 1
11 8096 1
11 2722 1
11 7851 1
11 6065 1
11 52 1
11 2997 1
11 16955 1
11 2755 1
11 1349 2
11 2124 1
11 13355 1
11 6099 1
11 861 1
11 5982 1
11 13328 1
11 5521 1
11 360 1
11 3561 1
11 19179 1
11 3950 1
11 12922 1
13328 8065 0
13328 18753 0
13328 3986 0
13328 6165 0
13328 1943 0
13328 4760 1
13328 5529 0
13328 6429 0
13328 13061 0
13328 7409 0
13328 9128 0
13328 5033 0
13328 7726 0
13328 1712 0
13328 6065 0
13328 2997 0
13328 5180 0
13328 2755 0
13328 1349 1
13328 3400 0
13328 1741 0
13328 4815 0
13328 16955 0
13328 861 0
13328 5982 0
13328 16762 0
13328 7624 0
13328 360 0
13328 3050 0
13328 6739 0
13328 12922 0
13328 4859 0
13328 1916 0
13328 21141 0
6165 2124 0
6165 4256 0
6165 6165 0
6165 8467 0
6165 287 0
6165 2338 0
6165 337 0
6165 4465 0
6165 19879 0
6165 2594 0
6165 2598 0
6165 2606 0
6165 4662 0
6165 18871 0
6165 6739 0
6165 6741 0
6165 2718 0
6165 2722 0
6165 2755 0
6165 19174 0
6165 861 0
6165 4979 0
6165 5004 0
6165 5016 0
6165 2997 0
6165 13301 0
6165 5243 0
6165 5464 1
6165 3426 0
6165 1382 0
6165 1388 0
6165 7064 0
6165 5529 0
6165 3561 0
6165 15893 0
6165 5679 0
6165 15924 0
6165 1591 0
6165 1620 0
6165 1638 0
6165 1680 0
6165 3745 0
6165 7851 0
6165 1712 0
6165 7893 0
6165 3802 0
6165 1765 0
6165 5893 0
6165 5981 0
6165 5982 0
6165 8165 1
6165 8065 0
6165 1927 0
6165 3986 0
6165 1943 0
6165 6065 0
6165 6081 0
6165 2724 0
14870 5243 1
14870 1001 1
14870 8467 1
14870 3986 1
14870 2485 1
14870 12885 1
10352 141 0
10352 4760 1
10352 700 0
10352 7635 1
10352 5981 0
10352 1001 0
10352 10352 0
12830 4760 1
12830 2338 0
12830 7635 1
5893 8065 0
5893 13355 0
5893 7726 0
5893 5679 0
5893 6739 0
5893 5243 0
5893 2701 0
5893 685 0
5893 7893 0
5893 7635 1
5893 6526 1
5893 13061 0
5893 2338 0
5893 3400 0
5893 861 0
5893 3426 0
5893 3986 0
5893 1943 0
5893 5981 0
5893 6065 0
5893 2997 0
5893 6099 0
2594 18143 0
2594 4256 0
2594 237 0
2594 8467 0
2594 287 0
2594 2338 0
2594 18728 0
2594 337 0
2594 338 0
2594 6526 1
2594 8612 0
2594 13061 0
2594 2594 0
2594 2598 0
2594 2601 0
2594 2606 0
2594 18991 0
2594 4662 0
2594 6739 0
2594 6741 0
2594 4730 1
2594 4760 1
2594 2718 0
2594 2722 0
2594 2724 0
2594 11343 0
2594 685 0
2594 6923 0
2594 4956 0
2594 861 0
2594 4958 0
2594 4963 0
2594 4968 0
2594 4969 0
2594 4971 0
2594 4974 0
2594 4975 0
2594 4979 0
2594 4980 0
2594 4982 0
2594 2936 0
2594 4986 0
2594 4989 0
2594 5004 0
2594 5015 0
2594 5016 0
2594 5017 0
2594 5018 0
2594 5020 0
2594 5021 0
2594 5028 0
2594 5029 0
2594 5033 0
2594 2997 0
2594 13301 0
2594 4957 0
2594 5243 0
2594 3426 0
2594 1382 0
2594 1388 0
2594 7064 0
2594 5529 0
2594 19879 0
2594 3561 0
2594 3628 0
2594 1591 0
2594 18029 0
2594 1680 0
2594 3745 0
2594 7851 0
2594 6429 0
2594 7858 0
2594 1741 0
2594 7893 0
2594 3802 0
2594 1765 0
2594 8065 0
2594 1927 0
2594 3986 0
2594 1943 0
2594 6065 0
2594 6081 0
2594 16337 0
15909 6278 1
15909 12935 1
15909 10125 1
15909 8592 1
15909 8593 1
15909 3986 1
15909 8467 1
15909 13502 1
15909 16807 1
15909 550 1
15909 8999 2
15909 10665 1
15909 15922 1
15909 7858 1
15909 15924 1
15909 1591 1
15909 4409 1
15909 4413 1
15909 4414 1
15909 4416 1
15909 5324 1
15909 7635 2
15909 13275 1
15909 18143 1
15909 6752 1
15909 20646 1
15909 6887 1
15909 6760 1
15909 3561 1
15909 13031 1
15909 8594 1
15909 4463 1
15909 4465 1
15909 9150 1
15909 18040 1
2598 1388 0
2598 4256 0
2598 237 0
2598 8467 0
2598 2338 0
2598 338 0
2598 6526 1
2598 8612 0
2598 18871 0
2598 6599 0
2598 2598 0
2598 2601 0
2598 2606 0
2598 6739 0
2598 6741 0
2598 2722 0
2598 8883 0
2598 861 0
2598 4963 0
2598 4968 0
2598 4969 0
2598 4971 0
2598 4974 0
2598 4975 0
2598 4979 0
2598 4980 0
2598 4982 0
2598 2936 0
2598 4986 0
2598 4989 0
2598 5004 0
2598 5015 0
2598 5016 0
2598 5017 0
2598 5018 0
2598 5020 0
2598 5021 0
2598 5028 0
2598 5029 0
2598 5033 0
2598 5180 0
2598 19792 0
2598 3426 0
2598 5529 0
2598 19879 0
2598 7635 1
2598 3561 0
2598 7726 0
2598 5679 0
2598 1591 0
2598 2997 0
2598 18040 0
2598 7851 0
2598 1712 0
2598 7858 0
2598 1741 0
2598 7893 0
2598 3802 0
2598 18728 0
2598 5981 0
2598 3986 0
2598 1940 0
2598 1943 0
2598 16292 0
2598 6065 0
2598 4086 0
2601 1388 0
2601 4256 0
2601 2338 0
2601 18728 0
2601 337 0
2601 338 0
2601 6526 1
2601 6599 0
2601 13061 0
2601 2601 0
2601 2606 0
2601 4662 0
2601 6923 0
2601 6739 0
2601 6741 0
2601 2718 0
2601 2722 0
2601 2724 0
2601 4855 0
2601 4956 0
2601 4957 0
2601 4958 0
2601 4968 0
2601 2936 0
2601 5004 0
2601 5017 0
2601 5018 0
2601 5028 0
2601 5029 0
2601 5033 0
2601 2997 0
2601 9150 0
2601 13301 0
2601 861 0
2601 5243 0
2601 3426 0
2601 1382 0
2601 5529 0
2601 19879 0
2601 7635 1
2601 7726 0
2601 1620 0
2601 1680 0
2601 7851 0
2601 7858 0
2601 7893 0
2601 3802 0
2601 1765 0
2601 5981 0
2601 3986 0
2601 1943 0
2601 6065 0
2601 6081 0
2601 16337 0
13355 4343 0
13355 18728 0
13355 8467 0
13355 287 0
13355 4409 0
13355 360 0
13355 4463 0
13355 4465 0
13355 8612 0
13355 16988 0
13355 2701 0
13355 685 0
13355 8883 0
13355 6923 0
13355 4963 0
13355 4968 0
13355 4969 0
13355 4971 0
13355 4975 0
13355 4979 0
13355 4980 0
13355 4982 0
13355 2936 0
13355 4986 0
13355 5004 0
13355 5015 0
13355 7064 0
13355 5017 0
13355 5018 0
13355 5020 0
13355 5021 0
13355 3050 0
13355 13301 0
13355 5464 1
13355 5529 0
13355 19879 0
13355 3561 0
13355 3628 0
13355 15924 0
13355 18040 0
13355 3745 0
13355 7893 0
13355 3802 0
13355 1765 0
13355 3854 0
13355 1927 0
13355 1940 0
13355 1943 0
13355 16337 0
13355 6099 0
3628 3628 0
3628 7726 0
3628 1680 0
3628 3745 0
3628 1765 0
3628 4343 0
3628 5464 1
3628 861 0
3628 8165 1
3628 3426 0
3628 360 0
3628 3950 0
3628 1943 0
3628 6065 0
3628 2997 0
3628 2535 0
7726 60 0
7726 8259 0
7726 2124 0
7726 2338 0
7726 18728 0
7726 4416 0
7726 360 0
7726 6741 0
7726 2718 0
7726 2722 0
7726 4815 0
7726 4855 0
7726 4859 0
7726 4874 0
7726 4982 0
7726 5017 0
7726 5029 0
7726 3050 0
7726 5243 0
7726 7409 0
7726 5464 1
7726 3426 0
7726 19879 0
7726 15893 0
7726 7726 0
7726 5679 0
7726 1603 0
7726 18029 0
7726 3745 0
7726 1712 0
7726 1741 0
7726 3884 0
7726 5981 0
7726 4760 1
7726 8096 0
7726 8165 1
5679 13061 0
5679 8065 0
5679 2606 0
5679 9150 0
5679 1591 0
5679 6739 0
5679 4968 0
5679 5243 0
5679 2718 0
5679 4256 0
5679 2722 0
5679 7851 0
5679 1712 0
5679 7858 0
5679 8883 0
5679 4982 0
5679 18040 0
5679 3802 0
5679 4986 0
5679 237 0
5679 4989 0
5679 18728 0
5679 4859 0
5679 7893 0
5679 16292 0
5679 2338 0
5679 5529 0
5679 5004 0
5679 861 0
5679 3426 0
5679 4963 0
5679 4969 0
5679 4971 0
5679 1388 0
5679 4974 0
5679 4975 0
5679 4979 0
5679 4980 0
5679 2936 0
5679 5015 0
5679 3986 0
5679 1940 0
5679 1943 0
5679 5016 0
5679 5017 0
5679 5018 0
5679 5020 0
5679 5021 0
5679 5028 0
5679 5029 0
5679 19879 0
5679 5033 0
5679 6065 0
5679 2997 0
5679 7635 1
5679 8612 0
5679 3561 0
5679 6526 1
5679 4086 0
5679 10665 0
15922 6278 0
15922 8592 0
15922 8593 0
15922 8594 0
15922 550 0
15922 8999 1
15922 10665 0
15922 13502 0
15922 4413 0
15922 4414 0
15922 4416 0
15922 7635 1
15922 13031 0
15922 6760 0
15922 4463 0
15922 4465 0
15922 9150 0
52 6739 0
52 1620 0
52 6741 0
52 3745 0
52 5464 1
52 4956 0
52 4957 0
52 4958 0
52 3426 0
52 4968 0
52 5018 0
52 6599 0
52 3043 0
4958 4413 0
4958 18753 0
4958 4465 0
4958 19179 0
4958 2606 0
4958 4662 0
4958 6739 0
4958 6741 0
4958 6752 0
4958 685 0
4958 1388 0
4958 4956 0
4958 4957 0
4958 4958 0
4958 4975 0
4958 4979 0
4958 2936 0
4958 5004 0
4958 7064 0
4958 5017 0
4958 5020 0
4958 5028 0
4958 5029 0
4958 861 0
4958 5243 0
4958 17684 0
4958 5464 1
4958 19808 0
4958 3426 0
4958 1382 0
4958 19879 0
4958 3561 0
4958 15924 0
4958 1591 0
4958 1620 0
4958 1629 0
4958 1712 0
4958 7858 0
4958 3802 0
4958 1765 0
4958 18728 0
4958 5981 0
4958 1927 0
4958 10125 0
4958 3745 0
4958 8165 1
4662 19879 0
4662 13061 0
4662 2606 0
4662 5981 0
4662 4662 0
4662 8259 0
4662 11343 0
4662 6739 0
4662 6741 0
4662 18029 0
4662 4760 1
4662 685 0
4662 1712 0
4662 7858 0
4662 700 0
4662 7893 0
4662 3802 0
4662 861 0
4662 8467 0
4662 6429 0
4662 287 0
4662 2338 0
4662 338 0
4662 5464 1
4662 4956 0
4662 4957 0
4662 3426 0
4662 2936 0
4662 8065 0
4662 3986 0
4662 1943 0
4662 7064 0
4662 7409 0
4662 6065 0
4662 2997 0
4662 3561 0
1591 8883 0
1591 60 0
1591 4256 0
1591 237 0
1591 8467 0
1591 2338 0
1591 4409 0
1591 4413 0
1591 338 0
1591 16762 0
1591 6599 0
1591 8612 0
1591 2606 0
1591 6739 0
1591 6741 0
1591 2718 0
1591 2722 0
1591 2724 0
1591 13061 0
1591 4956 0
1591 861 0
1591 4963 0
1591 4968 0
1591 4969 0
1591 4971 0
1591 4974 0
1591 4975 0
1591 4979 0
1591 4980 0
1591 4982 0
1591 2936 0
1591 4986 0
1591 4989 0
1591 5004 0
1591 5015 0
1591 5016 0
1591 5017 0
1591 5018 0
1591 5020 0
1591 5021 0
1591 5028 0
1591 5029 0
1591 5033 0
1591 3050 0
1591 13301 0
1591 4957 0
1591 5243 0
1591 5324 0
1591 1349 1
1591 3426 0
1591 1382 0
1591 1388 0
1591 5529 0
1591 5981 0
1591 19879 0
1591 7635 1
1591 3561 0
1591 1591 0
1591 2997 0
1591 1603 0
1591 1620 0
1591 1638 0
1591 18029 0
1591 18040 0
1591 7851 0
1591 1712 0
1591 7858 0
1591 7893 0
1591 3802 0
1591 18728 0
1591 3986 0
1591 1940 0
1591 1943 0
1591 16292 0
1591 6065 0
1591 16337 0
1591 6099 0
1591 4086 0
14394 133 1
14394 2755 0
14394 1712 0
14394 1349 1
14394 5324 0
14394 4815 0
14394 7409 0
16955 6429 0
16955 1712 0
16955 16955 0
16955 2755 0
16955 1349 1
16955 3400 0
16955 2124 0
16955 5982 0
16955 7624 0
16955 1765 0
16955 5521 0
16955 3050 0
16955 7409 0
16955 12922 0
60 13061 0
60 60 0
60 2485 0
60 5253 0
60 2718 0
60 3745 0
60 2722 0
60 4855 0
60 4859 0
60 2338 0
60 3884 0
60 5432 0
60 861 0
60 3426 0
60 3950 0
60 4465 0
60 16762 0
60 6526 1
60 1927 0
60 1943 0
60 7064 0
60 2997 0
60 18871 0
60 6599 0
60 4343 0
60 8165 1
2485 5464 1
2485 1638 0
8259 4957 0
8259 5180 0
8259 8259 0
8259 133 1
8259 141 0
8259 4760 1
8259 5981 0
8259 1940 0
8259 10857 0
8259 7624 0
8612 13061 0
8612 2606 0
8612 6739 0
8612 1382 0
8612 6760 0
8612 4968 0
8612 4760 1
8612 4256 0
8612 2722 0
8612 1712 0
8612 7858 0
8612 8883 0
8612 2755 0
8612 4982 0
8612 7893 0
8612 3802 0
8612 237 0
8612 18728 0
8612 7635 1
8612 7851 0
8612 5529 0
8612 3923 0
8612 861 0
8612 4963 0
8612 4969 0
8612 4971 0
8612 1388 0
8612 4974 0
8612 4975 0
8612 4979 0
8612 4980 0
8612 2936 0
8612 4986 0
8612 18040 0
8612 4989 0
8612 1943 0
8612 5004 0
8612 3986 0
8612 1940 0
8612 5015 0
8612 5016 0
8612 5017 0
8612 5018 0
8612 5020 0
8612 5021 0
8612 5028 0
8612 5029 0
8612 5981 0
8612 5033 0
8612 4086 0
8612 16292 0
8612 3561 0
8612 19879 0
8612 13301 0
2124 1603 0
2124 2124 0
2124 12922 0
2124 4760 1
2124 1712 0
2124 2755 0
2124 4815 0
2124 18227 0
2124 1349 1
2124 3400 0
2124 861 0
2124 5982 0
2124 360 0
2124 3986 0
2124 5529 0
2124 6064 0
2124 2535 0
2124 3050 0
11343 2606 0
11343 1629 0
11343 4968 0
11343 4969 0
11343 5243 0
11343 1388 0
11343 2718 0
11343 1712 0
11343 2755 0
11343 20178 1
11343 3802 0
11343 237 0
11343 1349 1
11343 4971 0
11343 4974 0
11343 4986 0
11343 4989 0
11343 4760 1
11343 5015 0
11343 5017 0
11343 5018 0
11343 5028 0
11343 5029 0
11343 5033 0
11343 5021 0
11343 2724 0
6739 1382 0
6739 4256 0
6739 237 0
6739 4343 0
6739 8467 0
6739 2338 0
6739 4413 0
6739 4463 0
6739 6526 1
6739 13301 0
6739 19879 0
6739 2606 0
6739 6739 0
6739 6741 0
6739 6760 0
6739 4730 1
6739 2701 0
6739 2718 0
6739 2722 0
6739 2724 0
6739 685 0
6739 2755 0
6739 4815 0
6739 7635 1
6739 18029 0
6739 6923 0
6739 4957 0
6739 4963 0
6739 4968 0
6739 4969 0
6739 4971 0
6739 4974 0
6739 4975 0
6739 4979 0
6739 4980 0
6739 4982 0
6739 2936 0
6739 5004 0
6739 5015 0
6739 5016 0
6739 5017 0
6739 5018 0
6739 5020 0
6739 5021 0
6739 5028 0
6739 5029 0
6739 5033 0
6739 9150 0
6739 3050 0
6739 16988 0
6739 5243 0
6739 4986 0
6739 1349 1
6739 3400 0
6739 5464 1
6739 1388 0
6739 5529 0
6739 3561 0
6739 1638 0
6739 1680 0
6739 19174 0
6739 7851 0
6739 1712 0
6739 7858 0
6739 287 0
6739 1741 0
6739 3802 0
6739 1765 0
6739 6081 0
6739 18728 0
6739 20178 1
6739 3884 0
6739 5981 0
6739 5982 0
6739 1927 0
6739 4760 1
6739 3986 0
1620 7858 0
1620 4815 0
1620 237 0
1620 4343 0
1620 287 0
1620 2338 0
1620 337 0
1620 338 0
1620 360 0
1620 6779 0
1620 2701 0
1620 2718 0
1620 2722 0
1620 685 0
1620 8883 0
1620 2755 0
1620 4956 0
1620 4957 0
1620 4963 0
1620 20178 1
1620 5243 0
1620 5324 0
1620 5432 0
1620 3400 0
1620 5521 0
1620 1620 0
1620 1712 0
1620 1741 0
1620 1765 0
1620 3844 0
1620 5981 0
1620 3986 0
1620 1943 0
1620 1349 1
1620 16337 0
1620 2724 0
6741 237 0
6741 18728 0
6741 4413 0
6741 4416 0
6741 4463 0
6741 4465 0
6741 2606 0
6741 6741 0
6741 6760 0
6741 4730 1
6741 2701 0
6741 2718 0
6741 2722 0
6741 2724 0
6741 4815 0
6741 4855 0
6741 4859 0
6741 4956 0
6741 4957 0
6741 4963 0
6741 4969 0
6741 4974 0
6741 4975 0
6741 4979 0
6741 4980 0
6741 4982 0
6741 2936 0
6741 4986 0
6741 4989 0
6741 5004 0
6741 5015 0
6741 5016 0
6741 5017 0
6741 5018 0
6741 5020 0
6741 5021 0
6741 5028 0
6741 5029 0
6741 5033 0
6741 3050 0
6741 861 0
6741 4968 0
6741 5243 0
6741 7409 0
6741 1349 1
6741 3400 0
6741 5464 1
6741 1382 0
6741 1388 0
6741 5529 0
6741 19879 0
6741 1603 0
6741 18029 0
6741 8467 0
6741 1680 0
6741 3745 0
6741 7851 0
6741 1712 0
6741 7858 0
6741 1741 0
6741 18040 0
6741 3802 0
6741 1765 0
6741 3844 0
6741 12935 0
6741 3884 0
6741 5981 0
6741 5982 0
6741 10125 0
6741 4760 1
6741 3986 0
6741 13301 0
6741 6081 0
16988 2606 0
16988 6760 0
16988 2722 0
16988 16988 0
16988 8467 0
16988 5464 1
16988 4963 0
16988 4969 0
16988 4971 0
16988 4975 0
16988 5004 0
16988 3986 0
16988 5018 0
16988 19879 0
16988 7635 1
16988 3561 0
1629 4760 1
1629 700 0
1629 1765 0
1629 7409 0
1629 13061 0
1629 1349 1
1629 3400 0
1629 4956 0
1629 4957 0
1629 1382 0
1629 4968 0
1629 4974 0
1629 4975 0
1629 4465 0
1629 4989 0
1629 5004 0
1629 3986 0
1629 1943 0
1629 19879 0
1629 6065 0
1629 2997 0
1629 7624 0
6752 13061 0
6752 2606 0
6752 861 0
6752 6752 0
6752 18040 0
6752 5324 0
6752 7893 0
6752 7851 0
6752 2338 0
6752 8999 1
6752 4956 0
6752 4957 0
6752 4971 0
6752 4463 0
6752 1916 0
6752 10125 0
6752 3986 0
6752 7635 1
6752 19879 0
6752 18753 0
1638 1638 0
1638 3745 0
1638 2722 0
1638 2724 0
1638 7851 0
1638 700 0
1638 5324 0
1638 237 0
1638 18728 0
1638 338 0
1638 16762 0
1638 6526 1
1638 3986 0
1638 7635 1
1638 337 0
6760 6278 0
6760 7893 0
6760 8999 1
6760 8467 0
6760 18728 0
6760 19808 0
6760 1943 0
6760 5981 0
10857 6779 0
10857 4760 1
10857 287 0
10857 7635 1
18029 2606 0
18029 1388 0
18029 4760 1
18029 1741 0
18029 7893 0
18029 3802 0
18029 237 0
18029 7409 0
18029 287 0
18029 2338 0
18029 1349 1
18029 338 0
18029 861 0
18029 4963 0
18029 4968 0
18029 4969 0
18029 4971 0
18029 4974 0
18029 4975 0
18029 4979 0
18029 4980 0
18029 4982 0
18029 2936 0
18029 4986 0
18029 4989 0
18029 1943 0
18029 5004 0
18029 5015 0
18029 5016 0
18029 5017 0
18029 5018 0
18029 5020 0
18029 5021 0
18029 5028 0
18029 5033 0
18029 6065 0
18029 2997 0
18029 6599 0
18029 7624 0
18029 5029 0
18029 3050 0
18029 19879 0
6768 3986 0
6768 2338 0
6768 337 0
6768 5464 1
6768 6768 0
6768 6526 1
4968 8065 0
4968 1712 0
4968 6923 0
4968 2606 0
4968 18040 0
4968 5243 0
4968 1680 0
4968 2718 0
4968 4256 0
4968 2722 0
4968 2724 0
4968 7851 0
4968 5018 0
4968 7858 0
4968 8883 0
4968 4982 0
4968 1741 0
4968 5017 0
4968 3802 0
4968 1765 0
4968 237 0
4968 16292 0
4968 7893 0
4968 18728 0
4968 5529 0
4968 7409 0
4968 3884 0
4968 1349 1
4968 13061 0
4968 337 0
4968 338 0
4968 3426 0
4968 4963 0
4968 4969 0
4968 4971 0
4968 1388 0
4968 4974 0
4968 4975 0
4968 4979 0
4968 4980 0
4968 2936 0
4968 4986 0
4968 4989 0
4968 5015 0
4968 5004 0
4968 4760 1
4968 3986 0
4968 1940 0
4968 1943 0
4968 5016 0
4968 5020 0
4968 5028 0
4968 5029 0
4968 5033 0
4968 5021 0
4968 6065 0
4968 2997 0
4968 6081 0
4968 6599 0
4968 7624 0
4968 7635 1
4968 3561 0
4968 3050 0
4968 19879 0
4968 4086 0
4214 2338 1
4214 4214 2
18040 2606 0
18040 12935 0
18040 1388 0
18040 1680 0
18040 4256 0
18040 2722 0
18040 7851 0
18040 13031 0
18040 1712 0
18040 7858 0
18040 8883 0
18040 3802 0
18040 6887 0
18040 237 0
18040 4855 0
18040 4859 0
18040 18728 0
18040 13061 0
18040 8467 0
18040 8999 1
18040 3884 0
18040 16292 0
18040 4413 0
18040 4414 0
18040 4416 0
18040 337 0
18040 338 0
18040 4963 0
18040 4969 0
18040 4971 0
18040 4974 0
18040 4975 0
18040 4979 0
18040 4980 0
18040 4982 0
18040 2936 0
18040 4986 0
18040 4989 0
18040 5004 0
18040 8594 0
18040 1940 0
18040 5015 0
18040 5016 0
18040 5017 0
18040 5018 0
18040 5020 0
18040 5021 0
18040 5028 0
18040 5029 0
18040 19879 0
18040 5033 0
18040 9150 0
18040 10125 0
18040 7635 1
18040 3561 0
18040 4086 0
4730 3986 1
4730 1940 1
4730 5529 1
4730 5028 1
4730 5432 1
4730 5981 1
6779 18871 0
6779 4760 1
6779 1741 0
6779 6887 0
6779 2338 0
6779 1349 1
6779 6064 0
6779 3050 0
15893 5243 0
15893 15893 0
15893 4760 1
15893 2722 0
15893 1765 0
15893 4343 0
15893 287 0
15893 5464 1
15893 861 0
15893 1927 0
15893 3986 0
15893 1943 0
15893 6065 0
15893 2997 0
15893 2535 0
133 3986 1
133 8096 1
133 6099 1
133 5981 1
133 19808 1
133 3426 1
133 8467 1
133 4855 1
6278 12935 0
6278 8592 0
6278 8593 0
6278 8594 0
6278 550 0
6278 16807 0
6278 4413 0
6278 4414 0
6278 4416 0
6278 7635 1
6278 861 0
6278 13031 0
6278 8999 1
12935 10125 0
12935 8592 0
12935 8594 0
12935 2338 0
12935 550 0
12935 8999 1
12935 3884 0
12935 15924 0
12935 4413 0
12935 4414 0
12935 4416 0
12935 7635 1
12935 6887 0
12935 13031 0
12935 4855 0
12935 4859 0
13164 5464 1
13164 6526 1
141 5180 0
141 141 0
141 4760 1
141 7635 1
141 4855 0
141 4859 0
141 4874 0
141 2338 0
141 15144 0
141 19808 0
141 13461 0
141 5275 0
141 6081 0
141 3561 0
1680 4256 0
1680 2338 0
1680 2718 0
1680 2722 0
1680 5243 0
1680 13061 0
1680 6923 0
1680 861 0
1680 5004 0
1680 5017 0
1680 5018 0
1680 5029 0
1680 5033 0
1680 2997 0
1680 5253 0
1680 3426 0
1680 5529 0
1680 19879 0
1680 5028 0
1680 7893 0
1680 3802 0
1680 3986 0
1680 1943 0
1680 6065 0
1680 6081 0
1680 2724 0
1680 8165 1
13461 5253 0
13461 4760 1
13461 3745 0
13461 2724 0
13461 2338 0
13461 9045 0
13461 7064 0
13461 7635 1
16534 16534 0
16534 4760 1
16534 8883 0
16534 287 0
16534 861 0
16534 3986 0
16534 7635 1
4760 5180 1
4760 8467 1
4760 2718 1
4760 1712 1
4760 2755 1
4760 4815 1
4760 7893 1
4760 19174 1
4760 7409 1
4760 4855 1
4760 13061 1
4760 4874 1
4760 6429 1
4760 287 1
4760 15144 1
4760 18753 1
4760 1349 2
4760 3400 1
4760 2701 1
4760 19792 1
4760 3923 1
4760 9045 1
4760 861 1
4760 5982 1
4760 3426 1
4760 1382 1
4760 360 1
4760 4971 1
4760 1388 1
4760 4974 1
4760 4975 1
4760 4979 1
4760 4982 1
4760 16762 1
4760 1916 1
4760 4989 1
4760 21141 1
4760 8065 1
4760 5004 1
4760 3986 1
4760 1943 1
4760 7064 1
4760 5529 1
4760 17823 1
4760 9128 1
4760 6064 1
4760 18871 1
4760 7624 1
4760 4343 1
4760 3561 1
4760 3050 1
4760 13301 1
5275 5275 0
5275 2233 1
5275 1741 0
5275 20178 1
5275 3844 0
5275 1943 0
2718 4256 0
2718 237 0
2718 6526 1
2718 8467 0
2718 287 0
2718 2338 0
2718 4413 0
2718 337 0
2718 5521 0
2718 6599 0
2718 19879 0
2718 2701 0
2718 2718 0
2718 2722 0
2718 2724 0
2718 685 0
2718 4859 0
2718 6923 0
2718 861 0
2718 4963 0
2718 4982 0
2718 5004 0
2718 5018 0
2718 5021 0
2718 5028 0
2718 3043 0
2718 4969 0
2718 5243 0
2718 5432 0
2718 1349 1
2718 3400 0
2718 5464 1
2718 3426 0
2718 1943 0
2718 5016 0
2718 5017 0
2718 5029 0
2718 5033 0
2718 3745 0
2718 1712 0
2718 1741 0
2718 3802 0
2718 3884 0
2718 5982 0
2718 1916 0
2718 8065 0
2718 1927 0
2718 3986 0
2718 6065 0
2718 6081 0
4256 237 0
4256 4343 0
4256 18728 0
4256 12698 0
4256 6599 0
4256 13061 0
4256 2606 0
4256 2722 0
4256 2724 0
4256 8883 0
4256 4859 0
4256 6923 0
4256 4963 0
4256 4969 0
4256 4971 0
4256 4974 0
4256 4975 0
4256 4979 0
4256 4980 0
4256 4982 0
4256 2936 0
4256 4986 0
4256 4989 0
4256 5004 0
4256 5016 0
4256 5017 0
4256 5018 0
4256 5020 0
4256 5021 0
4256 5028 0
4256 5029 0
4256 5033 0
4256 2997 0
4256 5243 0
4256 861 0
4256 1388 0
4256 5015 0
4256 5529 0
4256 19879 0
4256 7635 1
4256 3561 0
4256 7851 0
4256 1712 0
4256 7858 0
4256 1741 0
4256 7893 0
4256 3802 0
4256 5981 0
4256 8065 0
4256 3986 0
4256 1940 0
4256 1943 0
4256 16292 0
4256 6065 0
4256 6081 0
4256 8165 1
4256 4086 0
3745 4343 0
3745 287 0
3745 2338 0
3745 337 0
3745 338 0
3745 4463 0
3745 4465 0
3745 2606 0
3745 2722 0
3745 8883 0
3745 4956 0
3745 4957 0
3745 7064 0
3745 2997 0
3745 861 0
3745 5253 0
3745 5432 0
3745 5464 1
3745 3426 0
3745 3745 0
3745 7851 0
3745 1741 0
3745 3802 0
3745 3884 0
3745 8065 0
3745 1927 0
3745 3986 0
3745 1943 0
3745 6065 0
3745 8165 1
2722 237 0
2722 8467 0
2722 2338 0
2722 338 0
2722 5521 0
2722 6526 1
2722 6599 0
2722 19879 0
2722 13061 0
2722 2606 0
2722 2722 0
2722 8883 0
2722 4859 0
2722 6923 0
2722 861 0
2722 4963 0
2722 4969 0
2722 4971 0
2722 4974 0
2722 4975 0
2722 4979 0
2722 4980 0
2722 4982 0
2722 2936 0
2722 4986 0
2722 4989 0
2722 5004 0
2722 5015 0
2722 7064 0
2722 5017 0
2722 5018 0
2722 5020 0
2722 5021 0
2722 5028 0
2722 5029 0
2722 5033 0
2722 9150 0
2722 3043 0
2722 5243 0
2722 7359 1
2722 5324 0
2722 5432 0
2722 5464 1
2722 3426 0
2722 1388 0
2722 5016 0
2722 7635 1
2722 3561 0
2722 2997 0
2722 7851 0
2722 1712 0
2722 7858 0
2722 1741 0
2722 7893 0
2722 3802 0
2722 18728 0
2722 3884 0
2722 5981 0
2722 5982 0
2722 3950 0
2722 8065 0
2722 1927 0
2722 3986 0
2722 1940 0
2722 1943 0
2722 16292 0
2722 6065 0
2722 6081 0
2722 2724 0
2722 4086 0
2724 2233 1
2724 237 0
2724 8467 0
2724 2338 0
2724 6526 1
2724 6599 0
2724 13061 0
2724 2724 0
2724 700 0
2724 6923 0
2724 861 0
2724 5004 0
2724 5016 0
2724 5017 0
2724 5018 0
2724 5028 0
2724 5029 0
2724 5033 0
2724 5243 0
2724 5324 0
2724 3426 0
2724 5529 0
2724 19879 0
2724 3561 0
2724 2997 0
2724 287 0
2724 1741 0
2724 7893 0
2724 3802 0
2724 18143 0
2724 5981 0
2724 8065 0
2724 3986 0
2724 1943 0
2724 6065 0
2724 6081 0
20646 2936 0
20646 8999 1
20646 4974 0
20646 5028 0
10661 685 0
10661 7359 1
10661 8165 1
7851 5464 1
7851 1388 0
7851 237 0
7851 8467 0
7851 2338 0
7851 18871 0
7851 2606 0
7851 8883 0
7851 19179 0
7851 4855 0
7851 4874 0
7851 861 0
7851 4963 0
7851 4969 0
7851 4971 0
7851 4974 0
7851 4975 0
7851 4979 0
7851 4980 0
7851 4982 0
7851 2936 0
7851 4986 0
7851 4989 0
7851 5004 0
7851 5015 0
7851 5016 0
7851 5017 0
7851 5018 0
7851 5020 0
7851 5021 0
7851 5028 0
7851 5029 0
7851 5033 0
7851 2997 0
7851 5529 0
7851 17823 0
7851 19879 0
7851 7635 1
7851 3561 0
7851 6065 0
7851 7851 0
7851 1712 0
7851 7858 0
7851 1741 0
7851 7893 0
7851 3802 0
7851 18728 0
7851 8065 0
7851 3986 0
7851 1940 0
7851 1943 0
7851 16292 0
7851 6081 0
7851 4086 0
685 6599 0
685 13061 0
685 2701 0
685 1712 0
685 7359 1
685 5324 0
685 1765 0
685 18227 0
685 1349 1
685 5464 1
685 4956 0
685 4957 0
685 8065 0
685 3986 0
685 5529 0
685 5020 0
685 8165 1
685 7893 0
1712 13061 0
1712 2606 0
1712 861 0
1712 5180 0
1712 2997 0
1712 1603 0
1712 4963 0
1712 360 0
1712 12922 0
1712 5243 0
1712 21141 0
1712 1712 0
1712 7858 0
1712 8883 0
1712 2755 0
1712 4982 0
1712 5324 0
1712 1741 0
1712 4815 0
1712 7893 0
1712 3802 0
1712 16762 0
1712 237 0
1712 7409 0
1712 4859 0
1712 18728 0
1712 3844 0
1712 8467 0
1712 6429 0
1712 5529 0
1712 16292 0
1712 1349 1
1712 3400 0
1712 4956 0
1712 4957 0
1712 4969 0
1712 4971 0
1712 1388 0
1712 4974 0
1712 4975 0
1712 4979 0
1712 4980 0
1712 2936 0
1712 4986 0
1712 4989 0
1712 8065 0
1712 5015 0
1712 5004 0
1712 3986 0
1712 1940 0
1712 1943 0
1712 5016 0
1712 5017 0
1712 5018 0
1712 5020 0
1712 5021 0
1712 5028 0
1712 19879 0
1712 5033 0
1712 7635 1
1712 6064 0
1712 6065 0
1712 5982 0
1712 7624 0
1712 5029 0
1712 3561 0
1712 3050 0
1712 9128 0
1712 4086 0
7858 2606 0
7858 861 0
7858 1603 0
7858 4975 0
7858 5018 0
7858 7858 0
7858 8883 0
7858 4980 0
7858 4982 0
7858 7893 0
7858 3802 0
7858 1765 0
7858 7635 1
7858 4859 0
7858 18728 0
7858 13061 0
7858 6429 0
7858 2338 0
7858 5529 0
7858 3884 0
7858 16292 0
7858 4956 0
7858 4957 0
7858 4963 0
7858 4969 0
7858 4971 0
7858 1388 0
7858 4974 0
7858 4463 0
7858 4979 0
7858 2936 0
7858 4986 0
7858 4989 0
7858 5015 0
7858 5004 0
7858 237 0
7858 3986 0
7858 1940 0
7858 1943 0
7858 5016 0
7858 5017 0
7858 5020 0
7858 5028 0
7858 5981 0
7858 19879 0
7858 5033 0
7858 2997 0
7858 18871 0
7858 13301 0
7858 5029 0
7858 5021 0
7858 3043 0
7858 3561 0
7858 4086 0
8883 2606 0
8883 7359 1
8883 1388 0
8883 8883 0
8883 7893 0
8883 3802 0
8883 237 0
8883 18728 0
8883 13061 0
8883 18871 0
8883 16292 0
8883 4963 0
8883 4969 0
8883 4971 0
8883 4974 0
8883 4975 0
8883 4979 0
8883 4980 0
8883 4982 0
8883 2936 0
8883 4986 0
8883 4989 0
8883 5004 0
8883 3986 0
8883 1940 0
8883 5015 0
8883 5016 0
8883 5017 0
8883 5018 0
8883 5020 0
8883 5021 0
8883 5028 0
8883 19879 0
8883 5033 0
8883 7635 1
8883 6065 0
8883 2997 0
8883 5029 0
8883 3561 0
8883 4086 0
2233 3884 1
2233 2338 1
2233 10667 1
2233 2233 2
2233 5981 1
2233 3426 1
2233 2535 1
287 287 0
287 8594 0
287 700 0
287 1382 0
287 1603 0
287 2338 0
287 2755 0
287 3043 0
287 3426 0
287 19879 0
287 20178 1
287 3854 0
287 4414 0
287 4465 0
287 13099 0
287 4957 0
287 5029 0
287 5243 0
287 5324 0
287 5464 1
287 5529 0
287 6081 0
287 6099 0
287 6429 0
287 6599 0
287 6887 0
287 7409 0
287 7893 0
287 8096 0
287 4086 0
287 8165 1
700 2606 0
700 700 0
700 3844 0
700 5432 0
700 5464 1
700 861 0
700 5521 0
700 6081 0
700 8165 1
13502 550 0
13502 8999 1
13502 13031 0
13502 8592 0
13502 8594 0
13502 7635 1
13502 5180 0
13502 4413 0
13502 4414 0
7359 13099 1
7359 18991 1
7359 18227 1
7359 17684 1
7359 10667 1
7359 3382 1
7359 1603 1
7359 1505 1
7359 16337 1
7359 1001 1
2755 5981 0
2755 5180 0
2755 21141 0
2755 4815 0
2755 7893 0
2755 7409 0
2755 13061 0
2755 6429 0
2755 18753 0
2755 1349 1
2755 3400 0
2755 3923 0
2755 861 0
2755 5982 0
2755 360 0
2755 4975 0
2755 4982 0
2755 16762 0
2755 1916 0
2755 8065 0
2755 5004 0
2755 3986 0
2755 1943 0
2755 5529 0
2755 9128 0
2755 6064 0
2755 6065 0
2755 2997 0
2755 7624 0
2755 3043 0
2755 3050 0
5324 18143 0
5324 237 0
5324 8999 1
5324 3986 0
5324 5016 0
5324 19879 0
1741 237 0
1741 4343 0
1741 2338 0
1741 18728 0
1741 4409 0
1741 4413 0
1741 4414 0
1741 4416 0
1741 4463 0
1741 4465 0
1741 4859 0
1741 6923 0
1741 861 0
1741 4963 0
1741 4969 0
1741 4971 0
1741 4974 0
1741 4979 0
1741 4980 0
1741 4982 0
1741 2936 0
1741 4989 0
1741 5004 0
1741 5015 0
1741 5016 0
1741 5017 0
1741 5018 0
1741 5021 0
1741 5028 0
1741 5029 0
1741 5033 0
1741 3043 0
1741 3050 0
1741 13301 0
1741 5243 0
1741 5432 0
1741 1349 1
1741 3400 0
1741 5464 1
1741 1382 0
1741 1388 0
1741 5529 0
1741 19879 0
1741 1741 0
1741 3802 0
1741 1765 0
1741 3884 0
1741 8065 0
1741 1927 0
1741 10125 0
1741 1940 0
4815 8065 0
4815 13061 0
4815 5004 0
4815 2701 0
4815 3986 0
4815 5529 0
4815 6429 0
4815 2338 0
4815 6065 0
4815 5180 0
4815 1349 1
4815 3400 0
4815 3426 0
4815 5981 0
4815 7624 0
4815 3050 0
4815 2535 0
4815 9128 0
4815 7409 0
4815 16762 0
4815 5243 0
20178 5253 1
20178 3986 1
20178 861 1
20178 6065 1
20178 4859 1
7893 237 0
7893 4343 0
7893 7893 0
7893 3802 0
7893 18728 0
7893 4409 0
7893 4413 0
7893 4463 0
7893 2606 0
7893 13061 0
7893 4956 0
7893 4969 0
7893 4971 0
7893 4974 0
7893 4975 0
7893 4979 0
7893 4980 0
7893 4982 0
7893 2936 0
7893 4989 0
7893 5004 0
7893 5015 0
7893 5016 0
7893 5017 0
7893 5018 0
7893 5020 0
7893 5021 0
7893 5029 0
7893 5033 0
7893 19879 0
7893 1349 1
7893 3400 0
7893 1382 0
7893 1388 0
7893 7064 0
7893 5529 0
7893 5028 0
7893 1603 0
7893 1765 0
7893 5981 0
7893 5982 0
7893 8065 0
7893 1927 0
7893 13301 0
3802 237 0
3802 2338 0
3802 4409 0
3802 4414 0
3802 337 0
3802 338 0
3802 6526 1
3802 6599 0
3802 13061 0
3802 2606 0
3802 4859 0
3802 6923 0
3802 4956 0
3802 4957 0
3802 4963 0
3802 4969 0
3802 4971 0
3802 4974 0
3802 4975 0
3802 4979 0
3802 4980 0
3802 4982 0
3802 3561 0
3802 2936 0
3802 4986 0
3802 4989 0
3802 5004 0
3802 5015 0
3802 5016 0
3802 5017 0
3802 5018 0
3802 5020 0
3802 5021 0
3802 5028 0
3802 5029 0
3802 5033 0
3802 2997 0
3802 861 0
3802 5243 0
3802 5432 0
3802 3426 0
3802 1388 0
3802 5529 0
3802 19879 0
3802 7635 1
3802 3802 0
3802 18728 0
3802 5981 0
3802 3986 0
3802 1940 0
3802 1943 0
3802 16292 0
3802 6065 0
3802 6081 0
3802 4086 0
12922 1927 0
12922 7635 1
12922 5982 0
12922 360 0
12922 5521 0
18143 3986 0
18143 13061 0
18143 8999 1
18143 4413 0
18143 4409 0
18143 4414 0
18143 4416 0
18143 9150 0
5243 2338 0
5243 337 0
5243 4465 0
5243 6526 1
5243 18871 0
5243 6599 0
5243 4855 0
5243 4859 0
5243 6923 0
5243 4956 0
5243 4957 0
5243 5004 0
5243 5017 0
5243 5018 0
5243 5028 0
5243 5029 0
5243 5033 0
5243 3043 0
5243 3426 0
5243 1943 0
5243 5529 0
5243 19879 0
5243 3884 0
5243 8065 0
5243 3986 0
5243 6065 0
5243 6081 0
5243 16337 0
550 8592 0
550 8593 0
550 8594 0
550 8999 1
550 15924 0
550 4413 0
550 4414 0
550 4416 0
550 7635 1
550 13031 0
550 16807 0
19174 3844 0
19174 5464 1
19174 19174 0
13031 10125 0
13031 8999 1
13031 10665 0
13031 4409 0
13031 9150 0
13031 7635 1
13031 5981 0
13031 4463 0
13031 4414 0
19179 19179 0
19179 4874 0
19179 2338 0
19179 6081 0
19179 7635 1
237 4859 0
237 2606 0
237 16292 0
237 4963 0
237 6599 0
237 4982 0
237 237 0
237 6526 1
237 18728 0
237 2338 0
237 5529 0
237 3884 0
237 3426 0
237 4969 0
237 4971 0
237 1388 0
237 3986 0
237 4974 0
237 4975 0
237 4979 0
237 4980 0
237 2936 0
237 4986 0
237 4989 0
237 5004 0
237 1940 0
237 1943 0
237 5016 0
237 5017 0
237 5018 0
237 5020 0
237 5021 0
237 5028 0
237 5015 0
237 2997 0
237 7635 1
237 5029 0
237 3561 0
237 19879 0
237 4086 0
237 5033 0
15144 5180 0
15144 8467 0
15144 5981 0
15144 3561 0
15144 7635 1
7635 2606 1
7635 15924 1
7635 1382 1
7635 1388 1
7635 8594 1
7635 18728 1
7635 3844 1
7635 4874 1
7635 6923 1
7635 16292 1
7635 8999 2
7635 4413 1
7635 4414 1
7635 4416 1
7635 337 1
7635 338 1
7635 3923 1
7635 9045 1
7635 5981 1
7635 4963 1
7635 4969 1
7635 4971 1
7635 4974 1
7635 4975 1
7635 4979 1
7635 4980 1
7635 4982 1
7635 2936 1
7635 4986 1
7635 4989 1
7635 1927 1
7635 5015 1
7635 5004 1
7635 8592 1
7635 8593 1
7635 3986 1
7635 1940 1
7635 1943 1
7635 5016 1
7635 5017 1
7635 5018 1
7635 5021 1
7635 5028 1
7635 5029 1
7635 19879 1
7635 5020 1
7635 17823 1
7635 6081 1
7635 10125 1
7635 19792 1
7635 3561 1
7635 13301 1
7635 4086 1
7635 5033 1
4855 4416 0
4855 4855 0
4855 4859 0
4855 861 0
4855 5033 0
4855 5432 0
4855 2338 0
4855 3884 0
4855 1927 0
4855 10125 0
4855 5180 0
4859 4416 0
4859 6526 1
4859 2606 0
4859 2701 0
4859 4859 0
4859 4974 0
4859 2936 0
4859 5016 0
4859 3043 0
4859 5432 0
4859 4409 0
4859 3400 0
4859 1382 0
4859 1388 0
4859 5521 0
4859 19879 0
4859 1603 0
4859 5033 0
4859 3884 0
4859 5981 0
4859 1927 0
4859 10125 0
4859 3986 0
4859 6065 0
4859 6081 0
3844 2606 0
3844 3844 0
3844 4409 0
3844 4413 0
3844 337 0
3844 338 0
3844 5982 0
3844 16762 0
3844 3986 0
3844 5017 0
3844 5981 0
3844 10665 0
3844 8999 1
3844 3043 0
13061 4343 0
13061 18728 0
13061 4409 0
13061 4413 0
13061 2606 0
13061 4956 0
13061 4969 0
13061 2936 0
13061 5004 0
13061 5015 0
13061 7064 0
13061 5017 0
13061 5028 0
13061 13301 0
13061 13061 0
13061 5016 0
13061 1349 1
13061 3400 0
13061 3426 0
13061 1388 0
13061 5521 0
13061 5529 0
13061 5018 0
13061 19879 0
13061 1765 0
13061 3854 0
13061 5981 0
13061 5982 0
13061 1927 0
4874 2338 0
4874 18753 0
4874 8594 0
4874 4874 0
4874 2936 0
4874 5180 0
4874 5981 0
6923 337 0
6923 861 0
6923 4971 0
6923 6526 1
6923 5004 0
6923 3986 0
6923 5017 0
6923 5018 0
6923 5028 0
6923 5029 0
6923 19879 0
6923 5033 0
6923 6065 0
6923 2997 0
6923 6081 0
6923 2535 0
3854 6081 0
3854 3854 0
3854 5464 1
3854 6887 0
3854 4465 0
3854 6526 1
8467 4409 0
8467 17823 0
8467 4971 0
8467 4974 0
8467 5016 0
8467 5020 0
8467 5253 0
8467 19879 0
8467 5432 0
8467 19808 0
8467 1388 0
8467 7064 0
8467 6599 0
8467 8467 0
8467 18227 0
8467 3923 0
8467 5981 0
8467 8165 1
17684 17684 0
17684 21141 0
17684 1349 1
17684 4956 0
17684 4957 0
17684 4971 0
17684 3986 0
2606 2338 0
2606 4409 0
2606 337 0
2606 338 0
2606 9150 0
2606 6526 1
2606 6599 0
2606 4956 0
2606 4957 0
2606 4963 0
2606 4969 0
2606 4971 0
2606 4974 0
2606 4975 0
2606 4979 0
2606 4980 0
2606 4982 0
2606 2936 0
2606 4986 0
2606 4989 0
2606 5004 0
2606 5015 0
2606 5016 0
2606 5017 0
2606 5018 0
2606 5020 0
2606 5021 0
2606 5029 0
2606 5033 0
2606 13301 0
2606 861 0
2606 3426 0
2606 1382 0
2606 1388 0
2606 5529 0
2606 19879 0
2606 5028 0
2606 3561 0
2606 15924 0
2606 2997 0
2606 1765 0
2606 18728 0
2606 3923 0
2606 5981 0
2606 3986 0
2606 1940 0
2606 1943 0
2606 16292 0
2606 6065 0
2606 4086 0
18991 5464 1
18991 1765 0
6429 5180 0
6429 7409 0
6429 6429 0
6429 1349 1
6429 3400 0
6429 16762 0
6429 4989 0
6429 3986 0
6429 1943 0
6429 7064 0
6429 9128 0
6429 5982 0
6429 18871 0
6429 7624 0
6429 3050 0
5253 5253 0
5253 4343 0
5253 2338 0
5253 5464 1
5253 861 0
5253 3950 0
5253 4463 0
5253 6526 1
5253 7064 0
5253 1927 0
5253 5521 0
5253 3043 0
5253 3561 0
2338 2338 0
2338 4409 0
2338 6887 0
2338 4463 0
2338 4465 0
2338 4963 0
2338 4971 0
2338 4974 0
2338 4980 0
2338 4982 0
2338 4986 0
2338 4989 0
2338 5016 0
2338 5017 0
2338 5020 0
2338 5028 0
2338 5029 0
2338 2997 0
2338 5981 0
2338 18728 0
2338 5432 0
2338 1349 1
2338 5464 1
2338 3426 0
2338 1388 0
2338 7064 0
2338 19879 0
2338 4343 0
2338 5033 0
2338 1603 0
2338 5982 0
2338 6065 0
2338 1927 0
2338 10125 0
2338 3986 0
2338 1943 0
2338 6081 0
5529 4963 0
5529 1603 0
5529 4975 0
5529 6081 0
5529 7064 0
5529 5017 0
5529 19879 0
5529 5529 0
5529 18728 0
5529 1349 1
5529 5464 1
5529 3426 0
5529 1382 0
5529 4969 0
5529 4971 0
5529 1388 0
5529 4974 0
5529 4463 0
5529 4465 0
5529 4979 0
5529 4980 0
5529 2936 0
5529 16762 0
5529 1927 0
5529 5004 0
5529 3986 0
5529 1940 0
5529 5015 0
5529 5016 0
5529 5018 0
5529 5028 0
5529 5021 0
5529 3561 0
5529 5029 0
8999 9150 1
8999 10125 1
8999 8592 1
8999 8593 1
8999 3986 1
8999 5020 1
8999 10665 1
8999 15924 1
8999 4409 1
8999 4413 1
8999 4414 1
8999 4416 1
8999 16807 1
8999 13275 1
8999 1765 1
8999 6887 1
8999 8594 1
8999 4463 1
8999 4465 1
18728 1388 0
18728 338 0
18728 6526 1
18728 6599 0
18728 2535 0
18728 4956 0
18728 4957 0
18728 4963 0
18728 4969 0
18728 4971 0
18728 4974 0
18728 4975 0
18728 4979 0
18728 4980 0
18728 4982 0
18728 2936 0
18728 4986 0
18728 4989 0
18728 5004 0
18728 5015 0
18728 5016 0
18728 5017 0
18728 5018 0
18728 5020 0
18728 5021 0
18728 5028 0
18728 5029 0
18728 5033 0
18728 861 0
18728 3426 0
18728 19879 0
18728 3561 0
18728 2997 0
18728 18728 0
18728 5982 0
18728 8065 0
18728 3986 0
18728 1940 0
18728 1943 0
18728 16292 0
18728 6065 0
18728 4086 0
13099 8165 1
13099 1001 0
3884 2701 0
3884 8065 0
3884 3884 0
3884 5432 0
3884 4409 0
3884 4416 0
3884 10125 0
3884 5464 1
3884 5016 0
3884 5028 0
3884 5033 0
3884 6081 0
18227 4409 0
18227 8165 1
18227 1001 0
18227 3561 0
3382 1001 0
3382 5180 0
3382 8165 1
5432 4343 0
5432 861 0
5432 4971 0
5432 5432 0
5432 5464 1
5432 5521 0
5432 3043 0
5432 5981 0
5432 1916 0
5432 1940 0
5432 1943 0
5432 6081 0
15924 4957 0
15924 4956 0
15924 861 0
15924 4971 0
15924 10125 0
15924 3986 0
15924 5015 0
15924 5016 0
15924 5017 0
15924 5018 0
15924 5020 0
15924 5021 0
15924 5028 0
15924 5029 0
15924 19879 0
15924 5033 0
15924 16337 0
4413 4416 0
4413 4957 0
4413 4409 0
4413 4413 0
4413 4414 0
4413 337 0
4413 338 0
4413 4956 0
4413 4463 0
4413 10125 0
4413 8592 0
4413 8594 0
4413 5020 0
4413 19879 0
4414 4409 0
4414 4416 0
4414 10125 0
4414 8592 0
4414 8593 0
4414 8594 0
4414 10665 0
4414 9150 0
4986 4982 0
4986 6599 0
4986 16292 0
4986 1349 1
4986 338 0
4986 861 0
4986 3426 0
4986 4963 0
4986 4969 0
4986 4971 0
4986 1388 0
4986 4974 0
4986 4975 0
4986 4979 0
4986 4980 0
4986 2936 0
4986 4989 0
4986 5015 0
4986 5004 0
4986 1940 0
4986 1943 0
4986 5016 0
4986 5017 0
4986 5020 0
4986 5018 0
4986 5028 0
4986 5033 0
4986 5021 0
4986 6065 0
4986 2997 0
4986 7624 0
4986 5029 0
4986 3561 0
4986 3050 0
4986 19879 0
4986 4086 0
4416 4409 0
4416 4416 0
4416 10125 0
4416 8594 0
4416 10665 0
18753 4957 0
18753 1603 0
18753 16337 0
18753 1349 1
1349 5981 1
1349 5180 1
1349 1603 1
1349 21141 1
1349 4989 1
1349 7409 1
1349 3400 1
1349 4957 1
1349 3426 1
1349 4974 1
1349 4975 1
1349 4980 1
1349 4982 1
1349 16762 1
1349 1916 1
1349 3050 1
1349 8065 1
1349 5004 1
1349 3986 1
1349 1943 1
1349 9128 1
1349 6064 1
1349 6065 1
1349 2997 1
1349 7624 1
1349 3043 1
3400 8065 0
3400 5004 0
3400 3986 0
3400 1943 0
3400 9128 0
3400 6065 0
3400 2997 0
3400 5180 0
3400 7624 0
3400 3923 0
3400 3426 0
3400 2535 0
3400 3050 0
3400 16762 0
3400 4974 0
3400 7409 0
3400 4989 0
2701 7624 0
2701 7409 0
2701 5464 1
2701 5981 0
2701 3426 0
2701 8065 0
2701 5004 0
2701 3986 0
2701 7064 0
2701 19879 0
2701 2535 0
19792 5981 0
337 5981 0
337 4975 0
337 6081 0
337 337 0
337 338 0
337 5464 1
337 1927 0
337 5015 0
337 5017 0
337 19879 0
337 5028 0
337 3043 0
338 338 0
338 4956 0
338 4963 0
338 4975 0
338 4979 0
338 4980 0
338 5004 0
338 5016 0
338 5017 0
338 5018 0
338 5021 0
338 5028 0
338 5033 0
338 5464 1
338 19808 0
338 1382 0
338 5521 0
338 19879 0
338 5981 0
338 1927 0
338 10125 0
338 6081 0
338 4086 0
3923 1388 0
3923 4979 0
3923 13301 0
3923 6081 0
3923 2936 0
3923 3426 0
3923 1382 0
3923 3986 0
3923 4982 0
3923 16762 0
9045 8594 0
4409 4409 0
4409 4463 0
4409 10665 0
4409 4956 0
4409 861 0
4409 9150 0
4409 19808 0
4409 3426 0
4409 1388 0
4409 3561 0
4409 1765 0
4409 5981 0
4409 5982 0
4409 3986 0
5464 4957 1
5464 1765 1
5464 4343 1
5464 5465 1
5464 4956 1
5464 861 1
5464 19808 1
5464 1388 1
5464 3950 1
5464 2936 1
5464 6526 2
5464 1927 1
5464 5521 1
5464 3986 1
5464 7064 1
5464 6081 1
5464 18871 1
5464 6599 1
5464 16337 1
5464 3043 1
5465 5521 0
5465 6526 1
4956 4465 0
4956 1388 0
4956 4956 0
4956 4957 0
4956 4979 0
4956 2936 0
4956 5004 0
4956 7064 0
4956 5017 0
4956 5020 0
4956 5028 0
4956 5029 0
4956 4975 0
4956 861 0
4956 19808 0
4956 3426 0
4956 1382 0
4956 19879 0
4956 3561 0
4956 1765 0
4956 5981 0
4956 1927 0
4956 10125 0
4956 3986 0
4956 1943 0
4956 6081 0
4956 8165 1
861 4343 0
861 360 0
861 4463 0
861 4465 0
861 861 0
861 4969 0
861 4974 0
861 4979 0
861 4982 0
861 2936 0
861 4989 0
861 5004 0
861 5015 0
861 5016 0
861 5018 0
861 5020 0
861 5029 0
861 3043 0
861 4957 0
861 3426 0
861 1382 0
861 1388 0
861 7064 0
861 5017 0
861 19879 0
861 5028 0
861 5033 0
861 1603 0
861 5982 0
861 1916 0
861 1927 0
861 3986 0
861 6081 0
5982 5981 0
5982 5982 0
5982 360 0
5982 6526 1
5982 8065 0
5982 3986 0
5982 7624 0
5982 3050 0
1765 19808 0
1765 4957 0
1765 4969 0
1765 2936 0
1765 5004 0
1765 2997 0
1765 3043 0
1765 5180 0
1765 3426 0
1765 1382 0
1765 1388 0
1765 19879 0
1765 8096 0
1765 1765 0
1765 3986 0
1765 1943 0
1765 6064 0
1765 6065 0
19808 10665 0
19808 4957 0
19808 3050 0
19808 5180 0
19808 7624 0
3426 4343 0
3426 4971 0
3426 4974 0
3426 4975 0
3426 4982 0
3426 2936 0
3426 4989 0
3426 5004 0
3426 5016 0
3426 5017 0
3426 5018 0
3426 5020 0
3426 5028 0
3426 5029 0
3426 5033 0
3426 2997 0
3426 3050 0
3426 4957 0
3426 3426 0
3426 1382 0
3426 1388 0
3426 7064 0
3426 5981 0
3426 19879 0
3426 7624 0
3426 1603 0
3426 6081 0
3426 8065 0
3426 1927 0
3426 3986 0
3426 1943 0
3426 16292 0
3426 6065 0
3426 4086 0
4963 8065 0
4963 4975 0
4963 4979 0
4963 4982 0
4963 6526 1
4963 16292 0
4963 4969 0
4963 4971 0
4963 1388 0
4963 4974 0
4963 4980 0
4963 2936 0
4963 4989 0
4963 5015 0
4963 5004 0
4963 3986 0
4963 1940 0
4963 1943 0
4963 5016 0
4963 5017 0
4963 5018 0
4963 5020 0
4963 5021 0
4963 5028 0
4963 5033 0
4963 6065 0
4963 2997 0
4963 6599 0
4963 5029 0
4963 3561 0
4963 19879 0
4963 4086 0
1382 1388 0
1382 16337 0
1382 4957 0
1382 4971 0
1382 4463 0
1382 2936 0
1382 8065 0
1382 3986 0
1382 1943 0
1382 19879 0
1382 6065 0
1382 2997 0
1382 3043 0
1382 13301 0
8593 16807 0
8593 8592 0
8593 8594 0
360 3986 0
360 6065 0
360 2997 0
360 4463 0
4969 6526 1
4969 6599 0
4969 4971 0
4969 4974 0
4969 4975 0
4969 4979 0
4969 4980 0
4969 4982 0
4969 4989 0
4969 5004 0
4969 5015 0
4969 5016 0
4969 5017 0
4969 5018 0
4969 5020 0
4969 5028 0
4969 5029 0
4969 5033 0
4969 3050 0
4969 2936 0
4969 1388 0
4969 19879 0
4969 5021 0
4969 3561 0
4969 2997 0
4969 3986 0
4969 1940 0
4969 1943 0
4969 16292 0
4969 6065 0
4969 4086 0
4971 4465 0
4971 6599 0
4971 4971 0
4971 4974 0
4971 4975 0
4971 4979 0
4971 4980 0
4971 4982 0
4971 2936 0
4971 4989 0
4971 5004 0
4971 5016 0
4971 5017 0
4971 5018 0
4971 5020 0
4971 5021 0
4971 5029 0
4971 5033 0
4971 13301 0
4971 1388 0
4971 5015 0
4971 19879 0
4971 5028 0
4971 3561 0
4971 2997 0
4971 3986 0
4971 1940 0
4971 1943 0
4971 16292 0
4971 6065 0
4971 4086 0
1388 1388 0
1388 16762 0
1388 2535 0
1388 4957 0
1388 4974 0
1388 4975 0
1388 4979 0
1388 4980 0
1388 4982 0
1388 2936 0
1388 4989 0
1388 5004 0
1388 5015 0
1388 5016 0
1388 5017 0
1388 5018 0
1388 5020 0
1388 5021 0
1388 5028 0
1388 5029 0
1388 5033 0
1388 3043 0
1388 13301 0
1388 19879 0
1388 3561 0
1388 5981 0
1388 8065 0
1388 3986 0
1388 1940 0
1388 1943 0
1388 16292 0
1388 6065 0
1388 4086 0
8594 8592 0
8594 18871 0
8594 16807 0
3950 4343 0
3950 4463 0
3950 1927 0
3950 7064 0
4975 1603 0
4975 7409 0
4975 16292 0
4975 4957 0
4975 4974 0
4975 4979 0
4975 4980 0
4975 4982 0
4975 2936 0
4975 4989 0
4975 5015 0
4975 5004 0
4975 3986 0
4975 1940 0
4975 1943 0
4975 5016 0
4975 5017 0
4975 5018 0
4975 5020 0
4975 5021 0
4975 5028 0
4975 5029 0
4975 5033 0
4975 6599 0
4975 7624 0
4975 3561 0
4975 19879 0
4975 4086 0
4465 19879 0
4465 4957 0
4465 4463 0
4465 1927 0
4465 7064 0
4465 10665 0
4979 6599 0
4979 4957 0
4979 16292 0
4979 4974 0
4979 4980 0
4979 4982 0
4979 2936 0
4979 4989 0
4979 5004 0
4979 3986 0
4979 1940 0
4979 5015 0
4979 5016 0
4979 5017 0
4979 5018 0
4979 5020 0
4979 5021 0
4979 5028 0
4979 5033 0
4979 5029 0
4979 3561 0
4979 3050 0
4979 19879 0
4979 4086 0
4980 1603 0
4980 4982 0
4980 19879 0
4980 7409 0
4980 16292 0
4980 4974 0
4980 2936 0
4980 4989 0
4980 5015 0
4980 5004 0
4980 1940 0
4980 1943 0
4980 5016 0
4980 5017 0
4980 5020 0
4980 5018 0
4980 5028 0
4980 5033 0
4980 5021 0
4980 6065 0
4980 2997 0
4980 6599 0
4980 7624 0
4980 5029 0
4980 3561 0
4980 3050 0
4980 4086 0
4982 19879 0
4982 7409 0
4982 16292 0
4982 4974 0
4982 2936 0
4982 4989 0
4982 5015 0
4982 5004 0
4982 1940 0
4982 1943 0
4982 5016 0
4982 5017 0
4982 5018 0
4982 5020 0
4982 5021 0
4982 5028 0
4982 5033 0
4982 2997 0
4982 6599 0
4982 7624 0
4982 5029 0
4982 2535 0
4982 3561 0
4982 4086 0
3561 19879 0
3561 4957 0
3561 4974 0
3561 2936 0
3561 4989 0
3561 5004 0
3561 5015 0
3561 5016 0
3561 5017 0
3561 5018 0
3561 5020 0
3561 5021 0
3561 5028 0
3561 5029 0
3561 5033 0
3561 6599 0
3561 5981 0
3561 3986 0
3561 1940 0
3561 16292 0
3561 8165 1
3561 4086 0
2936 4463 0
2936 6599 0
2936 4957 0
2936 4974 0
2936 4989 0
2936 5004 0
2936 5015 0
2936 7064 0
2936 5018 0
2936 5020 0
2936 5021 0
2936 5028 0
2936 5029 0
2936 5033 0
2936 13301 0
2936 5016 0
2936 5017 0
2936 19879 0
2936 2997 0
2936 8065 0
2936 1927 0
2936 3986 0
2936 1940 0
2936 1943 0
2936 16292 0
2936 6065 0
2936 4086 0
16762 5180 0
16762 7624 0
16762 7409 0
16762 5981 0
16762 4989 0
16762 1927 0
16762 1940 0
16762 5015 0
16762 5016 0
16762 5020 0
16762 5021 0
16762 3043 0
16762 3050 0
4989 7409 0
4989 16292 0
4989 4974 0
4989 4989 0
4989 5015 0
4989 5004 0
4989 1940 0
4989 1943 0
4989 5016 0
4989 5017 0
4989 5018 0
4989 5020 0
4989 5021 0
4989 5028 0
4989 5033 0
4989 6065 0
4989 2997 0
4989 6599 0
4989 7624 0
4989 5029 0
4989 19879 0
4989 4086 0
6526 16292 1
6526 5020 1
6526 4343 1
6526 4974 1
6526 6526 2
6526 5004 1
6526 5015 1
6526 5016 1
6526 5017 1
6526 5018 1
6526 5021 1
6526 5028 1
6526 5029 1
6526 19879 1
6526 5033 1
6526 6081 1
6526 4086 1
21141 6064 0
21141 6887 0
21141 3050 0
8065 4463 0
8065 4974 0
8065 5004 0
8065 5016 0
8065 5017 0
8065 5018 0
8065 5028 0
8065 19879 0
8065 8065 0
8065 1927 0
4974 6599 0
4974 5004 0
4974 5015 0
4974 5016 0
4974 5017 0
4974 5018 0
4974 5020 0
4974 5028 0
4974 5029 0
4974 5033 0
4974 3050 0
4974 7409 0
4974 19879 0
4974 5021 0
4974 7624 0
4974 2997 0
4974 3986 0
4974 1940 0
4974 1943 0
4974 16292 0
4974 6065 0
4974 4086 0
4957 5004 0
4957 7064 0
4957 5017 0
4957 5020 0
4957 5028 0
4957 5029 0
4957 19879 0
4957 5981 0
4957 1927 0
4957 10125 0
4957 1943 0
4957 8165 1
1927 4343 0
1927 4463 0
1927 7064 0
1927 5029 0
1927 2997 0
1927 3043 0
1927 5521 0
1927 19879 0
1927 3986 0
1927 1943 0
1927 6064 0
1927 6065 0
1943 4343 0
1943 4463 0
1943 19879 0
1943 5004 0
1943 5015 0
1943 5016 0
1943 5018 0
1943 5020 0
1943 5021 0
1943 5028 0
1943 5029 0
1943 5033 0
1943 2997 0
1943 3043 0
1943 3050 0
1943 13301 0
1943 16337 0
1943 7064 0
1943 5017 0
1943 1603 0
1943 5981 0
1943 1943 0
1943 6081 0
5004 6599 0
5004 5015 0
5004 7064 0
5004 5017 0
5004 5018 0
5004 5020 0
5004 5021 0
5004 5028 0
5004 5029 0
5004 5033 0
5004 7409 0
5004 5016 0
5004 19879 0
5004 7624 0
5004 2997 0
5004 5981 0
5004 3986 0
5004 1940 0
5004 16292 0
5004 6065 0
5004 6081 0
5004 4086 0
10125 10125 0
10125 3986 0
10125 5020 0
10125 6887 0
8592 13275 0
8592 16807 0
5521 4343 0
5521 3043 0
5521 5521 0
5521 3986 0
5521 6099 0
5521 2535 0
5521 3050 0
3986 1603 0
3986 1940 0
3986 3050 0
3986 19879 0
3986 3986 0
3986 4463 0
3986 5015 0
3986 5016 0
3986 5017 0
3986 5018 0
3986 5020 0
3986 5021 0
3986 5028 0
3986 5029 0
3986 5033 0
3986 5981 0
3986 13301 0
3986 6081 0
3986 6099 0
3986 7064 0
3986 7409 0
3986 16292 0
3986 8096 0
3986 16337 0
3986 8165 1
1603 1603 0
1603 6081 0
1603 6065 0
1603 2997 0
1603 3043 0
1603 2535 0
1603 3050 0
1603 19879 0
1940 16292 0
1940 1940 0
1940 5015 0
1940 5016 0
1940 5017 0
1940 5018 0
1940 5020 0
1940 5021 0
1940 5028 0
1940 5029 0
1940 19879 0
1940 5033 0
1940 4086 0
5015 6599 0
5015 5015 0
5015 5016 0
5015 5017 0
5015 5018 0
5015 5020 0
5015 5028 0
5015 5029 0
5015 5033 0
5015 3050 0
5015 5021 0
5015 19879 0
5015 2997 0
5015 5981 0
5015 16292 0
5015 6065 0
5015 4086 0
5016 6599 0
5016 5017 0
5016 5018 0
5016 5020 0
5016 5028 0
5016 5029 0
5016 5033 0
5016 3050 0
5016 19879 0
5016 5021 0
5016 2997 0
5016 16292 0
5016 6065 0
5016 4086 0
5017 6599 0
5017 5018 0
5017 5020 0
5017 5021 0
5017 5028 0
5017 5029 0
5017 5033 0
5017 19879 0
5017 2997 0
5017 16292 0
5017 6065 0
5017 6081 0
5017 4086 0
5018 5018 0
5018 5020 0
5018 5028 0
5018 5029 0
5018 5033 0
5018 3050 0
5018 19879 0
5018 5021 0
5018 6599 0
5018 2997 0
5018 16292 0
5018 6065 0
5018 6081 0
5018 4086 0
5020 16292 0
5020 5021 0
5020 5028 0
5020 5033 0
5020 6065 0
5020 2997 0
5020 6599 0
5020 5029 0
5020 19879 0
5020 4086 0
5021 6599 0
5021 5028 0
5021 5029 0
5021 5033 0
5021 3050 0
5021 19879 0
5021 2997 0
5021 16292 0
5021 6065 0
5021 4086 0
12698 15356 1
12698 8165 1
7064 7409 0
7064 4343 0
7064 4463 0
7064 6065 0
7064 2997 0
7064 7624 0
5028 6599 0
5028 5029 0
5028 5033 0
5028 3050 0
5028 19879 0
5028 2997 0
5028 5981 0
5028 16292 0
5028 6065 0
5028 6081 0
5028 4086 0
5029 6599 0
5029 2535 0
5029 5033 0
5029 19879 0
5029 2997 0
5029 16292 0
5029 6065 0
5029 6081 0
5029 4086 0
5981 9150 0
5981 2997 0
5981 3043 0
5981 19879 0
5981 12885 0
5981 5180 0
5981 5981 0
5981 6065 0
5981 6599 0
5981 7409 0
9128 7624 0
9128 3050 0
9128 7409 0
5033 3050 0
5033 19879 0
5033 2997 0
5033 16292 0
5033 6065 0
5033 6081 0
5033 4086 0
5180 5180 0
5180 7624 0
5180 7409 0
5180 6065 0
5180 2997 0
6064 3050 0
6065 4343 0
6065 4463 0
6065 2997 0
6065 19879 0
6065 6065 0
6065 6081 0
2997 4343 0
2997 4463 0
2997 19879 0
2997 7624 0
2997 2997 0
2997 6081 0
18871 18871 0
18871 16292 0
9150 10665 0
6081 4343 0
6081 3043 0
6081 3050 0
6081 19879 0
6081 6081 0
6599 8165 1
6599 19879 0
7624 3050 0
7624 7409 0
16337 16292 0
16337 13301 0
6099 6099 0
16292 16292 0
16292 19879 0
16292 4086 0
13275 13275 0
7409 2535 0
7409 3050 0
7409 7409 0
1505 8165 1
3043 10665 0
3043 3043 0
4463 4463 0
4463 10665 0
8165 12885 1
8165 8165 2
8165 2535 1
2535 2535 0
2535 19879 0
3050 3050 0
19879 19879 0
19879 13301 0
19879 4086 0
6887 6887 0
12885 12885 0
