3819 3840 0
3819 3841 0
3819 19331 0
3819 12933 0
3819 18796 0
3819 1290 0
3819 3469 0
3819 20101 0
3819 6040 0
3819 6041 0
3819 6042 0
3819 15004 0
3819 6045 0
3819 16159 0
3819 6043 0
3819 8871 0
3819 3677 1
3819 10315 0
3819 3659 1
3819 1750 0
3819 3671 1
3819 3672 1
3819 3674 1
3819 3675 1
3819 3805 0
3819 3806 0
3819 3807 0
3819 3808 0
3819 3809 0
3819 3811 0
3819 3812 0
3819 3813 0
3819 3815 0
3819 3816 0
3819 3817 0
3819 3818 0
3819 3820 0
3819 3821 0
3819 3822 0
3819 3823 0
3819 3824 0
3819 3825 0
3819 3826 0
3819 3827 0
3819 3828 0
3819 3829 0
3819 3830 0
3819 3831 0
3819 3833 0
3819 3834 0
3819 3835 0
3819 3836 0
3819 3837 0
3819 3839 0
4110 4110 0
4110 2712 0
4110 4803 0
4110 1259 1
4110 3469 0
4110 3816 0
4110 3831 0
4110 3833 0
4110 3835 0
4110 7989 1
4110 2722 0
6165 168 0
6165 169 0
6165 6165 0
6165 263 0
6165 8467 0
6165 2338 0
6165 4524 0
6165 4534 0
6165 561 0
6165 562 1
6165 2704 0
6165 2712 0
6165 2722 0
6165 1259 1
6165 7064 0
6165 7774 0
6165 3986 0
6165 8112 0
561 168 0
561 169 0
561 561 0
561 2712 0
561 1259 1
561 3355 0
561 5432 0
561 5521 0
561 3671 1
561 8112 0
562 2704 1
562 7064 1
562 2712 1
562 2722 1
562 168 1
562 169 1
562 4524 1
562 562 2
562 4534 1
562 4561 1
562 6111 1
1587 3653 1
1587 3671 1
1587 5469 0
15412 19331 0
15412 2715 0
15412 15004 0
15412 6045 0
15412 13135 0
15412 3671 1
15412 3674 1
15412 3676 1
15412 3820 0
15412 3822 0
15412 3823 0
15412 3825 0
15412 3826 0
15412 3829 0
15412 18796 0
3650 1808 1
3650 5432 1
3653 20101 1
3653 18696 1
3653 1290 1
3653 3469 1
3653 20238 1
3653 6040 1
3653 4803 1
3653 6041 1
3653 6042 1
3653 2715 1
3653 6045 1
3653 2338 1
3653 6043 1
3653 5412 1
3653 5413 1
3653 5414 1
3653 8871 1
3653 21193 1
3653 5564 1
3653 3267 1
3653 3654 1
3653 3655 2
3653 842 1
3653 3659 2
3653 3408 1
3653 1108 1
3653 7774 1
3653 7504 1
3653 18796 1
3653 3825 1
3654 3840 0
3654 6404 0
3654 20101 0
3654 18696 0
3654 18796 0
3654 1290 0
3654 6040 0
3654 6041 0
3654 6042 0
3654 2715 0
3654 12956 0
3654 6045 0
3654 5412 0
3654 5414 0
3654 3805 0
3654 5564 0
3654 3267 0
3654 3655 1
3654 3659 1
3654 7504 0
3654 1108 0
3654 3671 1
3654 9828 0
3654 5413 0
3654 8676 0
3654 8871 0
3654 6043 0
3654 3830 0
3655 20101 1
3655 18696 1
3655 1290 1
3655 6040 1
3655 6041 1
3655 6042 1
3655 6043 1
3655 6045 1
3655 2715 1
3655 5412 1
3655 5413 1
3655 5414 1
3655 8871 1
3655 5564 1
3655 3267 1
3655 3659 2
3655 3148 1
3655 7504 1
3655 1108 1
3655 18796 1
10315 3840 0
10315 3841 0
10315 19331 0
10315 12933 0
10315 18796 0
10315 1290 0
10315 20101 0
10315 6040 0
10315 6041 0
10315 6042 0
10315 6043 0
10315 12956 0
10315 6045 0
10315 16159 0
10315 15004 0
10315 8871 0
10315 3677 1
10315 10315 0
10315 3827 0
10315 3659 1
10315 13135 0
10315 1750 0
10315 3671 1
10315 3672 1
10315 3675 1
10315 3805 0
10315 3806 0
10315 3807 0
10315 3808 0
10315 3809 0
10315 3811 0
10315 3812 0
10315 3813 0
10315 3815 0
10315 3816 0
10315 3817 0
10315 3818 0
10315 3820 0
10315 3821 0
10315 3822 0
10315 3823 0
10315 3824 0
10315 3825 0
10315 3826 0
10315 3828 0
10315 3829 0
10315 3830 0
10315 3831 0
10315 3833 0
10315 3834 0
10315 3835 0
10315 3836 0
10315 3837 0
10315 3839 0
3148 6041 0
3148 3659 1
3148 3148 0
1108 20101 0
1108 18696 0
1108 18796 0
1108 1290 0
1108 6040 0
1108 6041 0
1108 6042 0
1108 6045 0
1108 6043 0
1108 5412 0
1108 5414 0
1108 8871 0
1108 3659 1
1108 7504 0
1108 3806 0
1108 5413 0
1108 3816 0
1108 5564 0
1108 3824 0
1108 3835 0
3671 3840 1
3671 3841 1
3671 19331 1
3671 12933 1
3671 18796 1
3671 1290 1
3671 3469 1
3671 20101 1
3671 6040 1
3671 6041 1
3671 6042 1
3671 3355 1
3671 12956 1
3671 6045 1
3671 16159 1
3671 6043 1
3671 8871 1
3671 15004 1
3671 3677 2
3671 21193 1
3671 3267 1
3671 3809 1
3671 3659 2
3671 1750 1
3671 3671 2
3671 3672 2
3671 9828 1
3671 3675 2
3671 3805 1
3671 3806 1
3671 3807 1
3671 3808 1
3671 13135 1
3671 3811 1
3671 3812 1
3671 3813 1
3671 3815 1
3671 3816 1
3671 3817 1
3671 3818 1
3671 3820 1
3671 3821 1
3671 3822 1
3671 3823 1
3671 3824 1
3671 3825 1
3671 3826 1
3671 3827 1
3671 3828 1
3671 3829 1
3671 3830 1
3671 3831 1
3671 3833 1
3671 3834 1
3671 3835 1
3671 3836 1
3671 3837 1
3671 3839 1
3672 3840 1
3672 3841 1
3672 19331 1
3672 12933 1
3672 18796 1
3672 1290 1
3672 20101 1
3672 8871 1
3672 5469 1
3672 6040 1
3672 6041 1
3672 6042 1
3672 6043 1
3672 12956 1
3672 6045 1
3672 16159 1
3672 15004 1
3672 3677 2
3672 2355 1
3672 842 1
3672 3659 2
3672 13135 1
3672 1750 1
3672 8676 1
3672 3675 2
3672 3805 1
3672 3806 1
3672 3807 1
3672 3808 1
3672 3809 1
3672 3811 1
3672 3812 1
3672 3813 1
3672 3815 1
3672 3816 1
3672 3817 1
3672 3818 1
3672 3820 1
3672 3821 1
3672 3822 1
3672 3823 1
3672 3824 1
3672 3825 1
3672 3826 1
3672 3827 1
3672 3828 1
3672 3829 1
3672 3830 1
3672 3831 1
3672 3833 1
3672 3834 1
3672 3835 1
3672 3836 1
3672 3837 1
3672 3839 1
3674 19331 1
3674 6404 1
3674 263 1
3674 18796 1
3674 1290 1
3674 6040 1
3674 6041 1
3674 6042 1
3674 3355 1
3674 6045 1
3674 20101 1
3674 2338 1
3674 6043 1
3674 8871 1
3674 15004 1
3674 18218 1
3674 5432 1
3674 3267 1
3674 3659 2
3674 13135 1
3674 3408 1
3674 1750 1
3674 3808 1
3674 9828 1
3674 3813 1
3674 5521 1
3674 3817 1
3674 3818 1
3674 3820 1
3674 3821 1
3674 3822 1
3674 3823 1
3674 3824 1
3674 3825 1
3674 3826 1
3674 3827 1
3674 3829 1
3674 3833 1
3674 3835 1
3674 3836 1
3674 3837 1
3675 3840 1
3675 3841 1
3675 19331 1
3675 6404 1
3675 12933 1
3675 18796 1
3675 1290 1
3675 20101 1
3675 5521 1
3675 6040 1
3675 6041 1
3675 6042 1
3675 6043 1
3675 15004 1
3675 6045 1
3675 16159 1
3675 8871 1
3675 3677 2
3675 3659 2
3675 1750 1
3675 3805 1
3675 3806 1
3675 3807 1
3675 3808 1
3675 3809 1
3675 3811 1
3675 3812 1
3675 3813 1
3675 3815 1
3675 3816 1
3675 3817 1
3675 3818 1
3675 3820 1
3675 3821 1
3675 3822 1
3675 3823 1
3675 3824 1
3675 3825 1
3675 3826 1
3675 3827 1
3675 3828 1
3675 3829 1
3675 3830 1
3675 3831 1
3675 3833 1
3675 3834 1
3675 3835 1
3675 3836 1
3675 3837 1
3675 3839 1
3676 3840 1
3676 19331 1
3676 20101 1
3676 1290 1
3676 20238 1
3676 6040 1
3676 6041 1
3676 6042 1
3676 6043 1
3676 6045 1
3676 16159 1
3676 5432 1
3676 3267 1
3676 3659 2
3676 1750 1
3676 8676 1
3676 3813 1
3676 3815 1
3676 8871 1
3676 18796 1
3676 3833 1
3676 3834 1
3676 3835 1
3676 3836 1
3677 3840 1
3677 3841 1
3677 19331 1
3677 12933 1
3677 18796 1
3677 1290 1
3677 20101 1
3677 6040 1
3677 6041 1
3677 6042 1
3677 6043 1
3677 15004 1
3677 6045 1
3677 16159 1
3677 8871 1
3677 3659 2
3677 4561 1
3677 1750 1
3677 8676 1
3677 3805 1
3677 3806 1
3677 3807 1
3677 3808 1
3677 3809 1
3677 3811 1
3677 3812 1
3677 3813 1
3677 3815 1
3677 3816 1
3677 3817 1
3677 3818 1
3677 3820 1
3677 3821 1
3677 3822 1
3677 3823 1
3677 3824 1
3677 3825 1
3677 3826 1
3677 3827 1
3677 3828 1
3677 3829 1
3677 3830 1
3677 3831 1
3677 3833 1
3677 3834 1
3677 3835 1
3677 3836 1
3677 3837 1
3677 3839 1
7774 4803 0
7774 1259 1
7774 7504 0
9828 9828 0
9828 12933 0
9828 12956 0
9828 21193 0
9828 3805 0
9828 3807 0
9828 3813 0
9828 3818 0
9828 3822 0
9828 3825 0
9828 3829 0
9828 3830 0
9828 3831 0
9828 3833 0
9828 3836 0
9828 3839 0
9828 8467 0
9828 3355 0
9828 13135 0
9828 15004 0
20101 3840 0
20101 3841 0
20101 12933 0
20101 18696 0
20101 1290 0
20101 3831 0
20101 6040 0
20101 19331 0
20101 3805 0
20101 3813 0
20101 3812 0
20101 16159 0
20101 3828 0
20101 3807 0
20101 5564 0
20101 3808 0
20101 3809 0
20101 13135 0
20101 7504 0
20101 3811 0
20101 1750 0
20101 3806 0
20101 3815 0
20101 3816 0
20101 3818 0
20101 3820 0
20101 3821 0
20101 3822 0
20101 3823 0
20101 3824 0
20101 3825 0
20101 3826 0
20101 3827 0
20101 3829 0
20101 3830 0
20101 3817 0
20101 3833 0
20101 3834 0
20101 3835 0
20101 3836 0
20101 3837 0
20101 3839 0
2704 2722 0
2704 1259 1
2704 2338 0
6040 3659 1
6040 18796 0
6040 15004 0
6040 16159 0
6040 1750 0
6040 3805 0
6040 3806 0
6040 3807 0
6040 3808 0
6040 3809 0
6040 3811 0
6040 3812 0
6040 3813 0
6040 3815 0
6040 3816 0
6040 3817 0
6040 3818 0
6040 3820 0
6040 3821 0
6040 3822 0
6040 3823 0
6040 3824 0
6040 3825 0
6040 3826 0
6040 3827 0
6040 3828 0
6040 3829 0
6040 3830 0
6040 3831 0
6040 3833 0
6040 3834 0
6040 3835 0
6040 3836 0
6040 3837 0
6040 3839 0
6040 3840 0
6040 3841 0
6040 18696 0
6040 1290 0
6040 12933 0
6040 7504 0
6040 19331 0
6040 6041 0
6040 6042 0
6040 6043 0
6040 6045 0
6040 4534 0
6040 5564 0
3267 12933 0
3267 3827 0
3267 4561 0
2712 168 0
2712 2338 0
2712 2712 0
2712 2722 0
2712 1259 1
2712 5412 0
2712 5432 0
2712 20238 0
2712 1808 0
2712 8064 0
2712 3986 0
2715 2715 0
2715 3811 0
2715 12933 0
2715 5432 0
15004 3840 0
15004 3841 0
15004 19331 0
15004 12933 0
15004 16159 0
15004 12956 0
15004 3812 0
15004 3805 0
15004 3806 0
15004 3807 0
15004 3808 0
15004 3809 0
15004 3811 0
15004 3813 0
15004 3815 0
15004 3816 0
15004 3817 0
15004 3818 0
15004 3820 0
15004 3821 0
15004 3822 0
15004 3823 0
15004 3824 0
15004 3825 0
15004 3826 0
15004 3827 0
15004 3828 0
15004 3829 0
15004 3830 0
15004 3831 0
15004 3833 0
15004 3834 0
15004 3835 0
15004 3836 0
15004 3837 0
15004 3839 0
2722 168 0
2722 169 0
2722 8467 0
2722 2338 0
2722 5521 0
2722 4524 0
2722 2722 0
2722 7064 0
2722 1259 1
2722 5432 0
2722 5469 0
2722 3808 0
2722 8064 0
2722 3986 0
2722 6042 0
2722 8112 0
8871 3840 0
8871 3841 0
8871 19331 0
8871 12933 0
8871 18696 0
8871 18796 0
8871 1290 0
8871 16159 0
8871 3805 0
8871 3813 0
8871 3812 0
8871 3807 0
8871 5564 0
8871 3808 0
8871 3809 0
8871 7504 0
8871 3811 0
8871 1750 0
8871 3806 0
8871 3815 0
8871 3816 0
8871 3817 0
8871 3818 0
8871 3820 0
8871 3821 0
8871 3822 0
8871 3823 0
8871 3824 0
8871 3825 0
8871 3826 0
8871 3827 0
8871 3828 0
8871 3829 0
8871 3830 0
8871 3831 0
8871 3833 0
8871 3834 0
8871 3835 0
8871 3836 0
8871 3837 0
8871 3839 0
168 168 0
168 169 0
168 4534 0
168 4557 0
168 7064 0
168 842 0
168 1259 1
168 3355 0
168 5469 0
168 5521 0
169 169 0
169 1259 1
169 3469 0
16159 12933 0
16159 12956 0
16159 1750 0
16159 3805 0
16159 3806 0
16159 3807 0
16159 3808 0
16159 3809 0
16159 3811 0
16159 3812 0
16159 3813 0
16159 3815 0
16159 3816 0
16159 3817 0
16159 3818 0
16159 3820 0
16159 3821 0
16159 3822 0
16159 3823 0
16159 3824 0
16159 3825 0
16159 3826 0
16159 3827 0
16159 3828 0
16159 3829 0
16159 3830 0
16159 3831 0
16159 3833 0
16159 3834 0
16159 3835 0
16159 3836 0
16159 3837 0
16159 3839 0
16159 3840 0
16159 3841 0
16159 1290 0
16159 13135 0
16159 18796 0
16159 19331 0
16159 6041 0
16159 6042 0
16159 6043 0
16159 6045 0
16159 3659 1
4803 8467 0
4803 4803 0
4803 1259 1
4803 263 0
4803 842 0
4803 6042 0
21193 21193 0
1750 3840 0
1750 3841 0
1750 19331 0
1750 12933 0
1750 1290 0
1750 8467 0
1750 6041 0
1750 6042 0
1750 6043 0
1750 3831 0
1750 6045 0
1750 18796 0
1750 3659 1
1750 3805 0
1750 3806 0
1750 3807 0
1750 3808 0
1750 3809 0
1750 3811 0
1750 3812 0
1750 3813 0
1750 3815 0
1750 3816 0
1750 3818 0
1750 3820 0
1750 3821 0
1750 3822 0
1750 3823 0
1750 3824 0
1750 3825 0
1750 3826 0
1750 3827 0
1750 3828 0
1750 3829 0
1750 3830 0
1750 3817 0
1750 3833 0
1750 3834 0
1750 3835 0
1750 3836 0
1750 3837 0
1750 3839 0
3805 3840 0
3805 3841 0
3805 19331 0
3805 12933 0
3805 18796 0
3805 1290 0
3805 6041 0
3805 6042 0
3805 6043 0
3805 12956 0
3805 6045 0
3805 3659 1
3805 3811 0
3805 3806 0
3805 3807 0
3805 3808 0
3805 3809 0
3805 3812 0
3805 3813 0
3805 3815 0
3805 3816 0
3805 3817 0
3805 3818 0
3805 3820 0
3805 3821 0
3805 3822 0
3805 3823 0
3805 3824 0
3805 3825 0
3805 3826 0
3805 3827 0
3805 3828 0
3805 3829 0
3805 3830 0
3805 3831 0
3805 3833 0
3805 3834 0
3805 3835 0
3805 3836 0
3805 3837 0
3805 3839 0
3806 12933 0
3806 3807 0
3806 3808 0
3806 3809 0
3806 3811 0
3806 3812 0
3806 3813 0
3806 3815 0
3806 3816 0
3806 3817 0
3806 3818 0
3806 3820 0
3806 3821 0
3806 3822 0
3806 3823 0
3806 3824 0
3806 3825 0
3806 3826 0
3806 3828 0
3806 3829 0
3806 3831 0
3806 3834 0
3806 3835 0
3806 3836 0
3806 3837 0
3806 3839 0
3806 3840 0
3806 3841 0
3806 1290 0
3806 19331 0
3806 18796 0
3806 6041 0
3806 6042 0
3806 6043 0
3806 6045 0
3806 3827 0
3806 3659 1
3806 3830 0
3806 3833 0
3807 3840 0
3807 3841 0
3807 19331 0
3807 12933 0
3807 18796 0
3807 1290 0
3807 3822 0
3807 6041 0
3807 6042 0
3807 6043 0
3807 6045 0
3807 3659 1
3807 13135 0
3807 3808 0
3807 3809 0
3807 3811 0
3807 3812 0
3807 3813 0
3807 3815 0
3807 3816 0
3807 3817 0
3807 3818 0
3807 3820 0
3807 3821 0
3807 3823 0
3807 3824 0
3807 3825 0
3807 3826 0
3807 3827 0
3807 3828 0
3807 3829 0
3807 3830 0
3807 3831 0
3807 3833 0
3807 3834 0
3807 3835 0
3807 3836 0
3807 3837 0
3807 3839 0
3808 3659 1
3808 12933 0
3808 3809 0
3808 3811 0
3808 3812 0
3808 3813 0
3808 3815 0
3808 3816 0
3808 3817 0
3808 3818 0
3808 3820 0
3808 3821 0
3808 3822 0
3808 3823 0
3808 3824 0
3808 3826 0
3808 3827 0
3808 3828 0
3808 3829 0
3808 3830 0
3808 3831 0
3808 3833 0
3808 3834 0
3808 3835 0
3808 3836 0
3808 3837 0
3808 3839 0
3808 3840 0
3808 3841 0
3808 1290 0
3808 18796 0
3808 19331 0
3808 6041 0
3808 6042 0
3808 6043 0
3808 6045 0
3808 3825 0
3809 3840 0
3809 12933 0
3809 3841 0
3809 18796 0
3809 1290 0
3809 19331 0
3809 6041 0
3809 6042 0
3809 6043 0
3809 6045 0
3809 3659 1
3809 3813 0
3809 3811 0
3809 3812 0
3809 3815 0
3809 3816 0
3809 3817 0
3809 3818 0
3809 3820 0
3809 3821 0
3809 3822 0
3809 3823 0
3809 3824 0
3809 3825 0
3809 3826 0
3809 3827 0
3809 3828 0
3809 3829 0
3809 3830 0
3809 3831 0
3809 3833 0
3809 3834 0
3809 3835 0
3809 3836 0
3809 3837 0
3809 3839 0
3811 3840 0
3811 3841 0
3811 19331 0
3811 12933 0
3811 18796 0
3811 1290 0
3811 6041 0
3811 6042 0
3811 12956 0
3811 6045 0
3811 6043 0
3811 3659 1
3811 3812 0
3811 3813 0
3811 3815 0
3811 3816 0
3811 3817 0
3811 3818 0
3811 3820 0
3811 3821 0
3811 3822 0
3811 3823 0
3811 3824 0
3811 3825 0
3811 3826 0
3811 3827 0
3811 3828 0
3811 3829 0
3811 3830 0
3811 3831 0
3811 3833 0
3811 3834 0
3811 3835 0
3811 3836 0
3811 3837 0
3811 3839 0
3812 3820 0
3812 3659 1
3812 12933 0
3812 3813 0
3812 3815 0
3812 3816 0
3812 3817 0
3812 3818 0
3812 3821 0
3812 3822 0
3812 3823 0
3812 3824 0
3812 3825 0
3812 3826 0
3812 3828 0
3812 3829 0
3812 3831 0
3812 3833 0
3812 3834 0
3812 3835 0
3812 3836 0
3812 3837 0
3812 3839 0
3812 3840 0
3812 3841 0
3812 1290 0
3812 19331 0
3812 3830 0
3812 18796 0
3812 6041 0
3812 6042 0
3812 6043 0
3812 6045 0
3812 3827 0
3813 3840 0
3813 3841 0
3813 19331 0
3813 1290 0
3813 6041 0
3813 6042 0
3813 6043 0
3813 12956 0
3813 6045 0
3813 12933 0
3813 18796 0
3813 3659 1
3813 13135 0
3813 3815 0
3813 3816 0
3813 3817 0
3813 3818 0
3813 3820 0
3813 3821 0
3813 3822 0
3813 3823 0
3813 3824 0
3813 3825 0
3813 3826 0
3813 3827 0
3813 3828 0
3813 3829 0
3813 3830 0
3813 3831 0
3813 3833 0
3813 3834 0
3813 3835 0
3813 3836 0
3813 3837 0
3813 3839 0
3815 12933 0
3815 12956 0
3815 3816 0
3815 3817 0
3815 3818 0
3815 3820 0
3815 3821 0
3815 3822 0
3815 3823 0
3815 3824 0
3815 3825 0
3815 3826 0
3815 3828 0
3815 3829 0
3815 3830 0
3815 3831 0
3815 3833 0
3815 3834 0
3815 3835 0
3815 3836 0
3815 3837 0
3815 3839 0
3815 3840 0
3815 3841 0
3815 1290 0
3815 13135 0
3815 18796 0
3815 19331 0
3815 3986 0
3815 7064 0
3815 6041 0
3815 6042 0
3815 6043 0
3815 6045 0
3815 3827 0
3815 3659 1
3816 12933 0
3816 3817 0
3816 3818 0
3816 3820 0
3816 3821 0
3816 3822 0
3816 3823 0
3816 3824 0
3816 3825 0
3816 3826 0
3816 3827 0
3816 3828 0
3816 3829 0
3816 3830 0
3816 3831 0
3816 3833 0
3816 3834 0
3816 3835 0
3816 3836 0
3816 3839 0
3816 3840 0
3816 3841 0
3816 1290 0
3816 18796 0
3816 19331 0
3816 3986 0
3816 6041 0
3816 6043 0
3816 6042 0
3816 6045 0
3816 3659 1
3816 3837 0
3817 12933 0
3817 3818 0
3817 3820 0
3817 3821 0
3817 3822 0
3817 3823 0
3817 3824 0
3817 3825 0
3817 3826 0
3817 3827 0
3817 3828 0
3817 3829 0
3817 3830 0
3817 3831 0
3817 3833 0
3817 3834 0
3817 3835 0
3817 3836 0
3817 3837 0
3817 3839 0
3817 3840 0
3817 3841 0
3817 1290 0
3817 18796 0
3817 19331 0
3817 6041 0
3817 6042 0
3817 6043 0
3817 6045 0
3817 3659 1
3818 3840 0
3818 3841 0
3818 19331 0
3818 12933 0
3818 18796 0
3818 1290 0
3818 6041 0
3818 6042 0
3818 6043 0
3818 6045 0
3818 3659 1
3818 3820 0
3818 3821 0
3818 3822 0
3818 3823 0
3818 3824 0
3818 3825 0
3818 3826 0
3818 3827 0
3818 3828 0
3818 3829 0
3818 3830 0
3818 3831 0
3818 3833 0
3818 3834 0
3818 3835 0
3818 3836 0
3818 3837 0
3818 3839 0
1259 263 1
1259 8467 1
1259 2355 1
1259 4524 1
1259 4534 1
1259 4557 1
1259 7064 1
1259 3355 1
1259 5432 1
1259 5469 1
1259 1808 1
1259 18218 1
1259 8064 1
1259 3986 1
1259 8112 1
1259 6111 1
3820 3840 0
3820 3841 0
3820 19331 0
3820 12933 0
3820 1290 0
3820 6041 0
3820 6042 0
3820 6043 0
3820 6045 0
3820 3659 1
3820 18796 0
3820 3821 0
3820 3822 0
3820 3823 0
3820 3824 0
3820 3825 0
3820 3826 0
3820 3827 0
3820 3828 0
3820 3829 0
3820 3830 0
3820 3831 0
3820 3833 0
3820 3834 0
3820 3835 0
3820 3836 0
3820 3837 0
3820 3839 0
3821 3840 0
3821 3841 0
3821 12933 0
3821 1290 0
3821 18796 0
3821 19331 0
3821 6041 0
3821 6042 0
3821 6043 0
3821 6045 0
3821 3827 0
3821 3659 1
3821 13135 0
3821 3822 0
3821 3823 0
3821 3824 0
3821 3825 0
3821 3826 0
3821 3828 0
3821 3829 0
3821 3830 0
3821 3831 0
3821 3833 0
3821 3834 0
3821 3835 0
3821 3836 0
3821 3837 0
3821 3839 0
3822 3840 0
3822 3841 0
3822 19331 0
3822 12933 0
3822 18796 0
3822 1290 0
3822 6041 0
3822 6042 0
3822 6043 0
3822 6045 0
3822 3827 0
3822 3659 1
3822 13135 0
3822 3823 0
3822 3824 0
3822 3825 0
3822 3826 0
3822 3828 0
3822 3829 0
3822 3830 0
3822 3831 0
3822 3833 0
3822 3834 0
3822 3835 0
3822 3836 0
3822 3837 0
3822 3839 0
3823 3840 0
3823 3841 0
3823 19331 0
3823 12933 0
3823 18796 0
3823 1290 0
3823 6041 0
3823 6042 0
3823 6043 0
3823 12956 0
3823 6045 0
3823 3827 0
3823 3659 1
3823 13135 0
3823 8676 0
3823 3824 0
3823 3825 0
3823 3826 0
3823 3828 0
3823 3829 0
3823 3830 0
3823 3831 0
3823 3833 0
3823 3834 0
3823 3835 0
3823 3836 0
3823 3837 0
3823 3839 0
3824 3840 0
3824 3841 0
3824 12933 0
3824 1290 0
3824 19331 0
3824 6041 0
3824 6042 0
3824 6043 0
3824 3831 0
3824 6045 0
3824 3659 1
3824 18796 0
3824 3825 0
3824 3826 0
3824 3828 0
3824 3829 0
3824 3830 0
3824 3827 0
3824 3833 0
3824 3834 0
3824 3835 0
3824 3836 0
3824 3837 0
3824 3839 0
3825 12933 0
3825 3826 0
3825 3827 0
3825 3828 0
3825 3829 0
3825 3831 0
3825 3833 0
3825 3834 0
3825 3835 0
3825 3836 0
3825 3837 0
3825 3839 0
3825 3840 0
3825 3841 0
3825 1290 0
3825 8467 0
3825 13135 0
3825 3830 0
3825 18796 0
3825 19331 0
3825 6041 0
3825 6042 0
3825 6043 0
3825 6045 0
3825 3659 1
3826 12933 0
3826 3827 0
3826 3828 0
3826 3829 0
3826 3830 0
3826 3831 0
3826 3834 0
3826 3835 0
3826 3836 0
3826 3837 0
3826 3839 0
3826 3840 0
3826 3841 0
3826 1290 0
3826 8467 0
3826 13135 0
3826 18796 0
3826 19331 0
3826 6041 0
3826 6042 0
3826 6043 0
3826 6045 0
3826 3659 1
3826 3833 0
3827 3840 0
3827 3841 0
3827 12933 0
3827 1290 0
3827 19331 0
3827 6041 0
3827 6042 0
3827 6043 0
3827 6045 0
3827 18796 0
3827 3659 1
3827 13135 0
3827 3828 0
3827 3829 0
3827 3830 0
3827 3831 0
3827 3833 0
3827 3834 0
3827 3835 0
3827 3836 0
3827 3837 0
3827 3839 0
3828 3840 0
3828 3841 0
3828 19331 0
3828 12933 0
3828 18796 0
3828 1290 0
3828 6041 0
3828 6042 0
3828 6043 0
3828 6045 0
3828 3659 1
3828 3829 0
3828 3830 0
3828 3831 0
3828 3833 0
3828 3834 0
3828 3835 0
3828 3836 0
3828 3837 0
3828 3839 0
3829 3840 0
3829 3841 0
3829 19331 0
3829 12933 0
3829 18796 0
3829 1290 0
3829 6041 0
3829 6042 0
3829 6043 0
3829 6045 0
3829 3659 1
3829 13135 0
3829 3830 0
3829 3831 0
3829 3833 0
3829 3834 0
3829 3835 0
3829 3836 0
3829 3837 0
3829 3839 0
3830 3659 1
3830 12933 0
3830 12956 0
3830 3831 0
3830 3833 0
3830 3834 0
3830 3835 0
3830 3836 0
3830 3837 0
3830 3839 0
3830 3840 0
3830 3841 0
3830 1290 0
3830 18796 0
3830 19331 0
3830 3986 0
3830 6041 0
3830 6042 0
3830 6043 0
3830 6045 0
3831 12933 0
3831 3833 0
3831 3834 0
3831 3835 0
3831 3836 0
3831 3837 0
3831 3839 0
3831 3840 0
3831 3841 0
3831 1290 0
3831 8467 0
3831 13135 0
3831 18796 0
3831 19331 0
3831 3986 0
3831 6041 0
3831 6042 0
3831 6043 0
3831 6045 0
3831 3659 1
3833 3659 1
3833 12933 0
3833 18796 0
3833 12956 0
3833 3834 0
3833 3835 0
3833 3836 0
3833 3837 0
3833 3839 0
3833 3840 0
3833 3841 0
3833 1290 0
3833 8467 0
3833 19331 0
3833 3986 0
3833 6041 0
3833 6042 0
3833 6043 0
3833 6045 0
3833 8112 0
3834 3659 1
3834 12933 0
3834 18796 0
3834 3835 0
3834 3836 0
3834 3837 0
3834 3839 0
3834 3840 0
3834 3841 0
3834 1290 0
3834 19331 0
3834 13135 0
3834 7504 0
3834 6041 0
3834 6042 0
3834 6043 0
3834 6045 0
3835 12933 0
3835 3836 0
3835 3837 0
3835 3839 0
3835 3840 0
3835 3841 0
3835 1290 0
3835 6045 0
3835 18796 0
3835 19331 0
3835 6041 0
3835 6042 0
3835 6043 0
3835 3659 1
3836 3840 0
3836 3841 0
3836 19331 0
3836 12933 0
3836 18796 0
3836 1290 0
3836 6041 0
3836 6042 0
3836 6043 0
3836 12956 0
3836 6045 0
3836 8112 0
3836 3659 1
3836 13135 0
3836 3837 0
3836 3839 0
3837 3840 0
3837 3841 0
3837 19331 0
3837 12933 0
3837 1290 0
3837 18796 0
3837 8467 0
3837 6041 0
3837 6042 0
3837 6043 0
3837 3659 1
3837 6045 0
3837 3839 0
3839 12933 0
3839 3840 0
3839 3841 0
3839 1290 0
3839 13135 0
3839 18796 0
3839 19331 0
3839 6041 0
3839 6042 0
3839 6043 0
3839 6045 0
3839 3659 1
3840 12933 0
3840 3841 0
3840 1290 0
3840 18796 0
3840 19331 0
3840 6041 0
3840 6042 0
3840 6043 0
3840 6045 0
3840 3659 1
3841 19331 0
3841 12933 0
3841 18796 0
3841 1290 0
3841 8467 0
3841 6041 0
3841 6042 0
3841 6043 0
3841 842 0
3841 3659 1
3841 6045 0
3841 13135 0
6404 8467 0
263 263 0
263 2338 0
263 7064 0
263 4524 0
18696 1290 0
18696 6041 0
18696 6042 0
18696 6043 0
18696 6045 0
18696 5564 0
18696 3659 1
18696 7504 0
18696 18796 0
1290 3659 1
1290 12933 0
1290 1290 0
1290 19331 0
1290 6045 0
1290 7504 0
1290 18796 0
1290 3986 0
1290 6041 0
1290 6042 0
1290 6043 0
1290 5564 0
20238 2338 0
20238 20238 0
1808 5521 0
8467 4524 0
8467 4534 0
8467 7989 1
8467 5432 0
8467 7064 0
8467 8467 0
8467 8064 0
8467 6041 0
8467 6043 0
3355 3355 0
3355 3408 0
3355 5432 0
12933 12956 0
12933 13135 0
12933 18796 0
12933 19331 0
12933 6041 0
12933 6042 0
12933 6043 0
12933 6045 0
12933 8112 0
12933 3659 1
12933 8676 0
2338 2338 0
2338 4557 0
2338 842 0
2338 5432 0
2338 5469 0
2338 7064 0
2338 18218 0
2338 3986 0
5412 5412 0
5412 5413 0
5412 5432 0
5412 7504 0
5412 8064 0
5413 5413 0
5413 7504 0
5414 7504 0
2355 2355 0
2355 4534 0
2355 5432 0
2355 4561 0
7989 8064 1
7989 4557 1
7989 8112 1
7989 7989 2
7989 3986 1
5432 4534 0
5432 5432 0
5432 5469 0
5432 5521 0
842 4557 0
842 842 0
842 5469 0
842 7064 0
842 6042 0
842 4534 0
13135 12956 0
13135 8676 0
3408 3408 0
5469 4524 0
5469 4534 0
5469 7064 0
5469 5469 0
5469 5521 0
5469 3986 0
18796 7504 0
18796 19331 0
18796 7064 0
18796 6041 0
18796 6042 0
18796 6043 0
18796 6045 0
18796 5564 0
8064 8064 0
8064 3986 0
8064 4534 0
19331 3469 0
19331 6041 0
19331 6042 0
19331 6043 0
19331 6045 0
19331 3659 1
19331 8676 0
3469 7064 0
5521 5521 0
5521 3986 0
5521 8112 0
3986 8676 0
3986 3986 0
3986 4534 0
3986 6041 0
3986 6042 0
3986 7064 0
3986 8112 0
7064 6111 0
7064 4524 0
7064 4534 0
7064 4561 0
6041 7504 0
6041 6042 0
6041 6045 0
6041 5564 0
6042 8112 0
6042 7504 0
6042 6045 0
6042 5564 0
6043 3659 1
6043 7504 0
6043 5564 0
6045 7504 0
6045 5564 0
4524 4524 0
8112 8112 0
4534 4534 0
5564 3659 1
5564 7504 0
3659 7504 1
4557 4557 0
4557 4561 0
4561 4561 0
6111 6111 0
