2048 2048 0
2048 16388 0
2048 20 0
2048 4145 1
2048 4409 0
2048 6484 0
2048 389 1
2048 4547 0
2048 6665 0
2048 6737 0
2048 6738 0
2048 6739 0
2048 6740 0
2048 6741 0
2048 8933 0
2048 4859 0
2048 4956 0
2048 861 0
2048 4970 0
2048 4972 0
2048 4973 0
2048 5028 0
2048 937 0
2048 5034 0
2048 17396 0
2048 4957 0
2048 7227 0
2048 3345 0
2048 5630 0
2048 1591 0
2048 1605 0
2048 1687 0
2048 1765 0
2048 3848 0
2048 8503 0
2048 5981 0
2048 3986 0
6147 6147 0
6147 6163 0
6147 20 0
6147 6164 0
6147 4409 0
6147 4410 0
6147 4411 0
6147 4413 0
6147 4415 0
6147 4417 0
6147 4419 0
6147 2411 0
6147 20857 0
6147 11669 0
6147 4553 0
6147 17363 0
6147 563 0
6147 4789 0
6147 4859 0
6147 4964 0
6147 4966 0
6147 4968 0
6147 4969 0
6147 4980 0
6147 4985 0
6147 5015 0
6147 5016 0
6147 5018 0
6147 5021 0
6147 5028 0
6147 5033 0
6147 5034 0
6147 5039 0
6147 5047 0
6147 7114 0
6147 7603 0
6147 9051 0
6147 1223 0
6147 5366 0
6147 8064 0
6147 3345 0
6147 3352 0
6147 3446 0
6147 5501 0
6147 9117 0
6147 5027 0
6147 5031 0
6147 937 0
6147 1605 0
6147 1722 1
6147 5853 0
6147 5855 0
6147 3846 0
6147 12542 0
6147 1920 0
6147 3986 0
6147 8112 0
6147 17396 0
6147 6141 1
16388 6163 0
16388 6164 0
16388 4145 1
16388 8425 0
16388 5850 0
16388 6471 0
16388 6484 0
16388 2458 0
16388 2475 0
16388 6665 0
16388 4647 0
16388 6737 0
16388 6738 0
16388 6739 0
16388 6740 0
16388 6741 0
16388 6828 0
16388 8879 0
16388 4784 0
16388 13019 0
16388 8933 0
16388 4956 0
16388 4957 0
16388 4964 0
16388 4966 0
16388 4967 0
16388 4968 0
16388 4969 0
16388 4970 0
16388 4972 0
16388 4973 0
16388 4974 0
16388 4980 0
16388 4986 0
16388 4987 0
16388 4988 0
16388 4991 0
16388 4992 0
16388 4995 0
16388 5015 0
16388 5016 0
16388 5018 0
16388 9117 0
16388 5027 0
16388 5028 0
16388 5031 0
16388 5033 0
16388 5034 0
16388 5036 0
16388 5039 0
16388 5045 0
16388 5047 0
16388 7114 0
16388 17363 0
16388 3050 0
16388 5630 0
16388 5126 0
16388 7185 0
16388 861 0
16388 7224 0
16388 7227 0
16388 7243 0
16388 7274 0
16388 7301 0
16388 3216 0
16388 4985 0
16388 5365 0
16388 5366 0
16388 5379 0
16388 7480 0
16388 1371 0
16388 3428 0
16388 3429 0
16388 3446 0
16388 5501 0
16388 5021 0
16388 1591 0
16388 1593 0
16388 1605 0
16388 3345 0
16388 1726 1
16388 3846 0
16388 3848 0
16388 3986 0
16388 18332 0
16388 8112 0
9221 866 0
9221 2414 0
9221 2415 0
9221 2416 0
9221 2417 0
9221 756 0
9221 1722 1
9221 3551 0
9221 1725 1
9221 1727 1
5126 4992 0
5126 4995 0
5126 7301 0
5126 3846 0
5126 3848 0
5126 6665 0
5126 7480 0
5126 3345 0
5126 5379 0
5126 6828 0
5126 5015 0
5126 5016 0
5126 2458 0
5126 5039 0
5126 5018 0
5126 6164 0
5126 7185 0
5126 5027 0
5126 5028 0
5126 4647 0
5126 5033 0
5126 5034 0
5126 2475 0
5126 5036 0
5126 5021 0
5126 6740 0
5126 4145 1
5126 5045 0
5126 1591 0
5126 7224 0
5126 1593 0
5126 7227 0
5126 1726 1
5126 7243 0
5126 1605 0
5126 13019 0
5126 6471 0
5126 7114 0
5126 5047 0
5126 6737 0
5126 6738 0
5126 6739 0
5126 6484 0
5126 6741 0
5126 3428 0
5126 1371 0
5126 8879 0
5126 4964 0
5126 3429 0
5126 4966 0
5126 4967 0
5126 4968 0
5126 4969 0
5126 3050 0
5126 5031 0
5126 4972 0
5126 4973 0
5126 4974 0
5126 5501 0
5126 6163 0
5126 4980 0
5126 9117 0
5126 8425 0
5126 4985 0
5126 4986 0
5126 4987 0
5126 4988 0
5126 4970 0
5126 5630 0
5126 4991 0
2567 861 0
2567 5641 0
2567 1160 0
2567 1223 0
2567 5855 0
2567 1765 0
2567 5365 0
2567 301 0
2567 827 0
2567 5981 0
2567 5501 0
2567 3986 0
2567 8112 0
2567 4547 0
2567 1479 0
2567 4859 0
2567 6141 1
2567 6142 1
6153 6153 0
6153 3601 0
6153 2069 0
6153 7721 0
6153 7213 0
6153 4957 0
6153 561 0
6153 4145 1
6153 6739 0
6153 117 0
6153 4547 0
6153 3240 0
6153 4787 0
6153 5853 0
6153 1765 0
6153 5380 0
6153 4869 0
6153 301 0
6153 5850 0
6153 4409 0
6153 4412 0
6153 4413 0
6153 4956 0
6153 861 0
6153 2405 0
6153 4985 0
6153 5501 0
6153 8064 0
6153 389 1
6153 8081 0
6153 3986 0
6153 2458 0
6153 937 0
6153 8112 0
6153 453 0
6153 20972 0
6153 6128 0
6153 3574 0
6153 6740 0
13322 3601 0
13322 6164 0
13322 937 0
13322 4145 1
13322 1727 1
13322 453 0
13322 5709 0
13322 6737 0
13322 6738 0
13322 1371 0
13322 861 0
13322 5855 0
13322 2405 0
13322 870 0
13322 6163 0
13322 9973 0
13322 3446 0
13322 11669 0
1552 5641 0
1552 1552 0
1552 861 0
1552 561 0
1552 870 0
1552 1160 0
1552 1687 0
1552 1725 1
1552 117 0
1552 5855 0
1552 8954 0
1552 270 0
1552 301 0
1552 8503 0
1552 5432 0
1552 827 0
1552 1371 0
1552 1372 1
1552 5981 0
1552 866 0
1552 2414 0
1552 3446 0
1552 389 1
1552 11669 0
1552 2500 0
1552 453 0
1552 1479 0
1552 3551 0
1552 6741 0
3601 3601 0
3601 2069 0
3601 861 0
3601 4145 1
3601 6740 0
3601 3602 0
3601 1160 0
3601 7326 0
3601 13479 0
3601 4784 0
3601 4789 0
3601 1721 0
3601 1726 1
3601 5853 0
3601 5855 0
3601 11518 0
3601 5380 0
3601 4869 0
3601 4870 0
3601 4872 0
3601 1807 0
3601 1809 0
3601 561 0
3601 4956 0
3601 4957 0
3601 2405 0
3601 870 0
3601 8064 0
3601 389 1
3601 3986 0
3601 937 0
3601 3517 0
3601 453 0
3601 3574 0
3601 6141 1
3602 3986 0
3602 7326 0
3602 4145 1
3602 4784 0
3602 561 0
3602 3517 0
3602 4956 0
3602 4957 0
3602 2405 0
3602 3050 0
3602 13479 0
3602 6141 1
3602 11518 0
6163 6163 0
6163 20 0
6163 4145 1
6163 6164 0
6163 4647 0
6163 8503 0
6163 6471 0
6163 6484 0
6163 2458 0
6163 2475 0
6163 4547 0
6163 6737 0
6163 6738 0
6163 6739 0
6163 6740 0
6163 6741 0
6163 6828 0
6163 8879 0
6163 13019 0
6163 4964 0
6163 4967 0
6163 4968 0
6163 4969 0
6163 4970 0
6163 4972 0
6163 4973 0
6163 7326 0
6163 4980 0
6163 4985 0
6163 4986 0
6163 4987 0
6163 4988 0
6163 4991 0
6163 4992 0
6163 4995 0
6163 5015 0
6163 5016 0
6163 5018 0
6163 5021 0
6163 5027 0
6163 5028 0
6163 5031 0
6163 937 0
6163 5034 0
6163 5036 0
6163 5039 0
6163 9117 0
6163 5045 0
6163 5047 0
6163 7114 0
6163 3050 0
6163 7185 0
6163 861 0
6163 6665 0
6163 7224 0
6163 7227 0
6163 7243 0
6163 8425 0
6163 4966 0
6163 7301 0
6163 1159 0
6163 4974 0
6163 5379 0
6163 3345 0
6163 7480 0
6163 1371 0
6163 3428 0
6163 3429 0
6163 5501 0
6163 5033 0
6163 5630 0
6163 1591 0
6163 1593 0
6163 15932 0
6163 1605 0
6163 1726 1
6163 5855 0
6163 1765 0
6163 3846 0
6163 3848 0
6163 5981 0
6163 1920 0
6163 8081 0
6163 3986 0
6163 18332 0
6163 8112 0
20 20 0
20 2069 0
20 4145 1
20 117 0
20 2270 0
20 4409 0
20 2411 0
20 389 1
20 4547 0
20 453 0
20 2508 0
20 561 0
20 563 0
20 4784 0
20 4789 0
20 4794 0
20 13019 0
20 8954 0
20 6164 0
20 827 0
20 861 0
20 864 0
20 866 0
20 5432 0
20 1371 0
20 1372 1
20 3446 0
20 1687 0
20 1728 0
20 5850 0
20 5855 0
20 1765 0
20 9973 0
20 5885 0
20 5981 0
20 3986 0
20 8112 0
2069 2069 0
2069 4956 0
2069 4957 0
2069 561 0
2069 1605 0
2069 117 0
2069 1160 0
2069 4547 0
2069 1687 0
2069 3240 0
2069 6740 0
2069 5855 0
2069 7721 0
2069 5380 0
2069 4869 0
2069 4145 1
2069 301 0
2069 6484 0
2069 1372 1
2069 861 0
2069 2405 0
2069 870 0
2069 3446 0
2069 8064 0
2069 8081 0
2069 3986 0
2069 2458 0
2069 937 0
2069 7114 0
2069 6128 0
2069 3574 0
5039 6665 0
5039 7185 0
5039 6164 0
5039 8879 0
5039 8112 0
5039 4647 0
5039 4145 1
5039 1591 0
5039 1593 0
5039 7227 0
5039 5045 0
5039 1605 0
5039 5047 0
5039 6738 0
5039 6739 0
5039 6740 0
5039 6741 0
5039 3428 0
5039 4966 0
5039 7301 0
5039 6828 0
5039 1726 1
5039 13019 0
5039 5855 0
5039 8425 0
5039 5501 0
5039 4859 0
5039 5379 0
5039 3846 0
5039 3848 0
5039 9117 0
5039 3345 0
5039 5850 0
5039 6471 0
5039 7224 0
5039 6484 0
5039 1371 0
5039 861 0
5039 4964 0
5039 3429 0
5039 870 0
5039 4967 0
5039 4968 0
5039 4969 0
5039 4970 0
5039 4972 0
5039 4973 0
5039 4974 0
5039 4980 0
5039 4985 0
5039 4986 0
5039 4987 0
5039 4988 0
5039 4991 0
5039 4992 0
5039 4995 0
5039 5015 0
5039 7480 0
5039 5016 0
5039 2458 0
5039 5018 0
5039 5027 0
5039 5028 0
5039 5031 0
5039 5033 0
5039 5034 0
5039 2475 0
5039 5036 0
5039 3517 0
5039 7243 0
5039 7114 0
5039 5021 0
5039 6737 0
5039 3050 0
5039 5630 0
17438 866 0
17438 2414 0
17438 984 0
17438 1722 1
17438 1371 0
17438 1725 1
16419 389 1
16419 6665 0
16419 3986 0
16419 19628 0
16419 301 0
16419 4145 1
16419 16419 0
16419 5981 0
16419 5855 0
16419 5985 0
3846 7185 0
3846 6164 0
3846 8112 0
3846 4647 0
3846 4145 1
3846 1591 0
3846 1593 0
3846 7227 0
3846 5045 0
3846 1605 0
3846 5047 0
3846 6738 0
3846 6739 0
3846 6740 0
3846 6741 0
3846 3428 0
3846 9117 0
3846 7301 0
3846 6828 0
3846 8879 0
3846 1726 1
3846 3446 0
3846 13019 0
3846 5855 0
3846 8425 0
3846 5501 0
3846 5379 0
3846 3848 0
3846 3345 0
3846 5850 0
3846 7480 0
3846 6471 0
3846 7224 0
3846 6484 0
3846 1371 0
3846 861 0
3846 4964 0
3846 3429 0
3846 4966 0
3846 4967 0
3846 4968 0
3846 4969 0
3846 4970 0
3846 4972 0
3846 4973 0
3846 4974 0
3846 4980 0
3846 4985 0
3846 4986 0
3846 4987 0
3846 4988 0
3846 4991 0
3846 4992 0
3846 4995 0
3846 5015 0
3846 3986 0
3846 5016 0
3846 2458 0
3846 5018 0
3846 5027 0
3846 5028 0
3846 5031 0
3846 5033 0
3846 5034 0
3846 2475 0
3846 5036 0
3846 5021 0
3846 7243 0
3846 7114 0
3846 6665 0
3846 6737 0
3846 3050 0
3846 5630 0
4647 6665 0
4647 4647 0
4647 4145 1
4647 1591 0
4647 1593 0
4647 7227 0
4647 5045 0
4647 1605 0
4647 6737 0
4647 6738 0
4647 4964 0
4647 4966 0
4647 7185 0
4647 4967 0
4647 7301 0
4647 6828 0
4647 8879 0
4647 4787 0
4647 1726 1
4647 6741 0
4647 13019 0
4647 8425 0
4647 4991 0
4647 5885 0
4647 5379 0
4647 3848 0
4647 3345 0
4647 6164 0
4647 7480 0
4647 6471 0
4647 7224 0
4647 6484 0
4647 1371 0
4647 861 0
4647 3428 0
4647 3429 0
4647 870 0
4647 4968 0
4647 4969 0
4647 4970 0
4647 4972 0
4647 4973 0
4647 4974 0
4647 4980 0
4647 3446 0
4647 4985 0
4647 4986 0
4647 4987 0
4647 4988 0
4647 5501 0
4647 4992 0
4647 4995 0
4647 9117 0
4647 3986 0
4647 5015 0
4647 5016 0
4647 2458 0
4647 5018 0
4647 5027 0
4647 5028 0
4647 5031 0
4647 5033 0
4647 5034 0
4647 2475 0
4647 5036 0
4647 5021 0
4647 8112 0
4647 5047 0
4647 7243 0
4647 7114 0
4647 3050 0
4647 6739 0
4647 6740 0
4647 5630 0
7721 1591 0
7721 1593 0
7721 1605 0
7721 5630 0
7721 6269 0
7721 1722 1
7721 1372 1
7721 4985 0
7721 8064 0
7213 7213 0
7213 561 0
7213 6665 0
7213 1721 0
7213 1726 1
7213 4145 1
7213 5981 0
7213 3446 0
7213 389 1
7213 2458 0
7213 3574 0
4957 4145 1
4957 117 0
4957 8425 0
4957 4413 0
4957 2414 0
4957 2416 0
4957 4465 0
4957 389 1
4957 4547 0
4957 453 0
4957 561 0
4957 563 0
4957 6739 0
4957 6741 0
4957 4784 0
4957 4789 0
4957 4794 0
4957 8933 0
4957 756 0
4957 4869 0
4957 4870 0
4957 4872 0
4957 827 0
4957 4956 0
4957 861 0
4957 866 0
4957 4966 0
4957 4967 0
4957 4970 0
4957 5027 0
4957 5028 0
4957 1160 0
4957 1223 0
4957 11518 0
4957 3345 0
4957 1371 0
4957 3428 0
4957 3429 0
4957 5501 0
4957 17308 0
4957 3517 0
4957 3551 0
4957 3574 0
4957 1591 0
4957 1593 0
4957 5850 0
4957 5853 0
4957 5855 0
4957 1765 0
4957 1807 0
4957 5981 0
4957 8112 0
4957 6128 0
4957 6141 1
4957 6142 1
4145 4145 2
4145 3428 1
4145 117 1
4145 6164 1
4145 6269 1
4145 13019 1
4145 4402 1
4145 8503 1
4145 4409 1
4145 6471 1
4145 6484 1
4145 2405 1
4145 4465 1
4145 2458 1
4145 2475 1
4145 4547 1
4145 2500 1
4145 2508 1
4145 6665 1
4145 561 1
4145 563 1
4145 6737 1
4145 6738 1
4145 6739 1
4145 6740 1
4145 6741 1
4145 6828 1
4145 8879 1
4145 4784 1
4145 4785 1
4145 4787 1
4145 4789 1
4145 4829 1
4145 4859 1
4145 4869 1
4145 4870 1
4145 4872 1
4145 827 1
4145 834 1
4145 4956 1
4145 864 1
4145 4964 1
4145 4966 1
4145 4967 1
4145 4968 1
4145 4970 1
4145 4972 1
4145 4973 1
4145 4974 1
4145 7997 1
4145 4980 1
4145 4985 1
4145 4986 1
4145 4987 1
4145 4988 1
4145 4991 1
4145 4992 1
4145 4995 1
4145 5015 1
4145 5016 1
4145 5018 1
4145 9117 1
4145 5027 1
4145 5031 1
4145 937 1
4145 5034 1
4145 7083 1
4145 5036 1
4145 5045 1
4145 5047 1
4145 7114 1
4145 984 1
4145 3050 1
4145 7185 1
4145 861 1
4145 7224 1
4145 7227 1
4145 7243 1
4145 870 1
4145 7274 1
4145 4969 1
4145 7301 1
4145 1159 1
4145 1160 1
4145 3216 1
4145 7326 1
4145 13479 1
4145 19628 1
4145 5365 1
4145 1920 1
4145 5379 1
4145 3345 1
4145 15672 1
4145 1371 1
4145 1376 1
4145 3429 1
4145 3446 1
4145 8425 1
4145 5501 1
4145 19852 1
4145 11669 1
4145 5021 1
4145 7605 1
4145 3517 1
4145 1479 1
4145 5028 1
4145 5033 1
4145 5630 1
4145 1591 1
4145 1593 1
4145 1605 1
4145 5709 1
4145 1687 1
4145 1726 2
4145 1727 2
4145 1728 1
4145 5850 1
4145 5853 1
4145 5855 1
4145 1765 1
4145 5885 1
4145 3848 1
4145 1807 1
4145 1809 1
4145 7480 1
4145 5981 1
4145 5985 1
4145 8064 1
4145 8081 1
4145 3986 1
4145 18332 1
4145 8112 1
4145 6128 1
563 861 0
563 563 0
563 4787 0
563 4789 0
563 5855 0
563 1809 0
563 561 0
563 5432 0
563 4956 0
563 389 1
563 2458 0
563 7605 0
563 2500 0
563 453 0
7114 6665 0
7114 7185 0
7114 6164 0
7114 3428 0
7114 1591 0
7114 7224 0
7114 1593 0
7114 7227 0
7114 1605 0
7114 7243 0
7114 6737 0
7114 6738 0
7114 6739 0
7114 6740 0
7114 6741 0
7114 7301 0
7114 6828 0
7114 8879 0
7114 1726 1
7114 13019 0
7114 4986 0
7114 5855 0
7114 8425 0
7114 5379 0
7114 3848 0
7114 3345 0
7114 5021 0
7114 7480 0
7114 6471 0
7114 6484 0
7114 1371 0
7114 4964 0
7114 3429 0
7114 4966 0
7114 4967 0
7114 4968 0
7114 4969 0
7114 4970 0
7114 4972 0
7114 4973 0
7114 4974 0
7114 4980 0
7114 4985 0
7114 4987 0
7114 4988 0
7114 5501 0
7114 4991 0
7114 4992 0
7114 4995 0
7114 9117 0
7114 3986 0
7114 5015 0
7114 5016 0
7114 2458 0
7114 5018 0
7114 5027 0
7114 5028 0
7114 5031 0
7114 5033 0
7114 5034 0
7114 2475 0
7114 5036 0
7114 5045 0
7114 5047 0
7114 3050 0
7114 5630 0
5641 5641 0
5641 561 0
5641 2408 0
5641 1160 0
5641 7534 0
5641 1687 0
5641 6828 0
5641 1721 0
5641 1722 1
5641 1725 1
5641 3446 0
5641 5855 0
5641 5365 0
5641 5366 0
5641 4859 0
5641 12542 0
5641 301 0
5641 5432 0
5641 4409 0
5641 4410 0
5641 4411 0
5641 4412 0
5641 4413 0
5641 4414 0
5641 4415 0
5641 4416 0
5641 4417 0
5641 4418 0
5641 4419 0
5641 4420 0
5641 2409 0
5641 2410 0
5641 2411 0
5641 2414 0
5641 2415 0
5641 2416 0
5641 2417 0
5641 2500 0
5641 17363 0
7224 6665 0
7224 7185 0
7224 6164 0
7224 1591 0
7224 7224 0
7224 1593 0
7224 7227 0
7224 5045 0
7224 1605 0
7224 7243 0
7224 6737 0
7224 6738 0
7224 6739 0
7224 6740 0
7224 6741 0
7224 3428 0
7224 7301 0
7224 6828 0
7224 8879 0
7224 1726 1
7224 13019 0
7224 5855 0
7224 1765 0
7224 8425 0
7224 5885 0
7224 5379 0
7224 3848 0
7224 3345 0
7224 5021 0
7224 7480 0
7224 6471 0
7224 6484 0
7224 1371 0
7224 861 0
7224 4964 0
7224 3429 0
7224 4966 0
7224 4967 0
7224 4968 0
7224 4969 0
7224 4970 0
7224 4972 0
7224 4973 0
7224 4974 0
7224 4980 0
7224 3446 0
7224 4985 0
7224 4986 0
7224 4987 0
7224 4988 0
7224 5501 0
7224 4991 0
7224 4992 0
7224 4995 0
7224 9117 0
7224 5015 0
7224 5016 0
7224 2458 0
7224 5018 0
7224 5027 0
7224 5028 0
7224 5031 0
7224 5033 0
7224 5034 0
7224 2475 0
7224 5036 0
7224 5047 0
7224 3050 0
7224 5630 0
1593 7185 0
1593 6164 0
1593 5981 0
1593 1591 0
1593 7227 0
1593 1605 0
1593 7243 0
1593 866 0
1593 6737 0
1593 6738 0
1593 6740 0
1593 6741 0
1593 3428 0
1593 4967 0
1593 6269 0
1593 7301 0
1593 6828 0
1593 8879 0
1593 1726 1
1593 13019 0
1593 8425 0
1593 4859 0
1593 5885 0
1593 5379 0
1593 3848 0
1593 3345 0
1593 4409 0
1593 6471 0
1593 6484 0
1593 1371 0
1593 4956 0
1593 4964 0
1593 3429 0
1593 4966 0
1593 4968 0
1593 4969 0
1593 4970 0
1593 4972 0
1593 4973 0
1593 4974 0
1593 4980 0
1593 4985 0
1593 4986 0
1593 4987 0
1593 4988 0
1593 5501 0
1593 4991 0
1593 4992 0
1593 4995 0
1593 9117 0
1593 7480 0
1593 5015 0
1593 5016 0
1593 2458 0
1593 5018 0
1593 5027 0
1593 5028 0
1593 5031 0
1593 5033 0
1593 5034 0
1593 2475 0
1593 5036 0
1593 5045 0
1593 5047 0
1593 4553 0
1593 5021 0
1593 6665 0
1593 3050 0
1593 6739 0
1593 5630 0
7227 6164 0
7227 117 0
7227 8425 0
7227 6471 0
7227 6484 0
7227 2458 0
7227 2475 0
7227 6665 0
7227 6737 0
7227 6738 0
7227 6739 0
7227 6740 0
7227 6741 0
7227 6828 0
7227 8879 0
7227 13019 0
7227 861 0
7227 4964 0
7227 4966 0
7227 4967 0
7227 4968 0
7227 4969 0
7227 4970 0
7227 4972 0
7227 4973 0
7227 4974 0
7227 4980 0
7227 4985 0
7227 4986 0
7227 4987 0
7227 4988 0
7227 4991 0
7227 4992 0
7227 4995 0
7227 5015 0
7227 5016 0
7227 5018 0
7227 9117 0
7227 5027 0
7227 5028 0
7227 5031 0
7227 5033 0
7227 5034 0
7227 5036 0
7227 5045 0
7227 5047 0
7227 7185 0
7227 7243 0
7227 7301 0
7227 5379 0
7227 3345 0
7227 7480 0
7227 1371 0
7227 3428 0
7227 3429 0
7227 5501 0
7227 5021 0
7227 5630 0
7227 1591 0
7227 1605 0
7227 5850 0
7227 1726 1
7227 5855 0
7227 3848 0
7227 3050 0
7227 3986 0
15932 2409 0
15932 4969 0
15932 1722 1
15932 1725 1
15932 1765 0
15932 5380 0
15932 5432 0
15932 4409 0
15932 4411 0
15932 4412 0
15932 4415 0
15932 2410 0
15932 2411 0
15932 2414 0
5045 6665 0
5045 7185 0
5045 6164 0
5045 1591 0
5045 5981 0
5045 1605 0
5045 7243 0
5045 6738 0
5045 6739 0
5045 5015 0
5045 6741 0
5045 3428 0
5045 8425 0
5045 9117 0
5045 7301 0
5045 18332 0
5045 6828 0
5045 8879 0
5045 1726 1
5045 3446 0
5045 13019 0
5045 5501 0
5045 4992 0
5045 5379 0
5045 3848 0
5045 3345 0
5045 7480 0
5045 4409 0
5045 6471 0
5045 6484 0
5045 1371 0
5045 861 0
5045 4964 0
5045 3429 0
5045 4966 0
5045 4967 0
5045 4968 0
5045 4969 0
5045 4970 0
5045 4972 0
5045 4973 0
5045 4974 0
5045 4980 0
5045 4985 0
5045 4986 0
5045 4987 0
5045 4988 0
5045 4991 0
5045 4995 0
5045 5016 0
5045 2458 0
5045 5018 0
5045 5027 0
5045 5028 0
5045 5031 0
5045 5033 0
5045 5034 0
5045 2475 0
5045 5036 0
5045 5021 0
5045 5047 0
5045 6737 0
5045 3050 0
5045 6740 0
5045 5630 0
864 5850 0
864 561 0
864 5855 0
864 4956 0
864 864 0
864 866 0
864 870 0
864 389 1
864 3986 0
1605 6665 0
1605 7185 0
1605 6164 0
1605 8879 0
1605 8112 0
1605 1591 0
1605 1605 0
1605 7243 0
1605 6738 0
1605 6739 0
1605 6740 0
1605 6741 0
1605 4964 0
1605 4968 0
1605 9117 0
1605 4969 0
1605 7301 0
1605 1159 0
1605 4972 0
1605 1687 0
1605 6828 0
1605 4787 0
1605 1726 1
1605 4985 0
1605 13019 0
1605 5855 0
1605 8425 0
1605 4991 0
1605 4992 0
1605 5379 0
1605 3848 0
1605 3345 0
1605 5850 0
1605 7480 0
1605 6471 0
1605 6484 0
1605 5501 0
1605 1371 0
1605 861 0
1605 3428 0
1605 3429 0
1605 4966 0
1605 4967 0
1605 4970 0
1605 4973 0
1605 4974 0
1605 4980 0
1605 3446 0
1605 4986 0
1605 4987 0
1605 4988 0
1605 4995 0
1605 5015 0
1605 3986 0
1605 5016 0
1605 2458 0
1605 5018 0
1605 5027 0
1605 5031 0
1605 5033 0
1605 5034 0
1605 2475 0
1605 5036 0
1605 5021 0
1605 5047 0
1605 3517 0
1605 5028 0
1605 6737 0
1605 3050 0
1605 5630 0
70 70 0
70 72 0
70 74 1
70 5753 0
70 5755 0
70 1160 0
70 1679 1
70 3352 0
70 2950 0
70 7083 0
5985 1726 1
5985 5855 0
5985 5981 0
5985 5985 0
5985 3446 0
72 2950 0
72 1679 1
72 72 0
72 74 1
72 5755 0
74 2950 1
74 270 1
74 1679 2
74 3352 1
74 17699 1
74 7083 1
74 1479 1
74 5747 1
74 5750 1
74 5753 1
74 5755 1
7243 2475 0
7243 6665 0
7243 7185 0
7243 6164 0
7243 1591 0
7243 7243 0
7243 6738 0
7243 6739 0
7243 6740 0
7243 6741 0
7243 6737 0
7243 3428 0
7243 7301 0
7243 1159 0
7243 6828 0
7243 8879 0
7243 1726 1
7243 13019 0
7243 5379 0
7243 5380 0
7243 3848 0
7243 4874 0
7243 3345 0
7243 301 0
7243 7480 0
7243 5855 0
7243 6471 0
7243 6484 0
7243 5501 0
7243 1371 0
7243 4964 0
7243 3429 0
7243 4966 0
7243 4967 0
7243 4968 0
7243 4969 0
7243 4970 0
7243 4972 0
7243 4973 0
7243 4974 0
7243 4980 0
7243 8425 0
7243 4985 0
7243 4986 0
7243 4987 0
7243 4988 0
7243 4991 0
7243 4992 0
7243 4995 0
7243 9117 0
7243 5015 0
7243 5016 0
7243 2458 0
7243 5018 0
7243 5027 0
7243 5028 0
7243 5031 0
7243 5033 0
7243 5034 0
7243 5036 0
7243 5021 0
7243 8112 0
7243 5047 0
7243 8954 0
7243 3050 0
7243 5630 0
5709 5379 0
5709 5380 0
5709 1160 0
5709 1687 0
5709 301 0
5709 5709 0
5709 5855 0
5709 6142 1
6737 6164 0
6737 3446 0
6737 8425 0
6737 6471 0
6737 6484 0
6737 2458 0
6737 2475 0
6737 20919 0
6737 2500 0
6737 6665 0
6737 6738 0
6737 6739 0
6737 6740 0
6737 6741 0
6737 6828 0
6737 8879 0
6737 13019 0
6737 4874 0
6737 861 0
6737 4964 0
6737 4966 0
6737 4967 0
6737 4968 0
6737 4969 0
6737 4970 0
6737 4972 0
6737 4973 0
6737 4974 0
6737 4980 0
6737 4987 0
6737 4988 0
6737 4991 0
6737 4992 0
6737 4995 0
6737 5015 0
6737 5016 0
6737 5018 0
6737 9117 0
6737 5027 0
6737 5028 0
6737 5031 0
6737 5033 0
6737 5034 0
6737 5036 0
6737 5047 0
6737 984 0
6737 3050 0
6737 7185 0
6737 7301 0
6737 4985 0
6737 4986 0
6737 5379 0
6737 7455 0
6737 7480 0
6737 1371 0
6737 1372 1
6737 3428 0
6737 3429 0
6737 5501 0
6737 11669 0
6737 5021 0
6737 5630 0
6737 1591 0
6737 3345 0
6737 1726 1
6737 1728 0
6737 5855 0
6737 1765 0
6737 9973 0
6737 3848 0
6737 5981 0
6737 3986 0
6738 6164 0
6738 8425 0
6738 4409 0
6738 6471 0
6738 6484 0
6738 2458 0
6738 2475 0
6738 20919 0
6738 6665 0
6738 6738 0
6738 6739 0
6738 6740 0
6738 6741 0
6738 6828 0
6738 8879 0
6738 13019 0
6738 9051 0
6738 4964 0
6738 4966 0
6738 4967 0
6738 4968 0
6738 4969 0
6738 4970 0
6738 4972 0
6738 4973 0
6738 4974 0
6738 4980 0
6738 4985 0
6738 4987 0
6738 4988 0
6738 4991 0
6738 4992 0
6738 4995 0
6738 7053 0
6738 5015 0
6738 5016 0
6738 17308 0
6738 9117 0
6738 5027 0
6738 5028 0
6738 5031 0
6738 937 0
6738 5034 0
6738 7083 0
6738 5047 0
6738 984 0
6738 3050 0
6738 17396 0
6738 7185 0
6738 7301 0
6738 4986 0
6738 5379 0
6738 5021 0
6738 7455 0
6738 7480 0
6738 1371 0
6738 1372 1
6738 3428 0
6738 3429 0
6738 3446 0
6738 5501 0
6738 11669 0
6738 5018 0
6738 5033 0
6738 5630 0
6738 5036 0
6738 870 0
6738 1591 0
6738 3345 0
6738 1726 1
6738 1728 0
6738 5855 0
6738 1765 0
6738 9973 0
6738 3848 0
6738 5981 0
6739 6164 0
6739 4985 0
6739 8425 0
6739 5850 0
6739 8503 0
6739 4410 0
6739 4411 0
6739 4413 0
6739 6471 0
6739 6484 0
6739 2405 0
6739 2458 0
6739 2475 0
6739 4547 0
6739 20857 0
6739 4596 1
6739 6665 0
6739 6739 0
6739 6740 0
6739 6741 0
6739 6828 0
6739 8879 0
6739 13019 0
6739 8933 0
6739 4870 0
6739 4964 0
6739 4966 0
6739 4967 0
6739 4968 0
6739 4969 0
6739 4970 0
6739 4972 0
6739 4973 0
6739 4974 0
6739 4980 0
6739 4987 0
6739 4988 0
6739 4991 0
6739 4992 0
6739 4995 0
6739 5015 0
6739 5016 0
6739 5018 0
6739 5021 0
6739 5027 0
6739 5028 0
6739 5031 0
6739 5033 0
6739 5034 0
6739 5036 0
6739 9117 0
6739 5047 0
6739 3050 0
6739 7185 0
6739 7301 0
6739 1159 0
6739 4986 0
6739 5365 0
6739 5366 0
6739 5379 0
6739 5380 0
6739 3345 0
6739 7455 0
6739 7480 0
6739 1371 0
6739 3428 0
6739 3429 0
6739 5501 0
6739 7605 0
6739 5630 0
6739 20919 0
6739 1591 0
6739 1726 1
6739 1765 0
6739 3848 0
6739 5981 0
6739 3986 0
6739 8112 0
6740 6164 0
6740 8425 0
6740 301 0
6740 6471 0
6740 6484 0
6740 2458 0
6740 2475 0
6740 20919 0
6740 6665 0
6740 6741 0
6740 6828 0
6740 8879 0
6740 13019 0
6740 4859 0
6740 4964 0
6740 4966 0
6740 4967 0
6740 4968 0
6740 4969 0
6740 4970 0
6740 4972 0
6740 4973 0
6740 4974 0
6740 4980 0
6740 4985 0
6740 4986 0
6740 4987 0
6740 4988 0
6740 4991 0
6740 4992 0
6740 4995 0
6740 5015 0
6740 5016 0
6740 5018 0
6740 17308 0
6740 5021 0
6740 5027 0
6740 5028 0
6740 5031 0
6740 5033 0
6740 5034 0
6740 5036 0
6740 5047 0
6740 3050 0
6740 7185 0
6740 7301 0
6740 5379 0
6740 7455 0
6740 7480 0
6740 1371 0
6740 3428 0
6740 3429 0
6740 5501 0
6740 9117 0
6740 5630 0
6740 1591 0
6740 3345 0
6740 1726 1
6740 1765 0
6740 3848 0
6740 4409 0
6740 5981 0
6740 3986 0
6741 6164 0
6741 8425 0
6741 5850 0
6741 4413 0
6741 4416 0
6741 4420 0
6741 6471 0
6741 6484 0
6741 4465 0
6741 2458 0
6741 2475 0
6741 20919 0
6741 6665 0
6741 6741 0
6741 6828 0
6741 8879 0
6741 4859 0
6741 9051 0
6741 4956 0
6741 4964 0
6741 870 0
6741 4969 0
6741 4970 0
6741 4972 0
6741 4973 0
6741 4974 0
6741 4980 0
6741 4985 0
6741 4986 0
6741 4987 0
6741 4988 0
6741 4991 0
6741 4992 0
6741 4995 0
6741 5015 0
6741 5016 0
6741 5018 0
6741 5021 0
6741 5027 0
6741 5028 0
6741 5033 0
6741 5034 0
6741 5036 0
6741 5047 0
6741 3050 0
6741 7185 0
6741 861 0
6741 4966 0
6741 4967 0
6741 4968 0
6741 7301 0
6741 5379 0
6741 7455 0
6741 7480 0
6741 1371 0
6741 3428 0
6741 3429 0
6741 3446 0
6741 5501 0
6741 19852 0
6741 11669 0
6741 17308 0
6741 9117 0
6741 5031 0
6741 937 0
6741 5630 0
6741 1591 0
6741 3345 0
6741 1726 1
6741 1765 0
6741 5885 0
6741 3848 0
6741 13019 0
6741 5981 0
6741 3986 0
6741 18332 0
3428 6665 0
3428 7185 0
3428 6164 0
3428 861 0
3428 1591 0
3428 3428 0
3428 4967 0
3428 7301 0
3428 1687 0
3428 6828 0
3428 5018 0
3428 8879 0
3428 1726 1
3428 13019 0
3428 8425 0
3428 5379 0
3428 3848 0
3428 3345 0
3428 5021 0
3428 7480 0
3428 827 0
3428 6471 0
3428 6484 0
3428 1371 0
3428 4956 0
3428 4964 0
3428 3429 0
3428 4966 0
3428 4968 0
3428 4969 0
3428 4970 0
3428 4972 0
3428 4973 0
3428 4974 0
3428 4980 0
3428 4985 0
3428 4986 0
3428 4987 0
3428 4988 0
3428 5501 0
3428 4991 0
3428 4992 0
3428 4995 0
3428 9117 0
3428 3986 0
3428 11669 0
3428 5015 0
3428 5016 0
3428 2458 0
3428 5027 0
3428 5028 0
3428 5031 0
3428 937 0
3428 5034 0
3428 2475 0
3428 5036 0
3428 8112 0
3428 5047 0
3428 3050 0
3428 5033 0
3428 5630 0
4794 1591 0
4794 1721 0
4794 1722 1
4794 1725 1
4794 1726 1
4794 4789 0
4794 4409 0
4794 4956 0
4794 4794 0
4794 6128 0
3429 6665 0
3429 7185 0
3429 6164 0
3429 8879 0
3429 5981 0
3429 1591 0
3429 5015 0
3429 4964 0
3429 4966 0
3429 4967 0
3429 4968 0
3429 9117 0
3429 4969 0
3429 7301 0
3429 4972 0
3429 18332 0
3429 4974 0
3429 1687 0
3429 6828 0
3429 1726 1
3429 4985 0
3429 13019 0
3429 4987 0
3429 8425 0
3429 5501 0
3429 5379 0
3429 3848 0
3429 3345 0
3429 5850 0
3429 4973 0
3429 5021 0
3429 7480 0
3429 6471 0
3429 6484 0
3429 1371 0
3429 4970 0
3429 5018 0
3429 3986 0
3429 4980 0
3429 4986 0
3429 4988 0
3429 3050 0
3429 4991 0
3429 4992 0
3429 4995 0
3429 5016 0
3429 2458 0
3429 5027 0
3429 5028 0
3429 5031 0
3429 5033 0
3429 2475 0
3429 5036 0
3429 5047 0
3429 5034 0
3429 5630 0
5630 6665 0
5630 7185 0
5630 6164 0
5630 561 0
5630 1591 0
5630 7301 0
5630 6828 0
5630 8879 0
5630 1726 1
5630 13019 0
5630 8425 0
5630 5885 0
5630 5379 0
5630 3848 0
5630 3345 0
5630 5021 0
5630 7480 0
5630 6471 0
5630 6484 0
5630 1371 0
5630 861 0
5630 4964 0
5630 4966 0
5630 4967 0
5630 4968 0
5630 4969 0
5630 4970 0
5630 4972 0
5630 4973 0
5630 4974 0
5630 4980 0
5630 4985 0
5630 4986 0
5630 4987 0
5630 4988 0
5630 5501 0
5630 4991 0
5630 4992 0
5630 4995 0
5630 9117 0
5630 3986 0
5630 5015 0
5630 5016 0
5630 2458 0
5630 5018 0
5630 5027 0
5630 5028 0
5630 5031 0
5630 937 0
5630 5034 0
5630 2475 0
5630 5036 0
5630 8112 0
5630 5047 0
5630 3050 0
5630 5033 0
1376 6665 0
1376 1591 0
1376 1479 0
1376 1727 1
1376 5855 0
1376 827 0
1376 1376 0
1376 870 0
1376 3446 0
1376 5015 0
1376 5027 0
1376 4596 1
7185 4992 0
7185 4995 0
7185 7301 0
7185 3848 0
7185 7480 0
7185 3345 0
7185 5379 0
7185 6164 0
7185 5047 0
7185 6828 0
7185 5015 0
7185 5016 0
7185 2458 0
7185 5018 0
7185 5027 0
7185 5028 0
7185 5033 0
7185 5034 0
7185 2475 0
7185 6665 0
7185 5021 0
7185 4967 0
7185 5031 0
7185 1591 0
7185 1726 1
7185 13019 0
7185 6471 0
7185 5036 0
7185 8425 0
7185 6484 0
7185 4964 0
7185 1371 0
7185 8879 0
7185 4966 0
7185 4968 0
7185 3050 0
7185 4972 0
7185 4973 0
7185 4974 0
7185 5501 0
7185 4980 0
7185 9117 0
7185 4969 0
7185 4985 0
7185 4986 0
7185 4987 0
7185 4988 0
7185 4970 0
7185 4991 0
7274 389 1
7274 3986 0
7274 301 0
7274 4789 0
7274 5981 0
7274 5855 0
7274 7274 0
7274 3446 0
5047 6665 0
5047 6164 0
5047 8879 0
5047 8112 0
5047 1591 0
5047 7301 0
5047 6828 0
5047 1726 1
5047 3446 0
5047 13019 0
5047 8425 0
5047 5501 0
5047 5379 0
5047 3848 0
5047 3345 0
5047 5850 0
5047 7480 0
5047 6471 0
5047 6484 0
5047 1371 0
5047 861 0
5047 4964 0
5047 4966 0
5047 4967 0
5047 4968 0
5047 4969 0
5047 4970 0
5047 4972 0
5047 4973 0
5047 4974 0
5047 4980 0
5047 4985 0
5047 4986 0
5047 4987 0
5047 4988 0
5047 4991 0
5047 4992 0
5047 4995 0
5047 5015 0
5047 5016 0
5047 2458 0
5047 5018 0
5047 5027 0
5047 5028 0
5047 5031 0
5047 5033 0
5047 5034 0
5047 2475 0
5047 5036 0
5047 5021 0
5047 9117 0
5047 3050 0
5047 17396 0
4968 6665 0
4968 6164 0
4968 8879 0
4968 1591 0
4968 4964 0
4968 4967 0
4968 9117 0
4968 7301 0
4968 4972 0
4968 18332 0
4968 6828 0
4968 5018 0
4968 1726 1
4968 4985 0
4968 5855 0
4968 1765 0
4968 8425 0
4968 5501 0
4968 5379 0
4968 3848 0
4968 3345 0
4968 8112 0
4968 5850 0
4968 13019 0
4968 6471 0
4968 6484 0
4968 1371 0
4968 4966 0
4968 4969 0
4968 4970 0
4968 4973 0
4968 4974 0
4968 4980 0
4968 4986 0
4968 4987 0
4968 4988 0
4968 4991 0
4968 4992 0
4968 4995 0
4968 5015 0
4968 7480 0
4968 3986 0
4968 5016 0
4968 2458 0
4968 5027 0
4968 5028 0
4968 5031 0
4968 5033 0
4968 5034 0
4968 2475 0
4968 5036 0
4968 5021 0
4968 3050 0
5747 5747 0
5747 5753 0
5747 5755 0
5747 1679 1
5747 5432 0
5747 18332 0
117 561 0
117 1160 0
117 1687 0
117 13479 0
117 3240 0
117 1479 0
117 19628 0
117 4787 0
117 117 0
117 1728 0
117 5853 0
117 5855 0
117 1765 0
117 4859 0
117 11518 0
117 4869 0
117 4870 0
117 3848 0
117 5850 0
117 4402 0
117 5432 0
117 4409 0
117 827 0
117 1372 1
117 861 0
117 870 0
117 4956 0
117 2411 0
117 3986 0
117 389 1
117 19852 0
117 7053 0
117 2458 0
117 6128 0
117 8112 0
117 4547 0
117 2500 0
117 5028 0
117 5885 0
117 3574 0
5750 5755 0
5750 1679 1
5750 5750 0
5750 5753 0
4969 6164 0
4969 8425 0
4969 6471 0
4969 6484 0
4969 2458 0
4969 2475 0
4969 6665 0
4969 6828 0
4969 8879 0
4969 13019 0
4969 861 0
4969 4964 0
4969 4966 0
4969 4970 0
4969 4972 0
4969 4973 0
4969 4974 0
4969 4980 0
4969 4986 0
4969 4987 0
4969 4988 0
4969 4991 0
4969 4992 0
4969 4995 0
4969 5015 0
4969 5016 0
4969 5018 0
4969 9117 0
4969 5027 0
4969 5028 0
4969 5031 0
4969 5033 0
4969 5034 0
4969 5036 0
4969 3050 0
4969 4967 0
4969 7301 0
4969 4985 0
4969 5379 0
4969 3345 0
4969 7480 0
4969 1371 0
4969 5501 0
4969 5021 0
4969 1591 0
4969 5850 0
4969 1726 1
4969 5855 0
4969 1765 0
4969 3848 0
4969 3986 0
4969 18332 0
4969 8112 0
5753 5753 0
5753 5755 0
5753 1679 1
5753 1687 0
5753 1223 0
5753 17699 0
5753 5885 0
5753 270 0
5753 3352 0
5753 5432 0
5753 6484 0
5753 7083 0
5755 1679 1
5755 5755 0
5755 5885 0
5755 17699 0
5755 5432 0
5755 827 0
5755 5981 0
5755 834 0
5755 7083 0
6269 1591 0
6269 6269 0
6269 1722 1
6269 5885 0
6269 4956 0
6269 9117 0
7301 6665 0
7301 6164 0
7301 8879 0
7301 1591 0
7301 7301 0
7301 6828 0
7301 1726 1
7301 8933 0
7301 8425 0
7301 5379 0
7301 3848 0
7301 3345 0
7301 13019 0
7301 561 0
7301 5021 0
7301 7480 0
7301 6471 0
7301 6484 0
7301 1371 0
7301 861 0
7301 4964 0
7301 4966 0
7301 4967 0
7301 4970 0
7301 4972 0
7301 4973 0
7301 4974 0
7301 4980 0
7301 4985 0
7301 4986 0
7301 4987 0
7301 4988 0
7301 5501 0
7301 4991 0
7301 4992 0
7301 4995 0
7301 9117 0
7301 3986 0
7301 5015 0
7301 5016 0
7301 2458 0
7301 5018 0
7301 5027 0
7301 5028 0
7301 5031 0
7301 5033 0
7301 5034 0
7301 2475 0
7301 5036 0
7301 20857 0
7301 3050 0
1159 6665 0
1159 1159 0
1159 1160 0
1159 1687 0
1159 1223 0
1159 12542 0
1159 301 0
1159 8503 0
1159 861 0
1159 389 1
1159 2458 0
1159 3517 0
1159 3574 0
1160 6164 0
1160 2408 0
1160 301 0
1160 8503 0
1160 2405 0
1160 2411 0
1160 2416 0
1160 2500 0
1160 561 0
1160 6828 0
1160 4787 0
1160 4859 0
1160 866 0
1160 870 0
1160 17363 0
1160 19628 0
1160 861 0
1160 6665 0
1160 1160 0
1160 1223 0
1160 5365 0
1160 5366 0
1160 3352 0
1160 7455 0
1160 4409 0
1160 7534 0
1160 3446 0
1160 1687 0
1160 1725 1
1160 5855 0
1160 1765 0
1160 5432 0
1160 1920 0
1160 6128 0
1679 2950 1
1679 1479 1
1679 1679 2
1679 5432 1
1679 17699 1
3216 4869 0
3216 3216 0
3216 4449 1
3216 1765 0
3216 3446 0
4966 6164 0
4966 8425 0
4966 6471 0
4966 6484 0
4966 2458 0
4966 2475 0
4966 6665 0
4966 6828 0
4966 8879 0
4966 13019 0
4966 4859 0
4966 4956 0
4966 4964 0
4966 4967 0
4966 4970 0
4966 4972 0
4966 4973 0
4966 4974 0
4966 4980 0
4966 4986 0
4966 4987 0
4966 4988 0
4966 4991 0
4966 4992 0
4966 4995 0
4966 5015 0
4966 5016 0
4966 5018 0
4966 5021 0
4966 5027 0
4966 5028 0
4966 5031 0
4966 5033 0
4966 5034 0
4966 5036 0
4966 17396 0
4966 4985 0
4966 5379 0
4966 861 0
4966 3345 0
4966 7480 0
4966 1371 0
4966 3446 0
4966 5501 0
4966 9117 0
4966 1591 0
4966 5850 0
4966 1726 1
4966 5855 0
4966 3848 0
4966 3050 0
4966 3986 0
4966 18332 0
4966 8112 0
1687 301 0
1687 4402 0
1687 8503 0
1687 2405 0
1687 2408 0
1687 11669 0
1687 389 1
1687 4547 0
1687 2500 0
1687 453 0
1687 6665 0
1687 561 0
1687 4787 0
1687 4859 0
1687 827 0
1687 861 0
1687 866 0
1687 870 0
1687 4987 0
1687 17308 0
1687 17363 0
1687 984 0
1687 5981 0
1687 19628 0
1687 5365 0
1687 5366 0
1687 8064 0
1687 5380 0
1687 3352 0
1687 7455 0
1687 5432 0
1687 1371 0
1687 1372 1
1687 3446 0
1687 7605 0
1687 3574 0
1687 1591 0
1687 1687 0
1687 5855 0
1687 1765 0
1687 4409 0
1687 1920 0
1687 6141 1
2415 7534 0
2415 7455 0
2415 301 0
2415 561 0
2415 4409 0
2415 4410 0
2415 4411 0
2415 4412 0
2415 4413 0
2415 4414 0
2415 1727 1
2415 4416 0
2415 4417 0
2415 4418 0
2415 4419 0
2415 4420 0
2415 984 0
2415 1722 1
2415 3551 0
2415 1888 0
2415 866 0
2415 2408 0
2415 2409 0
2415 2410 0
2415 2411 0
2415 2414 0
2415 1725 1
2415 2416 0
2415 2417 0
2415 756 0
2415 4415 0
2415 12542 0
7326 389 1
7326 6164 0
7326 3517 0
2210 2210 2
2210 18332 1
2210 2270 1
2417 7534 0
2417 561 0
2417 4409 0
2417 4410 0
2417 4411 0
2417 4412 0
2417 4413 0
2417 4414 0
2417 1727 1
2417 4416 0
2417 4417 0
2417 4418 0
2417 4419 0
2417 4420 0
2417 1722 1
2417 5855 0
2417 3551 0
2417 1725 1
2417 866 0
2417 8933 0
2417 2408 0
2417 2409 0
2417 2410 0
2417 2411 0
2417 7603 0
2417 2414 0
2417 2416 0
2417 756 0
2417 3574 0
2417 4415 0
2417 12542 0
3240 389 1
3240 4547 0
3240 4402 0
3240 5850 0
3240 4956 0
3240 5501 0
3240 6142 1
19628 5365 0
19628 561 0
19628 8503 0
19628 4409 0
19628 1372 1
19628 8081 0
19628 19852 0
19628 2458 0
8879 2475 0
8879 6164 0
8879 7605 0
8879 1591 0
8879 1725 1
8879 7083 0
8879 6828 0
8879 1726 1
8879 13019 0
8879 17363 0
8879 4859 0
8879 5379 0
8879 3848 0
8879 6665 0
8879 3345 0
8879 7480 0
8879 6471 0
8879 6484 0
8879 1371 0
8879 861 0
8879 4964 0
8879 4967 0
8879 4970 0
8879 4972 0
8879 4973 0
8879 4974 0
8879 4980 0
8879 8425 0
8879 4985 0
8879 4986 0
8879 4987 0
8879 4988 0
8879 5501 0
8879 4991 0
8879 4992 0
8879 4995 0
8879 9117 0
8879 3986 0
8879 5016 0
8879 2458 0
8879 18332 0
8879 5018 0
8879 5027 0
8879 5028 0
8879 5031 0
8879 5015 0
8879 5034 0
8879 5036 0
8879 5021 0
8879 4547 0
8879 1479 0
8879 3050 0
8879 5033 0
4784 389 1
4784 4870 0
4784 4872 0
4784 2500 0
4784 453 0
4784 4785 0
4784 301 0
4784 4402 0
4784 827 0
4784 1479 0
4784 4956 0
4784 2405 0
4784 8954 0
4785 1920 0
4785 389 1
4785 4870 0
4785 4872 0
4785 4547 0
4785 2458 0
4785 4869 0
4785 453 0
4787 1591 0
4787 4787 0
4787 5855 0
4787 1765 0
4787 5885 0
4787 5379 0
4787 5981 0
4787 2414 0
4787 3446 0
4787 17308 0
4787 8112 0
4787 2508 0
4787 6142 1
4789 2405 0
4789 4789 0
4789 1722 1
4789 5855 0
4789 5380 0
4789 1809 0
4789 561 0
4789 5432 0
4789 4956 0
4789 389 1
4789 2458 0
4789 937 0
4789 6128 0
1721 19852 0
1721 13479 0
1721 4409 0
1721 1726 1
1721 17308 0
1721 2414 0
1721 8954 0
1721 6141 1
1722 4416 1
1722 3986 1
1722 7534 1
1722 13019 1
1722 301 1
1722 561 1
1722 7603 1
1722 4413 1
1722 15672 1
1722 4409 1
1722 1722 2
1722 827 1
1722 4412 1
1722 1725 2
1722 4414 1
1722 1727 2
1722 1728 1
1722 4417 1
1722 4418 1
1722 4419 1
1722 4420 1
1722 17396 1
1722 17363 1
1722 4410 1
1722 5855 1
1722 3551 1
1722 866 1
1722 4411 1
1722 2408 1
1722 2409 1
1722 2410 1
1722 2411 1
1722 2414 1
1722 2416 1
1722 756 1
1722 20857 1
1722 8954 1
1722 4415 1
1722 12542 1
1725 561 1
1725 2414 1
1725 1727 2
1725 1728 1
1725 1223 1
1725 5855 1
1725 8933 1
1725 756 1
1725 5365 1
1725 5366 1
1725 12542 1
1725 4874 1
1725 270 1
1725 7455 1
1725 301 1
1725 4409 1
1725 4410 1
1725 4411 1
1725 4412 1
1725 4413 1
1725 4414 1
1725 4415 1
1725 4416 1
1725 4417 1
1725 4418 1
1725 4419 1
1725 4420 1
1725 1888 1
1725 866 1
1725 2408 1
1725 2409 1
1725 2410 1
1725 2411 1
1725 7534 1
1725 2416 1
1725 20857 1
1725 7603 1
1725 7605 1
1725 17363 1
1725 3551 1
1725 17396 1
1725 3574 1
1725 6142 2
1726 6665 1
1726 6164 1
1726 1591 1
1726 2414 1
1726 13479 1
1726 6828 1
1726 1726 2
1726 1728 1
1726 13019 1
1726 8425 1
1726 9973 1
1726 5379 1
1726 5380 1
1726 3848 1
1726 1807 1
1726 3345 1
1726 5021 1
1726 7480 1
1726 4409 1
1726 6471 1
1726 6484 1
1726 1371 1
1726 4964 1
1726 4967 1
1726 4970 1
1726 4972 1
1726 4973 1
1726 4974 1
1726 4980 1
1726 4985 1
1726 4986 1
1726 4987 1
1726 4988 1
1726 5501 1
1726 4991 1
1726 4992 1
1726 4995 1
1726 9117 1
1726 19852 1
1726 3986 1
1726 5015 1
1726 5016 1
1726 2458 1
1726 17308 1
1726 5018 1
1726 5027 1
1726 5028 1
1726 5031 1
1726 5033 1
1726 5034 1
1726 2475 1
1726 5036 1
1726 3050 1
1726 6141 2
1727 15672 1
1727 4409 1
1727 1728 1
1727 4553 1
1727 866 1
1727 1765 1
1727 2414 1
1727 756 1
1728 561 0
1728 4409 0
1728 2500 0
1728 984 0
1728 1371 0
1728 4956 0
1728 5981 0
1728 5855 0
1728 2410 0
1728 3446 0
1728 6141 1
1223 8064 0
1223 8112 0
1223 5855 0
1223 756 0
1223 4859 0
1223 5850 0
1223 5432 0
1223 827 0
1223 4414 0
1223 5981 0
1223 4956 0
1223 3986 0
1223 7534 0
1223 5501 0
1223 4547 0
1223 2500 0
1223 17396 0
1223 6142 1
4985 6164 0
4985 1591 0
4985 13019 0
4985 4972 0
4985 6828 0
4985 5855 0
4985 8425 0
4985 5501 0
4985 5885 0
4985 5379 0
4985 3848 0
4985 9117 0
4985 3345 0
4985 5850 0
4985 7480 0
4985 6471 0
4985 6484 0
4985 1371 0
4985 4964 0
4985 4967 0
4985 4970 0
4985 4973 0
4985 4974 0
4985 4980 0
4985 4986 0
4985 4987 0
4985 4988 0
4985 4991 0
4985 4992 0
4985 4995 0
4985 5015 0
4985 5016 0
4985 2458 0
4985 5018 0
4985 5027 0
4985 5028 0
4985 5031 0
4985 5033 0
4985 5034 0
4985 2475 0
4985 5036 0
4985 5021 0
4985 6665 0
4985 3050 0
5850 4956 0
5850 1591 0
5850 4964 0
5850 4972 0
5850 5853 0
5850 4988 0
5850 8954 0
5850 4869 0
5850 4973 0
5850 3345 0
5850 5850 0
5850 7480 0
5850 827 0
5850 4870 0
5850 1372 1
5850 861 0
5850 870 0
5850 4967 0
5850 4970 0
5850 3986 0
5850 4974 0
5850 4980 0
5850 3446 0
5850 4986 0
5850 4987 0
5850 4991 0
5850 4992 0
5850 4995 0
5850 389 1
5850 11669 0
5850 5015 0
5850 5021 0
5850 5027 0
5850 5033 0
5850 5034 0
5850 5036 0
5850 4547 0
5850 5855 0
5850 984 0
5850 5028 0
5850 5031 0
13019 6665 0
13019 1591 0
13019 6164 0
13019 6828 0
13019 8425 0
13019 5379 0
13019 3848 0
13019 3345 0
13019 5021 0
13019 7480 0
13019 6471 0
13019 6484 0
13019 1371 0
13019 861 0
13019 4964 0
13019 4967 0
13019 4970 0
13019 4972 0
13019 4973 0
13019 4974 0
13019 4465 0
13019 4980 0
13019 4986 0
13019 4987 0
13019 4988 0
13019 5501 0
13019 4991 0
13019 4992 0
13019 4995 0
13019 9117 0
13019 3986 0
13019 5015 0
13019 5016 0
13019 2458 0
13019 5018 0
13019 5027 0
13019 5028 0
13019 5031 0
13019 5033 0
13019 5034 0
13019 2475 0
13019 5036 0
13019 3517 0
13019 3050 0
4829 389 1
4829 1809 0
4829 2458 0
4829 4829 0
4829 561 0
4829 1591 0
4829 4547 0
4829 3446 0
4829 861 0
4829 3574 0
4829 8954 0
2270 18332 0
2270 2508 0
2270 4449 1
5855 301 0
5855 8503 0
5855 2405 0
5855 2414 0
5855 4465 0
5855 389 1
5855 2458 0
5855 20919 0
5855 4547 0
5855 2500 0
5855 4553 0
5855 561 0
5855 453 0
5855 6828 0
5855 756 0
5855 4859 0
5855 4869 0
5855 4872 0
5855 4874 0
5855 827 0
5855 4956 0
5855 861 0
5855 866 0
5855 870 0
5855 4967 0
5855 4972 0
5855 4973 0
5855 4974 0
5855 4980 0
5855 4986 0
5855 4987 0
5855 4992 0
5855 5015 0
5855 5016 0
5855 5018 0
5855 17308 0
5855 5021 0
5855 5028 0
5855 937 0
5855 5034 0
5855 984 0
5855 4964 0
5855 17363 0
5855 4988 0
5855 5365 0
5855 5366 0
5855 5380 0
5855 3345 0
5855 3352 0
5855 7455 0
5855 5432 0
5855 1371 0
5855 1372 1
5855 7534 0
5855 3446 0
5855 7480 0
5855 1479 0
5855 5027 0
5855 3551 0
5855 5033 0
5855 1591 0
5855 5853 0
5855 5855 0
5855 1765 0
5855 7083 0
5855 3848 0
5855 5981 0
5855 1920 0
5855 8112 0
5855 6128 0
5855 6142 1
8933 8933 0
8933 5885 0
8933 4874 0
8933 3345 0
8933 4411 0
8933 4956 0
8933 3986 0
8933 5016 0
8933 8112 0
8933 2500 0
8933 4596 1
8933 3574 0
8425 6665 0
8425 6164 0
8425 1591 0
8425 6828 0
8425 8425 0
8425 5379 0
8425 3848 0
8425 3345 0
8425 5021 0
8425 7480 0
8425 6471 0
8425 6484 0
8425 1371 0
8425 4956 0
8425 4964 0
8425 4967 0
8425 4970 0
8425 4972 0
8425 4973 0
8425 4974 0
8425 4980 0
8425 4986 0
8425 4987 0
8425 4988 0
8425 5501 0
8425 4991 0
8425 4992 0
8425 4995 0
8425 9117 0
8425 5015 0
8425 5016 0
8425 2458 0
8425 5018 0
8425 5027 0
8425 5028 0
8425 5031 0
8425 5033 0
8425 5034 0
8425 2475 0
8425 5036 0
8425 3050 0
8425 17396 0
756 301 0
756 561 0
756 4409 0
756 4410 0
756 4956 0
756 861 0
756 3551 0
756 866 0
756 2410 0
756 2414 0
756 2416 0
756 17363 0
5365 8081 0
5365 561 0
5365 6665 0
5365 17363 0
5365 2408 0
5365 5365 0
5365 5366 0
5365 4869 0
5365 1807 0
5365 5853 0
5365 7534 0
5365 5432 0
5365 4409 0
5365 301 0
5365 4956 0
5365 2409 0
5365 2411 0
5365 2414 0
5365 2416 0
5365 3446 0
5365 3986 0
5365 2458 0
5365 18332 0
5365 2500 0
5365 8954 0
5366 561 0
5366 7534 0
5366 5853 0
5366 5366 0
5366 4409 0
5366 8081 0
5366 2408 0
5366 2409 0
5366 2411 0
5366 2414 0
5366 2416 0
5366 4465 0
5366 389 1
5366 2500 0
5366 17363 0
5366 6142 1
1372 5379 1
1372 6142 2
1372 7053 1
1372 17308 1
1372 301 1
1372 20919 1
1372 7455 1
1372 9973 1
1372 2500 1
1372 6484 1
1372 984 1
1372 1371 1
1372 1372 2
1372 1888 1
1372 870 1
1372 11669 1
1372 20972 1
1372 6141 2
8954 389 1
8954 5853 0
8954 937 0
8954 561 0
8954 3517 0
8954 453 0
8954 1371 0
8954 4956 0
8954 861 0
8954 2405 0
8954 13479 0
8954 4465 0
8954 3574 0
8954 8954 0
4859 301 0
4859 8503 0
4859 4416 0
4859 4420 0
4859 2408 0
4859 389 1
4859 4547 0
4859 2500 0
4859 561 0
4859 6828 0
4859 4859 0
4859 4869 0
4859 4974 0
4859 4987 0
4859 4988 0
4859 5016 0
4859 5034 0
4859 3345 0
4859 5432 0
4859 4409 0
4859 3446 0
4859 937 0
4859 5033 0
4859 7480 0
4859 5981 0
4859 3986 0
5885 270 0
5885 4416 0
5885 4465 0
5885 389 1
5885 2475 0
5885 4995 0
5885 1371 0
5885 5031 0
5885 5885 0
5885 3848 0
5885 1809 0
5885 5981 0
5885 3986 0
11518 6142 1
11518 6141 1
11518 5501 0
11518 4956 0
1920 389 1
1920 1809 0
1920 3352 0
1920 2458 0
1920 561 0
1920 4553 0
1920 11669 0
1920 3446 0
1920 6164 0
5379 2475 0
5379 6665 0
5379 6164 0
5379 1591 0
5379 870 0
5379 13479 0
5379 6828 0
5379 1765 0
5379 5379 0
5379 3848 0
5379 3345 0
5379 5021 0
5379 7480 0
5379 6471 0
5379 6484 0
5379 1371 0
5379 5981 0
5379 4964 0
5379 4967 0
5379 4970 0
5379 4972 0
5379 4973 0
5379 4974 0
5379 4980 0
5379 4986 0
5379 4987 0
5379 4988 0
5379 5501 0
5379 4991 0
5379 4992 0
5379 4995 0
5379 9117 0
5379 8081 0
5379 5015 0
5379 5016 0
5379 2458 0
5379 5018 0
5379 5027 0
5379 5028 0
5379 5031 0
5379 5033 0
5379 5034 0
5379 5036 0
5379 3050 0
5380 1591 0
5380 13479 0
5380 5853 0
5380 1765 0
5380 6828 0
5380 5380 0
5380 561 0
5380 5981 0
5380 4449 1
5380 5501 0
5380 8081 0
5380 6128 0
5380 4547 0
5380 2500 0
5380 3574 0
4869 861 0
4869 5853 0
4869 4869 0
4869 4870 0
4869 4872 0
4869 561 0
4869 827 0
4869 4956 0
4869 2405 0
4869 389 1
4869 3986 0
4869 3517 0
4869 2500 0
4869 17363 0
4869 3574 0
4870 561 0
4870 2411 0
4870 861 0
4870 4872 0
4870 827 0
4870 4956 0
4870 5981 0
4870 2405 0
4870 389 1
4870 3517 0
4870 4547 0
4870 17363 0
4870 3574 0
4872 861 0
4872 2405 0
4872 1765 0
4872 561 0
4872 15672 0
4872 4956 0
4872 389 1
4872 3986 0
4872 3517 0
4872 2500 0
4872 3574 0
4874 8503 0
4874 6484 0
4874 2411 0
4874 2500 0
4874 6828 0
4874 4874 0
4874 7534 0
4874 3446 0
4874 1479 0
4874 5981 0
4874 8064 0
4874 6141 1
270 561 0
270 3446 0
270 270 0
270 5981 0
270 937 0
270 7605 0
1807 1807 0
1807 3345 0
1807 561 0
1807 827 0
1807 4956 0
1807 3517 0
1807 453 0
3345 6665 0
3345 6164 0
3345 8112 0
3345 1591 0
3345 4964 0
3345 4967 0
3345 9117 0
3345 4972 0
3345 18332 0
3345 6828 0
3345 5018 0
3345 5501 0
3345 3848 0
3345 7480 0
3345 6471 0
3345 6484 0
3345 1371 0
3345 4956 0
3345 861 0
3345 870 0
3345 4970 0
3345 4973 0
3345 4974 0
3345 4980 0
3345 4986 0
3345 4987 0
3345 4988 0
3345 4991 0
3345 4992 0
3345 4995 0
3345 5015 0
3345 3986 0
3345 5016 0
3345 2458 0
3345 5027 0
3345 5028 0
3345 5031 0
3345 5033 0
3345 5034 0
3345 2475 0
3345 5036 0
3345 5021 0
3345 3050 0
6828 6164 0
6828 7997 0
6828 1591 0
6828 6828 0
6828 3848 0
6828 3352 0
6828 561 0
6828 301 0
6828 7480 0
6828 6471 0
6828 6484 0
6828 1371 0
6828 4964 0
6828 4967 0
6828 4970 0
6828 4972 0
6828 4973 0
6828 4974 0
6828 4465 0
6828 4980 0
6828 3446 0
6828 4986 0
6828 4987 0
6828 4988 0
6828 5501 0
6828 4991 0
6828 4992 0
6828 4995 0
6828 9117 0
6828 5015 0
6828 5016 0
6828 2458 0
6828 5018 0
6828 5027 0
6828 5028 0
6828 5031 0
6828 5033 0
6828 5034 0
6828 2475 0
6828 5036 0
6828 5021 0
6828 6665 0
6828 3050 0
3352 1765 0
3352 3352 0
3352 301 0
3352 5981 0
3352 866 0
3352 2500 0
3352 6142 1
6164 6164 0
6164 301 0
6164 6471 0
6164 6484 0
6164 2458 0
6164 2475 0
6164 6665 0
6164 861 0
6164 4964 0
6164 4967 0
6164 4970 0
6164 4972 0
6164 4973 0
6164 4974 0
6164 4980 0
6164 4986 0
6164 4987 0
6164 4991 0
6164 4992 0
6164 4995 0
6164 5015 0
6164 5016 0
6164 5018 0
6164 9117 0
6164 5027 0
6164 5028 0
6164 5031 0
6164 5033 0
6164 5034 0
6164 5036 0
6164 3050 0
6164 4988 0
6164 5021 0
6164 7480 0
6164 1371 0
6164 5501 0
6164 1591 0
6164 3848 0
6164 7997 0
6164 3986 0
6164 8112 0
7455 18332 0
7455 3848 0
7455 7455 0
7455 301 0
7455 4409 0
7455 6484 0
7455 1371 0
7455 17308 0
7455 20919 0
7455 984 0
561 12542 0
561 301 0
561 8503 0
561 4409 0
561 4410 0
561 4411 0
561 4412 0
561 4413 0
561 4414 0
561 4415 0
561 4416 0
561 4417 0
561 4418 0
561 4419 0
561 4420 0
561 2405 0
561 2408 0
561 2409 0
561 2410 0
561 2411 0
561 2414 0
561 2416 0
561 4465 0
561 389 1
561 2458 0
561 4547 0
561 2500 0
561 20972 0
561 561 0
561 453 0
561 827 0
561 834 0
561 4956 0
561 866 0
561 4980 0
561 4992 0
561 5027 0
561 5033 0
561 861 0
561 5432 0
561 1371 0
561 7534 0
561 5501 0
561 3517 0
561 1479 0
561 3551 0
561 3574 0
561 937 0
561 1809 0
561 5981 0
561 8112 0
3848 6665 0
3848 5981 0
3848 1591 0
3848 4964 0
3848 4967 0
3848 4972 0
3848 18332 0
3848 7605 0
3848 4987 0
3848 1765 0
3848 3848 0
3848 7480 0
3848 6471 0
3848 6484 0
3848 1371 0
3848 861 0
3848 4970 0
3848 4973 0
3848 4974 0
3848 4980 0
3848 4986 0
3848 4988 0
3848 5501 0
3848 4991 0
3848 4992 0
3848 4995 0
3848 9117 0
3848 5016 0
3848 5015 0
3848 2458 0
3848 5018 0
3848 5027 0
3848 5028 0
3848 5031 0
3848 5033 0
3848 5034 0
3848 2475 0
3848 5036 0
3848 5021 0
3848 3050 0
301 12542 0
301 301 0
301 8503 0
301 827 0
301 5432 0
301 866 0
301 2411 0
301 2414 0
301 2416 0
301 3446 0
301 5981 0
301 4547 0
301 2500 0
1809 389 1
1809 2458 0
1809 937 0
1809 5981 0
1809 8503 0
1809 3517 0
1809 453 0
1809 3986 0
1809 3574 0
5853 2500 0
5853 5853 0
5853 5432 0
5853 827 0
5853 6484 0
5853 4956 0
5853 8081 0
5853 3986 0
5853 6142 1
4402 8112 0
4402 6128 0
4402 5501 0
4402 6142 1
8503 1479 0
8503 8503 0
8503 827 0
8503 1765 0
8503 3446 0
8503 4988 0
8503 8064 0
8503 389 1
8503 19852 0
8503 2458 0
8503 4547 0
8503 2500 0
8503 3574 0
8503 17363 0
5432 389 1
5432 2408 0
5432 4547 0
5432 2500 0
5432 453 0
5432 827 0
5432 861 0
5432 17363 0
5432 5432 0
5432 1479 0
5432 3551 0
5432 5981 0
4409 12542 0
4409 4409 0
4409 4410 0
4409 4412 0
4409 4413 0
4409 4414 0
4409 4415 0
4409 4416 0
4409 4417 0
4409 4418 0
4409 4419 0
4409 4420 0
4409 6484 0
4409 2408 0
4409 2409 0
4409 2410 0
4409 2411 0
4409 2414 0
4409 2416 0
4409 389 1
4409 2458 0
4409 4547 0
4409 6665 0
4409 827 0
4409 4956 0
4409 861 0
4409 866 0
4409 17363 0
4409 984 0
4409 870 0
4409 1371 0
4409 7534 0
4409 5501 0
4409 3551 0
4409 1591 0
4409 1765 0
4409 5981 0
4409 4411 0
4409 3986 0
4409 6141 1
4410 1591 0
4410 18332 0
4410 2414 0
4410 12542 0
4410 15672 0
4410 4411 0
4410 4412 0
4410 4413 0
4410 4414 0
4410 4415 0
4410 4416 0
4410 4417 0
4410 4418 0
4410 4419 0
4410 4420 0
4410 6484 0
4410 866 0
4410 2408 0
4410 2409 0
4410 2410 0
4410 2411 0
4410 7534 0
4410 2416 0
4410 3986 0
4410 17363 0
4411 1591 0
4411 2411 0
4411 4420 0
4411 2414 0
4411 2416 0
4411 17363 0
4411 12542 0
4411 4411 0
4411 4412 0
4411 4413 0
4411 4414 0
4411 4415 0
4411 4416 0
4411 4417 0
4411 4418 0
4411 4419 0
4411 6484 0
4411 5981 0
4411 2408 0
4411 2409 0
4411 2410 0
4411 7534 0
4412 7534 0
4412 6484 0
4412 4413 0
4412 4412 0
4412 4414 0
4412 4415 0
4412 4416 0
4412 4417 0
4412 4418 0
4412 4419 0
4412 4420 0
4412 2408 0
4412 2409 0
4412 2410 0
4412 2411 0
4412 2414 0
4412 2416 0
4412 17363 0
4412 12542 0
4413 4416 0
4413 1591 0
4413 2414 0
4413 17363 0
4413 12542 0
4413 4413 0
4413 4414 0
4413 4415 0
4413 4417 0
4413 4418 0
4413 4419 0
4413 4420 0
4413 4956 0
4413 2408 0
4413 2409 0
4413 2410 0
4413 2411 0
4413 7534 0
4413 2416 0
4414 2414 0
4414 17363 0
4414 12542 0
4414 4415 0
4414 4416 0
4414 4417 0
4414 4418 0
4414 4419 0
4414 4420 0
4414 2408 0
4414 2409 0
4414 2410 0
4414 2411 0
4414 7534 0
4414 2416 0
4415 2414 0
4415 13479 0
4415 12542 0
4415 4416 0
4415 4417 0
4415 4418 0
4415 4419 0
4415 4420 0
4415 1765 0
4415 2408 0
4415 2409 0
4415 2410 0
4415 2411 0
4415 7534 0
4415 2416 0
4415 4415 0
4415 17363 0
4416 2414 0
4416 17363 0
4416 12542 0
4416 4416 0
4416 4417 0
4416 4418 0
4416 4419 0
4416 4420 0
4416 2408 0
4416 2409 0
4416 2410 0
4416 2411 0
4416 7534 0
4416 2416 0
4417 7534 0
4417 4418 0
4417 4419 0
4417 4420 0
4417 6484 0
4417 2408 0
4417 2409 0
4417 2410 0
4417 2411 0
4417 2414 0
4417 2416 0
4417 17363 0
4417 12542 0
4418 4419 0
4418 4420 0
4418 7534 0
4418 1371 0
4418 2408 0
4418 2409 0
4418 2410 0
4418 2411 0
4418 2414 0
4418 2416 0
4418 17363 0
4418 12542 0
4419 7534 0
4419 4419 0
4419 4420 0
4419 2408 0
4419 2409 0
4419 2410 0
4419 2411 0
4419 2414 0
4419 2416 0
4419 17363 0
4419 12542 0
4420 2408 0
4420 2414 0
4420 17363 0
4420 12542 0
4420 2409 0
4420 2410 0
4420 2411 0
4420 7534 0
4420 2416 0
6471 6665 0
6471 1591 0
6471 5501 0
6471 7480 0
6471 6484 0
6471 1371 0
6471 4964 0
6471 4967 0
6471 4970 0
6471 4972 0
6471 4973 0
6471 4974 0
6471 4980 0
6471 4986 0
6471 4987 0
6471 4988 0
6471 4991 0
6471 4992 0
6471 4995 0
6471 9117 0
6471 5015 0
6471 5016 0
6471 2458 0
6471 5018 0
6471 5027 0
6471 5028 0
6471 5031 0
6471 5033 0
6471 5034 0
6471 2475 0
6471 5036 0
6471 5021 0
6471 3050 0
1591 3446 0
1591 6484 0
1591 2458 0
1591 2475 0
1591 6665 0
1591 4956 0
1591 861 0
1591 4964 0
1591 870 0
1591 4967 0
1591 4970 0
1591 4972 0
1591 4973 0
1591 4974 0
1591 4980 0
1591 4986 0
1591 4987 0
1591 4988 0
1591 4991 0
1591 4992 0
1591 4995 0
1591 5015 0
1591 5016 0
1591 5018 0
1591 5021 0
1591 5027 0
1591 5028 0
1591 5031 0
1591 5033 0
1591 5034 0
1591 5036 0
1591 17363 0
1591 3050 0
1591 17396 0
1591 7480 0
1591 1371 0
1591 5501 0
1591 5981 0
1591 9117 0
1591 3551 0
1591 1591 0
1591 3986 0
1591 18332 0
7053 6142 1
7053 2500 0
7053 7053 0
7053 1371 0
15672 4547 0
15672 15672 0
15672 1371 0
6484 1371 0
6484 2458 0
6484 2475 0
6484 4547 0
6484 6665 0
6484 4964 0
6484 4967 0
6484 4970 0
6484 4972 0
6484 4973 0
6484 4974 0
6484 4980 0
6484 4986 0
6484 4987 0
6484 4988 0
6484 4991 0
6484 4992 0
6484 4995 0
6484 5015 0
6484 5016 0
6484 5018 0
6484 9117 0
6484 5027 0
6484 5028 0
6484 5031 0
6484 5033 0
6484 5034 0
6484 5036 0
6484 984 0
6484 3050 0
6484 7480 0
6484 5501 0
6484 5021 0
6484 1765 0
6484 5981 0
6484 3986 0
1371 2458 0
1371 2475 0
1371 20919 0
1371 2500 0
1371 20972 0
1371 6665 0
1371 9051 0
1371 4956 0
1371 4964 0
1371 4967 0
1371 4970 0
1371 4972 0
1371 4973 0
1371 4974 0
1371 4980 0
1371 4986 0
1371 4987 0
1371 4988 0
1371 4991 0
1371 4992 0
1371 4995 0
1371 5015 0
1371 5016 0
1371 5018 0
1371 17308 0
1371 9117 0
1371 5027 0
1371 5028 0
1371 5031 0
1371 937 0
1371 5034 0
1371 7083 0
1371 984 0
1371 3050 0
1371 17396 0
1371 870 0
1371 13479 0
1371 5021 0
1371 1371 0
1371 3446 0
1371 5501 0
1371 11669 0
1371 5033 0
1371 5036 0
1371 1765 0
1371 9973 0
1371 7480 0
1371 5981 0
1371 3986 0
1371 8112 0
1371 6141 1
1371 6142 1
4956 2414 0
4956 2416 0
4956 4465 0
4956 389 1
4956 4547 0
4956 453 0
4956 827 0
4956 4956 0
4956 866 0
4956 870 0
4956 4967 0
4956 4970 0
4956 5027 0
4956 5028 0
4956 861 0
4956 13479 0
4956 18332 0
4956 3517 0
4956 3551 0
4956 3574 0
4956 1765 0
4956 5981 0
4956 8081 0
4956 3986 0
4956 6128 0
4956 6141 1
4956 6142 1
861 4449 1
861 2411 0
861 4465 0
861 4547 0
861 827 0
861 834 0
861 861 0
861 866 0
861 870 0
861 4972 0
861 4974 0
861 4986 0
861 4988 0
861 4992 0
861 5015 0
861 5016 0
861 5018 0
861 5027 0
861 937 0
861 5034 0
861 7083 0
861 5036 0
861 8081 0
861 6665 0
861 4967 0
861 4973 0
861 4987 0
861 3446 0
861 11669 0
861 1479 0
861 5028 0
861 3551 0
861 5031 0
861 5033 0
861 7480 0
861 3986 0
1765 12542 0
1765 2409 0
1765 389 1
1765 453 0
1765 9051 0
1765 4973 0
1765 4991 0
1765 4992 0
1765 5036 0
1765 17396 0
1765 1765 0
1765 8081 0
1765 3986 0
1888 1888 0
1888 2414 0
1888 2416 0
4449 18332 1
4449 2508 1
4449 4449 2
866 7534 0
866 827 0
866 866 0
866 2409 0
866 2410 0
866 2414 0
866 2416 0
866 17363 0
866 3551 0
827 17363 0
827 4465 0
827 4553 0
827 827 0
827 834 0
827 870 0
827 937 0
827 11669 0
827 5981 0
827 3986 0
827 18332 0
827 8112 0
4964 6665 0
4964 8112 0
4964 18332 0
4964 7083 0
4964 5501 0
4964 9117 0
4964 7480 0
4964 4964 0
4964 4967 0
4964 4970 0
4964 4972 0
4964 4973 0
4964 4974 0
4964 4980 0
4964 3446 0
4964 4986 0
4964 4987 0
4964 4988 0
4964 4991 0
4964 4992 0
4964 4995 0
4964 5015 0
4964 3986 0
4964 5016 0
4964 2458 0
4964 5018 0
4964 5027 0
4964 5028 0
4964 5031 0
4964 2475 0
4964 5036 0
4964 5021 0
4964 3050 0
4964 5033 0
4964 5034 0
2405 13479 0
2405 3986 0
2405 389 1
2405 8081 0
2405 937 0
2405 3517 0
2405 4547 0
2405 453 0
2405 3574 0
870 5981 0
870 834 0
870 870 0
870 3446 0
870 8064 0
870 5015 0
870 5018 0
870 937 0
870 2500 0
870 4553 0
4967 4465 0
4967 2458 0
4967 2475 0
4967 6665 0
4967 4967 0
4967 4970 0
4967 4972 0
4967 4973 0
4967 4974 0
4967 4980 0
4967 4986 0
4967 4987 0
4967 4988 0
4967 4991 0
4967 4992 0
4967 4995 0
4967 5015 0
4967 5016 0
4967 5018 0
4967 9117 0
4967 5027 0
4967 5028 0
4967 5031 0
4967 5033 0
4967 5034 0
4967 5036 0
4967 3050 0
4967 7480 0
4967 5501 0
4967 5021 0
4967 3986 0
2408 2411 0
2408 7534 0
2408 12542 0
2408 2408 0
2408 2409 0
2408 2410 0
2408 2414 0
2408 2416 0
2408 17363 0
2409 7534 0
2409 2475 0
2409 17363 0
2409 2410 0
2409 2411 0
2409 2414 0
2409 2416 0
2409 3446 0
2409 12542 0
4970 6665 0
4970 5981 0
4970 9117 0
4970 5501 0
4970 7480 0
4970 4972 0
4970 4973 0
4970 4974 0
4970 4980 0
4970 4986 0
4970 4987 0
4970 4988 0
4970 4991 0
4970 4992 0
4970 4995 0
4970 5015 0
4970 5016 0
4970 2458 0
4970 5018 0
4970 3986 0
4970 5027 0
4970 5028 0
4970 5031 0
4970 5033 0
4970 5034 0
4970 2475 0
4970 5036 0
4970 5021 0
4970 3050 0
2411 2411 0
2411 7534 0
2411 12542 0
2411 2410 0
2411 2414 0
2411 2416 0
2411 20857 0
2411 3986 0
2411 17363 0
4972 2458 0
4972 2475 0
4972 6665 0
4972 4972 0
4972 4973 0
4972 4974 0
4972 4980 0
4972 4986 0
4972 4987 0
4972 4988 0
4972 4991 0
4972 4992 0
4972 4995 0
4972 5015 0
4972 5016 0
4972 5018 0
4972 9117 0
4972 5027 0
4972 5028 0
4972 5031 0
4972 5033 0
4972 5034 0
4972 5036 0
4972 3050 0
4972 7480 0
4972 3446 0
4972 5501 0
4972 5021 0
4973 6665 0
4973 5981 0
4973 9117 0
4973 5501 0
4973 8112 0
4973 7480 0
4973 4974 0
4973 4980 0
4973 4986 0
4973 4987 0
4973 4988 0
4973 4991 0
4973 4992 0
4973 4995 0
4973 5015 0
4973 5016 0
4973 2458 0
4973 5018 0
4973 5027 0
4973 5028 0
4973 5031 0
4973 5033 0
4973 5034 0
4973 2475 0
4973 5036 0
4973 5021 0
4973 3050 0
2414 7603 0
2414 2414 0
2414 2416 0
2414 12542 0
2414 3551 0
2414 5981 0
2414 2410 0
2414 7534 0
2414 20857 0
2414 17363 0
2414 6141 1
2414 6142 1
7997 389 1
7997 5981 0
2416 7534 0
2416 7603 0
2416 3551 0
2416 2410 0
2416 12542 0
4465 8064 0
4465 389 1
4465 18332 0
4465 2500 0
4465 17363 0
4980 6665 0
4980 9117 0
4980 5501 0
4980 7480 0
4980 4974 0
4980 4986 0
4980 4987 0
4980 4988 0
4980 4991 0
4980 4992 0
4980 4995 0
4980 5015 0
4980 5016 0
4980 2458 0
4980 5018 0
4980 5027 0
4980 5028 0
4980 5033 0
4980 5034 0
4980 2475 0
4980 5036 0
4980 5021 0
4980 3050 0
4980 5031 0
3446 2410 0
3446 20919 0
3446 2500 0
3446 453 0
3446 6665 0
3446 9051 0
3446 4986 0
3446 5016 0
3446 5021 0
3446 5027 0
3446 5034 0
3446 17363 0
3446 3050 0
3446 7480 0
3446 3446 0
3446 389 1
3446 3574 0
3446 984 0
3446 5981 0
3446 6142 1
20857 2410 0
20857 8064 0
20857 3986 0
20857 7083 0
20857 3517 0
4986 6665 0
4986 9117 0
4986 5501 0
4986 7480 0
4986 4974 0
4986 4987 0
4986 4988 0
4986 4991 0
4986 4992 0
4986 4995 0
4986 5015 0
4986 5016 0
4986 2458 0
4986 5018 0
4986 5027 0
4986 5028 0
4986 5031 0
4986 5033 0
4986 5034 0
4986 2475 0
4986 5036 0
4986 5021 0
4986 3050 0
4987 6665 0
4987 8112 0
4987 5501 0
4987 7480 0
4987 4974 0
4987 4988 0
4987 4991 0
4987 4992 0
4987 4995 0
4987 5015 0
4987 5016 0
4987 2458 0
4987 5018 0
4987 5027 0
4987 5028 0
4987 5031 0
4987 5033 0
4987 5034 0
4987 2475 0
4987 5036 0
4987 5021 0
4987 9117 0
4987 3050 0
4987 17396 0
4987 3574 0
4988 6665 0
4988 9117 0
4988 5501 0
4988 7480 0
4988 4974 0
4988 4991 0
4988 4992 0
4988 4995 0
4988 5015 0
4988 5016 0
4988 2458 0
4988 5018 0
4988 5027 0
4988 5028 0
4988 5033 0
4988 5034 0
4988 2475 0
4988 5036 0
4988 5021 0
4988 3050 0
4988 5031 0
5501 9117 0
5501 5018 0
5501 17363 0
5501 4995 0
5501 7480 0
5501 4974 0
5501 4991 0
5501 4992 0
5501 3986 0
5501 5015 0
5501 5016 0
5501 2458 0
5501 5027 0
5501 5031 0
5501 5033 0
5501 5034 0
5501 2475 0
5501 5036 0
5501 5028 0
5501 5021 0
5501 6665 0
5501 3050 0
4991 6665 0
4991 7480 0
4991 4974 0
4991 4992 0
4991 4995 0
4991 5015 0
4991 3986 0
4991 5016 0
4991 2458 0
4991 5018 0
4991 5027 0
4991 5028 0
4991 5031 0
4991 5033 0
4991 5034 0
4991 2475 0
4991 5036 0
4991 5021 0
4991 9117 0
4991 3050 0
8064 5981 0
8064 8064 0
8064 389 1
8064 3986 0
8064 5021 0
4995 6665 0
4995 5018 0
4995 7480 0
4995 4974 0
4995 4992 0
4995 5015 0
4995 5016 0
4995 2458 0
4995 5027 0
4995 5028 0
4995 5031 0
4995 5033 0
4995 2475 0
4995 5036 0
4995 5021 0
4995 9117 0
4995 3050 0
4995 17396 0
4995 5034 0
389 20919 1
389 9051 1
389 834 1
389 389 2
389 2458 1
389 937 1
389 8112 1
389 3517 1
389 4547 1
389 2500 1
389 453 1
389 20972 1
389 6128 1
389 3574 1
389 6141 2
389 6142 2
2950 2950 0
19852 3986 0
19852 2500 0
19852 1479 0
19852 19852 0
834 11669 0
834 8112 0
834 5981 0
834 453 0
7480 2458 0
7480 2475 0
7480 6665 0
7480 4974 0
7480 4992 0
7480 5015 0
7480 5016 0
7480 5018 0
7480 9117 0
7480 5027 0
7480 5028 0
7480 5031 0
7480 5033 0
7480 5034 0
7480 5036 0
7480 3050 0
7480 17396 0
7480 7480 0
7480 5021 0
7480 18332 0
7480 8112 0
8081 8081 0
8081 5016 0
8081 4547 0
8081 6128 0
8081 6142 1
3986 1479 0
3986 2475 0
3986 3050 0
3986 3517 0
3986 3574 0
3986 3986 0
3986 12542 0
3986 4547 0
3986 4974 0
3986 5015 0
3986 5016 0
3986 5018 0
3986 5021 0
3986 5028 0
3986 5033 0
3986 5981 0
3986 6128 0
3986 7605 0
3986 8112 0
11669 11669 0
5015 2458 0
5015 2475 0
5015 6665 0
5015 4974 0
5015 4992 0
5015 5015 0
5015 5016 0
5015 5018 0
5015 9117 0
5015 5027 0
5015 5028 0
5015 5031 0
5015 5033 0
5015 5034 0
5015 5036 0
5015 3050 0
5015 17396 0
5015 5021 0
5015 3517 0
5015 5981 0
5016 2458 0
5016 2475 0
5016 6665 0
5016 4974 0
5016 4992 0
5016 5018 0
5016 9117 0
5016 5027 0
5016 5028 0
5016 5031 0
5016 5033 0
5016 5034 0
5016 5036 0
5016 3050 0
5016 17308 0
5016 5021 0
5016 18332 0
5016 8112 0
5018 2458 0
5018 2475 0
5018 6665 0
5018 4974 0
5018 4992 0
5018 5018 0
5018 9117 0
5018 5027 0
5018 5028 0
5018 5031 0
5018 5033 0
5018 5034 0
5018 5036 0
5018 3050 0
5018 17396 0
5018 5021 0
5018 18332 0
5018 8112 0
17308 5981 0
17308 13479 0
17308 2458 0
17308 2500 0
17308 3050 0
2458 4547 0
2458 17363 0
2458 5981 0
2458 4974 0
2458 9117 0
2458 2458 0
2458 4992 0
2458 5027 0
2458 5031 0
2458 5033 0
2458 5034 0
2458 2475 0
2458 5036 0
2458 5021 0
2458 453 0
2458 2508 0
2458 5028 0
2458 6665 0
2458 3050 0
2458 6128 0
2458 4596 1
2458 6142 1
2458 3574 0
4974 2475 0
4974 6665 0
4974 4992 0
4974 9117 0
4974 5027 0
4974 5028 0
4974 5031 0
4974 5033 0
4974 5034 0
4974 5036 0
4974 3050 0
4974 5021 0
4974 8112 0
4992 6665 0
4992 5027 0
4992 5028 0
4992 5031 0
4992 5033 0
4992 2475 0
4992 5036 0
4992 5021 0
4992 9117 0
4992 3050 0
4992 5034 0
5027 2475 0
5027 6665 0
5027 9117 0
5027 5028 0
5027 5031 0
5027 5033 0
5027 5034 0
5027 5036 0
5027 3050 0
5027 5021 0
5027 18332 0
5027 8112 0
5028 2475 0
5028 6665 0
5028 9117 0
5028 5031 0
5028 5033 0
5028 5034 0
5028 5036 0
5028 3050 0
5028 5021 0
5028 5981 0
5028 8112 0
5981 2500 0
5981 3517 0
5981 3574 0
5981 5031 0
5981 13479 0
5981 5981 0
5981 6128 0
5981 6142 1
5981 6665 0
5981 8112 0
5031 6665 0
5031 9117 0
5031 5033 0
5031 5034 0
5031 2475 0
5031 5036 0
5031 5021 0
5031 4547 0
5031 3050 0
18332 4547 0
18332 2508 0
18332 5021 0
18332 3050 0
18332 8112 0
5034 6665 0
5034 8112 0
5034 9117 0
5034 7083 0
5034 5033 0
5034 2475 0
5034 5036 0
5034 5021 0
5034 3050 0
7083 7083 0
5036 6665 0
5036 8112 0
5036 9117 0
5036 5033 0
5036 2475 0
5036 5036 0
5036 5021 0
5036 3050 0
9117 6665 0
9117 5033 0
9117 2475 0
9117 5021 0
9117 17363 0
9117 3050 0
8112 6665 0
8112 453 0
8112 9051 0
8112 5033 0
8112 17396 0
8112 3574 0
8112 8112 0
2410 7534 0
2410 17363 0
2410 3551 0
2410 2410 0
2410 6141 1
2410 12542 0
7605 13479 0
7605 7605 0
20919 984 0
20919 20919 0
17396 6665 0
17396 5021 0
17396 4547 0
3517 17363 0
3517 4547 0
3517 3574 0
9973 984 0
4547 17363 0
4547 9051 0
4547 937 0
4547 4547 0
4547 453 0
4547 20972 0
4547 6128 0
4547 3574 0
4547 6141 1
2500 453 0
2500 17363 0
2500 2500 0
2500 1479 0
453 9051 0
453 937 0
453 453 0
453 20972 0
453 6128 0
453 3574 0
453 6141 1
453 6142 1
1479 937 0
1479 1479 0
4553 4553 0
4553 4596 1
9051 9051 0
9051 6141 1
17363 12542 0
17363 3551 0
17363 6665 0
17363 6128 0
2475 6665 0
2475 5021 0
2475 2475 0
2475 3050 0
2475 5033 0
7534 12542 0
7534 7534 0
5021 6665 0
5021 5033 0
5021 3050 0
6665 5033 0
6665 3050 0
3050 5033 0
3050 3050 0
13479 937 0
13479 3574 0
20972 3574 0
6128 6128 0
4596 4596 2
12542 12542 0
3574 3574 0
6141 6142 2
6142 6142 2
