16388 16389 0
16388 8881 0
16388 4145 0
16388 16444 0
16388 18530 1
16388 8493 0
16388 2594 0
16388 2606 0
16388 6739 0
16388 2718 0
16388 8865 0
16388 2722 0
16388 13046 0
16388 4864 0
16388 13061 0
16388 4916 0
16388 6977 0
16388 4956 0
16388 4957 0
16388 4958 0
16388 4966 0
16388 4971 0
16388 3561 0
16388 4990 0
16388 7077 0
16388 5033 0
16388 17363 0
16388 861 0
16388 7243 0
16388 1369 1
16388 5679 0
16388 1591 0
16388 1653 0
16388 3729 0
16388 8477 0
16388 3986 0
16388 12954 0
16389 16389 0
16389 16444 0
16389 18530 1
16389 8493 0
16389 313 0
16389 4547 0
16389 8881 0
16389 2594 0
16389 2606 0
16389 6739 0
16389 12954 0
16389 8865 0
16389 2722 0
16389 13046 0
16389 4864 0
16389 13061 0
16389 4916 0
16389 6977 0
16389 4956 0
16389 4957 0
16389 4958 0
16389 4966 0
16389 4971 0
16389 4990 0
16389 7077 0
16389 5033 0
16389 17363 0
16389 13355 0
16389 7219 1
16389 861 0
16389 3561 0
16389 5679 0
16389 1591 0
16389 1653 0
16389 3729 0
16389 8477 0
16389 1741 0
16389 16241 0
16389 3986 0
2566 2594 1
2566 16335 1
2566 13255 1
2566 8089 1
2566 287 1
2566 1765 1
15893 15893 0
15893 2722 0
15893 8881 0
15893 16083 0
15893 1765 0
15893 287 0
15893 1369 1
15893 861 0
15893 3986 0
15893 16280 0
15893 6105 1
2594 287 0
2594 2338 0
2594 8493 0
2594 2418 1
2594 4547 0
2594 13061 0
2594 2594 0
2594 2606 0
2594 561 0
2594 6739 0
2594 8477 0
2594 2718 0
2594 8865 0
2594 2722 0
2594 8881 0
2594 4864 0
2594 4916 0
2594 6977 0
2594 4956 0
2594 861 0
2594 4958 0
2594 4966 0
2594 4971 0
2594 4990 0
2594 5033 0
2594 13255 0
2594 4957 0
2594 3561 0
2594 1591 0
2594 1653 0
2594 1741 0
2594 1765 0
2594 16241 0
2594 3986 0
2594 12954 0
9768 1369 1
9768 9768 0
9768 2338 0
9768 861 0
9768 2418 1
9768 5521 0
13355 2418 1
13355 287 0
13355 8493 0
13355 2708 0
13355 12954 0
13355 8865 0
13355 4864 0
13355 4966 0
13355 4971 0
13355 7219 1
13355 4547 0
13355 3561 0
13355 951 0
13355 1653 0
13355 8477 0
13355 5856 0
13355 1765 0
2606 18530 1
2606 2338 0
2606 8493 0
2606 4547 0
2606 6739 0
2606 8865 0
2606 2722 0
2606 8881 0
2606 2793 0
2606 13046 0
2606 4864 0
2606 4870 1
2606 800 0
2606 4916 0
2606 6977 0
2606 4956 0
2606 4957 0
2606 4958 0
2606 4966 0
2606 4971 0
2606 4990 0
2606 5033 0
2606 861 0
2606 7219 1
2606 13061 0
2606 9062 0
2606 3561 0
2606 5679 0
2606 1591 0
2606 1653 0
2606 3729 0
2606 8477 0
2606 1765 0
2606 5981 0
2606 16241 0
2606 3986 0
2606 951 0
2606 12954 0
5981 561 0
5981 8881 0
5981 1004 0
5981 1350 0
5981 1591 0
5981 8477 0
5981 2338 0
5981 2708 0
5981 2722 0
5981 3561 0
5981 3729 0
5981 3986 0
5981 4145 0
5981 13061 0
5981 4870 1
5981 4916 0
5981 4956 0
5981 4957 0
5981 4958 0
5981 4990 0
5981 5856 0
5981 5981 0
5981 6739 0
5981 7077 0
5981 7666 1
5981 8089 0
4145 4145 0
4145 4547 0
4145 561 0
4145 6739 0
4145 747 0
4145 4870 1
4145 4956 0
4145 4957 0
4145 4958 0
4145 4966 0
4145 861 0
4145 7219 1
4145 7243 0
4145 8493 0
4145 5033 0
4145 1591 0
4145 1765 0
4145 8081 0
4145 3986 0
7219 13061 1
7219 9961 1
7219 1197 1
7219 8081 1
7219 16534 1
7219 4000 1
7219 4551 1
7219 8493 1
7219 4916 1
7219 951 1
7219 6977 1
7219 1350 1
7219 12875 1
7219 1741 1
7219 12954 1
7219 17363 1
7219 9062 1
7219 2793 1
7219 4971 1
13364 12954 0
13364 3270 1
13364 1741 0
13364 861 0
13364 1765 0
13364 18530 1
19806 2418 1
19806 7666 1
12342 7666 1
12342 2418 1
12342 7077 0
1591 18530 1
1591 2338 0
1591 8493 0
1591 2418 1
1591 6739 0
1591 2718 0
1591 8865 0
1591 2722 0
1591 8881 0
1591 13046 0
1591 6910 0
1591 4864 0
1591 13061 0
1591 4956 0
1591 861 0
1591 4958 0
1591 4971 0
1591 4990 0
1591 5033 0
1591 17363 0
1591 4957 0
1591 7243 0
1591 4966 0
1591 1197 0
1591 3353 0
1591 3561 0
1591 9062 0
1591 5679 0
1591 1591 0
1591 1653 0
1591 8477 0
1591 3986 0
1591 8089 0
1591 12954 0
1591 16335 0
16444 561 0
16444 1653 0
16444 8865 0
16444 1741 0
16444 17363 0
16444 18530 1
16444 4864 0
16444 4916 0
16444 6977 0
16444 1765 0
16444 16444 0
16444 16241 0
16444 2418 1
7243 7243 0
7243 6739 0
7243 3729 0
7243 1741 0
7243 4966 0
7243 2418 1
7243 7077 0
7243 5033 0
7243 7666 1
18530 5679 1
18530 6739 1
18530 1653 1
18530 8865 1
18530 2722 1
18530 8881 1
18530 1741 1
18530 13046 1
18530 4864 1
18530 8477 1
18530 800 1
18530 8493 1
18530 4916 1
18530 4966 1
18530 4971 1
18530 4990 1
18530 3986 1
18530 5033 1
18530 3561 1
6739 2338 0
6739 8493 0
6739 2418 1
6739 4547 0
6739 13255 0
6739 6739 0
6739 2708 0
6739 2718 0
6739 2722 0
6739 8881 0
6739 4864 0
6739 4870 1
6739 4957 0
6739 4958 0
6739 4966 0
6739 4971 0
6739 5033 0
6739 9062 0
6739 1144 1
6739 1350 0
6739 1369 1
6739 3561 0
6739 5679 0
6739 1653 0
6739 8477 0
6739 287 0
6739 1741 0
6739 1765 0
6739 3986 0
6739 12954 0
6739 8865 0
12875 4870 1
12875 287 0
4966 8477 0
4966 8493 0
4966 2418 1
4966 12954 0
4966 2718 0
4966 8865 0
4966 2722 0
4966 8881 0
4966 13046 0
4966 4864 0
4966 13061 0
4966 4916 0
4966 4956 0
4966 4957 0
4966 4958 0
4966 4971 0
4966 4990 0
4966 5033 0
4966 861 0
4966 3561 0
4966 5679 0
4966 951 0
4966 1653 0
4966 1741 0
4966 3986 0
1653 8477 0
1653 8493 0
1653 8881 0
1653 861 0
1653 9062 0
1653 1144 1
1653 1197 0
1653 1653 0
1653 1765 0
1653 2338 0
1653 2722 0
1653 3270 1
1653 3353 0
1653 3561 0
1653 3729 0
1653 3986 0
1653 12954 0
1653 4000 0
1653 8865 0
1653 4547 0
1653 13046 0
1653 4864 0
1653 13061 0
1653 4916 0
1653 4956 0
1653 4957 0
1653 4971 0
1653 4990 0
1653 5033 0
1653 13255 0
1653 4958 0
1653 5679 0
1653 6048 0
1653 6977 0
1653 16241 0
1653 16280 0
1653 16335 0
1665 1004 1
1665 3248 1
3729 287 0
3729 8493 0
3729 2418 1
3729 4547 0
3729 4551 0
3729 561 0
3729 2718 0
3729 2722 0
3729 8881 0
3729 4870 1
3729 7077 0
3729 3353 0
3729 5679 0
3729 3729 0
3729 1741 0
3729 5856 0
2708 287 0
2708 4575 1
2708 2718 0
2708 2722 0
2708 8881 0
2708 13061 0
2708 861 0
2708 7077 0
2708 3270 1
2708 3353 0
2708 5679 0
2708 3561 0
2708 1741 0
2708 3986 0
16534 16534 0
16534 4870 1
16534 287 0
16534 861 0
16534 3986 0
16534 6910 0
12954 8881 0
12954 6977 0
12954 1741 0
12954 8477 0
12954 287 0
12954 2338 0
12954 861 0
12954 2418 1
12954 3986 0
12954 5033 0
12954 17363 0
12954 4575 1
12954 3561 0
2718 287 0
2718 2338 0
2718 5521 0
2718 4547 0
2718 2549 1
2718 561 0
2718 2718 0
2718 2722 0
2718 8881 0
2718 861 0
2718 3270 1
2718 5033 0
2718 5679 0
2718 1741 0
2718 16241 0
2718 3986 0
8865 8881 0
8865 5679 0
8865 561 0
8865 2722 0
8865 8477 0
8865 2793 0
8865 13046 0
8865 4864 0
8865 8493 0
8865 6977 0
8865 1369 1
8865 4971 0
8865 4990 0
8865 5033 0
8865 3561 0
2722 8477 0
2722 2338 0
2722 5521 0
2722 4547 0
2722 2549 1
2722 13061 0
2722 2722 0
2722 13046 0
2722 4864 0
2722 6977 0
2722 861 0
2722 4971 0
2722 4990 0
2722 5033 0
2722 3248 0
2722 3561 0
2722 5679 0
2722 1741 0
2722 8493 0
2722 3986 0
13255 3986 0
13255 287 0
13255 4916 0
13255 1741 0
13255 1369 1
13255 4956 0
13255 4957 0
13255 4958 0
13255 4971 0
1197 13061 0
1197 4551 0
1197 1197 0
1197 8881 0
1197 3270 1
1197 1741 0
1197 1765 0
1197 747 0
1197 2338 0
1197 6048 0
1197 5521 0
1197 7077 0
3248 561 0
3248 3248 0
3248 6401 0
3248 287 0
3248 2418 1
3248 4551 0
8881 8881 0
8881 2338 0
8881 8493 0
8881 4547 0
8881 4864 0
8881 4870 1
8881 861 0
8881 4971 0
8881 4990 0
8881 3353 0
8881 5521 0
8881 3561 0
8881 5033 0
8881 5679 0
8881 8477 0
8881 287 0
8881 1741 0
8881 5856 0
8881 1765 0
8881 16241 0
8881 3986 0
8881 8089 0
8881 4000 0
3270 287 1
3270 3270 2
1741 2338 0
1741 4547 0
1741 4551 0
1741 561 0
1741 4864 0
1741 861 0
1741 4971 0
1741 4990 0
1741 5033 0
1741 3353 0
1741 7077 0
1741 8477 0
1741 1741 0
1741 1765 0
1741 8493 0
1741 9062 0
1741 8089 0
1741 6048 0
16083 1369 1
16083 2338 0
16083 6105 1
16083 5856 0
16083 3986 0
16083 3561 0
5856 4957 0
5856 561 0
5856 2793 0
5856 747 0
5856 4870 1
5856 861 0
5856 6977 0
5856 1369 1
5856 4956 0
5856 4551 0
5856 3561 0
5856 6910 0
1765 6401 0
1765 2418 1
1765 4551 0
1765 4864 0
1765 13061 0
1765 4916 0
1765 4956 0
1765 4957 0
1765 4958 0
1765 9062 0
1765 7077 0
1765 1765 0
1765 8081 0
1765 3986 0
1765 6048 0
2793 287 0
2793 4551 0
2793 561 0
2793 13046 0
2793 6910 0
2793 4864 0
2793 4870 1
2793 9062 0
2793 4971 0
2793 16241 0
747 4870 1
747 861 0
747 561 0
747 1369 1
747 4956 0
747 4957 0
747 4958 0
747 4547 0
747 4551 0
13046 5679 0
13046 4864 0
13046 8477 0
13046 287 0
13046 800 0
13046 8493 0
13046 6977 0
13046 4971 0
13046 4990 0
13046 5033 0
13046 951 0
13046 4575 1
13046 3561 0
6910 6910 0
6910 2338 0
6910 1369 1
6910 6977 0
6910 3986 0
6910 6105 1
4864 5679 0
4864 4864 0
4864 8477 0
4864 8493 0
4864 4916 0
4864 1369 1
4864 861 0
4864 4971 0
4864 16241 0
4864 4990 0
4864 3986 0
4864 5033 0
4864 3561 0
6401 6401 0
6401 8493 0
6401 4575 1
6401 3986 0
6401 4551 0
6401 1004 0
6401 7666 1
13061 8477 0
13061 4547 0
13061 4870 1
13061 4956 0
13061 4990 0
13061 13061 0
13061 5521 0
13061 5679 0
13061 8493 0
4870 4957 1
4870 561 1
4870 861 1
4870 800 1
4870 1350 1
4870 4956 1
4870 4958 1
4870 4971 1
4870 9961 1
4870 951 1
4870 4547 1
4870 17363 1
3353 2418 1
3353 4551 0
3353 561 0
3353 861 0
3353 3353 0
3353 7666 1
3353 8089 0
5679 8493 0
5679 4990 0
5679 8477 0
5679 2338 0
5679 861 0
5679 4971 0
5679 2418 1
5679 3986 0
5679 5033 0
5679 7077 0
5679 3561 0
8477 287 0
8477 2338 0
8477 8493 0
8477 4916 0
8477 6977 0
8477 4956 0
8477 4957 0
8477 4958 0
8477 4971 0
8477 4990 0
8477 5033 0
8477 861 0
8477 3561 0
8477 7666 1
8477 16241 0
8477 3986 0
287 287 0
287 8493 0
287 313 0
287 1004 0
287 2338 0
287 4575 1
287 4916 0
287 4957 0
287 6048 0
287 15866 1
287 16241 0
287 8089 0
800 9062 0
800 8493 0
800 6977 0
800 4971 0
800 5033 0
800 16280 0
2338 2338 0
2338 4575 1
2338 4971 0
2338 1004 0
2338 1369 1
2338 4547 0
2338 5033 0
2338 3986 0
561 2418 1
561 4547 0
561 4551 0
561 561 0
561 4956 0
561 4957 0
561 4958 0
561 9062 0
561 4990 0
561 6977 0
561 5033 0
561 861 0
561 5521 0
561 7666 1
561 8089 0
3368 1369 1
3368 2418 1
8493 4916 0
8493 6977 0
8493 4971 0
8493 4990 0
8493 3986 0
8493 5033 0
8493 951 0
8493 3561 0
4916 2418 1
4916 4916 0
4916 6977 0
4916 4956 0
4916 4971 0
4916 4990 0
4916 5033 0
4916 9062 0
4916 3561 0
313 861 0
313 1369 1
313 2418 1
6977 2418 1
6977 4547 0
6977 6977 0
6977 9062 0
6977 7077 0
6977 951 0
1350 1369 1
1350 1350 0
1350 9062 0
1350 7077 0
1350 16335 0
1369 1369 2
1369 9062 1
1369 5521 1
1369 3986 1
1369 8089 1
1369 16280 1
1369 18871 1
1369 3561 1
4956 2418 1
4956 4547 0
4956 4956 0
4956 4957 0
4956 4958 0
4956 861 0
4956 3561 0
4956 8081 0
4956 3986 0
4957 2418 1
4957 4547 0
4957 861 0
4957 4958 0
4957 9062 0
4957 3561 0
4958 2418 1
4958 4547 0
4958 4958 0
4958 861 0
4958 3561 0
9062 861 0
9062 9062 0
9062 4971 0
9062 16241 0
9062 8081 0
9062 3986 0
9062 951 0
9062 17363 0
9062 3561 0
5521 7077 0
5521 2418 1
5521 5521 0
5521 3986 0
5521 4551 0
4971 4971 0
4971 4990 0
4971 5033 0
4971 3561 0
4971 951 0
4971 3986 0
16241 2418 1
16241 3561 0
16241 7666 1
16241 16241 0
2418 8081 1
2418 861 1
2418 3986 1
2418 2418 2
2418 4990 1
2418 4000 1
2418 7077 1
2418 5033 1
2418 1963 1
2418 6048 1
2418 4547 1
2418 4551 1
4990 861 0
4990 5033 0
4990 951 0
4990 3561 0
8081 861 0
8081 8081 0
8081 4547 0
3986 861 0
3986 3561 0
3986 3986 0
3986 4547 0
3986 4551 0
3986 5033 0
3986 16280 0
3986 8089 0
951 5033 0
16280 6105 1
8089 8089 0
8089 5033 0
8089 18871 0
861 4547 0
861 4551 0
861 861 0
861 5033 0
6048 6048 0
6048 4547 0
6048 7666 1
7077 7077 0
7077 4547 0
7077 7666 1
5033 3561 0
1963 7666 1
2546 2544 1
18871 18871 0
18871 1004 0
18871 15866 1
2496 2544 1
4547 17363 0
4547 4547 0
4551 4551 0
16335 16335 0
16335 2549 1
4575 4575 2
4575 1004 1
1004 1004 0
2549 2549 2
