8064 6147 1
8064 6153 1
8064 6666 1
8064 3601 1
8064 6675 1
8064 2069 1
8064 6686 1
8064 4644 1
8064 6720 1
8064 8287 1
8064 870 1
8064 16034 1
8064 1653 1
8064 2681 1
8064 15996 1
8064 2708 1
8064 1687 1
8064 722 2
8064 5243 1
8064 4371 1
8064 5412 1
8064 7982 1
8064 5949 1
8064 2382 1
8064 3426 1
8064 7528 1
8064 4463 1
8064 4465 1
8064 8064 2
8064 3986 1
8064 15324 1
8064 6583 1
8064 4551 1
8064 2524 1
8064 7364 1
6147 6147 0
6147 8469 1
6147 4463 0
6147 6583 0
6147 7982 0
6147 2861 0
6147 5243 0
6147 3352 0
6147 3426 0
6147 7717 0
6147 1653 0
6147 5949 0
6147 3986 0
6147 16308 0
6147 2382 0
18085 6720 0
18085 13152 1
18085 15996 0
18085 2708 0
18085 7364 0
18085 4371 0
18085 2861 0
18085 3936 1
18085 3986 0
18085 2500 0
18085 2524 0
5638 2535 1
5638 5949 1
5638 3986 1
5638 5243 1
5638 861 1
6153 6153 0
6153 3601 0
6153 2069 0
6153 2708 0
6153 7893 0
6153 722 1
6153 861 0
6153 3426 0
6153 3986 0
6153 16308 0
6666 6666 0
6666 2069 0
6666 6675 0
6666 15996 0
6666 3223 1
6666 4551 0
6666 6686 0
6666 3426 0
6666 1687 0
6666 2500 0
3223 3986 1
3223 3223 2
3223 4463 1
3223 6686 1
3223 16308 1
3223 3382 1
3223 827 1
3223 7893 1
3223 4465 1
3601 3601 0
3601 2069 0
3601 861 0
3601 8469 1
3601 870 0
3601 3986 0
3986 8469 1
3986 827 0
3986 861 0
3986 1653 0
3986 2069 0
3986 2708 0
3986 3426 0
3986 3986 0
3986 4371 0
3986 4463 0
3986 4551 0
3986 4644 0
3986 4822 0
3986 5243 0
3986 6583 0
3986 6686 0
3986 7717 0
3986 15996 0
3986 7982 0
6675 1687 0
6675 7893 0
6675 8469 1
6675 827 0
6675 861 0
6675 3426 0
6675 16308 0
6675 2500 0
6675 4551 0
2708 8287 0
2708 8469 1
2708 2382 0
2708 4463 0
2708 4465 0
2708 2500 0
2708 2524 0
2708 2681 0
2708 827 0
2708 861 0
2708 5243 0
2708 5412 0
2069 2069 0
2069 16308 0
2069 1687 0
2069 722 1
2069 7893 0
2069 861 0
2069 3426 0
2069 870 0
2069 15324 0
1687 3426 0
1687 4822 0
1687 4371 0
1687 2500 0
1687 2524 0
1687 6686 0
1687 722 1
1687 2861 0
1687 827 0
1687 861 0
1687 870 0
1687 15324 0
1687 3352 0
1687 15996 0
1687 1687 0
1687 1894 0
2500 4371 0
2500 4463 0
2500 4465 0
2500 2524 0
2500 6686 0
2500 6720 0
2500 2681 0
2500 722 1
2500 2861 0
2500 13152 1
2500 870 0
2500 15324 0
2500 7364 0
2500 3352 0
2500 2500 0
2500 4822 0
2500 15996 0
6686 16308 0
6686 7893 0
6686 3426 0
16034 16034 0
16034 8469 1
16034 7982 0
5412 8287 0
5412 13152 1
5412 5412 0
5412 6583 0
7717 8469 1
7717 7982 0
7717 6583 0
7717 3936 1
7717 16308 0
2524 8287 0
2524 15324 0
2524 722 1
2524 4822 0
2524 1894 0
2524 4551 0
2524 2524 0
2861 13152 1
2861 1653 0
2861 15996 0
2861 2382 0
2861 3936 1
7982 8469 1
7982 861 0
7982 3426 0
7982 6583 0
16308 8469 1
16308 4463 0
16308 827 0
16308 3426 0
16308 16308 0
16308 1653 0
16308 15996 0
16308 7893 0
16308 5949 0
3382 8469 1
3382 7458 1
3382 3936 1
6583 3426 0
6583 3352 0
6583 8469 1
827 4371 0
827 4463 0
827 4465 0
827 722 1
827 4822 0
827 827 0
827 870 0
827 861 0
827 7364 0
827 1653 0
827 7893 0
5949 4644 0
5949 5243 0
5949 7893 0
5949 3352 0
5949 3426 0
3352 8287 0
3352 722 1
3352 3352 0
3352 2382 0
3352 3936 1
6720 722 1
13152 15324 1
13152 7364 1
13152 1894 1
13152 7528 1
13152 1653 1
13152 15996 1
7364 861 0
7364 15996 0
4551 4371 0
4551 2382 0
4551 4463 0
4551 4551 0
4551 722 1
4551 861 0
4551 870 0
4551 3426 0
7458 4644 1
7458 4822 1
7458 2535 1
2382 2382 0
2382 4463 0
2382 870 0
2382 1653 0
2382 3936 1
722 4371 1
722 8287 1
722 4822 1
722 1894 1
722 2681 1
7893 7893 0
7893 8469 1
7893 4463 0
7893 4644 0
7893 1653 0
4822 15996 0
4822 4822 0
4822 4371 0
4822 861 0
4822 870 0
4822 4463 0
4644 4644 0
4644 5243 0
4644 861 0
4644 870 0
15324 4371 0
15324 1894 0
15324 15324 0
861 4371 0
861 8469 1
861 4463 0
861 4465 0
861 861 0
861 870 0
861 3426 0
861 1653 0
8287 8287 0
8287 8469 1
3426 8469 1
3426 5243 0
3426 3426 0
3426 1894 0
1894 1894 0
870 5243 0
870 1767 1
870 870 0
1767 1767 2
2535 8469 1
2535 2535 0
4463 4463 0
4463 4465 0
4465 1653 0
4465 5243 0
4371 4371 0
1653 1653 0
1653 2681 0
1653 5243 0
15996 15996 0
