6147 6147 0
6147 2588 1
6147 13431 0
6147 3986 0
6147 4017 1
4874 306 0
4874 13048 1
4874 4874 0
4874 1626 1
3986 1022 0
3986 1626 1
3986 3986 0
3986 4017 1
3986 7379 0
3986 7658 0
18835 7658 1
18835 7379 1
18835 6043 1
6043 1115 1
6043 7379 0
2588 2588 2
5339 7482 1
5412 45 0
5412 1626 1
5412 1115 1
5412 5412 0
5412 5413 0
5413 45 0
5413 1626 1
5413 1115 1
5413 7379 0
5413 5413 0
5414 45 0
5414 1626 1
5414 1115 1
18092 1022 1
45 1626 1
45 1115 1
4017 13431 1
4017 1022 1
306 1626 1
306 13048 1
306 306 0
7482 13048 1
7379 1115 1
7379 7379 0
1626 13431 1
1626 16233 1
1115 7658 1
16233 13048 1
16233 16233 0
7658 7658 0
13431 13431 0
1022 1022 0
