389 20 1
389 10304 1
389 869 1
389 1653 1
389 1158 1
389 1159 1
389 1687 1
389 1197 1
389 3358 1
389 5432 1
389 8503 1
389 864 1
389 389 2
389 8112 1
389 2500 1
389 6142 1
1158 1197 0
1158 20 0
1158 1158 0
1158 1159 0
1158 1160 0
1158 1687 0
1158 3768 1
1158 1221 0
1158 8503 0
1158 2500 0
1158 3043 0
1159 1197 0
1159 1159 0
1159 1160 0
1159 1687 0
1159 1221 0
1159 3354 0
1159 3355 0
1159 8503 0
1159 1958 1
1159 4534 0
1159 3043 0
1160 8503 0
1160 4534 0
1160 2500 0
1160 3043 0
1160 1160 0
1160 1221 0
1160 3354 0
1160 3355 0
1160 1653 0
1160 1687 0
1160 3768 1
1160 5432 0
1160 1958 1
20 20 0
20 864 0
20 869 0
20 3043 0
20 5432 0
20 1687 0
20 3768 1
20 8112 0
1687 8503 0
1687 4534 0
1687 2500 0
1687 869 0
1687 3043 0
1687 1197 0
1687 3354 0
1687 3355 0
1687 3358 0
1687 5432 0
1687 1687 0
1687 3768 1
1687 1958 1
3354 2500 0
3354 869 0
3354 3043 0
3354 1197 0
3354 3354 0
3354 3355 0
3354 3358 0
3354 3768 1
3354 5432 0
3354 1958 1
3355 3768 1
3355 3358 0
3355 3355 0
3355 5432 0
3355 1958 1
3355 2500 0
3355 3043 0
1306 1306 2
3358 1197 0
3358 3768 1
3358 3358 0
3358 2500 0
1958 1221 1
1958 3043 1
2730 1869 1
2730 9447 1
1197 1653 0
1197 1197 0
1197 1221 0
1197 5432 0
1197 3390 1
1197 2500 0
1197 3043 0
8112 3768 1
8112 8112 0
4534 4534 0
4534 5432 0
4534 1653 0
4534 3768 1
4534 1869 1
4534 4027 1
8503 3768 1
8503 8503 0
8503 2500 0
3768 10304 1
3768 869 1
3768 3768 2
3768 5432 1
3768 864 1
3768 2500 1
3768 3043 1
4027 4027 2
4027 6142 1
3390 3390 2
3390 1096 1
10304 10304 0
10304 2500 0
10304 1221 0
2500 3043 0
2500 1221 0
2500 2500 0
2500 5432 0
1221 864 0
1221 869 0
1221 3043 0
1221 1221 0
1221 5432 0
1221 1653 0
1221 1869 1
1096 1869 1
1869 1869 2
5432 5432 0
5432 3043 0
864 864 0
864 3043 0
3043 869 0
3043 3043 0
869 1653 0
869 869 0
9447 1653 1
1653 1653 0
6142 6142 0
