21518 287 1
21 4394 0
21 179 0
21 181 0
21 182 0
21 183 0
21 3390 1
21 3391 0
21 2592 0
21 1096 1
21 5560 0
21 5561 0
21 1373 1
21 6895 0
21 6201 0
21 254 0
4254 4524 1
4254 4525 1
4254 4526 1
4254 4916 1
4254 4534 1
4254 4535 1
4254 4536 1
4254 4537 1
4254 4538 1
4254 4539 1
4254 4540 1
4254 4544 1
4254 4546 1
4254 719 1
4254 1388 1
287 287 0
287 719 0
287 3291 1
287 4536 0
287 4538 0
287 4540 0
287 4916 0
287 5561 0
287 14963 1
2592 6895 0
2592 3390 1
2592 1373 1
2592 254 0
2592 3391 0
4394 1096 1
4394 6895 0
4394 254 0
4394 3390 1
4394 3391 0
4524 4524 0
4524 4525 0
4524 4526 0
4524 719 0
4524 5589 0
4524 3928 1
4525 3928 1
4525 4526 0
4526 3928 1
179 179 0
179 181 0
179 182 0
179 183 0
179 3391 0
179 1096 1
179 6895 0
179 3390 1
179 254 0
4916 1388 0
4916 4916 0
4916 1096 1
181 3390 1
181 182 0
181 183 0
181 3391 0
181 1096 1
181 6895 0
181 254 0
4534 4535 0
4534 4537 0
4534 4546 0
4534 4534 0
4534 3928 1
4534 6139 1
4535 3928 1
4535 4535 0
4535 4536 0
4535 6139 1
4536 3928 1
4536 4544 0
4536 4536 0
4536 4546 0
4536 6139 1
4537 3928 1
4537 4537 0
4537 6139 1
4538 3928 1
4538 4538 0
4538 6139 1
4539 3928 1
4539 4539 0
4539 6139 1
4540 3928 1
4540 4546 0
4540 6139 1
3390 182 1
3390 183 1
3390 3390 2
3390 3391 1
3390 1096 2
3390 5560 1
3390 5561 1
3390 1373 2
3390 6895 1
3390 6201 1
3390 254 1
3391 182 0
3391 183 0
3391 3391 0
3391 5560 0
3391 1096 1
3391 5561 0
3391 1373 1
3391 6895 0
3391 6201 0
3391 254 0
4544 3928 1
4544 4544 0
4544 4546 0
4544 6139 1
4546 3928 1
4546 4546 0
4546 6139 1
182 183 0
182 1096 1
182 6895 0
182 254 0
1096 183 1
1096 6895 1
1096 254 1
13129 13129 2
183 6895 0
183 254 0
719 719 0
719 3928 1
5560 5561 0
5560 6201 0
5560 1373 1
5560 6895 0
5560 254 0
14963 14963 2
14963 5589 1
14963 1388 1
5589 5589 0
5589 3928 1
6201 6895 0
6201 254 0
6201 5561 0
6201 1373 1
1373 5561 1
1373 1373 2
1373 6895 1
1373 254 1
5561 6895 0
5561 254 0
1388 1388 0
6895 254 0
5909 5909 2
