2048 2048 0
2048 6165 0
2048 53 0
2048 4110 0
2048 4256 0
2048 4259 0
2048 174 0
2048 16308 0
2048 2338 0
2048 6599 0
2048 2594 0
2048 2601 0
2048 2604 0
2048 6738 0
2048 6739 0
2048 6740 0
2048 6741 0
2048 2709 0
2048 2712 0
2048 2718 0
2048 2724 1
2048 8881 0
2048 6883 0
2048 861 0
2048 5028 0
2048 5029 0
2048 2997 0
2048 5243 0
2048 3283 0
2048 3426 0
2048 19879 0
2048 1741 0
2048 7893 0
2048 5981 0
2048 3986 0
2048 1943 0
2048 6065 0
2048 6068 1
2048 2722 0
12803 129 0
12803 3986 0
12803 5016 0
12803 10529 0
12803 2722 0
12803 4259 0
12803 2724 1
12803 6068 1
12803 8768 0
12803 7480 0
12803 8409 0
12803 3426 0
4110 4110 0
4110 53 0
4110 8287 0
4110 4259 0
4110 174 0
4110 8377 0
4110 242 0
4110 4349 0
4110 287 0
4110 4624 0
4110 2594 0
4110 2601 0
4110 2604 0
4110 8768 0
4110 6741 0
4110 6784 0
4110 2703 0
4110 2708 0
4110 2709 0
4110 2712 0
4110 5243 0
4110 4981 0
4110 5028 0
4110 5214 0
4110 3283 0
4110 13710 0
4110 19879 0
4110 1653 0
4110 2718 0
4110 5981 0
4110 6068 1
4110 6081 0
4110 2722 0
4110 2724 1
4110 4081 0
4624 4624 0
4624 2594 0
4624 8287 0
4624 65 0
4624 2703 0
4624 2712 0
4624 2718 0
4624 174 0
4624 213 0
4624 4349 0
4624 8112 0
4624 18339 1
4624 53 0
4624 3929 0
4624 5981 0
4624 3446 0
4624 2709 0
4624 3986 0
4624 915 0
4624 18332 0
4624 6065 0
4624 6068 1
4624 2997 0
4624 2722 0
4624 2724 1
4624 4081 0
4624 6741 0
6163 6163 0
6163 6165 0
6163 4259 0
6163 174 0
6163 8409 0
6163 287 0
6163 2338 0
6163 2601 0
6163 6738 0
6163 6739 0
6163 6740 0
6163 6741 0
6163 2703 0
6163 2712 0
6163 12954 0
6163 2724 1
6163 8881 0
6163 4795 0
6163 13061 0
6163 21378 0
6163 5016 0
6163 5018 0
6163 5028 0
6163 861 0
6163 5214 0
6163 5243 0
6163 7480 0
6163 3426 0
6163 5033 0
6163 2997 0
6163 1653 0
6163 7893 0
6163 3929 0
6163 5981 0
6163 8065 0
6163 3986 0
6163 1943 0
6163 18332 0
6163 8112 0
6163 6068 1
6163 6081 0
6163 4081 0
6165 8881 0
6165 53 0
6165 65 0
6165 4256 0
6165 8409 0
6165 242 0
6165 6165 0
6165 287 0
6165 2338 0
6165 4553 0
6165 19879 0
6165 2594 0
6165 2604 0
6165 561 0
6165 6739 0
6165 6740 0
6165 6741 0
6165 2703 0
6165 2708 0
6165 2709 0
6165 2712 0
6165 2718 0
6165 2722 0
6165 4795 0
6165 861 0
6165 21378 0
6165 5016 0
6165 2997 0
6165 5243 0
6165 3283 0
6165 3426 0
6165 8768 0
6165 5529 0
6165 16308 0
6165 7893 0
6165 3929 0
6165 5981 0
6165 8065 0
6165 3986 0
6165 1943 0
6165 18332 0
6165 12954 0
6165 8112 0
6165 6065 0
6165 6068 1
6165 6081 0
6165 2724 1
6165 4081 0
11294 18513 1
11294 2724 1
11294 11038 0
11294 11294 0
11294 3149 0
11294 5444 1
11294 19427 0
11294 18299 0
2594 53 0
2594 4256 0
2594 174 0
2594 242 0
2594 287 0
2594 2338 0
2594 4479 0
2594 4553 0
2594 13061 0
2594 2594 0
2594 2601 0
2594 2604 0
2594 561 0
2594 6739 0
2594 6740 0
2594 6741 0
2594 2703 0
2594 2709 0
2594 2718 0
2594 2722 0
2594 2724 1
2594 685 0
2594 8881 0
2594 772 0
2594 861 0
2594 4981 0
2594 5016 0
2594 5017 0
2594 5018 0
2594 5028 0
2594 5029 0
2594 5033 0
2594 2997 0
2594 11236 0
2594 5243 0
2594 3283 0
2594 7480 0
2594 3426 0
2594 5529 0
2594 19879 0
2594 15809 0
2594 16308 0
2594 1637 0
2594 1653 0
2594 1741 0
2594 7893 0
2594 3929 0
2594 8065 0
2594 2712 0
2594 3986 0
2594 1943 0
2594 18332 0
2594 12954 0
2594 6065 0
2594 6068 1
2594 6081 0
2594 4081 0
3107 10886 1
3107 5529 1
3107 3107 2
3107 5926 1
3107 5073 1
3107 3446 1
3107 1529 1
2601 53 0
2601 129 0
2601 4256 0
2601 242 0
2601 2338 0
2601 6599 0
2601 13061 0
2601 2601 0
2601 2604 0
2601 6738 0
2601 6739 0
2601 6740 0
2601 6741 0
2601 2709 0
2601 2712 0
2601 18543 0
2601 2718 0
2601 2722 0
2601 2724 1
2601 8881 0
2601 772 0
2601 4981 0
2601 5017 0
2601 5018 0
2601 5028 0
2601 5029 0
2601 5033 0
2601 2997 0
2601 11236 0
2601 861 0
2601 5243 0
2601 3426 0
2601 5529 0
2601 19879 0
2601 16308 0
2601 1637 0
2601 1653 0
2601 7893 0
2601 5981 0
2601 3986 0
2601 1943 0
2601 18332 0
2601 12954 0
2601 8112 0
2601 6065 0
2601 6068 1
2601 6081 0
17451 13411 0
17451 4256 0
17451 685 0
17451 772 0
17451 287 0
17451 1943 0
17451 18332 0
17451 6068 1
17451 2997 0
17451 2724 1
17451 4081 0
2604 129 0
2604 2338 0
2604 6883 0
2604 6599 0
2604 2604 0
2604 6739 0
2604 6740 0
2604 6741 0
2604 2708 0
2604 12954 0
2604 8881 0
2604 11038 0
2604 2997 0
2604 11236 0
2604 861 0
2604 5214 0
2604 5444 1
2604 3426 0
2604 3446 0
2604 5529 0
2604 7721 0
2604 6068 1
2604 1653 0
2604 1741 0
2604 7893 0
2604 5981 0
2604 3986 0
2604 1943 0
2604 18332 0
2604 8112 0
2604 6065 0
2604 16308 0
5981 53 0
5981 8287 0
5981 129 0
5981 213 0
5981 482 0
5981 561 0
5981 8768 0
5981 8881 0
5981 772 0
5981 915 0
5981 11236 0
5981 1943 0
5981 2338 0
5981 2708 0
5981 2709 0
5981 2712 0
5981 2722 0
5981 2724 1
5981 2997 0
5981 3426 0
5981 3446 0
5981 19879 0
5981 3986 0
5981 4256 0
5981 4479 0
5981 13061 0
5981 4981 0
5981 5028 0
5981 5926 0
5981 5981 0
5981 6065 0
5981 6068 1
5981 6599 0
5981 6738 0
5981 6739 0
5981 6740 0
5981 6741 0
5981 6883 0
5981 7893 0
5981 16157 0
5981 16256 0
5981 16297 0
5981 8112 0
5981 16308 0
561 4349 0
561 561 0
561 8768 0
561 2712 0
561 2718 0
561 2724 1
561 706 0
561 6883 0
561 11038 0
561 5033 0
561 861 0
561 5243 0
561 19879 0
561 1637 0
561 15809 0
561 1741 0
561 8112 0
561 6068 1
53 53 0
53 65 0
53 4256 0
53 242 0
53 287 0
53 2338 0
53 6599 0
53 19879 0
53 8768 0
53 6740 0
53 6741 0
53 2703 0
53 2708 0
53 2712 0
53 2718 0
53 2722 0
53 2724 1
53 8881 0
53 772 0
53 4981 0
53 5017 0
53 5018 0
53 5028 0
53 5029 0
53 5033 0
53 2997 0
53 861 0
53 5243 0
53 3283 0
53 3446 0
53 5529 0
53 6739 0
53 11236 0
53 7721 0
53 1637 0
53 1653 0
53 1741 0
53 3929 0
53 1943 0
53 6065 0
53 6068 1
53 6081 0
6068 8881 1
6068 65 1
6068 2137 1
6068 18543 1
6068 129 1
6068 4256 1
6068 4259 1
6068 8377 1
6068 1741 1
6068 8409 1
6068 242 1
6068 4349 1
6068 16308 1
6068 10529 1
6068 2338 1
6068 4479 1
6068 6599 1
6068 482 1
6068 13061 1
6068 8768 1
6068 6738 1
6068 6739 1
6068 6740 1
6068 6741 1
6068 6784 1
6068 2703 1
6068 2708 1
6068 2709 1
6068 2712 1
6068 2718 1
6068 2722 1
6068 2724 2
6068 2727 1
6068 685 1
6068 4795 1
6068 706 1
6068 6883 1
6068 772 1
6068 11038 1
6068 915 1
6068 861 1
6068 4981 1
6068 5017 1
6068 5018 1
6068 5028 1
6068 5029 1
6068 5033 1
6068 2997 1
6068 3008 1
6068 5073 1
6068 21378 1
6068 11236 1
6068 8287 1
6068 5214 1
6068 5016 1
6068 5243 1
6068 15509 1
6068 3283 1
6068 213 1
6068 16256 1
6068 7480 1
6068 5441 2
6068 3426 1
6068 3446 1
6068 13710 1
6068 19879 1
6068 15809 1
6068 1529 1
6068 8112 1
6068 7721 1
6068 1637 1
6068 1646 1
6068 1653 1
6068 7893 1
6068 16157 1
6068 5926 1
6068 3929 1
6068 8065 1
6068 3986 1
6068 1943 1
6068 18332 1
6068 12954 1
6068 16297 1
6068 6065 1
6068 6068 2
6068 6081 1
6068 20434 1
6068 4081 1
8768 4256 0
8768 4259 0
8768 8409 0
8768 287 0
8768 2338 0
8768 8768 0
8768 6739 0
8768 6741 0
8768 2709 0
8768 12954 0
8768 2722 0
8768 2724 1
8768 13061 0
8768 11038 0
8768 5016 0
8768 5017 0
8768 5018 0
8768 5028 0
8768 5029 0
8768 7480 0
8768 3446 0
8768 10529 0
8768 1741 0
8768 7893 0
8768 3929 0
8768 8065 0
8768 3986 0
8768 1943 0
8768 18332 0
8768 8112 0
8768 6065 0
8768 16308 0
65 13061 0
65 7721 0
65 16308 0
65 1653 0
65 2703 0
65 2712 0
65 2722 0
65 1741 0
65 7893 0
65 21378 0
65 2338 0
65 5926 0
65 3929 0
65 3426 0
65 8065 0
65 3986 0
65 1943 0
65 8112 0
65 6065 0
65 2997 0
65 3008 0
65 18339 1
3149 2724 1
3149 19427 0
3149 11038 0
3149 3149 0
3149 18299 0
3149 5444 1
18513 685 1
18513 2763 1
18513 13411 1
18513 18299 1
6738 8377 0
6738 8409 0
6738 4479 0
6738 6738 0
6738 6739 0
6738 6740 0
6738 6741 0
6738 2703 0
6738 2709 0
6738 2712 0
6738 2718 0
6738 2722 0
6738 2724 1
6738 8881 0
6738 4981 0
6738 5016 0
6738 5028 0
6738 5214 0
6738 5243 0
6738 7480 0
6738 3426 0
6738 3446 0
6738 13710 0
6738 5018 0
6738 19879 0
6738 5033 0
6739 13710 0
6739 2137 0
6739 4256 0
6739 4259 0
6739 8409 0
6739 10529 0
6739 2338 0
6739 4479 0
6739 19879 0
6739 6739 0
6739 6740 0
6739 6741 0
6739 2703 0
6739 2708 0
6739 2709 0
6739 2712 0
6739 2718 0
6739 2722 0
6739 2724 1
6739 685 0
6739 8881 0
6739 4981 0
6739 5016 0
6739 5017 0
6739 5018 0
6739 5028 0
6739 5029 0
6739 5033 0
6739 5214 0
6739 5243 0
6739 15809 0
6739 7480 0
6739 5529 0
6739 1653 0
6739 8377 0
6739 287 0
6739 1741 0
6739 6081 0
6739 16157 0
6739 3986 0
6739 12954 0
6739 8112 0
6739 4081 0
6740 129 0
6740 4259 0
6740 8377 0
6740 242 0
6740 4349 0
6740 6741 0
6740 2703 0
6740 2709 0
6740 2718 0
6740 2722 0
6740 2724 1
6740 8881 0
6740 4981 0
6740 5016 0
6740 5017 0
6740 5018 0
6740 5028 0
6740 5029 0
6740 5033 0
6740 5214 0
6740 5243 0
6740 7480 0
6740 13710 0
6740 19879 0
6740 1646 0
6740 1653 0
6740 16157 0
6740 2712 0
6740 3986 0
6740 1943 0
6740 4081 0
6741 8377 0
6741 6741 0
6741 2703 0
6741 2708 0
6741 2709 0
6741 2712 0
6741 2718 0
6741 2722 0
6741 2724 1
6741 8881 0
6741 11038 0
6741 4981 0
6741 5016 0
6741 5017 0
6741 5018 0
6741 5028 0
6741 5029 0
6741 5033 0
6741 861 0
6741 5214 0
6741 5243 0
6741 7480 0
6741 3446 0
6741 13710 0
6741 5529 0
6741 19879 0
6741 1653 0
6741 1741 0
6741 16157 0
6741 3986 0
6741 18332 0
6741 6081 0
2137 6784 0
2137 3986 0
2137 2724 1
5214 16308 0
5214 1653 0
5214 8881 0
5214 1741 0
5214 7893 0
5214 287 0
5214 5444 1
5214 3426 0
5214 1943 0
5214 8112 0
8287 8287 0
8287 1646 0
8287 2703 0
8287 2708 0
8287 2709 0
8287 2718 0
8287 2722 0
8287 2724 1
8287 4795 0
8287 1741 0
8287 4479 0
8287 772 0
8287 8409 0
8287 287 0
8287 3929 0
8287 2712 0
8287 915 0
8287 11236 0
13411 19765 1
13411 13411 0
1637 1637 0
1637 5243 0
1637 2712 0
1637 4256 0
1637 2722 0
1637 2724 1
1637 242 0
1637 772 0
1637 11038 0
1637 3426 0
1637 4981 0
1637 5017 0
1637 5018 0
1637 5028 0
1637 5029 0
1637 5033 0
1637 2718 0
1637 6081 0
1637 19879 0
1637 4081 0
4198 287 1
1646 2724 1
1646 8112 0
1646 8881 0
1646 1741 0
1646 7893 0
1646 3426 0
1646 19879 0
1646 1653 0
18543 13710 0
18543 2703 0
18543 2709 0
18543 2712 0
18543 3986 0
18543 4256 0
18543 3283 0
18543 2724 1
1653 213 0
1653 685 0
1653 8881 0
1653 861 0
1653 1653 0
1653 1943 0
1653 2338 0
1653 2722 0
1653 3008 0
1653 19879 0
1653 3986 0
1653 12954 0
1653 4256 0
1653 4259 0
1653 4479 0
1653 4553 0
1653 13061 0
1653 5016 0
1653 5017 0
1653 5018 0
1653 5028 0
1653 5029 0
1653 5033 0
1653 5243 0
1653 5441 1
1653 5529 0
1653 6065 0
1653 7480 0
1653 7721 0
1653 7893 0
1653 16157 0
1653 16308 0
5243 129 0
5243 4256 0
5243 8377 0
5243 8409 0
5243 242 0
5243 4349 0
5243 287 0
5243 2338 0
5243 6599 0
5243 2703 0
5243 2708 0
5243 2712 0
5243 2718 0
5243 2722 0
5243 2724 1
5243 8881 0
5243 772 0
5243 4981 0
5243 5017 0
5243 5018 0
5243 5028 0
5243 5029 0
5243 5033 0
5243 11236 0
5243 3426 0
5243 3446 0
5243 1943 0
5243 13710 0
5243 5529 0
5243 19879 0
5243 1741 0
5243 8065 0
5243 3986 0
5243 18332 0
5243 8112 0
5243 6065 0
5243 6081 0
6784 3986 0
6784 2724 1
6784 19879 0
6784 16308 0
6784 7893 0
129 685 0
129 129 0
129 2703 0
129 2709 0
129 4259 0
129 2724 1
129 213 0
129 772 0
129 2338 0
129 5926 0
129 915 0
129 3446 0
129 21378 0
129 4256 0
10886 16256 0
10886 7961 1
10886 3986 0
15809 2709 0
15809 2724 1
15809 3446 0
2703 4479 0
2703 6599 0
2703 2703 0
2703 2709 0
2703 2712 0
2703 12954 0
2703 2718 0
2703 2722 0
2703 2724 1
2703 8881 0
2703 11038 0
2703 915 0
2703 2997 0
2703 11236 0
2703 3426 0
2703 1943 0
2703 5529 0
2703 5029 0
2703 7721 0
2703 8065 0
2703 3986 0
2703 18332 0
2703 6065 0
21401 5441 2
21401 3986 1
21401 17058 1
21401 21401 2
2708 213 0
2708 4349 0
2708 287 0
2708 6599 0
2708 482 0
2708 2709 0
2708 2712 0
2708 2718 0
2708 2722 0
2708 2724 1
2708 2727 0
2708 8881 0
2708 4795 0
2708 13061 0
2708 861 0
2708 915 0
2708 5016 0
2708 3446 0
2708 19879 0
2708 7721 0
2708 1741 0
2708 3929 0
2708 8065 0
2708 3986 0
2708 8112 0
13461 2724 1
13461 2338 0
13461 5444 1
2712 4256 0
2712 242 0
2712 287 0
2712 2338 0
2712 4479 0
2712 6599 0
2712 2709 0
2712 2712 0
2712 2718 0
2712 2722 0
2712 2724 1
2712 8881 0
2712 4795 0
2712 772 0
2712 11038 0
2712 861 0
2712 4981 0
2712 21378 0
2712 915 0
2712 5017 0
2712 5018 0
2712 5028 0
2712 5029 0
2712 5033 0
2712 2997 0
2712 11236 0
2712 3426 0
2712 3446 0
2712 5529 0
2712 19879 0
2712 7721 0
2712 1741 0
2712 3986 0
2712 1943 0
2712 18332 0
2712 6065 0
2712 6081 0
12954 8881 0
12954 2709 0
12954 2724 1
12954 1741 0
12954 3283 0
12954 7893 0
12954 21378 0
12954 16308 0
12954 287 0
12954 2338 0
12954 861 0
12954 5017 0
12954 3986 0
12954 5033 0
12954 6081 0
2718 4256 0
2718 8377 0
2718 8409 0
2718 242 0
2718 287 0
2718 2338 0
2718 4479 0
2718 6599 0
2718 19879 0
2718 2709 0
2718 2718 0
2718 2722 0
2718 2724 1
2718 685 0
2718 8881 0
2718 4795 0
2718 772 0
2718 11038 0
2718 861 0
2718 4981 0
2718 915 0
2718 5018 0
2718 5028 0
2718 3426 0
2718 3446 0
2718 1943 0
2718 5016 0
2718 5017 0
2718 5029 0
2718 5033 0
2718 7721 0
2718 1741 0
2718 3929 0
2718 8065 0
2718 3986 0
2718 18332 0
2718 8112 0
2718 6065 0
2718 6081 0
2718 2727 0
2718 4081 0
4256 4981 0
4256 4259 0
4256 8409 0
4256 242 0
4256 6599 0
4256 13061 0
4256 2722 0
4256 2724 1
4256 4795 0
4256 772 0
4256 5016 0
4256 5017 0
4256 5018 0
4256 5028 0
4256 5029 0
4256 5033 0
4256 2997 0
4256 3283 0
4256 861 0
4256 7480 0
4256 5529 0
4256 19879 0
4256 16308 0
4256 1741 0
4256 7893 0
4256 8065 0
4256 3986 0
4256 1943 0
4256 18332 0
4256 8112 0
4256 6065 0
4256 6081 0
17058 17058 0
17058 3986 0
17058 8112 0
17058 5069 0
17058 5070 1
4259 13061 0
4259 11236 0
4259 2722 0
4259 2724 1
4259 6599 0
4259 685 0
4259 8881 0
4259 18332 0
4259 10529 0
4259 8409 0
4259 2338 0
4259 5444 1
4259 3929 0
4259 861 0
4259 3426 0
4259 4479 0
4259 8065 0
4259 13710 0
4259 7480 0
4259 3986 0
4259 5016 0
4259 5017 0
4259 5018 0
4259 5028 0
4259 5033 0
4259 8112 0
4259 5029 0
4259 19879 0
2724 213 1
2724 8409 1
2724 242 1
2724 10529 1
2724 2338 1
2724 4479 1
2724 6599 1
2724 4553 1
2724 482 1
2724 13061 1
2724 2709 1
2724 2722 1
2724 2724 2
2724 2727 1
2724 8881 1
2724 4795 1
2724 706 1
2724 772 1
2724 11038 1
2724 861 1
2724 4981 1
2724 21378 1
2724 915 1
2724 5016 1
2724 5017 1
2724 5018 1
2724 5028 1
2724 5029 1
2724 5033 1
2724 3008 1
2724 19427 1
2724 11236 1
2724 8377 1
2724 18631 1
2724 7721 1
2724 7480 1
2724 3426 1
2724 13710 1
2724 5529 1
2724 19879 1
2724 16308 1
2724 2997 1
2724 287 1
2724 1741 1
2724 7893 1
2724 3929 1
2724 18299 1
2724 8065 1
2724 3986 1
2724 1943 1
2724 18332 1
2724 16297 1
2724 8112 1
2724 6065 1
2724 6081 1
2724 4081 1
2727 2722 0
2727 861 0
2727 15509 0
2727 1943 0
2727 6065 0
2727 2997 0
685 6599 0
685 13061 0
685 213 0
685 3446 0
685 4479 0
685 8065 0
685 3986 0
685 915 0
685 5529 0
685 18332 0
685 8112 0
685 3008 0
685 20434 0
685 7893 0
174 174 0
174 2338 0
174 13061 0
174 287 0
174 5441 1
174 1943 0
174 16308 0
174 18339 1
8881 8881 0
8881 8377 0
8881 4349 0
8881 2338 0
8881 4553 0
8881 2709 0
8881 4795 0
8881 861 0
8881 4981 0
8881 21378 0
8881 5016 0
8881 5017 0
8881 5018 0
8881 5028 0
8881 5029 0
8881 7480 0
8881 3446 0
8881 13710 0
8881 19879 0
8881 5033 0
8881 6081 0
8881 287 0
8881 1741 0
8881 3986 0
8881 18332 0
8377 7893 0
8377 16308 0
8377 861 0
8377 2338 0
8377 3426 0
8377 8065 0
8377 13710 0
8377 3986 0
8377 1943 0
8377 8112 0
8377 6065 0
8377 2997 0
8377 6599 0
8377 11236 0
4795 2709 0
4795 2722 0
4795 4795 0
4795 4479 0
4795 8112 0
706 706 0
706 482 0
706 6081 0
18631 11038 0
18631 5444 1
18631 1529 0
2763 5070 1
1741 242 0
1741 2338 0
1741 4479 0
1741 4553 0
1741 2722 0
1741 861 0
1741 4981 0
1741 5016 0
1741 5017 0
1741 5018 0
1741 5028 0
1741 5029 0
1741 5033 0
1741 3446 0
1741 13710 0
1741 5529 0
1741 19879 0
1741 11236 0
1741 1741 0
1741 8065 0
1741 4081 0
5069 5441 1
5069 5070 1
3283 19879 0
3283 7721 0
3283 16308 0
3283 15509 0
3283 3283 0
3283 13061 0
3283 7961 1
3283 2338 0
3283 861 0
3283 3426 0
3283 18299 0
3283 3986 0
3283 915 0
3283 1943 0
3283 18332 0
3283 6065 0
3283 2997 0
3283 7893 0
7893 8409 0
7893 242 0
7893 7893 0
7893 287 0
7893 4479 0
7893 2709 0
7893 2722 0
7893 13061 0
7893 5016 0
7893 5017 0
7893 5018 0
7893 5029 0
7893 5033 0
7893 19879 0
7893 15509 0
7893 7480 0
7893 5529 0
7893 5028 0
7893 16308 0
7893 8065 0
7893 4081 0
8409 8409 0
8409 2338 0
8409 6599 0
8409 2722 0
8409 5016 0
8409 5017 0
8409 5018 0
8409 5028 0
8409 5029 0
8409 5033 0
8409 11236 0
8409 7480 0
8409 19879 0
8409 8065 0
8409 3986 0
8409 1943 0
8409 18332 0
8409 6065 0
6883 861 0
6883 2709 0
6883 2722 0
6883 2338 0
6883 6883 0
6883 3446 0
6883 13710 0
6883 18339 1
242 13061 0
242 3426 0
242 2722 0
242 5017 0
242 7721 0
242 772 0
242 287 0
242 2338 0
242 861 0
242 5018 0
242 4981 0
242 4479 0
242 3986 0
242 1943 0
242 19879 0
242 5033 0
242 6065 0
242 2997 0
242 6081 0
242 5028 0
242 5029 0
242 16308 0
7721 2722 0
7721 6081 0
4479 15509 0
4479 13061 0
4479 8065 0
4479 3929 0
4479 3426 0
4479 3986 0
4479 915 0
4479 1943 0
4479 5016 0
4479 5028 0
4479 19879 0
4479 6065 0
4479 2997 0
4479 16308 0
4479 4553 0
4479 11236 0
4349 18339 1
4349 4349 0
4349 287 0
4349 3426 0
4349 3446 0
4349 3986 0
4349 18332 0
4349 19879 0
4349 6081 0
4349 4553 0
213 2709 0
213 213 0
213 16157 0
213 915 0
213 3986 0
213 6599 0
772 2722 0
772 772 0
772 4981 0
772 5017 0
772 5018 0
772 5028 0
772 5029 0
772 19879 0
772 5033 0
772 6081 0
13061 2709 0
13061 2722 0
13061 4981 0
13061 5017 0
13061 5028 0
13061 3008 0
13061 13061 0
13061 5016 0
13061 3426 0
13061 13710 0
13061 5529 0
13061 5018 0
13061 19879 0
13061 18339 1
13061 16308 0
13061 8112 0
13061 4081 0
7961 16256 1
7961 3986 1
16157 3426 0
16157 2709 0
16157 16157 0
16157 5444 1
16157 13710 0
16157 18332 0
16157 8112 0
16157 16297 0
16157 6599 0
11038 2722 0
11038 11038 0
11038 19427 0
11038 18299 0
11038 5016 0
11038 8112 0
287 287 0
287 10529 0
287 2338 0
287 11236 0
287 3426 0
287 3446 0
287 19879 0
287 4553 0
287 5029 0
287 5529 0
287 6081 0
287 6599 0
287 7480 0
10529 2722 0
10529 7480 0
10529 3986 0
10529 1943 0
10529 5028 0
2338 2338 0
2338 2709 0
2338 2722 0
2338 5926 0
2338 15509 0
2338 5016 0
2338 5017 0
2338 5028 0
2338 5029 0
2338 2997 0
2338 3426 0
2338 13710 0
2338 19879 0
2338 5033 0
2338 16297 0
2338 7480 0
2338 6065 0
2338 3986 0
2338 1943 0
2338 6081 0
5926 20434 0
5926 5926 0
5926 3446 0
5926 3986 0
7480 6599 0
7480 2722 0
7480 861 0
7480 4981 0
7480 5016 0
7480 5017 0
7480 5018 0
7480 5028 0
7480 5029 0
7480 5033 0
7480 11236 0
7480 7480 0
7480 3426 0
7480 3446 0
7480 19879 0
7480 2997 0
7480 3929 0
7480 1943 0
7480 18332 0
7480 8112 0
7480 6065 0
5441 20434 1
5444 18299 1
5444 4553 1
5444 19427 1
5444 15509 1
3929 2709 0
3929 2722 0
3929 3929 0
3929 5016 0
3929 5017 0
3929 5018 0
3929 8112 0
3929 19879 0
861 2709 0
861 2722 0
861 861 0
861 4981 0
861 5016 0
861 5018 0
861 5029 0
861 3426 0
861 3446 0
861 13710 0
861 5017 0
861 19879 0
861 5028 0
861 5033 0
861 3986 0
861 6081 0
861 4081 0
3426 16308 0
3426 2709 0
3426 2722 0
3426 4981 0
3426 5016 0
3426 5017 0
3426 5018 0
3426 5028 0
3426 5029 0
3426 5033 0
3426 2997 0
3426 16256 0
3426 3426 0
3426 13710 0
3426 5529 0
3426 19879 0
3426 6081 0
3426 8065 0
3426 3986 0
3426 1943 0
3426 16297 0
3426 8112 0
3426 6065 0
3426 4081 0
4981 8112 0
4981 6081 0
4981 2722 0
4981 6599 0
4981 5017 0
4981 4981 0
4981 1943 0
4981 5016 0
4981 5018 0
4981 5028 0
4981 5029 0
4981 5033 0
4981 6065 0
4981 2997 0
4981 11236 0
4981 19879 0
3446 2722 0
3446 5016 0
3446 11236 0
3446 3446 0
3446 13710 0
3446 19879 0
3446 6081 0
18299 19427 0
18299 18299 0
15509 16308 0
15509 6081 0
8065 2709 0
8065 2722 0
8065 5016 0
8065 5017 0
8065 5018 0
8065 5028 0
8065 19879 0
8065 8065 0
8065 4081 0
21378 2722 0
21378 21378 0
13710 2722 0
13710 18332 0
13710 19879 0
13710 8112 0
13710 2997 0
13710 6599 0
3986 2709 0
3986 2722 0
3986 3008 0
3986 19879 0
3986 3986 0
3986 4081 0
3986 5016 0
3986 5017 0
3986 5018 0
3986 5028 0
3986 5029 0
3986 5033 0
3986 5529 0
3986 6081 0
3986 8112 0
915 2709 0
915 2722 0
915 915 0
1943 19879 0
1943 2709 0
1943 2722 0
1943 5016 0
1943 5018 0
1943 5028 0
1943 5029 0
1943 5033 0
1943 2997 0
1943 3008 0
1943 5017 0
1943 1943 0
1943 6081 0
5016 6599 0
5016 2709 0
5016 2722 0
5016 5017 0
5016 5018 0
5016 5028 0
5016 5029 0
5016 5033 0
5016 11236 0
5016 5529 0
5016 19879 0
5016 2997 0
5016 18332 0
5016 8112 0
5016 6065 0
5017 16308 0
5017 6599 0
5017 2722 0
5017 5018 0
5017 5028 0
5017 5029 0
5017 5033 0
5017 11236 0
5017 5529 0
5017 19879 0
5017 2997 0
5017 8112 0
5017 6065 0
5017 6081 0
5018 16308 0
5018 2722 0
5018 5018 0
5018 5028 0
5018 5029 0
5018 5033 0
5018 11236 0
5018 5529 0
5018 19879 0
5018 6599 0
5018 2997 0
5018 18332 0
5018 8112 0
5018 6065 0
5018 6081 0
18332 2709 0
18332 2722 0
18332 5029 0
18332 3008 0
18332 19879 0
18332 8112 0
18332 6081 0
18332 4081 0
5028 6599 0
5028 2722 0
5028 5029 0
5028 5033 0
5028 11236 0
5028 16308 0
5028 5529 0
5028 19879 0
5028 2997 0
5028 8112 0
5028 6065 0
5028 6081 0
5029 6599 0
5029 2722 0
5029 5033 0
5029 11236 0
5029 5529 0
5029 19879 0
5029 16308 0
5029 2997 0
5029 8112 0
5029 6065 0
5029 6081 0
19879 6599 0
19879 2709 0
19879 2722 0
19879 5033 0
19879 5529 0
19879 19879 0
19879 16308 0
19879 2997 0
19879 8112 0
19879 6065 0
19879 6081 0
5033 2722 0
5033 11236 0
5033 2997 0
5033 8112 0
5033 6065 0
5033 6081 0
8112 6599 0
8112 2709 0
8112 2722 0
8112 8112 0
6065 2722 0
6065 2997 0
6065 3008 0
6065 16297 0
6065 6065 0
6065 6081 0
6065 20434 0
16308 2709 0
16308 2722 0
16308 16308 0
2997 2722 0
2997 3008 0
2997 2997 0
2997 16297 0
2997 6081 0
2997 20434 0
5529 2709 0
5529 6081 0
5529 5529 0
3008 3008 0
6081 2722 0
6081 11236 0
6081 16297 0
6081 6081 0
6599 2709 0
6599 2722 0
6599 4081 0
4553 2722 0
4553 4553 0
2722 2709 0
2722 2722 0
2722 4081 0
2709 2709 0
2709 11236 0
2709 4081 0
5073 5073 0
20434 20434 0
482 482 0
11236 11236 0
4081 4081 0
1529 1529 0
