20 20 0
20 287 0
20 4546 0
20 4649 0
20 2712 0
20 2727 0
20 711 1
20 892 0
20 3009 1
20 3035 0
20 3036 0
20 1170 0
20 3308 0
20 5432 0
20 15677 0
20 5469 0
20 1620 0
20 3782 0
20 5885 0
20 5981 0
53 53 0
53 65 0
53 4302 0
53 287 0
53 19879 0
53 2703 0
53 2712 0
53 2762 1
53 2764 0
53 6923 0
53 5029 0
53 3009 1
53 13200 0
53 1170 0
53 3354 0
53 5469 0
53 1680 0
53 3929 0
53 5981 0
53 1943 0
53 6068 0
53 6069 0
53 6080 0
65 4097 1
65 1620 0
65 2703 0
65 2712 0
65 2762 1
65 4302 0
65 3929 0
65 3426 0
65 13200 0
65 5521 0
65 1943 0
65 6068 0
65 3009 1
129 5469 0
129 129 0
129 2703 0
129 2709 0
129 169 0
129 5880 0
129 5524 1
129 5981 0
129 6068 0
129 6069 0
129 2535 1
129 5523 0
169 1620 0
169 169 0
169 274 1
169 277 1
169 287 0
169 6080 0
169 4546 0
174 4649 0
174 601 1
174 2650 0
174 174 0
174 10407 0
174 3308 0
174 1273 0
174 274 1
174 275 0
174 287 0
174 1943 0
174 2480 0
274 2588 1
274 4144 1
274 2650 1
274 5735 1
274 10407 1
274 1273 1
274 274 2
274 275 1
274 277 2
274 287 1
274 13200 1
274 1943 1
274 2479 1
274 2480 1
274 6068 1
274 15836 1
274 3037 1
275 10407 0
275 601 1
275 275 0
275 891 0
277 7690 1
277 2703 1
277 13200 1
277 277 2
277 2712 1
277 3354 1
277 2588 1
277 676 1
277 3880 1
277 16157 1
277 6068 1
277 5432 1
277 13463 1
277 4451 1
277 5735 1
277 3308 1
277 5880 1
277 891 1
277 2709 1
287 8438 0
287 8477 0
287 287 0
287 676 0
287 711 1
287 1221 0
287 1620 0
287 2712 0
287 2764 0
287 3308 0
287 3354 0
287 3426 0
287 19879 0
287 20227 0
287 4649 0
287 13200 0
287 5029 0
287 5034 0
287 5204 0
287 13463 0
287 5413 0
287 5586 0
287 5885 0
287 17451 0
287 6920 0
287 15398 0
287 15677 0
287 8089 0
601 1943 1
601 10407 1
601 3880 1
601 5432 1
601 5434 1
601 3426 1
676 3628 0
676 6068 0
676 1620 0
676 1680 0
676 2709 0
676 5791 0
676 676 0
676 4852 0
676 5880 0
676 18728 0
676 17451 0
676 3426 0
676 9062 0
676 19879 0
676 6080 0
676 2535 1
676 5885 0
698 3458 1
698 698 0
698 20807 1
698 1620 0
698 15836 0
698 7010 0
698 892 0
711 1680 1
711 5413 1
711 2727 1
711 711 2
711 7890 1
711 3426 1
711 20361 1
711 3561 1
780 5792 0
780 5803 1
780 3009 1
891 4649 0
891 2762 1
891 3354 0
891 2915 1
891 891 0
891 892 0
892 5152 0
892 1620 0
892 2762 1
892 4859 0
892 3458 1
892 3354 0
892 5432 0
892 5434 0
892 2915 1
892 892 0
892 5523 0
892 8185 0
1026 1026 2
1026 5521 1
1026 5523 1
1026 5151 1
1026 5152 1
1026 3035 1
1170 2535 1
1170 2709 0
1170 2712 0
1170 3354 0
1170 5432 0
1170 5469 0
1170 5524 1
1170 1620 0
1170 5981 0
1221 3426 0
1221 6807 0
1221 2762 1
1221 4859 0
1221 6920 0
1221 6922 0
1221 2905 1
1221 5204 0
1221 1221 0
1221 5432 0
1221 15677 0
1221 5469 0
1221 5521 0
1221 19879 0
1221 1620 0
1221 7890 0
1221 5880 0
1221 9062 0
1221 5981 0
1221 1943 0
1273 5233 0
1273 5432 0
1273 2905 1
1273 3561 0
1273 1273 0
1273 5434 0
1620 6380 0
1620 5523 0
1620 4546 0
1620 15489 0
1620 2479 0
1620 2703 0
1620 2709 0
1620 2712 0
1620 2762 1
1620 6614 0
1620 6920 0
1620 3009 1
1620 3035 0
1620 3036 0
1620 4649 0
1620 5394 0
1620 5432 0
1620 15677 0
1620 5469 0
1620 5521 0
1620 5586 0
1620 1620 0
1620 5803 1
1620 7890 0
1620 5880 0
1620 16157 0
1620 5981 0
1620 1943 0
1620 6080 0
1680 4144 0
1680 4451 0
1680 2712 0
1680 4852 0
1680 6923 0
1680 7010 0
1680 5029 0
1680 11438 1
1680 5469 0
1680 3426 0
1680 19879 0
1680 3628 0
1680 3782 0
1680 16157 0
1680 1943 0
1680 6069 0
1680 5791 0
1680 6080 0
1943 4144 0
1943 5481 0
1943 4302 0
1943 6380 0
1943 18728 0
1943 2480 0
1943 19879 0
1943 4629 0
1943 2479 0
1943 2703 0
1943 2709 0
1943 2712 0
1943 2727 0
1943 4982 0
1943 5029 0
1943 5034 0
1943 6920 0
1943 5204 0
1943 4985 0
1943 20227 0
1943 5432 0
1943 5434 0
1943 5469 0
1943 3426 0
1943 3628 0
1943 5791 0
1943 8477 0
1943 3782 0
1943 15677 0
1943 3880 0
1943 17451 0
1943 5981 0
1943 1943 0
1943 6068 0
1943 6080 0
1943 8185 0
2479 13200 0
2479 8477 0
2479 19427 0
2479 2535 1
2480 13200 0
2480 10407 0
2480 2480 0
2480 2535 1
2535 7690 1
2535 6923 1
2535 4629 1
2535 4649 1
2535 4451 1
2535 3628 1
2535 4144 1
2535 6068 1
2535 6922 1
2535 5204 1
2535 5233 1
2535 5481 1
2535 14905 1
2535 2709 1
2535 6807 1
2535 2727 1
2535 11438 2
2535 3782 1
2535 4302 1
2535 6380 1
2535 4852 1
2535 5394 1
2535 8477 1
2535 5413 1
2535 18728 1
2535 17451 1
2535 9062 1
2535 15677 1
2535 5469 1
2535 4982 1
2535 4985 1
2535 20361 1
2535 5521 1
2535 5029 1
2535 5034 1
2535 6069 1
2535 5791 1
2535 6080 1
2535 6920 1
2535 8185 1
2535 8438 1
2535 2535 2
2535 19879 1
2588 2588 0
2588 5469 0
2588 5735 0
2588 3354 0
2588 5432 0
2650 3009 1
2650 3354 0
2650 10407 0
2650 3005 0
2703 4302 0
2703 4629 0
2703 4649 0
2703 2703 0
2703 2709 0
2703 2712 0
2703 4859 0
2703 7010 0
2703 13200 0
2703 3009 1
2703 3426 0
2703 5029 0
2703 5885 0
2703 6068 0
2709 6380 0
2709 18728 0
2709 4451 0
2709 5885 0
2709 4629 0
2709 2709 0
2709 2712 0
2709 4859 0
2709 2923 0
2709 13463 0
2709 13200 0
2709 7690 0
2709 9062 0
2709 4649 0
2709 5432 0
2709 3426 0
2709 19879 0
2709 3561 0
2709 3628 0
2709 5880 0
2709 16157 0
2709 3929 0
2709 5981 0
2709 6068 0
2712 4302 0
2712 8438 0
2712 18728 0
2712 6614 0
2712 4629 0
2712 2712 0
2712 4859 0
2712 6923 0
2712 7010 0
2712 13200 0
2712 5029 0
2712 3009 1
2712 3036 0
2712 9062 0
2712 5233 0
2712 4649 0
2712 5394 0
2712 3354 0
2712 5432 0
2712 3426 0
2712 19879 0
2712 5803 1
2712 5885 0
2712 5981 0
2712 20361 0
2712 6068 0
2712 6069 0
2727 3628 0
2727 5791 0
2727 4852 0
2727 5885 0
2727 5413 0
2727 4451 0
2727 6068 0
2727 6080 0
2762 11294 1
2762 3628 1
2762 9062 1
2762 5481 1
2762 2762 2
2762 7890 1
2762 18298 1
2762 4859 1
2762 20226 1
2762 6920 1
2762 6922 1
2762 6923 1
2762 5394 1
2762 8477 1
2762 18728 1
2762 16684 1
2762 2888 1
2762 3929 1
2762 5981 1
2762 4982 1
2762 4985 1
2762 5029 1
2762 19879 1
2762 5034 1
2762 3004 2
2762 3005 1
2762 6080 1
2762 3009 2
2762 6614 1
2762 5204 1
2764 3009 1
2764 6080 0
2764 3628 0
2764 3004 1
2888 5521 0
2888 5523 0
2888 5524 1
2888 4546 0
2888 2888 0
2888 4859 0
2905 5152 1
2905 2905 2
2905 5233 1
2905 5151 1
2915 2915 2
2915 5523 1
2915 5432 1
2915 18298 1
2915 19427 1
2921 2921 2
2921 2923 1
2921 2924 2
2921 14580 1
2923 2924 1
2923 5524 1
2923 14580 0
2923 12805 1
2924 2924 2
2924 5524 2
2924 14580 1
2924 3036 1
3004 5792 1
3004 3009 2
3004 8963 1
3004 17451 1
3004 11793 1
3004 15489 1
3004 8089 1
3004 3004 2
3005 11793 0
3005 5432 0
3005 3009 1
3005 4333 0
3009 11793 1
3009 11294 1
3009 4649 1
3009 17451 1
3009 15489 1
3009 4546 1
3009 6807 1
3009 5792 1
3009 4302 1
3009 4333 1
3009 4852 1
3009 8963 1
3009 18298 1
3009 8089 1
3009 3009 2
3009 5586 1
3009 19427 1
3035 4333 0
3035 6614 0
3035 5521 0
3035 5523 0
3035 5524 1
3035 19879 0
3035 4546 0
3035 5586 0
3035 3035 0
3035 3037 0
3036 12805 1
3036 5885 0
3036 3036 0
3036 5469 0
3036 5521 0
3036 5523 0
3036 5524 1
3036 6068 0
3036 6614 0
3036 3037 0
3037 5521 0
3037 5523 0
3037 5524 1
3037 3037 0
3308 4097 1
3308 3308 0
3354 4097 1
3354 18728 0
3354 4629 0
3354 4859 0
3354 13200 0
3354 3354 0
3354 5803 1
3354 3880 0
3354 5432 0
3354 5981 0
3354 8089 0
3426 4144 0
3426 5481 0
3426 4985 0
3426 8477 0
3426 18728 0
3426 4451 0
3426 5204 0
3426 4629 0
3426 6614 0
3426 6920 0
3426 4982 0
3426 5029 0
3426 5034 0
3426 5394 0
3426 15677 0
3426 3426 0
3426 5981 0
3426 19879 0
3426 3628 0
3426 5791 0
3426 3782 0
3426 5880 0
3426 16157 0
3426 6068 0
3426 6080 0
3458 15398 1
3458 4859 1
3561 19879 0
3561 8477 0
3561 4451 0
3561 5523 0
3561 4982 0
3561 4985 0
3561 5029 0
3561 19427 0
3561 15398 0
3561 9062 0
3561 11438 1
3561 5394 0
3561 7010 0
3561 3782 0
3561 18728 0
3561 5981 0
3561 6069 0
3628 7690 0
3628 3628 0
3628 6080 0
3628 5885 0
3628 5791 0
3782 8477 0
3782 18728 0
3782 4859 0
3782 4982 0
3782 5029 0
3782 5034 0
3782 19494 1
3782 9062 0
3782 4985 0
3782 5394 0
3782 15677 0
3782 5481 0
3782 5523 0
3782 19879 0
3782 5981 0
3880 3880 0
3929 4097 1
3929 4649 0
3929 3929 0
3929 5469 0
3929 13200 0
3929 19879 0
3929 6068 0
4097 4097 2
4097 20226 1
4097 4629 1
4097 5432 1
4097 5434 1
4097 20227 1
4097 4333 1
4097 5233 1
4144 4144 0
4144 5791 0
4144 5885 0
4144 5981 0
4144 7010 0
4302 8477 0
4333 5735 0
4333 20226 0
4451 5233 0
4451 5885 0
4451 20226 0
4451 20227 0
4451 6614 0
4546 19879 0
4546 5803 1
4546 4859 0
4546 5885 0
4546 5432 0
4546 5469 0
4546 4546 0
4629 4649 0
4629 13463 0
4629 5981 0
4629 4985 0
4629 13200 0
4649 7690 0
4649 4649 0
4649 5885 0
4649 20226 0
4649 20227 0
4649 5981 0
4649 13200 0
4649 19879 0
4649 6068 0
4852 5791 0
4852 6068 0
4852 6080 0
4859 4859 0
4859 5034 0
4859 5152 0
4859 5432 0
4859 5434 0
4859 5521 0
4859 5523 0
4859 19879 0
4859 7890 0
4859 5981 0
4982 15677 0
4982 5481 0
4982 8477 0
4982 4985 0
4982 19879 0
4982 5885 0
4982 18728 0
4982 5034 0
4982 5029 0
4985 15677 0
4985 5481 0
4985 8477 0
4985 19879 0
4985 5885 0
4985 18728 0
4985 5034 0
4985 6068 0
4985 5029 0
5029 8477 0
5029 6922 0
5029 6923 0
5029 5034 0
5029 15677 0
5029 5481 0
5029 5523 0
5029 19879 0
5029 18728 0
5029 5885 0
5029 6068 0
5029 6069 0
5034 7010 0
5034 5481 0
5034 19879 0
5151 5151 0
5152 5152 0
5204 5204 0
5204 5885 0
5204 13200 0
5204 19879 0
5204 6614 0
5233 20226 0
5233 5233 0
5233 18728 0
5233 5981 0
5394 8477 0
5394 18728 0
5394 5481 0
5394 13200 0
5413 5791 0
5413 5880 0
5413 5413 0
5413 7010 0
5432 5432 0
5432 5434 0
5432 5469 0
5432 5521 0
5432 5523 0
5432 5586 0
5432 5981 0
5434 5521 0
5469 5523 0
5469 5981 0
5469 5469 0
5469 5521 0
5469 5586 0
5469 5803 1
5469 5885 0
5469 6080 0
5481 6807 0
5481 19879 0
5521 5521 0
5521 5523 0
5521 6068 0
5521 5586 0
5521 8185 0
5523 12805 1
5523 5885 0
5523 5523 0
5523 5586 0
5523 8185 0
5524 5524 2
5524 5791 1
5524 8185 1
5586 5803 1
5586 5885 0
5586 6080 0
5586 5586 0
5735 5735 0
5791 6068 0
5791 5791 0
5791 6080 0
5803 20227 1
5803 5803 2
5803 7010 1
5803 5880 1
5803 5885 1
5880 7690 0
5880 17451 0
5880 6380 0
5880 16157 0
5880 6068 0
5880 5880 0
5885 6380 0
5885 18728 0
5885 20807 1
5885 6920 0
5885 6923 0
5885 7010 0
5885 15677 0
5885 19879 0
5885 7690 0
5885 5885 0
5885 5981 0
5885 20361 0
5885 8089 0
5885 6068 0
5885 6069 0
5885 6080 0
5885 8185 0
5981 8477 0
5981 19494 1
5981 19879 0
5981 20227 0
5981 20807 1
5981 13200 0
5981 5981 0
5981 6068 0
5981 6069 0
5981 7890 0
5981 20226 0
5981 6920 0
5981 6922 0
5981 7010 0
5981 15398 0
5981 16157 0
5981 8089 0
5981 8185 0
6068 6380 0
6068 17451 0
6068 6807 0
6068 13463 0
6068 20227 0
6068 19879 0
6068 9062 0
6068 16157 0
6068 6068 0
6069 19494 1
6069 6380 0
6069 8438 0
6069 17451 0
6069 6923 0
6069 20361 0
6069 7010 0
6069 19879 0
6069 6069 0
6080 7010 0
6080 6080 0
6380 19494 1
6380 16157 0
6380 13200 0
6614 11438 1
6614 6614 0
6614 8185 0
6614 19879 0
6623 6623 2
6920 6920 0
6920 6922 0
6920 6923 0
6922 6923 0
6922 19879 0
6923 19879 0
7010 20807 1
7010 7010 0
7890 19879 0
7890 7890 0
8089 8089 0
8185 19879 0
8185 8185 0
8438 19494 1
8438 17451 0
8438 16157 0
8477 15677 0
8477 19879 0
8477 18728 0
9062 18728 0
9062 9062 0
9062 19879 0
11294 11294 0
11294 19427 0
11294 18298 0
11438 14905 1
11793 11793 0
11793 20807 1
13200 13200 0
13463 13463 0
13463 19494 1
13463 16157 0
14580 14580 0
15398 15398 0
15398 20807 1
15677 19494 1
15677 18728 0
15836 20807 1
15836 15836 0
16157 19494 1
16157 20226 0
16157 16157 0
16684 19494 1
18298 19427 0
18298 18298 0
18728 19879 0
18728 18728 0
19879 19879 0
20124 20124 2
20226 20226 0
20226 20227 0
20227 20227 0
20807 20807 2
