21 6914 0
21 416 0
21 7088 0
21 177 0
21 178 1
21 179 0
21 180 0
21 181 0
21 182 0
21 183 0
21 184 0
21 185 0
21 3390 0
21 3391 0
21 1096 1
21 102 1
21 103 1
21 6895 0
21 254 0
52 6162 0
52 6739 0
52 5245 1
52 8881 0
52 5943 1
52 4536 0
53 53 0
53 2115 0
53 2243 0
53 287 0
53 2338 0
53 4536 0
53 4691 0
53 2715 0
53 2718 0
53 8881 0
53 6910 0
53 5245 1
53 3336 0
53 5389 1
53 6739 0
53 1591 0
53 5981 0
53 1927 0
53 1943 0
102 6914 1
102 4747 1
102 8335 1
102 6162 1
102 416 1
102 7088 1
102 177 1
102 178 2
102 179 1
102 180 1
102 181 1
102 182 1
102 183 1
102 184 1
102 185 1
102 3390 1
102 3391 1
102 7743 1
102 3549 1
102 102 2
102 103 2
102 6895 1
102 191 1
102 254 1
102 6399 1
103 6914 1
103 4747 1
103 8335 1
103 416 1
103 7088 1
103 177 1
103 178 2
103 179 1
103 180 1
103 181 1
103 182 1
103 183 1
103 184 1
103 185 1
103 3390 1
103 3391 1
103 3549 1
103 103 2
103 6895 1
103 191 1
103 254 1
103 6399 1
137 6739 0
137 5245 1
137 137 0
137 8881 0
137 5389 1
137 3986 0
174 6162 0
174 2072 1
174 4169 1
174 5727 1
174 174 0
174 2849 0
174 2338 0
174 2860 0
174 274 0
174 287 0
174 13479 0
174 1943 0
177 177 0
177 178 1
177 3391 0
177 3549 0
177 6895 0
177 3390 0
177 254 0
178 7088 1
178 2860 1
178 274 1
178 1172 1
178 7268 1
178 2715 1
178 287 1
178 2849 1
178 10670 1
178 178 2
178 3391 1
178 16453 1
178 6042 1
178 5727 2
178 3549 1
178 6895 1
178 3986 1
178 6739 1
178 3390 1
178 254 1
179 179 0
179 181 0
179 182 0
179 183 0
179 3391 0
179 1096 1
179 3549 0
179 5477 0
179 6895 0
179 3390 0
179 254 0
180 3986 0
180 1943 0
180 5981 0
180 3391 0
180 6042 0
180 6739 0
180 3549 0
180 6895 0
180 3390 0
180 6399 0
180 254 0
181 3390 0
181 182 0
181 183 0
181 3391 0
181 1096 1
181 3549 0
181 6895 0
181 254 0
182 183 0
182 3391 0
182 1096 1
182 3549 0
182 6895 0
182 3390 0
182 254 0
183 3391 0
183 1096 1
183 3549 0
183 6895 0
183 3390 0
183 254 0
184 3390 0
184 3391 0
184 3549 0
184 6895 0
184 254 0
185 6739 0
185 6895 0
185 254 0
185 3390 0
185 3391 0
185 3549 0
191 8335 0
191 3986 0
191 5245 1
254 6914 0
254 416 0
254 7088 0
254 3390 0
254 3391 0
254 1096 1
254 6895 0
274 4169 1
274 5727 1
274 274 0
274 287 0
274 2849 0
274 2860 0
274 10087 0
274 1943 0
287 8287 0
287 287 0
287 416 0
287 676 0
287 8881 0
287 1063 0
287 1268 0
287 2059 0
287 2115 0
287 2338 0
287 2718 0
287 1957 0
287 20227 0
287 4198 1
287 4497 0
287 4536 0
287 13479 0
287 13549 0
287 5389 1
287 6739 0
287 6914 0
287 6920 0
287 7317 0
287 15538 1
416 10670 0
416 6162 0
416 3391 0
416 3549 0
416 6895 0
416 3390 0
537 8467 0
537 537 0
537 6739 0
537 669 0
537 685 0
537 6910 0
537 13400 0
537 18983 1
537 4691 0
537 5981 0
537 8180 1
669 6162 0
669 16453 0
669 8467 0
669 2327 0
669 6739 0
669 669 0
669 2718 0
669 676 0
669 679 0
669 5389 1
669 5432 0
669 5981 0
669 1927 0
669 4043 1
672 6162 0
672 672 0
672 679 0
672 5389 1
672 2327 0
672 4043 1
672 6739 0
676 6162 0
676 21362 1
676 5727 1
676 676 0
676 685 0
676 2327 0
676 3986 0
676 4524 0
676 9164 0
679 2087 1
679 2718 0
679 679 0
679 2247 0
679 5389 1
679 5477 0
679 1927 0
679 4043 1
685 5727 1
685 6739 0
685 4537 0
685 2718 0
685 21362 1
685 3986 0
685 6042 0
685 4536 0
685 963 1
685 4551 0
742 742 2
916 2027 1
916 4691 0
916 916 0
916 3260 1
961 968 1
961 20227 1
963 968 1
968 20227 0
1063 20227 0
1063 1943 0
1063 4769 0
1063 1096 1
1063 5245 1
1096 1943 1
1096 3390 1
1096 3391 1
1096 10087 1
1096 6895 1
1172 2059 0
1172 1172 0
1172 7317 0
1172 8347 0
1172 15059 1
1172 3986 0
1268 5389 1
1268 1943 0
1268 2715 0
1268 4550 0
1268 4769 0
1268 6042 0
1268 5245 1
1591 2115 0
1591 8467 0
1591 2327 0
1591 2338 0
1591 16453 0
1591 4536 0
1591 4537 0
1591 6739 0
1591 2715 0
1591 2718 0
1591 8881 0
1591 6910 0
1591 6920 0
1591 13400 0
1591 5245 1
1591 5389 1
1591 5981 0
1591 1591 0
1591 3986 0
1591 1943 0
1927 2059 0
1927 2242 0
1927 2338 0
1927 4524 0
1927 6739 0
1927 2718 0
1927 5245 1
1927 13479 0
1927 3986 0
1927 1943 0
1927 4043 1
1943 2059 0
1943 16453 0
1943 6162 0
1943 2115 0
1943 2338 0
1943 2718 0
1943 2849 0
1943 6920 0
1943 13400 0
1943 20227 0
1943 5432 0
1943 5472 0
1943 5598 0
1943 5727 1
1943 5981 0
1943 1943 0
1957 8881 0
1957 2133 1
1957 20647 1
1957 4497 0
1957 1957 0
1957 4524 0
1957 4550 0
1957 4551 0
1957 4043 1
2027 2027 2
2044 2059 0
2044 2338 0
2044 15025 1
2044 5432 0
2044 4550 0
2044 2133 1
2059 2059 0
2059 2072 1
2059 4524 0
2059 4536 0
2059 4537 0
2059 2718 0
2059 7268 0
2059 3336 0
2059 5389 1
2059 5432 0
2072 2087 2
2072 2082 1
2072 2338 1
2072 2075 1
2072 2247 1
2075 2082 0
2075 2087 1
2075 4536 0
2075 20227 0
2075 2076 1
2076 2082 1
2076 20227 1
2082 20227 0
2082 2087 1
2082 4536 0
2082 4537 0
2087 2087 2
2087 9164 1
2087 4536 1
2087 4537 1
2115 2115 0
2115 6739 0
2115 8881 0
2115 6162 0
2115 5258 0
2115 2715 0
2115 2718 0
2115 2243 0
2115 15059 1
2115 20227 0
2115 6910 0
2115 5389 1
2115 2338 0
2115 8335 0
2115 4497 0
2115 3986 0
2115 4550 0
2133 4524 1
2133 5432 1
2133 4550 1
2133 4551 1
2133 5477 1
2179 2179 2
2189 13511 1
2242 2743 1
2242 2242 0
2242 2243 0
2242 2247 0
2242 4043 1
2243 4537 0
2243 2718 0
2243 3260 1
2243 2243 0
2243 2247 0
2243 4043 1
2247 3986 0
2247 2247 0
2247 4043 1
2327 2718 0
2327 5389 1
2327 8467 0
2327 2327 0
2327 5604 1
2338 6162 0
2338 8347 0
2338 2338 0
2338 4497 0
2338 4550 0
2338 6739 0
2338 2718 0
2338 8881 0
2338 6910 0
2338 5981 0
2338 5245 1
2338 7317 0
2338 3336 0
2338 5432 0
2338 5727 1
2338 3986 0
2715 2715 0
2715 5389 1
2715 5432 0
2718 6162 0
2718 8287 0
2718 8467 0
2718 4497 0
2718 4524 0
2718 4536 0
2718 4537 0
2718 4550 0
2718 6739 0
2718 2718 0
2718 8881 0
2718 15538 1
2718 3336 0
2718 5389 1
2718 5432 0
2718 3986 0
2718 6042 0
2743 6920 1
2743 4497 1
2743 3336 1
2849 6162 0
2849 5727 1
2849 8347 0
2849 2849 0
2849 2860 0
2860 5727 1
3226 4198 1
3226 3986 0
3226 5943 1
3336 5389 1
3336 7268 0
3336 3336 0
3336 3986 0
3336 4536 0
3336 4551 0
3390 6914 0
3390 7088 0
3390 3390 0
3390 3391 0
3390 6895 0
3391 6914 0
3391 7088 0
3391 3391 0
3391 5432 0
3391 6895 0
3549 6914 0
3549 4747 0
3549 7088 0
3549 3549 0
3549 6399 0
3935 20227 1
3935 13511 1
3935 19923 2
3935 5432 1
3986 8261 1
3986 8347 0
3986 16453 0
3986 8881 0
3986 20227 0
3986 3986 0
3986 4169 1
3986 4497 0
3986 4550 0
3986 4551 0
3986 4747 0
3986 13400 0
3986 5981 0
3986 6042 0
3986 6162 0
3986 6739 0
3986 6910 0
3986 6920 0
3986 7317 0
4043 5258 1
4043 5259 1
4043 8881 1
4043 17212 1
4043 17869 1
4043 5719 1
4043 5981 1
4043 13549 1
4169 4524 1
4169 8467 1
4169 4550 1
4169 4169 2
4497 16482 1
4497 8467 0
4497 4497 0
4524 8467 0
4524 4524 0
4524 6739 0
4524 6910 0
4524 5477 0
4524 13549 0
4524 7743 0
4536 8881 0
4536 5389 1
4536 5432 0
4536 4551 0
4536 4536 0
4536 4550 0
4537 5389 1
4537 4537 0
4537 4550 0
4537 4551 0
4550 4550 0
4550 4551 0
4550 5389 1
4550 5432 0
4551 4769 0
4551 4551 0
4551 5389 1
4551 5432 0
4691 21554 1
4691 4691 0
4691 15059 1
4691 20227 0
4691 6920 0
4691 5601 0
4747 8467 0
4747 6739 0
4769 5727 1
4769 4769 0
4769 5389 1
4769 6042 0
5245 6920 1
5245 5477 1
5245 5472 1
5245 5245 2
5258 5258 0
5258 5259 0
5258 8881 0
5258 5389 1
5259 5259 0
5259 5389 1
5389 6162 1
5389 8287 1
5389 16592 1
5389 6910 1
5389 21362 2
5389 13549 1
5389 5389 2
5389 5472 1
5389 7743 1
5389 5981 1
5389 6042 1
5432 8467 0
5432 5432 0
5432 5477 0
5432 5981 0
5472 5472 0
5477 5477 0
5598 5605 1
5598 5604 1
5598 17884 0
5601 5604 1
5601 5605 1
5601 17869 0
5601 5981 0
5604 17884 1
5604 17869 1
5605 17884 1
5605 17869 1
5719 14159 1
5719 5719 0
5727 8328 1
5727 13479 1
5727 5727 2
5727 10087 1
5943 10670 1
5981 8287 0
5981 8467 0
5981 8881 0
5981 20227 0
5981 13479 0
5981 13549 0
5981 5981 0
5981 6739 0
5981 6920 0
5981 7317 0
6162 6162 0
6162 6739 0
6739 16453 0
6739 8467 0
6739 6739 0
6739 8881 0
6739 8347 0
6739 15538 1
6739 9164 0
6895 6914 0
6895 7088 0
6910 7743 0
6910 16592 0
6910 6910 0
6910 8261 1
6914 6914 0
6920 7317 0
6920 8881 0
6920 6920 0
7268 15059 1
7317 8347 0
7317 8467 0
7317 15025 1
7317 20647 1
7317 20227 0
7573 20647 1
7573 21362 1
7573 7573 0
8180 8467 1
8261 13479 1
8261 8261 2
8261 9164 1
8261 16592 1
8287 21554 1
8287 16482 1
8287 8287 0
8287 8467 0
8328 21554 1
8347 15025 1
8347 8881 0
8347 15059 1
8347 8347 0
8347 17869 0
8467 8881 0
8467 8467 0
8467 20227 0
8881 8881 0
8881 15538 1
9164 10670 0
9164 9164 0
10087 10087 0
10670 10670 0
10670 13479 0
13400 18983 1
13400 16482 1
13400 16453 0
13511 20227 0
13549 20227 0
16453 21554 1
17212 19923 1
19923 19923 2
20227 20227 0
