2048 2048 0
2048 4145 0
2048 4110 0
2048 4230 0
2048 4233 0
2048 4259 0
2048 174 1
2048 4319 0
2048 237 0
2048 6401 0
2048 16308 0
2048 8477 0
2048 2338 0
2048 2375 0
2048 18784 0
2048 389 0
2048 413 0
2048 4535 0
2048 4547 0
2048 4559 0
2048 2535 1
2048 2594 0
2048 2599 0
2048 2606 0
2048 6740 0
2048 2709 0
2048 2712 0
2048 2718 0
2048 8881 0
2048 4859 0
2048 5034 0
2048 5243 0
2048 5286 0
2048 5445 0
2048 3426 0
2048 1388 0
2048 5516 0
2048 3662 0
2048 7775 0
2048 3746 0
2048 5798 0
2048 3782 0
2048 3784 0
2048 1741 0
2048 14072 0
2048 5954 0
2048 5981 0
2048 3986 0
2048 1943 0
2048 6065 0
2048 6068 0
2048 2722 0
2048 4083 0
1 1 0
1 2883 1
1 2709 0
1 10407 0
1 287 0
1 284 0
1 2338 0
1 2894 1
1 393 0
1 4553 0
1 3535 0
12291 12291 2
12291 5155 2
12291 5156 2
12291 5157 1
12291 5160 1
12291 5148 2
12291 337 1
12291 20539 2
12291 3036 1
2052 3009 1
2052 5195 1
2057 5152 0
2057 12418 1
2057 5155 1
2057 5161 1
2057 5173 1
2057 2905 0
2057 20539 1
2057 5148 1
2059 2059 0
2059 5469 0
2059 700 0
2059 8391 0
2059 4300 0
2059 4333 0
2059 2295 0
2059 287 0
2059 290 0
2059 4536 0
2059 4539 0
2059 4544 0
2059 4546 0
2059 4681 0
2059 4537 0
2059 4704 0
2059 2718 0
2059 4795 0
2059 705 0
2059 719 0
2059 6907 0
2059 13061 0
2059 782 0
2059 2883 1
2059 2889 1
2059 6975 0
2059 3014 0
2059 3036 0
2059 1022 0
2059 7268 0
2059 5247 0
2059 1197 0
2059 3336 0
2059 17712 0
2059 5432 0
2059 3469 0
2059 5521 0
2059 5523 0
2059 5586 0
2059 3006 0
2059 5828 1
2059 5835 1
2059 5885 0
2059 3844 0
2059 6792 0
2059 5950 0
2059 3923 0
2059 3949 0
2059 1927 0
2059 1943 0
2059 6062 0
2059 3745 0
4110 4110 0
4110 6162 0
4110 4145 0
4110 4259 0
4110 174 1
4110 237 0
4110 8477 0
4110 287 0
4110 4647 0
4110 337 0
4110 8588 0
4110 413 0
4110 4550 0
4110 14072 0
4110 2594 0
4110 4645 0
4110 2599 0
4110 2606 0
4110 4657 0
4110 590 0
4110 2701 0
4110 2703 0
4110 2709 0
4110 2712 0
4110 4780 0
4110 698 1
4110 705 0
4110 6867 0
4110 5243 0
4110 4847 0
4110 4855 0
4110 2849 0
4110 5034 0
4110 5039 0
4110 5052 0
4110 7303 0
4110 15535 0
4110 1216 0
4110 5345 0
4110 4649 0
4110 7456 0
4110 17712 0
4110 3431 0
4110 3469 0
4110 1427 0
4110 7573 0
4110 7634 0
4110 1620 0
4110 13939 1
4110 1653 0
4110 3762 0
4110 3782 0
4110 2718 0
4110 5882 0
4110 6792 0
4110 5954 0
4110 5980 0
4110 5981 0
4110 2705 0
4110 5999 0
4110 6068 0
4110 2722 0
4110 8164 0
6162 6147 0
6162 6162 0
6162 174 1
6162 2281 0
6162 238 0
6162 16308 0
6162 2338 0
6162 8505 0
6162 337 0
6162 413 0
6162 4538 0
6162 4540 0
6162 4560 0
6162 2548 0
6162 2552 1
6162 2594 0
6162 590 0
6162 2701 0
6162 2703 0
6162 2712 0
6162 2714 0
6162 669 0
6162 2718 0
6162 672 0
6162 2722 0
6162 690 0
6162 4795 0
6162 700 0
6162 4554 0
6162 4847 0
6162 13061 0
6162 2849 0
6162 5016 0
6162 2549 1
6162 19489 1
6162 5243 0
6162 5254 0
6162 1197 0
6162 1216 0
6162 19768 0
6162 5469 0
6162 3426 0
6162 5620 0
6162 1620 0
6162 5747 1
6162 3746 0
6162 5832 0
6162 5855 0
6162 5882 0
6162 14157 0
6162 3986 0
6162 1943 0
6162 6065 0
6162 6068 0
6147 6147 0
6147 18 1
6147 6168 0
6147 8376 0
6147 8442 0
6147 20857 0
6147 4525 0
6147 4540 0
6147 4553 0
6147 4554 0
6147 2583 0
6147 2594 0
6147 2705 0
6147 659 0
6147 2714 0
6147 2718 0
6147 2722 0
6147 4795 0
6147 14072 0
6147 6867 0
6147 4847 0
6147 4855 0
6147 4859 0
6147 13061 0
6147 6986 0
6147 6968 0
6147 7013 0
6147 5016 0
6147 5034 0
6147 5039 0
6147 5043 0
6147 972 0
6147 7134 0
6147 1004 0
6147 9051 0
6147 5243 0
6147 5247 0
6147 1216 0
6147 1221 0
6147 1223 0
6147 6792 0
6147 19768 0
6147 1350 0
6147 3426 0
6147 1388 0
6147 5521 0
6147 9117 0
6147 1459 0
6147 7414 0
6147 5620 0
6147 15903 0
6147 6065 0
6147 7774 0
6147 7741 0
6147 1620 0
6147 1653 0
6147 3782 0
6147 3784 0
6147 5836 1
6147 1741 0
6147 1747 0
6147 5855 0
6147 3884 0
6147 3886 0
6147 5954 0
6147 4755 0
6147 3986 0
6147 1943 0
6147 16308 0
6168 2583 0
6168 5828 1
6168 5149 1
6168 287 0
6168 3884 0
6168 1197 0
6168 4550 0
6168 4551 0
6168 4553 0
6168 4554 0
6168 4555 0
6168 4557 0
6168 4559 0
6168 4558 0
6168 5108 0
6168 5882 0
6168 4477 0
2073 287 0
2073 5432 0
2073 3009 1
2073 2889 1
2073 12119 0
2073 15335 0
32 13061 0
32 1294 1
32 3986 0
32 174 1
32 32 0
32 7209 0
32 3426 0
32 4083 0
18469 2709 0
18469 17451 0
18469 174 1
18469 6080 0
18469 6740 0
18469 18784 0
18469 2535 1
18469 238 0
18469 1653 0
16424 16424 0
16424 1388 0
16424 1294 1
16424 5452 1
16424 5521 0
16424 3469 0
16424 6068 0
20525 5452 1
20525 2901 1
4145 4145 0
4145 117 0
4145 4547 0
4145 2535 1
4145 6636 0
4145 4647 0
4145 6740 0
4145 8816 0
4145 8879 0
4145 4827 0
4145 4859 0
4145 5016 0
4145 9117 0
4145 5034 0
4145 5039 0
4145 5148 1
4145 7213 0
4145 5233 0
4145 13479 0
4145 1371 0
4145 3431 0
4145 1388 0
4145 1620 0
4145 873 0
4145 5855 0
4145 5885 0
4145 1809 0
4145 7480 0
4145 5980 0
4145 5981 0
4145 3986 0
4145 1943 0
4145 16308 0
20539 1026 2
20539 1027 1
20539 1028 1
20539 1030 1
20539 1034 1
20539 20227 1
20539 3534 1
20539 3535 1
20539 3536 1
20539 13362 1
20539 1653 1
20539 2295 1
20539 3544 1
20539 20226 1
20539 20539 2
20539 2300 2
60 13061 0
60 60 0
60 7010 0
60 5240 0
60 6977 0
60 129 0
60 6792 0
60 10894 0
60 659 0
60 2718 0
60 3745 0
60 2722 0
60 5835 1
60 5836 1
60 6867 0
60 7414 0
60 4855 0
60 5881 0
60 5882 0
60 4859 0
60 5885 0
60 284 0
60 2338 0
60 3884 0
60 3886 0
60 5432 0
60 2881 0
60 6986 0
60 6968 0
60 3426 0
60 873 0
60 1927 0
60 1943 0
60 7064 0
60 4553 0
60 972 0
60 8165 0
60 5620 0
3427 5148 1
3427 13061 0
3427 6740 0
3427 2718 0
3427 8881 0
3427 1221 0
3427 3886 0
3427 3426 0
3427 3431 0
3427 389 0
3427 5521 0
3427 3986 0
3427 1943 0
3427 6065 0
3427 16308 0
3427 4553 0
3427 2535 1
3427 6636 0
3427 5885 0
18 13061 1
18 1388 1
18 3986 1
18 2583 1
18 16308 1
18 287 1
18 4645 1
18 8881 1
18 2606 1
18 4657 1
18 6977 1
18 1221 1
18 3782 1
18 3923 1
18 6740 1
18 20857 1
18 7775 1
18 3426 1
18 15335 1
18 1900 1
18 1943 1
117 13061 0
117 4681 0
117 13497 0
117 1653 0
117 5243 0
117 5254 0
117 705 0
117 2709 0
117 5793 0
117 3746 0
117 13479 0
117 8881 0
117 698 1
117 700 0
117 117 0
117 6792 0
117 1741 0
117 5855 0
117 1270 0
117 5881 0
117 5882 0
117 4859 0
117 3870 0
117 3884 0
117 5432 0
117 2881 0
117 1350 0
117 3986 0
117 389 0
117 5469 0
117 1943 0
117 413 0
117 6065 0
117 16308 0
117 7414 0
117 4547 0
117 4550 0
117 5452 1
117 4559 0
117 4551 0
117 5885 0
4216 4512 1
4216 5152 1
4216 1225 1
4216 1869 1
4216 4216 2
4216 2905 1
4216 5178 1
4216 2300 2
129 3844 0
129 7715 0
129 4647 0
129 2606 0
129 5469 0
129 2883 1
129 590 0
129 6740 0
129 5243 0
129 129 0
129 2703 0
129 2709 0
129 669 0
129 672 0
129 673 0
129 4259 0
129 1197 0
129 690 0
129 7303 0
129 8391 0
129 237 0
129 238 0
129 772 0
129 2338 0
129 5254 0
129 5954 0
129 337 0
129 2899 0
129 5980 0
129 5500 0
129 1927 0
129 393 0
129 18784 0
129 403 0
129 3662 0
129 413 0
129 5981 0
129 4525 0
129 6068 0
129 4534 0
129 4536 0
129 4547 0
129 4855 0
129 14072 0
129 3150 0
129 5881 0
129 5286 0
129 2535 1
129 20185 0
129 5523 0
129 1022 0
12418 12418 2
12418 1741 1
12418 3469 1
12418 3539 1
12418 4664 1
12418 2906 1
12418 10907 1
12418 2908 2
4230 13061 0
4230 4233 0
4230 4525 0
4230 3986 0
4230 1943 0
4230 287 0
4230 5798 0
4230 4647 0
4230 4230 0
4230 1459 0
4230 5835 1
4230 3662 0
4230 1620 0
4230 4319 0
4230 2535 1
4230 5882 0
4233 1576 0
4233 3662 0
4233 1620 0
4233 4233 0
4233 8881 0
4233 5836 1
4233 4319 0
4233 5885 0
4233 13061 0
4233 3426 0
4233 3986 0
4233 1943 0
4233 1459 0
4233 2535 1
4259 15535 0
4259 2606 0
4259 5043 0
4259 13061 0
4259 4664 0
4259 7741 0
4259 590 0
4259 1620 0
4259 1653 0
4259 2705 0
4259 659 0
4259 2722 0
4259 8879 0
4259 8881 0
4259 5836 1
4259 5835 1
4259 14072 0
4259 237 0
4259 8477 0
4259 2338 0
4259 5432 0
4259 8505 0
4259 8506 0
4259 15677 0
4259 6977 0
4259 5954 0
4259 6968 0
4259 3426 0
4259 1379 0
4259 1388 0
4259 5500 0
4259 4999 0
4259 393 0
4259 395 0
4259 7480 0
4259 3986 0
4259 238 0
4259 6867 0
4259 5016 0
4259 6068 0
4259 5051 0
4259 6740 0
4259 1022 0
10407 274 0
10407 2849 0
10407 174 1
10407 2480 0
10407 3134 1
10407 2650 1
174 2583 1
174 2594 1
174 4649 1
174 7741 1
174 3150 1
174 591 1
174 2650 2
174 9840 1
174 1180 1
174 5286 1
174 284 1
174 174 2
174 8879 1
174 13497 1
174 2849 1
174 2338 1
174 1747 1
174 1273 1
174 13061 1
174 2860 1
174 14251 1
174 274 1
174 287 1
174 5412 1
174 3884 1
174 1844 1
174 13479 1
174 1371 1
174 4447 2
174 8519 1
174 3949 1
174 389 1
174 5516 1
174 1943 1
174 4512 1
174 2480 1
174 1459 1
174 16308 1
174 17899 1
174 3013 1
174 7134 1
174 15335 1
174 12778 1
174 6636 1
174 4083 1
3784 5039 0
3784 7741 0
3784 2594 0
3784 8881 0
3784 4649 0
3784 2606 0
3784 5981 0
3784 1653 0
3784 1388 0
3784 10894 0
3784 2714 0
3784 3745 0
3784 5835 1
3784 1221 0
3784 3782 0
3784 3784 0
3784 5855 0
3784 237 0
3784 5881 0
3784 5882 0
3784 5885 0
3784 5432 0
3784 5954 0
3784 6968 0
3784 3426 0
3784 7480 0
3784 3986 0
3784 5016 0
3784 5034 0
3784 2480 0
3784 5043 0
3784 3036 0
3784 3037 0
3784 2535 1
3784 6740 0
20661 2535 1
20661 5836 1
20661 3986 0
8376 17986 0
8376 7010 0
8376 1620 0
8376 6792 0
8376 2709 0
8376 972 0
8376 5835 1
8376 5836 1
8376 4855 0
8376 5881 0
8376 8442 0
8376 4859 0
8376 5885 0
8376 3336 0
8376 290 0
8376 3884 0
8376 3886 0
8376 5432 0
8376 2881 0
8376 6986 0
8376 6968 0
8376 5882 0
8376 3426 0
8376 5620 0
4780 4100 0
4780 5981 0
4780 700 0
4780 6977 0
4780 3745 0
4780 4780 0
4780 5828 1
4780 5835 1
4780 4300 0
4780 719 0
4780 4319 0
4780 251 0
4780 3324 0
4780 5885 0
4780 6401 0
4780 3844 0
4780 268 0
4780 4681 0
4780 316 0
4780 2885 0
4780 2375 0
4780 8830 0
4780 18299 0
4780 4477 0
4780 6065 0
4780 1927 0
4780 5521 0
4780 5523 0
4780 1943 0
4780 7064 0
4780 6062 0
4780 4540 0
4780 4534 0
4780 1022 0
8391 5039 0
8391 2594 0
8391 5469 0
8391 5043 0
8391 16308 0
8391 1653 0
8391 5243 0
8391 6792 0
8391 2712 0
8391 2718 0
8391 2722 0
8391 3753 0
8391 15020 0
8391 8881 0
8391 4795 0
8391 5828 1
8391 8391 0
8391 5835 1
8391 1741 0
8391 2599 0
8391 238 0
8391 772 0
8391 6923 0
8391 8477 0
8391 301 0
8391 316 0
8391 2881 0
8391 2889 1
8391 2895 0
8391 3426 0
8391 6977 0
8391 9117 0
8391 5521 0
8391 3986 0
8391 1943 0
8391 5016 0
8391 413 0
8391 6065 0
8391 4534 0
8391 4535 0
8391 4536 0
8391 4537 0
8391 5051 0
8391 3009 1
8391 3013 0
8391 4553 0
8391 14072 0
8391 3035 0
8391 5523 0
8391 6740 0
4300 1576 0
4300 5469 0
4300 4664 0
4300 4704 0
4300 5981 0
4300 4681 0
4300 1620 0
4300 6080 0
4300 5798 0
4300 3754 1
4300 1221 0
4300 5835 1
4300 4300 0
4300 1741 0
4300 5247 0
4300 772 0
4300 2338 0
4300 3886 0
4300 2889 1
4300 2901 1
4300 2925 1
4300 1927 0
4300 2884 1
4300 3986 0
4300 2885 0
4300 6062 0
4300 2494 0
4300 2499 0
4300 4555 0
4300 5586 0
4300 3035 0
4300 3036 0
4300 3037 0
4300 6907 0
4300 5523 0
4302 6401 0
4302 772 0
4302 3009 1
4302 19850 1
4302 2703 0
4302 3986 0
4302 1943 0
4302 2712 0
4302 8477 0
4302 13061 0
4302 2722 0
4302 6065 0
4302 2535 1
6362 14761 1
6362 2882 1
6362 2883 2
6362 2885 1
4815 13061 0
4815 6792 0
4815 2701 0
4815 3986 0
4815 2338 0
4815 6065 0
4815 5835 1
4815 3426 0
4815 1620 0
4815 5981 0
4815 2535 1
4815 5243 0
8413 287 0
8413 7741 0
8413 5835 1
8413 5836 1
8413 1620 0
8413 20857 0
4319 2599 0
4319 4664 0
4319 7741 0
4319 6740 0
4319 4795 0
4319 5243 0
4319 7267 0
4319 2714 0
4319 2718 0
4319 2722 0
4319 8881 0
4319 19489 1
4319 2594 0
4319 1751 0
4319 4319 0
4319 4859 0
4319 13061 0
4319 16308 0
4319 287 0
4319 2338 0
4319 337 0
4319 3426 0
4319 3986 0
4319 1943 0
4319 6068 0
4319 4534 0
4319 4554 0
4319 4559 0
4319 8163 0
4319 2548 0
4319 2549 1
4319 2552 1
2281 1927 0
2281 3005 0
2281 3134 1
2281 5195 1
2281 2281 0
2281 9840 0
2281 1270 0
237 4859 0
237 14072 0
237 8879 0
237 2594 0
237 8881 0
237 2606 0
237 4664 0
237 16308 0
237 590 0
237 1620 0
237 1653 0
237 6792 0
237 2718 0
237 2722 0
237 8477 0
237 3782 0
237 5836 1
237 5835 1
237 1741 0
237 5500 0
237 237 0
237 238 0
237 5881 0
237 5882 0
237 2338 0
237 3884 0
237 3886 0
237 6968 0
237 8505 0
237 5855 0
237 316 0
237 6977 0
237 5954 0
237 6986 0
237 7480 0
237 15677 0
237 3426 0
237 1379 0
237 1388 0
237 3986 0
237 4999 0
237 393 0
237 395 0
237 6867 0
237 1943 0
237 5016 0
237 5034 0
237 5039 0
237 5043 0
237 5051 0
237 3150 0
237 251 0
237 6740 0
238 2606 0
238 590 0
238 1379 0
238 3178 0
238 6792 0
238 1388 0
238 2722 0
238 8879 0
238 8881 0
238 5836 1
238 5835 1
238 14072 0
238 5881 0
238 4859 0
238 13061 0
238 2338 0
238 3884 0
238 6968 0
238 8505 0
238 7480 0
238 18784 0
238 3426 0
238 3986 0
238 5500 0
238 4999 0
238 393 0
238 395 0
238 6867 0
238 5016 0
238 5043 0
238 5051 0
238 19427 0
2295 2338 0
2295 5163 1
2295 8536 0
2295 5148 1
8442 5247 0
8442 2709 0
8442 2722 0
8442 1197 0
8442 5835 1
8442 5836 1
8442 14072 0
8442 4859 0
8442 269 0
8442 337 0
8442 5981 0
8442 5523 0
8442 2882 0
8442 3986 0
8442 4558 0
8442 1004 0
251 13061 0
251 3986 0
251 19489 1
251 2548 0
251 2549 1
251 2552 1
2300 5152 1
2300 17890 2
2300 5156 2
2300 5157 1
2300 1225 1
2300 8536 1
2300 2300 2
4100 4100 0
4100 1620 0
4100 2718 0
4100 3754 1
4100 3762 0
4100 698 1
4100 4795 0
4100 1221 0
4100 1223 0
4100 1741 0
4100 3336 0
4100 287 0
4100 2338 0
4100 19835 0
4100 1927 0
4100 4536 0
4100 4550 0
4100 4560 0
4100 3036 0
4100 4083 0
6401 15020 0
6401 20227 0
6401 2583 0
6401 11294 0
6401 4553 0
6401 2599 0
6401 6068 0
6401 5178 0
6401 591 0
6401 5885 0
6401 1809 0
6401 5233 0
6401 7303 0
6401 2703 0
6401 2709 0
6401 20226 0
6401 1747 0
6401 4847 0
6401 1273 0
6401 6401 0
6401 290 0
6401 5683 0
6401 5452 1
6401 20248 0
6401 2905 0
6401 8519 0
6401 873 0
6401 3986 0
6401 389 0
6401 1943 0
6401 4512 0
6401 20185 0
6401 4551 0
6401 5598 1
6401 5798 0
6401 2534 0
6401 1004 0
5163 1034 1
5163 5163 2
5163 3469 1
5163 13362 1
5163 8536 1
6405 11787 0
6405 3009 1
6405 5835 1
268 1620 0
268 6792 0
268 4795 0
268 700 0
268 705 0
268 707 0
268 5828 1
268 5832 0
268 5835 1
268 5881 0
268 5882 0
268 5883 0
268 5885 0
268 268 0
268 269 0
268 806 1
268 3886 0
268 6968 0
268 316 0
268 6986 0
268 5980 0
268 5981 0
268 7010 0
268 1388 0
269 1620 0
269 13939 1
269 6792 0
269 698 1
269 4795 0
269 700 0
269 705 0
269 707 0
269 5832 0
269 5835 1
269 4855 0
269 5881 0
269 5883 0
269 5885 0
269 269 0
269 806 1
269 3884 0
269 6968 0
269 2881 0
269 6986 0
269 5981 0
269 7010 0
269 7013 0
269 5999 0
269 8588 0
269 5882 0
274 3150 0
274 2650 1
274 1273 0
274 274 0
274 287 0
274 2849 0
274 806 1
274 2860 0
274 5452 1
274 1943 0
274 9117 0
274 2480 0
274 6068 0
274 4553 0
274 3037 0
274 1004 0
284 5516 0
284 284 0
284 5432 0
284 287 0
284 1221 0
284 4553 0
284 1741 0
284 3536 0
284 2650 1
284 1653 0
8477 287 0
8477 2338 0
8477 18784 0
8477 2535 1
8477 12778 0
8477 2594 0
8477 2599 0
8477 2606 0
8477 6740 0
8477 4704 0
8477 2722 0
8477 8881 0
8477 13061 0
8477 6977 0
8477 4999 0
8477 7064 0
8477 5043 0
8477 5178 0
8477 1900 0
8477 4647 0
8477 7480 0
8477 15677 0
8477 3426 0
8477 1388 0
8477 5016 0
8477 1653 0
8477 5798 0
8477 3782 0
8477 5835 1
8477 1741 0
8477 5981 0
8477 3986 0
8477 1943 0
8477 6065 0
8477 16308 0
287 287 0
287 8588 0
287 523 0
287 8816 0
287 8881 0
287 700 0
287 701 0
287 705 0
287 719 0
287 1004 0
287 1034 0
287 1180 0
287 1221 0
287 1620 0
287 2338 0
287 2375 0
287 413 0
287 2494 0
287 2594 0
287 10857 0
287 2712 0
287 2718 0
287 2883 1
287 15540 0
287 3134 1
287 3426 0
287 3431 0
287 1751 0
287 3745 0
287 20227 0
287 4059 0
287 4536 0
287 4538 0
287 4540 0
287 4553 0
287 4554 0
287 4555 0
287 4558 0
287 4559 0
287 4649 0
287 4681 0
287 5034 0
287 5039 0
287 5043 0
287 5052 0
287 5157 0
287 5240 0
287 5243 0
287 5247 0
287 5254 0
287 13479 0
287 9117 0
287 5586 0
287 5603 0
287 5747 1
287 5874 0
287 14072 0
287 5885 0
287 5980 0
287 6094 0
287 17451 0
287 14898 0
287 15335 0
287 7209 0
287 7480 0
287 15677 0
287 15903 0
287 8089 0
287 8163 0
287 8165 0
290 527 0
290 1576 0
290 3628 0
290 1620 0
290 669 0
290 672 0
290 673 0
290 705 0
290 707 0
290 5828 1
290 5835 1
290 719 0
290 5883 0
290 20227 0
290 290 0
290 6968 0
290 316 0
290 5432 0
290 1350 0
290 6986 0
290 5469 0
290 7013 0
290 4534 0
290 6080 0
290 4555 0
290 14157 0
301 5469 0
301 4664 0
301 1620 0
301 698 1
301 6977 0
301 2703 0
301 669 0
301 672 0
301 2722 0
301 1197 0
301 4795 0
301 700 0
301 705 0
301 1741 0
301 719 0
301 1751 0
301 5855 0
301 4855 0
301 4859 0
301 3884 0
301 301 0
301 1350 0
301 5432 0
301 2901 1
301 5523 0
301 892 0
301 1927 0
301 6867 0
301 8089 0
301 5981 0
301 6068 0
301 2718 0
301 4534 0
301 4535 0
301 4547 0
301 4550 0
301 4555 0
301 4551 0
301 4083 0
301 6740 0
8505 590 0
8505 1620 0
8505 2722 0
8505 8879 0
8505 5835 1
8505 5836 1
8505 6867 0
8505 7480 0
8505 6968 0
8505 5500 0
8505 4999 0
8505 395 0
8505 3986 0
8505 5051 0
8505 14072 0
8506 1620 0
8506 6792 0
8506 2705 0
8506 2712 0
8506 2714 0
8506 2722 0
8506 13479 0
8506 5836 1
8506 5885 0
8506 13061 0
8506 2338 0
8506 6968 0
8506 5981 0
8506 3426 0
8506 19850 1
8506 3986 0
316 527 0
316 6062 0
316 3628 0
316 5254 0
316 6792 0
316 2703 0
316 705 0
316 707 0
316 5835 1
316 719 0
316 3886 0
316 316 0
316 5978 0
316 5980 0
316 5981 0
316 7013 0
316 1927 0
316 4525 0
316 4534 0
316 5052 0
316 4541 0
316 6080 0
316 4546 0
316 4555 0
316 2535 1
8511 20227 0
8511 7774 0
8511 10857 0
8511 20226 0
8511 8511 0
8511 5978 0
8511 2931 1
8511 5523 0
8511 5527 0
8511 2535 1
8511 1519 1
2375 13061 0
2375 16308 0
2375 1620 0
2375 2709 0
2375 2712 0
2375 1741 0
2375 719 0
2375 2817 1
2375 17451 0
2375 20185 0
2375 7480 0
2375 2375 0
2375 3426 0
2375 1927 0
2375 3986 0
2375 5523 0
2375 3013 0
2375 4559 0
2375 5603 0
2375 2534 0
2375 2535 1
2375 1004 0
337 5950 0
337 1030 0
337 2594 0
337 2606 0
337 5981 0
337 1620 0
337 5243 0
337 2703 0
337 2709 0
337 2712 0
337 669 0
337 2718 0
337 672 0
337 673 0
337 3782 0
337 3753 0
337 4551 0
337 1197 0
337 1221 0
337 14072 0
337 5885 0
337 3844 0
337 6923 0
337 3886 0
337 17712 0
337 5855 0
337 2881 0
337 337 0
337 5978 0
337 2908 1
337 5469 0
337 1927 0
337 413 0
337 5980 0
337 5052 0
337 2494 0
337 4550 0
337 3745 0
337 4554 0
337 972 0
337 4557 0
337 4558 0
337 8089 0
337 3035 0
337 1022 0
8536 1869 0
8536 13362 0
8536 533 0
4447 4755 1
4447 2908 2
4447 1459 1
4447 4795 1
4447 1221 1
4447 4550 1
4447 4553 1
4447 4560 1
4447 2906 1
4447 4447 2
4447 5051 1
4447 1270 1
18784 1620 0
18784 5247 0
18784 6792 0
18784 4795 0
18784 5835 1
18784 5836 1
18784 5855 0
18784 5881 0
18784 4859 0
18784 13061 0
18784 3884 0
18784 3886 0
18784 6986 0
18784 5981 0
18784 3426 0
18784 16308 0
18784 2881 0
12646 6792 0
12646 16308 0
12646 9117 0
12646 13061 0
12646 2338 0
12646 6068 0
12646 5835 1
12646 5836 1
12646 2594 0
12646 1741 0
12646 1620 0
12646 3426 0
12646 15335 0
12646 5885 0
5523 1026 1
5523 1027 0
5523 1030 0
5523 4681 0
5523 1620 0
5523 4555 0
5523 4704 0
5523 1653 0
5523 5254 0
5523 2714 0
5523 1180 0
5523 2718 0
5523 1197 0
5523 8881 0
5523 690 0
5523 3782 0
5523 1741 0
5523 892 0
5523 4859 0
5523 5885 0
5523 3336 0
5523 3035 0
5523 3036 0
5523 3884 0
5523 5432 0
5523 2885 0
5523 1350 0
5523 2889 1
5523 2899 0
5523 2901 1
5523 5523 0
5523 4551 0
5523 5521 0
5523 3986 0
5523 5469 0
5523 5527 0
5523 9117 0
5523 4536 0
5523 4537 0
5523 2494 0
5523 4550 0
5523 2722 0
5523 5586 0
5523 3150 0
5523 3037 0
5523 2534 0
5523 5620 0
20857 16009 0
20857 1620 0
20857 15540 0
20857 4795 0
20857 1741 0
20857 4827 0
20857 7456 0
20857 3426 0
20857 393 0
20857 3986 0
20857 2534 0
20857 2535 1
4477 15903 0
4477 4645 0
4477 3134 1
4477 1620 0
4477 659 0
4477 3745 0
4477 4795 0
4477 1216 0
4477 6792 0
4477 1741 0
4477 719 0
4477 18117 0
4477 1747 0
4477 4859 0
4477 7456 0
4477 5412 0
4477 5855 0
4477 2881 0
4477 2908 1
4477 4547 0
4477 1943 0
4477 3986 0
4477 5469 0
4477 6065 0
4477 6068 0
4477 4536 0
4477 2499 0
4477 4550 0
4477 4551 0
4477 972 0
4477 3036 0
389 9051 0
389 7213 0
389 6907 0
389 1653 0
389 2712 0
389 1197 0
389 15540 0
389 13497 0
389 5855 0
389 5874 0
389 4859 0
389 5885 0
389 1809 0
389 6792 0
389 5432 0
389 1350 0
389 3426 0
389 389 0
389 19850 1
389 6068 0
389 4547 0
389 2534 0
389 5620 0
393 13061 0
393 7741 0
393 4534 0
393 1620 0
393 659 0
393 2722 0
393 5835 1
393 5836 1
393 5874 0
393 6968 0
393 7480 0
393 5981 0
393 1379 0
393 4999 0
393 398 0
393 5016 0
393 3986 0
393 6571 0
393 4550 0
393 4551 0
393 1022 0
395 5254 0
395 4999 0
395 3986 0
395 2722 0
395 8879 0
395 5432 0
395 5051 0
395 705 0
395 14072 0
395 590 0
395 6867 0
395 2535 1
395 2933 1
395 5500 0
395 1022 0
395 7480 0
8588 11793 0
8588 4649 0
8588 2718 0
8588 5832 0
8588 2931 1
8588 5828 1
8588 1741 0
8588 5881 0
8588 5885 0
8588 3844 0
8588 6792 0
8588 6986 0
8588 5981 0
8588 5999 0
8588 8588 0
8588 4534 0
8588 4535 0
8588 5620 0
398 13061 0
398 3986 0
398 403 0
398 2470 0
398 5981 0
398 2549 1
398 1620 0
398 19489 1
398 2548 0
398 1653 0
398 2552 1
403 13061 0
403 3986 0
403 403 0
403 17451 0
403 6968 0
403 1653 0
403 5828 1
403 5836 1
403 5835 1
403 5452 1
403 1620 0
403 5885 0
413 13061 0
413 2594 0
413 2599 0
413 2606 0
413 5981 0
413 4664 0
413 7741 0
413 1620 0
413 5243 0
413 2703 0
413 2709 0
413 2712 0
413 2718 0
413 3745 0
413 2722 0
413 3753 0
413 1221 0
413 5835 1
413 5836 1
413 5855 0
413 4649 0
413 772 0
413 6923 0
413 16308 0
413 2338 0
413 3426 0
413 2705 0
413 5500 0
413 6065 0
413 3986 0
413 1943 0
413 5016 0
413 5043 0
413 4554 0
413 4559 0
413 4859 0
4510 3986 0
4510 3134 1
4510 5598 1
4510 2535 1
4510 5885 0
4512 20226 0
4512 20227 0
4512 15020 0
4512 1180 0
4512 5149 1
4512 7456 0
4512 5233 0
2470 4649 0
2470 3628 0
2470 7741 0
2470 1223 0
2470 5835 1
2470 5885 0
2470 13061 0
2470 5981 0
2470 3426 0
2470 3986 0
2470 1943 0
2470 2535 1
14761 2884 1
14761 4859 0
6571 10894 0
6571 8881 0
6571 5835 1
6571 1741 0
6571 1620 0
6571 2535 1
6571 1273 0
6571 1022 0
4525 2594 0
4525 2599 0
4525 3628 0
4525 2714 0
4525 2722 0
4525 3754 1
4525 4795 0
4525 1221 0
4525 1741 0
4525 3884 0
4525 1869 0
4525 5469 0
4525 892 0
4525 1927 0
4525 3986 0
4525 5452 1
4525 2718 0
4525 6094 0
4525 8163 0
4525 2534 0
2480 1427 0
2480 1943 0
2480 2480 0
2480 6065 0
2480 16308 0
2480 4664 0
2480 7741 0
2480 5452 1
2480 2535 1
4534 4535 0
4534 4537 0
4534 4546 0
4534 4554 0
4534 2534 0
4534 4534 0
4534 590 0
4534 8830 0
4534 2703 0
4534 2714 0
4534 2718 0
4534 4795 0
4534 4859 0
4534 772 0
4534 2881 0
4534 2884 1
4534 873 0
4534 7064 0
4534 3009 1
4534 972 0
4534 13061 0
4534 5178 0
4534 5247 0
4534 7414 0
4534 5432 0
4534 5452 1
4534 5469 0
4534 7573 0
4534 3535 0
4534 5586 0
4534 5603 0
4534 1576 0
4534 4704 0
4534 1620 0
4534 5729 0
4534 1653 0
4534 3745 0
4534 3754 1
4534 5855 0
4534 3870 0
4534 3035 0
4534 3884 0
4534 3886 0
4534 1869 0
4534 1927 0
4534 3986 0
4534 6080 0
4534 6094 0
4534 4083 0
4535 5178 0
4535 1620 0
4535 2714 0
4535 2718 0
4535 3745 0
4535 8881 0
4535 4795 0
4535 5835 1
4535 3336 0
4535 6792 0
4535 2881 0
4535 2884 1
4535 1943 0
4535 4535 0
4535 4536 0
4535 4541 0
4535 3009 1
4535 7414 0
4535 4553 0
4535 972 0
4535 4557 0
4535 6094 0
4535 4704 0
4535 2534 0
4535 4083 0
4536 1576 0
4536 5178 0
4536 590 0
4536 1620 0
4536 1653 0
4536 5247 0
4536 4547 0
4536 2714 0
4536 2718 0
4536 3745 0
4536 8881 0
4536 4795 0
4536 5835 1
4536 5855 0
4536 3336 0
4536 5432 0
4536 2881 0
4536 2884 1
4536 2901 1
4536 5469 0
4536 5521 0
4536 4544 0
4536 4551 0
4536 8089 0
4536 6068 0
4536 4536 0
4536 3009 1
4536 4546 0
4536 4550 0
4536 972 0
4536 2534 0
4537 5178 0
4537 3150 0
4537 1620 0
4537 1653 0
4537 2714 0
4537 2718 0
4537 3745 0
4537 2722 0
4537 1197 0
4537 4795 0
4537 6792 0
4537 2881 0
4537 2884 1
4537 5603 0
4537 5469 0
4537 5521 0
4537 7064 0
4537 4537 0
4537 3009 1
4537 3013 0
4537 4550 0
4537 4551 0
4537 2534 0
4538 5178 0
4538 1620 0
4538 2714 0
4538 2718 0
4538 3745 0
4538 4795 0
4538 2884 1
4538 7573 0
4538 8089 0
4538 4538 0
4538 3009 1
4538 6094 0
4538 3544 0
4538 2534 0
4538 4083 0
4539 5469 0
4539 5178 0
4539 1620 0
4539 4704 0
4539 2714 0
4539 3745 0
4539 2722 0
4539 4795 0
4539 2884 1
4539 1943 0
4539 2718 0
4539 4539 0
4539 3009 1
4539 2534 0
4540 5178 0
4540 1620 0
4540 7774 0
4540 1653 0
4540 2714 0
4540 2718 0
4540 3745 0
4540 13479 0
4540 4795 0
4540 705 0
4540 3886 0
4540 6792 0
4540 2881 0
4540 2884 1
4540 2885 0
4540 5469 0
4540 3469 0
4540 6080 0
4540 3009 1
4540 4546 0
4540 972 0
4540 4560 0
4540 2534 0
4541 11294 0
4541 3178 0
4541 5243 0
4541 14978 0
4541 2718 0
4541 1197 0
4541 700 0
4541 5836 1
4541 4333 0
4541 5881 0
4541 5882 0
4541 3986 0
4541 7573 0
4541 4541 0
4541 4557 0
4541 4564 1
4541 4083 0
4541 5108 0
2494 1028 0
2494 11787 0
2494 11788 0
2494 11294 0
2494 4649 0
2494 5469 0
2494 4681 0
2494 1620 0
2494 7268 0
2494 3178 0
2494 2718 0
2494 18298 0
2494 5452 1
2494 19427 0
2494 2901 1
2494 5981 0
2494 18299 0
2494 4333 0
2494 6062 0
2494 2494 0
4544 3628 0
4544 5178 0
4544 1620 0
4544 7774 0
4544 6080 0
4544 2714 0
4544 2718 0
4544 3745 0
4544 4795 0
4544 700 0
4544 4852 0
4544 3336 0
4544 6792 0
4544 2881 0
4544 2884 1
4544 6062 0
4544 4544 0
4544 3009 1
4544 4546 0
4544 972 0
4544 2534 0
4544 5620 0
449 449 0
449 1004 0
449 13939 1
449 2650 1
449 1653 0
4546 4664 0
4546 5178 0
4546 590 0
4546 1620 0
4546 2714 0
4546 2718 0
4546 3745 0
4546 2722 0
4546 7013 0
4546 4795 0
4546 700 0
4546 705 0
4546 1741 0
4546 7414 0
4546 5882 0
4546 4859 0
4546 5885 0
4546 5432 0
4546 2881 0
4546 2884 1
4546 2895 0
4546 5469 0
4546 3009 1
4546 4546 0
4546 4550 0
4546 4551 0
4546 4554 0
4546 3746 0
4546 4560 0
4546 3035 0
4546 2534 0
4546 5527 0
2499 1620 0
2499 7774 0
2499 5729 0
2499 5243 0
2499 2701 0
2499 2712 0
2499 669 0
2499 2722 0
2499 698 1
2499 700 0
2499 6792 0
2499 5855 0
2499 4847 0
2499 5885 0
2499 20227 0
2499 2338 0
2499 3884 0
2499 5432 0
2499 2881 0
2499 6068 0
2499 20226 0
2499 2499 0
2499 4551 0
2499 972 0
2499 8164 0
2499 2535 1
4550 2338 0
4550 4550 0
4550 4551 0
4550 4553 0
4550 4555 0
4550 4560 0
4550 4564 1
4550 2535 1
4550 590 0
4550 659 0
4550 2718 0
4550 4795 0
4550 705 0
4550 719 0
4550 4859 0
4550 2931 1
4550 892 0
4550 7064 0
4550 3006 0
4550 3014 0
4550 3036 0
4550 5108 0
4550 7213 0
4550 5247 0
4550 1197 0
4550 1221 0
4550 5432 0
4550 3426 0
4550 5016 0
4550 5603 0
4550 1620 0
4550 3754 1
4550 5835 1
4550 1741 0
4550 1751 0
4550 5855 0
4550 3986 0
4550 6062 0
4550 6068 0
4551 4553 0
4551 4555 0
4551 4560 0
4551 4564 1
4551 590 0
4551 4704 0
4551 659 0
4551 4551 0
4551 4795 0
4551 705 0
4551 719 0
4551 2931 1
4551 892 0
4551 7064 0
4551 3036 0
4551 5016 0
4551 1197 0
4551 3336 0
4551 5432 0
4551 3426 0
4551 5521 0
4551 5586 0
4551 5603 0
4551 1620 0
4551 3754 1
4551 1741 0
4551 1751 0
4551 5855 0
4551 3870 0
4551 3986 0
4551 6068 0
4553 2583 0
4553 2594 0
4553 2599 0
4553 7209 0
4553 1379 0
4553 1653 0
4553 2722 0
4553 3754 1
4553 1197 0
4553 8881 0
4553 1741 0
4553 1751 0
4553 5247 0
4553 5855 0
4553 5620 0
4553 5978 0
4553 892 0
4553 1927 0
4553 8089 0
4553 5108 0
4553 4553 0
4553 4554 0
4553 4555 0
4553 4557 0
4553 4558 0
4553 4559 0
4554 5243 0
4554 2709 0
4554 2718 0
4554 2722 0
4554 3754 1
4554 4795 0
4554 1741 0
4554 1751 0
4554 5855 0
4554 892 0
4554 3986 0
4554 4554 0
4554 1519 1
4555 527 0
4555 3628 0
4555 4647 0
4555 1620 0
4555 4795 0
4555 2712 0
4555 3754 1
4555 1197 0
4555 700 0
4555 705 0
4555 707 0
4555 5445 0
4555 1223 0
4555 5835 1
4555 1741 0
4555 1751 0
4555 5855 0
4555 4855 0
4555 5247 0
4555 5432 0
4555 7013 0
4555 873 0
4555 892 0
4555 6080 0
4555 4547 0
4555 4555 0
4555 4557 0
4555 4560 0
4555 5882 0
4555 5620 0
4557 8881 0
4557 1620 0
4557 10857 0
4557 3754 1
4557 1197 0
4557 700 0
4557 1221 0
4557 1223 0
4557 2338 0
4557 1741 0
4557 1751 0
4557 5855 0
4557 5882 0
4557 5247 0
4557 892 0
4557 7573 0
4557 4547 0
4557 4557 0
4557 4558 0
4557 4560 0
4557 4564 1
4557 1004 0
4558 7268 0
4558 5247 0
4558 3754 1
4558 8881 0
4558 1741 0
4558 1751 0
4558 5855 0
4558 4560 0
4558 4852 0
4558 4859 0
4558 3628 0
4558 3870 0
4558 873 0
4558 892 0
4558 6080 0
4558 4558 0
4558 4564 1
4559 2594 0
4559 3754 1
4559 1741 0
4559 1751 0
4559 5855 0
4559 1388 0
4559 892 0
4559 2709 0
4559 7064 0
4559 5016 0
4559 8089 0
4559 5034 0
4559 6068 0
4559 4564 1
4559 5108 0
4559 1022 0
4560 2599 0
4560 1620 0
4560 4704 0
4560 1653 0
4560 2703 0
4560 2712 0
4560 1197 0
4560 4795 0
4560 5883 0
4560 5885 0
4560 2901 1
4560 7064 0
4560 6062 0
4560 6068 0
4560 4560 0
4560 4564 1
4560 2535 1
4560 5620 0
4564 7573 1
4564 1197 1
4564 4664 1
4564 5620 1
4564 4564 2
4564 3949 1
4564 8816 1
4564 5108 1
4564 4859 1
4564 5885 1
4859 7209 0
4859 4547 0
4859 6907 0
4859 4604 0
4859 2606 0
4859 4681 0
4859 6740 0
4859 2817 1
4859 6792 0
4859 2701 0
4859 2703 0
4859 2705 0
4859 659 0
4859 2709 0
4859 2712 0
4859 669 0
4859 2718 0
4859 672 0
4859 2722 0
4859 8879 0
4859 6867 0
4859 4855 0
4859 4859 0
4859 2881 0
4859 2898 1
4859 873 0
4859 5016 0
4859 5034 0
4859 5039 0
4859 5052 0
4859 972 0
4859 1022 0
4859 5148 1
4859 5152 0
4859 7267 0
4859 5243 0
4859 7303 0
4859 1197 0
4859 1221 0
4859 1223 0
4859 892 0
4859 17712 0
4859 5432 0
4859 1388 0
4859 3469 0
4859 5521 0
4859 5527 0
4859 7634 0
4859 5620 0
4859 1622 0
4859 13939 1
4859 5793 0
4859 3746 0
4859 5828 1
4859 3782 0
4859 1741 0
4859 5855 0
4859 14072 0
4859 3870 0
4859 3884 0
4859 3886 0
4859 14157 0
4859 7480 0
4859 12119 0
4859 5978 0
4859 5980 0
4859 5981 0
4859 1927 0
4859 3986 0
4859 6065 0
2534 4647 0
2534 17451 0
2534 5469 0
2534 5683 0
2534 1620 0
2534 4755 0
2534 20185 0
2534 13061 0
2534 782 0
2534 5980 0
2534 5981 0
2534 5500 0
2534 3469 0
2534 3986 0
2534 6068 0
2534 2552 1
2534 8165 0
2534 2534 0
2534 2535 1
2534 2544 1
2535 6923 1
2535 4647 1
2535 4649 1
2535 3628 1
2535 5683 1
2535 6068 1
2535 3662 1
2535 1379 1
2535 4657 1
2535 13864 1
2535 5254 1
2535 5233 1
2535 19768 1
2535 10880 1
2535 7303 1
2535 1388 1
2535 2701 1
2535 4755 1
2535 2709 1
2535 6807 1
2535 669 1
2535 672 1
2535 673 1
2535 5286 1
2535 3753 1
2535 11438 1
2535 1200 1
2535 18117 1
2535 3782 1
2535 6867 1
2535 4645 1
2535 5345 1
2535 4852 1
2535 17451 1
2535 1844 1
2535 15677 1
2535 6975 1
2535 5954 1
2535 12119 1
2535 5469 1
2535 12971 1
2535 3431 1
2535 873 1
2535 1900 1
2535 15459 1
2535 4999 1
2535 5521 1
2535 5871 1
2535 5034 1
2535 5874 1
2535 6080 1
2535 8163 1
2535 8165 1
2535 2535 2
2535 4083 1
12778 2599 0
12778 15020 0
12778 3009 1
6636 3986 0
6636 5148 1
6636 3426 0
6636 3431 0
6636 873 0
2544 5377 1
2544 6792 1
2544 10894 1
2544 9117 1
2544 5793 1
2544 7268 1
2544 2546 2
2544 5240 1
2546 772 1
2548 782 0
2548 2712 0
2548 9117 0
2548 2718 0
2548 2722 0
2548 2549 1
2548 2552 1
2549 782 1
2549 2712 1
2549 2718 1
2549 2722 1
2549 14898 1
2549 5683 1
2549 6068 1
2549 1247 1
2549 2549 2
2549 2552 2
2552 2722 1
2552 782 1
2552 5521 1
2552 2712 1
2552 2718 1
2552 1247 1
4604 2883 1
4604 5828 1
4604 3009 1
4604 4604 0
4604 3005 0
2881 11793 0
2881 8881 0
2881 5832 0
2881 2606 0
2881 590 0
2881 5243 0
2881 2703 0
2881 2705 0
2881 4547 0
2881 2709 0
2881 6807 0
2881 2712 0
2881 2714 0
2881 669 0
2881 2718 0
2881 672 0
2881 673 0
2881 2722 0
2881 1197 0
2881 1216 0
2881 705 0
2881 5828 1
2881 5835 1
2881 14072 0
2881 5855 0
2881 4855 0
2881 5881 0
2881 5882 0
2881 3884 0
2881 3886 0
2881 17712 0
2881 6792 0
2881 5950 0
2881 2881 0
2881 6986 0
2881 5620 0
2881 5980 0
2881 5469 0
2881 873 0
2881 19835 0
2881 1927 0
2881 3469 0
2881 7064 0
2881 972 0
2881 3746 0
2881 14157 0
2881 1496 0
2881 5885 0
2881 1022 0
523 5828 1
523 5747 1
527 6080 0
527 20226 0
527 527 0
527 5793 0
527 1221 0
527 5835 1
527 3628 0
527 6068 0
527 698 1
527 700 0
527 1216 0
527 705 0
527 707 0
527 1223 0
527 14157 0
527 719 0
527 4855 0
527 7013 0
533 5152 0
533 19275 0
533 5160 0
533 533 0
533 5151 1
533 5149 1
2583 18117 0
2583 13061 0
2583 2338 0
2583 3986 0
2583 1943 0
2583 5051 0
2594 2338 0
2594 4547 0
2594 13061 0
2594 2594 0
2594 2599 0
2594 2606 0
2594 6740 0
2594 2703 0
2594 2709 0
2594 2714 0
2594 2718 0
2594 2722 0
2594 8881 0
2594 772 0
2594 6923 0
2594 6977 0
2594 4999 0
2594 5016 0
2594 5034 0
2594 5039 0
2594 5043 0
2594 5052 0
2594 972 0
2594 1022 0
2594 3150 0
2594 5243 0
2594 1221 0
2594 1223 0
2594 7480 0
2594 1371 0
2594 3426 0
2594 1388 0
2594 7064 0
2594 1519 1
2594 3628 0
2594 16308 0
2594 1653 0
2594 3745 0
2594 3753 0
2594 3782 0
2594 1741 0
2594 5855 0
2594 14072 0
2594 3870 0
2594 3886 0
2594 5954 0
2594 1927 0
2594 2712 0
2594 3986 0
2594 1943 0
2594 6065 0
2594 6068 0
4645 4645 0
4645 4647 0
4645 4649 0
4645 4657 0
4645 2701 0
4645 2703 0
4645 2709 0
4645 2712 0
4645 6867 0
4645 20185 0
4645 5885 0
4645 5981 0
4645 659 0
4645 3986 0
4645 1943 0
4647 4647 0
4647 4649 0
4647 20227 0
4647 1620 0
4647 1622 0
4647 7268 0
4647 2703 0
4647 659 0
4647 2712 0
4647 669 0
4647 8879 0
4647 5835 1
4647 5885 0
4647 20226 0
4647 13061 0
4647 5039 0
4647 4657 0
4647 7480 0
4647 1371 0
4647 3426 0
4647 3431 0
4647 2709 0
4647 9117 0
4647 3986 0
4647 5016 0
4647 5034 0
4647 6065 0
4647 16308 0
4647 6740 0
4649 4649 0
4649 4657 0
4649 1620 0
4649 5764 0
4649 2703 0
4649 659 0
4649 2709 0
4649 2712 0
4649 1180 0
4649 5855 0
4649 5885 0
4649 20226 0
4649 20227 0
4649 3844 0
4649 5412 0
4649 5978 0
4649 5981 0
4649 5980 0
4649 3986 0
4649 6068 0
4649 5052 0
4649 3009 1
4649 6740 0
2606 2338 0
2606 4547 0
2606 14072 0
2606 2599 0
2606 4664 0
2606 6740 0
2606 6792 0
2606 2709 0
2606 2714 0
2606 2722 0
2606 8881 0
2606 700 0
2606 6977 0
2606 4999 0
2606 5016 0
2606 5034 0
2606 5039 0
2606 5043 0
2606 5051 0
2606 13061 0
2606 873 0
2606 7480 0
2606 15677 0
2606 3426 0
2606 1379 0
2606 1388 0
2606 5586 0
2606 4704 0
2606 1653 0
2606 3745 0
2606 3782 0
2606 5836 1
2606 5855 0
2606 3844 0
2606 3886 0
2606 5954 0
2606 3923 0
2606 5978 0
2606 5981 0
2606 1900 0
2606 3986 0
2606 1943 0
2606 6065 0
2606 16308 0
2606 6094 0
4657 2703 0
4657 2709 0
4657 2712 0
4657 2338 0
4657 6792 0
4657 1388 0
4657 3986 0
4657 1943 0
4657 8089 0
4657 5885 0
14898 2338 0
14898 19275 0
14898 3005 0
14898 17890 1
4664 11793 0
4664 4664 0
4664 4681 0
4664 1622 0
4664 1653 0
4664 5243 0
4664 2701 0
4664 2703 0
4664 2705 0
4664 2709 0
4664 2710 0
4664 2712 0
4664 669 0
4664 2718 0
4664 2722 0
4664 705 0
4664 1221 0
4664 1223 0
4664 1741 0
4664 719 0
4664 1751 0
4664 5855 0
4664 5500 0
4664 3844 0
4664 7480 0
4664 5950 0
4664 5954 0
4664 1371 0
4664 5981 0
4664 4999 0
4664 5016 0
4664 5051 0
4664 5052 0
4664 3746 0
4681 1030 0
4681 1576 0
4681 7209 0
4681 4704 0
4681 4827 0
4681 4681 0
4681 1620 0
4681 5247 0
4681 6080 0
4681 2718 0
4681 2722 0
4681 1653 0
4681 5835 1
4681 5855 0
4681 772 0
4681 3336 0
4681 2338 0
4681 6986 0
4681 5469 0
4681 1927 0
4681 5521 0
4681 3986 0
4681 7064 0
4681 3006 0
4681 3009 1
4681 3013 0
4681 5586 0
4681 3036 0
4681 5798 0
4681 1022 0
2338 3762 0
2338 2338 0
2338 2599 0
2338 2650 1
2338 4704 0
2338 2705 0
2338 659 0
2338 2709 0
2338 2712 0
2338 2714 0
2338 2718 0
2338 673 0
2338 2722 0
2338 8881 0
2338 14072 0
2338 6867 0
2338 4827 0
2338 4855 0
2338 6907 0
2338 6975 0
2338 2889 1
2338 2897 1
2338 2901 1
2338 5016 0
2338 5034 0
2338 5039 0
2338 5051 0
2338 5052 0
2338 2890 0
2338 3035 0
2338 3036 0
2338 1004 0
2338 5108 0
2338 1022 0
2338 15535 0
2338 5152 0
2338 5981 0
2338 3150 0
2338 7267 0
2338 5243 0
2338 5247 0
2338 5254 0
2338 1197 0
2338 7414 0
2338 3336 0
2338 5432 0
2338 5978 0
2338 5469 0
2338 3426 0
2338 1388 0
2338 4547 0
2338 7064 0
2338 5586 0
2338 1576 0
2338 5043 0
2338 1620 0
2338 5729 0
2338 1653 0
2338 3745 0
2338 3746 0
2338 3753 0
2338 3754 1
2338 5835 1
2338 1741 0
2338 5954 0
2338 7480 0
2338 5980 0
2338 1900 0
2338 6065 0
2338 1927 0
2338 3986 0
2338 1943 0
2338 6062 0
2338 6068 0
590 2599 0
590 590 0
590 6740 0
590 5243 0
590 2712 0
590 2722 0
590 8879 0
590 8881 0
590 13497 0
590 5835 1
590 6867 0
590 4855 0
590 5881 0
590 3884 0
590 6968 0
590 5836 1
590 5954 0
590 7480 0
590 8163 0
590 5981 0
590 3426 0
590 873 0
590 5500 0
590 4999 0
590 3986 0
590 16308 0
590 5051 0
590 14072 0
590 3544 0
590 4059 0
590 1943 0
591 5195 1
591 9840 0
7267 11294 0
7267 1620 0
7267 2703 0
7267 659 0
7267 2712 0
7267 2718 0
7267 5835 1
7267 5836 1
7267 14072 0
7267 5881 0
7267 3884 0
7267 3886 0
7267 5981 0
7267 2931 1
7267 3986 0
7267 5043 0
7267 3036 0
7267 1022 0
6740 14072 0
6740 6907 0
6740 2599 0
6740 2701 0
6740 2703 0
6740 2705 0
6740 2709 0
6740 6807 0
6740 2718 0
6740 2722 0
6740 8879 0
6740 8881 0
6740 4999 0
6740 5016 0
6740 5034 0
6740 5039 0
6740 5043 0
6740 5051 0
6740 1022 0
6740 3150 0
6740 873 0
6740 5243 0
6740 5254 0
6740 7303 0
6740 7480 0
6740 1371 0
6740 1388 0
6740 5516 0
6740 9117 0
6740 1519 1
6740 3662 0
6740 13939 1
6740 1653 0
6740 3782 0
6740 5954 0
6740 5981 0
6740 2712 0
6740 3986 0
6740 1943 0
6740 6068 0
2650 3009 2
2650 9117 1
2650 3005 1
2650 4827 1
2650 13479 1
2650 9789 1
2650 8816 1
2650 1653 1
4704 1576 0
4704 7209 0
4704 7741 0
4704 1620 0
4704 1653 0
4704 5835 1
4704 1197 0
4704 719 0
4704 5247 0
4704 1294 1
4704 2901 1
4704 5469 0
4704 5521 0
4704 19850 1
4704 3986 0
4704 2895 0
4704 6065 0
4704 972 0
4704 4704 0
4704 3035 0
4704 3036 0
4704 6907 0
10857 7775 0
10857 5747 1
10857 5882 0
10857 20248 0
10857 2931 1
10857 18299 0
10857 7134 0
8816 6792 0
8816 1741 0
8816 4855 0
8830 5828 1
8830 2718 0
8830 5980 0
8830 6792 0
8830 5052 0
8830 705 0
8830 5164 1
8830 5978 0
8830 5981 0
8830 7013 0
8830 5882 0
10880 1294 1
10880 5521 0
10880 3986 0
10880 1943 0
10880 6065 0
10880 1388 0
10880 19835 0
14978 11787 0
14978 11788 0
14978 11294 0
14978 5747 1
14978 14978 0
14978 18299 0
14978 20248 0
14978 2931 1
14978 18298 0
14978 1927 0
14978 3009 1
14978 19427 0
6792 5828 1
6792 4547 0
6792 14072 0
6792 6792 0
6792 2703 0
6792 2705 0
6792 659 0
6792 2710 0
6792 6807 0
6792 2712 0
6792 669 0
6792 2718 0
6792 672 0
6792 673 0
6792 2722 0
6792 8879 0
6792 705 0
6792 4855 0
6792 2849 0
6792 6986 0
6792 7010 0
6792 7013 0
6792 5016 0
6792 9117 0
6792 5034 0
6792 5039 0
6792 5051 0
6792 5052 0
6792 972 0
6792 3036 0
6792 3037 0
6792 1022 0
6792 11793 0
6792 5243 0
6792 3336 0
6792 17712 0
6792 7480 0
6792 1371 0
6792 5469 0
6792 3431 0
6792 5620 0
6792 1620 0
6792 3745 0
6792 3746 0
6792 3753 0
6792 3762 0
6792 5832 0
6792 5835 1
6792 5874 0
6792 5882 0
6792 5883 0
6792 5885 0
6792 3884 0
6792 3886 0
6792 5950 0
6792 5978 0
6792 5980 0
6792 5981 0
6792 2709 0
6792 1927 0
6792 14251 0
6792 4083 0
2701 8881 0
2701 7741 0
2701 1620 0
2701 5247 0
2701 2703 0
2701 659 0
2701 2709 0
2701 2710 0
2701 2718 0
2701 4795 0
2701 5835 1
2701 5836 1
2701 14072 0
2701 5855 0
2701 5881 0
2701 5882 0
2701 5885 0
2701 3884 0
2701 6968 0
2701 6986 0
2701 5981 0
2701 3426 0
2701 2712 0
2701 3986 0
2701 7064 0
2701 16308 0
2701 5620 0
10894 3628 0
10894 3745 0
10894 2722 0
10894 3753 0
10894 3754 1
10894 1197 0
10894 3762 0
10894 1927 0
10894 7064 0
10894 3746 0
10894 1022 0
2703 2703 0
2703 2705 0
2703 2709 0
2703 2710 0
2703 2712 0
2703 2718 0
2703 2722 0
2703 8879 0
2703 8881 0
2703 4855 0
2703 6968 0
2703 6986 0
2703 7010 0
2703 3009 1
2703 972 0
2703 1022 0
2703 5243 0
2703 5247 0
2703 7303 0
2703 3426 0
2703 1943 0
2703 5516 0
2703 7634 0
2703 5620 0
2703 1620 0
2703 7774 0
2703 3745 0
2703 5835 1
2703 5836 1
2703 5855 0
2703 5881 0
2703 5882 0
2703 5885 0
2703 3884 0
2703 3886 0
2703 3986 0
2703 6065 0
2703 6068 0
2705 7010 0
2705 5247 0
2705 2709 0
2705 2710 0
2705 2718 0
2705 8881 0
2705 5835 1
2705 5836 1
2705 1741 0
2705 6867 0
2705 5855 0
2705 4855 0
2705 5881 0
2705 5882 0
2705 5885 0
2705 20227 0
2705 3884 0
2705 3886 0
2705 6968 0
2705 6986 0
2705 3426 0
2705 1427 0
2705 1004 0
2705 5620 0
659 13061 0
659 3431 0
659 5247 0
659 659 0
659 2709 0
659 2712 0
659 700 0
659 5835 1
659 5836 1
659 6867 0
659 5855 0
659 5882 0
659 3844 0
659 3884 0
659 6968 0
659 6986 0
659 3426 0
659 3986 0
659 5016 0
659 16308 0
659 5620 0
659 1022 0
2709 4547 0
2709 5885 0
2709 2709 0
2709 2710 0
2709 2712 0
2709 2714 0
2709 669 0
2709 2718 0
2709 2722 0
2709 8881 0
2709 4795 0
2709 705 0
2709 719 0
2709 4855 0
2709 13061 0
2709 6977 0
2709 6986 0
2709 7064 0
2709 5039 0
2709 1004 0
2709 5247 0
2709 5254 0
2709 5432 0
2709 1371 0
2709 3426 0
2709 1388 0
2709 5016 0
2709 7634 0
2709 5620 0
2709 3628 0
2709 5683 0
2709 16308 0
2709 7741 0
2709 20185 0
2709 1620 0
2709 3745 0
2709 3746 0
2709 5835 1
2709 5836 1
2709 5855 0
2709 5881 0
2709 5882 0
2709 3884 0
2709 3886 0
2709 5981 0
2709 3986 0
2709 1943 0
2709 8519 0
2709 6068 0
2709 8163 0
2710 15020 0
2710 2712 0
2710 3986 0
2710 2718 0
2710 2599 0
2710 17451 0
2710 3884 0
2710 5855 0
2710 7741 0
2710 8881 0
2710 5835 1
2710 5836 1
2710 7010 0
2710 3426 0
2710 4855 0
2710 5247 0
6807 2718 0
6807 8881 0
6807 4795 0
6807 1221 0
6807 5855 0
6807 3886 0
6807 1371 0
6807 3986 0
6807 14251 0
6807 6068 0
6807 3009 1
6807 972 0
2712 2599 0
2712 2712 0
2712 2714 0
2712 2718 0
2712 2722 0
2712 8879 0
2712 8881 0
2712 4795 0
2712 6867 0
2712 4855 0
2712 772 0
2712 6923 0
2712 6968 0
2712 6986 0
2712 7010 0
2712 2931 1
2712 6977 0
2712 5043 0
2712 5052 0
2712 3009 1
2712 3036 0
2712 1022 0
2712 19489 1
2712 5233 0
2712 873 0
2712 5243 0
2712 5247 0
2712 5412 0
2712 5432 0
2712 1371 0
2712 3426 0
2712 4547 0
2712 5516 0
2712 7634 0
2712 5620 0
2712 7741 0
2712 1620 0
2712 3753 0
2712 5835 1
2712 5836 1
2712 1741 0
2712 5855 0
2712 14072 0
2712 5881 0
2712 5882 0
2712 5885 0
2712 3884 0
2712 3886 0
2712 14157 0
2712 5978 0
2712 5980 0
2712 5981 0
2712 3986 0
2712 1943 0
2712 6065 0
2712 6068 0
2714 2714 0
2714 2599 0
2714 2718 0
2714 2722 0
2714 8881 0
2714 700 0
2714 972 0
2714 1180 0
2714 13479 0
2714 5432 0
2714 1350 0
2714 3426 0
2714 1459 0
2714 5620 0
2714 3628 0
2714 16308 0
2714 7741 0
2714 1620 0
2714 5729 0
2714 3754 1
2714 5828 1
2714 1741 0
2714 5855 0
2714 5874 0
2714 14072 0
2714 3886 0
2714 5981 0
2714 5999 0
2714 3986 0
2714 1943 0
2714 6065 0
2714 6068 0
2714 8164 0
10907 5148 1
669 3762 0
669 669 0
669 2718 0
669 4795 0
669 4852 0
669 4855 0
669 6968 0
669 7010 0
669 7064 0
669 5034 0
669 972 0
669 3036 0
669 1221 0
669 1223 0
669 7414 0
669 5432 0
669 5452 1
669 3426 0
669 5586 0
669 7741 0
669 1620 0
669 1653 0
669 3745 0
669 3754 1
669 5835 1
669 5836 1
669 1741 0
669 20185 0
669 5874 0
669 5882 0
669 5885 0
669 3884 0
669 3886 0
669 5981 0
669 15335 0
669 1900 0
669 1927 0
669 8164 0
2718 1379 0
2718 5832 0
2718 5521 0
2718 4547 0
2718 2599 0
2718 2718 0
2718 2722 0
2718 8881 0
2718 4795 0
2718 719 0
2718 772 0
2718 6923 0
2718 6968 0
2718 6986 0
2718 873 0
2718 5039 0
2718 5043 0
2718 972 0
2718 3035 0
2718 3036 0
2718 19489 1
2718 7010 0
2718 5233 0
2718 5243 0
2718 5247 0
2718 1223 0
2718 1216 0
2718 1221 0
2718 3336 0
2718 5412 0
2718 5432 0
2718 5469 0
2718 3426 0
2718 5500 0
2718 1943 0
2718 5516 0
2718 5016 0
2718 3535 0
2718 7634 0
2718 5620 0
2718 7741 0
2718 3662 0
2718 1620 0
2718 3745 0
2718 5835 1
2718 1741 0
2718 5855 0
2718 14072 0
2718 5881 0
2718 5882 0
2718 3884 0
2718 5954 0
2718 14157 0
2718 5999 0
2718 1927 0
2718 3986 0
2718 6065 0
2718 6068 0
2718 3753 0
672 7741 0
672 7010 0
672 1620 0
672 672 0
672 3762 0
672 5828 1
672 1221 0
672 1223 0
672 5835 1
672 5836 1
672 1741 0
672 4855 0
672 5882 0
672 5885 0
672 3884 0
672 3886 0
672 6968 0
672 3426 0
672 15335 0
672 7064 0
672 972 0
672 5620 0
672 3754 1
673 7741 0
673 1620 0
673 1653 0
673 3762 0
673 1221 0
673 1223 0
673 5835 1
673 5836 1
673 1741 0
673 4855 0
673 5882 0
673 5885 0
673 3884 0
673 3886 0
673 6968 0
673 7010 0
673 15335 0
673 972 0
2722 5521 0
2722 4547 0
2722 13061 0
2722 2599 0
2722 2722 0
2722 8879 0
2722 4795 0
2722 6867 0
2722 772 0
2722 6923 0
2722 6968 0
2722 6977 0
2722 6986 0
2722 4999 0
2722 7064 0
2722 5039 0
2722 5043 0
2722 5051 0
2722 3009 1
2722 972 0
2722 3036 0
2722 19489 1
2722 5233 0
2722 873 0
2722 5243 0
2722 5247 0
2722 1221 0
2722 1223 0
2722 5432 0
2722 5469 0
2722 3426 0
2722 1379 0
2722 3431 0
2722 1388 0
2722 5500 0
2722 5016 0
2722 5620 0
2722 16308 0
2722 3662 0
2722 1620 0
2722 1653 0
2722 3745 0
2722 3753 0
2722 1741 0
2722 5855 0
2722 14072 0
2722 5882 0
2722 3884 0
2722 7480 0
2722 5978 0
2722 5981 0
2722 1927 0
2722 3986 0
2722 1943 0
2722 6065 0
2722 6068 0
12971 1294 1
12971 6975 0
15020 3150 0
15020 5233 0
15020 5798 0
15020 1747 0
15020 15335 0
15020 20248 0
15020 8519 0
15020 5452 1
15020 2899 0
15020 2901 1
8879 5039 0
8879 14072 0
8879 1620 0
8879 4755 0
8879 701 0
8879 5836 1
8879 5835 1
8879 1741 0
8879 6867 0
8879 5500 0
8879 13061 0
8879 7480 0
8879 1371 0
8879 3426 0
8879 4999 0
8879 9117 0
8879 19850 1
8879 3986 0
8879 1943 0
8879 5016 0
8879 5034 0
8879 6065 0
8879 16308 0
8879 5051 0
8879 4547 0
8881 8881 0
8881 4547 0
8881 5882 0
8881 2599 0
8881 4795 0
8881 14072 0
8881 6867 0
8881 7303 0
8881 4999 0
8881 5016 0
8881 5034 0
8881 5039 0
8881 5043 0
8881 5051 0
8881 5052 0
8881 3009 1
8881 972 0
8881 1022 0
8881 3150 0
8881 873 0
8881 5243 0
8881 5247 0
8881 1197 0
8881 1216 0
8881 1221 0
8881 7480 0
8881 5452 1
8881 1371 0
8881 5469 0
8881 3431 0
8881 1388 0
8881 5500 0
8881 5521 0
8881 9117 0
8881 7414 0
8881 1519 1
8881 5620 0
8881 1653 0
8881 3782 0
8881 1741 0
8881 5855 0
8881 3884 0
8881 5954 0
8881 5978 0
8881 5980 0
8881 5981 0
8881 3986 0
8881 8089 0
8881 6068 0
8881 6094 0
690 6867 0
690 1943 0
690 6065 0
690 3134 1
690 5828 1
690 2890 0
698 3844 1
698 2883 2
698 15903 1
698 698 2
698 701 1
698 705 1
698 2882 1
698 707 1
698 19835 1
698 1869 1
698 1620 1
698 1751 1
698 8165 1
698 5855 1
698 5729 1
698 7010 1
698 17899 1
698 2934 2
698 5882 1
698 892 1
4795 6062 0
4795 1620 0
4795 4795 0
4795 3844 0
4795 2889 1
4795 5469 0
4795 8089 0
4795 6068 0
4795 3035 0
4795 3036 0
700 5729 0
700 1653 0
700 7303 0
700 1180 0
700 1197 0
700 700 0
700 701 0
700 705 0
700 707 0
700 2934 1
700 5881 0
700 5883 0
700 3844 0
700 3336 0
700 5432 0
700 5452 1
700 4547 0
700 2931 1
700 5521 0
700 6062 0
700 8165 0
701 2883 1
701 3745 0
701 701 0
701 705 0
701 707 0
701 5345 0
701 2934 1
701 5500 0
701 5885 0
705 3628 0
705 5981 0
705 17986 0
705 7010 0
705 7013 0
705 1180 0
705 1197 0
705 705 0
705 707 0
705 5828 1
705 5832 0
705 5835 1
705 19835 0
705 5855 0
705 7134 0
705 5881 0
705 5882 0
705 5885 0
705 3336 0
705 5432 0
705 6986 0
705 5452 1
705 6968 0
705 5978 0
705 5980 0
705 5469 0
705 2927 0
705 892 0
705 5052 0
705 6080 0
705 972 0
705 8165 0
705 17899 0
707 6080 0
707 5835 1
707 3628 0
707 707 0
707 6986 0
707 7013 0
707 5881 0
719 1576 0
719 5469 0
719 6068 0
719 1620 0
719 5828 1
719 1221 0
719 1223 0
719 5835 1
719 5836 1
719 1741 0
719 719 0
719 5882 0
719 5885 0
719 2860 0
719 6968 0
719 1927 0
719 3986 0
719 3544 0
719 1022 0
6867 13061 0
6867 16308 0
6867 14072 0
6867 1653 0
6867 5243 0
6867 5247 0
6867 5835 1
6867 1741 0
6867 5882 0
6867 5885 0
6867 3844 0
6867 3884 0
6867 7480 0
6867 6977 0
6867 5981 0
6867 5500 0
6867 4999 0
6867 3986 0
6867 6867 0
6867 7064 0
6867 5051 0
6867 4547 0
6867 1519 1
6867 5620 0
12750 1576 1
4827 1741 0
4827 1751 0
4827 5855 0
4827 5874 0
4827 5452 1
4827 5034 0
5586 3844 0
5586 1576 0
5586 1620 0
5586 5243 0
5586 5247 0
5586 5835 1
5586 5883 0
5586 5885 0
5586 772 0
5586 3336 0
5586 5432 0
5586 2889 1
5586 5980 0
5586 5469 0
5586 5521 0
5586 6062 0
5586 6065 0
5586 6080 0
5586 3009 1
5586 5586 0
5586 3035 0
5586 5620 0
4847 17451 0
4847 6968 0
4847 7741 0
4847 6986 0
4847 5835 1
4847 5836 1
4847 1620 0
4847 5855 0
4847 3426 0
4847 5881 0
4847 5885 0
4852 1653 0
4852 3754 1
4852 1741 0
4852 3336 0
4852 3986 0
4852 6068 0
4852 6080 0
4852 3009 1
4852 8165 0
4855 4855 0
4855 3886 0
4855 972 0
4855 1022 0
4855 7209 0
4855 5243 0
4855 1221 0
4855 17712 0
4855 5432 0
4855 7573 0
4855 3535 0
4855 5729 0
4855 13939 1
4855 5828 1
4855 14072 0
4855 3884 0
4855 5950 0
4855 1927 0
6907 17712 0
6907 3035 0
6907 6062 0
6907 5981 0
6907 1200 0
6907 13939 1
6907 6907 0
6907 2889 1
6907 1620 0
6907 3036 0
6907 3037 0
6907 5855 0
2817 2817 2
2817 5828 2
2817 5527 1
2817 5432 1
2817 5729 1
2817 3870 1
772 1030 0
772 2599 0
772 6068 0
772 7268 0
772 5243 0
772 3753 0
772 1197 0
772 8089 0
772 17451 0
772 772 0
772 6923 0
772 5981 0
772 2931 1
772 5043 0
772 1496 0
13061 4547 0
13061 7303 0
13061 7064 0
13061 5034 0
13061 5043 0
13061 1022 0
13061 15535 0
13061 13061 0
13061 15459 0
13061 5016 0
13061 5286 0
13061 1197 0
13061 3336 0
13061 5469 0
13061 3426 0
13061 3431 0
13061 1388 0
13061 5521 0
13061 1519 1
13061 16308 0
13061 3662 0
13061 7775 0
13061 1653 0
13061 7456 0
13061 5855 0
13061 5954 0
13061 5981 0
13061 15677 0
13061 14072 0
13061 1927 0
13061 6068 0
13061 8163 0
13061 4083 0
6923 2599 0
6923 5747 1
6923 5243 0
6923 3753 0
6923 1741 0
6923 5885 0
6923 3986 0
6923 6065 0
6923 5043 0
780 3009 1
780 5836 1
782 3336 0
782 19489 1
782 12067 0
782 5682 0
782 1221 0
782 1223 0
1496 5152 0
1496 5156 1
1496 1496 0
1496 17890 1
2849 3150 0
2849 1620 0
2849 5247 0
2849 2849 0
2849 5881 0
2849 806 1
2849 2860 0
2849 6977 0
2849 3426 0
2849 7741 0
2849 1943 0
2849 9117 0
2849 6065 0
2849 16308 0
2849 1004 0
806 806 2
806 2860 1
806 5881 1
806 5882 1
806 5855 1
806 1180 1
806 5981 1
2860 9117 0
2860 6977 0
2860 1620 0
6968 5243 0
6968 7303 0
6968 15535 0
6968 5828 1
6968 5835 1
6968 5836 1
6968 7414 0
6968 5881 0
6968 5882 0
6968 5883 0
6968 5885 0
6968 17712 0
6968 6968 0
6968 5950 0
6968 6986 0
6968 5978 0
6968 5980 0
6968 5981 0
6968 7013 0
6968 873 0
6968 5521 0
6968 5016 0
6968 5039 0
6968 5051 0
6968 5052 0
6968 4547 0
6968 972 0
6968 8164 0
6968 1022 0
2878 5835 1
2878 5836 1
2878 2878 0
6975 5469 0
6975 1653 0
6975 1294 1
6975 5981 0
6975 6065 0
6975 6068 0
6977 4547 0
6977 14072 0
6977 2599 0
6977 6977 0
6977 5016 0
6977 5034 0
6977 5039 0
6977 5052 0
6977 1022 0
6977 3150 0
6977 15459 0
6977 1273 0
6977 7480 0
6977 1371 0
6977 1379 0
6977 1388 0
6977 5603 0
6977 5729 0
6977 1653 0
6977 3745 0
6977 3746 0
6977 5828 1
6977 3782 0
6977 14251 0
6977 6062 0
6977 6094 0
2882 2882 0
2882 2884 1
2882 2885 0
2882 5432 0
2883 1622 1
2883 3336 1
2883 5445 1
2883 5432 1
2883 2883 2
2883 2884 2
2883 2885 1
2883 3535 1
2883 892 1
2883 5999 1
2883 1653 1
2884 2885 1
2884 5885 1
2885 5883 0
2885 5885 0
2887 1622 0
2887 3870 0
2887 5432 0
2887 2887 0
2887 2889 1
2887 2890 0
2887 2933 1
2887 5247 0
2889 3844 1
2889 3336 1
2889 5521 1
2889 7456 1
2889 1576 1
2889 7209 1
2889 2890 1
2889 1751 1
2889 3035 1
2889 3036 1
2889 3037 1
2889 3426 1
2889 5247 1
2890 3844 0
2890 11787 0
2890 5521 0
2890 1197 0
2890 2890 0
2890 2894 1
2890 2895 0
2890 3035 0
2890 3036 0
2890 3037 0
2890 19427 0
2890 2926 0
2890 18298 0
2890 18299 0
2890 5247 0
19275 1026 1
19275 1028 0
19275 1030 0
19275 1033 0
19275 19275 0
19275 5682 0
19275 5149 1
2894 2926 1
2894 2927 1
2894 2895 1
2894 3870 1
2895 5527 0
2895 1576 0
2895 3035 0
2895 3036 0
2895 3037 0
2895 2925 1
2895 2926 0
2895 5247 0
2897 7268 1
2897 3035 1
2897 3036 1
2898 2898 2
2898 2899 1
2898 2901 2
2898 5240 1
2898 4059 1
2898 892 1
2899 11438 0
2899 2899 0
2899 2901 1
2899 3035 0
2899 5469 0
2901 20227 1
2901 4059 1
2901 1576 1
2901 7209 1
2901 6062 1
2901 5981 1
2901 5793 1
2901 2901 2
2901 3035 1
2901 3036 1
2901 3037 1
2901 4333 1
2901 5233 1
2901 19835 1
2901 5247 1
2905 5152 0
2905 2905 0
2905 5233 0
2905 3539 0
2905 1273 0
2905 2906 0
2905 5151 1
2905 2908 1
2905 1221 0
2906 7715 0
2906 5173 1
2906 2906 0
2906 2908 1
9051 9051 0
9051 4547 0
9051 1350 0
9051 5835 1
9051 3664 1
9051 1371 0
9051 5243 0
2908 5516 1
2908 7715 1
2908 5173 2
2908 2908 2
7010 5243 0
7010 5254 0
7010 3746 0
7010 5835 1
7010 5881 0
7010 5882 0
7010 5883 0
7010 5885 0
7010 4999 0
7010 17712 0
7010 6986 0
7010 14157 0
7010 12119 0
7010 5981 0
7010 7010 0
7010 5950 0
7010 5034 0
7010 6080 0
7010 3745 0
7010 972 0
7010 5620 0
7013 3628 0
7013 1216 0
7013 5828 1
7013 5832 0
7013 5835 1
7013 5882 0
7013 1350 0
7013 6986 0
7013 7013 0
7013 5521 0
7013 6080 0
873 1622 0
873 5243 0
873 5855 0
873 14072 0
873 13939 1
873 5432 0
873 1350 0
873 3426 0
873 873 0
873 1943 0
873 7064 0
873 4083 0
2925 2926 1
2925 2927 1
2925 6065 1
2926 1653 0
2931 11787 1
2931 11294 1
2931 13864 1
2931 11788 1
2931 7774 1
2931 3178 1
2931 1221 1
2931 1223 1
2931 7414 1
2931 20248 1
2931 2931 2
2931 18298 1
2931 18299 1
2931 7573 1
2933 2933 2
2933 5885 1
2934 5254 1
892 5149 1
892 5152 0
892 1620 0
892 1622 0
892 1653 0
892 1197 0
892 1741 0
892 5855 0
892 3884 0
892 5432 0
892 5445 0
892 1350 0
892 892 0
892 5527 0
892 5108 0
4999 1379 0
4999 1620 0
4999 1388 0
4999 5836 1
4999 5500 0
4999 5885 0
4999 15677 0
4999 7480 0
4999 3923 0
4999 5978 0
4999 3426 0
4999 5016 0
4999 5034 0
4999 5039 0
4999 6065 0
4999 5043 0
4999 5051 0
4999 5052 0
4999 14072 0
6986 1620 0
6986 5243 0
6986 1216 0
6986 5828 1
6986 5832 0
6986 5835 1
6986 5836 1
6986 19835 0
6986 14072 0
6986 5881 0
6986 5882 0
6986 5883 0
6986 17712 0
6986 5950 0
6986 6986 0
6986 5981 0
6986 5999 0
6986 7480 0
6986 972 0
6986 8164 0
6986 5620 0
9108 3986 0
9108 7741 0
9108 5835 1
9108 5836 1
9108 1620 0
5016 9117 0
5016 5034 0
5016 5039 0
5016 5043 0
5016 5051 0
5016 5052 0
5016 1221 0
5016 7480 0
5016 15677 0
5016 1371 0
5016 3426 0
5016 1379 0
5016 1388 0
5016 5620 0
5016 1653 0
5016 5835 1
5016 5836 1
5016 1741 0
5016 5855 0
5016 5881 0
5016 5882 0
5016 3884 0
5016 3886 0
5016 5954 0
5016 5978 0
5016 3986 0
5016 1943 0
5016 6065 0
5016 6068 0
9117 5039 0
9117 5828 1
9117 7480 0
9117 1371 0
9117 7064 0
9117 5034 0
5034 5039 0
5034 1388 0
5034 3782 0
5034 5836 1
5034 1741 0
5034 20185 0
5034 5855 0
5034 15335 0
5034 7480 0
5034 5954 0
5034 5978 0
5034 1371 0
5034 3426 0
5034 1943 0
5034 6065 0
5034 5043 0
5034 5051 0
5034 5052 0
5039 3426 0
5039 1388 0
5039 3782 0
5039 5835 1
5039 5836 1
5039 1741 0
5039 5855 0
5039 15335 0
5039 5954 0
5039 5978 0
5039 1371 0
5039 7480 0
5039 1943 0
5039 6065 0
5039 5043 0
5039 5051 0
5039 5052 0
5043 2599 0
5043 3426 0
5043 1379 0
5043 5052 0
5043 5243 0
5043 5828 1
5043 1221 0
5043 3782 0
5043 5836 1
5043 1741 0
5043 5855 0
5043 7480 0
5043 5954 0
5043 5978 0
5043 15677 0
5043 1388 0
5043 1943 0
5043 6065 0
5043 5051 0
5043 3753 0
5051 5836 1
5051 5835 1
5051 5855 0
5051 5500 0
5051 8089 0
5051 7480 0
5051 5978 0
5051 3426 0
5051 6065 0
5051 5051 0
5051 5052 0
5051 14072 0
5051 1943 0
5052 5469 0
5052 6068 0
5052 5981 0
5052 1620 0
5052 3762 0
5052 5835 1
5052 5836 1
5052 20227 0
5052 5855 0
5052 1270 0
5052 5881 0
5052 5882 0
5052 5885 0
5052 20226 0
5052 3844 0
5052 3886 0
5052 13939 1
5052 1350 0
5052 5978 0
5052 3426 0
5052 3431 0
5052 1943 0
5052 6065 0
5052 5052 0
5052 7480 0
5052 5620 0
3005 11793 0
3005 12067 0
3005 5682 0
3005 5432 0
3005 3009 1
3005 5445 0
3005 8165 0
3005 4333 0
3006 4333 0
3006 3986 0
3006 1943 0
3006 5764 0
3006 5432 0
3006 3013 0
3006 3014 0
3006 5452 1
3006 6094 0
3006 3535 0
3006 1620 0
3006 3544 0
3006 5747 1
3009 11793 1
3009 11294 1
3009 17451 1
3009 3134 2
3009 1620 1
3009 3178 1
3009 5798 1
3009 4333 1
3009 5445 1
3009 18298 1
3009 18299 1
3009 8089 1
3009 6062 1
3009 3009 2
3009 19427 1
3013 20248 0
3013 1927 0
3013 11787 0
3013 11788 0
3013 18298 0
3013 4333 0
3013 11294 0
3013 5798 0
3013 17986 0
3013 3013 0
3013 5452 1
3013 6094 0
3013 19427 0
3013 3178 0
3013 18299 0
3013 3324 0
3014 1927 0
3014 5452 1
3014 5747 1
3014 1943 0
972 11793 0
972 1653 0
972 5243 0
972 4547 0
972 1180 0
972 3746 0
972 5832 0
972 5828 1
972 1221 0
972 5835 1
972 5836 1
972 1741 0
972 5999 0
972 19835 0
972 5855 0
972 5881 0
972 5882 0
972 5885 0
972 17712 0
972 3884 0
972 3886 0
972 5950 0
972 5469 0
972 3986 0
972 5620 0
972 3745 0
972 972 0
972 14072 0
972 1004 0
972 3753 0
972 1022 0
1869 5764 0
1869 1180 0
1869 1221 0
1869 1223 0
1869 1869 0
1869 6094 0
1869 5178 0
3035 1026 1
3035 1030 0
3035 1576 0
3035 7209 0
3035 5835 1
3035 4333 0
3035 5521 0
3035 5527 0
3035 3986 0
3035 3035 0
3035 3037 0
3035 1620 0
3036 1027 0
3036 1030 0
3036 1576 0
3036 7209 0
3036 1620 0
3036 5247 0
3036 5835 1
3036 5885 0
3036 3336 0
3036 3036 0
3036 3886 0
3036 5469 0
3036 5527 0
3036 5521 0
3036 6062 0
3036 6068 0
3036 3037 0
3037 1576 0
3037 7209 0
3037 5521 0
3037 5527 0
3037 7634 0
3037 3037 0
7134 17451 0
7134 5195 1
7134 1620 0
7134 20248 0
7134 18298 0
7134 18299 0
7134 3986 0
7134 7573 0
19427 11294 0
19427 5173 1
19427 5254 0
19427 1200 0
19427 1270 0
19427 18298 0
19427 18299 0
15335 2599 0
15335 3753 0
15335 3431 0
15335 1388 0
15335 5999 0
15335 5516 0
15335 6080 0
1004 1620 0
1004 13939 1
1004 5828 1
1004 3884 0
1004 3886 0
1004 7480 0
1004 5954 0
1004 5981 0
1004 3426 0
1004 3536 0
1004 1004 0
5108 5254 0
5108 3754 1
5108 1197 0
5108 1741 0
5108 1751 0
5108 5855 0
5108 5108 0
1022 7064 0
1022 1022 0
1022 5247 0
1022 1216 0
1022 7414 0
1022 5469 0
1022 3426 0
1022 1379 0
1022 5620 0
1022 6068 0
1022 5729 0
1022 3745 0
1022 3762 0
1022 5835 1
1022 5836 1
1022 1741 0
1022 5855 0
1022 5882 0
1022 3884 0
1022 3886 0
1022 5954 0
1022 14157 0
1022 1927 0
1022 3986 0
1022 1943 0
1022 6065 0
1022 16308 0
1026 1026 2
1026 5521 1
1026 5148 2
1026 5149 2
1026 5151 2
1026 5152 1
1026 5160 1
1026 5155 2
1026 7715 1
1027 1027 0
1027 5156 1
1027 5157 0
1027 1030 0
1027 5160 0
1027 5155 1
1027 5148 1
1028 5152 0
1028 17890 1
1028 5155 1
1028 1028 0
1028 5157 0
1028 5168 1
1028 5156 1
1028 5148 1
1028 5149 1
1028 5151 1
1029 5152 0
1029 5161 1
1029 5149 1
1030 1030 0
1030 5148 1
1030 5149 1
1030 5151 1
1030 5152 0
1030 3745 0
1030 5155 1
1030 5156 1
1030 5157 0
1030 5160 0
1030 5521 0
1031 5164 2
1033 5160 0
1033 1033 0
1033 5161 1
1033 5151 1
1034 5152 0
1034 5155 1
1034 5156 1
1034 5157 0
1034 5148 1
1034 5149 1
1034 5151 1
5148 5521 1
5148 5148 2
5148 5152 1
5148 13362 1
5148 5432 1
5148 1225 1
5148 3534 1
5148 3536 1
5148 3426 1
5148 3431 1
5149 20227 1
5149 20226 1
5149 5747 2
5149 5149 2
5149 5151 2
11294 3469 0
11294 11294 0
11294 11787 0
11294 11788 0
11294 3178 0
11294 1200 0
11294 1270 0
11294 1927 0
11294 5747 1
11294 20248 0
11294 18298 0
11294 18299 0
5151 5682 1
5151 5151 2
5152 13362 0
5152 1225 0
5152 5152 0
5152 5747 1
19489 1247 1
5155 1225 1
5155 3536 1
5155 13362 1
5156 13362 1
5156 5156 2
5157 3534 0
5157 3536 0
5157 13362 0
5160 20226 0
7209 3884 0
7209 3886 0
7209 1620 0
7209 5620 0
7209 1653 0
7209 5885 0
17451 20185 0
17451 1270 0
17451 5500 0
17451 1943 0
17451 6068 0
17451 8165 0
17451 5620 0
5164 1225 1
5164 5885 1
7213 7213 0
7213 5828 1
7213 5835 1
7213 5981 0
7213 5999 0
7213 18298 0
7213 7573 0
7213 6068 0
5173 20248 1
5173 3539 1
5173 3469 1
5175 5855 1
5175 5175 2
5178 5469 0
5178 1943 0
5178 6080 0
5178 1223 0
5178 5178 0
5178 5747 1
5178 1653 0
3134 5764 1
3134 3470 1
3134 3134 2
3134 3150 1
3134 6094 1
3134 4333 1
3134 9840 1
3134 1270 1
3134 1273 1
5195 6080 1
5195 5195 2
5195 1225 1
3150 7741 0
3150 5729 0
3150 3178 0
3150 5247 0
3150 1741 0
3150 1943 0
3150 6065 0
3150 1620 0
15459 6065 0
15459 19850 1
15459 6068 0
15459 3426 0
15459 3986 0
15459 16308 0
7268 11787 0
7268 3336 0
3178 1270 0
3178 1943 0
5233 20226 0
5233 5682 0
5233 5233 0
5233 20248 0
5233 1200 0
5233 5835 1
5233 1247 0
5233 1273 0
5233 7456 0
5233 12067 0
5233 5452 1
5233 5981 0
5233 7634 0
5240 1620 0
5240 5240 0
5243 2599 0
5243 5247 0
5243 5452 1
5243 3426 0
5243 1943 0
5243 5620 0
5243 7741 0
5243 1620 0
5243 1653 0
5243 3753 0
5243 5835 1
5243 5836 1
5243 1741 0
5243 5855 0
5243 5881 0
5243 5882 0
5243 5885 0
5243 3884 0
5243 3886 0
5243 3986 0
5243 6062 0
5243 6065 0
5243 6068 0
5247 1576 0
5247 14072 0
5247 1620 0
5247 3745 0
5247 1197 0
5247 7064 0
5247 7303 0
5247 1741 0
5247 3336 0
5247 5432 0
5247 1371 0
5247 5469 0
5247 3986 0
5247 4547 0
5247 3746 0
5247 8089 0
5247 14157 0
5254 13497 0
5254 5254 0
5254 7414 0
5254 5521 0
5254 3662 0
5254 3664 1
5254 6080 0
5254 5798 0
5254 3782 0
5254 1741 0
5254 14072 0
5254 3986 0
5254 16308 0
7303 5981 0
7303 7303 0
7303 5836 1
7303 1741 0
7303 3986 0
7303 1620 0
1180 1180 0
1180 1197 0
1180 5855 0
1180 5412 0
5286 3986 0
5286 1427 0
5286 5835 1
5286 5836 1
5286 1620 0
5286 3426 0
13479 4755 0
13479 1221 0
13479 5345 0
13479 1371 0
13479 5981 0
13479 1927 0
13479 8089 0
13479 1459 0
13479 6068 0
1197 1620 0
1197 1653 0
1197 3754 1
1197 1197 0
1197 3870 0
1197 1221 0
1197 1223 0
1197 1741 0
1197 1751 0
1197 5855 0
1197 3886 0
1197 5432 0
1197 5620 0
1197 5603 0
1197 1927 0
1197 5521 0
1197 7064 0
1197 16308 0
11438 5835 1
15535 3986 0
15535 1943 0
15535 16308 0
15535 6065 0
15535 6068 0
15535 5835 1
15535 5836 1
15535 1741 0
15535 3426 0
1200 5828 1
1200 11788 0
1200 1200 0
1200 18299 0
1200 18298 0
7064 16308 0
7064 3745 0
7064 3753 0
7064 5855 0
7064 7414 0
7064 5881 0
7064 1294 1
7064 8163 0
7064 3426 0
7064 3949 0
7064 1927 0
7064 3469 0
7064 5469 0
7064 1943 0
7064 3986 0
7064 6065 0
7064 6068 0
7064 6080 0
7064 3746 0
7064 1519 1
15540 3986 0
15540 6068 0
15540 5835 1
15540 5836 1
15540 1379 0
15540 1809 0
13497 5981 0
13497 1741 0
13497 5855 0
13497 5747 1
1216 1620 0
1216 1653 0
1216 5835 1
1216 5836 1
1216 1747 0
1216 5855 0
1216 3886 0
1216 5432 0
1216 3986 0
1216 6065 0
1221 3426 0
1221 4547 0
1221 1221 0
1221 1223 0
1221 3336 0
1221 5432 0
1221 15677 0
1221 5445 0
1221 5452 1
1221 5469 0
1221 3469 0
1221 5521 0
1221 1620 0
1221 1622 0
1221 5729 0
1221 1653 0
1221 5793 0
1221 3746 0
1221 5828 1
1221 1741 0
1221 5855 0
1221 3886 0
1221 3923 0
1221 5981 0
1221 1900 0
1221 3986 0
1221 1943 0
1221 1350 0
1221 16308 0
1221 3745 0
1221 6094 0
1223 1622 0
1223 5828 1
1223 1741 0
1223 5855 0
1223 3886 0
1223 5432 0
1223 5981 0
1223 1900 0
1223 3986 0
1223 7573 0
1223 5452 1
1223 5793 0
1223 5445 0
1223 4547 0
1223 6094 0
1225 1225 0
1247 20227 0
1247 20226 0
5345 3986 0
5345 1943 0
5345 5836 1
5345 3426 0
2599 2599 0
2599 16308 0
2599 5798 0
2599 3753 0
2599 5828 1
2599 5835 1
2599 1741 0
2599 7414 0
2599 1809 0
2599 3426 0
2599 1927 0
2599 3469 0
2599 3986 0
2599 1943 0
2599 6065 0
2599 14072 0
1576 1576 0
1576 1620 0
1576 3745 0
1576 5835 1
1576 1741 0
1576 5885 0
1576 3336 0
1576 5469 0
1576 5527 0
1576 3986 0
1576 6062 0
7414 16308 0
7414 3745 0
7414 3753 0
7414 5855 0
7414 5882 0
7414 5883 0
7414 5885 0
7414 3844 0
7414 5452 1
7414 1927 0
3319 5835 1
3319 5828 1
3319 5836 1
3319 3319 0
1273 5432 0
1273 1273 0
3324 5835 1
3324 5747 1
5377 3664 1
5377 5682 0
3336 1620 0
3336 1653 0
3336 5828 1
3336 3745 0
3336 5855 0
3336 4333 0
3336 3336 0
3336 3923 0
3336 5980 0
3336 3949 0
3336 3986 0
3336 5469 0
3336 4547 0
1294 5798 1
1294 1747 1
1294 5871 1
1294 19768 1
1294 3426 1
1294 1427 1
1294 7660 1
7456 11793 0
7456 7456 0
7456 5836 1
7456 5874 0
7456 3986 0
5412 1622 0
5412 13939 1
5412 14072 0
5412 5412 0
5412 5432 0
5412 5981 0
5412 5500 0
5412 8163 0
5412 8164 0
17712 3884 0
17712 3886 0
17712 5836 1
17712 5835 1
17712 5981 0
17712 5620 0
17712 1653 0
17712 5881 0
17712 5882 0
17712 5885 0
5432 4547 0
5432 5432 0
5432 5469 0
5432 5521 0
5432 5683 0
5432 1620 0
5432 1622 0
5432 5729 0
5432 5747 1
5432 3745 0
5432 3746 0
5432 3762 0
5432 5828 1
5432 1741 0
5432 1751 0
5432 5855 0
5432 14072 0
5432 3884 0
5432 5981 0
5432 1943 0
15677 1620 0
15677 7775 0
15677 1388 0
15677 3782 0
15677 5835 1
15677 5885 0
15677 7480 0
15677 3426 0
15677 1943 0
15677 3986 0
15677 16308 0
5445 3870 0
5445 3884 0
5445 6062 0
5445 1751 0
1350 5747 1
1350 3746 0
1350 5835 1
1350 1751 0
1350 5883 0
1350 7480 0
1350 5855 0
1350 1350 0
1350 5978 0
1350 5980 0
1350 5981 0
5452 9789 1
5452 7774 1
5452 9840 1
5452 13939 2
5452 5874 1
5452 3469 1
5452 1427 1
5452 8089 1
5452 3536 1
1365 5764 0
1365 1927 0
1365 1943 0
1365 5828 1
1365 3535 0
1365 3536 0
1365 1620 0
1365 5747 1
1371 1371 0
1371 5521 0
1371 5836 1
1371 5855 0
1371 5885 0
1371 7480 0
1371 5981 0
1371 3986 0
1371 8089 0
1371 16308 0
1371 6094 0
5469 1927 0
5469 3923 0
5469 5981 0
5469 5469 0
5469 5521 0
5469 5527 0
5469 3544 0
5469 5603 0
5469 1620 0
5469 5835 1
5469 1741 0
5469 1751 0
5469 5855 0
5469 5881 0
5469 5883 0
5469 5885 0
5469 3844 0
5469 3886 0
5469 5978 0
5469 5980 0
5469 3949 0
5469 3986 0
5469 1943 0
5469 6080 0
5469 3754 1
3426 1379 0
3426 16308 0
3426 4547 0
3426 14072 0
3426 14157 0
3426 7480 0
3426 3426 0
3426 3431 0
3426 1388 0
3426 5500 0
3426 5981 0
3426 7634 0
3426 1519 1
3426 5620 0
3426 3628 0
3426 3662 0
3426 3745 0
3426 5798 0
3426 3753 0
3426 3782 0
3426 5950 0
3426 5954 0
3426 3923 0
3426 5978 0
3426 5980 0
3426 4755 0
3426 1927 0
3426 3986 0
3426 1943 0
3426 6065 0
3426 6068 0
3426 6080 0
3426 4083 0
1379 5835 1
1379 5836 1
1379 20185 0
1379 7480 0
1379 5954 0
1379 1388 0
1379 5500 0
1379 1943 0
1379 3986 0
3431 5885 0
3431 20227 0
3431 3886 0
3431 5978 0
3431 5980 0
3431 5981 0
3431 3431 0
3431 3986 0
3431 1943 0
3431 6065 0
3431 16308 0
1388 1388 0
1388 4547 0
1388 3923 0
1388 7480 0
1388 5527 0
1388 1653 0
1388 3782 0
1388 1741 0
1388 5885 0
1388 5954 0
1388 5981 0
1388 3986 0
1388 1943 0
1388 6065 0
1388 16308 0
1388 6094 0
1388 4083 0
4547 16308 0
4547 7741 0
4547 1620 0
4547 1653 0
4547 5835 1
4547 5836 1
4547 1741 0
4547 5855 0
4547 3884 0
4547 3986 0
4547 1943 0
4547 6065 0
4547 6068 0
4547 4547 0
5161 6065 1
5161 5161 2
5161 5527 1
19835 17899 0
19835 19835 0
5500 5835 1
5500 5836 1
5500 7480 0
5500 14072 0
5500 1620 0
7480 7480 0
7480 3469 0
7480 1620 0
7480 1653 0
7480 3782 0
7480 5835 1
7480 5836 1
7480 5855 0
7480 14072 0
7480 5882 0
7480 3886 0
7480 5954 0
7480 5978 0
7480 1943 0
7480 6065 0
7480 6068 0
19850 15903 1
19850 7660 1
5516 3986 0
5516 1943 0
5516 6068 0
5516 7774 0
5516 5828 1
5516 5885 0
5516 9840 0
5516 1653 0
3469 8519 0
3469 18299 0
3469 7573 0
3469 3536 0
3469 15903 0
3469 5747 1
3469 5885 0
3469 20248 0
3469 18298 0
3470 1943 0
3470 3470 0
3470 5598 1
4333 1653 0
4333 20226 0
4333 6094 0
5521 1620 0
5521 5835 1
5521 5836 1
5521 3886 0
5521 1927 0
5521 5521 0
5521 3986 0
5521 6068 0
5521 3746 0
1427 1427 0
1427 5981 0
1427 5682 0
7573 1270 0
7573 7573 0
7573 6062 0
7573 8164 0
5527 3884 0
5527 1751 0
5527 5855 0
5527 5527 0
1459 1927 0
1270 5764 0
1270 6065 0
3534 1751 0
3535 5764 0
3535 3544 0
3535 5855 0
3535 5729 0
3535 5747 1
3536 3536 0
7634 16308 0
7634 1620 0
7634 5835 1
7634 5836 1
7634 5855 0
7634 5881 0
7634 5882 0
7634 5885 0
7634 3884 0
7634 5981 0
7634 1943 0
7634 6068 0
7634 7634 0
3539 5764 0
3539 1943 0
3539 3539 0
3539 5747 1
3544 12067 0
3544 5682 0
3544 5747 1
5598 1943 1
17890 12067 1
17890 5682 1
17890 5817 1
5603 5828 1
5603 5835 1
5603 5836 1
17899 17899 0
7660 20226 0
1519 3986 1
1519 7741 1
1519 17986 1
1519 1741 1
5620 5828 1
5620 5835 1
5620 5882 0
5620 3884 0
5620 3886 0
5620 14157 0
5620 5978 0
5620 5980 0
5620 5981 0
5620 1927 0
5620 8089 0
5620 14072 0
5620 5885 0
5620 5620 0
11787 5747 1
11787 18298 0
11787 18299 0
11788 5747 1
11788 18299 0
11788 18298 0
11793 11793 0
11793 5828 1
11793 5832 0
11793 5835 1
15903 15903 0
15903 1620 0
15903 3986 0
13864 5871 0
13864 13864 0
3628 3628 0
3628 1653 0
3628 6080 0
3628 5835 1
3628 3745 0
3628 5885 0
3628 8165 0
3628 1943 0
3628 6065 0
5682 20226 0
5682 20227 0
5682 8165 0
5683 5683 0
5683 6068 0
5683 1751 0
5683 5729 0
16308 14072 0
16308 16308 0
16308 1653 0
16308 5798 0
16308 5855 0
16308 5954 0
16308 14157 0
16308 5981 0
16308 1927 0
16308 6068 0
16308 6080 0
16308 8163 0
16308 4083 0
7741 6068 0
7741 5764 0
7741 1653 0
7741 5980 0
7741 1927 0
7741 3745 0
7741 14072 0
17986 1741 0
17986 5747 1
3662 3662 0
3662 3664 1
3662 1741 0
3662 5885 0
3662 20227 0
3662 5981 0
3662 3986 0
3662 6065 0
1620 14072 0
1620 1620 0
1620 1622 0
1620 16009 0
1620 5798 0
1620 5835 1
1620 1741 0
1620 1747 0
1620 5855 0
1620 5882 0
1620 3844 0
1620 5978 0
1620 5980 0
1620 5981 0
1620 3986 0
1620 1943 0
1620 6062 0
1620 6080 0
1620 20185 0
1622 3870 0
1622 5855 0
1622 5828 1
7774 6080 0
7774 3844 0
7774 5981 0
7774 8089 0
7775 5836 1
7775 1809 0
7775 3986 0
5729 1653 0
5729 5855 0
9840 5764 0
9840 1943 0
9840 6094 0
9840 9840 0
5747 5747 2
5747 5764 1
5747 8519 1
5747 3923 1
5747 18298 1
5747 1927 1
5747 1943 1
5747 6094 1
1653 1653 0
1653 1751 0
1653 1809 0
1653 1943 0
1653 5882 0
1653 20226 0
1653 3986 0
1653 5764 0
1653 5828 1
1653 5832 0
1653 5835 1
1653 5855 0
1653 5999 0
1653 6065 0
1653 6068 0
1653 6080 0
5764 1943 0
16009 5835 1
16009 5836 1
16009 3986 0
3745 3745 0
3745 3746 0
3745 3753 0
3745 3754 1
3745 3762 0
3745 5835 1
3745 5836 1
3745 1741 0
3745 5855 0
3745 3884 0
3745 5954 0
3745 1927 0
3745 3986 0
3745 1943 0
3745 6065 0
3745 8165 0
3746 3746 0
3746 3782 0
3746 5835 1
3746 5836 1
3746 3884 0
3746 1900 0
3746 3986 0
3746 1943 0
3746 6065 0
3746 5793 0
3746 8165 0
5798 3986 0
5798 1943 0
5798 6065 0
3753 5835 1
3753 1741 0
3753 3884 0
3753 1943 0
3753 6065 0
3754 5855 1
3762 3762 0
3762 5835 1
3762 5836 1
3762 1741 0
3762 5855 0
3762 5978 0
3762 5980 0
3762 5981 0
3762 1927 0
3762 3986 0
3762 8164 0
13939 5980 1
13939 3884 1
13939 3886 1
13939 13939 2
13939 6068 1
13939 5978 1
13939 5981 1
5817 5817 0
5817 5828 1
5828 18117 1
5828 5828 2
5828 5832 1
5828 5835 2
5828 5836 2
5828 1751 1
5828 5882 1
5828 12067 1
5828 3886 1
5828 5981 1
5828 5999 1
5828 8164 1
18117 3986 0
18117 18298 0
3782 1741 0
3782 5855 0
3782 5881 0
3782 3884 0
3782 5954 0
3782 3923 0
3782 5981 0
3782 3986 0
3782 1943 0
3782 6065 0
3782 6094 0
5832 5832 0
5832 5835 1
5832 5855 0
5832 5881 0
5832 5885 0
5832 5981 0
5832 5999 0
5832 5882 0
5835 5981 1
5835 14072 1
5835 5836 2
5835 5835 2
5835 5881 1
5835 5882 1
5835 5883 1
5835 5885 1
5835 20227 1
5835 1809 1
5835 20185 1
5835 14157 1
5835 8163 1
5835 5978 1
5835 5980 1
5835 5950 1
5835 6080 1
5835 8164 1
5836 5836 2
5836 5881 1
5836 5882 1
5836 5883 1
5836 5885 1
5836 20227 1
5836 1809 1
5836 5954 1
5836 14157 1
5836 12119 1
5836 5978 1
5836 5980 1
5836 5981 1
5836 5950 1
5836 1927 1
5836 14251 1
5836 14072 1
5836 20185 1
1741 1741 0
1741 5855 0
1741 5883 0
1741 5885 0
1741 3884 0
1741 1927 0
1741 8089 0
1741 6068 0
1741 4083 0
1747 5885 0
1751 1751 0
1751 5855 0
1751 3884 0
20185 3986 0
20185 5981 0
20185 20185 0
20185 8165 0
5855 14072 0
5855 5999 0
5855 5855 0
5855 5874 0
5855 20248 0
5855 3870 0
5855 3886 0
5855 3923 0
5855 5978 0
5855 5980 0
5855 5981 0
5855 1900 0
5855 1927 0
5855 8089 0
5855 6068 0
5871 3986 0
5871 5871 0
5874 5874 0
14072 5881 0
14072 5882 0
14072 5885 0
14072 3884 0
14072 3886 0
14072 1943 0
14072 3986 0
14072 6065 0
5881 5981 0
5881 5881 0
5881 5882 0
5881 5883 0
5881 5950 0
5881 5978 0
5881 5980 0
5881 5885 0
5882 5882 0
5882 5883 0
5882 5885 0
5882 20226 0
5882 5950 0
5882 5978 0
5882 5980 0
5882 5981 0
5882 5999 0
5882 1927 0
5883 5883 0
5883 5981 0
5883 8164 0
5885 4755 0
5885 5885 0
5885 1809 0
5885 5950 0
5885 5954 0
5885 14157 0
5885 12119 0
5885 5978 0
5885 5980 0
5885 5981 0
5885 5999 0
5885 3986 0
5885 8089 0
5885 14251 0
5885 6068 0
5885 6080 0
5885 4083 0
20226 20226 0
20226 20227 0
20226 5978 0
20226 5980 0
20226 3986 0
20226 5981 0
20226 6094 0
20227 6068 0
20227 20227 0
20227 20248 0
20227 5978 0
20227 5980 0
20227 5981 0
20227 3986 0
20227 1943 0
3844 3844 0
3844 5978 0
3844 5980 0
3844 1900 0
3844 3986 0
3844 5981 0
1809 5981 0
1809 5980 0
1809 3986 0
20248 18298 0
3884 3884 0
3884 3886 0
3884 5950 0
3884 14157 0
3884 6068 0
3886 5981 0
3886 3886 0
3886 5950 0
3886 5978 0
3886 5980 0
3886 6068 0
1844 1844 0
5950 5981 0
5954 6065 0
5954 5981 0
5954 3986 0
5954 1943 0
14157 3986 0
14157 6068 0
3923 1900 0
3923 3986 0
3923 4083 0
12119 12119 0
5978 6068 0
5978 5978 0
5980 5999 0
5980 3986 0
5980 1943 0
5980 6065 0
5980 6068 0
5981 1943 0
5981 3986 0
5981 5981 0
5981 5999 0
5981 6065 0
5981 6068 0
5981 8089 0
5981 8163 0
5981 8164 0
1900 3986 0
3949 3949 0
5999 5999 0
5999 1943 0
5999 6065 0
4755 3986 0
4755 4755 0
4755 1943 0
18298 18298 0
18298 18299 0
18299 18299 0
1927 3986 0
1927 1943 0
1927 6065 0
3986 3986 0
3986 4083 0
3986 6068 0
3986 6080 0
3986 8089 0
3986 8163 0
3986 8165 0
1943 1943 0
1943 6068 0
1943 6080 0
1943 8163 0
1943 4083 0
8089 8089 0
6065 6065 0
6065 6068 0
6065 6080 0
6068 6068 0
6080 6080 0
5793 5793 0
6094 6094 0
8164 8164 0
8165 8165 0
