15872 18507 0
15872 664 0
15872 5981 0
15872 4143 0
15872 13043 0
15872 453 1
15872 10745 0
15872 6761 1
9217 3355 1
9217 5753 0
9217 547 1
6147 6147 0
6147 20 0
6147 18507 0
6147 19837 0
6147 10481 0
6147 7953 0
6147 8737 0
6147 14654 0
6147 15492 0
6147 4524 0
6147 4525 0
6147 4530 1
6147 4531 0
6147 4532 0
6147 18896 0
6147 15197 0
6147 19207 0
6147 14941 0
6147 2687 0
6147 2718 0
6147 15171 0
6147 4795 0
6147 21184 0
6147 4803 0
6147 4859 0
6147 13061 0
6147 8988 0
6147 8327 0
6147 15224 0
6147 7109 0
6147 21446 0
6147 11236 0
6147 16098 0
6147 15471 0
6147 6792 0
6147 7380 0
6147 19879 0
6147 3352 0
6147 3355 1
6147 8758 0
6147 1350 0
6147 3446 0
6147 937 0
6147 10349 0
6147 1620 0
6147 5855 0
6147 7926 0
6147 5994 0
6147 1943 0
6147 8112 0
6147 2382 0
4100 4100 0
4100 547 1
4100 11303 0
4100 4143 0
4100 568 0
4100 1620 0
4100 5753 0
4100 7317 0
4100 2718 0
4100 4795 0
4100 1249 0
4100 4339 0
4100 4349 0
4100 6910 0
4100 3352 0
4100 3353 0
4100 3355 1
4100 287 0
4100 2338 0
4100 1830 1
4100 17215 0
4100 861 0
4100 863 0
4100 2458 0
4100 4550 0
4100 11236 0
4100 4083 0
19879 3446 0
19879 4339 0
19879 4349 0
19879 287 0
19879 2338 0
19879 337 0
19879 8549 0
19879 2458 0
19879 4530 1
19879 2500 0
19879 561 0
19879 2708 0
19879 2712 0
19879 2718 0
19879 453 1
19879 4859 0
19879 9009 0
19879 5052 0
19879 7109 0
19879 1022 0
19879 861 0
19879 13061 0
19879 5258 0
19879 19879 0
19879 15818 0
19879 15964 1
19879 1591 0
19879 1687 0
19879 5855 0
19879 1765 0
19879 5885 0
19879 1807 0
19879 8016 0
19879 5978 0
19879 5981 0
19879 6005 0
19879 1943 0
19879 8112 0
19879 8144 0
19879 4083 0
2059 2059 0
2059 20 0
2059 4171 1
2059 4339 0
2059 287 0
2059 4524 0
2059 2718 0
2059 4795 0
2059 6907 0
2059 13061 0
2059 1022 0
2059 5432 0
2059 19774 1
2059 15893 0
2059 5885 0
2059 1807 0
2059 6792 0
2059 1943 0
13325 4147 1
13325 15893 0
13325 10647 0
13325 8988 0
13325 4524 0
13325 4143 0
13325 4530 1
13325 4531 0
13325 4532 0
13325 15926 0
13325 15956 0
13325 15963 0
13325 6761 1
13325 7920 0
20 20 0
20 4145 0
20 4171 1
20 8287 0
20 4339 0
20 287 0
20 2338 0
20 389 0
20 4547 0
20 453 1
20 561 0
20 2708 0
20 2712 0
20 2718 0
20 8954 0
20 6907 0
20 8988 0
20 861 0
20 863 0
20 5432 0
20 5464 0
20 3446 0
20 1620 0
20 1687 0
20 5855 0
20 1765 0
20 5885 0
20 5944 0
20 5981 0
20 8112 0
15893 4119 0
15893 15963 0
15893 4143 0
15893 4147 1
15893 15926 0
15893 7746 0
15893 3153 0
15893 15956 0
15893 6761 1
15893 15893 0
15893 10898 0
15893 8877 0
15893 16051 0
15893 6326 0
15893 1765 0
15893 7926 0
15893 5885 0
15893 8450 0
15893 13592 0
15893 8988 0
15893 287 0
15893 6792 0
15893 5464 0
15893 5466 0
15893 861 0
15893 8587 0
15893 1943 0
15893 4524 0
15893 4525 0
15893 4532 0
15893 17334 0
15893 15807 0
15893 9173 0
15893 1022 0
4119 4119 0
4119 4147 1
4119 7317 0
4119 1687 0
4119 6910 0
4119 3352 0
4119 3355 1
4119 6005 0
7684 10898 0
7684 4524 0
7684 4525 0
7684 4526 0
7684 4532 0
7684 9055 0
7684 4171 1
7684 1620 0
7684 5855 0
7684 6761 1
539 539 0
539 546 0
539 547 1
539 548 0
539 1065 1
539 5747 0
5466 861 0
5466 5747 0
5466 5753 0
5466 10945 0
5466 1765 0
5466 3353 0
5466 3355 1
5466 2338 0
5466 1350 0
5466 5464 0
5466 6005 0
5466 1943 0
5466 4524 0
5466 4530 1
5466 9173 0
5466 11236 0
8737 7746 0
8737 16271 0
8737 5268 0
8737 287 0
8737 21537 0
8737 16034 0
8737 934 0
8737 4143 0
8737 15293 0
8737 7285 0
8737 3153 0
8737 10745 0
8737 15964 1
8737 9055 0
8737 19808 0
8737 8679 1
8737 8945 0
8737 13043 0
8737 6761 1
8737 383 0
546 3352 0
546 3357 0
546 2718 0
546 546 0
546 547 1
546 548 0
546 15818 0
546 3358 0
546 6559 1
546 8016 0
546 11236 0
547 547 2
547 548 1
547 19495 1
547 4146 1
547 9786 1
547 14922 1
547 8287 1
547 16481 1
547 8813 1
547 5753 1
547 3709 1
547 17031 1
547 9401 1
547 11972 1
547 7901 1
547 13027 1
547 5885 1
547 20230 1
547 3352 1
547 3353 1
547 3357 1
547 3358 1
547 287 1
547 17215 1
547 13121 1
547 8016 1
547 5978 1
547 863 1
547 12701 1
547 6559 2
547 15780 1
547 5052 1
547 12225 1
547 7109 1
547 21446 1
547 15818 1
547 18400 1
547 11236 1
547 9703 1
548 3357 0
548 3358 0
548 548 0
548 6559 1
548 337 0
548 1249 0
548 5753 0
548 8954 0
19718 8450 0
19718 15492 0
19718 10647 0
19718 4143 0
19718 4147 1
19718 4532 0
19718 15926 0
19718 15293 0
19718 14654 0
19718 17334 0
19718 5961 0
19718 15963 0
19718 6761 1
19718 7920 0
19718 7926 0
19495 11236 0
19495 5753 0
19495 3353 0
19495 3355 1
1065 1943 1
1065 1065 2
1065 5432 1
1065 3534 1
1065 1874 1
1065 1365 1
1065 5747 1
1065 4859 1
4651 6761 1
4651 2712 0
4651 1765 0
4651 8945 0
4651 5981 0
4651 19808 0
4651 902 1
4651 16271 0
4651 8112 0
4651 8016 0
4651 5885 0
4143 13332 0
4143 13061 0
4143 4147 1
4143 15926 0
4143 13300 0
4143 7746 0
4143 15431 0
4143 3153 0
4143 15807 0
4143 15963 0
4143 15964 1
4143 14941 0
4143 15458 0
4143 6761 1
4143 10349 0
4143 15471 0
4143 15295 0
4143 2687 0
4143 21184 0
4143 8327 0
4143 13592 0
4143 10898 0
4143 5268 0
4143 664 0
4143 7837 0
4143 16034 0
4143 12974 0
4143 21537 0
4143 16051 0
4143 6326 0
4143 17334 0
4143 8395 0
4143 15224 0
4143 5857 0
4143 1765 0
4143 7920 0
4143 8945 0
4143 13043 0
4143 7926 0
4143 4349 0
4143 6910 0
4143 8450 0
4143 19207 0
4143 2825 0
4143 7953 0
4143 8988 0
4143 5944 0
4143 5961 0
4143 16098 0
4143 2382 0
4143 9055 0
4143 19808 0
4143 15492 0
4143 14695 0
4143 15420 0
4143 14654 0
4143 9084 0
4143 383 0
4143 902 1
4143 16271 0
4143 15171 0
4143 10647 0
4143 11676 0
4143 15293 0
4143 5569 0
4143 5060 0
4143 18256 1
4143 1523 0
4143 10745 0
4143 10945 0
4143 7165 0
4143 1022 0
561 4145 0
561 10481 0
561 4349 0
561 389 0
561 2458 0
561 4547 0
561 2500 0
561 4550 0
561 4551 0
561 561 0
561 2712 0
561 2718 0
561 453 1
561 6817 0
561 4829 1
561 4830 0
561 8954 0
561 4859 0
561 2825 0
561 8988 0
561 863 0
561 861 0
561 13389 0
561 13497 0
561 7380 0
561 1249 0
561 3353 0
561 3355 1
561 5432 0
561 1365 0
561 5569 0
561 3574 0
561 937 0
561 1687 0
561 3794 0
561 5855 0
561 5856 0
561 7926 0
561 1807 0
561 1809 0
561 5981 0
561 5994 0
561 6005 0
561 8112 0
561 8144 0
4146 3355 1
4146 3353 0
4146 5753 0
4147 8450 1
4147 15492 1
4147 13061 1
4147 10945 1
4147 19720 1
4147 16271 1
4147 15964 2
4147 10898 1
4147 13592 1
4147 7837 1
4147 16034 1
4147 934 1
4147 935 1
4147 19808 1
4147 4532 1
4147 8758 1
4147 15807 1
4147 15926 1
4147 7380 1
4147 15963 1
4147 5856 1
4147 15458 1
4147 8679 2
4147 6761 2
4147 8945 1
4147 17334 1
4147 15956 1
15926 7746 0
15926 3153 0
15926 15471 0
15926 2687 0
15926 10898 0
15926 664 0
15926 7837 0
15926 8988 0
15926 10945 0
15926 16098 0
15926 7920 0
15926 6910 0
15926 13592 0
15926 6761 1
15926 14654 0
15926 19808 0
15926 14695 0
15926 383 0
15926 15293 0
15926 15807 0
15926 1523 0
15926 10745 0
1591 4145 0
1591 3446 0
1591 4339 0
1591 2338 0
1591 2382 0
1591 2458 0
1591 8758 0
1591 6792 0
1591 2712 0
1591 2718 0
1591 4795 0
1591 4803 0
1591 4829 1
1591 6910 0
1591 13061 0
1591 861 0
1591 9055 0
1591 11236 0
1591 3353 0
1591 3355 1
1591 5981 0
1591 1591 0
1591 1620 0
1591 1687 0
1591 5855 0
1591 5857 0
1591 1943 0
568 13421 1
568 7317 0
568 1765 0
568 1807 0
568 5432 0
568 568 0
568 5981 0
568 389 0
568 453 1
568 3534 0
9786 11236 0
9786 5753 0
9786 3353 0
9786 3355 1
9055 8112 0
9055 2712 0
9055 2718 0
9055 7926 0
9055 13061 0
9055 21537 0
9055 287 0
9055 14654 0
9055 4530 1
9055 17334 0
9055 8679 1
15420 8587 0
15420 18041 1
15420 3353 0
15420 9018 0
15420 15420 0
15420 18256 1
15420 3153 0
15420 10745 0
15420 16098 0
15420 6761 1
7746 19207 0
7746 15431 0
7746 15963 0
7746 15964 1
7746 14941 0
7746 15458 0
7746 6761 1
7746 10349 0
7746 13332 0
7746 15492 0
7746 133 0
7746 8327 0
7746 10898 0
7746 16051 0
7746 6326 0
7746 16074 0
7746 5855 0
7746 5857 0
7746 16098 0
7746 19837 0
7746 7920 0
7746 6355 0
7746 7926 0
7746 4349 0
7746 8450 0
7746 2825 0
7746 8988 0
7746 5944 0
7746 15171 0
7746 5961 0
7746 14051 0
7746 863 0
7746 19808 0
7746 14695 0
7746 14654 0
7746 17334 0
7746 15224 0
7746 10647 0
7746 21184 0
7746 15293 0
7746 15807 0
7746 7109 0
7746 4550 0
7746 8679 1
7746 13300 0
7746 11255 0
7746 10745 0
15431 13332 0
15431 21537 0
15431 3153 0
15431 6761 1
15431 10898 0
15431 5268 0
15431 16034 0
15431 15964 1
15431 8945 0
15431 13043 0
15431 8988 0
15431 287 0
15431 16271 0
15431 15293 0
15431 15807 0
15431 11255 0
15431 10745 0
14922 11236 0
14922 3355 1
14922 3358 0
14922 287 0
18507 389 0
18507 937 0
18507 5432 0
18507 16241 0
18507 453 1
18507 4829 1
18507 4830 0
18507 3446 0
18507 4859 0
18507 7165 0
13389 6792 0
13389 5855 0
13389 5856 0
13389 4859 0
13389 3352 0
13389 3353 0
13389 3355 1
13389 3357 0
13389 3358 0
13389 10566 0
13389 4171 1
13389 5994 0
13389 6005 0
13389 934 0
13389 2500 0
13389 15867 0
3153 15963 0
3153 6761 1
3153 10349 0
3153 13332 0
3153 6326 0
3153 16098 0
3153 7920 0
3153 4349 0
3153 6910 0
3153 8450 0
3153 19207 0
3153 2825 0
3153 15171 0
3153 5961 0
3153 18256 1
3153 16271 0
3153 19808 0
3153 1901 0
3153 10647 0
3153 15293 0
3153 15807 0
3153 5569 0
3153 13300 0
3153 11255 0
1620 4145 0
1620 4349 0
1620 287 0
1620 2338 0
1620 337 0
1620 2458 0
1620 4524 0
1620 4530 1
1620 4531 0
1620 453 1
1620 4550 0
1620 8758 0
1620 4547 0
1620 2708 0
1620 2712 0
1620 2718 0
1620 4795 0
1620 6907 0
1620 5052 0
1620 8287 0
1620 9009 0
1620 7317 0
1620 1249 0
1620 5432 0
1620 1365 0
1620 19837 0
1620 4339 0
1620 4551 0
1620 1620 0
1620 5855 0
1620 1765 0
1620 1823 0
1620 6792 0
1620 5978 0
1620 5981 0
1620 1901 0
1620 1943 0
1620 8112 0
15446 16592 1
15446 16241 1
9401 5753 0
9401 3353 0
9401 3355 1
15963 13061 0
15963 21537 0
15963 17334 0
15963 15964 1
15963 15458 0
15963 15471 0
15963 7285 0
15963 2687 0
15963 10898 0
15963 664 0
15963 7837 0
15963 16034 0
15963 10945 0
15963 16098 0
15963 7920 0
15963 8945 0
15963 13043 0
15963 6910 0
15963 19720 0
15963 13592 0
15963 8988 0
15963 19808 0
15963 14695 0
15963 14654 0
15963 383 0
15963 902 1
15963 16271 0
15963 11676 0
15963 15293 0
15963 15807 0
15963 6761 1
15963 8679 1
15963 10745 0
15964 13332 1
15964 8758 1
15964 15956 1
15964 14941 1
15964 15458 1
15964 6761 2
15964 10349 1
15964 15471 1
15964 7285 1
15964 2687 1
15964 133 1
15964 8327 1
15964 664 1
15964 16034 1
15964 16051 1
15964 6326 1
15964 21184 1
15964 10945 1
15964 21537 1
15964 16074 1
15964 6355 1
15964 5855 1
15964 5857 1
15964 16098 1
15964 14051 1
15964 7920 1
15964 8945 1
15964 7926 1
15964 19207 1
15964 19720 1
15964 2825 1
15964 7953 1
15964 8988 1
15964 5944 1
15964 15171 1
15964 5961 1
15964 19808 1
15964 15224 1
15964 9084 1
15964 19837 1
15964 16271 1
15964 15293 1
15964 5059 1
15964 18896 1
15964 10745 1
15964 8679 2
15964 1523 1
15964 13300 1
15964 6910 1
14941 5268 0
14941 16034 0
14941 18041 1
14941 7920 0
14941 19808 0
14941 935 0
14941 15293 0
14941 11255 0
14941 10745 0
8287 5268 0
8287 5981 0
8287 8287 0
8287 5753 0
8287 2708 0
8287 2718 0
8287 4795 0
8287 5855 0
8287 5885 0
8287 3352 0
8287 3353 0
8287 3355 1
8287 287 0
8287 9009 0
8287 1350 0
8287 337 0
8287 2712 0
8287 7920 0
8287 7109 0
8287 4859 0
8287 11236 0
8287 4083 0
16481 3352 0
16481 3353 0
16481 3355 1
16481 306 0
16481 4795 0
16481 11236 0
16481 5753 0
15458 19720 0
15458 13043 0
15458 15293 0
15458 21184 0
15458 10945 0
15458 16271 0
15458 16034 0
15458 6355 0
15458 15956 0
15458 5981 0
15458 14051 0
15458 8679 1
15458 21537 0
15458 16098 0
15458 8945 0
15458 7285 0
15458 7926 0
15458 6761 1
15458 10745 0
15458 2687 0
7953 5268 0
7953 16034 0
7953 14654 0
7953 11255 0
7953 1883 1
7953 16241 0
7953 10745 0
7953 7165 0
6761 13332 1
6761 17334 1
6761 17358 1
6761 14695 1
6761 10349 1
6761 8814 1
6761 15471 1
6761 7285 1
6761 10898 1
6761 6761 2
6761 15807 1
6761 2687 1
6761 15492 1
6761 133 1
6761 8327 1
6761 13592 1
6761 2708 1
6761 5060 1
6761 7837 1
6761 16034 1
6761 12974 1
6761 16051 1
6761 6326 1
6761 21184 1
6761 10945 1
6761 8395 1
6761 15197 1
6761 21537 1
6761 16074 1
6761 3794 1
6761 8587 1
6761 5855 1
6761 1249 1
6761 14051 1
6761 7920 1
6761 8945 1
6761 13043 1
6761 7926 1
6761 4349 1
6761 6910 1
6761 8450 1
6761 13061 1
6761 19207 1
6761 19720 1
6761 2825 1
6761 19837 1
6761 5857 1
6761 8988 1
6761 1823 1
6761 16091 1
6761 9009 1
6761 14654 1
6761 5961 1
6761 16098 1
6761 861 1
6761 5994 1
6761 1901 1
6761 15224 1
6761 5268 1
6761 383 1
6761 902 2
6761 16271 1
6761 15171 1
6761 10647 1
6761 11676 1
6761 10481 1
6761 19808 1
6761 1523 1
6761 4532 1
6761 13300 1
6761 15293 1
6761 15295 1
6761 5569 1
6761 5059 1
6761 18896 1
6761 8144 1
6761 8673 1
6761 8679 2
6761 7165 1
6761 4083 1
6761 3574 1
6761 11255 1
6761 10745 1
6761 1022 1
8813 3355 1
8814 18041 1
8814 2708 0
8814 2712 0
8814 2718 0
8814 10481 0
8814 4349 0
8814 1901 0
8814 5268 0
5747 5747 0
5747 5753 0
5747 13497 0
5747 287 0
5747 1830 1
5747 5432 0
5747 10566 0
5747 1365 0
5747 15197 0
5747 1943 0
5747 1350 0
7285 7285 0
7285 4795 0
7285 5881 0
7285 4349 0
7285 287 0
7285 861 0
7285 3446 0
7285 11236 0
18041 8549 1
18041 4220 1
18041 2687 1
18041 2712 1
18041 8877 1
18041 12974 1
18041 6326 1
18041 16091 1
18041 10481 1
18041 760 1
18041 4223 1
18041 5944 1
18041 9018 1
18041 1901 1
18041 9084 1
18041 15295 1
18041 5569 1
18041 5060 1
18041 9173 1
18041 8673 1
18041 13300 1
18041 11255 1
15807 19207 0
15807 17334 0
15807 10349 0
15807 15471 0
15807 13332 0
15807 10898 0
15807 16051 0
15807 6326 0
15807 16091 0
15807 5857 0
15807 16098 0
15807 14051 0
15807 7920 0
15807 8945 0
15807 4349 0
15807 8450 0
15807 2825 0
15807 15492 0
15807 14654 0
15807 5961 0
15807 5944 0
15807 19808 0
15807 15224 0
15807 16271 0
15807 15171 0
15807 10647 0
15807 15293 0
15807 9173 0
15807 13300 0
15807 10745 0
4220 4525 0
4220 7820 1
4220 8395 0
4220 4223 0
4220 17358 0
4220 7165 0
3709 5753 0
3709 3352 0
3709 3353 0
3709 3355 1
2687 8450 0
2687 19207 0
2687 15171 0
2687 10647 0
2687 7920 0
2687 4524 0
2687 5961 0
2687 6355 0
2687 14051 0
2687 19808 0
2687 17334 0
2687 10349 0
2687 15471 0
2687 13043 0
2687 1022 0
2687 10745 0
15492 15492 0
15492 7317 0
15492 16034 0
15492 10945 0
15492 5855 0
15492 5857 0
15492 1765 0
15492 7920 0
15492 4349 0
15492 9009 0
15492 14654 0
15492 19808 0
15492 15293 0
15492 4550 0
15492 10745 0
15492 7165 0
133 8988 0
133 16034 0
133 5981 0
133 19808 0
133 8016 0
133 10745 0
17031 17031 0
17031 3355 1
17031 5753 0
6792 4223 0
6792 8327 0
6792 4349 0
6792 306 0
6792 2382 0
6792 389 0
6792 4547 0
6792 453 1
6792 4859 0
6792 6792 0
6792 2708 0
6792 2712 0
6792 2718 0
6792 4829 1
6792 2825 0
6792 9009 0
6792 4918 0
6792 861 0
6792 5052 0
6792 7165 0
6792 1022 0
6792 19837 0
6792 10481 0
6792 5569 0
6792 7109 0
6792 16051 0
6792 5885 0
6792 5978 0
6792 5981 0
6792 16241 0
6792 4083 0
5258 5258 0
5258 4829 1
5258 5857 0
5258 306 0
5258 5994 0
5258 389 0
5258 453 1
17035 3355 1
17035 18256 1
7820 4803 1
7820 16241 1
10349 2825 0
10349 16271 0
10349 10898 0
10349 21537 0
10349 16034 0
10349 15293 0
10349 14654 0
10349 10945 0
10349 15171 0
10349 19808 0
10349 15471 0
10349 7920 0
10349 8945 0
10349 13043 0
10349 11255 0
10349 10745 0
13592 8450 0
13592 10647 0
13592 8988 0
13592 4524 0
13592 4525 0
13592 4530 1
13592 17334 0
13592 15956 0
13592 7920 0
13592 7926 0
10898 13061 0
10898 17334 0
10898 13332 0
10898 6326 0
10898 16098 0
10898 7920 0
10898 8450 0
10898 19207 0
10898 8988 0
10898 2338 0
10898 15171 0
10898 19808 0
10898 1901 0
10898 10647 0
10898 5961 0
10898 5569 0
10898 7926 0
10898 13300 0
10898 10745 0
5059 389 0
5059 5060 0
5059 5059 0
5059 861 0
2708 4349 0
2708 287 0
2708 2382 0
2708 8549 0
2708 2500 0
2708 2712 0
2708 2718 0
2708 4795 0
2708 4859 0
2708 13061 0
2708 861 0
2708 7109 0
2708 1022 0
2708 13497 0
2708 3353 0
2708 453 1
2708 5432 0
2708 3446 0
2708 5753 0
2708 3794 0
2708 5855 0
2708 5857 0
2708 5885 0
2708 1883 1
2708 5981 0
2708 1901 0
2708 8112 0
2708 4083 0
2708 8144 0
7317 8395 0
7317 287 0
7317 2338 0
7317 306 0
7317 5856 0
7317 337 0
7317 2712 0
7317 6817 0
7317 10945 0
7317 1830 1
7317 4918 0
7317 5052 0
7317 1022 0
7317 11303 0
7317 5994 0
7317 3352 0
7317 3353 0
7317 3355 1
7317 19808 0
7317 7920 0
7317 5881 0
7317 5978 0
7317 5981 0
7317 6005 0
1687 4145 0
1687 2338 0
1687 10566 0
1687 16098 0
1687 389 0
1687 4547 0
1687 2500 0
1687 453 1
1687 4550 0
1687 4859 0
1687 861 0
1687 935 0
1687 7165 0
1687 1022 0
1687 5981 0
1687 1249 0
1687 3352 0
1687 3353 0
1687 3355 1
1687 3358 0
1687 5432 0
1687 3446 0
1687 3574 0
1687 5753 0
1687 1687 0
1687 3794 0
1687 5855 0
1687 5856 0
1687 5857 0
1687 1765 0
1687 5994 0
1687 8144 0
2712 19837 0
2712 287 0
2712 2338 0
2712 337 0
2712 389 0
2712 2500 0
2712 8758 0
2712 2712 0
2712 2718 0
2712 4795 0
2712 8954 0
2712 4859 0
2712 6910 0
2712 861 0
2712 863 0
2712 5052 0
2712 11236 0
2712 1022 0
2712 15471 0
2712 5432 0
2712 4547 0
2712 3446 0
2712 5855 0
2712 5881 0
2712 5885 0
2712 5978 0
2712 1883 1
2712 5981 0
2712 1943 0
5060 5268 0
5060 5060 0
5060 4550 0
5060 861 0
5060 5855 0
5060 863 0
5060 4349 0
15471 21537 0
15471 19808 0
15471 7920 0
15471 8945 0
15471 19207 0
15471 14654 0
15471 15171 0
15471 15293 0
15471 2500 0
15471 10745 0
7837 8450 0
7837 10647 0
7837 8988 0
7837 4532 0
7837 14654 0
7837 7109 0
7837 5961 0
7837 15956 0
7837 17334 0
7837 7920 0
7837 7926 0
2718 19837 0
2718 287 0
2718 2338 0
2718 337 0
2718 8549 0
2718 2458 0
2718 4524 0
2718 4525 0
2718 4547 0
2718 2500 0
2718 4550 0
2718 8673 0
2718 5569 0
2718 2718 0
2718 4795 0
2718 4859 0
2718 9009 0
2718 861 0
2718 863 0
2718 937 0
2718 10481 0
2718 453 1
2718 5432 0
2718 5464 0
2718 3446 0
2718 1943 0
2718 5753 0
2718 16091 0
2718 5855 0
2718 5881 0
2718 1807 0
2718 1883 1
2718 1901 0
2718 16241 0
2718 8112 0
2718 2382 0
2718 7165 0
4171 5464 1
4171 664 1
4171 287 1
4171 2338 1
4171 4524 1
4171 4525 1
4171 4526 1
4171 306 1
4171 4550 1
4171 4171 2
4171 2382 1
4171 337 1
4171 861 1
4171 3446 1
4171 5881 1
4171 9547 1
6817 4829 1
6817 5857 0
6817 4349 0
6817 3355 1
6817 1249 0
6817 2382 0
6817 2500 0
16034 8327 0
16034 5268 0
16034 16034 0
16034 8877 0
16034 18896 0
16034 21537 0
16034 16074 0
16034 6355 0
16034 16091 0
16034 16098 0
16034 14051 0
16034 7920 0
16034 4859 0
16034 4349 0
16034 19207 0
16034 21184 0
16034 5944 0
16034 15171 0
16034 5857 0
16034 5961 0
16034 14654 0
16034 10647 0
16034 17334 0
16034 15293 0
16034 15295 0
16034 8679 1
16034 13300 0
4550 13332 0
4550 8327 0
4550 2338 0
4550 2382 0
4550 337 0
4550 4550 0
4550 4551 0
4550 4795 0
4550 4859 0
4550 861 0
4550 902 1
4550 937 0
4550 7109 0
4550 11303 0
4550 3352 0
4550 3353 0
4550 3355 1
4550 5432 0
4550 5855 0
4550 5856 0
4550 1765 0
4550 7926 0
4550 5944 0
18400 11236 0
18400 5753 0
18400 3353 0
18400 3355 1
13484 5911 1
13484 3355 1
13484 13484 0
13484 5855 0
13484 4803 0
13484 5981 0
13484 3446 0
8877 287 0
8877 8877 0
8877 8112 0
8877 19774 1
8877 861 0
8877 863 0
8877 5881 0
12974 287 0
12974 15295 0
12974 4859 0
1523 4803 0
1523 8945 0
1523 6910 0
1523 13061 0
1523 861 0
1523 4524 0
1523 4525 0
1523 4526 0
1523 1523 0
1523 10745 0
16051 19808 0
16051 13043 0
16051 3353 0
16051 287 0
16051 21537 0
16051 1765 0
16051 8945 0
16051 16051 0
16051 10745 0
18896 16271 0
18896 21537 0
18896 8945 0
18896 10745 0
18896 7165 0
6326 16271 0
6326 7920 0
6326 2338 0
6326 5432 0
6326 15293 0
6326 14654 0
6326 9173 0
6326 861 0
6326 19808 0
6326 8945 0
6326 13043 0
6326 10745 0
6326 10945 0
13497 389 0
13497 2458 0
13497 5981 0
13497 453 1
13497 4829 1
13497 5855 0
13497 3446 0
13497 6005 0
13497 5994 0
4795 4525 0
4795 13332 0
4795 4829 1
4795 664 0
4795 4795 0
4795 4339 0
4795 9009 0
4795 15780 0
4795 4524 0
4795 4526 0
4795 8112 0
4795 4530 1
4795 4551 0
4795 9173 0
16074 5268 0
16074 21537 0
16074 937 0
16074 10945 0
16074 16271 0
16074 3353 0
16074 5981 0
16074 19808 0
16074 15293 0
16074 8945 0
16074 13043 0
16074 11255 0
16074 10745 0
16074 7165 0
16074 1022 0
21184 19720 0
21184 16271 0
21184 5268 0
21184 14654 0
21184 10945 0
21184 1765 0
21184 8679 1
21184 11255 0
21184 10745 0
10945 664 0
10945 8395 0
10945 6355 0
10945 14051 0
10945 7920 0
10945 13043 0
10945 7926 0
10945 8450 0
10945 19207 0
10945 19720 0
10945 2825 0
10945 8988 0
10945 5944 0
10945 15171 0
10945 1350 0
10945 5961 0
10945 5464 0
10945 19808 0
10945 14654 0
10945 19837 0
10945 10647 0
10945 8679 1
10945 13300 0
10945 11255 0
10945 10745 0
4803 16241 0
4803 4803 0
4803 5855 0
4803 4339 0
4803 13061 0
4803 5994 0
4803 6005 0
4803 3446 0
4803 4530 1
4803 4547 0
4803 1022 0
11972 11236 0
11972 5753 0
11972 3353 0
11972 3355 1
21537 8450 0
21537 5268 0
21537 19837 0
21537 16091 0
21537 19207 0
21537 15171 0
21537 7109 0
21537 5961 0
21537 6355 0
21537 19808 0
21537 14051 0
21537 8988 0
21537 8679 1
21537 16098 0
17098 4829 1
17098 3355 1
17098 19808 0
17098 15867 0
8395 8327 0
8395 8395 0
8395 5857 0
8395 4349 0
8395 2825 0
8395 5944 0
8395 14654 0
8395 9547 0
8395 19808 0
8395 902 1
16592 8587 0
16592 5911 1
16592 4532 0
16592 5856 0
16592 6910 0
3794 19808 0
3794 4829 1
3794 8954 0
3794 1809 0
3794 3446 0
3794 389 0
3794 2458 0
3794 4547 0
3794 453 1
3794 8144 0
3794 3574 0
6355 15293 0
6355 19808 0
6355 8679 1
6355 7920 0
6355 10745 0
6355 7165 0
7380 453 1
7380 7380 0
7380 5855 0
7380 5856 0
7380 861 0
7380 934 0
7380 935 0
7380 2500 0
17358 1883 1
17358 5569 0
5753 5978 0
5753 12225 0
5753 5753 0
5753 7901 0
5753 5885 0
5753 20230 0
5753 3352 0
5753 3353 0
5753 3355 1
5753 3357 0
5753 3358 0
5753 1830 1
5753 5432 0
5753 17215 0
5753 8016 0
5753 863 0
5753 9703 0
5753 13121 0
5753 12701 0
5753 15818 0
5753 5052 0
5753 7109 0
5753 21446 0
5753 11236 0
5753 8679 1
16091 8450 0
16091 5268 0
16091 13043 0
16091 8988 0
16091 8112 0
16091 15293 0
16091 9009 0
16091 7920 0
16091 4339 0
16091 10745 0
1244 1765 0
1244 4932 1
1244 3355 1
1244 2500 0
7901 11236 0
7901 3355 1
7901 7901 0
4830 4829 1
4830 4830 0
4830 1249 0
4830 6910 0
4830 3353 0
4830 3355 1
4830 5432 0
4830 861 0
4830 863 0
4830 1943 0
4830 2500 0
5855 4145 0
5855 7165 0
5855 4349 0
5855 14654 0
5855 2382 0
5855 337 0
5855 389 0
5855 2458 0
5855 4524 0
5855 11676 0
5855 4547 0
5855 2500 0
5855 4551 0
5855 6907 0
5855 10745 0
5855 13061 0
5855 453 1
5855 8549 0
5855 13043 0
5855 760 0
5855 4859 0
5855 861 0
5855 863 0
5855 934 0
5855 937 0
5855 5052 0
5855 15293 0
5855 7109 0
5855 11236 0
5855 1022 0
5855 1249 0
5855 3352 0
5855 3353 0
5855 3358 0
5855 5432 0
5855 1350 0
5855 3446 0
5855 15818 0
5855 5855 0
5855 5856 0
5855 5857 0
5855 1765 0
5855 5944 0
5855 5978 0
5855 5981 0
5855 5994 0
5855 16241 0
5855 6005 0
5855 16271 0
5855 8112 0
5856 4349 0
5856 5911 1
5856 861 0
5856 5981 0
5856 5994 0
5856 6005 0
5856 389 0
5856 2458 0
5856 937 0
5856 4551 0
5856 8673 0
5856 6910 0
1249 4829 1
1249 1249 0
1249 4349 0
1249 5911 1
1249 3357 0
1249 5432 0
1249 15197 0
1249 5994 0
1249 3446 0
1249 934 0
1249 2500 0
16098 8758 0
16098 5268 0
16098 8945 0
16098 13043 0
16098 4349 0
16098 14654 0
16098 15171 0
16098 8549 0
16098 760 0
16098 8679 1
16098 11255 0
16098 10745 0
16098 7165 0
13027 11236 0
13027 3353 0
13027 3355 1
1765 4145 0
1765 19808 0
1765 2382 0
1765 389 0
1765 4551 0
1765 453 1
1765 13061 0
1765 9009 0
1765 5052 0
1765 3352 0
1765 3355 1
1765 5464 0
1765 15818 0
1765 15867 0
1765 1765 0
1765 5881 0
1765 1901 0
1765 6005 0
1765 1943 0
11303 3355 1
11303 4551 0
11303 2382 0
11303 1883 1
7920 13332 0
7920 8945 0
7920 7926 0
7920 8450 0
7920 19207 0
7920 8988 0
7920 5944 0
7920 14654 0
7920 8587 0
7920 5961 0
7920 19808 0
7920 14695 0
7920 16271 0
7920 15171 0
7920 10647 0
7920 15293 0
7920 7109 0
7920 13300 0
7920 11255 0
7920 10745 0
8945 8450 0
8945 8758 0
8945 13332 0
8945 5857 0
8945 14051 0
8945 13043 0
8945 7926 0
8945 4349 0
8945 2825 0
8945 19207 0
8945 1350 0
8945 5961 0
8945 5944 0
8945 19808 0
8945 17334 0
8945 15224 0
8945 16271 0
8945 10647 0
8945 4524 0
8945 15171 0
8945 7109 0
8945 13300 0
8945 10745 0
8945 1022 0
13043 13332 0
13043 5857 0
13043 14051 0
13043 13043 0
13043 7926 0
13043 4349 0
13043 8450 0
13043 19207 0
13043 2825 0
13043 8988 0
13043 5944 0
13043 15171 0
13043 5961 0
13043 2382 0
13043 19808 0
13043 5994 0
13043 6005 0
13043 15224 0
13043 9084 0
13043 902 1
13043 10647 0
13043 4524 0
13043 13300 0
13043 10745 0
7926 13061 0
7926 16271 0
7926 8988 0
7926 15293 0
7926 14654 0
7926 19808 0
7926 14695 0
7926 8679 1
7926 10745 0
760 13332 0
760 13061 0
760 19837 0
760 861 0
760 3353 0
760 5981 0
760 8549 0
760 16241 0
760 1943 0
760 8112 0
760 2500 0
760 11236 0
760 8679 1
760 7165 0
760 1022 0
5881 5981 0
5881 19774 1
5881 5881 0
5881 306 0
5881 5978 0
5881 5052 0
5881 5885 0
8954 389 0
8954 937 0
8954 4829 1
8954 453 1
8954 8144 0
8954 861 0
8954 3574 0
8954 8954 0
8954 4349 0
6907 389 0
6907 453 1
6907 2338 0
6907 5981 0
6907 6907 0
6907 1883 1
6907 4859 0
4349 4829 1
4349 4859 0
4349 4349 0
4349 5857 0
4349 8988 0
4349 287 0
4349 8679 1
4349 3446 0
4349 10745 0
4349 8673 0
4349 7165 0
6910 15956 0
6910 6910 0
6910 2338 0
6910 2382 0
6910 5911 1
6910 17334 0
6910 8587 0
6910 664 0
6910 4524 0
6910 4525 0
6910 4532 0
6910 10745 0
8450 8327 0
8450 5857 0
8450 8988 0
8450 287 0
8450 9009 0
8450 1350 0
8450 5961 0
8450 8016 0
8450 19808 0
8450 14695 0
8450 14654 0
8450 15293 0
8450 10745 0
13061 8549 0
13061 4530 1
13061 4547 0
13061 934 0
13061 935 0
13061 1022 0
13061 13061 0
13061 19837 0
13061 14051 0
13061 5981 0
13061 8112 0
13061 15780 0
13061 4083 0
20230 3353 0
20230 3355 1
20230 2879 1
19207 19720 0
19207 16271 0
19207 8988 0
19207 287 0
19207 15293 0
19207 14654 0
19207 15171 0
19207 10745 0
19207 19808 0
19207 11255 0
19720 10647 0
19720 19720 0
19720 2825 0
19720 8587 0
19720 14051 0
19720 10745 0
19720 6005 0
19720 5885 0
2825 8327 0
2825 8988 0
2825 5857 0
2825 2825 0
2825 19808 0
2825 9084 0
2825 19837 0
2825 10745 0
2825 11255 0
1807 4145 0
1807 4339 0
1807 1807 0
1807 2338 0
1807 4918 0
1807 1350 0
1807 5464 0
1807 902 1
1807 453 1
1809 389 0
1809 2458 0
1809 937 0
1809 5981 0
1809 453 1
1809 8144 0
1809 4829 1
1809 4145 0
1809 5885 0
1809 3574 0
5911 4551 1
5911 4918 1
5911 6005 1
5911 2500 1
5911 5994 1
3352 3352 0
3352 3353 0
3352 3355 1
3352 3357 0
3352 287 0
3352 2382 0
3352 8016 0
3352 5978 0
3352 5981 0
3352 13121 0
3352 10566 0
3352 5052 0
3352 12225 0
3352 2500 0
3352 7109 0
3352 21446 0
3352 11236 0
3353 4530 1
3353 2500 0
3353 4551 0
3353 17215 0
3353 13121 0
3353 861 0
3353 863 0
3353 5052 0
3353 7109 0
3353 11236 0
3353 5978 0
3353 3353 0
3353 3355 1
3353 3357 0
3353 3358 0
3353 5432 0
3353 15818 0
3353 9703 0
3353 8016 0
3353 10566 0
3353 8112 0
3353 12225 0
3355 5978 1
3355 15818 1
3355 15867 1
3355 21446 1
3355 4551 1
3355 3358 1
3355 15197 1
3355 3534 1
3355 4859 1
3355 11236 1
3355 3355 2
3355 3357 1
3355 9703 1
3355 17215 1
3355 1350 1
3355 5432 1
3355 18787 1
3355 5994 1
3355 8679 2
3355 6005 1
3355 12701 1
3355 10566 1
3355 13121 1
3355 15780 1
3355 1943 1
3355 937 1
3355 4531 1
3355 4532 1
3355 5052 1
3355 12225 1
3355 2500 1
3355 7109 1
3355 8016 1
3355 7165 1
8988 4525 0
8988 13332 0
8988 15956 0
8988 8988 0
8988 14654 0
8988 5961 0
8988 19808 0
8988 14695 0
8988 17334 0
8988 15224 0
8988 10647 0
8988 4532 0
8988 15293 0
8988 8144 0
8988 3574 0
8988 11255 0
8988 10745 0
3357 3358 0
3357 8016 0
3357 11236 0
3358 3358 0
3358 8016 0
3358 389 0
3358 2500 0
3358 11236 0
287 287 0
287 9009 0
287 863 0
287 9084 0
287 937 0
287 10481 0
287 2338 0
287 2382 0
287 11236 0
287 19774 1
287 3446 0
287 19837 0
287 12225 0
287 13121 0
287 5052 0
287 5464 0
287 5857 0
287 5885 0
287 5944 0
287 5994 0
287 15171 0
287 16241 0
15956 4525 0
15956 4524 0
15956 8758 0
15956 8679 1
15956 16271 0
2338 4223 0
2338 4339 0
2338 2338 0
2338 8549 0
2338 4530 1
2338 5052 0
2338 9173 0
2338 1022 0
2338 5981 0
2338 5432 0
2338 19774 1
2338 5978 0
2338 5464 0
2338 4547 0
2338 5857 0
2338 1883 1
2338 5994 0
2338 1943 0
1830 1830 2
1830 1365 1
4145 4145 0
4145 2458 0
4145 4547 0
4145 2500 0
4145 4829 1
4145 4859 0
4145 863 0
4145 937 0
4145 861 0
4145 19774 1
4145 3446 0
4145 15818 0
4145 5885 0
4145 5981 0
4145 1943 0
4145 8112 0
8327 8327 0
8327 9009 0
8327 10566 0
8327 5981 0
8327 19837 0
8327 11676 0
8327 4859 0
8327 11255 0
4829 389 1
4829 2458 1
4829 9547 1
4829 4829 2
4829 4547 1
4829 3446 1
4829 8144 1
4829 861 1
4829 14695 1
4829 3574 1
9009 5268 0
9009 7109 0
9009 10481 0
9009 5885 0
9009 9009 0
9009 5961 0
9009 1883 1
9009 861 0
9009 863 0
9009 5994 0
9009 1901 0
9009 15224 0
9009 19837 0
9009 4531 0
306 306 0
306 19774 1
306 5994 0
306 3446 0
4918 4918 0
4918 5432 0
4918 19774 1
4918 5981 0
4918 5994 0
4918 6005 0
5432 4223 0
5432 389 0
5432 4547 0
5432 2500 0
5432 453 1
5432 4551 0
5432 4859 0
5432 861 0
5432 863 0
5432 934 0
5432 7165 0
5432 5432 0
5432 5464 0
5432 5981 0
5432 6005 0
5432 1943 0
9018 18256 1
9018 11255 0
14654 8587 0
14654 5961 0
14654 2382 0
14654 19808 0
14654 15224 0
14654 16271 0
14654 15171 0
14654 10647 0
14654 15293 0
14654 8679 1
14654 4083 0
14654 13300 0
14654 11255 0
14654 10745 0
15171 15293 0
15171 10745 0
15171 16271 0
15171 19808 0
15171 11255 0
8758 5981 0
8758 7165 0
10566 4859 0
10566 5994 0
10566 453 1
10566 15867 0
5857 4859 0
5857 19808 0
5857 9084 0
5857 16271 0
5857 15293 0
5857 11255 0
5857 10745 0
5961 16271 0
5961 19808 0
5961 15293 0
5961 10745 0
5961 7165 0
2382 2382 0
2382 337 0
2382 8587 0
2382 4524 0
2382 4525 0
2382 4526 0
2382 4530 1
2382 4532 0
2382 4547 0
2382 4551 0
2382 4859 0
2382 934 0
2382 7165 0
2382 3446 0
2382 16241 0
8016 5885 0
8016 8016 0
8016 5981 0
8016 19808 0
8016 389 0
8016 1943 0
8016 8112 0
8016 15818 0
8016 11236 0
5944 5944 0
5944 15293 0
5944 4551 0
5944 16271 0
5944 861 0
5944 8679 1
5944 11255 0
5944 10745 0
1874 1883 1
14051 16271 0
14051 13332 0
14051 15293 0
14051 8679 1
14051 10745 0
1365 1943 0
5464 9173 0
5464 1350 0
5464 861 0
5464 19808 0
5464 902 1
5464 11236 0
5464 337 0
5978 19837 0
5978 4859 0
5978 5885 0
5978 1350 0
5978 337 0
5978 11236 0
5978 5978 0
5978 3446 0
5978 2458 0
5978 5052 0
5978 7109 0
5978 15818 0
1883 1883 2
1883 4339 1
15197 389 0
15197 2500 0
15197 10745 0
863 4859 0
863 4530 1
19808 14695 0
19808 17334 0
19808 8587 0
19808 10647 0
19808 10745 0
19808 15293 0
19808 7109 0
19808 13300 0
19808 19837 0
19808 8112 0
18787 453 1
8549 13332 0
8549 19837 0
8549 861 0
8549 1943 0
8549 5981 0
8549 8112 0
8549 2500 0
8549 11236 0
8549 8679 1
8549 15867 0
8549 7165 0
14695 10647 0
14695 4532 0
14695 17334 0
5994 4530 1
5994 4531 0
5994 4547 0
5994 2500 0
5994 861 0
5994 934 0
5994 935 0
5994 1022 0
5994 1350 0
5994 3446 0
5994 15867 0
5994 5885 0
5994 5994 0
5994 6005 0
5994 4083 0
4223 10647 0
4223 16241 0
4223 4530 1
4223 2500 0
4223 7165 0
1901 861 0
1901 1901 0
1901 16241 0
1901 5268 0
1901 7109 0
16241 10481 0
16241 4524 0
16241 8673 0
16241 8679 1
16241 4859 0
16241 7165 0
16241 1022 0
16241 5268 0
16241 3446 0
16241 3574 0
16241 16241 0
16241 8112 0
8673 861 0
8673 8112 0
8673 7165 0
6005 1350 0
6005 5981 0
6005 6005 0
6005 3446 0
6005 934 0
6005 4525 0
3446 337 0
3446 2500 0
3446 453 1
3446 4859 0
3446 861 0
3446 5052 0
3446 21446 0
3446 11236 0
3446 7165 0
3446 1350 0
3446 3446 0
3446 389 0
3446 3574 0
3446 5981 0
3446 4083 0
3446 8144 0
15224 5268 0
15224 861 0
15224 11255 0
15224 10745 0
5268 19837 0
5268 8679 1
5268 10481 0
5268 13300 0
5268 13332 0
5268 7165 0
19837 17334 0
19837 5981 0
19837 19774 1
19837 19837 0
19837 11676 0
19837 5052 0
19837 7109 0
19837 4859 0
19837 11255 0
19837 10745 0
19837 7165 0
383 902 1
383 4532 0
383 10745 0
389 4859 0
389 5885 0
389 1350 0
389 389 0
389 2458 0
389 935 0
389 937 0
389 8112 0
389 4547 0
389 2500 0
389 453 1
389 8144 0
389 3574 0
902 902 2
902 9173 1
902 5981 1
8587 16271 0
8587 664 0
8587 11255 0
8587 8679 1
4531 4524 0
4531 4525 0
4531 4530 1
4531 4531 0
337 5981 0
337 4551 0
337 5885 0
337 337 0
337 2458 0
337 5052 0
337 453 1
337 1022 0
16271 13332 0
16271 10647 0
16271 8144 0
16271 13300 0
16271 10745 0
10647 15293 0
10647 8679 1
10647 10745 0
2458 4547 0
2458 5569 0
2458 5981 0
2458 2458 0
2458 15818 0
2458 5052 0
2458 453 1
2458 8144 0
2458 3574 0
861 4530 1
861 4547 0
861 4551 0
861 15780 0
861 861 0
861 935 0
861 937 0
861 5052 0
861 9173 0
861 1022 0
861 5569 0
861 4083 0
15780 9173 0
1350 1350 0
1350 5981 0
1350 5052 0
1350 2500 0
1350 453 1
5981 934 0
5981 935 0
5981 17334 0
5981 11236 0
5981 1943 0
5981 2500 0
5981 1823 0
5981 3574 0
5981 4339 0
5981 4530 1
5981 4859 0
5981 5052 0
5981 5885 0
5981 5981 0
5981 7109 0
5981 7165 0
5981 15818 0
5981 8112 0
11676 4530 1
11676 7109 0
4524 4339 0
4524 4524 0
4524 4525 0
4524 4526 0
4524 4530 1
4524 4532 0
4524 2500 0
4524 10745 0
4524 4859 0
4524 7165 0
4524 1022 0
4525 4339 0
4525 4526 0
4525 4530 1
4525 4532 0
4526 4339 0
4526 4530 1
4526 4532 0
8112 4530 1
8112 453 1
8112 1022 0
8112 3574 0
8112 8112 0
4530 4530 2
4530 11236 1
4530 15867 1
4530 7165 1
4339 19774 1
4532 4532 0
4532 1022 0
17334 17334 0
17334 10745 0
17334 8679 1
5052 4859 0
5052 5885 0
5052 11236 0
5052 1943 0
5052 5052 0
5052 7109 0
5052 15818 0
15293 13332 0
15293 10745 0
15295 4859 0
5569 1943 0
5569 5569 0
4547 4859 0
4547 1943 0
4547 937 0
4547 4547 0
4547 453 1
4547 3574 0
2500 453 1
2500 4859 0
2500 934 0
2500 935 0
2500 2500 0
2500 1943 0
453 1823 1
453 935 1
453 937 1
453 453 2
453 4083 1
453 1022 1
453 3574 1
21446 19774 1
4551 13332 0
4551 4551 0
4551 7109 0
15818 5885 0
1943 1022 0
1943 15867 0
1943 1943 0
1943 4083 0
8144 3574 0
8144 10745 0
9173 1022 0
4859 4859 0
4859 7165 0
4859 1022 0
4859 937 0
11236 7109 0
11236 11236 0
11236 7165 0
11236 1022 0
11236 5885 0
934 8679 1
934 934 0
934 935 0
934 15867 0
19774 19774 2
19774 5885 1
8679 10745 1
8679 8679 2
8679 7165 1
935 935 0
5885 7109 0
5885 5885 0
5885 4083 0
13300 7165 0
13300 11255 0
13300 10745 0
1022 1022 0
3574 3574 0
11255 13332 0
11255 10745 0
11255 7165 0
10745 13332 0
7109 7109 0
15867 15867 0
7165 7165 0
