6401 679 0
6401 1765 0
6401 7893 0
6401 6401 0
6401 8321 1
6401 3397 1
6401 3986 0
6401 729 0
4482 3154 1
4482 3163 1
4482 3426 0
4482 3150 0
4482 6739 0
13061 174 0
13061 8477 0
13061 4534 0
13061 2594 0
13061 556 0
13061 8838 1
13061 13061 0
13061 3154 1
13061 3163 1
13061 3426 0
13061 16308 0
13061 16031 0
13061 7893 0
13061 1765 0
8838 3986 1
8838 287 1
8838 166 1
8838 579 1
8838 1620 1
263 2594 0
263 556 0
263 3150 0
263 3154 1
263 3163 1
263 263 0
263 2338 0
263 4524 0
263 4525 0
263 4526 0
263 8881 0
263 988 0
3848 2594 0
3848 3150 0
3848 6737 0
3848 3154 1
3848 6740 0
3848 6741 0
3848 3163 1
3848 8477 0
3848 6739 0
3848 1765 0
3848 3848 0
3848 6484 0
3848 8881 0
556 16308 0
556 3154 1
556 3163 1
556 3426 0
13962 3150 0
13962 3154 1
13962 3163 1
13962 7741 0
2962 13843 0
2962 3150 0
2962 3152 0
2962 3154 1
2962 3163 1
2962 5247 0
2962 1170 0
2962 4301 0
2962 729 0
2962 2338 0
2962 3986 0
2962 1620 0
13843 13843 0
13843 3154 1
13843 1620 0
13843 3163 1
13843 5247 0
13843 1170 0
13843 729 0
13843 2338 0
13843 3397 1
13843 3150 0
13843 6739 0
174 2594 0
174 7741 0
174 3150 0
174 3154 1
174 3163 1
174 7851 0
174 174 0
174 2849 0
174 2338 0
174 287 0
174 5026 0
174 16308 0
8477 8321 1
8477 287 0
8477 2338 0
8477 6484 0
8477 2594 0
8477 6737 0
8477 6739 0
8477 6740 0
8477 6741 0
8477 8881 0
8477 3378 0
8477 3397 1
8477 3426 0
8477 16031 0
8477 7851 0
8477 7893 0
8477 3986 0
8477 16308 0
287 287 0
287 579 0
287 8881 0
287 1620 0
287 2338 0
287 2594 0
287 3110 0
287 3397 1
287 3426 0
287 4301 0
287 4536 0
287 4538 0
287 4555 0
287 5247 0
287 6737 0
287 6739 0
287 7893 0
4641 4641 0
4641 6739 0
4641 2174 1
4641 2338 0
4641 3397 1
4641 3986 0
4641 5026 0
5026 2594 0
5026 579 0
5026 3150 0
5026 3154 1
5026 3163 1
5026 1765 0
5026 4534 0
5026 4535 0
5026 4536 0
5026 4537 0
5026 4538 0
5026 4546 0
3426 2174 1
3426 16308 0
3426 2338 0
3426 2594 0
3426 6737 0
3426 2849 0
3426 3154 1
3426 3378 0
3426 3426 0
3426 1765 0
3426 3986 0
3426 16031 0
3110 3110 0
3110 3152 0
3110 3154 1
3110 3163 1
679 1620 0
679 2174 1
679 679 0
679 5386 1
679 3397 1
8321 1765 1
7851 2338 0
7851 2594 0
7851 3163 1
7851 6739 0
7851 6741 0
7851 3150 0
7851 3154 1
7851 3378 0
7851 16031 0
7851 7851 0
7851 7893 0
7851 3986 0
7851 16308 0
4524 2174 1
4524 6484 0
4524 4524 0
4524 4525 0
4524 4526 0
4524 2594 0
4524 6739 0
4524 1170 0
4524 3397 1
4524 1620 0
4525 2594 0
4525 2174 1
4525 3397 1
4525 6484 0
4525 3986 0
4525 4526 0
4525 988 0
4526 2594 0
4526 2174 1
4526 3397 1
4526 6484 0
6740 6484 0
6740 2594 0
6740 6737 0
6740 6739 0
6740 6741 0
6740 8881 0
6740 3150 0
6740 3154 1
6740 3163 1
6740 1765 0
6740 3986 0
6740 16031 0
8881 8881 0
8881 2338 0
8881 6484 0
8881 4535 0
8881 4536 0
8881 2594 0
8881 6737 0
8881 6739 0
8881 6741 0
8881 3150 0
8881 3152 0
8881 3154 1
8881 3163 1
8881 5247 0
8881 16031 0
8881 1765 0
8881 3986 0
1714 3150 0
1714 3152 0
1714 3154 1
1714 1620 0
1714 3163 1
1714 1170 0
1714 1714 0
1714 2338 0
1714 3986 0
1714 988 0
16308 2594 0
16308 2849 0
16308 3154 1
16308 3163 1
16308 16308 0
16308 7893 0
16308 1765 0
18270 3986 1
18270 729 1
18270 2338 1
18270 4536 1
18270 1620 1
18270 18270 2
4534 2174 1
4534 1765 0
4534 4535 0
4534 4537 0
4534 4546 0
4534 579 0
4534 4534 0
4534 729 0
4534 5247 0
4534 5386 1
4534 1620 0
4534 3986 0
4535 579 0
4535 1620 0
4535 2174 1
4535 1765 0
4535 5386 1
4535 4535 0
4535 4536 0
4536 1620 0
4536 2174 1
4536 5247 0
4536 1765 0
4536 5386 1
4536 3397 1
4536 4536 0
4536 4546 0
4537 3150 0
4537 1620 0
4537 2174 1
4537 1765 0
4537 5386 1
4537 4537 0
4537 579 0
4538 1620 0
4538 2174 1
4538 1765 0
4538 5386 1
4538 4538 0
16031 6484 0
16031 2594 0
16031 6737 0
16031 6739 0
16031 6741 0
16031 3150 0
16031 3154 1
16031 3163 1
16031 16031 0
16031 1765 0
16031 3986 0
7741 3150 0
7741 3154 1
7741 3163 1
7741 2849 0
959 970 2
4546 1620 0
4546 2174 1
4546 1765 0
4546 5386 1
4546 4546 0
4546 579 0
579 579 0
579 2338 0
579 729 0
579 1765 0
579 3154 1
3397 1620 1
3397 166 1
3397 1765 1
3397 3397 2
3397 4555 1
1170 2174 1
1170 4301 0
1170 2338 0
1170 4555 0
1170 729 0
1170 988 0
1170 3150 0
1170 3152 0
1170 3154 1
1170 3163 1
1170 5247 0
1170 1620 0
1170 3986 0
2849 3150 0
2849 3154 1
2849 1620 0
2849 3163 1
2849 5247 0
2849 2849 0
2849 7893 0
3378 2594 0
3378 3150 0
3378 3154 1
3378 3163 1
3378 3378 0
2338 4301 0
2338 2338 0
2338 2594 0
2338 6739 0
2338 729 0
2338 3150 0
2338 3154 1
2338 3163 1
2338 5247 0
2338 1620 0
2338 988 0
2338 3986 0
3150 2594 0
3150 19515 0
3150 6737 0
3150 3154 1
3150 6739 0
3150 6741 0
3150 3163 1
3150 5247 0
3150 14718 0
3150 4301 0
3150 729 0
3150 1762 0
3150 6484 0
3150 11810 0
3150 20575 0
3150 988 0
3150 1620 0
4301 3154 1
4301 6739 0
4301 3163 1
4301 5247 0
4301 729 0
4301 3986 0
4301 1620 0
3152 3154 1
3152 6484 0
3152 729 0
3152 3163 1
3152 988 0
3152 5247 0
6737 6484 0
6737 2594 0
6737 6739 0
6737 6741 0
6737 3154 1
6737 3163 1
6737 1620 0
6737 1765 0
6737 3986 0
3154 2594 1
3154 19515 1
3154 20575 1
3154 7893 1
3154 11810 1
3154 6739 1
3154 1620 1
3154 6741 1
3154 729 1
3154 3163 2
3154 988 1
3154 1762 1
3154 13300 1
3154 6484 1
3154 14718 1
3154 5247 1
2594 6484 0
2594 2594 0
2594 6739 0
2594 6741 0
2594 3163 1
2594 7893 0
2594 1765 0
2594 3986 0
6484 6739 0
6484 6741 0
6484 3163 1
6484 1765 0
6484 3986 0
6741 3163 1
6741 6739 0
6741 6741 0
6741 1765 0
6741 3986 0
729 1620 0
729 3163 1
729 5247 0
729 729 0
729 3986 0
729 4555 0
3163 6739 1
3163 1620 1
3163 3163 2
3163 988 1
3163 20575 1
3163 1762 1
3163 19515 1
3163 7893 1
3163 11810 1
3163 13300 1
3163 5247 1
3163 14718 1
988 5247 0
988 988 0
988 6739 0
988 1620 0
4555 1620 0
4555 2174 1
4555 5247 0
4555 4555 0
1765 6739 0
1765 1620 0
1765 7893 0
1765 1765 0
1765 3986 0
3986 166 0
3986 1620 0
3986 2174 1
3986 3986 0
3986 5247 0
3986 6739 0
7893 7893 0
6739 166 0
6739 6739 0
1620 5247 0
1620 1620 0
