15873 1653 0
15873 4795 1
15873 3283 1
15873 8467 0
15873 4319 0
15873 5978 0
15873 5980 0
15873 5981 0
15873 3461 0
15873 3986 0
15873 6068 0
15873 5052 0
15873 3561 0
1538 4551 1
1538 4550 1
1538 1197 1
6147 6147 0
6147 6163 0
6147 6165 0
6147 7079 0
6147 6162 0
6147 6164 0
6147 4256 0
6147 2272 0
6147 8467 0
6147 303 0
6147 4409 0
6147 2411 0
6147 20857 0
6147 6561 0
6147 4524 0
6147 4525 0
6147 4540 0
6147 4561 0
6147 17363 0
6147 14953 1
6147 4744 0
6147 10351 0
6147 2718 0
6147 2722 0
6147 4795 1
6147 4801 0
6147 6867 0
6147 8934 0
6147 838 0
6147 2938 0
6147 509 0
6147 13355 0
6147 5204 0
6147 5247 0
6147 1170 0
6147 1259 0
6147 5366 0
6147 5372 0
6147 5422 0
6147 3446 0
6147 3461 0
6147 6065 0
6147 7077 0
6147 1620 0
6147 1653 0
6147 3729 0
6147 1718 0
6147 1722 0
6147 1741 0
6147 5855 0
6147 12542 0
6147 3927 0
6147 5994 0
6147 1919 0
6147 3986 0
6147 16275 0
6147 2382 0
4100 4100 0
4100 4102 0
4100 6163 0
4100 6165 0
4100 8747 0
4100 562 1
4100 865 0
4100 6728 0
4100 1620 0
4100 4744 0
4100 1674 0
4100 2718 0
4100 168 0
4100 1718 0
4100 698 0
4100 4795 1
4100 1741 0
4100 3801 0
4100 4339 0
4100 3353 0
4100 2338 0
4100 827 0
4100 861 0
4100 866 0
4100 869 0
4100 2938 0
4100 1919 0
4100 3461 0
4100 1927 0
4100 2458 0
4100 4536 0
4100 4548 0
4100 4550 0
4100 4560 0
4100 473 0
4100 3036 0
4102 4102 0
4102 2059 0
4102 6162 0
4102 6163 0
4102 6165 0
4102 562 1
4102 6728 0
4102 6160 0
4102 1653 0
4102 6164 0
4102 1674 0
4102 3729 0
4102 2709 0
4102 1687 0
4102 3225 0
4102 4795 1
4102 3801 0
4102 8934 0
4102 2280 0
4102 2338 0
4102 5422 0
4102 5469 0
4102 1927 0
4102 3986 0
4102 4550 0
4102 4551 0
5641 5641 0
5641 1552 0
5641 4119 0
5641 561 0
5641 5204 0
5641 16404 0
5641 6162 0
5641 2408 0
5641 1653 0
5641 15996 0
5641 5994 0
5641 1160 0
5641 3729 0
5641 1687 0
5641 18085 0
5641 6828 0
5641 1722 0
5641 1725 1
5641 4801 0
5641 3446 0
5641 1741 0
5641 6867 0
5641 4822 0
5641 5855 0
5641 2272 0
5641 5363 0
5641 5365 0
5641 5366 0
5641 5369 0
5641 12542 0
5641 301 1
5641 5432 0
5641 4409 0
5641 2361 0
5641 2411 0
5641 2414 0
5641 2415 0
5641 2416 0
5641 2500 0
5641 5367 0
5641 6904 0
5641 17363 0
5641 3043 0
2059 2059 0
2059 5469 0
2059 4185 0
2059 8391 0
2059 4300 0
2059 4339 0
2059 2361 0
2059 4524 0
2059 4536 0
2059 4539 0
2059 4544 0
2059 4546 0
2059 509 0
2059 4537 0
2059 4704 1
2059 2668 0
2059 4744 0
2059 2718 0
2059 4795 1
2059 705 0
2059 719 0
2059 768 0
2059 827 0
2059 843 0
2059 3036 0
2059 5247 0
2059 1170 0
2059 3225 0
2059 1197 0
2059 4301 0
2059 1259 0
2059 5419 0
2059 5432 0
2059 5523 0
2059 7662 0
2059 15996 0
2059 3801 0
2059 3844 0
2059 1885 0
2059 1927 0
2059 6062 0
2059 2044 1
3035 561 0
3035 1718 0
3035 4185 0
3035 4704 1
3035 2718 0
3035 4795 1
3035 8391 0
3035 4300 0
3035 4339 0
3035 4371 0
3035 2338 0
3035 2901 0
3035 3446 0
3035 3986 0
3035 5523 0
3035 2967 0
3035 4534 0
3035 4546 0
3035 3035 0
3035 16354 0
3035 1620 0
685 13355 0
685 3143 0
685 18513 1
685 1620 0
685 4537 0
685 1653 0
685 2718 0
685 4544 0
685 827 0
685 4956 0
685 3446 0
685 3986 0
685 7079 0
685 6068 0
685 4534 0
685 4535 0
685 4536 0
685 4538 0
685 4539 0
685 4540 0
685 4546 0
685 4551 0
685 2029 1
6160 6162 0
6160 6163 0
6160 6165 0
6160 10296 0
6160 6160 0
6160 6164 0
6160 4256 0
6160 4301 0
6160 2338 0
6160 303 0
6160 2458 0
6160 4536 0
6160 4538 0
6160 4546 0
6160 4547 0
6160 4555 0
6160 4560 0
6160 4561 0
6160 473 0
6160 509 0
6160 562 1
6160 2703 0
6160 2709 0
6160 2718 0
6160 2722 0
6160 8867 0
6160 4795 1
6160 838 0
6160 2967 0
6160 7079 0
6160 5052 0
6160 5469 0
6160 5487 0
6160 3464 0
6160 6755 0
6160 1620 0
6160 1653 0
6160 1667 0
6160 1674 0
6160 3729 0
6160 5978 0
6160 5980 0
6160 5981 0
6160 3986 0
6160 16275 0
6160 6065 0
6160 6068 0
6162 6162 0
6162 6163 0
6162 6165 0
6162 2408 0
6162 6164 0
6162 4256 0
6162 168 0
6162 2338 0
6162 303 0
6162 2458 0
6162 4538 0
6162 4540 0
6162 4560 0
6162 473 0
6162 509 0
6162 562 1
6162 2703 0
6162 2712 0
6162 669 0
6162 2718 0
6162 672 0
6162 2722 0
6162 8867 0
6162 4794 0
6162 4795 1
6162 9009 0
6162 838 0
6162 861 0
6162 7079 0
6162 3141 0
6162 1197 0
6162 5469 0
6162 3461 0
6162 3464 0
6162 7662 0
6162 7699 0
6162 6755 0
6162 1620 0
6162 1667 0
6162 3729 0
6162 5855 0
6162 3986 0
6162 6065 0
6162 6068 0
6163 6163 0
6163 6165 0
6163 6164 0
6163 168 0
6163 4300 0
6163 2280 0
6163 2338 0
6163 303 0
6163 3464 0
6163 8503 0
6163 2458 0
6163 4534 0
6163 4535 0
6163 4536 0
6163 4538 0
6163 4544 0
6163 4546 0
6163 4547 0
6163 6604 0
6163 473 0
6163 509 0
6163 562 1
6163 2703 0
6163 2712 0
6163 8867 0
6163 6828 0
6163 4795 1
6163 838 0
6163 5052 0
6163 861 0
6163 1170 0
6163 5369 0
6163 1919 0
6163 5469 0
6163 3461 0
6163 6755 0
6163 1653 0
6163 5855 0
6163 5978 0
6163 5980 0
6163 5981 0
6163 1927 0
6163 3986 0
6163 16275 0
6163 8089 0
6163 6068 0
6164 6165 0
6164 6755 0
6164 6164 0
6164 2338 0
6164 301 1
6164 303 0
6164 2361 0
6164 2458 0
6164 6561 0
6164 4540 0
6164 4546 0
6164 473 0
6164 509 0
6164 2712 0
6164 8867 0
6164 6828 0
6164 4795 1
6164 6904 0
6164 838 0
6164 861 0
6164 5026 0
6164 1160 0
6164 562 1
6164 5469 0
6164 3464 0
6164 7079 0
6164 7662 0
6164 1653 0
6164 1741 0
6164 3986 0
6164 16275 0
6164 6068 0
6165 2069 0
6165 53 0
6165 4256 0
6165 168 0
6165 169 0
6165 4319 0
6165 2280 0
6165 6165 0
6165 8467 0
6165 2338 0
6165 303 0
6165 18784 0
6165 4465 0
6165 2458 0
6165 4524 0
6165 4525 0
6165 4526 0
6165 4534 0
6165 4536 0
6165 4537 0
6165 4540 0
6165 4546 0
6165 4547 0
6165 4555 0
6165 4560 0
6165 473 0
6165 509 0
6165 561 0
6165 562 1
6165 2703 0
6165 2709 0
6165 2712 0
6165 669 0
6165 2718 0
6165 672 0
6165 2722 0
6165 6828 0
6165 4794 0
6165 4795 1
6165 6867 0
6165 838 0
6165 861 0
6165 5052 0
6165 3141 0
6165 5204 0
6165 5230 0
6165 5247 0
6165 3283 1
6165 1259 0
6165 5365 0
6165 5422 0
6165 3464 0
6165 3561 0
6165 7662 0
6165 7698 0
6165 7740 0
6165 6755 0
6165 1620 0
6165 5855 0
6165 1824 0
6165 5978 0
6165 5980 0
6165 5981 0
6165 8053 0
6165 1919 0
6165 1927 0
6165 3986 0
6165 16275 0
6165 6065 0
6165 6068 0
6165 8867 0
4119 4119 0
4119 5204 0
4119 10351 0
4119 1687 0
4119 4801 0
4119 4822 0
4119 5365 0
4119 3354 0
4119 301 1
4119 5422 0
4119 5428 1
4119 6005 0
5380 6153 0
5380 2069 0
5380 7740 0
5380 15996 0
5380 6275 0
5380 2703 0
5380 1687 0
5380 2712 0
5380 2722 0
5380 1653 0
5380 6867 0
5380 5855 0
5380 6828 0
5380 5380 0
5380 4371 0
5380 561 0
5380 5428 1
5380 5981 0
5380 5994 0
5380 6128 1
5380 6068 0
5380 4547 0
5380 2500 0
5380 473 0
5380 3043 0
5380 3574 0
5978 5207 0
5978 53 0
5978 6068 0
5978 14396 0
5978 1620 0
5978 2712 0
5978 2722 0
5978 705 0
5978 3801 0
5978 5855 0
5978 6378 0
5978 3844 0
5978 270 0
5978 3353 0
5978 2338 0
5978 5978 0
5978 5469 0
5978 3729 0
5978 3446 0
5978 3461 0
5978 2458 0
5978 5052 0
5978 3043 0
5978 2029 1
5978 6128 1
11294 4579 0
11294 18513 1
11294 8746 0
11294 11294 0
11294 5367 0
11294 5369 0
11294 5372 0
11294 1927 0
11294 5471 1
11294 18299 0
4642 4642 0
4642 17460 0
4642 20158 1
4642 15996 0
4642 2703 0
4642 3729 0
4642 2709 0
4642 2712 0
4642 6867 0
4642 5855 0
4642 13355 0
4642 8467 0
4642 7455 0
4642 301 1
4642 5981 0
4642 5994 0
4642 2411 0
4642 3446 0
4642 3464 0
4642 3986 0
4642 8089 0
4642 5026 0
4642 3561 0
6180 6180 0
6180 1160 0
6180 1687 0
6180 158 0
6180 1444 0
6180 4524 0
6180 301 1
6180 2718 0
6180 5432 0
6180 827 0
6180 4550 0
6180 4551 0
6180 1741 0
6180 3283 1
6180 2382 0
6180 16354 0
6180 5994 0
6180 6005 0
9255 9255 2
5980 561 0
5980 53 0
5980 1620 0
5980 5207 0
5980 8287 0
5980 14396 0
5980 3729 0
5980 2712 0
5980 1718 0
5980 705 0
5980 5855 0
5980 6378 0
5980 3844 0
5980 270 0
5980 3353 0
5980 2338 0
5980 2361 0
5980 5469 0
5980 3446 0
5980 3461 0
5980 3986 0
5980 2458 0
5980 6065 0
5980 6068 0
5980 3043 0
5980 2029 1
5980 6128 1
8746 8746 0
8746 4704 1
8746 8270 0
8746 1653 0
8746 1718 0
8746 2338 0
8746 1882 1
8746 18299 0
8746 3986 0
8746 4540 0
8746 4550 0
8747 3986 0
8747 5469 0
8747 2967 0
8747 2338 0
8747 5419 0
8747 4540 0
8747 4546 0
8747 4550 0
8747 8270 0
8747 1620 0
8747 3801 0
8747 1882 1
8747 1885 0
8747 4704 1
8747 1170 0
10286 10296 0
10286 6378 0
10286 8467 0
10286 8477 0
10286 8503 0
10286 8934 0
10286 9166 0
10286 3283 1
10286 5372 0
10286 3446 0
10286 3561 0
10286 5724 0
10286 15996 0
10286 18141 1
10286 5855 0
10286 7949 0
10286 3986 0
861 6153 0
861 2069 0
861 53 0
861 117 0
861 6267 0
861 4256 0
861 168 0
861 4319 0
861 2272 0
861 6378 0
861 4822 0
861 4371 0
861 4409 0
861 2411 0
861 4465 0
861 4539 0
861 4547 0
861 4550 0
861 4551 0
861 6604 0
861 4560 0
861 561 0
861 2709 0
861 2712 0
861 2718 0
861 2722 0
861 8867 0
861 4801 0
861 756 0
861 9009 0
861 827 0
861 838 0
861 4956 0
861 861 0
861 865 0
861 866 0
861 891 0
861 5052 0
861 3043 0
861 3141 0
861 5204 0
861 5207 0
861 1160 0
861 8391 0
861 3283 1
861 1259 0
861 3353 0
861 3354 0
861 5432 0
861 5469 0
861 3446 0
861 5569 0
861 15843 1
861 7084 0
861 1552 0
861 7740 0
861 5724 0
861 1653 0
861 1674 0
861 1687 0
861 8477 0
861 1741 0
861 5855 0
861 1824 0
861 5994 0
861 1919 0
861 1927 0
861 3986 0
861 6068 0
561 6153 0
561 2069 0
561 1722 0
561 117 0
561 16404 0
561 2415 0
561 168 0
561 169 0
561 8391 0
561 4300 0
561 6378 0
561 12542 0
561 270 0
561 301 1
561 8503 0
561 4409 0
561 2408 0
561 2411 0
561 2414 0
561 2416 0
561 4465 0
561 2458 0
561 6561 0
561 4547 0
561 2500 0
561 4550 0
561 4551 0
561 6633 0
561 561 0
561 14953 1
561 2712 0
561 2718 0
561 6828 0
561 4822 0
561 756 0
561 6904 0
561 827 0
561 4956 0
561 866 0
561 869 0
561 6977 0
561 3036 0
561 3043 0
561 7147 0
561 865 0
561 1160 0
561 3225 0
561 8053 0
561 1259 0
561 5363 0
561 5365 0
561 5366 0
561 5367 0
561 5372 0
561 3353 0
561 3354 0
561 5432 0
561 3461 0
561 5523 0
561 5569 0
561 3574 0
561 1552 0
561 7740 0
561 5724 0
561 15996 0
561 3729 0
561 1687 0
561 1725 1
561 1741 0
561 3801 0
561 5855 0
561 7949 0
561 5981 0
561 5994 0
561 6005 0
561 1927 0
561 8089 0
561 6068 0
562 3968 1
562 3461 1
562 2703 1
562 2709 1
562 8089 1
562 2712 1
562 2718 1
562 2722 1
562 8867 1
562 4550 1
562 7079 1
562 168 1
562 169 1
562 4524 1
562 4525 1
562 4526 1
562 303 1
562 9009 1
562 562 2
562 4534 1
562 4537 1
562 4795 2
562 18784 1
562 4805 1
562 4551 1
562 5026 1
562 9166 1
562 4560 1
562 4561 1
562 473 1
562 4700 1
562 5981 1
562 6111 1
562 2280 1
562 6633 1
562 2668 1
562 5230 1
562 16275 1
562 8053 1
17460 8467 0
17460 3354 0
17460 5724 0
17460 13355 0
17460 301 1
17460 5422 0
17460 8629 0
17460 3141 0
17460 3283 1
17460 17363 0
17460 5855 0
17460 15843 1
17460 1259 0
17460 6005 0
53 16404 0
53 53 0
53 117 0
53 4256 0
53 168 0
53 8391 0
53 4301 0
53 2338 0
53 301 1
53 8503 0
53 4409 0
53 4465 0
53 2458 0
53 4536 0
53 2500 0
53 6604 0
53 2703 0
53 2712 0
53 2718 0
53 2722 0
53 8867 0
53 4794 0
53 4801 0
53 719 0
53 6867 0
53 9009 0
53 4956 0
53 7084 0
53 5052 0
53 3141 0
53 5247 0
53 1170 0
53 3225 0
53 3283 1
53 5365 0
53 5366 0
53 5367 0
53 5369 0
53 5372 0
53 3354 0
53 5469 0
53 5487 0
53 3446 0
53 5363 0
53 7662 0
53 1653 0
53 1667 0
53 3729 0
53 1687 0
53 1718 0
53 1741 0
53 5855 0
53 17363 0
53 3927 0
53 5981 0
53 1927 0
53 6065 0
53 6068 0
6153 6153 0
6153 2069 0
6153 13355 0
6153 7740 0
6153 1620 0
6153 5724 0
6153 117 0
6153 5569 0
6153 3729 0
6153 4547 0
6153 5487 0
6153 1741 0
6153 722 0
6153 301 1
6153 5422 0
6153 4409 0
6153 6977 0
6153 843 0
6153 4956 0
6153 5994 0
6153 891 0
6153 2446 0
6153 3986 0
6153 2458 0
6153 5026 0
6153 6062 0
6153 6065 0
6153 6128 1
6153 3574 0
10296 13355 0
10296 3729 0
10296 4795 1
10296 1741 0
10296 8934 0
10296 1259 0
10296 5363 0
10296 8477 0
10296 301 1
10296 303 0
10296 2361 0
10296 6977 0
10296 10296 0
10296 4956 0
10296 3446 0
10296 20857 0
10296 3986 0
10296 3561 0
7060 1882 2
7060 1883 1
7060 1885 1
7060 1886 1
5471 1294 1
14396 1170 0
14396 14396 0
14396 5419 0
14396 18141 1
14396 5052 0
14396 8270 0
14396 14953 1
14396 1620 0
14396 5981 0
8629 3354 0
8629 18085 0
8629 13355 0
8629 4409 0
8629 6977 0
8629 3143 0
8629 3283 1
8629 5204 0
8629 4437 0
8629 15843 1
8629 117 0
3141 17363 0
3141 13355 0
3141 5981 0
3141 7740 0
3141 3141 0
3141 3143 0
3141 1620 0
3141 3225 0
3141 5724 0
3141 1653 0
3141 2709 0
3141 2712 0
3141 2718 0
3141 4256 0
3141 2722 0
3141 1718 0
3141 6005 0
3141 4801 0
3141 8391 0
3141 5855 0
3141 8467 0
3141 3353 0
3141 3354 0
3141 5427 1
3141 6977 0
3141 1882 1
3141 5994 0
3141 3986 0
3141 5490 1
3141 3729 0
3141 2938 0
3141 6867 0
3141 6561 0
3141 6065 0
3141 4561 0
3141 3036 0
3143 16404 0
3143 5204 0
3143 117 0
3143 4794 0
3143 1725 1
3143 4801 0
3143 3283 1
3143 20857 0
3143 8503 0
3143 2414 0
3143 3986 0
3143 2500 0
3143 16354 0
6728 8270 0
6728 1620 0
6728 4185 0
6728 1718 0
6728 1719 0
6728 3801 0
6728 2938 0
6728 8934 0
6728 768 0
6728 5419 0
6728 1882 1
6728 5981 0
6728 5487 0
6728 6728 0
6728 7662 0
6728 2044 1
6728 509 0
951 13355 0
951 8812 1
951 117 0
951 1725 1
951 6977 0
951 2458 0
8270 8270 0
8270 4704 1
8270 2668 0
8270 6267 0
8270 15996 0
8270 4795 1
8270 3844 0
8270 2338 0
8270 5469 0
8270 18299 0
8270 1653 0
18513 7949 1
18513 18325 1
18513 14626 1
18513 18299 1
1620 2069 0
1620 4185 0
1620 168 0
1620 169 0
1620 4300 0
1620 4301 0
1620 2280 0
1620 4371 0
1620 2338 0
1620 2361 0
1620 18784 0
1620 5523 0
1620 2458 0
1620 4524 0
1620 4534 0
1620 4535 0
1620 4536 0
1620 4537 0
1620 4538 0
1620 4539 0
1620 4540 0
1620 4544 0
1620 4546 0
1620 4550 0
1620 4555 0
1620 4560 0
1620 4561 0
1620 4704 1
1620 6755 0
1620 4744 0
1620 2703 0
1620 4547 0
1620 2709 0
1620 2712 0
1620 669 0
1620 2718 0
1620 672 0
1620 2722 0
1620 8867 0
1620 698 0
1620 4795 1
1620 719 0
1620 827 0
1620 843 0
1620 4956 0
1620 5052 0
1620 3036 0
1620 8287 0
1620 9009 0
1620 5247 0
1620 1170 0
1620 1171 0
1620 1197 0
1620 1259 0
1620 5419 0
1620 5432 0
1620 5469 0
1620 4339 0
1620 4551 0
1620 7662 0
1620 1620 0
1620 1667 0
1620 1674 0
1620 1718 0
1620 1719 0
1620 20857 0
1620 1741 0
1620 3801 0
1620 5855 0
1620 3844 0
1620 18181 0
1620 301 1
1620 5981 0
1620 3986 0
1620 6062 0
1294 4704 1
5207 13355 0
5207 5207 0
5207 4540 0
5207 8467 0
5207 1653 0
5207 2712 0
5207 18085 0
5207 1725 1
5207 1741 0
5207 4301 0
5207 8934 0
5207 2280 0
5207 5363 0
5207 301 1
5207 5432 0
5207 2361 0
5207 6977 0
5207 3927 0
5207 4956 0
5207 5994 0
5207 3446 0
5207 891 0
5207 3986 0
5207 5469 0
5207 5026 0
5207 5981 0
5207 6065 0
5207 5052 0
5207 4547 0
5207 2500 0
5207 4550 0
5207 5369 0
5207 3561 0
5207 3574 0
4185 4185 0
4185 4704 1
4185 5247 0
4185 1170 0
4185 2718 0
4185 4795 1
4185 4300 0
4185 4301 0
4185 719 0
4185 3801 0
4185 4339 0
4185 3844 0
4185 2338 0
4185 303 0
4185 5469 0
4185 3986 0
4185 5523 0
4185 6062 0
4185 474 0
4185 3036 0
4700 4795 1
4700 4700 0
4794 2712 0
4794 2718 0
4794 4579 0
4794 1722 0
4794 1725 1
4794 4409 0
4794 4956 0
4794 4794 0
4794 3043 0
4794 5994 0
4794 6128 1
4794 6005 0
8287 5981 0
8287 6068 0
8287 5724 0
8287 8287 0
8287 2703 0
8287 3729 0
8287 2709 0
8287 2718 0
8287 2722 0
8287 168 0
8287 1718 0
8287 4795 1
8287 1741 0
8287 722 0
8287 5855 0
8287 270 0
8287 8467 0
8287 3353 0
8287 3354 0
8287 9009 0
8287 301 1
8287 303 0
8287 2361 0
8287 5469 0
8287 2938 0
8287 1919 0
8287 3464 0
8287 5230 0
8287 2712 0
8287 5026 0
8287 4546 0
8287 474 0
8287 3561 0
8287 509 0
4704 6755 1
4704 1653 1
4704 4744 1
4704 1170 1
4704 1171 1
4704 3225 1
4704 1197 1
4704 1718 1
4704 1719 1
4704 4300 1
4704 4301 1
4704 719 1
4704 4560 1
4704 1259 1
4704 4339 1
4704 5367 1
4704 5247 1
4704 8477 1
4704 1824 1
4704 2338 1
4704 5419 1
4704 2382 1
4704 2901 1
4704 5469 1
4704 3464 1
4704 3986 1
4704 2967 1
4704 6065 1
4704 4534 1
4704 4535 1
4704 4539 1
4704 4551 1
4704 4704 2
4704 3036 1
4704 5523 1
4704 7662 1
4704 509 1
1552 1552 0
1552 7699 0
1552 15996 0
1552 1160 0
1552 1687 0
1552 4256 0
1552 8867 0
1552 1725 1
1552 117 0
1552 1741 0
1552 4822 0
1552 5855 0
1552 270 0
1552 8467 0
1552 301 1
1552 8503 0
1552 5432 0
1552 827 0
1552 843 0
1552 2382 0
1552 5981 0
1552 866 0
1552 2414 0
1552 3446 0
1552 6561 0
1552 7084 0
1552 2500 0
1552 16354 0
1552 3561 0
6755 13355 0
6755 5724 0
6755 6755 0
6755 1667 0
6755 3729 0
6755 1170 0
6755 1171 0
6755 2718 0
6755 2721 0
6755 8867 0
6755 1718 0
6755 4795 1
6755 4300 0
6755 4301 0
6755 11995 0
6755 5855 0
6755 2338 0
6755 2938 0
6755 3461 0
6755 6068 0
6755 7605 0
6755 4546 0
14953 8467 1
14953 14953 2
14953 3561 1
8812 1667 1
8812 3561 1
8812 18325 1
8812 3986 1
8812 8467 1
8812 2938 1
8812 11995 1
7698 7698 0
7698 7699 0
7698 6267 0
7698 1667 0
7698 1160 0
7698 1687 0
7698 4256 0
7698 18085 0
7698 6828 0
7698 1741 0
7698 5855 0
7698 5363 0
7698 5365 0
7698 5366 0
7698 5367 0
7698 5369 0
7698 5372 0
7698 301 1
7698 4371 0
7698 5422 0
7698 3354 0
7698 7455 0
7698 2338 0
7698 2361 0
7698 5432 0
7698 3353 0
7698 2408 0
7698 5994 0
7698 4465 0
7698 7058 1
7698 1444 0
7698 7077 0
7698 2500 0
7698 6904 0
7698 474 0
7698 16354 0
7698 3043 0
5230 4524 0
5230 5230 0
5230 1653 0
5230 2718 0
5230 4795 1
5230 3844 0
5230 9009 0
5230 2382 0
5230 5981 0
5230 1919 0
5230 16275 0
5230 4525 0
5230 4526 0
5230 6068 0
5230 4550 0
5230 8867 0
10351 1667 0
10351 4795 1
10351 3283 1
10351 4956 0
10351 3561 0
10351 15996 0
4371 5724 0
4371 7699 0
4371 16354 0
4371 1160 0
4371 3729 0
4371 1687 0
4371 6828 0
4371 1197 0
4371 722 0
4371 3283 1
4371 4822 0
4371 4319 0
4371 6378 0
4371 1259 0
4371 4339 0
4371 4371 0
4371 3353 0
4371 3354 0
4371 6267 0
4371 8503 0
4371 5432 0
4371 2361 0
4371 827 0
4371 3043 0
4371 865 0
4371 5994 0
4371 6005 0
4371 3446 0
4371 1919 0
4371 18085 0
4371 3986 0
4371 5523 0
4371 2458 0
4371 6128 1
4371 5981 0
4371 5365 0
4371 2500 0
4371 4551 0
4371 4550 0
4371 5855 0
4371 7077 0
1653 117 0
1653 8391 0
1653 270 0
1653 8477 0
1653 669 0
1653 827 0
1653 865 0
1653 869 0
1653 891 0
1653 1160 0
1653 1171 0
1653 1197 0
1653 1259 0
1653 1653 0
1653 1674 0
1653 18181 0
1653 2044 1
1653 2338 0
1653 2361 0
1653 2382 0
1653 2458 0
1653 2722 0
1653 3353 0
1653 3561 0
1653 3729 0
1653 3927 0
1653 3968 0
1653 3986 0
1653 4256 0
1653 4409 0
1653 4465 0
1653 4534 0
1653 4536 0
1653 4537 0
1653 4540 0
1653 4547 0
1653 4560 0
1653 4801 0
1653 4805 0
1653 4956 0
1653 13355 0
1653 5204 0
1653 5367 0
1653 5523 0
1653 5724 0
1653 5855 0
1653 6065 0
1653 6068 0
1653 6561 0
1653 6867 0
1653 6977 0
1653 7740 0
1653 16275 0
1653 16354 0
16404 16404 0
16404 18784 0
16404 6267 0
16404 2069 0
16404 4822 0
16404 5363 0
16404 5365 0
16404 5432 0
16404 5487 0
16404 2458 0
16404 2500 0
16404 2029 1
16404 6128 1
6267 7699 0
6267 117 0
6267 6267 0
6267 1687 0
6267 1741 0
6267 4822 0
6267 5855 0
6267 2272 0
6267 3354 0
6267 301 1
6267 21300 0
6267 5432 0
6267 2361 0
6267 827 0
6267 5981 0
6267 5994 0
6267 6005 0
6267 891 0
6267 16258 0
6267 7077 0
6267 4537 0
6267 2500 0
6267 18085 0
6267 4579 0
6267 2029 1
15996 2272 0
15996 301 1
15996 18784 0
15996 4535 0
15996 4538 0
15996 2500 0
15996 2703 0
15996 4801 0
15996 4822 0
15996 6977 0
15996 4956 0
15996 7077 0
15996 9166 0
15996 7058 1
15996 13355 0
15996 5363 0
15996 5366 0
15996 5367 0
15996 5369 0
15996 7455 0
15996 5523 0
15996 15996 0
15996 3729 0
15996 18085 0
15996 1741 0
15996 5855 0
15996 5994 0
15996 16258 0
15996 1687 0
15996 3986 0
15996 6111 0
5247 3036 0
5247 1718 0
5247 2703 0
5247 1170 0
5247 2709 0
5247 2712 0
5247 3225 0
5247 2718 0
5247 2722 0
5247 4550 0
5247 1197 0
5247 1719 0
5247 4300 0
5247 1741 0
5247 4301 0
5247 6867 0
5247 4339 0
5247 768 0
5247 8467 0
5247 1824 0
5247 2338 0
5247 5419 0
5247 5432 0
5247 2901 0
5247 1882 1
5247 5469 0
5247 18784 0
5247 3986 0
5247 4547 0
5247 1171 0
5247 2938 0
5247 2967 0
5247 8089 0
5247 4534 0
5247 4536 0
5247 4555 0
5247 3561 0
5247 509 0
1667 2069 0
1667 5981 0
1667 7740 0
1667 17363 0
1667 1667 0
1667 2703 0
1667 2722 0
1667 4795 1
1667 1741 0
1667 3283 1
1667 1259 0
1667 6867 0
1667 5366 0
1667 8467 0
1667 1824 0
1667 303 0
1667 9009 0
1667 5469 0
1667 3986 0
1667 2938 0
1667 7077 0
1667 4524 0
1667 6062 0
1667 6065 0
1667 4547 0
1667 2500 0
1667 5367 0
1667 8867 0
1667 3036 0
1667 3561 0
4801 3225 0
4801 1687 0
4801 2712 0
4801 2718 0
4801 4256 0
4801 2722 0
4801 18085 0
4801 8089 0
4801 4801 0
4801 8391 0
4801 1741 0
4801 18141 1
4801 17363 0
4801 5363 0
4801 5366 0
4801 5367 0
4801 8467 0
4801 3353 0
4801 301 1
4801 2361 0
4801 5994 0
4801 2938 0
4801 6977 0
4801 3986 0
4801 6065 0
4801 2500 0
4801 7662 0
1160 2069 0
1160 5469 0
1160 2408 0
1160 117 0
1160 168 0
1160 6867 0
1160 301 1
1160 8503 0
1160 2411 0
1160 2416 0
1160 4534 0
1160 4535 0
1160 4536 0
1160 4537 0
1160 4538 0
1160 4539 0
1160 4540 0
1160 4544 0
1160 4546 0
1160 2500 0
1160 4550 0
1160 4551 0
1160 6828 0
1160 722 0
1160 8934 0
1160 6904 0
1160 838 0
1160 843 0
1160 866 0
1160 891 0
1160 7077 0
1160 7084 0
1160 17363 0
1160 3043 0
1160 1160 0
1160 1259 0
1160 5363 0
1160 5365 0
1160 5366 0
1160 5367 0
1160 2361 0
1160 3353 0
1160 3354 0
1160 7455 0
1160 5427 1
1160 4409 0
1160 3446 0
1160 3464 0
1160 5523 0
1160 7699 0
1160 7740 0
1160 3729 0
1160 1687 0
1160 1725 1
1160 1741 0
1160 5855 0
1160 5432 0
1160 3927 0
1160 1882 1
1160 5994 0
1160 1919 0
1160 6128 1
1160 2044 1
2668 2668 0
2668 4795 1
2668 4300 0
2668 719 0
2668 5855 0
2668 2338 0
2668 5419 0
2668 303 0
2668 838 0
2668 5469 0
2668 3561 0
2668 2967 0
2668 6062 0
2668 4540 0
2668 4546 0
2668 4555 0
2668 4560 0
2668 6633 0
1674 4744 0
1674 1674 0
1674 1687 0
1674 4551 0
1674 3283 1
1674 8477 0
1674 2338 0
1674 9009 0
1674 827 0
1674 3927 0
1674 1882 1
1674 4956 0
1674 5469 0
1674 1927 0
1674 3986 0
1674 4550 0
1674 16354 0
4546 18181 0
4546 2718 0
4546 2722 0
4546 8867 0
4546 168 0
4546 169 0
4546 4795 1
4546 705 0
4546 1741 0
4546 3283 1
4546 4822 0
4546 5432 0
4546 2382 0
4546 5469 0
4546 2967 0
4546 8053 0
4546 5026 0
4546 4534 0
4546 4536 0
4546 4540 0
4546 4544 0
4546 4546 0
4546 4550 0
4546 4551 0
4546 4560 0
2703 301 1
2703 2361 0
2703 2458 0
2703 4534 0
2703 2500 0
2703 6604 0
2703 4560 0
2703 474 0
2703 2703 0
2703 2709 0
2703 2712 0
2703 2718 0
2703 2721 0
2703 2722 0
2703 8867 0
2703 4805 0
2703 843 0
2703 869 0
2703 5026 0
2703 5427 1
2703 3461 0
2703 3464 0
2703 3729 0
2703 5855 0
2703 3927 0
2703 3986 0
2703 6065 0
2703 6068 0
3729 2069 0
3729 8503 0
3729 4409 0
3729 2382 0
3729 2408 0
3729 2411 0
3729 20857 0
3729 4547 0
3729 2500 0
3729 4550 0
3729 4551 0
3729 4555 0
3729 4560 0
3729 509 0
3729 669 0
3729 2718 0
3729 2721 0
3729 2722 0
3729 8867 0
3729 4795 1
3729 6867 0
3729 4822 0
3729 756 0
3729 827 0
3729 865 0
3729 869 0
3729 891 0
3729 7077 0
3729 7084 0
3729 5052 0
3729 3043 0
3729 5204 0
3729 3283 1
3729 5363 0
3729 5365 0
3729 5366 0
3729 5367 0
3729 3353 0
3729 3354 0
3729 5432 0
3729 3729 0
3729 1687 0
3729 1725 1
3729 1741 0
3729 5855 0
3729 3927 0
3729 5981 0
3729 1927 0
1170 4300 0
1170 4301 0
1170 2280 0
1170 2338 0
1170 4524 0
1170 4555 0
1170 509 0
1170 4744 0
1170 2709 0
1170 2712 0
1170 2722 0
1170 8867 0
1170 2967 0
1170 1171 0
1170 3283 1
1170 3354 0
1170 5419 0
1170 5432 0
1170 5469 0
1170 7662 0
1170 1718 0
1170 1719 0
1170 3801 0
1170 5855 0
1170 1882 1
1170 5981 0
1170 1927 0
1170 3986 0
1170 6062 0
1170 2044 1
1171 4744 0
1171 1171 0
1171 1718 0
1171 1719 0
1171 4300 0
1171 4301 0
1171 3283 1
1171 6378 0
1171 8467 0
1171 2338 0
1171 5419 0
1171 3986 0
1171 2967 0
1171 3561 0
1171 7662 0
1171 509 0
2709 2069 0
2709 117 0
2709 168 0
2709 4301 0
2709 2280 0
2709 8467 0
2709 2338 0
2709 4465 0
2709 2458 0
2709 4547 0
2709 2500 0
2709 2709 0
2709 2712 0
2709 669 0
2709 2718 0
2709 2722 0
2709 4795 1
2709 705 0
2709 719 0
2709 6904 0
2709 6977 0
2709 843 0
2709 4956 0
2709 869 0
2709 5026 0
2709 5432 0
2709 3461 0
2709 3561 0
2709 7662 0
2709 7699 0
2709 16354 0
2709 1687 0
2709 18085 0
2709 3801 0
2709 5855 0
2709 1824 0
2709 5981 0
2709 16258 0
2709 3986 0
2709 6068 0
1687 2069 0
1687 117 0
1687 891 0
1687 168 0
1687 169 0
1687 4300 0
1687 4319 0
1687 2272 0
1687 4822 0
1687 2338 0
1687 301 1
1687 3464 0
1687 8503 0
1687 2361 0
1687 2408 0
1687 4534 0
1687 4535 0
1687 4536 0
1687 4547 0
1687 2500 0
1687 4550 0
1687 4555 0
1687 4560 0
1687 2721 0
1687 722 0
1687 6904 0
1687 827 0
1687 843 0
1687 866 0
1687 869 0
1687 5026 0
1687 7084 0
1687 17363 0
1687 3043 0
1687 5981 0
1687 5204 0
1687 1197 0
1687 1259 0
1687 5363 0
1687 5365 0
1687 5366 0
1687 5367 0
1687 3353 0
1687 3354 0
1687 7455 0
1687 5427 1
1687 5432 0
1687 5469 0
1687 5490 1
1687 3446 0
1687 5523 0
1687 7605 0
1687 7077 0
1687 3574 0
1687 7699 0
1687 7740 0
1687 5724 0
1687 1687 0
1687 1741 0
1687 5855 0
1687 4409 0
1687 5994 0
1687 8053 0
1687 1919 0
1687 16354 0
2712 4256 0
2712 168 0
2712 8391 0
2712 4301 0
2712 2338 0
2712 4465 0
2712 2500 0
2712 4555 0
2712 6604 0
2712 4560 0
2712 474 0
2712 509 0
2712 2712 0
2712 2718 0
2712 2721 0
2712 2722 0
2712 8867 0
2712 4795 1
2712 6867 0
2712 4822 0
2712 843 0
2712 4956 0
2712 6977 0
2712 5026 0
2712 5052 0
2712 3036 0
2712 3043 0
2712 3225 0
2712 1259 0
2712 3354 0
2712 5432 0
2712 4547 0
2712 3446 0
2712 3461 0
2712 7077 0
2712 18085 0
2712 1741 0
2712 5855 0
2712 1883 0
2712 5981 0
2712 16258 0
2712 3986 0
2712 6065 0
2712 6068 0
3225 8391 0
3225 4744 0
3225 3225 0
3225 2718 0
3225 4256 0
3225 2722 0
3225 8867 0
3225 1197 0
3225 4795 1
3225 4300 0
3225 1741 0
3225 4561 0
3225 4339 0
3225 768 0
3225 3353 0
3225 3354 0
3225 5419 0
3225 2361 0
3225 5981 0
3225 5523 0
3225 4524 0
3225 6062 0
3225 4536 0
3225 4544 0
3225 4550 0
3225 4551 0
3225 4555 0
3225 4534 0
3225 7662 0
16026 8467 0
16026 3353 0
16026 16026 0
16026 7455 0
16026 301 1
16026 5432 0
16026 2361 0
16026 5569 0
16026 7371 1
16026 3561 0
2415 7455 0
2415 301 1
2415 4409 0
2415 1722 0
2415 866 0
2415 2408 0
2415 2411 0
2415 2414 0
2415 1725 1
2415 2416 0
2415 756 0
2415 12542 0
669 168 0
669 8467 0
669 301 1
669 2361 0
669 2458 0
669 6604 0
669 669 0
669 2718 0
669 8867 0
669 4795 1
669 2967 0
669 3036 0
669 7147 0
669 5204 0
669 5432 0
669 3461 0
669 3561 0
669 1741 0
669 5981 0
669 1927 0
158 6561 0
158 1741 0
158 301 1
158 4437 0
158 2361 0
158 2044 1
158 7455 0
672 672 0
672 1741 0
672 18141 1
672 301 1
672 3353 0
672 2361 0
672 3461 0
672 2967 0
672 2458 0
672 4579 0
2721 3461 0
2721 5523 0
2721 2721 0
2721 2722 0
2721 168 0
2721 301 1
2721 1718 0
2721 2361 0
2721 4795 1
2721 9009 0
2721 1741 0
2721 5469 0
2721 5855 0
2722 4256 0
2722 168 0
2722 169 0
2722 8391 0
2722 4319 0
2722 8467 0
2722 2328 0
2722 8477 0
2722 2338 0
2722 301 1
2722 5523 0
2722 4524 0
2722 4525 0
2722 4537 0
2722 4539 0
2722 4547 0
2722 2500 0
2722 6604 0
2722 2718 0
2722 2722 0
2722 4795 1
2722 6867 0
2722 9009 0
2722 6977 0
2722 866 0
2722 869 0
2722 5026 0
2722 3036 0
2722 3043 0
2722 1259 0
2722 5432 0
2722 5469 0
2722 3446 0
2722 3461 0
2722 3561 0
2722 18085 0
2722 1741 0
2722 5855 0
2722 1824 0
2722 1883 0
2722 5981 0
2722 16258 0
2722 1927 0
2722 3986 0
2722 6065 0
2722 6068 0
2722 16354 0
8867 4301 0
8867 4319 0
8867 2280 0
8867 2338 0
8867 301 1
8867 303 0
8867 2458 0
8867 6561 0
8867 4544 0
8867 4547 0
8867 473 0
8867 509 0
8867 8867 0
8867 4795 1
8867 6904 0
8867 838 0
8867 5026 0
8867 7077 0
8867 3043 0
8867 3283 1
8867 1919 0
8867 3446 0
8867 3461 0
8867 3464 0
8867 1741 0
8867 1824 0
8867 3986 0
8867 16275 0
8867 6068 0
8867 2029 1
18085 7699 0
18085 8467 0
18085 2718 0
18085 4256 0
18085 1741 0
18085 5855 0
18085 5363 0
18085 5365 0
18085 5366 0
18085 5369 0
18085 301 1
18085 3354 0
18085 7455 0
18085 5422 0
18085 6111 0
18085 6977 0
18085 5432 0
18085 3927 0
18085 7058 1
18085 6005 0
18085 16258 0
18085 3986 0
18085 5523 0
18085 1444 0
18085 7077 0
18085 2500 0
18085 5367 0
18085 17363 0
18085 5372 0
168 6828 0
168 168 0
168 169 0
168 4300 0
168 2280 0
168 4339 0
168 270 0
168 301 1
168 2382 0
168 4465 0
168 4534 0
168 4535 0
168 4544 0
168 4547 0
168 4555 0
168 473 0
168 2718 0
168 4795 1
168 722 0
168 9009 0
168 2938 0
168 7077 0
168 7084 0
168 1197 0
168 1259 0
168 5366 0
168 5367 0
168 3353 0
168 3354 0
168 5469 0
168 5487 0
168 3446 0
168 3464 0
168 7699 0
168 1719 0
168 1741 0
168 3844 0
168 18181 0
168 1824 0
168 5981 0
168 1919 0
168 16275 0
168 6068 0
168 16354 0
169 4547 0
169 2718 0
169 169 0
169 4795 1
169 1741 0
169 1259 0
169 18181 0
169 270 0
169 301 1
169 9009 0
169 2382 0
169 3446 0
169 1919 0
169 3464 0
169 2029 1
169 473 0
5052 5469 0
5052 6068 0
5052 5981 0
5052 1718 0
5052 705 0
5052 5855 0
5052 6378 0
5052 3844 0
5052 270 0
5052 3353 0
5052 2338 0
5052 6977 0
5052 3446 0
5052 3461 0
5052 2458 0
5052 6128 1
5052 6065 0
5052 5052 0
5052 3043 0
5052 2029 1
6828 5724 0
6828 7740 0
6828 5994 0
6828 6275 0
6828 6828 0
6828 705 0
6828 1741 0
6828 891 0
6828 301 1
6828 5422 0
6828 5855 0
6828 4465 0
6828 6005 0
6828 3446 0
6828 2458 0
6828 3043 0
6828 2044 1
1197 4744 0
1197 4551 0
1197 1197 0
1197 705 0
1197 1741 0
1197 4822 0
1197 5855 0
1197 7949 0
1197 7662 0
1197 3354 0
1197 2338 0
1197 301 1
1197 5432 0
1197 2361 0
1197 838 0
1197 1882 1
1197 1927 0
1197 7084 0
1197 4537 0
1197 2500 0
1197 4550 0
1197 4555 0
1197 4560 0
1197 4561 0
1197 473 0
1197 7077 0
1197 3043 0
1197 5523 0
8369 7066 1
3927 117 0
3927 2500 0
3927 1741 0
3927 3283 1
3927 8934 0
3927 2280 0
3927 1259 0
3927 5363 0
3927 5365 0
3927 5366 0
3927 5367 0
3927 5369 0
3927 2338 0
3927 301 1
3927 4409 0
3927 6977 0
3927 3927 0
3927 4956 0
3927 5469 0
3927 5994 0
3927 4465 0
3927 3986 0
3927 2458 0
3927 5026 0
3927 7077 0
3927 7084 0
3927 6065 0
1718 5981 0
1718 4301 0
1718 2718 0
1718 1718 0
1718 1719 0
1718 20158 1
1718 4300 0
1718 1741 0
1718 719 0
1718 1259 0
1718 4339 0
1718 8467 0
1718 2338 0
1718 5419 0
1718 827 0
1718 2901 0
1718 5469 0
1718 5523 0
1718 4524 0
1718 6062 0
1718 4534 0
1718 3036 0
1719 1882 1
1719 2718 0
1719 1719 0
1719 4300 0
1719 4301 0
1719 3801 0
1719 4339 0
1719 3844 0
1719 2338 0
1719 5419 0
1719 2901 0
1719 5469 0
1719 5487 0
1719 3446 0
1719 6062 0
1719 3036 0
1722 3986 0
1722 301 1
1722 4409 0
1722 1722 0
1722 827 0
1722 1725 1
1722 17363 0
1722 5855 0
1722 866 0
1722 2408 0
1722 2411 0
1722 2414 0
1722 2416 0
1722 756 0
1722 20857 0
1722 12542 0
4795 4525 1
4795 6062 1
4795 2718 1
4795 4256 1
4795 4795 2
4795 4555 1
4795 4805 1
4795 8391 1
4795 9166 1
4795 4822 1
4795 11995 1
4795 4319 1
4795 6882 1
4795 2280 1
4795 4339 1
4795 3844 1
4795 270 1
4795 8467 1
4795 301 2
4795 303 1
4795 9009 1
4795 2361 1
4795 838 1
4795 5469 1
4795 18784 1
4795 4465 1
4795 8053 1
4795 6633 1
4795 20857 1
4795 2938 1
4795 3968 1
4795 3461 1
4795 3464 1
4795 16275 1
4795 2967 1
4795 8089 1
4795 7079 1
4795 4524 1
4795 4526 1
4795 6068 1
4795 4534 1
4795 4535 1
4795 4536 1
4795 4537 1
4795 4538 1
4795 4539 1
4795 4540 1
4795 4544 1
4795 4548 1
4795 4550 1
4795 4551 1
4795 4560 1
4795 4561 1
4795 473 1
4795 474 1
4795 3036 1
4795 3561 1
4795 7147 1
2069 2069 0
2069 4956 0
2069 13355 0
2069 5724 0
2069 117 0
2069 5569 0
2069 4547 0
2069 1741 0
2069 722 0
2069 3283 1
2069 5855 0
2069 16354 0
2069 8467 0
2069 3354 0
2069 2338 0
2069 301 1
2069 21300 0
2069 6977 0
2069 3446 0
2069 891 0
2069 2446 0
2069 3986 0
2069 2458 0
2069 7084 0
2069 6062 0
2069 6065 0
2069 4555 0
2069 3561 0
2069 6128 1
2069 3574 0
2069 5204 0
1725 2414 1
1725 5855 1
1725 2272 1
1725 8934 1
1725 756 1
1725 5365 1
1725 5366 1
1725 12542 1
1725 270 1
1725 8467 1
1725 3353 1
1725 7455 1
1725 5363 1
1725 301 2
1725 4409 1
1725 866 1
1725 2408 1
1725 2411 1
1725 5487 1
1725 2416 1
1725 20857 1
1725 7084 1
1725 7605 1
1725 17363 1
1725 3574 1
1725 509 1
20158 301 2
20158 2361 1
20158 20158 2
20158 705 1
20158 1741 1
20158 1886 1
6005 6275 0
6005 705 0
6005 4319 0
6005 6904 0
6005 3043 0
6005 301 1
6005 5422 0
6005 7699 0
6005 5428 1
6005 8503 0
6005 5432 0
6005 2361 0
6005 5855 0
6005 5981 0
6005 5994 0
6005 6005 0
6005 3446 0
6005 6128 1
6005 4525 0
6005 6068 0
6005 4579 0
705 5981 0
705 4540 0
705 117 0
705 698 0
705 705 0
705 4822 0
705 5855 0
705 1259 0
705 270 0
705 301 1
705 5422 0
705 5432 0
705 843 0
705 5469 0
705 2938 0
705 2446 0
705 4550 0
705 4551 0
705 4555 0
4555 4744 0
4555 7455 0
4555 4300 0
4555 1741 0
4555 4822 0
4555 5855 0
4555 2280 0
4555 1259 0
4555 3354 0
4555 301 1
4555 5432 0
4555 2361 0
4555 3353 0
4555 891 0
4555 3461 0
4555 5523 0
4555 7662 0
4555 2458 0
4555 4547 0
4555 2500 0
4555 4550 0
4555 4551 0
4555 4555 0
4555 4560 0
4555 4561 0
4555 473 0
4555 16354 0
4555 3043 0
4805 3986 0
4805 16354 0
4805 2500 0
4805 4805 0
4805 4524 0
4805 4525 0
4805 4526 0
4805 5365 0
4805 5363 0
8391 5469 0
8391 7740 0
8391 2718 0
8391 4256 0
8391 8391 0
8391 1741 0
8391 4822 0
8391 2280 0
8391 13355 0
8391 4339 0
8391 8477 0
8391 301 1
8391 2361 0
8391 6977 0
8391 2967 0
8391 3986 0
8391 6065 0
8391 4534 0
8391 4535 0
8391 4536 0
8391 4537 0
8391 17363 0
8391 3043 0
8391 5523 0
7371 7371 2
4300 5469 0
4300 5981 0
4300 4744 0
4300 4300 0
4300 1741 0
4300 4301 0
4300 18181 0
4300 4822 0
4300 4339 0
4300 768 0
4300 2338 0
4300 5419 0
4300 303 0
4300 3464 0
4300 2901 0
4300 1882 1
4300 1885 0
4300 2414 0
4300 1259 0
4300 1927 0
4300 2967 0
4300 3986 0
4300 7077 0
4300 6062 0
4300 3036 0
4300 16354 0
4300 3801 0
4300 5523 0
4300 7662 0
4300 2044 1
4300 509 0
1741 117 0
1741 4256 0
1741 2272 0
1741 2280 0
1741 2338 0
1741 301 1
1741 8503 0
1741 4409 0
1741 2408 0
1741 2414 0
1741 4465 0
1741 20857 0
1741 2458 0
1741 6561 0
1741 4524 0
1741 4525 0
1741 4526 0
1741 4547 0
1741 2500 0
1741 4550 0
1741 4551 0
1741 474 0
1741 2718 0
1741 6604 0
1741 719 0
1741 6867 0
1741 4822 0
1741 756 0
1741 6904 0
1741 21300 0
1741 827 0
1741 838 0
1741 865 0
1741 866 0
1741 869 0
1741 891 0
1741 3043 0
1741 5204 0
1741 4301 0
1741 1259 0
1741 5363 0
1741 5365 0
1741 5366 0
1741 5369 0
1741 5372 0
1741 3353 0
1741 3354 0
1741 5419 0
1741 5432 0
1741 5469 0
1741 5487 0
1741 3446 0
1741 3461 0
1741 5523 0
1741 7662 0
1741 7699 0
1741 7077 0
1741 8477 0
1741 1741 0
1741 5855 0
1741 5994 0
1741 8053 0
1741 1919 0
1741 16258 0
1741 1927 0
1741 8089 0
1741 6068 0
1741 2382 0
1741 6111 0
1741 16354 0
4301 8467 0
4301 2272 0
4301 768 0
4301 18181 0
4301 2338 0
4301 5419 0
4301 1882 1
4301 3986 0
4301 5523 0
4301 6065 0
4301 6068 0
4301 3561 0
4301 509 0
722 3353 0
722 3354 0
722 7084 0
722 301 1
722 5427 1
722 4536 0
722 7077 0
722 827 0
722 2500 0
722 4551 0
722 4822 0
722 5855 0
722 3043 0
722 5523 0
6867 17363 0
6867 3283 1
6867 1259 0
6867 5363 0
6867 3844 0
6867 8467 0
6867 5422 0
6867 2338 0
6867 301 1
6867 8503 0
6867 6977 0
6867 5981 0
6867 869 0
6867 5994 0
6867 2938 0
6867 3986 0
6867 6867 0
6867 2458 0
6867 5026 0
6867 9153 0
6867 4547 0
4822 6378 0
4822 5855 0
4822 4256 0
4822 4550 0
4822 2338 0
4822 3283 1
4822 4822 0
4822 5363 0
4822 5365 0
4822 7077 0
4822 301 1
4822 8503 0
4822 5432 0
4822 827 0
4822 7084 0
4822 865 0
4822 866 0
4822 869 0
4822 5994 0
4822 2414 0
4822 3446 0
4822 891 0
4822 1919 0
4822 5366 0
4822 3986 0
4822 5523 0
4822 1444 0
4822 4524 0
4822 4535 0
4822 2500 0
4822 474 0
4822 16354 0
4822 3043 0
4822 509 0
956 5204 1
956 17869 1
956 2446 1
956 3446 1
956 2328 1
3801 4744 0
3801 4339 0
3801 768 0
3801 2338 0
3801 5419 0
3801 5432 0
3801 1882 1
3801 4551 0
3801 3036 0
3801 7662 0
3801 2044 1
719 4524 0
719 5469 0
719 6068 0
719 2718 0
719 719 0
719 1259 0
719 4339 0
719 8467 0
719 3353 0
719 5419 0
719 301 1
719 4956 0
719 2938 0
719 1927 0
719 3986 0
719 2967 0
719 4550 0
719 4551 0
719 3561 0
18141 2272 1
18141 5569 1
18141 4409 1
2718 4256 0
2718 4319 0
2718 8467 0
2718 2328 0
2718 2338 0
2718 301 1
2718 303 0
2718 8503 0
2718 2361 0
2718 5523 0
2718 2458 0
2718 4524 0
2718 4525 0
2718 4534 0
2718 4535 0
2718 4536 0
2718 4537 0
2718 4538 0
2718 4539 0
2718 4540 0
2718 4544 0
2718 4547 0
2718 2500 0
2718 4550 0
2718 6604 0
2718 509 0
2718 5569 0
2718 2718 0
2718 9009 0
2718 827 0
2718 843 0
2718 865 0
2718 866 0
2718 869 0
2718 2938 0
2718 3036 0
2718 3043 0
2718 1882 1
2718 5432 0
2718 5469 0
2718 3446 0
2718 3461 0
2718 3464 0
2718 5026 0
2718 5724 0
2718 7079 0
2718 5855 0
2718 1824 0
2718 1883 0
2718 16258 0
2718 1927 0
2718 3986 0
2718 6065 0
2718 6068 0
2718 2382 0
2718 16354 0
5855 18181 0
5855 18784 0
5855 117 0
5855 4256 0
5855 2280 0
5855 6378 0
5855 301 1
5855 8503 0
5855 2361 0
5855 2382 0
5855 2414 0
5855 4465 0
5855 2458 0
5855 4524 0
5855 4534 0
5855 4536 0
5855 4547 0
5855 2500 0
5855 4551 0
5855 6904 0
5855 474 0
5855 509 0
5855 4550 0
5855 698 0
5855 756 0
5855 827 0
5855 4956 0
5855 865 0
5855 866 0
5855 869 0
5855 7084 0
5855 7147 0
5855 13355 0
5855 5204 0
5855 3283 1
5855 17363 0
5855 5365 0
5855 5366 0
5855 5369 0
5855 3353 0
5855 3354 0
5855 7455 0
5855 5432 0
5855 5469 0
5855 3446 0
5855 3461 0
5855 1444 0
5855 5367 0
5855 3561 0
5855 7077 0
5855 7740 0
5855 5855 0
5855 5981 0
5855 5994 0
5855 16258 0
5855 1927 0
5855 8089 0
5855 6068 0
5855 16354 0
5855 6128 1
2272 2338 0
2272 8503 0
2272 756 0
2272 9009 0
2272 827 0
2272 5372 0
2272 7949 0
2272 5994 0
2272 3986 0
6882 8467 0
6882 3283 1
6882 6882 0
6882 3561 0
18299 8503 0
18299 4579 0
18299 3283 1
18299 18299 0
8934 7740 0
8934 3283 1
8934 5366 0
8934 5367 0
8934 3844 0
8934 5487 0
8934 6977 0
8934 3986 0
8934 3561 0
8934 3574 0
2280 2280 0
2280 756 0
2280 303 0
2280 2361 0
2280 827 0
2280 16275 0
2280 5981 0
2280 3446 0
2280 3464 0
2280 3986 0
2280 838 0
2280 473 0
2280 7662 0
2280 509 0
6378 13355 0
6378 20857 0
6378 3283 1
6378 4319 0
6378 6378 0
6378 3354 0
6378 301 1
6378 5422 0
6378 9009 0
6378 8503 0
6378 6977 0
6378 4956 0
6378 3446 0
6378 3986 0
6378 5026 0
6378 5981 0
6378 6604 0
1259 117 0
1259 4319 0
1259 8467 0
1259 301 1
1259 2382 0
1259 4437 0
1259 4524 0
1259 4534 0
1259 4538 0
1259 2500 0
1259 4579 0
1259 843 0
1259 865 0
1259 2938 0
1259 891 0
1259 7084 0
1259 7147 0
1259 3283 1
1259 5365 0
1259 3353 0
1259 3354 0
1259 5419 0
1259 5422 0
1259 5432 0
1259 5469 0
1259 3561 0
1259 18181 0
1259 1882 1
1259 1919 0
1259 3986 0
1259 6111 0
1259 16354 0
1259 2044 1
5363 13355 0
5363 4256 0
5363 17363 0
5363 5365 0
5363 5366 0
5363 5367 0
5363 5369 0
5363 5372 0
5363 2361 0
5363 301 1
5363 5422 0
5363 4409 0
5363 6977 0
5363 2382 0
5363 2408 0
5363 2411 0
5363 2414 0
5363 2416 0
5363 3446 0
5363 891 0
5363 16258 0
5363 2458 0
5363 7084 0
5363 4539 0
5363 2500 0
756 3844 0
756 301 1
756 4409 0
756 5569 0
756 4956 0
756 865 0
756 866 0
756 869 0
756 2414 0
756 2416 0
756 17363 0
5365 7699 0
5365 13355 0
5365 7740 0
5365 17363 0
5365 2408 0
5365 3354 0
5365 4256 0
5365 891 0
5365 5365 0
5365 5366 0
5365 5367 0
5365 5369 0
5365 7084 0
5365 3353 0
5365 5432 0
5365 2361 0
5365 4409 0
5365 6977 0
5365 301 1
5365 4956 0
5365 2411 0
5365 2414 0
5365 2416 0
5365 3446 0
5365 1919 0
5365 16258 0
5365 3986 0
5365 5523 0
5365 2458 0
5365 2500 0
5365 7077 0
5365 15843 1
5365 5372 0
5365 6904 0
5366 5366 0
5366 5367 0
5366 5369 0
5366 5372 0
5366 5422 0
5366 4409 0
5366 15843 1
5366 2361 0
5366 5469 0
5366 2408 0
5366 2411 0
5366 2414 0
5366 2416 0
5366 4465 0
5366 16258 0
5366 7077 0
5366 7084 0
5366 2500 0
5366 17363 0
5366 3043 0
5367 13355 0
5367 7740 0
5367 5367 0
5367 5369 0
5367 2361 0
5367 3844 0
5367 8467 0
5367 3353 0
5367 3354 0
5367 2338 0
5367 301 1
5367 5422 0
5367 5432 0
5367 4409 0
5367 15843 1
5367 2408 0
5367 2411 0
5367 2414 0
5367 3561 0
5367 6977 0
5367 3986 0
5367 6904 0
5367 6068 0
5367 2500 0
5367 17363 0
5367 7077 0
5367 3043 0
5367 5372 0
5367 3574 0
6904 2408 0
6904 6904 0
6904 5372 0
6904 3354 0
6904 301 1
6904 2361 0
6904 1919 0
6904 5523 0
6904 7084 0
6904 6068 0
6904 4550 0
6904 4551 0
6904 3043 0
6904 2044 1
5369 7740 0
5369 15843 1
5369 5372 0
5369 2338 0
5369 301 1
5369 5422 0
5369 2361 0
5369 3043 0
5369 4409 0
5369 2408 0
5369 2411 0
5369 2414 0
5369 20857 0
5369 3986 0
5369 2500 0
5369 7077 0
5369 4579 0
5372 15843 1
5372 16258 0
5372 8467 0
5372 301 1
5372 2361 0
5372 3043 0
5372 5469 0
5372 3446 0
5372 2500 0
5372 9166 0
5372 4579 0
5372 3561 0
12542 3283 1
12542 12542 0
12542 301 1
12542 4409 0
12542 2408 0
12542 2411 0
12542 2414 0
12542 2416 0
12542 3986 0
12542 5569 0
12542 17363 0
12542 3043 0
3043 117 0
3043 2361 0
3043 2382 0
3043 2408 0
3043 2411 0
3043 6561 0
3043 4547 0
3043 2500 0
3043 4550 0
3043 4551 0
3043 474 0
3043 827 0
3043 301 1
3043 865 0
3043 866 0
3043 869 0
3043 891 0
3043 7058 1
3043 7077 0
3043 7084 0
3043 3043 0
3043 3353 0
3043 3354 0
3043 7455 0
3043 5428 1
3043 3446 0
3043 3461 0
3043 5523 0
3043 7699 0
3043 3844 0
3043 5432 0
3043 5981 0
3043 5994 0
3043 1927 0
3043 8089 0
3043 6062 0
3043 16354 0
3043 2044 1
768 5427 1
768 5490 1
13355 8467 0
13355 4409 0
13355 4465 0
13355 2458 0
13355 9153 0
13355 7147 0
13355 3283 1
13355 4547 0
13355 7605 0
13355 5569 0
13355 15843 1
13355 3561 0
13355 3574 0
13355 7740 0
13355 8477 0
13355 1824 0
13355 1927 0
13355 6068 0
13355 6111 0
3844 5469 0
3844 698 0
3844 3844 0
3844 3353 0
3844 3354 0
3844 4409 0
3844 1882 1
3844 1885 0
3844 8053 0
3844 3446 0
3844 3464 0
3844 3986 0
3844 5981 0
18181 3461 0
18181 18181 0
18181 3986 0
18181 7077 0
18181 301 1
18181 6068 0
18181 2500 0
18181 4579 0
18181 2029 1
7949 7949 0
7949 5523 0
7949 14626 0
7949 7605 0
7949 3283 1
270 3446 0
270 270 0
270 2382 0
270 5981 0
270 5994 0
270 8053 0
270 7605 0
8467 117 0
8467 4339 0
8467 4409 0
8467 2408 0
8467 5523 0
8467 4524 0
8467 4534 0
8467 474 0
8467 4744 0
8467 9009 0
8467 6977 0
8467 2938 0
8467 5026 0
8467 9153 0
8467 3283 1
8467 5432 0
8467 5487 0
8467 5569 0
8467 8467 0
8467 5981 0
8467 5994 0
2328 2328 0
2328 2029 1
2328 20857 0
3353 2500 0
3353 4550 0
3353 4551 0
3353 10987 1
3353 869 0
3353 7084 0
3353 2967 0
3353 3353 0
3353 3354 0
3353 5427 1
3353 5432 0
3353 16275 0
3353 8089 0
3354 2338 0
3354 301 1
3354 2361 0
3354 2382 0
3354 2500 0
3354 4550 0
3354 10987 1
3354 843 0
3354 4956 0
3354 869 0
3354 891 0
3354 7084 0
3354 3283 1
3354 3354 0
3354 5427 1
3354 5490 1
3354 5432 0
3354 5981 0
3354 1919 0
3354 1927 0
3354 16275 0
3354 8089 0
8477 4256 0
8477 4339 0
8477 2338 0
8477 18784 0
8477 2458 0
8477 473 0
8477 6977 0
8477 4956 0
8477 869 0
8477 2967 0
8477 3561 0
8477 9153 0
8477 1882 1
8477 5981 0
8477 3986 0
8477 6065 0
8477 16354 0
7455 16258 0
7455 7455 0
7455 301 1
7455 4409 0
1824 3283 1
1824 1824 0
1824 6977 0
1824 2938 0
1824 3461 0
1824 3986 0
1824 6065 0
1824 4551 0
1824 16354 0
2338 4319 0
2338 4339 0
2338 2338 0
2338 4409 0
2338 4465 0
2338 4550 0
2338 6604 0
2338 473 0
2338 509 0
2338 4744 0
2338 2901 0
2338 2967 0
2338 3036 0
2338 5981 0
2338 3283 1
2338 5419 0
2338 5432 0
2338 5469 0
2338 4547 0
2338 3461 0
2338 7662 0
2338 1882 1
2338 1883 0
2338 1885 0
2338 5994 0
2338 6065 0
2338 1927 0
2338 3986 0
2338 6062 0
2338 6068 0
2338 2044 1
11995 17869 0
3283 9153 1
3283 866 1
3283 5204 1
3283 4538 1
3283 117 1
3283 4256 1
3283 698 1
3283 3283 2
3283 8503 1
3283 827 1
3283 6977 1
3283 843 1
3283 4956 1
3283 865 1
3283 7740 1
3283 5994 1
3283 5487 1
3283 4465 1
3283 2938 1
3283 1927 1
3283 2446 1
3283 3986 1
3283 2458 1
3283 5026 1
3283 6065 1
3283 6068 1
3283 4534 1
3283 4535 1
3283 4536 1
3283 4537 1
3283 4539 1
3283 4540 1
3283 4544 1
3283 5569 1
3283 4547 1
3283 6604 1
3283 3561 1
3283 7147 1
3283 3574 1
3283 869 1
6062 4550 0
6062 4339 0
6062 3036 0
6062 6977 0
6062 2901 0
6062 1882 1
6062 2967 0
6062 4544 0
6062 4560 0
6062 509 0
1321 1321 0
1321 10987 1
1321 2044 1
5419 4339 0
5419 5419 0
5419 1882 1
5419 5469 0
5419 3986 0
5419 8089 0
5419 4550 0
5419 7662 0
5419 509 0
301 7699 1
301 5469 1
301 7077 1
301 9009 1
301 698 1
301 6977 1
301 16354 1
301 6275 1
301 4437 1
301 4548 1
301 21300 1
301 8053 1
301 301 2
301 4744 1
301 8503 1
301 2361 1
301 827 1
301 2382 1
301 5432 1
301 2901 1
301 865 1
301 866 1
301 869 1
301 5994 1
301 2411 1
301 2414 1
301 2416 1
301 5490 2
301 5523 1
301 3446 1
301 891 1
301 1919 1
301 16258 1
301 1927 1
301 8089 1
301 6561 1
301 1444 1
301 838 1
301 5981 1
301 7084 1
301 6068 1
301 4534 1
301 4535 1
301 4256 1
301 4547 1
301 2500 1
301 4550 1
301 6604 1
301 474 1
301 6111 1
301 4551 1
301 2044 2
5422 4437 0
5422 20857 0
5422 2500 0
5422 827 0
5422 2938 0
5422 5204 0
5422 5422 0
5422 1444 0
5422 5569 0
5422 7077 0
5422 15843 1
5422 7699 0
5422 16258 0
5422 8089 0
5422 2044 1
303 4319 0
303 303 0
303 9009 0
303 5469 0
303 18784 0
303 3968 0
303 4560 0
303 4561 0
303 473 0
303 7147 0
7699 5432 0
7699 2361 0
7699 5994 0
7699 16258 0
7699 7058 1
7699 8089 0
7699 1444 0
7699 2500 0
7699 474 0
7699 7077 0
9009 5469 0
9009 5724 0
9009 9009 0
9009 827 0
9009 4579 0
9009 1883 0
9009 865 0
9009 866 0
9009 869 0
9009 5994 0
9009 8053 0
9009 3461 0
9009 3986 0
9009 6068 0
9009 4540 0
9009 5026 0
9009 3561 0
5427 1444 1
5427 4524 1
5427 4525 1
5427 4526 1
5427 5427 2
5427 5432 1
5427 5994 1
5427 2044 2
5428 5428 2
5428 7605 1
5428 5432 1
5428 4579 1
5428 4437 1
5428 865 1
5428 5994 1
5428 891 1
8503 3461 0
8503 8503 0
8503 2361 0
8503 827 0
8503 5994 0
8503 3446 0
8503 891 0
8503 5523 0
8503 2458 0
8503 7077 0
8503 4537 0
8503 4547 0
8503 2500 0
8503 3574 0
8503 17363 0
8503 16354 0
8503 4579 0
5432 117 0
5432 2408 0
5432 4534 0
5432 4536 0
5432 4547 0
5432 2500 0
5432 4550 0
5432 4551 0
5432 827 0
5432 2967 0
5432 7077 0
5432 17363 0
5432 5432 0
5432 5469 0
5432 5490 1
5432 5523 0
5432 1444 0
5432 5981 0
5432 1886 0
5432 16258 0
5432 2044 1
21300 2044 1
4319 4319 0
4319 1882 1
4319 3446 0
4319 3986 0
4319 2458 0
4319 6068 0
4319 4534 0
4319 7077 0
4409 117 0
4409 4409 0
4409 2408 0
4409 2411 0
4409 2414 0
4409 2416 0
4409 2458 0
4409 4547 0
4409 4551 0
4409 4550 0
4409 827 0
4409 6977 0
4409 4956 0
4409 866 0
4409 7084 0
4409 17363 0
4409 869 0
4409 5469 0
4409 5569 0
4409 3561 0
4409 7740 0
4409 5981 0
4409 3986 0
6977 4256 0
6977 4547 0
6977 2500 0
6977 6977 0
6977 7077 0
6977 9153 0
6977 5487 0
6977 3574 0
6977 7740 0
6977 16354 0
838 7084 0
838 827 0
843 5981 0
843 2500 0
843 843 0
843 2382 0
843 1882 1
843 5469 0
843 3446 0
843 2938 0
843 5204 0
2500 117 0
2500 4256 0
2500 2361 0
2500 4465 0
2500 6561 0
2500 4524 0
2500 4548 0
2500 891 0
2500 7058 1
2500 7077 0
2500 17363 0
2500 2500 0
2500 3446 0
2500 5523 0
2500 1444 0
2500 5981 0
2500 5994 0
2500 16258 0
2500 6111 0
2382 2361 0
2382 2382 0
2382 4524 0
2382 4525 0
2382 4526 0
2382 4534 0
2382 4535 0
2382 4537 0
2382 4538 0
2382 4539 0
2382 4547 0
2382 4550 0
2382 4551 0
2382 4560 0
2382 4744 0
2382 2938 0
2382 891 0
2382 3446 0
2382 3461 0
2382 8053 0
2382 1919 0
5569 5204 0
5569 869 0
5569 827 0
5569 3986 0
5569 2458 0
5569 866 0
5569 5569 0
5569 17363 0
5569 3561 0
4579 865 0
4579 7058 1
4579 9166 0
4579 5204 0
4579 5487 0
4579 7605 0
4579 5994 0
4437 4437 0
2361 5469 0
2361 6275 0
2361 4547 0
2361 6604 0
2361 2361 0
2361 16275 0
2361 5994 0
2361 5523 0
2361 3446 0
2361 891 0
2361 8089 0
2361 6561 0
2361 4524 0
2361 4550 0
2361 4551 0
2361 474 0
2361 5204 0
1882 14626 1
1882 5523 1
1882 7066 1
1882 4339 1
1882 1875 2
1882 1882 2
1882 15138 2
1882 3036 1
1882 5469 1
1882 869 1
1882 7662 1
1883 5523 0
1883 1875 1
1883 1883 0
1883 1885 0
1883 5487 0
1883 4339 0
4956 117 0
4956 2414 0
4956 2416 0
4956 4465 0
4956 4547 0
4956 827 0
4956 4956 0
4956 866 0
4956 7147 0
4956 3561 0
4956 3574 0
4956 7740 0
4956 5724 0
4956 5981 0
4956 1927 0
4956 3986 0
4956 6128 1
1885 5523 0
1885 1875 1
1885 1885 0
1885 4339 0
1886 5523 0
1886 1875 1
1886 1886 0
1886 869 0
1886 4339 0
18784 5981 0
18784 2938 0
18784 3461 0
18784 5026 0
18784 7605 0
865 5469 0
865 866 0
865 865 0
865 891 0
865 3986 0
865 4560 0
865 16354 0
866 827 0
866 866 0
866 869 0
866 2414 0
866 2416 0
866 5469 0
866 5487 0
866 4540 0
866 4560 0
866 17363 0
866 2044 1
827 17363 0
827 117 0
827 4465 0
827 4535 0
827 4560 0
827 473 0
827 827 0
827 5469 0
827 5981 0
827 5994 0
827 1919 0
827 1927 0
827 3986 0
827 6065 0
827 6068 0
827 16354 0
869 5724 0
869 5469 0
869 869 0
869 2411 0
869 3446 0
869 5523 0
869 4560 0
869 17363 0
869 2901 0
2408 2411 0
2408 2408 0
2408 2414 0
2408 2416 0
2408 7084 0
2408 17363 0
2408 2044 1
7740 7740 0
7740 5487 0
7740 3446 0
7740 7147 0
7740 1927 0
7740 2458 0
7740 5981 0
7740 4547 0
7740 6111 0
7740 6128 1
7740 3574 0
5994 117 0
5994 6275 0
5994 4547 0
5994 4560 0
5994 3446 0
5994 3461 0
5994 1444 0
5994 5724 0
5994 5994 0
5994 8089 0
5994 16354 0
5994 2044 1
2411 117 0
2411 2411 0
2411 4256 0
2411 2414 0
2411 2416 0
2411 20857 0
2411 3986 0
2411 7084 0
2411 17363 0
3986 117 0
3986 509 0
3986 9153 0
3986 1927 0
3986 2967 0
3986 3461 0
3986 3561 0
3986 3574 0
3986 3986 0
3986 4256 0
3986 4339 0
3986 20857 0
3986 4525 0
3986 4534 0
3986 4547 0
3986 4550 0
3986 4551 0
3986 5204 0
3986 5469 0
3986 5487 0
3986 5523 0
3986 5981 0
3986 6068 0
3986 6128 1
3986 7605 0
3986 16275 0
3986 8089 0
2414 2414 0
2414 2416 0
2414 4339 0
2414 5981 0
2414 20857 0
2414 17363 0
5487 5469 0
5487 5487 0
2416 7084 0
4465 1927 0
4465 8089 0
4465 4524 0
4465 4525 0
4465 4526 0
4465 4550 0
4465 6604 0
4465 17363 0
4465 6068 0
4465 3036 0
5490 7077 1
5490 5490 2
5523 7077 0
5523 3036 0
5523 2901 0
5523 7058 1
5523 5523 0
5523 4551 0
5523 5469 0
5523 4536 0
5523 4537 0
5523 4550 0
5523 16354 0
5523 3561 0
8053 3464 0
8053 4538 0
8053 4536 0
8053 473 0
8053 16275 0
8053 3446 0
8053 1919 0
3446 7084 0
3446 17363 0
3446 5204 0
3446 5469 0
3446 3446 0
3446 3574 0
3446 5981 0
3446 1919 0
3446 6068 0
3446 6111 0
3561 117 0
3561 4256 0
3561 4524 0
3561 4534 0
3561 4744 0
3561 5026 0
3561 9153 0
3561 2938 0
3561 18325 0
3561 5981 0
3561 16275 0
20857 2938 0
2938 4744 0
2938 2938 0
2938 8089 0
2938 7605 0
2938 4547 0
891 117 0
891 891 0
891 4550 0
891 4551 0
1919 5469 0
1919 16354 0
1919 2029 1
1919 117 0
1919 1919 0
3968 3968 0
16258 7058 1
16258 6111 0
698 698 0
698 117 0
3461 5981 0
3461 3461 0
3461 1927 0
3461 4550 0
3461 4551 0
3461 4560 0
5724 5204 0
5724 5724 0
5724 117 0
5724 2458 0
5724 6068 0
5724 15843 1
5724 6128 1
5724 3574 0
1927 4339 0
1927 4524 0
1927 4525 0
1927 4534 0
1927 6604 0
1927 5469 0
1927 6065 0
3464 3464 0
3464 16275 0
3464 4560 0
3464 3036 0
2446 2446 0
2446 4547 0
2446 117 0
16275 5981 0
16275 16275 0
16275 5026 0
16275 4524 0
4744 4744 0
4744 5469 0
4744 4550 0
4744 4551 0
4744 7662 0
4744 509 0
5469 117 0
5469 4339 0
5469 4524 0
5469 4525 0
5469 4526 0
5469 4534 0
5469 4536 0
5469 4537 0
5469 4539 0
5469 4540 0
5469 509 0
5469 2967 0
5469 5026 0
5469 7077 0
5469 7084 0
5469 3036 0
5469 5981 0
5469 5469 0
5469 7662 0
2967 4339 0
2967 2967 0
2967 4534 0
2967 4535 0
2967 4536 0
2967 4537 0
2967 4538 0
2967 4539 0
2967 4540 0
2967 4544 0
2967 4256 0
2967 4550 0
2967 4551 0
2967 3036 0
8089 5981 0
8089 8089 0
8089 4524 0
8089 4536 0
8089 4538 0
7066 7066 0
2458 4547 0
2458 117 0
2458 17363 0
2458 7084 0
2458 5981 0
2458 2458 0
2458 6128 1
2458 3574 0
6561 7077 0
6561 7084 0
6561 2044 1
5026 7084 0
5026 7605 0
5026 4534 0
5026 4535 0
5026 4536 0
5026 4537 0
5026 4538 0
5026 4540 0
1444 7077 0
1444 17363 0
1444 1444 0
1444 16354 0
7077 5981 0
7077 117 0
7077 7077 0
7077 7084 0
7077 4547 0
7077 474 0
5981 509 0
5981 2029 1
5981 2901 0
5981 3574 0
5981 4256 0
5981 4339 0
5981 5981 0
5981 6065 0
5981 6068 0
5981 6128 1
5981 6633 0
5981 7147 0
7079 4550 0
7079 6633 0
7079 4560 0
7079 4561 0
7079 7079 0
6275 2044 1
7084 117 0
7084 7084 0
7084 17363 0
7084 16354 0
4525 4339 0
4525 4524 0
4525 4526 0
4525 473 0
4526 4339 0
4526 4524 0
4526 473 0
6065 117 0
6065 4256 0
6065 4547 0
6065 6065 0
6065 6068 0
4339 4524 0
4339 4534 0
4339 3036 0
4339 509 0
6068 4256 0
6068 4536 0
6068 4550 0
6068 4560 0
6068 473 0
6068 4547 0
6068 4551 0
6068 3036 0
6068 6068 0
6068 6128 1
7605 7605 0
7605 4551 0
4534 4535 0
4534 4537 0
4534 4548 0
4534 4534 0
4535 4535 0
4535 4536 0
4536 4547 0
4536 4256 0
4536 2901 0
4536 4544 0
4536 4551 0
4536 4536 0
4536 4550 0
4537 4537 0
4537 4550 0
4537 4551 0
4537 473 0
4538 4538 0
4539 4539 0
4540 4560 0
4540 473 0
117 5204 0
117 4256 0
117 117 0
117 15843 1
117 6128 1
117 4547 0
117 4550 0
117 16354 0
117 4551 0
117 3574 0
4544 4544 0
4544 473 0
4256 5204 0
4256 17363 0
9153 3047 1
4547 17363 0
4547 4547 0
4547 6128 1
4547 3574 0
4548 4548 0
4550 4550 0
4550 4551 0
4550 4560 0
4550 4561 0
4550 3036 0
4550 2044 1
4551 4560 0
4551 4561 0
4551 4551 0
4551 3036 0
17869 5605 1
9166 9166 0
4560 2901 0
4560 4560 0
4560 4561 0
4560 6633 0
4561 4561 0
4524 4524 0
4524 473 0
17363 6111 0
17363 16354 0
17363 6128 1
3036 3036 0
3036 2901 0
3036 509 0
6111 6111 0
16354 6128 1
16354 16354 0
6633 6633 0
7147 7147 0
6128 6128 2
3574 3574 0
5204 5204 0
509 509 0
2901 2901 0
