4864 16388 0
4864 6165 0
4864 16389 0
4864 2598 0
4864 13355 0
4864 2606 0
4864 8867 0
4864 7227 0
4864 16444 0
4864 1098 0
4864 6739 0
4864 6765 0
4864 8467 0
4864 15988 0
4864 1653 0
4864 7812 0
4864 1388 0
4864 6510 1
4864 8865 0
4864 7851 0
4864 8881 0
4864 2594 0
4864 2793 0
4864 5365 0
4864 4864 0
4864 18728 0
4864 8477 0
4864 5529 0
4864 12584 0
4864 3378 0
4864 1369 1
4864 1943 0
4864 3986 0
4864 1940 1
4864 1429 0
4864 16031 0
4864 3561 0
16388 16389 0
16388 6163 0
16388 6164 0
16388 6165 0
16388 8881 0
16388 16444 0
16388 1388 0
16388 12584 0
16388 2594 0
16388 2598 0
16388 2604 0
16388 2606 0
16388 15431 0
16388 6739 0
16388 6741 0
16388 6765 0
16388 8844 0
16388 2718 0
16388 8865 0
16388 6977 0
16388 3561 0
16388 7227 0
16388 1098 0
16388 5329 0
16388 5365 0
16388 3378 0
16388 1369 1
16388 1653 0
16388 7812 0
16388 16031 0
16388 7851 0
16388 8477 0
16388 15988 0
16388 7893 0
16388 18728 0
16388 15671 0
16388 8039 0
16388 3986 0
16388 1940 1
16388 18332 0
16388 16308 0
16388 2023 1
16389 16389 0
16389 6163 0
16389 6165 0
16389 16444 0
16389 1388 0
16389 12584 0
16389 2382 0
16389 4463 0
16389 15431 0
16389 8881 0
16389 2594 0
16389 2598 0
16389 2604 0
16389 2606 0
16389 6739 0
16389 6741 0
16389 6765 0
16389 8844 0
16389 8865 0
16389 6977 0
16389 13355 0
16389 7227 0
16389 1098 0
16389 1221 0
16389 5329 0
16389 3378 0
16389 3426 0
16389 5529 0
16389 3561 0
16389 1653 0
16389 7812 0
16389 1687 0
16389 16031 0
16389 7851 0
16389 8477 0
16389 15988 0
16389 7893 0
16389 18728 0
16389 15671 0
16389 8039 0
16389 3986 0
16389 1940 1
16389 1943 0
16389 18332 0
16389 16308 0
16389 2023 1
1545 1545 0
1545 4780 0
1545 51 1
1545 3382 0
1545 1221 0
1545 1369 1
1545 1513 0
2059 2059 0
2059 20 0
2059 5469 0
2059 4185 1
2059 4339 0
2059 12600 0
2059 4524 0
2059 4536 0
2059 2604 0
2059 4704 0
2059 2718 0
2059 4795 0
2059 729 0
2059 3028 1
2059 5117 0
2059 1051 0
2059 5247 0
2059 5389 0
2059 5432 0
2059 5521 0
2059 15893 0
2059 3801 0
2059 20251 0
2059 8064 0
2059 1943 0
2059 6062 0
2059 3745 0
6163 6163 0
6163 20 0
6163 6165 0
6163 16431 0
6163 6164 0
6163 168 0
6163 2280 0
6163 2338 0
6163 18728 0
6163 4536 0
6163 6739 0
6163 6741 0
6163 8867 0
6163 8881 0
6163 4795 0
6163 729 0
6163 7227 0
6163 5418 1
6163 3378 0
6163 5469 0
6163 3426 0
6163 15988 0
6163 1653 0
6163 5761 1
6163 1689 0
6163 1691 0
6163 7836 0
6163 3745 0
6163 7850 0
6163 7851 0
6163 7893 0
6163 5855 0
6163 16151 0
6163 5981 0
6163 3986 0
6163 1943 0
6163 8089 0
6163 18332 0
6163 6081 0
6164 20 0
6164 6165 0
6164 6164 0
6164 2338 0
6164 7566 0
6164 4463 0
6164 2604 0
6164 6739 0
6164 6741 0
6164 8867 0
6164 4795 0
6164 729 0
6164 13088 0
6164 7227 0
6164 5418 1
6164 3382 0
6164 5469 0
6164 3426 0
6164 7712 1
6164 1653 0
6164 7836 0
6164 16151 0
6164 3986 0
6164 1943 0
6165 20 0
6165 8881 0
6165 168 0
6165 2280 0
6165 6165 0
6165 8467 0
6165 2338 0
6165 6510 1
6165 4524 0
6165 4536 0
6165 2594 0
6165 2598 0
6165 2604 0
6165 2606 0
6165 6739 0
6165 6741 0
6165 2718 0
6165 4795 0
6165 729 0
6165 5117 0
6165 5247 0
6165 5365 0
6165 5418 1
6165 3426 0
6165 1388 0
6165 5529 0
6165 3561 0
6165 15893 0
6165 16308 0
6165 1620 0
6165 5761 1
6165 1691 0
6165 3745 0
6165 7851 0
6165 7893 0
6165 5855 0
6165 16151 0
6165 5981 0
6165 3986 0
6165 1943 0
6165 18332 0
6165 7836 0
6165 16031 0
6165 6081 0
6165 8867 0
4119 15893 1
4119 4119 2
4119 2598 1
4119 6765 1
4119 1687 1
4119 1691 1
4119 4801 1
4119 1221 1
4119 4822 1
4119 8415 1
4119 5858 1
4119 4305 1
4119 5365 1
4119 6910 1
4119 7566 1
4119 8039 1
4119 1429 1
4119 1439 1
4119 3008 1
1051 51 1
1051 3028 1
1051 4352 0
3077 3077 2
3077 1439 1
7712 7712 2
7712 1221 1
7712 2382 1
7712 5389 1
7712 4305 1
7712 4463 1
2594 168 0
2594 8467 0
2594 2338 0
2594 18728 0
2594 6510 1
2594 4524 0
2594 2594 0
2594 2598 0
2594 2604 0
2594 2606 0
2594 6739 0
2594 6741 0
2594 8477 0
2594 8844 0
2594 2718 0
2594 8865 0
2594 8867 0
2594 8881 0
2594 4801 0
2594 6977 0
2594 7227 0
2594 15431 0
2594 1221 0
2594 5329 0
2594 3378 0
2594 3426 0
2594 1388 0
2594 5529 0
2594 3561 0
2594 16308 0
2594 1653 0
2594 16031 0
2594 3745 0
2594 7851 0
2594 15988 0
2594 7893 0
2594 5855 0
2594 7812 0
2594 3986 0
2594 1943 0
2594 18332 0
2594 6081 0
2594 16337 0
2594 2023 1
1062 5440 0
1062 1943 0
1062 1062 0
1062 2994 0
1062 3008 0
1062 4182 1
1062 16345 1
1062 5981 0
1062 1653 0
13355 18728 0
13355 8467 0
13355 16431 0
13355 12584 0
13355 4463 0
13355 8865 0
13355 7227 0
13355 1098 0
13355 1221 0
13355 5329 0
13355 5365 0
13355 5467 0
13355 5529 0
13355 16293 1
13355 3561 0
13355 1653 0
13355 7812 0
13355 1691 0
13355 3745 0
13355 8477 0
13355 15988 0
13355 7893 0
13355 5855 0
13355 1940 1
13355 1943 0
13355 16337 0
2604 1388 0
2604 4305 0
2604 8467 0
2604 8477 0
2604 2338 0
2604 18728 0
2604 2598 0
2604 2604 0
2604 2606 0
2604 6739 0
2604 6741 0
2604 8844 0
2604 8867 0
2604 8881 0
2604 6977 0
2604 4536 0
2604 15431 0
2604 5329 0
2604 3378 0
2604 15671 0
2604 5469 0
2604 3426 0
2604 5529 0
2604 1620 0
2604 1653 0
2604 5761 1
2604 7812 0
2604 16031 0
2604 7851 0
2604 15988 0
2604 7893 0
2604 5855 0
2604 20251 0
2604 5981 0
2604 3986 0
2604 1943 0
2604 18332 0
2604 6062 0
2604 16308 0
2604 2023 1
2606 4305 0
2606 2280 0
2606 4339 0
2606 2338 0
2606 12584 0
2606 2598 0
2606 15431 0
2606 6739 0
2606 6741 0
2606 4694 0
2606 6765 0
2606 8844 0
2606 8865 0
2606 8881 0
2606 4812 0
2606 2793 0
2606 6977 0
2606 7227 0
2606 1098 0
2606 5329 0
2606 3378 0
2606 3426 0
2606 1388 0
2606 5529 0
2606 3561 0
2606 4704 0
2606 15671 0
2606 1653 0
2606 7812 0
2606 1687 0
2606 16031 0
2606 3745 0
2606 7851 0
2606 8477 0
2606 15988 0
2606 7893 0
2606 5855 0
2606 18728 0
2606 5981 0
2606 2023 1
2606 3986 0
2606 1940 1
2606 1943 0
2606 16308 0
16431 17323 0
16431 1943 0
16431 16090 1
16431 8477 0
16431 3745 0
16431 51 1
16431 16308 0
16431 694 0
16431 4536 0
16431 13129 0
16431 3426 0
16431 7893 0
16431 15893 0
16431 6739 0
51 20 1
51 5469 1
51 51 2
51 18270 1
51 1620 1
51 6741 1
51 4694 1
51 4220 1
51 5247 1
51 3221 1
51 1687 1
51 1689 1
51 2715 1
51 7836 1
51 3745 1
51 168 1
51 3754 1
51 4780 1
51 694 1
51 16058 1
51 12479 1
51 7893 1
51 729 1
51 1758 1
51 5855 1
51 2280 1
51 5866 1
51 4352 1
51 9477 1
51 5895 1
51 5389 1
51 2338 1
51 12600 1
51 12619 1
51 5467 1
51 3426 1
51 356 1
51 1388 1
51 4463 1
51 16762 1
51 16151 1
51 3986 1
51 1439 1
51 1691 1
51 6062 1
51 2994 1
51 16308 1
51 4536 1
51 6081 1
51 3028 2
51 8152 1
3934 1687 0
3934 168 0
3934 5365 0
3934 5329 0
3934 4822 0
3934 8415 0
3934 2793 0
3934 729 0
3934 5418 1
3934 3382 0
3934 2382 0
3934 5981 0
3934 3934 0
3934 8089 0
3934 16293 1
3934 6062 0
3934 16031 0
3934 4550 0
7227 8477 0
7227 2338 0
7227 12584 0
7227 2598 0
7227 6739 0
7227 6741 0
7227 6765 0
7227 8865 0
7227 8881 0
7227 4868 1
7227 6977 0
7227 1098 0
7227 1388 0
7227 5529 0
7227 3561 0
7227 15988 0
7227 1653 0
7227 7812 0
7227 16031 0
7227 7851 0
7227 7893 0
7227 5855 0
7227 18728 0
7227 3986 0
7227 1940 1
7227 1943 0
7227 16308 0
16444 1098 0
16444 1653 0
16444 8844 0
16444 8865 0
16444 7850 0
16444 7851 0
16444 4801 0
16444 4812 0
16444 5329 0
16444 15988 0
16444 3378 0
16444 6977 0
16444 8467 0
16444 16444 0
16444 1388 0
16444 6510 1
16444 1940 1
16444 6062 0
16444 6655 0
13920 1369 1
13920 1620 0
13920 4183 0
13920 4185 1
15431 2598 0
15431 8844 0
15431 7851 0
15431 5329 0
15431 8477 0
15431 18728 0
15431 3378 0
15431 15671 0
15431 1369 1
15431 15988 0
15431 2023 1
1098 2598 0
1098 1098 0
1098 1620 0
1098 4185 1
1098 6765 0
1098 15988 0
1098 1653 0
1098 7812 0
1098 18332 0
1098 7851 0
1098 4780 0
1098 7893 0
1098 1388 0
1098 18728 0
1098 8467 0
1098 8477 0
1098 5529 0
1098 12584 0
1098 3382 0
1098 3986 0
1098 1940 1
1098 16308 0
1098 8865 0
1098 3561 0
13389 1653 0
13389 5855 0
13389 4874 0
13389 5418 1
13389 4000 1
13389 6081 0
13389 2499 0
6739 8467 0
6739 2338 0
6739 6510 1
6739 4463 0
6739 4524 0
6739 6655 0
6739 2598 0
6739 6739 0
6739 6741 0
6739 2718 0
6739 8867 0
6739 8881 0
6739 15988 0
6739 5329 0
6739 5365 0
6739 5418 1
6739 1369 1
6739 1388 0
6739 5529 0
6739 3561 0
6739 1653 0
6739 7812 0
6739 7850 0
6739 7851 0
6739 8477 0
6739 6081 0
6739 18728 0
6739 5981 0
6739 3986 0
6739 16031 0
6739 8152 0
6739 8865 0
1620 20 0
1620 4183 0
1620 4185 1
1620 168 0
1620 2280 0
1620 4349 0
1620 2338 0
1620 20958 0
1620 4524 0
1620 4536 0
1620 2499 0
1620 4550 0
1620 6655 0
1620 4694 0
1620 4704 0
1620 2718 0
1620 8867 0
1620 4795 0
1620 729 0
1620 5247 0
1620 1221 0
1620 5389 0
1620 5432 0
1620 5469 0
1620 5521 0
1620 4339 0
1620 1620 0
1620 1689 0
1620 7850 0
1620 3801 0
1620 5855 0
1620 5072 0
1620 12584 0
1620 20251 0
1620 5981 0
1620 18270 0
1620 8064 0
1620 3986 0
1620 1943 0
1620 18332 0
1620 6062 0
1620 16337 0
6741 18728 0
6741 6510 1
6741 4463 0
6741 2598 0
6741 6741 0
6741 8477 0
6741 6977 0
6741 2718 0
6741 8881 0
6741 6910 0
6741 1388 0
6741 5529 0
6741 8467 0
6741 1653 0
6741 3740 1
6741 16031 0
6741 3745 0
6741 7851 0
6741 5858 0
6741 5981 0
6741 3986 0
6741 18332 0
6741 6081 0
6741 8865 0
4182 2598 1
4182 5432 1
4182 5440 1
4182 9160 1
4182 4182 2
4182 4183 1
4182 4185 2
4182 3441 1
4182 2730 2
4183 5521 0
4183 729 0
4183 2338 0
4183 4183 0
4183 4185 1
4183 5469 0
4183 4704 0
4183 3986 0
4183 4339 0
4183 5247 0
4185 4694 1
4185 20 1
4185 4185 2
4185 4704 1
4185 5247 1
4185 2718 1
4185 7850 1
4185 4795 1
4185 3801 1
4185 1758 1
4185 3311 1
4185 4339 1
4185 5895 1
4185 4874 1
4185 729 1
4185 20251 1
4185 2338 1
4185 5469 1
4185 18270 1
4185 5521 1
4185 3986 1
4185 6062 1
4185 9160 1
4704 1653 0
4704 729 0
4704 4339 0
4704 5247 0
4704 8477 0
4704 2338 0
4704 5418 1
4704 2382 0
4704 5469 0
4704 5521 0
4704 3986 0
4704 4704 0
4704 6655 0
15893 15893 0
15893 1689 0
15893 8881 0
15893 1369 1
15893 8064 0
15893 8587 0
15893 3986 0
15893 1943 0
15893 4524 0
6765 2598 0
6765 6765 0
6765 15988 0
6765 1653 0
6765 7812 0
6765 8865 0
6765 7851 0
6765 18728 0
6765 8477 0
6765 12584 0
6765 1388 0
6765 1940 1
6765 3561 0
15988 8881 0
15988 1388 0
15988 4305 0
15988 2338 0
15988 12584 0
15988 2598 0
15988 8844 0
15988 2718 0
15988 8865 0
15988 6977 0
15988 5329 0
15988 3378 0
15988 3426 0
15988 5529 0
15988 3561 0
15988 5389 0
15988 1653 0
15988 7812 0
15988 1689 0
15988 16031 0
15988 7851 0
15988 8477 0
15988 15988 0
15988 7893 0
15988 18728 0
15988 15671 0
15988 8039 0
15988 3986 0
15988 1940 1
15988 1943 0
15988 18332 0
15988 16308 0
15988 2023 1
1653 8477 0
1653 8881 0
1653 694 0
1653 9027 0
1653 17323 0
1653 1221 0
1653 1388 0
1653 1653 0
1653 1758 0
1653 1940 1
1653 1943 0
1653 2338 0
1653 2382 0
1653 2598 0
1653 3008 0
1653 3561 0
1653 20251 0
1653 3986 0
1653 4000 1
1653 8865 0
1653 12584 0
1653 4536 0
1653 4801 0
1653 18728 0
1653 5529 0
1653 5855 0
1653 6510 1
1653 6977 0
1653 7812 0
1653 7836 0
1653 16031 0
1653 7851 0
1653 7893 0
1653 8064 0
1653 16308 0
20 20 0
20 2280 0
20 4339 0
20 2338 0
20 4536 0
20 4694 0
20 2718 0
20 8867 0
20 4801 0
20 4822 0
20 729 0
20 5247 0
20 3221 0
20 5432 0
20 5469 0
20 1687 0
20 7893 0
20 3801 0
20 5855 0
20 5858 0
20 20251 0
20 5981 0
20 3986 0
20 6062 0
4220 1369 1
5247 8881 0
5247 2718 0
5247 3745 0
5247 4550 0
5247 729 0
5247 4339 0
5247 8467 0
5247 2338 0
5247 5432 0
5247 5469 0
5247 3986 0
5247 8089 0
5247 4536 0
5247 3561 0
5761 5761 2
5761 4524 1
5761 5389 1
5761 8867 1
5761 4550 1
5761 3441 1
7812 2598 0
7812 1388 0
7812 16031 0
7812 7850 0
7812 7851 0
7812 8881 0
7812 2793 0
7812 18728 0
7812 8477 0
7812 12584 0
7812 3986 0
7812 1940 1
7812 5981 0
7812 8865 0
7812 2023 1
7812 3561 0
6081 4801 0
6081 168 0
6081 4349 0
6081 2338 0
6081 2382 0
6081 4524 0
6081 4536 0
6081 2718 0
6081 8867 0
6081 8881 0
6081 729 0
6081 6910 0
6081 5389 0
6081 3378 0
6081 1369 1
6081 3426 0
6081 5529 0
6081 1513 0
6081 7851 0
6081 5855 0
6081 5432 0
6081 3986 0
6081 1943 0
6081 18332 0
6081 6081 0
8844 2598 0
8844 8881 0
8844 1689 0
8844 16031 0
8844 7851 0
8844 5329 0
8844 7893 0
8844 8039 0
8844 8477 0
8844 18728 0
8844 3378 0
8844 6977 0
8844 1369 1
8844 1388 0
8844 3986 0
8844 1943 0
8844 16308 0
8844 2023 1
8844 3561 0
3221 4874 0
3221 8467 0
3221 1369 1
3221 3441 0
3221 1943 0
3221 4524 0
3221 5117 0
1687 3426 0
1687 168 0
1687 4305 0
1687 4822 0
1687 2338 0
1687 4536 0
1687 4550 0
1687 4801 0
1687 4812 0
1687 747 0
1687 5072 0
1687 5981 0
1687 5329 0
1687 5365 0
1687 8064 0
1687 5432 0
1687 5469 0
1687 5521 0
1687 1687 0
1687 5855 0
1687 5858 0
1689 1369 1
1689 3745 0
1689 8867 0
1689 4305 0
1689 5866 0
1689 6910 0
1689 1388 0
1689 16762 0
1689 3986 0
1689 1943 0
1689 1439 0
1691 8867 0
1691 4780 0
1691 12600 0
1691 1221 0
1691 16762 0
7836 7836 0
7836 8867 0
7836 4812 0
7836 7893 0
7836 2280 0
7836 4868 1
7836 4874 0
7836 5432 0
7836 2382 0
7836 5521 0
7836 4550 0
7836 5072 0
7836 5117 0
2718 168 0
2718 8467 0
2718 2338 0
2718 12619 0
2718 5521 0
2718 4524 0
2718 4536 0
2718 4550 0
2718 2718 0
2718 8881 0
2718 4795 0
2718 4801 0
2718 1221 0
2718 5389 0
2718 5432 0
2718 5469 0
2718 3426 0
2718 1943 0
2718 1457 1
2718 3745 0
2718 5855 0
2718 5418 1
2718 8064 0
2718 3986 0
2718 18332 0
2718 16031 0
2718 2382 0
16031 1388 0
16031 8467 0
16031 18728 0
16031 6510 1
16031 2598 0
16031 8477 0
16031 8881 0
16031 747 0
16031 5365 0
16031 3426 0
16031 5521 0
16031 5529 0
16031 3561 0
16031 16031 0
16031 7850 0
16031 7851 0
16031 5981 0
16031 3986 0
16031 1943 0
16031 8865 0
16031 2023 1
5529 2598 0
5529 8867 0
5529 4780 0
5529 4801 0
5529 2793 0
5529 7893 0
5529 8477 0
5529 7851 0
5529 5529 0
5529 18728 0
5529 3426 0
5529 1388 0
5529 4463 0
5529 16762 0
5529 3986 0
5529 1940 1
5529 6510 1
5529 3561 0
8865 2598 0
8865 8881 0
8865 1388 0
8865 7851 0
8865 8477 0
8865 7893 0
8865 5855 0
8865 2793 0
8865 5866 0
8865 18728 0
8865 8467 0
8865 12584 0
8865 6977 0
8865 1369 1
8865 1940 1
8865 16308 0
8865 3561 0
8867 2280 0
8867 2338 0
8867 6510 1
8867 16850 0
8867 6655 0
8867 2598 0
8867 8867 0
8867 4795 0
8867 729 0
8867 5389 0
8867 5418 1
8867 3378 0
8867 3426 0
8867 1388 0
8867 16308 0
8867 3745 0
8867 7851 0
8867 7893 0
8867 3986 0
8867 1943 0
8867 18332 0
168 168 0
168 4812 0
168 2280 0
168 4339 0
168 20958 0
168 2382 0
168 4463 0
168 4694 0
168 2499 0
168 4780 0
168 4795 0
168 3028 1
168 5117 0
168 1221 0
168 5389 0
168 1369 1
168 5469 0
168 5521 0
168 5866 0
168 5981 0
3754 3745 0
3754 2338 0
3754 4524 0
3754 12600 0
3754 4550 0
3754 2382 0
3754 3801 0
3754 12619 0
3754 5469 0
3754 5855 0
3754 6510 1
7851 1388 0
7851 8467 0
7851 8477 0
7851 2338 0
7851 12584 0
7851 2598 0
7851 4801 0
7851 4874 0
7851 6977 0
7851 5329 0
7851 3378 0
7851 3561 0
7851 3745 0
7851 7851 0
7851 7893 0
7851 18728 0
7851 8039 0
7851 3986 0
7851 1940 1
7851 1943 0
7851 18332 0
7851 16308 0
7851 2023 1
4780 1457 1
4780 5981 0
4780 6977 0
4780 3745 0
4780 4780 0
4780 3801 0
4780 4339 0
4780 16151 0
4780 3441 0
4780 5521 0
4780 1429 0
4780 1943 0
4780 6062 0
8881 8881 0
8881 4339 0
8881 4349 0
8881 8467 0
8881 2338 0
8881 18728 0
8881 2382 0
8881 4536 0
8881 2598 0
8881 4795 0
8881 1221 0
8881 6510 1
8881 5469 0
8881 1388 0
8881 5521 0
8881 5365 0
8881 3561 0
8881 8477 0
8881 5855 0
8881 5895 0
8881 5981 0
8881 3986 0
8881 8089 0
8881 18332 0
8881 4000 1
694 5467 0
694 16058 0
694 2715 0
694 3745 0
694 7893 0
694 5866 0
694 9477 0
694 12600 0
694 12619 0
694 1369 1
694 3426 0
694 356 0
694 4463 0
694 20251 0
694 16308 0
694 3028 1
694 8152 0
16058 1369 1
16058 8152 0
4795 6062 0
4795 4795 0
4795 4305 0
4795 4822 0
4795 2280 0
4795 4339 0
4795 8467 0
4795 20251 0
4795 5469 0
4795 8089 0
4795 4524 0
4795 1457 1
4795 4536 0
4795 4550 0
4795 3561 0
12479 5866 0
12479 3441 0
12479 3740 1
4801 16308 0
4801 8089 0
4801 4801 0
4801 4349 0
4801 7893 0
4801 8467 0
4801 3378 0
4801 6977 0
4801 3986 0
4801 1943 0
4801 4000 1
1221 3426 0
1221 4305 0
1221 2280 0
1221 4550 0
1221 2598 0
1221 4694 0
1221 2793 0
1221 17323 0
1221 9160 0
1221 1221 0
1221 5389 0
1221 5432 0
1221 5469 0
1221 5521 0
1221 1513 0
1221 8467 0
1221 7850 0
1221 7893 0
1221 5855 0
1221 5981 0
1221 3986 0
1221 1940 1
1221 1943 0
1221 16308 0
1221 3745 0
716 3561 1
716 8467 1
716 3382 1
4812 4812 0
4812 5329 0
4812 4305 0
4812 5418 1
4812 5432 0
4812 5469 0
4812 1943 0
4812 4000 1
4812 4524 0
4812 4550 0
4812 5072 0
4305 4694 0
4305 5855 0
4305 7850 0
4305 1758 0
4305 5858 0
4305 2598 0
4305 4349 0
4305 7893 0
4305 5895 0
4305 4874 0
4305 5389 0
4305 18728 0
4305 5432 0
4305 3441 0
4305 747 0
4305 4524 0
4305 1457 1
4305 16850 0
4305 1513 0
7893 7893 0
7893 18728 0
7893 4463 0
7893 4550 0
7893 2598 0
7893 5329 0
7893 1388 0
7893 16308 0
7893 7850 0
7893 8477 0
7893 5855 0
7893 5981 0
7893 16293 1
4822 4874 0
4822 5855 0
4822 8039 0
4822 6510 1
4822 4550 0
4822 2338 0
4822 5329 0
4822 4822 0
4822 5858 0
4822 747 0
4822 5365 0
4822 5432 0
4822 4463 0
4822 3986 0
4822 4524 0
729 5469 0
729 3745 0
729 729 0
729 2280 0
729 4339 0
729 3801 0
729 2338 0
729 18270 0
729 3986 0
729 5981 0
729 20251 0
729 6062 0
1758 8064 0
1758 2338 0
1758 1758 0
1758 5981 0
1758 3311 0
8415 4874 0
8415 3986 0
8415 8415 0
8415 5981 0
8415 5855 0
8415 6510 1
5858 5855 0
5858 5858 0
5858 4349 0
5858 5418 1
5858 747 0
5858 8089 0
5858 17323 0
5858 4524 0
2598 1388 0
2598 8467 0
2598 8477 0
2598 2338 0
2598 12584 0
2598 2598 0
2598 6977 0
2598 5329 0
2598 5365 0
2598 3378 0
2598 3426 0
2598 3561 0
2598 18728 0
2598 20251 0
2598 5981 0
2598 3986 0
2598 1940 1
2598 1943 0
2598 18332 0
2598 16308 0
2598 2023 1
5329 17323 0
5329 8477 0
5329 18728 0
5329 3378 0
5329 5855 0
5329 8467 0
5329 8039 0
5329 1388 0
5329 6510 1
5329 3986 0
5329 16308 0
5329 5072 0
5329 2023 1
5329 3561 0
2280 5855 0
2280 2280 0
2280 18728 0
2280 13088 0
2280 5418 1
2280 5981 0
2280 3426 0
2280 3986 0
2793 8467 0
2793 16762 0
2793 6910 0
2793 9160 0
2793 5432 0
2793 5855 0
2793 1940 1
2793 16293 1
5866 3740 1
5866 3745 0
5866 5866 0
5866 4339 0
5866 9477 0
5866 2338 0
5866 5432 0
5866 12619 0
5866 12600 0
5866 356 0
747 4349 0
747 5432 0
747 1369 1
747 4463 0
747 4550 0
747 3028 1
3311 16345 1
3311 3382 0
3311 15671 0
3311 2382 0
3311 5981 0
3311 3311 0
18728 1388 0
18728 8477 0
18728 2338 0
18728 12584 0
18728 6510 1
18728 6910 0
18728 3378 0
18728 3426 0
18728 11621 0
18728 3561 0
18728 5855 0
18728 18728 0
18728 20251 0
18728 8039 0
18728 3986 0
18728 1940 1
18728 1943 0
18728 18332 0
18728 16308 0
18728 2023 1
4339 6062 0
4339 5469 0
4339 2730 1
4339 2338 0
4339 3801 0
4339 8467 0
4339 13129 0
4339 3986 0
4339 8477 0
4339 5981 0
4339 4524 0
5365 6510 1
5365 5365 0
5365 5432 0
5365 5855 0
5365 6977 0
5365 5521 0
5365 3986 0
5365 18332 0
5365 4000 1
5365 16308 0
5365 5072 0
4349 6977 0
4349 5855 0
4349 4349 0
4349 5389 0
4349 1369 1
4349 3426 0
4349 3986 0
4349 18332 0
4349 447 1
4349 5072 0
6910 6910 0
6910 5389 0
6910 2338 0
6910 2382 0
6910 1369 1
6910 3426 0
6910 8064 0
6910 6977 0
6910 8587 0
6910 7566 0
6910 3986 0
6910 4524 0
4352 4352 0
4352 4524 0
4352 1457 1
4352 3028 1
9477 3745 0
9477 5389 0
9477 3028 1
5895 5895 0
5895 5469 0
5895 3561 0
5895 1513 0
5895 5117 0
4874 2338 0
4874 5855 0
4874 7566 0
4874 4874 0
4874 13129 0
4874 8039 0
4874 5418 1
4874 5981 0
4874 8064 0
5389 2382 0
5389 4550 0
5389 4536 0
5389 2715 0
5389 5389 0
5389 5469 0
5389 5981 0
5389 1940 1
8467 16850 0
8467 4524 0
8467 6655 0
8467 6977 0
8467 3378 0
8467 5432 0
8467 1369 1
8467 1388 0
8467 8467 0
8467 20251 0
8467 5981 0
8467 8064 0
8467 16308 0
8467 7850 0
16151 3986 0
16151 1940 1
16151 16151 0
16151 17323 0
16151 3382 0
16151 13129 0
16151 8152 0
16151 1369 1
16151 3041 0
20251 12600 0
20251 5981 0
20251 20251 0
20251 2338 0
20251 5469 0
20251 6510 1
20251 3561 0
8477 2338 0
8477 12584 0
8477 4463 0
8477 6977 0
8477 3378 0
8477 3426 0
8477 1388 0
8477 3561 0
8477 5981 0
8477 3986 0
8477 1940 1
8477 1943 0
8477 18332 0
8477 16308 0
8477 2023 1
13088 3382 0
13088 1369 1
13088 447 1
2338 3801 0
2338 2338 0
2338 6510 1
2338 4463 0
2338 2499 0
2338 4550 0
2338 4694 0
2338 2730 1
2338 9160 0
2338 5072 0
2338 5981 0
2338 18270 0
2338 5432 0
2338 1369 1
2338 5469 0
2338 3426 0
2338 1388 0
2338 1429 0
2338 3745 0
2338 3986 0
2338 1943 0
2338 6062 0
2338 7850 0
12584 1388 0
12584 12584 0
12584 2382 0
12584 3986 0
12584 1940 1
12584 1457 1
12584 3561 0
5418 5418 2
5418 20958 1
5418 13129 1
5418 5072 1
5418 16850 1
5418 5981 1
5418 5855 1
5418 3426 1
5418 5117 1
18731 2542 1
3378 3745 0
3378 3378 0
3378 3426 0
3378 11621 0
3378 1940 1
3378 2023 1
3382 4694 0
3382 447 1
3382 3008 0
3382 1439 0
15671 15671 0
15671 3745 0
15671 1369 1
15671 5981 0
15671 1388 0
15671 16293 1
15671 1457 1
5432 4536 0
5432 4550 0
5432 2499 0
5432 2715 0
5432 2994 0
5432 5072 0
5432 5432 0
5432 5469 0
5432 5521 0
5432 3745 0
5432 3801 0
5432 5855 0
5432 5981 0
5432 1940 1
5432 1943 0
5855 17323 0
5855 2382 0
5855 4463 0
5855 4524 0
5855 4536 0
5855 4550 0
5855 2499 0
5855 5469 0
5855 3561 0
5855 3745 0
5855 5855 0
5855 16308 0
5855 5981 0
5855 8089 0
5440 1943 0
5440 5440 0
5440 2730 1
6977 16762 0
6977 6510 1
6977 4463 0
6977 6977 0
6977 1388 0
6977 3745 0
6977 16293 1
6977 6062 0
9027 1369 1
9027 5981 0
9027 3986 0
9027 1943 0
9027 18332 0
9027 3028 1
13129 3801 0
13129 13129 0
13129 1369 1
13129 8587 0
12619 3745 0
12619 1369 1
12619 5467 0
12619 4463 0
12619 3028 1
2382 2382 0
2382 4463 0
2382 8587 0
2382 4524 0
2382 4550 0
2382 4694 0
2382 17323 0
2382 5072 0
2382 1369 1
2382 8064 0
2382 7850 0
12600 5467 0
12600 4463 0
12600 3028 1
1369 2715 1
1369 20958 1
1369 1369 2
1369 5467 1
1369 11621 1
1369 4463 1
1369 8064 1
1369 8587 1
1369 5521 1
1369 3986 1
1369 8089 1
1369 2499 1
1369 16337 1
1369 8152 1
1369 3041 1
1369 3561 1
5467 5521 0
5467 3745 0
5467 16308 0
5469 7850 0
5469 4524 0
5469 4536 0
5469 4694 0
5469 5072 0
5469 5981 0
5469 5469 0
5469 5521 0
5469 3986 0
5469 1943 0
18270 3986 0
18270 6062 0
18270 4536 0
18270 18270 0
4694 4694 0
4694 3986 0
4694 4536 0
4694 4550 0
3426 16308 0
3426 4550 0
3426 6655 0
3426 2730 1
3426 3426 0
3426 1388 0
3426 5981 0
3426 3745 0
3426 8064 0
3426 3986 0
3426 1943 0
356 4463 0
356 3028 1
11621 1940 1
11621 8039 0
2730 1943 1
2730 18332 1
2730 2994 1
2730 3008 1
2730 1513 1
8039 8039 0
8039 7850 0
8039 1388 0
8039 1940 1
8039 16308 0
8039 3561 0
1388 1388 0
1388 16762 0
1388 3561 0
1388 5981 0
1388 3986 0
1388 1940 1
1388 1943 0
1388 18332 0
1388 16308 0
6510 3986 1
6510 1429 1
6510 5981 1
6510 7850 1
4463 4463 0
4463 4524 0
4463 4536 0
4463 4550 0
4463 3745 0
4463 8064 0
4463 3986 0
4463 1943 0
4463 8089 0
4463 16308 0
3441 4550 0
3441 3441 0
3441 1513 0
1513 8587 0
1513 1457 1
1513 1513 0
16762 9160 0
16762 5981 0
16762 1940 1
16762 2023 1
8064 5981 0
8064 16345 1
8064 8064 0
8064 3986 0
8064 8089 0
8064 4550 0
8587 17323 0
8587 1940 1
7566 3028 1
7566 7566 0
5521 5521 0
5521 3986 0
5521 4536 0
5521 5072 0
3986 447 1
3986 1429 0
3986 1439 0
3986 1940 1
3986 3008 0
3986 3561 0
3986 3745 0
3986 3986 0
3986 4550 0
3986 5981 0
3986 7850 0
3986 8089 0
3986 16293 1
3986 16337 0
1940 7850 1
1940 3801 1
1940 8089 1
1940 1940 2
1940 3561 1
1429 1943 0
1943 3008 0
1943 9160 0
1943 16337 0
1943 3745 0
1943 5981 0
1943 1943 0
1943 16293 1
8089 5981 0
8089 8089 0
8089 4524 0
8089 4536 0
8089 3008 0
18332 3008 0
18332 16293 1
1439 5981 0
1439 1439 0
4000 5072 1
2715 2715 0
2715 1457 1
16293 17323 1
16293 16308 1
16293 16337 1
16293 6655 1
5981 16850 0
5981 3561 0
5981 5981 0
5981 16308 0
17323 2023 1
4524 4524 0
4524 6655 0
4524 5072 0
4524 3561 0
4524 3028 1
4524 5117 0
6062 4550 0
1457 16850 1
1457 5117 1
2994 2994 0
2994 3008 0
16308 16308 0
16308 7850 0
4536 3745 0
4536 4536 0
4536 4550 0
4536 3028 1
3008 3008 0
2499 2499 0
2499 3028 1
4550 4550 0
4550 5072 0
4550 3028 1
3745 3745 0
3745 16345 1
9160 6655 0
5072 5072 0
5072 16850 0
16850 16850 0
16850 5117 0
3028 3041 1
16345 2542 1
2023 6655 1
3561 7850 0
5117 5117 0
