2048 2048 0
2048 6165 0
2048 53 0
2048 8254 0
2048 4110 0
2048 2338 0
2048 389 0
2048 4547 0
2048 2594 0
2048 2709 0
2048 2712 0
2048 8867 0
2048 8881 0
2048 6883 1
2048 8934 0
2048 4859 0
2048 4956 0
2048 861 0
2048 5026 0
2048 2997 0
2048 13355 0
2048 13512 0
2048 3283 1
2048 3426 0
2048 19879 0
2048 15873 0
2048 1591 0
2048 1680 0
2048 3802 0
2048 3927 0
2048 5981 0
2048 5994 0
2048 3986 0
2048 1943 0
2048 6065 0
2048 6068 0
2048 2722 0
15873 8254 0
15873 1680 0
15873 3283 1
15873 18165 0
15873 5980 1
15873 5981 0
15873 3426 0
15873 3461 0
15873 3986 0
15873 6068 0
4110 4110 0
4110 2069 0
4110 53 0
4110 14396 0
4110 8254 0
4110 338 0
4110 2594 0
4110 2596 0
4110 2709 0
4110 2712 0
4110 7373 0
4110 3283 1
4110 19879 0
4110 1591 0
4110 1620 0
4110 13939 0
4110 5980 1
4110 5981 0
4110 6068 0
4110 2722 0
6160 6163 0
6160 6165 0
6160 6160 0
6160 2338 0
6160 338 0
6160 2458 0
6160 4547 0
6160 4561 0
6160 562 1
6160 2709 0
6160 2722 0
6160 8867 0
6160 2881 0
6160 2947 0
6160 3426 0
6160 3447 0
6160 2997 0
6160 1620 0
6160 3729 0
6160 5980 1
6160 5981 0
6160 3986 0
6160 1943 0
6160 6065 0
6160 6068 0
6163 6163 0
6163 6165 0
6163 2280 0
6163 2338 0
6163 338 0
6163 2458 0
6163 4534 0
6163 4547 0
6163 562 1
6163 2712 0
6163 8867 0
6163 8881 0
6163 13061 0
6163 861 0
6163 2947 0
6163 3426 0
6163 3429 0
6163 3447 0
6163 3461 0
6163 1591 0
6163 2997 0
6163 5855 0
6163 5980 1
6163 5981 0
6163 1927 0
6163 3986 0
6163 1943 0
6163 18332 0
6163 6068 0
6165 2069 0
6165 8881 0
6165 53 0
6165 2280 0
6165 6165 0
6165 2338 0
6165 2458 0
6165 4534 0
6165 4537 0
6165 4547 0
6165 19879 0
6165 2594 0
6165 561 0
6165 562 1
6165 2709 0
6165 2712 0
6165 2722 0
6165 861 0
6165 2947 0
6165 2997 0
6165 7131 0
6165 13512 0
6165 3283 1
6165 3426 0
6165 3447 0
6165 1591 0
6165 1620 0
6165 1680 0
6165 3802 0
6165 5855 0
6165 5980 1
6165 5981 0
6165 1927 0
6165 3986 0
6165 1943 0
6165 18332 0
6165 6065 0
6165 6068 0
6165 8867 0
2594 2069 0
2594 53 0
2594 8254 0
2594 2338 0
2594 338 0
2594 2458 0
2594 4547 0
2594 13061 0
2594 2594 0
2594 2596 0
2594 561 0
2594 2709 0
2594 2722 0
2594 8867 0
2594 8881 0
2594 8934 0
2594 6977 0
2594 4956 0
2594 861 0
2594 5026 0
2594 2997 0
2594 3267 1
2594 7373 0
2594 3283 1
2594 3426 0
2594 3429 0
2594 19879 0
2594 3533 0
2594 1591 0
2594 1680 0
2594 3802 0
2594 5855 0
2594 3927 0
2594 5994 0
2594 1927 0
2594 2712 0
2594 3986 0
2594 1943 0
2594 18332 0
2594 6065 0
2594 6068 0
2596 2596 0
2596 5981 0
2596 561 0
2596 53 0
2596 8254 0
2596 3429 0
2596 1680 0
2596 2712 0
2596 2722 0
2596 8867 0
2596 8881 0
2596 3283 1
2596 3802 0
2596 5855 0
2596 2338 0
2596 6977 0
2596 3267 1
2596 338 0
2596 4956 0
2596 3426 0
2596 3986 0
2596 1943 0
2596 2458 0
2596 18332 0
2596 5026 0
2596 19879 0
2596 6065 0
2596 2997 0
2596 3533 0
2596 3574 0
12838 12838 0
12838 1620 0
12838 13512 0
12838 5855 0
12838 8934 0
12838 2280 0
12838 3353 0
12838 3354 0
12838 2338 0
12838 338 0
12838 6883 1
12838 5980 1
12838 5981 0
12838 3446 0
5980 561 1
5980 53 1
5980 5180 1
5980 1620 1
5980 14396 1
5980 3729 1
5980 2712 1
5980 8881 1
5980 3267 2
5980 7373 1
5980 4305 1
5980 5855 1
5980 6378 1
5980 8940 1
5980 4859 1
5980 18049 1
5980 3353 1
5980 13512 1
5980 2338 1
5980 13939 1
5980 2881 1
5980 1350 1
5980 338 1
5980 3426 1
5980 3429 1
5980 3446 1
5980 3447 1
5980 11669 1
5980 8064 1
5980 2947 1
5980 3461 1
5980 3986 1
5980 915 1
5980 1943 1
5980 2458 1
5980 18332 1
5980 2976 1
5980 19879 1
5980 6065 1
5980 6068 1
5980 2997 1
5980 18165 1
5980 16369 1
13355 2069 0
13355 6378 0
13355 389 0
13355 2458 0
13355 4804 0
13355 15247 1
13355 3283 1
13355 3429 0
13355 4547 0
13355 19879 0
13355 3574 0
13355 3802 0
13355 5855 0
13355 1927 0
13355 1943 0
13355 6068 0
5981 53 0
5981 8254 0
5981 338 0
5981 561 0
5981 562 1
5981 8881 0
5981 8940 0
5981 915 0
5981 1350 0
5981 1591 0
5981 1620 0
5981 18049 0
5981 18165 0
5981 1943 0
5981 2280 0
5981 2338 0
5981 2458 0
5981 18852 0
5981 2709 0
5981 2712 0
5981 2722 0
5981 2947 0
5981 2976 0
5981 2997 0
5981 3354 0
5981 3426 0
5981 3429 0
5981 3446 0
5981 3447 0
5981 3461 0
5981 19879 0
5981 3574 0
5981 3729 0
5981 3802 0
5981 3986 0
5981 4371 0
5981 4385 0
5981 4859 0
5981 13061 0
5981 4956 0
5981 5025 0
5981 5180 0
5981 13939 0
5981 5855 0
5981 5981 0
5981 6065 0
5981 6068 0
5981 14396 0
5981 6378 0
5981 6883 1
5981 7373 0
5981 8064 0
5981 16369 0
561 2069 0
561 6378 0
561 8432 0
561 4385 0
561 389 0
561 2458 0
561 4547 0
561 561 0
561 2712 0
561 6883 1
561 4859 0
561 4956 0
561 6977 0
561 861 0
561 3353 0
561 3354 0
561 3461 0
561 19879 0
561 3574 0
561 13939 0
561 1680 0
561 3729 0
561 5855 0
561 5994 0
561 1927 0
561 6068 0
562 3461 1
562 2709 1
562 2712 1
562 2722 1
562 8867 1
562 562 2
562 4534 1
562 4537 1
562 5026 1
562 4561 1
562 2280 1
6708 861 0
6708 3426 0
6708 1680 0
6708 2709 0
6708 3267 1
6708 4305 0
6708 3283 1
6708 4956 0
6708 1943 0
6708 6065 0
6708 2997 0
53 53 0
53 2338 0
53 338 0
53 2458 0
53 19879 0
53 2712 0
53 2722 0
53 8867 0
53 8881 0
53 4956 0
53 2997 0
53 7131 0
53 861 0
53 3283 1
53 3354 0
53 3446 0
53 3533 0
53 1591 0
53 1680 0
53 3729 0
53 3802 0
53 5855 0
53 3927 0
53 8064 0
53 1927 0
53 1943 0
53 6065 0
53 6068 0
1591 3446 0
1591 2280 0
1591 2338 0
1591 338 0
1591 2458 0
1591 4534 0
1591 4537 0
1591 2712 0
1591 2722 0
1591 8867 0
1591 8881 0
1591 6883 1
1591 13061 0
1591 4956 0
1591 861 0
1591 18852 0
1591 5026 0
1591 3267 1
1591 3353 0
1591 3426 0
1591 3429 0
1591 19879 0
1591 3533 0
1591 1591 0
1591 2997 0
1591 1620 0
1591 3802 0
1591 5855 0
1591 3986 0
1591 1943 0
1591 18332 0
1591 6065 0
5180 5180 0
5180 3283 1
5180 6065 0
5180 2997 0
8254 2709 0
8254 8881 0
8254 3283 1
8254 3802 0
8254 6883 1
8254 13061 0
8254 13512 0
8254 2338 0
8254 6977 0
8254 338 0
8254 4956 0
8254 3426 0
8254 3429 0
8254 3986 0
8254 1943 0
8254 2458 0
8254 19879 0
8254 18332 0
8254 6065 0
8254 2997 0
1620 2069 0
1620 14396 0
1620 2280 0
1620 4371 0
1620 2338 0
1620 338 0
1620 2458 0
1620 4534 0
1620 4537 0
1620 4561 0
1620 4694 0
1620 4547 0
1620 2709 0
1620 2712 0
1620 2722 0
1620 8867 0
1620 4804 0
1620 4956 0
1620 18852 0
1620 15247 1
1620 1620 0
1620 5855 0
1620 8064 0
1620 3986 0
1620 1943 0
1620 18332 0
4694 4694 0
4694 8283 1
4694 4305 0
4694 2338 0
4694 861 0
4694 15240 1
4694 3986 0
4694 4534 0
4694 4537 0
8283 3533 1
13939 915 0
13939 13939 0
13939 6068 0
13939 3267 1
13939 4859 0
11386 3267 1
11386 5855 0
11386 6883 1
2069 2069 0
2069 4956 0
2069 13061 0
2069 8881 0
2069 1680 0
2069 4547 0
2069 2709 0
2069 3267 1
2069 4305 0
2069 3283 1
2069 3802 0
2069 5855 0
2069 3354 0
2069 2338 0
2069 6977 0
2069 338 0
2069 861 0
2069 3426 0
2069 3729 0
2069 3446 0
2069 8064 0
2069 3986 0
2069 1943 0
2069 2458 0
2069 6065 0
2069 2997 0
2069 3574 0
18049 18049 0
18049 5855 0
18049 6883 1
18049 3446 0
18049 3447 0
1680 2338 0
1680 2458 0
1680 2712 0
1680 2722 0
1680 8867 0
1680 8881 0
1680 13061 0
1680 6977 0
1680 861 0
1680 2997 0
1680 3267 1
1680 13512 0
1680 3283 1
1680 3426 0
1680 3429 0
1680 19879 0
1680 3533 0
1680 3802 0
1680 3986 0
1680 1943 0
1680 18332 0
1680 6065 0
3729 4305 0
3729 4371 0
3729 4547 0
3729 2722 0
3729 8867 0
3729 8881 0
3729 4859 0
3729 2976 0
3729 3283 1
3729 3353 0
3729 3354 0
3729 3729 0
3729 3802 0
3729 5855 0
3729 3927 0
3729 1927 0
3729 1943 0
17555 17555 2
2709 2280 0
2709 2338 0
2709 338 0
2709 2458 0
2709 4547 0
2709 2881 0
2709 2709 0
2709 2712 0
2709 2722 0
2709 8881 0
2709 6883 1
2709 4859 0
2709 13061 0
2709 6977 0
2709 4956 0
2709 861 0
2709 915 0
2709 5026 0
2709 7373 0
2709 3426 0
2709 3461 0
2709 19879 0
2709 3802 0
2709 5855 0
2709 8064 0
2709 3986 0
2709 1943 0
2709 18332 0
2709 6068 0
2712 2338 0
2712 338 0
2712 389 0
2712 2712 0
2712 2722 0
2712 8867 0
2712 8881 0
2712 4859 0
2712 2881 0
2712 4956 0
2712 861 0
2712 6977 0
2712 15240 1
2712 915 0
2712 2976 0
2712 5026 0
2712 2997 0
2712 13512 0
2712 3354 0
2712 3426 0
2712 3429 0
2712 4547 0
2712 3446 0
2712 3461 0
2712 19879 0
2712 3533 0
2712 3802 0
2712 5855 0
2712 8064 0
2712 3986 0
2712 1943 0
2712 18332 0
2712 6065 0
2712 6068 0
2712 16369 0
2722 2338 0
2722 338 0
2722 4537 0
2722 4547 0
2722 18852 0
2722 19879 0
2722 2881 0
2722 13061 0
2722 2722 0
2722 6883 1
2722 4859 0
2722 6977 0
2722 861 0
2722 915 0
2722 5026 0
2722 7373 0
2722 3426 0
2722 3429 0
2722 3446 0
2722 3461 0
2722 3533 0
2722 2997 0
2722 3802 0
2722 5855 0
2722 8064 0
2722 1927 0
2722 3986 0
2722 1943 0
2722 18332 0
2722 6065 0
2722 6068 0
8867 2280 0
8867 2338 0
8867 338 0
8867 2458 0
8867 4547 0
8867 8867 0
8867 8940 0
8867 861 0
8867 2947 0
8867 5026 0
8867 13061 0
8867 3447 0
8867 3283 1
8867 3426 0
8867 3446 0
8867 3461 0
8867 19879 0
8867 3802 0
8867 3986 0
8867 1943 0
8867 18332 0
8867 6068 0
8881 8881 0
8881 6378 0
8881 2338 0
8881 4547 0
8881 4561 0
8881 2881 0
8881 861 0
8881 18852 0
8881 15247 1
8881 2976 0
8881 3353 0
8881 3446 0
8881 11669 0
8881 19879 0
8881 3802 0
8881 5855 0
8881 3927 0
8881 5994 0
8881 3986 0
8881 18332 0
8881 6068 0
3267 8432 1
3267 389 1
3267 1927 1
3267 18852 1
3267 4547 1
3267 4561 1
3267 7131 1
3267 3574 1
4804 4804 0
4804 3802 0
4804 3283 1
4804 338 0
4804 5994 0
4804 15247 1
4804 3986 0
13512 3283 1
13512 5855 0
13512 6883 1
13512 8934 0
13512 13512 0
13512 3927 0
13512 3446 0
13512 389 0
7373 7373 0
7373 5855 0
7373 13061 0
7373 5994 0
7373 15247 1
4305 5855 0
4305 6883 1
4305 4859 0
4305 4371 0
4305 3353 0
4305 3354 0
4305 1350 0
4305 3927 0
4305 861 0
4305 2997 0
3283 19879 1
3283 3283 2
3283 3802 1
3283 5855 1
3283 8934 1
3283 6378 1
3283 13061 1
3283 4371 1
3283 3354 1
3283 4385 1
3283 2338 1
3283 6977 1
3283 3927 1
3283 4956 1
3283 861 1
3283 3426 1
3283 3429 1
3283 5994 1
3283 2947 1
3283 1927 1
3283 3986 1
3283 915 1
3283 1943 1
3283 2458 1
3283 18332 1
3283 2976 1
3283 5025 1
3283 5026 1
3283 6065 1
3283 6068 1
3283 2997 1
3283 4534 1
3283 4537 1
3283 4547 1
3283 3533 1
3283 3574 1
3802 6378 0
3802 2338 0
3802 338 0
3802 2458 0
3802 13061 0
3802 4859 0
3802 6977 0
3802 4956 0
3802 15247 1
3802 5026 0
3802 2997 0
3802 3927 0
3802 861 0
3802 1350 0
3802 3446 0
3802 3426 0
3802 3429 0
3802 3461 0
3802 19879 0
3802 3533 0
3802 3802 0
3802 5855 0
3802 3986 0
3802 1943 0
3802 6065 0
5855 2280 0
5855 6378 0
5855 4371 0
5855 389 0
5855 2458 0
5855 4534 0
5855 4547 0
5855 19879 0
5855 13061 0
5855 6883 1
5855 4859 0
5855 2881 0
5855 4956 0
5855 861 0
5855 2947 0
5855 18852 0
5855 3353 0
5855 3354 0
5855 1350 0
5855 3446 0
5855 3447 0
5855 3461 0
5855 5855 0
5855 5994 0
5855 1927 0
5855 16369 0
5855 6068 0
6883 861 1
6883 14396 1
6883 8940 1
6883 2338 1
6883 6883 2
6883 8934 1
6883 2280 1
6883 8432 1
6883 4859 1
6883 4371 1
6883 3353 1
6883 3354 1
6883 2881 1
6883 1350 1
6883 3927 1
6883 5994 1
6883 3446 1
6883 3447 1
6883 389 1
6883 11669 1
6883 5025 1
6883 18852 1
6883 6068 1
8934 13061 0
8934 19879 0
8934 8940 0
8934 3927 0
8934 6977 0
8934 3986 0
8934 1943 0
8934 3533 0
8934 3574 0
2280 2280 0
2280 3927 0
2280 3426 0
2280 3446 0
2280 3447 0
2280 2947 0
2280 3986 0
6378 6378 0
6378 4859 0
6378 8064 0
6378 4371 0
6378 3354 0
6378 15240 1
6378 6977 0
6378 1350 0
6378 4956 0
6378 861 0
6378 16369 0
6378 3429 0
6378 3446 0
6378 3447 0
6378 2947 0
6378 3986 0
6378 5026 0
8940 8940 0
8940 3353 0
8940 3354 0
8432 1350 0
18165 3461 0
18165 15247 1
18165 3986 0
18165 6068 0
4859 4371 0
4859 389 0
4859 4534 0
4859 4547 0
4859 4859 0
4859 2881 0
4859 3354 0
4859 3446 0
4859 19879 0
4859 1927 0
4859 3986 0
4859 6065 0
13061 4534 0
13061 4547 0
13061 4956 0
13061 15247 1
13061 2976 0
13061 13061 0
13061 3426 0
13061 3429 0
13061 19879 0
13061 3927 0
13061 1927 0
13061 6068 0
4371 4371 0
4371 3353 0
4371 3354 0
4371 1350 0
4371 861 0
4371 5994 0
4371 3446 0
4371 8064 0
4371 3986 0
4371 2458 0
4371 19879 0
3353 861 0
3353 3353 0
3353 3354 0
3354 2338 0
3354 4956 0
3354 861 0
3354 3354 0
3354 3447 0
3354 1927 0
389 8064 0
389 1350 0
389 4956 0
389 3426 0
389 3446 0
389 3447 0
389 389 0
389 2458 0
389 6068 0
389 4547 0
389 3574 0
4385 4547 0
4385 15247 1
2338 2338 0
2338 2997 0
2338 3426 0
2338 4547 0
2338 3461 0
2338 19879 0
2338 3927 0
2338 5994 0
2338 6065 0
2338 1927 0
2338 3986 0
2338 1943 0
2338 6068 0
6977 4547 0
6977 6977 0
6977 15240 1
6977 2997 0
6977 3574 0
6977 3927 0
6977 16369 0
1350 5994 0
1350 1350 0
1350 3446 0
1350 3447 0
338 338 0
338 2458 0
338 2881 0
338 4956 0
338 15247 1
338 7131 0
338 3446 0
338 3461 0
338 19879 0
338 3927 0
338 1927 0
338 6068 0
3927 3927 0
3927 4956 0
3927 5994 0
3927 3986 0
3927 1943 0
3927 2458 0
3927 5026 0
3927 19879 0
3927 6065 0
3927 2997 0
4956 4547 0
4956 4956 0
4956 15247 1
4956 861 0
4956 3426 0
4956 19879 0
4956 18332 0
4956 3574 0
4956 1927 0
4956 3986 0
4956 1943 0
861 4547 0
861 861 0
861 3426 0
861 3446 0
861 11669 0
861 19879 0
861 5994 0
861 1927 0
861 3986 0
861 6068 0
3426 2458 0
3426 4547 0
3426 2997 0
3426 3426 0
3426 3429 0
3426 3461 0
3426 11669 0
3426 19879 0
3426 8064 0
3426 1927 0
3426 3986 0
3426 1943 0
3426 6065 0
3426 6068 0
3429 18332 0
3429 3986 0
3429 1927 0
3429 1943 0
3429 2458 0
3429 6065 0
3429 2997 0
14396 14396 0
5994 4547 0
5994 915 0
5994 3446 0
5994 3461 0
5994 5994 0
3446 5025 0
3446 3446 0
3446 3447 0
3446 19879 0
3446 3574 0
3446 16369 0
3446 6068 0
3447 3574 0
3447 3447 0
8064 8064 0
8064 15240 1
8064 3986 0
8064 915 0
8064 6068 0
8064 4534 0
2947 2947 0
3461 2881 0
3461 3461 0
3461 1927 0
3461 3986 0
1927 4534 0
1927 2881 0
1927 2997 0
1927 19879 0
1927 3986 0
1927 1943 0
1927 6065 0
15240 16369 1
15240 15240 2
15240 7131 1
15247 3986 1
15247 19879 1
15247 6065 1
15247 2997 1
3986 19879 0
3986 3574 0
3986 3986 0
3986 4534 0
3986 4547 0
3986 6068 0
3986 18852 0
3986 7131 0
915 6068 0
915 4547 0
915 915 0
915 4534 0
915 4537 0
11669 19879 0
11669 11669 0
1943 4547 0
1943 19879 0
1943 2997 0
1943 7131 0
1943 1943 0
1943 6068 0
2458 19879 0
2458 4547 0
2458 2458 0
2458 3574 0
18332 4547 0
18332 19879 0
18332 6068 0
2976 2881 0
2976 2976 0
5025 5025 0
5026 19879 0
5026 4534 0
5026 4537 0
19879 4534 0
19879 4537 0
19879 19879 0
19879 3533 0
19879 2997 0
19879 6065 0
19879 6068 0
6065 4547 0
6065 2997 0
6065 6065 0
6065 6068 0
6068 4547 0
6068 2997 0
6068 6068 0
2997 4547 0
2997 2997 0
4534 4537 0
4534 4534 0
4534 2881 0
4537 2881 0
4537 4537 0
4547 2881 0
4547 4547 0
4547 3574 0
3533 3533 0
4561 4561 0
7131 7131 0
3574 3574 0
2881 2881 0
