13185 2695 1
13185 4745 1
13185 25 0
13185 1572 0
13185 2472 0
13185 45 0
13185 711 0
13185 1626 0
13185 6627 0
6147 6147 0
6147 8467 0
6147 6730 0
6147 4739 1
6147 4745 1
6147 13061 0
6147 988 0
6147 1605 0
6147 1620 0
6147 1653 0
6147 3986 0
4740 4739 2
4740 4740 2
4740 8467 1
4740 6814 1
4740 7379 1
4740 176 1
4740 186 1
4740 1605 1
4740 13135 1
4740 1620 1
4740 16157 1
4740 3561 1
4740 3986 1
4740 3571 1
4740 4215 2
4740 6780 2
15877 4739 2
15877 6780 2
15877 4209 2
15877 4210 2
15877 1653 1
5766 5766 0
5766 4209 1
5766 4210 1
2695 4745 2
2695 12885 1
2695 3986 1
2695 5143 1
2695 25 1
2695 1572 1
2695 2599 1
2695 2472 1
2695 45 1
2695 13061 1
2695 1605 1
2695 711 1
2695 2338 1
2695 1626 1
2695 6627 1
2695 17323 1
2695 4215 2
2695 2783 1
4745 5143 1
4745 25 1
4745 1572 1
4745 45 1
4745 6730 1
4745 12885 1
4745 1626 1
4745 8805 1
4745 6251 1
4745 4211 1
4745 4212 2
4745 4213 2
4745 4214 2
4745 4215 2
4745 4745 2
4745 12443 2
4745 8893 1
4745 711 1
4745 2783 1
4745 13061 1
4745 8467 1
4745 3862 1
4745 13135 1
4745 6814 1
4745 988 1
4745 6627 1
4745 3561 1
4745 3571 1
3986 176 0
3986 186 0
3986 711 0
3986 1572 0
3986 1605 0
3986 1620 0
3986 1626 0
3986 1653 0
3986 2338 0
3986 2472 0
3986 2599 0
3986 2783 0
3986 3561 0
3986 3986 0
3986 6730 0
3986 6814 0
3986 7379 0
8467 2599 0
8467 2783 0
8467 8467 0
3862 4215 1
5143 25 0
5143 6814 0
5143 45 0
5143 1626 0
5143 1653 0
25 1572 0
25 2472 0
25 45 0
25 711 0
25 6627 0
25 1626 0
25 4211 0
12443 4212 2
12443 4215 2
16157 1620 0
16157 1653 0
16157 4739 1
16157 16157 0
16157 7039 1
6814 13061 0
6814 176 0
6814 6730 0
6814 4215 1
13061 711 0
13061 13061 0
13061 1653 0
2338 4214 1
2338 2338 0
2338 2472 0
2338 2599 0
2338 1605 0
2338 1620 0
2338 1653 0
2338 988 0
1572 2472 0
1572 45 0
1572 1626 0
2599 2599 0
2599 1605 0
2599 4212 1
2599 2500 0
2599 3561 0
2472 45 0
2472 1620 0
2472 1626 0
2472 4739 1
17323 1653 0
17323 7039 1
45 711 0
45 1626 0
45 6627 0
176 4739 1
176 176 0
176 186 0
176 8893 0
176 7379 0
176 1653 0
176 6780 1
3571 1620 0
3571 3561 0
4212 2500 1
4212 6251 1
4212 4739 2
4212 4212 2
4212 4213 2
4212 4215 2
186 186 0
186 4739 1
8893 4215 1
4213 4739 2
4213 4215 2
2500 4215 1
2500 2500 0
1605 1605 0
711 711 0
711 1626 0
711 3561 0
6730 4215 1
7379 1620 0
7379 4215 1
7379 7379 0
1620 4739 1
1620 1620 0
1620 988 0
12885 12885 0
12885 7039 1
1626 6627 0
988 4215 1
988 988 0
2783 2783 0
2783 3561 0
2783 1653 0
8805 4215 1
3561 1653 0
6251 6251 0
4209 4210 2
4211 4214 1
4211 4215 1
4739 4214 2
4739 4215 2
4739 6780 2
4739 1653 1
4739 7531 2
4739 7039 2
1653 1653 0
4214 4214 2
4214 4215 2
4215 7531 2
4215 4215 2
4215 6780 2
7531 6780 2
7039 7039 2
