2048 2048 0
2048 20 1
2048 6165 0
2048 4145 0
2048 53 0
2048 8254 0
2048 8267 0
2048 4110 0
2048 8301 0
2048 4256 0
2048 4301 0
2048 237 0
2048 2338 0
2048 4547 0
2048 2594 0
2048 2606 0
2048 2712 0
2048 2718 0
2048 8867 0
2048 2724 0
2048 4801 0
2048 4956 0
2048 861 0
2048 5005 0
2048 5026 0
2048 2997 0
2048 13355 0
2048 3141 0
2048 3283 1
2048 1259 0
2048 3426 0
2048 1383 0
2048 1384 0
2048 19879 0
2048 1605 0
2048 1680 0
2048 1687 0
2048 3782 0
2048 7893 0
2048 3802 0
2048 1765 0
2048 5981 0
2048 3986 0
2048 1943 0
2048 6065 0
2048 6068 0
2048 2722 0
6147 6147 0
6147 6163 0
6147 20 1
6147 6165 0
6147 6162 0
6147 6164 0
6147 4256 0
6147 8403 0
6147 18146 0
6147 2340 0
6147 4524 0
6147 4553 0
6147 2594 0
6147 4744 0
6147 2718 0
6147 2722 0
6147 4801 0
6147 729 0
6147 6915 0
6147 13061 0
6147 4916 0
6147 871 0
6147 2962 0
6147 915 0
6147 2997 0
6147 988 0
6147 509 1
6147 13355 0
6147 17534 0
6147 5247 0
6147 1170 0
6147 19879 0
6147 1259 0
6147 5366 0
6147 5422 0
6147 3426 0
6147 1383 0
6147 1384 0
6147 5501 0
6147 6065 0
6147 1605 0
6147 1620 0
6147 1653 0
6147 3729 0
6147 1718 0
6147 3782 0
6147 5855 0
6147 7917 0
6147 18728 0
6147 3886 0
6147 8024 0
6147 3986 0
6147 1943 0
6147 8112 0
4102 4102 0
4102 2059 0
4102 6162 0
4102 6163 0
4102 20 1
4102 6165 0
4102 1605 0
4102 6160 0
4102 1653 0
4102 6164 0
4102 3729 0
4102 1687 0
4102 3225 0
4102 676 1
4102 3801 0
4102 2280 0
4102 3336 0
4102 287 0
4102 2338 0
4102 5422 0
4102 4916 0
4102 5469 0
4102 1927 0
4102 3986 0
4102 2494 0
2059 2059 0
2059 20 1
2059 22 0
2059 5469 0
2059 8254 0
2059 4185 0
2059 6166 0
2059 16530 0
2059 8391 0
2059 4300 0
2059 4314 0
2059 4339 0
2059 287 0
2059 2340 0
2059 4524 0
2059 4536 0
2059 4546 0
2059 509 1
2059 4704 0
2059 4744 0
2059 2718 0
2059 4818 0
2059 729 0
2059 6907 0
2059 13061 0
2059 827 0
2059 9048 0
2059 864 0
2059 2989 0
2059 3036 1
2059 1022 0
2059 3123 0
2059 5247 0
2059 1170 0
2059 3225 0
2059 4301 0
2059 1259 0
2059 3336 0
2059 5419 0
2059 5432 0
2059 3514 0
2059 1489 0
2059 1680 0
2059 5785 0
2059 5816 0
2059 3801 0
2059 7917 0
2059 5885 0
2059 21129 0
2059 1927 0
2059 1943 0
2059 6062 0
4110 4110 0
4110 6162 0
4110 20 1
4110 2069 0
4110 4145 0
4110 53 0
4110 8254 0
4110 8287 0
4110 6164 0
4110 237 0
4110 4339 0
4110 287 0
4110 2594 0
4110 2596 0
4110 2606 0
4110 1383 0
4110 2708 0
4110 2712 0
4110 676 1
4110 864 0
4110 5044 1
4110 3283 1
4110 1259 0
4110 1384 0
4110 19879 0
4110 13843 0
4110 1620 0
4110 1653 0
4110 1687 0
4110 3782 0
4110 2718 0
4110 5981 0
4110 6068 0
4110 6069 0
4110 2722 0
4110 2724 0
6160 6162 0
6160 6163 0
6160 20 1
6160 6165 0
6160 6160 0
6160 6164 0
6160 4256 0
6160 4301 0
6160 8403 0
6160 2327 0
6160 287 0
6160 2338 0
6160 2458 0
6160 4536 0
6160 4546 0
6160 4547 0
6160 509 1
6160 12954 0
6160 2718 0
6160 2722 0
6160 8867 0
6160 729 0
6160 6915 0
6160 871 0
6160 2989 0
6160 5469 0
6160 3426 0
6160 5487 0
6160 7633 0
6160 2997 0
6160 1620 0
6160 1653 0
6160 1667 0
6160 3729 0
6160 7893 0
6160 5981 0
6160 3986 0
6160 1943 0
6160 1957 0
6160 6065 0
6160 6068 0
9048 3986 0
9048 1171 0
9048 20 1
9048 2338 0
9048 2494 0
9048 3801 0
9048 1170 0
9048 509 1
9048 1653 0
6162 6162 0
6162 6163 0
6162 20 1
6162 6165 0
6162 6164 0
6162 4256 0
6162 8403 0
6162 238 0
6162 2338 0
6162 2340 0
6162 2458 0
6162 19879 0
6162 509 1
6162 2594 0
6162 2596 0
6162 2712 0
6162 669 0
6162 2718 0
6162 2722 0
6162 8867 0
6162 676 1
6162 4794 0
6162 729 0
6162 6915 0
6162 13061 0
6162 861 0
6162 9055 0
6162 871 0
6162 2989 0
6162 2997 0
6162 3141 0
6162 5469 0
6162 3426 0
6162 7633 0
6162 1620 0
6162 1667 0
6162 3729 0
6162 5816 0
6162 7893 0
6162 5855 0
6162 7917 0
6162 7986 0
6162 3986 0
6162 1943 0
6162 12954 0
6162 8112 0
6162 6065 0
6162 6068 0
13843 13843 0
13843 20 1
13843 53 0
13843 1620 0
13843 1653 0
13843 5247 0
13843 1170 0
13843 2712 0
13843 2718 0
13843 2722 0
13843 3801 0
13843 729 0
13843 2338 0
13843 5981 0
13843 2962 0
13843 3036 1
13843 509 1
20 6163 1
20 20 2
20 2069 1
20 22 1
20 4145 1
20 8254 1
20 4185 1
20 8287 1
20 117 1
20 6165 1
20 6166 1
20 16530 1
20 8391 1
20 4300 1
20 4301 1
20 8403 1
20 4314 1
20 2280 1
20 6378 1
20 241 1
20 4339 1
20 10523 1
20 287 1
20 2338 1
20 2340 1
20 4536 1
20 2494 1
20 4546 1
20 4547 1
20 8674 1
20 509 2
20 561 1
20 5816 1
20 4694 1
20 4744 1
20 21129 1
20 2708 1
20 2712 1
20 2718 1
20 8867 1
20 2724 1
20 4794 1
20 4801 1
20 4818 1
20 4822 1
20 729 1
20 13019 1
20 750 1
20 6907 1
20 6164 1
20 827 1
20 861 1
20 863 1
20 864 1
20 865 1
20 866 1
20 869 1
20 871 1
20 892 1
20 4997 1
20 5005 1
20 2962 1
20 5046 1
20 3036 2
20 3043 1
20 1007 1
20 7209 1
20 3123 1
20 17520 1
20 5247 1
20 1170 1
20 1171 1
20 1259 1
20 3336 1
20 5419 1
20 5432 1
20 15677 1
20 5469 1
20 1384 1
20 5487 1
20 3514 1
20 1489 1
20 1576 1
20 4705 1
20 1620 1
20 1667 1
20 1687 1
20 5785 1
20 1718 1
20 1719 1
20 3768 1
20 3782 1
20 7893 1
20 3801 1
20 5855 1
20 1765 1
20 5885 1
20 988 1
20 3886 1
20 5947 1
20 5981 1
20 1927 1
20 3986 1
20 1957 1
20 6062 1
20 8112 1
6165 6163 0
6165 2069 0
6165 53 0
6165 6164 0
6165 4256 0
6165 8403 0
6165 2280 0
6165 241 0
6165 6165 0
6165 2327 0
6165 287 0
6165 2338 0
6165 4465 0
6165 2458 0
6165 4524 0
6165 4536 0
6165 4546 0
6165 4547 0
6165 4553 0
6165 19879 0
6165 509 1
6165 2594 0
6165 2606 0
6165 561 0
6165 2708 0
6165 2712 0
6165 669 0
6165 2718 0
6165 2722 0
6165 676 1
6165 4794 0
6165 729 0
6165 6915 0
6165 861 0
6165 871 0
6165 13200 0
6165 2989 0
6165 2997 0
6165 1022 0
6165 3140 0
6165 3141 0
6165 5247 0
6165 3283 1
6165 1259 0
6165 5422 0
6165 3426 0
6165 1383 0
6165 7633 0
6165 1605 0
6165 1620 0
6165 1680 0
6165 7893 0
6165 3802 0
6165 5855 0
6165 1765 0
6165 5981 0
6165 1927 0
6165 3986 0
6165 1943 0
6165 12954 0
6165 8112 0
6165 6065 0
6165 6068 0
6165 8867 0
6165 2724 0
22 1170 0
22 22 0
22 4185 0
22 2338 0
22 1718 0
22 1719 0
22 2494 0
22 4300 0
22 1489 0
22 1620 0
22 3801 0
22 5469 0
22 3986 0
22 4339 0
22 892 0
22 509 1
2594 2069 0
2594 53 0
2594 8254 0
2594 8267 0
2594 4256 0
2594 8391 0
2594 237 0
2594 241 0
2594 287 0
2594 2338 0
2594 18728 0
2594 2458 0
2594 4524 0
2594 4547 0
2594 4553 0
2594 19536 0
2594 13061 0
2594 2594 0
2594 2596 0
2594 2606 0
2594 561 0
2594 2718 0
2594 2722 0
2594 8867 0
2594 2724 0
2594 4801 0
2594 4916 0
2594 4956 0
2594 861 0
2594 869 0
2594 5005 0
2594 5026 0
2594 5044 1
2594 2997 0
2594 5046 0
2594 1022 0
2594 3141 0
2594 3225 0
2594 3283 1
2594 1259 0
2594 3426 0
2594 1383 0
2594 1384 0
2594 5487 0
2594 5501 0
2594 19879 0
2594 3533 0
2594 1007 0
2594 1605 0
2594 1653 0
2594 1680 0
2594 3782 0
2594 7893 0
2594 3802 0
2594 5855 0
2594 1765 0
2594 3886 0
2594 7986 0
2594 1927 0
2594 2712 0
2594 3986 0
2594 1943 0
2594 12954 0
2594 6065 0
2594 6068 0
2594 6069 0
2594 6078 0
2596 8112 0
2596 2596 0
2596 2606 0
2596 5981 0
2596 561 0
2596 53 0
2596 8254 0
2596 6069 0
2596 3141 0
2596 19536 0
2596 1653 0
2596 1680 0
2596 2712 0
2596 3225 0
2596 2718 0
2596 4256 0
2596 2722 0
2596 8867 0
2596 4801 0
2596 3782 0
2596 8391 0
2596 3283 1
2596 3802 0
2596 5855 0
2596 1259 0
2596 5501 0
2596 241 0
2596 4339 0
2596 7893 0
2596 2338 0
2596 18728 0
2596 7986 0
2596 4956 0
2596 3426 0
2596 869 0
2596 1383 0
2596 1384 0
2596 4465 0
2596 12954 0
2596 5005 0
2596 3986 0
2596 1943 0
2596 2458 0
2596 5026 0
2596 19879 0
2596 6065 0
2596 5044 1
2596 2997 0
2596 6078 0
2596 8267 0
2596 4553 0
2596 3533 0
2596 2724 0
2596 8674 0
1576 6915 0
1576 6166 0
1576 1576 0
1576 3123 0
1576 1620 0
1576 4185 0
1576 4704 0
1576 5247 0
1576 3225 0
1576 4300 0
1576 2338 0
1576 729 0
1576 6364 0
1576 1259 0
1576 7917 0
1576 5885 0
1576 3336 0
1576 3354 0
1576 5419 0
1576 5469 0
1576 3986 0
1576 6062 0
1576 4536 0
1576 1489 0
1576 3036 1
1576 509 1
7209 6915 0
7209 3225 0
7209 287 0
7209 4553 0
7209 2989 0
7209 3886 0
7209 6078 0
7209 4704 0
7209 1206 0
7209 4818 0
7209 8867 0
7209 1620 0
7209 3036 1
7209 6364 0
7209 1653 0
7209 5885 0
13355 2069 0
13355 8267 0
13355 8391 0
13355 6378 0
13355 241 0
13355 18728 0
13355 287 0
13355 4465 0
13355 2458 0
13355 2708 0
13355 12954 0
13355 676 1
13355 5005 0
13355 5044 1
13355 1022 0
13355 3141 0
13355 3283 1
13355 4547 0
13355 19879 0
13355 3514 0
13355 1653 0
13355 7893 0
13355 3802 0
13355 5855 0
13355 1765 0
13355 1927 0
13355 1943 0
13355 8112 0
13355 6068 0
13355 6069 0
2606 53 0
2606 8254 0
2606 8267 0
2606 4256 0
2606 8403 0
2606 2280 0
2606 237 0
2606 238 0
2606 4339 0
2606 4371 0
2606 2327 0
2606 2338 0
2606 4547 0
2606 4694 0
2606 2722 0
2606 676 1
2606 4916 0
2606 4956 0
2606 9055 0
2606 866 0
2606 869 0
2606 5005 0
2606 2962 0
2606 5026 0
2606 5044 1
2606 5046 0
2606 861 0
2606 13061 0
2606 15677 0
2606 3426 0
2606 1383 0
2606 1384 0
2606 19879 0
2606 7633 0
2606 2997 0
2606 4704 0
2606 1605 0
2606 1653 0
2606 1667 0
2606 3729 0
2606 1687 0
2606 3782 0
2606 7893 0
2606 3802 0
2606 5855 0
2606 1765 0
2606 18728 0
2606 3886 0
2606 7986 0
2606 8024 0
2606 5981 0
2606 3986 0
2606 1943 0
2606 12954 0
2606 8112 0
2606 6065 0
2606 6078 0
723 8287 1
723 1653 1
723 3729 1
723 1687 1
723 3768 1
723 8403 1
723 750 1
723 723 2
723 5366 1
723 5885 1
723 4371 1
723 3354 1
723 2854 1
723 301 1
723 5422 1
723 5432 1
723 827 1
723 2891 1
723 865 1
723 892 1
723 1957 1
723 7633 1
723 3043 1
4145 6163 0
4145 2069 0
4145 4145 0
4145 8301 0
4145 117 0
4145 6164 0
4145 13019 0
4145 4465 0
4145 2458 0
4145 4547 0
4145 561 0
4145 676 1
4145 3533 0
4145 827 0
4145 4956 0
4145 863 0
4145 864 0
4145 865 0
4145 13220 0
4145 861 0
4145 19628 0
4145 5501 0
4145 5026 0
4145 1605 0
4145 1620 0
4145 1680 0
4145 1687 0
4145 7893 0
4145 5855 0
4145 1765 0
4145 5885 0
4145 5981 0
4145 3986 0
4145 1943 0
4145 8112 0
3123 8070 1
3123 3336 0
3123 1170 0
3123 1171 0
3123 5469 0
3123 3225 0
3123 2338 0
3123 2340 0
3123 4818 0
3123 2494 0
3123 5432 0
3123 4300 0
3123 4301 0
3123 1489 0
3123 729 0
3123 3036 1
3123 4704 0
3123 3123 0
3123 4339 0
3123 6907 0
3123 509 1
3123 1022 0
53 53 0
53 117 0
53 4256 0
53 8391 0
53 4301 0
53 287 0
53 2338 0
53 301 0
53 4465 0
53 2458 0
53 4536 0
53 2494 0
53 19879 0
53 2708 0
53 2712 0
53 2718 0
53 2722 0
53 8867 0
53 2724 0
53 4794 0
53 4801 0
53 729 0
53 4956 0
53 9055 0
53 5005 0
53 5044 1
53 2997 0
53 988 0
53 1022 0
53 861 0
53 3141 0
53 19536 0
53 5247 0
53 13200 0
53 1170 0
53 3225 0
53 3283 1
53 5366 0
53 3336 0
53 3354 0
53 5469 0
53 1383 0
53 1384 0
53 5487 0
53 5501 0
53 241 0
53 3533 0
53 1653 0
53 1667 0
53 1680 0
53 3729 0
53 1687 0
53 1718 0
53 3802 0
53 5855 0
53 7986 0
53 5981 0
53 1927 0
53 1943 0
53 6065 0
53 6068 0
53 6069 0
53 6078 0
6068 6163 0
6068 6164 0
6068 18543 0
6068 4256 0
6068 4301 0
6068 2338 0
6068 301 0
6068 4465 0
6068 4536 0
6068 13061 0
6068 561 0
6068 4547 0
6068 2708 0
6068 2712 0
6068 2718 0
6068 2722 0
6068 8867 0
6068 2724 0
6068 4846 0
6068 4916 0
6068 827 0
6068 8674 0
6068 915 0
6068 861 0
6068 863 0
6068 871 0
6068 2997 0
6068 3036 1
6068 1022 0
6068 8287 0
6068 3283 1
6068 3426 0
6068 19879 0
6068 8112 0
6068 1653 0
6068 7893 0
6068 5855 0
6068 5885 0
6068 3886 0
6068 5981 0
6068 3986 0
6068 1943 0
6068 12954 0
6068 6065 0
6068 6068 0
6068 676 1
863 3426 0
863 4694 0
863 3729 0
863 2712 0
863 2718 0
863 17520 0
863 2722 0
863 3768 0
863 3283 1
863 750 0
863 5855 0
863 4822 0
863 3336 0
863 3354 0
863 287 0
863 561 0
863 5432 0
863 4956 0
863 5469 0
863 864 0
863 865 0
863 866 0
863 871 0
863 4465 0
863 3986 0
863 3043 0
8254 5981 0
8254 9055 0
8254 8267 0
8254 869 0
8254 1383 0
8254 1170 0
8254 12954 0
8254 669 0
8254 676 1
8254 3782 0
8254 3283 1
8254 7893 0
8254 3802 0
8254 13061 0
8254 2338 0
8254 18728 0
8254 4916 0
8254 4956 0
8254 3426 0
8254 1384 0
8254 16530 0
8254 5501 0
8254 3986 0
8254 1943 0
8254 2458 0
8254 19879 0
8254 6065 0
8254 2997 0
8254 6078 0
8254 3043 0
8254 3801 0
6069 5981 0
6069 3141 0
6069 19536 0
6069 8283 1
6069 17534 0
6069 1680 0
6069 2712 0
6069 3225 0
6069 2718 0
6069 4256 0
6069 2722 0
6069 2724 0
6069 4801 0
6069 8391 0
6069 3802 0
6069 1765 0
6069 241 0
6069 5885 0
6069 18543 0
6069 861 0
6069 1383 0
6069 1384 0
6069 5501 0
6069 6065 0
6069 5005 0
6069 3986 0
6069 19879 0
6069 5044 1
6069 6069 0
6069 3533 0
6069 7633 0
6069 1022 0
3140 561 0
3140 3141 0
3140 1653 0
3140 2708 0
3140 117 0
3140 4801 0
3140 6378 0
3140 3283 1
3140 3426 0
3140 871 0
3140 3986 0
3140 19879 0
3140 5044 1
3140 1620 0
1605 19879 0
1605 6164 0
1605 2069 0
1605 8112 0
1605 13220 0
1605 1605 0
1605 6163 0
1605 13200 0
1605 1680 0
1605 1687 0
1605 2712 0
1605 2718 0
1605 2722 0
1605 8867 0
1605 676 1
1605 3782 0
1605 3802 0
1605 13019 0
1605 5855 0
1605 237 0
1605 2327 0
1605 2338 0
1605 18728 0
1605 4916 0
1605 5501 0
1605 861 0
1605 3426 0
1605 1384 0
1605 5005 0
1605 3986 0
1605 1943 0
1605 2458 0
1605 6065 0
1605 5044 1
1605 2997 0
1605 2724 0
1605 3043 0
8267 6163 0
8267 1653 0
8267 2712 0
8267 5487 0
8267 3782 0
8267 3283 1
8267 1765 0
8267 2327 0
8267 18728 0
8267 5419 0
8267 861 0
8267 1383 0
8267 1384 0
8267 3986 0
8267 1007 0
8267 12954 0
8267 5044 1
8267 4547 0
3426 6163 0
3426 6164 0
3426 2069 0
3426 1383 0
3426 8391 0
3426 2280 0
3426 237 0
3426 238 0
3426 241 0
3426 287 0
3426 2338 0
3426 18728 0
3426 2458 0
3426 2483 1
3426 4547 0
3426 8674 0
3426 2712 0
3426 669 0
3426 2718 0
3426 2722 0
3426 8867 0
3426 676 1
3426 4794 0
3426 4956 0
3426 861 0
3426 865 0
3426 866 0
3426 5044 1
3426 2997 0
3426 1022 0
3426 13061 0
3426 3141 0
3426 19536 0
3426 1171 0
3426 3283 1
3426 1259 0
3426 15677 0
3426 3426 0
3426 1384 0
3426 5501 0
3426 5981 0
3426 19879 0
3426 3514 0
3426 1667 0
3426 1680 0
3426 19628 0
3426 1687 0
3426 3782 0
3426 3802 0
3426 1765 0
3426 1927 0
3426 3986 0
3426 1943 0
3426 8112 0
3426 6065 0
3426 2724 0
19536 2483 1
19536 3141 0
19536 19536 0
19536 1384 0
19536 1680 0
19536 2712 0
19536 3225 0
19536 2718 0
19536 4256 0
19536 2722 0
19536 2724 0
19536 8391 0
19536 4801 0
19536 3802 0
19536 241 0
19536 1383 0
19536 5501 0
19536 5005 0
19536 13220 0
19536 19879 0
19536 5044 1
19536 3533 0
3768 869 0
3768 1687 0
3768 669 0
3768 2718 0
3768 3768 0
3768 4822 0
3768 3354 0
3768 5432 0
3768 827 0
3768 861 0
3768 864 0
3768 865 0
3768 866 0
3768 1384 0
3768 8112 0
3768 4536 0
3768 4256 0
3768 4546 0
3768 3043 0
1620 2069 0
1620 4185 0
1620 6166 0
1620 16530 0
1620 4300 0
1620 4301 0
1620 2280 0
1620 237 0
1620 241 0
1620 4371 0
1620 287 0
1620 2338 0
1620 2340 0
1620 7917 0
1620 2458 0
1620 4524 0
1620 4536 0
1620 2494 0
1620 4546 0
1620 4694 0
1620 4704 0
1620 4705 0
1620 4744 0
1620 4547 0
1620 2708 0
1620 2712 0
1620 669 0
1620 2718 0
1620 2722 0
1620 8867 0
1620 676 1
1620 4818 0
1620 729 0
1620 6907 0
1620 6915 0
1620 827 0
1620 8674 0
1620 4956 0
1620 864 0
1620 892 0
1620 2962 0
1620 2989 0
1620 3036 1
1620 18105 0
1620 8287 0
1620 3141 0
1620 5247 0
1620 1170 0
1620 1171 0
1620 1259 0
1620 8403 0
1620 3336 0
1620 5419 0
1620 5432 0
1620 15677 0
1620 5469 0
1620 3307 0
1620 4339 0
1620 1489 0
1620 1620 0
1620 1667 0
1620 1718 0
1620 1719 0
1620 3801 0
1620 5855 0
1620 1765 0
1620 301 0
1620 988 0
1620 1864 0
1620 5981 0
1620 8070 1
1620 3986 0
1620 1943 0
1620 1957 0
1620 6062 0
1620 8112 0
1620 2724 0
4694 5469 0
4694 4694 0
4694 4185 0
4694 8283 1
4694 1170 0
4694 4256 0
4694 1259 0
4694 2338 0
4694 3886 0
4694 18227 0
4694 827 0
4694 861 0
4694 864 0
4694 865 0
4694 866 0
4694 869 0
4694 3986 0
4694 2989 0
4694 4536 0
4694 4546 0
4694 3036 1
4694 1007 0
4694 509 1
4185 4185 0
4185 4704 0
4185 4705 0
4185 5247 0
4185 1170 0
4185 2718 0
4185 18105 0
4185 4300 0
4185 4301 0
4185 4818 0
4185 3801 0
4185 4339 0
4185 6907 0
4185 729 0
4185 2338 0
4185 2340 0
4185 5469 0
4185 3986 0
4185 6062 0
4185 3036 1
8283 18227 1
8283 3533 1
8283 7633 1
8283 1653 1
8283 1022 1
8287 5981 0
8287 8287 0
8287 1680 0
8287 3729 0
8287 2708 0
8287 2718 0
8287 2722 0
8287 2724 0
8287 1718 0
8287 5855 0
8287 5885 0
8287 3354 0
8287 287 0
8287 301 0
8287 5469 0
8287 2712 0
8287 915 0
8287 5026 0
8287 6078 0
8287 4546 0
8287 8403 0
8287 7633 0
8287 8674 0
8287 509 1
4704 6915 0
4704 1206 0
4704 1653 0
4704 4744 0
4704 1170 0
4704 1171 0
4704 3225 0
4704 1718 0
4704 1719 0
4704 4300 0
4704 4301 0
4704 729 0
4704 6364 0
4704 1259 0
4704 7917 0
4704 4339 0
4704 5247 0
4704 10523 0
4704 2338 0
4704 5419 0
4704 5469 0
4704 3986 0
4704 2989 0
4704 6065 0
4704 4704 0
4704 3036 1
4704 6907 0
4704 3565 1
4704 509 1
4705 4744 0
4705 3986 0
4705 3225 0
4705 287 0
4705 2338 0
4705 4524 0
4705 1718 0
4705 4546 0
4705 4536 0
4705 3036 1
4705 1259 0
4705 5247 0
5422 6378 0
5422 241 0
5422 676 1
5422 827 0
5422 1259 0
5422 5366 0
5422 5422 0
5422 7633 0
5422 7893 0
5422 5764 0
871 750 0
871 6163 0
871 5469 0
871 561 0
871 1653 0
871 6164 0
871 3729 0
871 8867 0
871 4801 0
871 861 0
871 3336 0
871 2338 0
871 5432 0
871 827 0
871 5981 0
871 864 0
871 865 0
871 3036 1
8301 5044 1
8301 1653 0
8301 669 0
8301 676 1
8301 1765 0
8301 13200 0
18543 2712 0
18543 3986 0
18543 4256 0
18543 676 1
18543 1957 0
18543 3886 0
18543 3283 1
18543 2724 0
18543 8391 0
18543 1680 0
18543 3043 0
17520 287 0
17520 8112 0
17520 13061 0
17520 3283 1
17520 7893 0
17520 3565 1
1650 5764 1
1650 6065 1
1650 1206 1
1650 6364 1
1650 3307 1
1650 1650 2
1650 1786 1
6163 6163 0
6163 6164 0
6163 4300 0
6163 8403 0
6163 2280 0
6163 2327 0
6163 287 0
6163 2338 0
6163 18728 0
6163 2458 0
6163 4536 0
6163 4546 0
6163 4547 0
6163 509 1
6163 2712 0
6163 12954 0
6163 8867 0
6163 2724 0
6163 729 0
6163 13019 0
6163 6915 0
6163 13061 0
6163 9055 0
6163 2989 0
6163 1007 0
6163 1022 0
6163 861 0
6163 1170 0
6163 3307 0
6163 5469 0
6163 1384 0
6163 5501 0
6163 7633 0
6163 2997 0
6163 1653 0
6163 3782 0
6163 7893 0
6163 5855 0
6163 1765 0
6163 8024 0
6163 5981 0
6163 1927 0
6163 3986 0
6163 1943 0
6163 8112 0
1653 117 0
1653 8391 0
1653 237 0
1653 669 0
1653 676 1
1653 827 0
1653 861 0
1653 865 0
1653 869 0
1653 892 0
1653 1171 0
1653 1259 0
1653 8403 0
1653 1383 0
1653 1653 0
1653 18146 0
1653 1765 0
1653 1943 0
1653 2338 0
1653 2340 0
1653 2458 0
1653 2722 0
1653 3141 0
1653 3336 0
1653 19879 0
1653 3729 0
1653 3802 0
1653 3986 0
1653 12954 0
1653 4256 0
1653 4465 0
1653 4536 0
1653 4547 0
1653 4553 0
1653 4801 0
1653 13061 0
1653 4916 0
1653 4956 0
1653 18728 0
1653 5764 0
1653 5855 0
1653 6065 0
1653 6078 0
1653 6164 0
1653 6915 0
1653 7893 0
1653 7986 0
1653 8070 1
6164 6164 0
6164 8403 0
6164 238 0
6164 2338 0
6164 13019 0
6164 301 0
6164 2458 0
6164 4546 0
6164 509 1
6164 2712 0
6164 8867 0
6164 729 0
6164 6915 0
6164 13061 0
6164 861 0
6164 9055 0
6164 5026 0
6164 2989 0
6164 5469 0
6164 5501 0
6164 7633 0
6164 3986 0
6164 1943 0
6164 12954 0
6164 8112 0
17534 5044 1
17534 5432 0
17534 3283 1
2069 2069 0
2069 4956 0
2069 561 0
2069 13061 0
2069 117 0
2069 1667 0
2069 1680 0
2069 4547 0
2069 1687 0
2069 12954 0
2069 3283 1
2069 7893 0
2069 3802 0
2069 5855 0
2069 241 0
2069 3354 0
2069 2338 0
2069 301 0
2069 4818 0
2069 5005 0
2069 861 0
2069 3729 0
2069 3986 0
2069 1943 0
2069 2458 0
2069 6062 0
2069 6065 0
2069 2997 0
2069 1022 0
1667 5981 0
1667 18227 0
1667 1667 0
1667 2722 0
1667 2724 0
1667 3283 1
1667 7893 0
1667 1765 0
1667 1259 0
1667 237 0
1667 238 0
1667 5366 0
1667 13061 0
1667 7986 0
1667 4916 0
1667 5469 0
1667 3986 0
1667 915 0
1667 4524 0
1667 6062 0
1667 6065 0
1667 4547 0
1667 4553 0
1667 8867 0
1667 3036 1
5764 1943 0
5764 676 1
5764 2997 0
5764 3307 0
6166 8070 1
6166 1170 0
6166 6062 0
6166 6166 0
6166 3225 0
6166 2718 0
6166 2338 0
6166 5419 0
6166 1719 0
6166 287 0
6166 5247 0
6166 4300 0
6166 4818 0
6166 729 0
6166 5981 0
6166 7917 0
6166 4339 0
6166 2708 0
4744 4300 0
4744 4744 0
4744 1680 0
4744 1170 0
4744 1171 0
4744 3225 0
4744 5816 0
4744 4818 0
4744 729 0
4744 4314 0
4744 1765 0
4744 5885 0
4744 3801 0
4744 2338 0
4744 18728 0
4744 301 0
4744 5469 0
4744 864 0
4744 1943 0
4744 2997 0
4744 509 1
4744 1022 0
21129 1170 0
21129 2338 0
21129 676 1
21129 4300 0
21129 3801 0
21129 5469 0
21129 3307 0
21129 4339 0
5771 3565 2
5771 1687 1
1680 4256 0
1680 8391 0
1680 8403 0
1680 241 0
1680 2338 0
1680 2458 0
1680 561 0
1680 2712 0
1680 2718 0
1680 2722 0
1680 8867 0
1680 676 1
1680 4794 0
1680 4801 0
1680 4846 0
1680 13061 0
1680 861 0
1680 9055 0
1680 5005 0
1680 5044 1
1680 2997 0
1680 1007 0
1680 3141 0
1680 3225 0
1680 3283 1
1680 5469 0
1680 1383 0
1680 1384 0
1680 5501 0
1680 19879 0
1680 3533 0
1680 3782 0
1680 7893 0
1680 3802 0
1680 18146 0
1680 3986 0
1680 1943 0
1680 8112 0
1680 6065 0
1680 2724 0
3729 6364 0
3729 4371 0
3729 287 0
3729 4547 0
3729 509 1
3729 561 0
3729 669 0
3729 2718 0
3729 2722 0
3729 8867 0
3729 2724 0
3729 4822 0
3729 4846 0
3729 827 0
3729 864 0
3729 865 0
3729 869 0
3729 892 0
3729 3043 0
3729 3141 0
3729 3283 1
3729 5366 0
3729 3354 0
3729 5432 0
3729 15677 0
3729 1383 0
3729 3729 0
3729 1687 0
3729 5816 0
3729 3802 0
3729 5855 0
3729 5981 0
3729 1927 0
3729 1943 0
3729 8112 0
3729 6078 0
16530 5469 0
16530 16530 0
16530 4300 0
16530 3283 1
16530 729 0
16530 2338 0
16530 5419 0
16530 5981 0
16530 8112 0
16530 6065 0
16530 2997 0
16530 2494 0
16530 8674 0
1171 5247 0
1171 1170 0
1171 1171 0
1171 1718 0
1171 1719 0
1171 4300 0
1171 4301 0
1171 3283 1
1171 7893 0
1171 729 0
1171 7633 0
1171 6378 0
1171 7917 0
1171 6907 0
1171 3336 0
1171 2338 0
1171 5419 0
1171 3986 0
1171 8112 0
1171 1489 0
1171 509 1
2708 117 0
2708 8403 0
2708 729 0
2708 287 0
2708 4465 0
2708 4536 0
2708 509 1
2708 2712 0
2708 669 0
2708 2718 0
2708 2722 0
2708 2724 0
2708 4794 0
2708 13061 0
2708 827 0
2708 861 0
2708 915 0
2708 1022 0
2708 3354 0
2708 5432 0
2708 19879 0
2708 3533 0
2708 7633 0
2708 2327 0
2708 1718 0
2708 3802 0
2708 5855 0
2708 5885 0
2708 3886 0
2708 1864 0
2708 5981 0
2708 3986 0
2708 8112 0
2708 6078 0
1687 117 0
1687 4300 0
1687 8403 0
1687 4822 0
1687 4371 0
1687 2338 0
1687 301 0
1687 4536 0
1687 4547 0
1687 561 0
1687 4801 0
1687 827 0
1687 861 0
1687 866 0
1687 869 0
1687 892 0
1687 5026 0
1687 3043 0
1687 1022 0
1687 5981 0
1687 19628 0
1687 1259 0
1687 5366 0
1687 3354 0
1687 5432 0
1687 5469 0
1687 1384 0
1687 19879 0
1687 1687 0
1687 5855 0
1687 1765 0
1687 3886 0
1687 1957 0
1687 6078 0
2712 4256 0
2712 8391 0
2712 4301 0
2712 6364 0
2712 241 0
2712 287 0
2712 2338 0
2712 18728 0
2712 4465 0
2712 509 1
2712 561 0
2712 2712 0
2712 2718 0
2712 2722 0
2712 8867 0
2712 2724 0
2712 4794 0
2712 4801 0
2712 4822 0
2712 729 0
2712 7986 0
2712 4916 0
2712 4956 0
2712 861 0
2712 5005 0
2712 13200 0
2712 2962 0
2712 915 0
2712 5026 0
2712 5044 1
2712 2997 0
2712 3036 1
2712 3043 0
2712 988 0
2712 1022 0
2712 9055 0
2712 3141 0
2712 5247 0
2712 1170 0
2712 3225 0
2712 1259 0
2712 3354 0
2712 5432 0
2712 1383 0
2712 1384 0
2712 4547 0
2712 5501 0
2712 19879 0
2712 3533 0
2712 7633 0
2712 13220 0
2712 3802 0
2712 5855 0
2712 5885 0
2712 3886 0
2712 5981 0
2712 3986 0
2712 1943 0
2712 6065 0
2712 6078 0
3225 561 0
3225 3141 0
3225 8391 0
3225 5247 0
3225 3225 0
3225 2718 0
3225 4256 0
3225 2722 0
3225 8867 0
3225 676 1
3225 1206 0
3225 4801 0
3225 4300 0
3225 4818 0
3225 729 0
3225 5501 0
3225 241 0
3225 4339 0
3225 6907 0
3225 3336 0
3225 3354 0
3225 3802 0
3225 5419 0
3225 3886 0
3225 5947 0
3225 5981 0
3225 1383 0
3225 1384 0
3225 8070 1
3225 5005 0
3225 7917 0
3225 19879 0
3225 4524 0
3225 6062 0
3225 5044 1
3225 4536 0
3225 2494 0
3225 4553 0
3225 3533 0
3225 1489 0
3225 2724 0
12954 5487 0
12954 2724 0
12954 3782 0
12954 3283 1
12954 7893 0
12954 2280 0
12954 2327 0
12954 287 0
12954 2338 0
12954 18728 0
12954 7986 0
12954 827 0
12954 861 0
12954 1383 0
12954 1384 0
12954 1927 0
12954 3986 0
12954 5044 1
12954 1007 0
669 2327 0
669 18728 0
669 301 0
669 2458 0
669 19879 0
669 669 0
669 2718 0
669 8867 0
669 676 1
669 729 0
669 750 0
669 4916 0
669 13200 0
669 3036 1
669 5432 0
669 1383 0
669 1384 0
669 5501 0
669 1765 0
669 5885 0
669 3886 0
669 7986 0
669 5981 0
669 1927 0
669 8112 0
669 6078 0
2718 4256 0
2718 8391 0
2718 237 0
2718 241 0
2718 2327 0
2718 287 0
2718 2338 0
2718 301 0
2718 2458 0
2718 4524 0
2718 4536 0
2718 4546 0
2718 4547 0
2718 8674 0
2718 19879 0
2718 509 1
2718 561 0
2718 2494 0
2718 2718 0
2718 2722 0
2718 2724 0
2718 4794 0
2718 4801 0
2718 7986 0
2718 827 0
2718 861 0
2718 864 0
2718 865 0
2718 866 0
2718 869 0
2718 5005 0
2718 915 0
2718 5044 1
2718 3036 1
2718 3043 0
2718 9055 0
2718 3141 0
2718 5247 0
2718 3336 0
2718 5432 0
2718 5469 0
2718 1383 0
2718 1384 0
2718 5501 0
2718 1943 0
2718 5026 0
2718 3533 0
2718 7633 0
2718 1718 0
2718 1719 0
2718 3802 0
2718 5855 0
2718 1864 0
2718 1927 0
2718 3986 0
2718 8112 0
2718 6065 0
2718 6078 0
4256 117 0
4256 4801 0
4256 8391 0
4256 237 0
4256 238 0
4256 241 0
4256 18728 0
4256 13061 0
4256 4536 0
4256 2722 0
4256 2724 0
4256 4822 0
4256 4916 0
4256 5005 0
4256 5044 1
4256 2997 0
4256 1022 0
4256 3141 0
4256 3283 1
4256 861 0
4256 15677 0
4256 1383 0
4256 1384 0
4256 5501 0
4256 19879 0
4256 3533 0
4256 5816 0
4256 7893 0
4256 3802 0
4256 5855 0
4256 301 0
4256 5981 0
4256 3986 0
4256 1943 0
4256 8112 0
4256 6065 0
2722 1383 0
2722 8391 0
2722 237 0
2722 238 0
2722 241 0
2722 2327 0
2722 2338 0
2722 301 0
2722 4524 0
2722 4546 0
2722 4547 0
2722 4553 0
2722 8674 0
2722 19879 0
2722 13061 0
2722 2722 0
2722 676 1
2722 4801 0
2722 7986 0
2722 861 0
2722 864 0
2722 866 0
2722 869 0
2722 5005 0
2722 2962 0
2722 915 0
2722 5026 0
2722 5044 1
2722 3036 1
2722 3043 0
2722 3141 0
2722 5247 0
2722 1170 0
2722 1259 0
2722 5432 0
2722 5469 0
2722 1384 0
2722 5501 0
2722 3533 0
2722 7633 0
2722 2997 0
2722 9055 0
2722 7893 0
2722 3802 0
2722 5855 0
2722 18728 0
2722 5981 0
2722 1927 0
2722 3986 0
2722 1943 0
2722 8112 0
2722 6065 0
2722 2724 0
8867 4301 0
8867 8403 0
8867 2280 0
8867 241 0
8867 2327 0
8867 2338 0
8867 301 0
8867 2458 0
8867 4546 0
8867 4547 0
8867 509 1
8867 8867 0
8867 729 0
8867 6915 0
8867 861 0
8867 9055 0
8867 5026 0
8867 3043 0
8867 1022 0
8867 19628 0
8867 13061 0
8867 1170 0
8867 3283 1
8867 1383 0
8867 19879 0
8867 7633 0
8867 3565 1
8867 7893 0
8867 3802 0
8867 3986 0
8867 1943 0
2724 8391 0
2724 237 0
2724 238 0
2724 241 0
2724 2338 0
2724 4524 0
2724 4553 0
2724 509 1
2724 13061 0
2724 561 0
2724 2724 0
2724 4794 0
2724 4801 0
2724 4818 0
2724 861 0
2724 869 0
2724 5005 0
2724 915 0
2724 5026 0
2724 5044 1
2724 3141 0
2724 1383 0
2724 1384 0
2724 5501 0
2724 19879 0
2724 3533 0
2724 2997 0
2724 287 0
2724 7893 0
2724 20183 0
2724 3802 0
2724 7986 0
2724 5981 0
2724 3986 0
2724 1943 0
2724 8112 0
2724 6065 0
5289 676 1
5289 6065 0
5289 2997 0
5289 6078 0
5289 3036 1
19628 117 0
19628 3283 1
19628 7893 0
19628 561 0
19628 5469 0
19628 1943 0
19628 2458 0
19628 6065 0
19628 2997 0
19628 3036 1
1206 3336 0
1206 2338 0
1206 3036 1
1206 1206 0
1206 2494 0
1206 5981 0
1206 5247 0
1719 5247 0
1719 1170 0
1719 1718 0
1719 1719 0
1719 4300 0
1719 4301 0
1719 4818 0
1719 3801 0
1719 4339 0
1719 2338 0
1719 5419 0
1719 5469 0
1719 864 0
1719 5487 0
1719 8070 1
1719 6062 0
1719 2494 0
1719 3036 1
1719 8674 0
5816 13061 0
5816 18227 0
5816 3283 1
5816 7893 0
5816 3801 0
5816 6378 0
5816 1259 0
5816 4822 0
5816 2338 0
5816 827 0
5816 4956 0
5816 5487 0
5816 3986 0
5816 1007 0
18105 3986 0
18105 2338 0
18105 2989 0
18105 561 0
18105 18105 0
18105 3036 1
18105 509 1
4794 5044 1
4794 4956 0
4794 4794 0
4794 3043 0
117 19879 0
117 13061 0
117 561 0
117 676 1
117 117 0
117 3283 1
117 3802 0
117 7986 0
117 5855 0
117 1765 0
117 1259 0
117 7893 0
117 5432 0
117 827 0
117 8024 0
117 861 0
117 4956 0
117 3986 0
117 5469 0
117 1943 0
117 2458 0
117 8112 0
117 6065 0
117 2997 0
117 6078 0
117 4547 0
117 7633 0
117 3043 0
117 5885 0
4801 3141 0
4801 1383 0
4801 4801 0
4801 8391 0
4801 3802 0
4801 7986 0
4801 241 0
4801 5366 0
4801 7893 0
4801 301 0
4801 4916 0
4801 861 0
4801 1384 0
4801 5501 0
4801 5005 0
4801 3986 0
4801 915 0
4801 1943 0
4801 19879 0
4801 6065 0
4801 5044 1
4801 2997 0
4801 3533 0
4801 13220 0
3782 2280 0
3782 237 0
3782 18728 0
3782 9055 0
3782 5005 0
3782 2997 0
3782 5046 0
3782 3043 0
3782 4956 0
3782 861 0
3782 3283 1
3782 1259 0
3782 15677 0
3782 1383 0
3782 1384 0
3782 5487 0
3782 19879 0
3782 5026 0
3782 3802 0
3782 5855 0
3782 1765 0
3782 7986 0
3782 8024 0
3782 5981 0
3782 3986 0
3782 1943 0
3782 6065 0
3782 6078 0
8391 5469 0
8391 561 0
8391 3141 0
8391 8391 0
8391 4818 0
8391 4822 0
8391 3802 0
8391 2280 0
8391 238 0
8391 5501 0
8391 241 0
8391 4339 0
8391 8112 0
8391 18728 0
8391 301 0
8391 4916 0
8391 861 0
8391 1383 0
8391 1384 0
8391 5005 0
8391 3986 0
8391 915 0
8391 1943 0
8391 19879 0
8391 6065 0
8391 5044 1
8391 4536 0
8391 3514 0
8391 6078 0
8391 4553 0
8391 3533 0
8391 3043 0
8391 7893 0
8391 5046 0
4300 5469 0
4300 561 0
4300 5981 0
4300 1170 0
4300 1718 0
4300 4300 0
4300 4301 0
4300 4818 0
4300 4822 0
4300 2340 0
4300 7917 0
4300 4339 0
4300 5247 0
4300 729 0
4300 3802 0
4300 2338 0
4300 5928 0
4300 5419 0
4300 3886 0
4300 6915 0
4300 5947 0
4300 1259 0
4300 1927 0
4300 2962 0
4300 3986 0
4300 19879 0
4300 2989 0
4300 6062 0
4300 1864 0
4300 2494 0
4300 3533 0
4300 1489 0
4300 3036 1
4300 6907 0
4300 3801 0
4300 509 1
4301 5247 0
4301 1170 0
4301 1718 0
4301 729 0
4301 7917 0
4301 6907 0
4301 6915 0
4301 287 0
4301 2338 0
4301 5419 0
4301 1383 0
4301 2962 0
4301 3986 0
4301 2989 0
4301 6065 0
4301 2997 0
4301 2494 0
4301 509 1
2494 5469 0
2494 4818 0
2494 729 0
2494 7917 0
2494 4339 0
2494 287 0
2494 5419 0
2494 5981 0
2494 6062 0
2494 2494 0
2494 1489 0
2494 509 1
4818 5247 0
4818 1718 0
4818 4818 0
4818 3801 0
4818 4339 0
4818 6907 0
4818 3336 0
4818 287 0
4818 2338 0
4818 1864 0
4818 5469 0
4818 3986 0
4818 1489 0
4818 509 1
3283 19879 1
3283 866 1
3283 1170 1
3283 3283 2
3283 4822 1
3283 20183 1
3283 3802 1
3283 5855 1
3283 6378 1
3283 1259 1
3283 237 1
3283 238 1
3283 13061 1
3283 4371 1
3283 3354 1
3283 2338 1
3283 827 1
3283 8024 1
3283 4956 1
3283 861 1
3283 864 1
3283 865 1
3283 1383 1
3283 5487 1
3283 4465 1
3283 15677 1
3283 1927 1
3283 13200 1
3283 3986 1
3283 915 1
3283 1943 1
3283 2458 1
3283 5026 1
3283 13220 1
3283 1957 1
3283 6065 1
3283 2997 1
3283 4536 1
3283 3514 1
3283 4546 1
3283 4547 1
3283 3533 1
3283 1007 1
3283 7893 1
3283 869 1
7893 1383 0
7893 237 0
7893 7893 0
7893 3802 0
7893 287 0
7893 18728 0
7893 4547 0
7893 676 1
7893 4846 0
7893 13061 0
7893 827 0
7893 4956 0
7893 9055 0
7893 1022 0
7893 19879 0
7893 3141 0
7893 1384 0
7893 5501 0
7893 241 0
7893 3514 0
7893 5855 0
7893 1765 0
7893 8024 0
7893 5981 0
7893 15677 0
7893 1927 0
4822 561 0
4822 6378 0
4822 5855 0
4822 2338 0
4822 4822 0
4822 3802 0
4822 892 0
4822 750 0
4822 4371 0
4822 301 0
4822 5432 0
4822 827 0
4822 861 0
4822 864 0
4822 865 0
4822 866 0
4822 869 0
4822 5366 0
4822 3986 0
4822 1957 0
4822 4524 0
4822 4546 0
4822 3043 0
4822 19879 0
4822 509 1
20183 4373 1
20183 20183 0
3801 561 0
3801 1170 0
3801 5785 0
3801 729 0
3801 7917 0
3801 4339 0
3801 6907 0
3801 2338 0
3801 5419 0
3801 5432 0
3801 1489 0
3801 3036 1
4314 915 0
4314 1943 0
4314 4524 0
4314 4314 0
4314 3036 1
4314 5469 0
4314 1259 0
13019 1384 0
13019 287 0
13019 861 0
13019 4465 0
13019 5501 0
13019 3986 0
13019 2458 0
13019 5044 1
6364 6364 0
6364 6062 0
6364 5981 0
6364 3036 1
6364 6907 0
5855 2280 0
5855 6378 0
5855 237 0
5855 4371 0
5855 2327 0
5855 18728 0
5855 301 0
5855 4465 0
5855 2458 0
5855 4524 0
5855 4536 0
5855 4547 0
5855 4553 0
5855 6907 0
5855 19879 0
5855 509 1
5855 13061 0
5855 561 0
5855 7986 0
5855 4916 0
5855 827 0
5855 4956 0
5855 861 0
5855 864 0
5855 865 0
5855 866 0
5855 869 0
5855 892 0
5855 5044 1
5855 1022 0
5855 3141 0
5855 1170 0
5855 5366 0
5855 3336 0
5855 3354 0
5855 5432 0
5855 5469 0
5855 1383 0
5855 1384 0
5855 3802 0
5855 5855 0
5855 1765 0
5855 3886 0
5855 8024 0
5855 5981 0
5855 1927 0
5855 8112 0
5855 6078 0
18146 676 1
18146 18146 0
18146 3986 0
18146 2483 1
1765 6378 0
1765 4536 0
1765 4546 0
1765 8674 0
1765 676 1
1765 13061 0
1765 2854 0
1765 4916 0
1765 4956 0
1765 5026 0
1765 5044 1
1765 2997 0
1765 3043 0
1765 15677 0
1765 5469 0
1765 1383 0
1765 1384 0
1765 19879 0
1765 7633 0
1765 1765 0
1765 3986 0
1765 1943 0
1765 6065 0
1489 3336 0
1489 1170 0
1489 2338 0
1489 2340 0
1489 6062 0
1489 1718 0
1489 1864 0
1489 4339 0
1489 1489 0
1489 5469 0
1489 509 1
1489 5247 0
2280 1170 0
2280 729 0
2280 2280 0
2280 18728 0
2280 6915 0
2280 827 0
2280 15677 0
2280 5981 0
2280 1384 0
2280 3986 0
2280 2989 0
2280 5044 1
2280 5046 0
2280 509 1
6378 561 0
6378 3802 0
6378 6378 0
6378 241 0
6378 4371 0
6378 3354 0
6378 301 0
6378 4916 0
6378 4956 0
6378 861 0
6378 3986 0
6378 5026 0
6378 5981 0
6378 8112 0
6378 5885 0
3307 5247 0
3307 676 1
3307 287 0
3307 5469 0
3307 3307 0
3307 4524 0
7917 3336 0
7917 7917 0
7917 1170 0
7917 10523 0
7917 3986 0
7917 2338 0
7917 4339 0
7917 5432 0
7917 3036 1
7917 5469 0
7917 509 1
7917 5247 0
750 861 0
750 864 0
750 865 0
18728 237 0
18728 238 0
18728 2338 0
18728 2458 0
18728 2483 1
18728 561 0
18728 676 1
18728 13061 0
18728 4956 0
18728 9055 0
18728 5005 0
18728 5046 0
18728 861 0
18728 3354 0
18728 15677 0
18728 1383 0
18728 1384 0
18728 5487 0
18728 5501 0
18728 19879 0
18728 7633 0
18728 2997 0
18728 3802 0
18728 18728 0
18728 5885 0
18728 7986 0
18728 3986 0
18728 1943 0
18728 6065 0
8403 4371 0
8403 3354 0
5366 561 0
5366 676 1
5366 5366 0
5366 287 0
5366 5469 0
5366 4465 0
5366 892 0
5366 3043 0
1786 676 1
1786 5487 0
1786 13061 0
1786 1786 0
6907 6915 0
6907 1170 0
6907 2338 0
6907 2989 0
6907 6062 0
6907 5981 0
6907 1718 0
6907 6078 0
6907 6907 0
6907 3036 1
6907 3565 1
5885 1383 0
5885 287 0
5885 4465 0
5885 4546 0
5885 8674 0
5885 676 1
5885 729 0
5885 3036 1
5885 3141 0
5885 15677 0
5885 5469 0
5885 19879 0
5885 5885 0
5885 8024 0
5885 5981 0
5885 3986 0
6915 1170 0
6915 3986 0
6915 2338 0
6915 2340 0
6915 3565 1
6915 2989 0
6915 827 0
6915 1864 0
6915 3036 1
6915 5487 0
6915 4339 0
6915 5247 0
13061 1383 0
13061 238 0
13061 4547 0
13061 827 0
13061 4956 0
13061 9055 0
13061 5044 1
13061 1022 0
13061 13061 0
13061 3141 0
13061 1259 0
13061 3336 0
13061 5469 0
13061 1384 0
13061 19879 0
13061 3514 0
13061 3802 0
13061 5981 0
13061 15677 0
13061 1927 0
13061 8112 0
861 241 0
861 4371 0
861 4465 0
861 2483 1
861 4547 0
861 561 0
861 676 1
861 827 0
861 4956 0
861 861 0
861 865 0
861 866 0
861 4997 0
861 5044 1
861 5046 0
861 3043 0
861 1022 0
861 3141 0
861 1259 0
861 3336 0
861 3354 0
861 5432 0
861 5469 0
861 1383 0
861 1384 0
861 19879 0
861 3514 0
861 3802 0
861 8024 0
861 1927 0
861 3986 0
861 6078 0
3336 5247 0
3336 729 0
3336 4339 0
3336 3336 0
3336 2338 0
3336 7986 0
3336 827 0
3336 3986 0
3336 5469 0
3336 5026 0
3336 2997 0
3336 4536 0
3336 4547 0
3336 3533 0
3336 3036 1
3336 509 1
4371 18227 0
4371 1259 0
4371 4339 0
4371 4371 0
4371 3354 0
4371 5432 0
4371 827 0
4371 3043 0
4371 865 0
4371 3986 0
4371 2458 0
4371 1957 0
4371 5981 0
4371 19879 0
4373 237 1
4373 238 1
2327 3141 0
2327 676 1
2327 3802 0
2327 2327 0
2327 3886 0
2327 4547 0
2327 509 1
3354 287 0
3354 2338 0
3354 301 0
3354 561 0
3354 729 0
3354 4956 0
3354 869 0
3354 892 0
3354 13200 0
3354 2989 0
3354 3043 0
3354 3141 0
3354 1170 0
3354 1259 0
3354 3354 0
3354 1383 0
3354 1384 0
3354 7633 0
3354 5432 0
3354 5981 0
3354 1927 0
3354 1957 0
10523 2962 0
10523 10523 0
10523 2338 0
10523 5419 0
10523 509 1
10523 5247 0
3802 237 0
3802 241 0
3802 2338 0
3802 4846 0
3802 2458 0
3802 4546 0
3802 4916 0
3802 827 0
3802 4956 0
3802 869 0
3802 5005 0
3802 5026 0
3802 5044 1
3802 2997 0
3802 1007 0
3802 3141 0
3802 5432 0
3802 1383 0
3802 1384 0
3802 5487 0
3802 5501 0
3802 19879 0
3802 3533 0
3802 7633 0
3802 3802 0
3802 7986 0
3802 5981 0
3802 3986 0
3802 1943 0
3802 1957 0
3802 8112 0
3802 6065 0
3802 6078 0
287 287 0
287 676 1
287 827 0
287 864 0
287 866 0
287 1259 0
287 1864 0
287 2338 0
287 2340 0
287 2854 0
287 2989 0
287 3043 0
287 19879 0
287 1957 0
287 4465 0
287 4536 0
287 4553 0
287 4916 0
287 4997 0
287 13200 0
287 5044 1
287 5046 0
287 9055 0
287 5247 0
287 5487 0
287 6078 0
287 15677 0
2338 237 0
2338 238 0
2338 4339 0
2338 2338 0
2338 4465 0
2338 509 1
2338 729 0
2338 2962 0
2338 2989 0
2338 5044 1
2338 2997 0
2338 3036 1
2338 1022 0
2338 5981 0
2338 5247 0
2338 1170 0
2338 5419 0
2338 5432 0
2338 5469 0
2338 1383 0
2338 1384 0
2338 4547 0
2338 19879 0
2338 5785 0
2338 1718 0
2338 2340 0
2338 988 0
2338 5947 0
2338 8024 0
2338 7633 0
2338 6065 0
2338 8070 1
2338 1927 0
2338 3986 0
2338 1943 0
2338 6062 0
2340 2340 0
2340 2989 0
2340 3036 1
2340 5469 0
2340 509 1
2854 1943 0
2854 2483 1
561 301 0
561 4465 0
561 2458 0
561 4547 0
561 561 0
561 827 0
561 4956 0
561 864 0
561 866 0
561 869 0
561 892 0
561 3036 1
561 3043 0
561 865 0
561 1259 0
561 5432 0
561 5501 0
561 19879 0
561 3514 0
561 5981 0
561 1927 0
561 8112 0
5928 1943 0
5928 676 1
5928 5928 0
5928 3036 1
988 5247 0
988 1170 0
988 1927 0
988 5981 0
988 1383 0
988 1943 0
988 6065 0
988 2997 0
988 509 1
988 4547 0
988 988 0
988 1022 0
5419 5247 0
5419 1170 0
5419 1718 0
5419 729 0
5419 1259 0
5419 4339 0
5419 5419 0
5419 5469 0
5419 3986 0
5419 509 1
301 5469 0
301 676 1
301 1259 0
301 301 0
301 4916 0
301 827 0
301 5432 0
301 865 0
301 866 0
301 869 0
301 892 0
301 1927 0
301 5981 0
301 6078 0
301 4547 0
301 8674 0
301 3043 0
3886 5981 0
3886 1383 0
3886 237 0
3886 241 0
3886 3886 0
3886 5469 0
3886 3036 1
3886 1022 0
7986 2483 1
7986 4547 0
7986 4956 0
7986 4997 0
7986 5044 1
7986 1022 0
7986 19879 0
7986 8024 0
7986 1927 0
18227 676 1
18227 4846 0
18227 15677 0
4916 1383 0
4916 2458 0
4916 4553 0
4916 676 1
4916 4846 0
4916 4916 0
4916 827 0
4916 4956 0
4916 5005 0
4916 5044 1
4916 1384 0
4916 5501 0
4916 8024 0
4916 5981 0
5432 4536 0
5432 4546 0
5432 4547 0
5432 827 0
5432 892 0
5432 2962 0
5432 5247 0
5432 1170 0
5432 1259 0
5432 5432 0
5432 5469 0
5432 1383 0
5432 1384 0
5432 5785 0
5432 3043 0
5432 5981 0
5432 1943 0
5432 6078 0
827 4465 0
827 4553 0
827 7633 0
827 827 0
827 4956 0
827 866 0
827 2997 0
827 3043 0
827 5469 0
827 1383 0
827 19879 0
827 3514 0
827 1718 0
827 5981 0
827 1927 0
827 3986 0
827 1943 0
827 8112 0
827 6065 0
15677 237 0
15677 1943 0
15677 3986 0
15677 2997 0
15677 6078 0
15677 1957 0
1864 2989 0
1864 1864 0
1864 3036 1
1864 8674 0
1864 509 1
2891 2891 0
2891 509 1
2483 13200 1
2483 2483 2
2483 9055 1
8024 5469 0
8024 1384 0
8024 5487 0
8024 5501 0
8024 3986 0
8024 5044 1
8024 1007 0
4956 1383 0
4956 241 0
4956 4465 0
4956 4547 0
4956 676 1
4956 4956 0
4956 864 0
4956 866 0
4956 1022 0
4956 1384 0
4956 19879 0
4956 13220 0
4956 5981 0
4956 1927 0
4956 3986 0
4956 1943 0
5469 241 0
5469 4339 0
5469 4524 0
5469 4536 0
5469 4546 0
5469 509 1
5469 1927 0
5469 729 0
5469 864 0
5469 865 0
5469 866 0
5469 869 0
5469 2962 0
5469 5026 0
5469 3036 1
5469 1022 0
5469 5981 0
5469 5247 0
5469 1170 0
5469 1259 0
5469 5469 0
5469 5487 0
5469 3514 0
5469 5785 0
5469 1718 0
5469 5947 0
5469 7633 0
5469 3986 0
5469 1943 0
9055 8112 0
9055 4846 0
9055 1384 0
9055 5044 1
864 1259 0
864 864 0
864 866 0
864 3986 0
864 3043 0
865 866 0
865 1259 0
865 3043 0
865 865 0
865 3986 0
865 19879 0
866 866 0
866 869 0
866 5487 0
866 3043 0
5947 2989 0
5947 4339 0
5947 3036 1
869 869 0
869 1384 0
869 3043 0
1383 241 0
1383 4465 0
1383 4546 0
1383 5005 0
1383 2962 0
1383 5026 0
1383 5044 1
1383 2997 0
1383 3141 0
1383 1170 0
1383 1384 0
1383 5487 0
1383 5501 0
1383 19879 0
1383 3533 0
1383 3986 0
1383 1943 0
1383 6065 0
1383 6078 0
1384 241 0
1384 4546 0
1384 4547 0
1384 5005 0
1384 2962 0
1384 5026 0
1384 5044 1
1384 4536 0
1384 3141 0
1384 5247 0
1384 1170 0
1384 1259 0
1384 1384 0
1384 5501 0
1384 19879 0
1384 3533 0
1384 2997 0
1384 3986 0
1384 1943 0
1384 6065 0
1384 6078 0
1170 4524 0
1170 509 1
1170 729 0
1170 2962 0
1170 2989 0
1170 5044 1
1170 5247 0
1170 7633 0
1170 5785 0
1170 1718 0
1170 5981 0
1170 1927 0
1170 3986 0
1170 6062 0
1170 8112 0
5487 4997 0
5487 5487 0
5487 7633 0
5487 3986 0
5487 1007 0
4465 19879 0
4465 1927 0
4465 4524 0
4465 3514 0
4465 3036 1
4465 1022 0
892 892 0
892 4524 0
892 4553 0
892 3043 0
5501 3141 0
5501 676 1
5501 241 0
5501 5005 0
5501 3986 0
5501 2458 0
5501 6065 0
5501 2997 0
5501 5044 1
5501 3533 0
5501 19879 0
1259 4524 0
1259 729 0
1259 1718 0
1259 3986 0
1259 8112 0
1259 6078 0
4997 5005 0
4997 5044 1
4997 5046 0
4997 19879 0
8070 8070 2
8070 1927 1
8070 4339 1
8070 1718 1
1927 4339 0
1927 4524 0
1927 4553 0
1927 13220 0
1927 2997 0
1927 1022 0
1927 3043 0
1927 19879 0
1927 3986 0
1927 1943 0
1927 6065 0
1927 6078 0
729 5247 0
729 1718 0
729 729 0
729 4339 0
729 915 0
729 3986 0
729 2962 0
729 5981 0
729 2989 0
729 6062 0
729 5044 1
729 2997 0
729 509 1
5247 19879 0
5247 3036 1
5247 1718 0
5247 4339 0
5247 3986 0
5247 4547 0
5247 2962 0
5247 2989 0
5247 5044 1
5247 4536 0
5247 4553 0
5247 3533 0
5247 3565 1
5247 509 1
5247 1022 0
5005 19879 0
5005 237 0
5005 241 0
5005 5005 0
5005 3141 0
5005 5044 1
5005 5046 0
5005 3533 0
1718 5981 0
1718 3141 0
1718 1718 0
1718 4339 0
1718 4524 0
1718 2989 0
1718 6062 0
1718 3036 1
1718 1022 0
13200 241 0
13200 4339 0
13200 5981 0
13200 13200 0
13200 3986 0
13200 8112 0
13200 5046 0
2962 237 0
2962 238 0
2962 4339 0
2962 5981 0
2962 3986 0
2962 6065 0
2962 5044 1
2962 2997 0
915 3141 0
915 4547 0
915 4846 0
915 8674 0
915 5981 0
915 915 0
915 4524 0
915 4536 0
915 4546 0
915 509 1
4846 676 1
4846 8674 0
4846 3036 1
5785 676 1
2458 19879 0
2458 4547 0
2458 5981 0
2458 238 0
2458 2458 0
2458 676 1
3986 237 0
3986 238 0
3986 509 1
3986 676 1
3986 1022 0
3986 2989 0
3986 3141 0
3986 19879 0
3986 13220 0
3986 3986 0
3986 4339 0
3986 4547 0
3986 5981 0
3986 8112 0
3141 5981 0
3141 3141 0
3141 19879 0
3141 241 0
3141 1943 0
3141 8112 0
3141 6065 0
3141 5044 1
3141 2997 0
3141 3533 0
3141 3036 1
5026 237 0
5026 19879 0
5026 5044 1
5026 4536 0
5026 4546 0
5026 8674 0
13220 13220 0
13220 676 1
13220 1022 0
1957 1957 0
1957 4524 0
1957 4553 0
1957 3043 0
5981 509 1
5981 1943 0
5981 2989 0
5981 2997 0
5981 3043 0
5981 19879 0
5981 3514 0
5981 4339 0
5981 5981 0
5981 6065 0
5981 6078 0
5981 8112 0
241 1943 0
241 19879 0
241 4524 0
241 6065 0
241 5044 1
241 2997 0
241 4536 0
241 4546 0
241 3533 0
241 7633 0
4524 4339 0
4524 4524 0
4524 676 1
4524 5044 1
4524 2997 0
4524 1022 0
2989 19879 0
2989 2989 0
2989 4536 0
2989 4546 0
2989 4553 0
2989 3036 1
2989 509 1
6062 4339 0
6062 3036 1
6062 3043 0
6062 509 1
8112 237 0
8112 238 0
8112 676 1
8112 5044 1
8112 1022 0
8112 19879 0
8112 8112 0
6065 4547 0
6065 5044 1
6065 2997 0
6065 5046 0
6065 1022 0
6065 19879 0
6065 6065 0
4339 7633 0
4339 3036 1
4339 19879 0
4339 509 1
5044 19879 1
5044 237 1
5044 6078 1
5044 1943 1
5044 5044 2
5044 2997 1
5044 5046 1
5044 3533 1
2997 237 0
2997 4547 0
2997 5046 0
2997 1022 0
2997 19879 0
2997 2997 0
2997 1943 0
5046 237 0
5046 1943 0
5046 19879 0
4536 4547 0
4536 19879 0
4536 4536 0
4536 6078 0
4536 4546 0
4536 8674 0
3514 19879 0
3514 3514 0
6078 4546 0
6078 8674 0
6078 3036 1
6078 1943 0
6078 6078 0
4546 19879 0
4546 4546 0
4547 1943 0
4547 4547 0
4547 7633 0
4547 3043 0
4547 1007 0
4553 4553 0
4553 676 1
4553 509 1
3533 19879 0
3533 3533 0
7633 237 0
7633 238 0
7633 1007 0
7633 7633 0
7633 3565 1
237 237 0
237 238 0
237 1943 0
237 19879 0
676 676 2
676 19879 1
676 8674 1
676 3043 1
3036 3036 2
3036 3565 2
3036 509 2
8674 1943 0
8674 8674 0
8674 509 1
3043 3043 0
3043 1943 0
19879 1007 0
19879 1022 0
19879 19879 0
19879 1943 0
1007 1007 0
1943 1022 0
1943 1943 0
509 509 2
509 1022 1
1022 1022 0
