3205 3009 1
3205 2703 0
3205 2722 0
3205 53 0
3205 4344 1
5254 6165 0
5254 15178 1
5254 5254 0
5254 7317 0
5254 5523 1
5254 15847 0
5254 3782 0
2703 6160 0
2703 6165 0
2703 53 0
2703 2703 0
2703 2722 0
2703 8881 0
2703 4859 0
2703 3009 1
2703 4344 1
2703 1620 0
2703 15996 0
6160 6165 0
6160 6160 0
6160 4536 0
6160 4555 0
6160 2722 0
6160 729 0
6160 955 1
6160 3009 1
6160 7317 0
6160 1620 0
6160 16034 0
6160 2714 0
1816 4681 0
1816 1620 0
1816 729 0
1816 1816 0
1816 5523 1
1816 4536 0
1816 3009 1
1816 5586 0
5523 16555 1
5523 8258 1
5523 4681 1
5523 1620 1
5523 4555 1
5523 15293 1
5523 15996 1
5523 1687 1
5523 2714 1
5523 1180 1
5523 1197 1
5523 687 1
5523 8881 1
5523 3782 1
5523 8391 1
5523 729 1
5523 4859 1
5523 7999 1
5523 1894 1
5523 5523 2
5523 18346 1
5523 4536 1
5523 4537 1
5523 2722 1
5523 5586 1
5523 15847 1
6165 8881 0
6165 53 0
6165 6165 0
6165 4536 0
6165 4537 0
6165 4555 0
6165 2714 0
6165 2722 0
6165 729 0
6165 955 1
6165 3009 1
6165 9133 1
6165 1620 0
6165 16034 0
1687 53 0
1687 4344 1
1687 4536 0
1687 4555 0
1687 4859 0
1687 1197 0
1687 15996 0
1687 1687 0
1687 1894 0
664 9133 1
664 3155 1
2714 2714 0
2714 4344 1
2714 4536 0
2714 4537 0
2714 2722 0
2714 8881 0
2714 1180 0
2714 1620 0
1180 1180 0
1180 1197 0
1180 806 1
20381 20381 2
20381 687 1
20381 7999 1
20381 4555 1
11294 9133 1
11294 3009 1
11294 11294 0
11294 3178 0
11294 18299 0
11294 18346 0
2849 3155 1
2849 1620 0
2849 2849 0
2849 806 1
2722 53 0
2722 8391 0
2722 4537 0
2722 4681 0
2722 2722 0
2722 4859 0
2722 3009 1
2722 1620 0
6355 16034 1
6355 15293 1
6355 13139 1
6355 16616 1
806 806 2
18346 18299 0
18346 9133 1
18346 18346 0
16555 3009 1
1197 1620 0
1197 1197 0
1197 8881 0
1197 4344 1
1197 4859 0
1197 729 0
1197 4537 0
1197 4555 0
687 3134 0
687 729 0
687 1894 0
8881 8881 0
8881 53 0
8881 4536 0
8881 3009 1
8881 3155 1
8881 8391 0
8881 3782 0
53 53 0
53 8391 0
53 16616 0
53 4344 1
53 4536 0
53 729 0
53 3009 1
4536 1620 0
4536 8391 0
4536 4536 0
4536 3009 1
4537 1620 0
4537 8391 0
4537 4537 0
4537 3009 1
955 16034 1
955 8258 1
955 3782 1
955 13139 1
955 7317 1
15293 16034 0
15293 13139 0
3134 3134 0
3134 3009 1
3134 4344 1
7999 3782 0
7999 7999 0
3009 4681 1
3009 1620 1
3009 3178 1
3009 8391 1
3009 1894 1
3009 18299 1
3009 3009 2
3009 5586 1
3009 15847 1
4555 1620 0
4555 729 0
4555 4555 0
3782 4859 0
3782 7317 0
8391 8391 0
4681 4681 0
4681 1620 0
4681 729 0
4681 4859 0
4681 5586 0
16034 16034 0
16034 4859 0
5586 1620 0
5586 729 0
5586 5586 0
3155 7317 1
3155 1620 1
3155 729 1
3155 3178 1
3155 15996 1
1620 729 0
1620 1894 0
1620 7317 0
1620 1620 0
729 729 0
4859 4344 1
4859 4859 0
1894 16616 0
1894 1894 0
16616 3178 0
16616 16616 0
16616 4344 1
16616 13139 0
9133 3178 1
9133 18299 1
3178 7317 0
3178 15996 0
4344 4344 2
18299 18299 0
15996 15996 0
