7812 7724 1
7812 4416 0
7812 3986 0
7812 8160 1
5254 14870 1
5254 5254 0
5254 3986 0
5254 8160 1
4859 14 1
4859 4416 0
4859 4420 0
4859 6792 0
4859 4859 0
4859 5243 0
4859 1221 0
4859 1223 0
4859 3986 0
4859 8160 1
6792 14 1
6792 4416 0
6792 4420 0
6792 6792 0
6792 5243 0
6792 8160 1
14 1221 1
14 1223 1
14 5476 1
20368 5972 2
3986 590 0
3986 1221 0
3986 1223 0
3986 2136 0
3986 2411 0
3986 3986 0
3986 5243 0
3986 14870 1
3986 7605 0
3986 8160 1
8467 2327 0
8467 14870 1
8467 1221 0
8467 8467 0
8467 8160 1
14870 5243 1
14870 4606 2
2327 590 0
2327 7321 1
2327 2327 0
2327 8160 1
7321 4416 1
7321 4420 1
7321 1221 1
7321 1223 1
7321 2411 1
18332 2136 0
18332 2210 0
18332 4606 1
18332 590 0
18332 5243 0
18332 8160 1
2210 2210 0
2210 339 1
2210 2101 1
5380 5243 0
5380 4333 0
5380 5380 0
5380 5428 1
5380 4606 1
5428 5428 2
5428 7605 1
5428 4579 1
7605 7605 0
7605 8160 1
7605 4579 0
2101 339 2
2101 2136 1
4416 4416 0
4416 4420 0
4416 2411 0
4416 8160 1
4420 2411 0
4420 8160 1
1221 2411 0
1221 4579 0
1221 1221 0
1221 1223 0
3402 3402 2
590 590 0
590 5243 0
590 8160 1
590 4606 1
339 339 2
339 4579 1
339 4333 1
2136 4606 1
8160 5243 1
8160 8160 2
3681 5476 1
5476 5476 0
2411 2411 0
2411 4606 1
4333 4606 1
4606 4606 2
