6147 6147 0
6147 8256 0
6147 4409 0
6147 4410 0
6147 4425 1
6147 338 0
6147 6561 0
6147 4524 0
6147 659 0
6147 2718 0
6147 2722 0
6147 14072 0
6147 8968 0
6147 1221 0
6147 1259 0
6147 5422 0
6147 1388 0
6147 19829 0
6147 3461 1
6147 937 0
6147 1546 0
6147 1620 0
6147 1653 0
6147 1741 0
6147 5855 0
6147 3885 0
6147 8025 0
6147 5994 0
6147 3986 0
6147 6081 0
1546 1546 0
1546 1653 0
1546 7301 0
1546 1221 0
1546 13512 1
1546 5855 0
1546 1259 0
1546 5882 0
1546 338 0
1546 3461 1
1546 3986 0
8211 8211 0
8211 2111 1
8211 1620 0
8211 1687 0
8211 2718 0
8211 13512 1
8211 5855 0
8211 2338 0
8211 301 0
8211 3986 0
5980 561 0
5980 1620 0
5980 2712 0
5980 5855 0
5980 5882 0
5980 1809 0
5980 13512 1
5980 2338 0
5980 3885 0
5980 338 0
5980 3461 1
5980 3986 0
5980 937 0
5980 3043 0
20526 8968 0
20526 3467 1
20526 1687 0
20526 2718 0
20526 5855 0
20526 2044 1
561 301 0
561 4409 0
561 4410 0
561 389 0
561 6561 0
561 2500 0
561 2501 0
561 4550 0
561 4551 0
561 531 1
561 561 0
561 2712 0
561 2718 0
561 6828 0
561 4956 0
561 4957 0
561 4958 0
561 5051 0
561 3043 0
561 7301 0
561 1160 0
561 1221 0
561 1259 0
561 3354 0
561 5432 0
561 1388 0
561 3461 1
561 937 0
561 1680 0
561 1687 0
561 1741 0
561 5855 0
561 1809 0
561 16160 0
561 5994 0
21554 4425 1
21554 1285 1
7231 2722 1
7231 9009 1
7231 2718 1
7231 1221 1
7231 2721 1
7231 338 1
7231 1620 1
7231 14072 1
8256 3461 1
8256 3354 0
8256 4524 0
8256 1221 0
8256 13512 1
8256 5855 0
8256 760 0
3141 3141 0
3141 1620 0
3141 1653 0
3141 1680 0
3141 2712 0
3141 2718 0
3141 2722 0
3141 5855 0
3141 3354 0
3141 5427 1
3141 8507 0
3141 338 0
3141 5994 0
3141 3986 0
3141 5490 1
3141 6561 0
3141 6081 0
3141 16073 0
18513 17731 1
18513 685 1
18513 7473 1
18513 13667 1
18513 16604 1
1620 2338 0
1620 338 0
1620 4524 0
1620 4550 0
1620 4555 0
1620 531 1
1620 2703 0
1620 2708 0
1620 2712 0
1620 2718 0
1620 2722 0
1620 685 0
1620 14072 0
1620 4956 0
1620 4957 0
1620 4958 0
1620 9009 0
1620 1221 0
1620 1259 0
1620 5432 0
1620 4551 0
1620 1620 0
1620 1741 0
1620 5855 0
1620 5882 0
1620 301 0
1620 3986 0
2133 6828 1
2133 1687 1
2133 4524 1
2133 5432 1
2133 2501 1
2133 4550 1
2133 4551 1
2133 16357 2
2133 2044 2
531 531 2
531 2718 1
531 7851 1
531 8886 1
531 1808 1
531 1809 1
531 4956 1
531 4957 1
531 4958 1
531 5994 1
531 389 1
531 937 1
531 5051 1
531 5855 1
1653 389 0
1653 685 0
1653 1160 0
1653 1221 0
1653 1259 0
1653 16604 0
1653 1388 0
1653 1653 0
1653 1809 0
1653 2044 1
1653 2338 0
1653 2501 0
1653 5882 0
1653 2722 0
1653 3880 0
1653 3986 0
1653 4409 0
1653 4956 0
1653 4957 0
1653 4958 0
1653 13512 1
1653 5855 0
1653 6403 0
1653 6561 0
1653 7165 0
1653 7301 0
1653 7851 0
2684 1680 1
2684 5432 1
2684 2044 2
2684 5434 1
7301 13512 1
7301 7301 0
7301 1388 0
7301 7851 0
7301 6828 0
7301 8886 0
7301 1221 0
7301 5329 0
7301 6403 0
7301 4988 0
7301 3986 0
7301 16357 1
1160 301 0
1160 2500 0
1160 2501 0
1160 4550 0
1160 4551 0
1160 6828 0
1160 16160 0
1160 8968 0
1160 4957 0
1160 3043 0
1160 1160 0
1160 1221 0
1160 1259 0
1160 3354 0
1160 5427 1
1160 5434 0
1160 4409 0
1160 1388 0
1160 1687 0
1160 1741 0
1160 5855 0
1160 3880 0
1160 5432 0
1160 5994 0
1160 2044 1
2703 301 0
2703 338 0
2703 2500 0
2703 2703 0
2703 2712 0
2703 2718 0
2703 2721 0
2703 2722 0
2703 13200 0
2703 13512 1
2703 5427 1
2703 3461 1
2703 7851 0
2703 5855 0
2703 5882 0
2703 1808 0
2703 3885 0
2703 3986 0
1680 2338 0
1680 8507 0
1680 2500 0
1680 2501 0
1680 2712 0
1680 2718 0
1680 2722 0
1680 7165 0
1680 13512 1
1680 14072 0
1680 3986 0
1680 6081 0
659 659 0
659 2712 0
659 13512 1
659 5855 0
659 5882 0
659 2338 0
659 3885 0
659 3461 1
659 3986 0
659 4524 0
659 4550 0
659 4551 0
659 760 0
2708 2500 0
2708 2501 0
2708 2712 0
2708 2718 0
2708 2722 0
2708 8968 0
2708 1221 0
2708 13512 1
2708 3354 0
2708 5432 0
2708 3467 1
2708 1741 0
2708 5855 0
2708 14072 0
2708 5882 0
2708 1808 0
2708 3986 0
1687 2338 0
1687 301 0
1687 389 0
1687 2500 0
1687 4550 0
1687 4555 0
1687 2721 0
1687 8968 0
1687 3043 0
1687 7165 0
1687 5329 0
1687 1259 0
1687 3354 0
1687 5427 1
1687 5432 0
1687 5434 0
1687 5490 1
1687 1687 0
1687 1741 0
1687 5855 0
1687 5882 0
1687 4409 0
1687 5994 0
1687 16160 0
1687 16357 1
2712 7851 0
2712 8886 0
2712 2338 0
2712 338 0
2712 389 0
2712 2500 0
2712 2501 0
2712 4555 0
2712 2712 0
2712 2718 0
2712 2721 0
2712 2722 0
2712 8968 0
2712 4956 0
2712 4958 0
2712 13200 0
2712 3043 0
2712 4957 0
2712 13512 1
2712 1259 0
2712 3354 0
2712 1314 0
2712 5432 0
2712 3461 1
2712 3467 1
2712 1741 0
2712 5855 0
2712 14072 0
2712 5882 0
2712 1808 0
2712 3885 0
2712 20361 0
2712 3986 0
2712 6081 0
1306 1285 1
1306 4425 1
1306 1306 0
2718 2338 0
2718 301 0
2718 4524 0
2718 2500 0
2718 4550 0
2718 2718 0
2718 2501 0
2718 2722 0
2718 685 0
2718 8968 0
2718 9009 0
2718 4988 0
2718 937 0
2718 3043 0
2718 1221 0
2718 5432 0
2718 3461 1
2718 1741 0
2718 5855 0
2718 14072 0
2718 5882 0
2718 1808 0
2718 3880 0
2718 3885 0
2718 3986 0
2718 6081 0
2718 7165 0
2721 3461 1
2721 1808 0
2721 2721 0
2721 2722 0
2721 301 0
2721 9009 0
2721 1221 0
2721 14072 0
2721 1741 0
2721 5855 0
2722 2338 0
2722 301 0
2722 338 0
2722 4524 0
2722 2500 0
2722 2501 0
2722 2722 0
2722 8968 0
2722 9009 0
2722 4988 0
2722 5051 0
2722 3043 0
2722 1221 0
2722 1259 0
2722 1322 1
2722 5432 0
2722 1388 0
2722 3461 1
2722 937 0
2722 7851 0
2722 1741 0
2722 5855 0
2722 14072 0
2722 5882 0
2722 3885 0
2722 3986 0
2722 6081 0
7851 1388 0
7851 2338 0
7851 8886 0
7851 13512 1
7851 5329 0
7851 7851 0
7851 1741 0
7851 14072 0
7851 6403 0
7851 3986 0
7851 6081 0
7851 2044 1
6828 5994 0
6828 6828 0
6828 1221 0
6828 1741 0
6828 301 0
6828 5422 0
6828 5434 0
6828 5855 0
6828 4988 0
6828 3043 0
6828 2044 1
685 1221 0
685 13512 1
685 760 0
685 4956 0
685 4957 0
685 4958 0
685 3986 0
685 4551 0
8886 1388 0
8886 338 0
8886 4956 0
8886 4957 0
8886 4958 0
8886 1221 0
8886 13512 1
8886 5329 0
8886 6403 0
8886 3354 0
8886 5855 0
8886 3986 0
9408 4425 1
9408 1285 1
1221 4409 0
1221 338 0
1221 2500 0
1221 2501 0
1221 4550 0
1221 9009 0
1221 937 0
1221 3043 0
1221 13512 1
1221 1221 0
1221 1259 0
1221 5432 0
1221 1741 0
1221 5855 0
1221 8507 0
1221 3986 0
13512 6403 1
13512 19829 1
13512 16073 1
13512 5855 1
13512 760 1
13512 13512 2
13512 4409 1
13512 4410 1
13512 13667 1
13512 1388 1
13512 4988 1
13512 8507 1
13512 389 1
13512 17731 1
13512 2470 1
13512 4555 1
13512 7165 1
13512 6653 1
16073 3461 1
16073 2470 0
16073 6081 0
16073 14072 0
2338 6403 0
2338 2338 0
2338 4409 0
2338 4550 0
2338 14072 0
2338 4988 0
2338 5051 0
2338 3354 0
2338 5432 0
2338 1388 0
2338 19829 0
2338 3461 1
2338 6653 0
2338 1741 0
2338 16160 0
2338 5994 0
2338 3986 0
2338 6081 0
2338 2044 1
1741 158 1
1741 301 0
1741 4409 0
1741 6561 0
1741 4524 0
1741 2500 0
1741 2501 0
1741 4550 0
1741 4551 0
1741 4555 0
1741 8968 0
1741 3043 0
1741 1259 0
1741 3354 0
1741 5432 0
1741 5434 0
1741 1388 0
1741 3461 1
1741 3467 1
1741 1741 0
1741 5855 0
1741 8025 0
1741 4410 0
1741 8507 0
1741 5994 0
5329 158 1
5329 6403 0
5329 3354 0
5329 5855 0
5329 1388 0
5329 3467 1
5329 3986 0
5329 2501 0
16604 3467 1
5855 7165 0
5855 301 0
5855 389 0
5855 4524 0
5855 2500 0
5855 2501 0
5855 4551 0
5855 4555 0
5855 4550 0
5855 14072 0
5855 760 0
5855 4956 0
5855 937 0
5855 5051 0
5855 8968 0
5855 4957 0
5855 4988 0
5855 3354 0
5855 5432 0
5855 5434 0
5855 19829 0
5855 3461 1
5855 3467 1
5855 5855 0
5855 1808 0
5855 5994 0
5855 6081 0
1259 301 0
1259 4524 0
1259 2500 0
1259 4555 0
1259 7165 0
1259 3354 0
1259 5422 0
1259 5432 0
1259 1388 0
1259 3467 1
1259 5882 0
1259 1808 0
1259 3986 0
1259 2044 1
3880 1285 1
3880 3354 0
3880 1314 0
3880 3880 0
3880 1322 1
14072 5882 0
14072 3885 0
14072 5432 0
14072 3461 1
14072 3986 0
14072 5051 0
5882 6561 0
5882 4555 0
5882 9009 0
5882 3043 0
5882 5427 1
5882 13667 0
5882 3461 1
5882 5882 0
768 5427 1
768 5490 1
6403 6403 0
6403 1388 0
6403 3986 0
6403 2044 1
1285 20361 1
1285 1294 1
1285 1295 1
1285 13200 1
1285 1314 1
1285 1322 2
1285 5422 1
1285 5434 1
1285 4425 2
8968 16160 0
8968 5432 0
8968 4410 0
8968 3986 0
8968 5490 1
8968 3467 1
8968 2500 0
8968 2501 0
1294 1295 0
1294 1301 0
1294 1322 1
1295 1301 0
1295 1322 1
1295 4425 1
1808 1809 0
1808 4425 1
1808 4956 0
1808 4957 0
1808 4958 0
1809 389 0
1809 3467 1
1809 937 0
1809 3986 0
1301 1322 1
1301 4425 1
3354 301 0
3354 2500 0
3354 4550 0
3354 4555 0
3354 4956 0
3354 13200 0
3354 3043 0
3354 7165 0
3354 3354 0
3354 5427 1
3354 5490 1
3354 19829 0
3354 3467 1
3354 6081 0
3354 5432 0
389 5432 0
389 4409 0
389 4956 0
389 4957 0
389 389 0
389 937 0
389 2500 0
16160 4409 0
16160 5994 0
16160 3461 1
16160 3467 1
16160 13200 0
16160 2500 0
1314 1314 0
1314 4524 0
1314 5432 0
1314 5434 0
1314 4425 1
9009 301 0
9009 9009 0
9009 5994 0
9009 4988 0
9009 3461 1
9009 3986 0
1320 1321 1
1320 2044 2
1321 1321 0
1321 2044 1
1322 4524 1
1322 5432 1
1322 5434 1
1322 4425 2
3885 3885 0
3885 5432 0
3885 1388 0
3885 4988 0
3885 3467 1
3885 2470 0
3885 937 0
3885 5051 0
3885 2044 1
3885 7165 0
5422 2500 0
5422 2501 0
5422 5422 0
5422 2044 1
7473 5583 1
5427 4524 1
5427 5427 2
5427 5432 1
5427 8025 1
5427 5994 1
5427 2044 2
5427 7165 1
5432 19829 0
5432 301 0
5432 2500 0
5432 2501 0
5432 4550 0
5432 4555 0
5432 4551 0
5432 7165 0
5432 5432 0
5432 5434 0
5432 5490 1
5432 3043 0
5432 6081 0
5432 2044 1
4409 4409 0
4409 4410 0
4409 4551 0
4409 4550 0
4409 4956 0
4409 1388 0
4409 3467 1
4409 3986 0
5434 5994 0
5434 2500 0
5434 2501 0
5434 4550 0
5434 4551 0
8507 5994 0
8507 1388 0
8507 338 0
8507 4988 0
8507 3461 1
8507 5051 0
4425 20361 1
4425 3986 1
338 338 0
338 2501 0
338 4550 0
338 4551 0
338 760 0
338 4956 0
338 4988 0
338 3461 1
338 6081 0
301 158 1
301 301 0
301 5994 0
301 5490 1
301 6561 0
301 2500 0
301 4550 0
301 4555 0
301 3043 0
301 4551 0
301 2044 1
8025 8025 0
8025 3467 1
8025 3986 0
4410 3467 1
4410 3986 0
4956 1388 0
4956 4956 0
4956 4957 0
4956 4958 0
4956 19829 0
4956 3467 1
4956 3986 0
4956 6081 0
4957 4524 0
4957 1388 0
4957 4958 0
4957 3467 1
4958 1388 0
4958 4958 0
4958 3467 1
13667 13667 0
5994 2500 0
5994 3043 0
5994 1388 0
5994 3461 1
5994 5994 0
5994 2044 1
1388 1388 0
1388 4988 0
1388 3043 0
1388 3461 1
1388 3986 0
5490 5490 2
19829 3467 1
19829 19829 0
4988 3461 1
4988 5051 0
3461 5051 1
3461 760 1
3461 3461 2
3461 13200 1
3461 3986 1
3461 2470 1
3461 6081 1
3461 4550 1
3461 4551 1
3461 4555 1
3461 3043 1
3467 3467 2
3467 937 1
3467 6081 1
3467 2500 1
3467 2501 1
3467 6653 1
13200 13200 0
13200 3986 0
3986 760 0
3986 2470 0
3986 2501 0
3986 3986 0
3986 4550 0
3986 4551 0
3986 6081 0
6561 2500 0
6561 158 1
6561 2501 0
6561 3043 0
6561 2044 1
937 4550 0
4524 4524 0
4524 2500 0
4524 7165 0
4524 6081 0
158 2044 2
5051 5051 0
6081 2500 0
6081 760 0
6081 3043 0
6081 6081 0
2500 2501 0
2500 4555 0
2500 6653 0
2500 760 0
2500 3043 0
2500 2500 0
2500 16357 1
2501 2501 0
2501 16357 1
4550 4550 0
4550 4551 0
4550 4555 0
4550 3043 0
4550 2044 1
4551 4555 0
4551 4551 0
4551 3043 0
4555 760 0
4555 4555 0
4555 3043 0
4555 6653 0
760 7165 0
3043 3043 0
3043 2044 1
7165 7165 0
